2501,'Semaine-0',557,,63492,9,,,2,69,,63491,9,,,1,30,,63489,9,,,1,70,,63490,9,,,2,31,,63493,9,,,1,69,,63488,9,,,2
2501,'Semaine-10',557,,71422,9,,,2,69,,71421,9,,,1,30,,71419,9,,,1,70,,71420,9,,,2,31,,71423,9,,,1,69,,71418,9,,,2
2501,'Semaine-11',557,,73953,9,,,2,69,,73952,9,,,1,30,,73950,9,,,1,70,,73951,9,,,2,31,,73954,9,,,1,69,,73949,9,,,2
32501,'Semaine-0',811,,65570,9,0,7 8,1,3,,65571,9,0,7 8,1
32501,'Semaine-10',811,,73500,9,0,7 8,1,3,,73501,9,0,7 8,1
32501,'Semaine-11',811,,76031,9,0,7 8,1,3,,76032,9,0,7 8,1
42500,'Semaine-0',659,,65817,9,0,9 14,1,42,,65818,9,0,9 14,2
42500,'Semaine-10',659,,73747,9,0,9 14,1,42,,73748,9,0,9 14,2
42500,'Semaine-11',659,,76278,9,0,9 14,1,42,,76279,9,0,9 14,2
72501,'Semaine-0',807,,65875,9,0,5 11,2
72501,'Semaine-10',807,,73805,9,0,5 11,2
72501,'Semaine-11',807,,76336,9,0,5 11,2
82501,'Semaine-0',740,,65964,9,0,9 12 13,1,1,,65965,9,0,9 12 13,1
82501,'Semaine-10',740,,73894,9,0,9 12 13,1,1,,73895,9,0,9 12 13,1
82501,'Semaine-11',740,,76426,9,0,9 12 13,1,1,,76427,9,0,9 12 13,1
