6801,'Semaine-0',611,,64923,5,,,1,20,,64936,5,,,1,18,,64907,5,,,1,59,,64920,5,,,1,6,,64934,5,,,1,7,,64914,5,,,1,6,,64919,5,,,1,22,,64925,5,,,1,58,,64937,5,,,1,20,,64913,5,,,1,20,,64932,5,,,1,59,,64930,5,,,1,20,,64935,5,,,1,28,,64908,5,,,1,72,,64928,5,,,1,30,,64909,5,,,1,70,,64911,5,,,1,30,,64931,5,,,1,70,,64915,5,,,1,30,,64933,5,,,1,70,,64927,5,,,1,30,,64916,5,,,1,70,,64926,5,,,1,29,,64917,5,,,1,74,,64912,5,,,1,71,,64910,5,,,1,26,,64924,5,,,1,30,,64918,5,,,1,70,,64929,5,,,1,30,,64922,5,,,1,70,,64921,5,,,1
6801,'Semaine-10',611,,72853,5,,,1,20,,72866,5,,,1,18,,72837,5,,,1,59,,72850,5,,,1,6,,72864,5,,,1,7,,72844,5,,,1,6,,72849,5,,,1,22,,72855,5,,,1,58,,72867,5,,,1,20,,72843,5,,,1,20,,72862,5,,,1,59,,72860,5,,,1,20,,72865,5,,,1,28,,72838,5,,,1,72,,72858,5,,,1,30,,72839,5,,,1,70,,72841,5,,,1,30,,72861,5,,,1,70,,72845,5,,,1,30,,72863,5,,,1,70,,72857,5,,,1,30,,72846,5,,,1,70,,72856,5,,,1,29,,72847,5,,,1,74,,72842,5,,,1,71,,72840,5,,,1,26,,72854,5,,,1,30,,72848,5,,,1,70,,72859,5,,,1,30,,72852,5,,,1,70,,72851,5,,,1
6801,'Semaine-11',611,,75384,5,,,1,20,,75397,5,,,1,18,,75368,5,,,1,59,,75381,5,,,1,6,,75395,5,,,1,7,,75375,5,,,1,6,,75380,5,,,1,22,,75386,5,,,1,58,,75398,5,,,1,20,,75374,5,,,1,20,,75393,5,,,1,59,,75391,5,,,1,20,,75396,5,,,1,28,,75369,5,,,1,72,,75389,5,,,1,30,,75370,5,,,1,70,,75372,5,,,1,30,,75392,5,,,1,70,,75376,5,,,1,30,,75394,5,,,1,70,,75388,5,,,1,30,,75377,5,,,1,70,,75387,5,,,1,29,,75378,5,,,1,74,,75373,5,,,1,71,,75371,5,,,1,26,,75385,5,,,1,30,,75379,5,,,1,70,,75390,5,,,1,30,,75383,5,,,1,70,,75382,5,,,1
9301,'Semaine-0',628,,65412,43,,,2,20,,65410,43,,,1,62,,65409,43,,,1,34,,65413,43,,,1,70,,65411,43,,,2
9301,'Semaine-10',628,,73342,43,,,2,20,,73340,43,,,1,62,,73339,43,,,1,34,,73343,43,,,1,70,,73341,43,,,2
9301,'Semaine-11',628,,75873,43,,,2,20,,75871,43,,,1,62,,75870,43,,,1,34,,75874,43,,,1,70,,75872,43,,,2
9501,'Semaine-0',621,,65429,56,,,1,15,,65425,56,,,1,13,,65427,56,,,1,59,,65432,56,,,1,17,,65428,56,,,2,16,,65430,56,,,2,14,,65431,56,,,2,56,,65426,56,,,2
9501,'Semaine-10',621,,73359,56,,,1,15,,73355,56,,,1,13,,73357,56,,,1,59,,73362,56,,,1,17,,73358,56,,,2,16,,73360,56,,,2,14,,73361,56,,,2,56,,73356,56,,,2
9501,'Semaine-11',621,,75890,56,,,1,15,,75886,56,,,1,13,,75888,56,,,1,59,,75893,56,,,1,17,,75889,56,,,2,16,,75891,56,,,2,14,,75892,56,,,2,56,,75887,56,,,2
20001,'Semaine-0',613,,65535,3,,,1,6,,65536,5,,,1,6,,65537,3,,,1,6,,65538,5,,,1,3,,65539,3,,,1,5,,65561,5,,,1,9,,65540,3,,,1,2,,65541,5,,,1,6,,65558,3,,,1,45,,65542,5,,,1,7,,65557,3,,,1,5,,65544,5,,,1,5,,65553,3,,,1,3,,65543,3,,,1,3,,65534,5,,,1,3,,65560,3,,,1,3,,65549,3,,,1,3,,65545,5,,,1,4,,65547,3,,,1,3,,65559,3,,,1,5,,65546,5,,,1,7,,65550,3,,,1,3,,65548,5,,,1,2,,65552,3,,,1,47,,65551,5,,,1,8,,65562,3,,,1,6,,65554,5,,,1,5,,65555,3,,,1,5,,65556,5,,,1,6,,65563,3,,,1
20001,'Semaine-10',613,,73465,3,,,1,6,,73466,5,,,1,6,,73467,3,,,1,6,,73468,5,,,1,3,,73469,3,,,1,5,,73491,5,,,1,9,,73470,3,,,1,2,,73471,5,,,1,6,,73488,3,,,1,45,,73472,5,,,1,7,,73487,3,,,1,5,,73474,5,,,1,5,,73483,3,,,1,3,,73473,3,,,1,3,,73464,5,,,1,3,,73490,3,,,1,3,,73479,3,,,1,3,,73475,5,,,1,4,,73477,3,,,1,3,,73489,3,,,1,5,,73476,5,,,1,7,,73480,3,,,1,3,,73478,5,,,1,2,,73482,3,,,1,47,,73481,5,,,1,8,,73492,3,,,1,6,,73484,5,,,1,5,,73485,3,,,1,5,,73486,5,,,1,6,,73493,3,,,1
20001,'Semaine-11',613,,75996,3,,,1,6,,75997,5,,,1,6,,75998,3,,,1,6,,75999,5,,,1,3,,76000,3,,,1,5,,76022,5,,,1,9,,76001,3,,,1,2,,76002,5,,,1,6,,76019,3,,,1,45,,76003,5,,,1,7,,76018,3,,,1,5,,76005,5,,,1,5,,76014,3,,,1,3,,76004,3,,,1,3,,75995,5,,,1,3,,76021,3,,,1,3,,76010,3,,,1,3,,76006,5,,,1,4,,76008,3,,,1,3,,76020,3,,,1,5,,76007,5,,,1,7,,76011,3,,,1,3,,76009,5,,,1,2,,76013,3,,,1,47,,76012,5,,,1,8,,76023,3,,,1,6,,76015,5,,,1,5,,76016,3,,,1,5,,76017,5,,,1,6,,76024,3,,,1
57601,'Semaine-0',716,,65856,22,0,5 6,1
57601,'Semaine-10',716,,73786,22,0,5 6,1
57601,'Semaine-11',716,,76317,22,0,5 6,1
80401,'Samedi-11',1306,,71384,4,,,1
80401,'Dimanche-11',1706,,68145,4,,,1
80401,'Semaine-11',1706,,76423,4,,,1
