3101,'Samedi-0',656,,66025,19,,,1,100,,66026,19,,,1,100,,66027,19,,,1,100,,66028,19,,,1,100,,66029,19,,,1,100,,66030,19,,,1,100,,66031,19,,,1,100,,66032,19,,,1,100,,66033,19,,,1,100,,66034,19,,,1,100,,66035,19,,,1,100,,66036,19,,,1,99,,66037,19,,,1,99,,66038,19,,,1,100,,66039,19,,,1,100,,66040,19,,,1,100,,66041,19,,,1,100,,66042,19,,,1
3101,'Samedi-11',656,,70324,19,,,1,100,,70325,19,,,1,100,,70326,19,,,1,100,,70327,19,,,1,100,,70328,19,,,1,100,,70329,19,,,1,100,,70330,19,,,1,100,,70331,19,,,1,100,,70332,19,,,1,100,,70333,19,,,1,100,,70334,19,,,1,100,,70335,19,,,1,99,,70336,19,,,1,99,,70337,19,,,1,100,,70338,19,,,1,100,,70339,19,,,1,100,,70340,19,,,1,100,,70341,19,,,1
3101,'Dimanche-0',656,,68167,19,,,1,100,,68172,19,,,1,100,,68179,19,,,1,100,,68169,19,,,1,100,,68171,19,,,1,100,,68168,19,,,1,100,,68170,19,,,1,100,,68166,19,,,1,100,,68173,19,,,1,100,,68176,19,,,1,100,,68175,19,,,1,100,,68174,19,,,1,99,,68178,19,,,1,99,,68177,19,,,1,100,,68180,19,,,1,100,,68181,19,,,1,100,,68182,19,,,1,100,,68183,19,,,1
3101,'Dimanche-10',656,,69246,19,,,1,100,,69251,19,,,1,100,,69258,19,,,1,100,,69248,19,,,1,100,,69250,19,,,1,100,,69247,19,,,1,100,,69249,19,,,1,100,,69245,19,,,1,100,,69252,19,,,1,100,,69255,19,,,1,100,,69254,19,,,1,100,,69253,19,,,1,99,,69257,19,,,1,99,,69256,19,,,1,100,,69259,19,,,1,100,,69260,19,,,1,100,,69261,19,,,1,100,,69262,19,,,1
3101,'Dimanche-11',656,,66044,19,,,1,100,,66049,19,,,1,100,,66056,19,,,1,100,,66046,19,,,1,100,,66048,19,,,1,100,,66045,19,,,1,100,,66047,19,,,1,100,,66043,19,,,1,100,,66050,19,,,1,100,,66053,19,,,1,100,,66052,19,,,1,100,,66051,19,,,1,99,,66055,19,,,1,99,,66054,19,,,1,100,,66057,19,,,1,100,,66058,19,,,1,100,,66059,19,,,1,100,,66060,19,,,1
3101,'Semaine-0',535,,63574,19,,,1,76,,63608,19,,,1,33,,63588,19,,,1,71,,63575,19,,,1,16,,63611,19,,,1,17,,63571,19,,,1,55,,63613,19,,,1,12,,63585,19,,,1,15,,63586,19,,,1,14,,63605,19,,,1,15,,63576,19,,,1,60,,63578,19,,,1,20,,63603,19,,,1,20,,63595,19,,,1,61,,63604,19,,,1,20,,63577,19,,,1,60,,63579,19,,,1,20,,63599,19,,,1,20,,63609,19,,,1,60,,63598,19,,,1,20,,63580,19,,,1,20,,63572,19,,,1,60,,63602,19,,,1,20,,63612,19,,,1,20,,63597,19,,,1,60,,63581,19,,,1,17,,63600,19,,,1,23,,63601,19,,,1,60,,63610,19,,,1,21,,63596,19,,,1,19,,63582,19,,,1,61,,63593,19,,,1,22,,63594,19,,,1,20,,63583,19,,,1,60,,63589,19,,,1,20,,63573,19,,,1,19,,63606,19,,,1,58,,63614,19,,,1,24,,63584,19,,,1,99,,63607,19,,,1,100,,63590,19,,,1,100,,63587,19,,,1,99,,63591,19,,,1,100,,63592,19,,,1
3900,'Samedi-0',702,,66467,36,,,1,101,,66468,36,,,1,100,,66472,36,,,1,102,,66471,36,,,1,100,,66474,36,,,1,100,,66473,36,,,1,103,,66469,36,,,1,30,,66470,36,,,1,70,,66475,36,,,1,31,,66476,36,,,1,70,,66477,36,,,1,30,,66478,36,,,1,71,,66479,36,,,1,30,,66480,36,,,1,70,,66481,36,,,1,30,,66482,36,,,1,68,,66483,36,,,1,29,,66484,36,,,1,69,,66485,36,,,1,28,,66486,36,,,1,100,,66487,36,,,1,100,,66488,36,,,1,100,,66489,36,,,1,99,,66490,36,,,1
3900,'Samedi-11',702,,70545,36,,,1,101,,70546,36,,,1,100,,70550,36,,,1,102,,70549,36,,,1,100,,70552,36,,,1,100,,70551,36,,,1,103,,70547,36,,,1,30,,70548,36,,,1,70,,70553,36,,,1,31,,70554,36,,,1,70,,70555,36,,,1,30,,70556,36,,,1,71,,70557,36,,,1,30,,70558,36,,,1,70,,70559,36,,,1,30,,70560,36,,,1,68,,70561,36,,,1,29,,70562,36,,,1,69,,70563,36,,,1,28,,70564,36,,,1,100,,70565,36,,,1,100,,70566,36,,,1,100,,70567,36,,,1,99,,70568,36,,,1
3900,'Dimanche-0',702,,68387,36,,,1,101,,68394,36,,,1,100,,68397,36,,,1,102,,68390,36,,,1,100,,68392,36,,,1,100,,68393,36,,,1,103,,68396,36,,,1,30,,68389,36,,,1,70,,68391,36,,,1,31,,68398,36,,,1,70,,68388,36,,,1,30,,68399,36,,,1,71,,68395,36,,,1,30,,68402,36,,,1,70,,68405,36,,,1,30,,68407,36,,,1,68,,68401,36,,,1,29,,68404,36,,,1,69,,68406,36,,,1,28,,68400,36,,,1,100,,68403,36,,,1,100,,68408,36,,,1,100,,68409,36,,,1,99,,68410,36,,,1
3900,'Dimanche-10',702,,69466,36,,,1,101,,69473,36,,,1,100,,69476,36,,,1,102,,69469,36,,,1,100,,69471,36,,,1,100,,69472,36,,,1,103,,69475,36,,,1,30,,69468,36,,,1,70,,69470,36,,,1,31,,69477,36,,,1,70,,69467,36,,,1,30,,69478,36,,,1,71,,69474,36,,,1,30,,69481,36,,,1,70,,69484,36,,,1,30,,69486,36,,,1,68,,69480,36,,,1,29,,69483,36,,,1,69,,69485,36,,,1,28,,69479,36,,,1,100,,69482,36,,,1,100,,69487,36,,,1,100,,69488,36,,,1,99,,69489,36,,,1
3900,'Dimanche-11',702,,66491,36,,,1,101,,66498,36,,,1,100,,66501,36,,,1,102,,66494,36,,,1,100,,66496,36,,,1,100,,66497,36,,,1,103,,66500,36,,,1,30,,66493,36,,,1,70,,66495,36,,,1,31,,66502,36,,,1,70,,66492,36,,,1,30,,66503,36,,,1,71,,66499,36,,,1,30,,66506,36,,,1,70,,66509,36,,,1,30,,66511,36,,,1,68,,66505,36,,,1,29,,66508,36,,,1,69,,66510,36,,,1,28,,66504,36,,,1,100,,66507,36,,,1,100,,66512,36,,,1,100,,66513,36,,,1,99,,66514,36,,,1
3900,'Semaine-0',640,,64097,36,,,1,64,,64083,36,,,1,35,,64102,36,,,1,69,,64095,36,,,1,32,,64096,36,,,1,69,,64094,36,,,1,32,,64091,36,,,1,70,,64108,36,,,2,30,,64103,36,,,1,71,,64115,36,,,1,30,,64100,36,,,2,70,,64104,36,,,1,30,,64092,36,,,1,71,,64090,36,,,1,30,,64105,36,,,1,69,,64093,36,,,2,30,,64080,36,,,1,75,,64106,36,,,1,32,,64087,36,,,1,70,,64089,36,,,1,32,,64107,36,,,2,72,,64086,36,,,1,28,,64081,36,,,1,69,,64109,36,,,1,25,,64088,36,,,1,71,,64082,36,,,2,29,,64110,36,,,2,72,,64085,36,,,1,25,,64101,36,,,2,66,,64111,36,,,1,30,,64084,36,,,1,70,,64099,36,,,1,29,,64112,36,,,1,70,,64098,36,,,1,32,,64114,36,,,1,68,,64113,36,,,1
32900,'Semaine-0',829,,65574,27,0,7 8,1
57100,'Semaine-0',1519,,65853,3,0,5 6,1
82601,'Semaine-0',758,,65968,30,0,9 12 13,1,1,,65969,30,0,9 12 13,1
83101,'Semaine-0',808,,65980,19,0,9 12 13,2,2,,65981,19,0,9 12 13,1
