2501,'Semaine-0',558,,63492,11,,,2,70,,63491,11,,,1,30,,63489,11,,,1,70,,63490,11,,,2,31,,63493,11,,,1,68,,63488,11,,,2
2801,'Semaine-0',640,,63517,7,,,1,74,,63518,7,,,2,100,,63516,7,,,2
3901,'Semaine-0',656,,64138,37,,,1,68,,64127,37,,,1,77,,64128,37,,,1,33,,64124,37,,,1,70,,64130,37,,,1,30,,64132,37,,,2,70,,64139,37,,,1,30,,64150,37,,,1,70,,64145,37,,,2,30,,64140,37,,,1,70,,64125,37,,,1,32,,64134,37,,,1,70,,64141,37,,,1,29,,64126,37,,,2,70,,64123,37,,,1,34,,64142,37,,,1,70,,64135,37,,,1,33,,64116,37,,,1,71,,64143,37,,,2,31,,64121,37,,,1,69,,64118,37,,,1,29,,64146,37,,,1,67,,64131,37,,,1,32,,64137,37,,,2,69,,64122,37,,,2,31,,64144,37,,,1,65,,64117,37,,,2,26,,64147,37,,,1,70,,64120,37,,,1,30,,64136,37,,,1,72,,64148,37,,,1,30,,64119,37,,,1,72,,64129,37,,,1,28,,64149,37,,,1,70,,64133,37,,,1
5001,'Semaine-0',1620,,64276,11,,,1,100,,64278,11,,,1,99,,64277,11,,,2
32501,'Semaine-0',813,,65570,11,0,7 8,1,3,,65571,11,0,7 8,1
42500,'Semaine-0',701,,65817,11,0,9 14,1,2,,65818,11,0,9 14,2
55001,'Semaine-0',1533,,65844,9,0,5 6,1
63901,'Semaine-0',703,,65858,12,0,9 10,1
72501,'Semaine-0',809,,65875,11,0,5 11,2
82501,'Semaine-0',742,,65964,11,0,9 12 13,1,1,,65965,11,0,9 12 13,1
