3600,'Semaine-0',928,,63929,44,,,1,102,,63930,44,,,1,101,,63928,44,,,1,100,,63931,44,,,1,100,,63933,44,,,1,100,,63934,44,,,1,100,,63932,44,,,1
3700,'Samedi-0',745,,66265,36,,,1,100,,66266,36,,,1,100,,66268,36,,,1,103,,66269,36,,,1,100,,66267,36,,,1,102,,66270,36,,,1,100,,66271,36,,,1,100,,66272,36,,,1,100,,66273,36,,,1,100,,66274,36,,,1,100,,66275,36,,,1,100,,66276,36,,,1,97,,66277,36,,,1,100,,66278,36,,,1,100,,66279,36,,,1,100,,66280,36,,,1,97,,66281,36,,,1,100,,66282,36,,,1
3700,'Dimanche-11',745,,66285,36,,,1,100,,66288,36,,,1,100,,66290,36,,,1,103,,66286,36,,,1,100,,66283,36,,,1,102,,66287,36,,,1,100,,66284,36,,,1,100,,66289,36,,,1,100,,66291,36,,,1,100,,66293,36,,,1,100,,66292,36,,,1,100,,66296,36,,,1,97,,66295,36,,,1,100,,66294,36,,,1,100,,66297,36,,,1,100,,66298,36,,,1,97,,66299,36,,,1,100,,66300,36,,,1
3700,'Semaine-0',706,,63963,36,,,1,42,,63969,36,,,1,72,,63960,36,,,1,28,,63944,36,,,1,69,,63958,36,,,1,89,,63950,36,,,1,100,,63946,36,,,1,100,,63947,36,,,1,100,,63948,36,,,1,103,,63949,36,,,1,100,,63955,36,,,1,49,,63956,36,,,1,56,,63957,36,,,1,15,,63943,36,,,1,15,,63965,36,,,1,63,,63952,36,,,1,30,,63961,36,,,1,63,,63951,36,,,1,28,,63945,36,,,1,29,,63942,36,,,1,66,,63953,36,,,1,30,,63968,36,,,1,69,,63959,36,,,1,36,,63970,36,,,1,99,,63966,36,,,1,98,,63954,36,,,1,100,,63964,36,,,1,99,,63967,36,,,1,55,,63962,36,,,1
6400,'Samedi-0',757,,67005,37,,,1,100,,67007,37,,,1,100,,67010,37,,,1,100,,67008,37,,,1,100,,67011,37,,,1,100,,67006,37,,,1,100,,67009,37,,,1,100,,67012,37,,,1,98,,67013,37,,,1,100,,67014,37,,,1,100,,67015,37,,,1,100,,67016,37,,,1
6400,'Dimanche-11',757,,67018,37,,,1,100,,67019,37,,,1,100,,67024,37,,,1,100,,67022,37,,,1,100,,67017,37,,,1,100,,67020,37,,,1,100,,67021,37,,,1,100,,67025,37,,,1,98,,67023,37,,,1,100,,67027,37,,,1,100,,67028,37,,,1,100,,67026,37,,,1
6400,'Semaine-0',710,,64638,37,,,1,34,,64635,37,,,1,70,,64630,37,,,1,30,,64634,37,,,1,100,,64636,37,,,1,100,,64641,37,,,1,100,,64640,37,,,1,100,,64633,37,,,1,100,,64646,37,,,1,100,,64642,37,,,1,95,,64643,37,,,1,85,,64648,37,,,1,87,,64647,37,,,1,99,,64644,37,,,1,95,,64645,37,,,1,100,,64637,37,,,2,99,,64631,37,,,2,100,,64639,37,,,1,100,,64632,37,,,1
6801,'Semaine-0',627,,64923,14,,,1,20,,64936,14,,,1,58,,64907,14,,,1,19,,64920,14,,,1,6,,64934,14,,,1,7,,64914,14,,,1,6,,64919,14,,,1,62,,64925,14,,,1,18,,64937,14,,,1,20,,64913,14,,,1,60,,64932,14,,,1,19,,64930,14,,,1,20,,64935,14,,,1,68,,64908,14,,,1,31,,64928,14,,,1,70,,64909,14,,,1,30,,64911,14,,,1,70,,64931,14,,,1,30,,64915,14,,,1,70,,64933,14,,,1,31,,64927,14,,,1,70,,64916,14,,,1,30,,64926,14,,,1,69,,64917,14,,,1,34,,64912,14,,,1,71,,64910,14,,,1,26,,64924,14,,,1,70,,64918,14,,,1,29,,64929,14,,,1,70,,64922,14,,,1,30,,64921,14,,,1
37100,'Samedi-0',816,,67718,37,,,1,101,,67722,37,,,1,100,,67717,37,,,1,102,,67723,37,,,1,100,,67719,37,,,1,100,,67720,37,,,1,100,,67721,37,,,1,103,,67724,37,,,1,100,,67725,37,,,1,100,,67726,37,,,1,99,,67727,37,,,1,98,,67728,37,,,1,100,,67729,37,,,1,98,,67730,37,,,1,100,,67731,37,,,1,100,,67732,37,,,1,98,,67733,37,,,1
37100,'Dimanche-11',816,,67734,37,,,1,101,,67736,37,,,1,100,,67738,37,,,1,102,,67739,37,,,1,100,,67746,37,,,1,100,,67735,37,,,1,100,,67740,37,,,1,103,,67737,37,,,1,100,,67742,37,,,1,100,,67744,37,,,1,99,,67745,37,,,1,98,,67743,37,,,1,100,,67741,37,,,1,98,,67747,37,,,1,100,,67748,37,,,1,100,,67749,37,,,1,98,,67750,37,,,1
37100,'Semaine-0',727,,65591,37,,,1,32,,65588,37,,,1,70,,65584,37,,,1,29,,65579,37,,,1,90,,65598,37,,,1,97,,65583,37,,,1,102,,65585,37,,,1,100,,65597,37,,,1,100,,65592,37,,,1,103,,65581,37,,,1,95,,65593,37,,,1,59,,65602,37,,,1,16,,65582,37,,,1,15,,65603,37,,,1,65,,65578,37,,,1,20,,65587,37,,,1,26,,65594,37,,,1,65,,65600,37,,,1,27,,65599,37,,,1,70,,65589,37,,,1,28,,65601,37,,,1,70,,65604,37,,,1,30,,65590,37,,,1,95,,65586,37,,,1,100,,65596,37,,,1,100,,65595,37,,,1,97,,65580,37,,,1
43700,'Semaine-0',744,,65832,32,0,9 14,1,2,,65833,28,0,9 14,2
