2701,'Semaine-0',619,,63511,15,,,1,83,,63512,15,,,1,51,,63509,15,,,1,66,,63510,15,,,2
2701,'Semaine-10',619,,71441,15,,,1,83,,71442,15,,,1,51,,71439,15,,,1,66,,71440,15,,,2
2701,'Semaine-11',619,,73972,15,,,1,83,,73973,15,,,1,51,,73970,15,,,1,66,,73971,15,,,2
3300,'Samedi-0',814,,66061,46,,,1,100,,66062,46,,,1,101,,66063,46,,,1,100,,66064,46,,,1,103,,66065,46,,,1,100,,66066,46,,,1,101,,66067,46,,,1,100,,66068,46,,,1,100,,66069,46,,,1,100,,66070,46,,,1,100,,66071,46,,,1,97,,66072,46,,,1,99,,66073,46,,,1,100,,66074,46,,,1,100,,66075,46,,,1,100,,66076,46,,,1,99,,66077,46,,,1,98,,66078,46,,,1
3300,'Samedi-11',814,,70342,46,,,1,100,,70343,46,,,1,101,,70344,46,,,1,100,,70345,46,,,1,103,,70346,46,,,1,100,,70347,46,,,1,101,,70348,46,,,1,100,,70349,46,,,1,100,,70350,46,,,1,100,,70351,46,,,1,100,,70352,46,,,1,97,,70353,46,,,1,99,,70354,46,,,1,100,,70355,46,,,1,100,,70356,46,,,1,100,,70357,46,,,1,99,,70358,46,,,1,98,,70359,46,,,1
3300,'Dimanche-0',814,,68185,46,,,1,100,,68190,46,,,1,101,,68196,46,,,1,100,,68187,46,,,1,103,,68189,46,,,1,100,,68186,46,,,1,101,,68188,46,,,1,100,,68184,46,,,1,100,,68192,46,,,1,100,,68191,46,,,1,100,,68194,46,,,1,97,,68193,46,,,1,99,,68195,46,,,1,100,,68197,46,,,1,100,,68198,46,,,1,100,,68199,46,,,1,99,,68200,46,,,1,98,,68201,46,,,1
3300,'Dimanche-10',814,,69264,46,,,1,100,,69269,46,,,1,101,,69275,46,,,1,100,,69266,46,,,1,103,,69268,46,,,1,100,,69265,46,,,1,101,,69267,46,,,1,100,,69263,46,,,1,100,,69271,46,,,1,100,,69270,46,,,1,100,,69273,46,,,1,97,,69272,46,,,1,99,,69274,46,,,1,100,,69276,46,,,1,100,,69277,46,,,1,100,,69278,46,,,1,99,,69279,46,,,1,98,,69280,46,,,1
3300,'Dimanche-11',814,,66080,46,,,1,100,,66085,46,,,1,101,,66091,46,,,1,100,,66082,46,,,1,103,,66084,46,,,1,100,,66081,46,,,1,101,,66083,46,,,1,100,,66079,46,,,1,100,,66087,46,,,1,100,,66086,46,,,1,100,,66089,46,,,1,97,,66088,46,,,1,99,,66090,46,,,1,100,,66092,46,,,1,100,,66093,46,,,1,100,,66094,46,,,1,99,,66095,46,,,1,98,,66096,46,,,1
3300,'Semaine-0',658,,63741,46,,,1,60,,63740,46,,,1,19,,63747,46,,,1,74,,63720,46,,,1,13,,63734,46,,,1,19,,63742,46,,,1,16,,63755,46,,,1,56,,63748,46,,,1,27,,63732,46,,,1,66,,63750,46,,,1,31,,63735,46,,,1,78,,63725,46,,,1,21,,63744,46,,,1,20,,63730,46,,,1,60,,63737,46,,,1,20,,63726,46,,,1,62,,63752,46,,,1,18,,63733,46,,,1,20,,63754,46,,,1,72,,63739,46,,,1,30,,63727,46,,,1,60,,63749,46,,,1,20,,63745,46,,,1,22,,63738,46,,,1,63,,63717,46,,,1,21,,63729,46,,,1,12,,63736,46,,,1,13,,63753,46,,,1,57,,63751,46,,,1,25,,63746,46,,,1,20,,63724,46,,,1,59,,63723,46,,,1,15,,63728,46,,,1,18,,63716,46,,,1,58,,63721,46,,,1,41,,63756,46,,,1,73,,63731,46,,,1,98,,63722,46,,,1,102,,63718,46,,,1,100,,63743,46,,,2,100,,63757,46,,,1,102,,63719,46,,,1
3300,'Semaine-10',658,,71671,46,,,1,60,,71670,46,,,1,19,,71677,46,,,1,74,,71650,46,,,1,13,,71664,46,,,1,19,,71672,46,,,1,16,,71685,46,,,1,56,,71678,46,,,1,27,,71662,46,,,1,66,,71680,46,,,1,31,,71665,46,,,1,78,,71655,46,,,1,21,,71674,46,,,1,20,,71660,46,,,1,60,,71667,46,,,1,20,,71656,46,,,1,62,,71682,46,,,1,18,,71663,46,,,1,20,,71684,46,,,1,72,,71669,46,,,1,30,,71657,46,,,1,60,,71679,46,,,1,20,,71675,46,,,1,22,,71668,46,,,1,63,,71647,46,,,1,21,,71659,46,,,1,12,,71666,46,,,1,13,,71683,46,,,1,57,,71681,46,,,1,25,,71676,46,,,1,20,,71654,46,,,1,59,,71653,46,,,1,15,,71658,46,,,1,18,,71646,46,,,1,58,,71651,46,,,1,41,,71686,46,,,1,73,,71661,46,,,1,98,,71652,46,,,1,102,,71648,46,,,1,100,,71673,46,,,2,100,,71687,46,,,1,102,,71649,46,,,1
3300,'Semaine-11',658,,74202,46,,,1,60,,74201,46,,,1,19,,74208,46,,,1,74,,74181,46,,,1,13,,74195,46,,,1,19,,74203,46,,,1,16,,74216,46,,,1,56,,74209,46,,,1,27,,74193,46,,,1,66,,74211,46,,,1,31,,74196,46,,,1,78,,74186,46,,,1,21,,74205,46,,,1,20,,74191,46,,,1,60,,74198,46,,,1,20,,74187,46,,,1,62,,74213,46,,,1,18,,74194,46,,,1,20,,74215,46,,,1,72,,74200,46,,,1,30,,74188,46,,,1,60,,74210,46,,,1,20,,74206,46,,,1,22,,74199,46,,,1,63,,74178,46,,,1,21,,74190,46,,,1,12,,74197,46,,,1,13,,74214,46,,,1,57,,74212,46,,,1,25,,74207,46,,,1,20,,74185,46,,,1,59,,74184,46,,,1,15,,74189,46,,,1,18,,74177,46,,,1,58,,74182,46,,,1,41,,74217,46,,,1,73,,74192,46,,,1,98,,74183,46,,,1,102,,74179,46,,,1,100,,74204,46,,,2,100,,74218,46,,,1,102,,74180,46,,,1
33100,'Semaine-0',837,,65576,37,0,7 8,1
33100,'Semaine-10',837,,73506,37,0,7 8,1
33100,'Semaine-11',837,,76037,37,0,7 8,1
43300,'Semaine-0',1511,,65830,24,0,9 14,2
43300,'Semaine-10',1511,,73760,24,0,9 14,2
43300,'Semaine-11',1511,,76291,24,0,9 14,2
56600,'Semaine-0',1537,,65849,25,0,5 6,1
56600,'Semaine-10',1537,,73779,25,0,5 6,1
56600,'Semaine-11',1537,,76310,25,0,5 6,1
73300,'Semaine-0',1649,,65879,42,,,1
73300,'Semaine-10',1649,,73809,42,,,1
73300,'Semaine-11',1649,,76340,42,,,1
82701,'Semaine-0',755,,65971,15,0,9 12 13,2
82701,'Semaine-10',755,,73901,15,0,9 12 13,2
82701,'Semaine-11',755,,76433,15,0,9 12 13,2
