2500,'Semaine-0',1555,,63482,39,,,1,70,,63485,39,,,1,31,,63483,39,,,1,73,,63487,39,,,1,24,,63484,39,,,2,65,,63486,39,,,2
2500,'Semaine-10',1555,,71412,39,,,1,70,,71415,39,,,1,31,,71413,39,,,1,73,,71417,39,,,1,24,,71414,39,,,2,65,,71416,39,,,2
32500,'Semaine-0',1651,,65569,47,0,7 8,1
32500,'Semaine-10',1651,,73499,47,0,7 8,1
42501,'Semaine-0',1521,,65819,33,0,9 14,1
42501,'Semaine-10',1521,,73749,33,0,9 14,1
72500,'Semaine-0',1648,,65874,37,0,5 11,1
72500,'Semaine-10',1648,,73804,37,0,5 11,1
82500,'Semaine-0',1553,,65963,31,0,9 12 13,1
82500,'Semaine-10',1553,,73893,31,0,9 12 13,1
