9500,'Semaine-0',1527,,65421,30,,,1,17,,65424,30,,,2,56,,65420,30,,,2,18,,65415,30,,,2,15,,65419,30,,,2,15,,65416,30,,,1,56,,65417,30,,,1,18,,65422,30,,,2,20,,65423,30,,,2,68,,65418,30,,,1
9500,'Semaine-10',1527,,73351,30,,,1,17,,73354,30,,,2,56,,73350,30,,,2,18,,73345,30,,,2,15,,73349,30,,,2,15,,73346,30,,,1,56,,73347,30,,,1,18,,73352,30,,,2,20,,73353,30,,,2,68,,73348,30,,,1
9500,'Semaine-11',1527,,75882,30,,,1,17,,75885,30,,,2,56,,75881,30,,,2,18,,75876,30,,,2,15,,75880,30,,,2,15,,75877,30,,,1,56,,75878,30,,,1,18,,75883,30,,,2,20,,75884,30,,,2,68,,75879,30,,,1
9700,'Samedi-0',845,,67653,42,,,1,100,,67656,42,,,1,100,,67651,42,,,1,100,,67652,42,,,1,101,,67655,42,,,1,99,,67654,42,,,1,100,,67657,42,,,1,101,,67658,42,,,1,100,,67659,42,,,1,101,,67660,42,,,1,100,,67665,42,,,1,100,,67661,42,,,1,100,,67662,42,,,1,100,,67663,42,,,1,99,,67664,42,,,1,99,,67666,42,,,1,100,,67667,42,,,1
9700,'Samedi-10',845,,77284,42,,,1,100,,77287,42,,,1,100,,77282,42,,,1,100,,77283,42,,,1,101,,77286,42,,,1,99,,77285,42,,,1,100,,77288,42,,,1,101,,77289,42,,,1,100,,77290,42,,,1,101,,77291,42,,,1,100,,77296,42,,,1,100,,77292,42,,,1,100,,77293,42,,,1,100,,77294,42,,,1,99,,77295,42,,,1,99,,77297,42,,,1,100,,77298,42,,,1
9700,'Samedi-11',845,,71139,42,,,1,100,,71142,42,,,1,100,,71137,42,,,1,100,,71138,42,,,1,101,,71141,42,,,1,99,,71140,42,,,1,100,,71143,42,,,1,101,,71144,42,,,1,100,,71145,42,,,1,101,,71146,42,,,1,100,,71151,42,,,1,100,,71147,42,,,1,100,,71148,42,,,1,100,,71149,42,,,1,99,,71150,42,,,1,99,,71152,42,,,1,100,,71153,42,,,1
9700,'Dimanche-0',845,,68980,42,,,1,100,,68986,42,,,1,100,,68985,42,,,1,100,,68979,42,,,1,101,,68983,42,,,1,99,,68981,42,,,1,100,,68982,42,,,1,101,,68984,42,,,1,100,,68987,42,,,1,101,,68988,42,,,1,100,,68990,42,,,1,100,,68989,42,,,1,100,,68991,42,,,1,100,,68992,42,,,1,99,,68993,42,,,1,99,,68994,42,,,1,100,,68995,42,,,1
9700,'Dimanche-10',845,,70059,42,,,1,100,,70065,42,,,1,100,,70064,42,,,1,100,,70058,42,,,1,101,,70062,42,,,1,99,,70060,42,,,1,100,,70061,42,,,1,101,,70063,42,,,1,100,,70066,42,,,1,101,,70067,42,,,1,100,,70069,42,,,1,100,,70068,42,,,1,100,,70070,42,,,1,100,,70071,42,,,1,99,,70072,42,,,1,99,,70073,42,,,1,100,,70074,42,,,1
9700,'Dimanche-11',845,,67669,42,,,1,100,,67675,42,,,1,100,,67674,42,,,1,100,,67668,42,,,1,101,,67672,42,,,1,99,,67670,42,,,1,100,,67671,42,,,1,101,,67673,42,,,1,100,,67676,42,,,1,101,,67677,42,,,1,100,,67679,42,,,1,100,,67678,42,,,1,100,,67680,42,,,1,100,,67681,42,,,1,99,,67682,42,,,1,99,,67683,42,,,1,100,,67684,42,,,1
9700,'Semaine-0',713,,65433,42,,,1,31,,65434,42,,,2,98,,65435,42,,,1,100,,65436,42,,,1,100,,65437,42,,,1,100,,65438,42,,,1,101,,65439,42,,,1,100,,65440,42,,,1,100,,65441,42,,,1,100,,65442,42,,,1,101,,65443,42,,,1,101,,65450,46,,,1,99,,65451,46,,,1,68,,65452,46,,,1,31,,65444,42,,,1,100,,65445,42,,,1,99,,65446,42,,,1,101,,65447,42,,,1,98,,65448,42,,,2,100,,65449,42,,,1
9700,'Semaine-10',713,,73363,42,,,1,31,,73364,42,,,2,98,,73365,42,,,1,100,,73366,42,,,1,100,,73367,42,,,1,100,,73368,42,,,1,101,,73369,42,,,1,100,,73370,42,,,1,100,,73371,42,,,1,100,,73372,42,,,1,101,,73373,42,,,1,101,,73380,46,,,1,99,,73381,46,,,1,68,,73382,46,,,1,31,,73374,42,,,1,100,,73375,42,,,1,99,,73376,42,,,1,101,,73377,42,,,1,98,,73378,42,,,2,100,,73379,42,,,1
9700,'Semaine-11',713,,75894,42,,,1,31,,75895,42,,,2,98,,75896,42,,,1,100,,75897,42,,,1,100,,75898,42,,,1,100,,75899,42,,,1,101,,75900,42,,,1,100,,75901,42,,,1,100,,75902,42,,,1,100,,75903,42,,,1,101,,75904,42,,,1,101,,75911,46,,,1,99,,75912,46,,,1,68,,75913,46,,,1,31,,75905,42,,,1,100,,75906,42,,,1,99,,75907,42,,,1,101,,75908,42,,,1,98,,75909,42,,,2,100,,75910,42,,,1
29700,'Semaine-0',747,,65564,38,0,19,2,2,,65565,38,0,19,1
29700,'Semaine-10',747,,73494,38,0,19,2,2,,73495,38,0,19,1
29700,'Semaine-11',747,,76025,38,0,19,2,2,,76026,38,0,19,1
