9301,'Semaine-0',550,,65412,8,,,2,60,,65410,8,,,1,20,,65409,8,,,1,70,,65413,8,,,1,30,,65411,8,,,2
9301,'Semaine-10',550,,73342,8,,,2,60,,73340,8,,,1,20,,73339,8,,,1,70,,73343,8,,,1,30,,73341,8,,,2
9401,'Semaine-0',530,,65414,8,,,1
9401,'Semaine-10',530,,73344,8,,,1
9701,'Samedi-0',754,,67687,53,,,1,100,,67690,53,,,1,101,,67688,53,,,1,100,,67691,53,,,1,99,,67685,53,,,1,100,,67686,53,,,1,101,,67689,53,,,1,100,,67692,53,,,1,100,,67693,53,,,1,100,,67694,53,,,1,100,,67695,53,,,1,100,,67696,53,,,1,100,,67700,53,,,1,100,,67697,53,,,1,99,,67698,53,,,1,100,,67699,53,,,1
9701,'Samedi-11',754,,71156,53,,,1,100,,71159,53,,,1,101,,71157,53,,,1,100,,71160,53,,,1,99,,71154,53,,,1,100,,71155,53,,,1,101,,71158,53,,,1,100,,71161,53,,,1,100,,71162,53,,,1,100,,71163,53,,,1,100,,71164,53,,,1,100,,71165,53,,,1,100,,71169,53,,,1,100,,71166,53,,,1,99,,71167,53,,,1,100,,71168,53,,,1
9701,'Dimanche-0',754,,69001,53,,,1,100,,69008,53,,,1,101,,68997,53,,,1,100,,69004,53,,,1,99,,69003,53,,,1,100,,68996,53,,,1,101,,69000,53,,,1,100,,68998,53,,,1,100,,68999,53,,,1,100,,69002,53,,,1,100,,69005,53,,,1,100,,69006,53,,,1,100,,69007,53,,,1,100,,69009,53,,,1,99,,69010,53,,,1,100,,69011,53,,,1
9701,'Dimanche-10',754,,70080,53,,,1,100,,70087,53,,,1,101,,70076,53,,,1,100,,70083,53,,,1,99,,70082,53,,,1,100,,70075,53,,,1,101,,70079,53,,,1,100,,70077,53,,,1,100,,70078,53,,,1,100,,70081,53,,,1,100,,70084,53,,,1,100,,70085,53,,,1,100,,70086,53,,,1,100,,70088,53,,,1,99,,70089,53,,,1,100,,70090,53,,,1
9701,'Dimanche-11',754,,67706,53,,,1,100,,67713,53,,,1,101,,67702,53,,,1,100,,67709,53,,,1,99,,67708,53,,,1,100,,67701,53,,,1,101,,67705,53,,,1,100,,67703,53,,,1,100,,67704,53,,,1,100,,67707,53,,,1,100,,67710,53,,,1,100,,67711,53,,,1,100,,67712,53,,,1,100,,67714,53,,,1,99,,67715,53,,,1,100,,67716,53,,,1
9701,'Semaine-0',636,,65453,53,,,2,97,,65454,53,,,1,113,,65455,53,,,1,109,,65456,53,,,1,99,,65457,53,,,1,100,,65458,53,,,1,100,,65459,53,,,1,99,,65460,53,,,1,101,,65461,53,,,1,104,,65462,53,,,1,95,,65463,53,,,1,104,,65464,53,,,1,96,,65465,53,,,1,98,,65466,53,,,1,100,,65467,53,,,1,98,,65468,53,,,1,100,,65469,53,,,1
9701,'Semaine-10',636,,73383,53,,,2,97,,73384,53,,,1,113,,73385,53,,,1,109,,73386,53,,,1,99,,73387,53,,,1,100,,73388,53,,,1,100,,73389,53,,,1,99,,73390,53,,,1,101,,73391,53,,,1,104,,73392,53,,,1,95,,73393,53,,,1,104,,73394,53,,,1,96,,73395,53,,,1,98,,73396,53,,,1,100,,73397,53,,,1,98,,73398,53,,,1,100,,73399,53,,,1
29701,'Semaine-0',1523,,65567,29,0,19,2
29701,'Semaine-10',1523,,73497,29,0,19,2
