3301,'Semaine-0',605,,63781,21,,,1,20,,63789,21,,,1,18,,63766,21,,,1,15,,63786,21,,,1,59,,63782,21,,,1,10,,63777,21,,,1,11,,63797,21,,,1,13,,63795,21,,,1,55,,63784,21,,,1,12,,63772,21,,,1,11,,63788,21,,,1,14,,63762,21,,,1,70,,63774,21,,,1,31,,63780,21,,,1,70,,63770,21,,,1,30,,63791,21,,,1,70,,63775,21,,,1,30,,63767,21,,,1,70,,63769,21,,,1,15,,63787,21,,,1,15,,63796,21,,,1,66,,63778,21,,,1,29,,63768,21,,,1,70,,63773,21,,,1,31,,63776,21,,,1,60,,63798,21,,,1,20,,63779,21,,,1,18,,63783,21,,,1,63,,63764,21,,,1,20,,63794,21,,,1,21,,63771,21,,,1,67,,63761,21,,,1,31,,63758,21,,,1,74,,63792,21,,,1,30,,63765,21,,,1,70,,63760,21,,,1,100,,63763,21,,,1,33,,63785,21,,,1,101,,63790,21,,,2,100,,63759,21,,,1,100,,63793,21,,,1
3501,'Semaine-0',537,,63918,3,,,1,80,,63896,3,,,2,20,,63926,3,,,1,20,,63927,14,,,1,55,,63915,3,,,1,20,,63920,14,,,1,20,,63899,3,,,1,65,,63916,3,,,1,25,,63921,3,,,1,70,,63903,3,,,1,30,,63905,3,,,1,70,,63898,3,,,1,28,,63902,3,,,1,70,,63911,3,,,2,32,,63897,3,,,1,70,,63909,3,,,1,30,,63910,3,,,2,70,,63913,3,,,1,30,,63901,3,,,2,70,,63922,3,,,2,30,,63912,3,,,1,70,,63900,3,,,1,32,,63924,3,,,1,68,,63919,3,,,1,30,,63904,3,,,1,70,,63907,3,,,1,30,,63925,3,,,1,70,,63914,3,,,1,100,,63908,3,,,1,100,,63906,3,,,1,100,,63923,3,,,1,100,,63917,3,,,1
4901,'Semaine-0',551,,64243,3,,,1,85,,64248,3,,,1,70,,64264,3,,,1,30,,64260,3,,,1,70,,64258,3,,,1,30,,64268,3,,,1,70,,64250,3,,,1,30,,64266,3,,,1,70,,64262,3,,,1,30,,64237,3,,,1,70,,64259,3,,,1,30,,64238,3,,,1,70,,64244,3,,,1,30,,64246,3,,,1,70,,64251,3,,,1,29,,64267,3,,,1,71,,64249,3,,,1,30,,64269,3,,,1,20,,64265,3,,,1,50,,64252,3,,,1,15,,64239,3,,,1,15,,64255,3,,,1,70,,64245,3,,,1,30,,64247,3,,,1,70,,64263,3,,,1,30,,64257,3,,,1,70,,64261,3,,,1,95,,64240,3,,,1,40,,64256,3,,,1,101,,64254,3,,,1,99,,64241,3,,,1,100,,64253,3,,,1,100,,64242,3,,,1
5001,'Semaine-0',1607,,64276,3,,,1,100,,64278,3,,,1,100,,64277,3,,,2
5601,'Semaine-0',1211,,64428,3,,,1,100,,64425,3,,,1,100,,64424,3,,,1,100,,64427,3,,,2,102,,64426,3,,,1,99,,64429,3,,,1,99,,64430,3,,,1
42501,'Semaine-0',1458,,65819,4,0,9 14,1
42601,'Semaine-0',1459,,65822,4,0,9 14,1
42901,'Semaine-0',1458,,65825,4,0,9 14,1
44901,'Semaine-0',1458,,65837,4,0,9 14,1
56601,'Semaine-0',722,,65850,55,0,5 6,1
83301,'Semaine-0',744,,65984,3,0,9 12 13,1
