3101,'Samedi-0',700,,66025,23,,,1,100,,66026,23,,,1,100,,66027,23,,,1,100,,66028,23,,,1,100,,66029,23,,,1,100,,66030,23,,,1,100,,66031,23,,,1,100,,66032,23,,,1,100,,66033,23,,,1,100,,66034,23,,,1,100,,66035,23,,,1,100,,66036,23,,,1,59,,66037,23,,,1,99,,66038,23,,,1,100,,66039,23,,,1,100,,66040,23,,,1,100,,66041,23,,,1,100,,66042,23,,,1
3101,'Samedi-11',700,,70324,23,,,1,100,,70325,23,,,1,100,,70326,23,,,1,100,,70327,23,,,1,100,,70328,23,,,1,100,,70329,23,,,1,100,,70330,23,,,1,100,,70331,23,,,1,100,,70332,23,,,1,100,,70333,23,,,1,100,,70334,23,,,1,100,,70335,23,,,1,59,,70336,23,,,1,99,,70337,23,,,1,100,,70338,23,,,1,100,,70339,23,,,1,100,,70340,23,,,1,100,,70341,23,,,1
3101,'Dimanche-0',700,,68167,23,,,1,100,,68172,23,,,1,100,,68179,23,,,1,100,,68169,23,,,1,100,,68171,23,,,1,100,,68168,23,,,1,100,,68170,23,,,1,100,,68166,23,,,1,100,,68173,23,,,1,100,,68176,23,,,1,100,,68175,23,,,1,100,,68174,23,,,1,59,,68178,23,,,1,99,,68177,23,,,1,100,,68180,23,,,1,100,,68181,23,,,1,100,,68182,23,,,1,100,,68183,23,,,1
3101,'Dimanche-10',700,,69246,23,,,1,100,,69251,23,,,1,100,,69258,23,,,1,100,,69248,23,,,1,100,,69250,23,,,1,100,,69247,23,,,1,100,,69249,23,,,1,100,,69245,23,,,1,100,,69252,23,,,1,100,,69255,23,,,1,100,,69254,23,,,1,100,,69253,23,,,1,59,,69257,23,,,1,99,,69256,23,,,1,100,,69259,23,,,1,100,,69260,23,,,1,100,,69261,23,,,1,100,,69262,23,,,1
3101,'Dimanche-11',700,,66044,23,,,1,100,,66049,23,,,1,100,,66056,23,,,1,100,,66046,23,,,1,100,,66048,23,,,1,100,,66045,23,,,1,100,,66047,23,,,1,100,,66043,23,,,1,100,,66050,23,,,1,100,,66053,23,,,1,100,,66052,23,,,1,100,,66051,23,,,1,59,,66055,23,,,1,99,,66054,23,,,1,100,,66057,23,,,1,100,,66058,23,,,1,100,,66059,23,,,1,100,,66060,23,,,1
3101,'Semaine-0',538,,63574,23,,,1,76,,63608,23,,,1,33,,63588,23,,,1,72,,63575,23,,,1,16,,63611,23,,,1,17,,63571,23,,,1,55,,63613,23,,,1,12,,63585,23,,,1,15,,63586,23,,,1,14,,63605,23,,,1,55,,63576,23,,,1,19,,63578,23,,,1,20,,63603,23,,,1,60,,63595,23,,,1,21,,63604,23,,,1,20,,63577,23,,,1,60,,63579,23,,,1,20,,63599,23,,,1,20,,63609,23,,,1,60,,63598,23,,,1,20,,63580,23,,,1,20,,63572,23,,,1,60,,63602,23,,,1,20,,63612,23,,,1,20,,63597,23,,,1,60,,63581,23,,,1,17,,63600,23,,,1,23,,63601,23,,,1,60,,63610,23,,,1,21,,63596,23,,,1,19,,63582,23,,,1,63,,63593,23,,,1,21,,63594,23,,,1,20,,63583,23,,,1,59,,63589,23,,,1,20,,63573,23,,,1,19,,63606,23,,,1,58,,63614,23,,,1,24,,63584,23,,,1,99,,63607,23,,,1,100,,63590,23,,,1,100,,63587,23,,,1,99,,63591,23,,,1,100,,63592,23,,,1
3101,'Semaine-10',538,,71504,23,,,1,76,,71538,23,,,1,33,,71518,23,,,1,72,,71505,23,,,1,16,,71541,23,,,1,17,,71501,23,,,1,55,,71543,23,,,1,12,,71515,23,,,1,15,,71516,23,,,1,14,,71535,23,,,1,55,,71506,23,,,1,19,,71508,23,,,1,20,,71533,23,,,1,60,,71525,23,,,1,21,,71534,23,,,1,20,,71507,23,,,1,60,,71509,23,,,1,20,,71529,23,,,1,20,,71539,23,,,1,60,,71528,23,,,1,20,,71510,23,,,1,20,,71502,23,,,1,60,,71532,23,,,1,20,,71542,23,,,1,20,,71527,23,,,1,60,,71511,23,,,1,17,,71530,23,,,1,23,,71531,23,,,1,60,,71540,23,,,1,21,,71526,23,,,1,19,,71512,23,,,1,63,,71523,23,,,1,21,,71524,23,,,1,20,,71513,23,,,1,59,,71519,23,,,1,20,,71503,23,,,1,19,,71536,23,,,1,58,,71544,23,,,1,24,,71514,23,,,1,99,,71537,23,,,1,100,,71520,23,,,1,100,,71517,23,,,1,99,,71521,23,,,1,100,,71522,23,,,1
3101,'Semaine-11',538,,74035,23,,,1,76,,74069,23,,,1,33,,74049,23,,,1,72,,74036,23,,,1,16,,74072,23,,,1,17,,74032,23,,,1,55,,74074,23,,,1,12,,74046,23,,,1,15,,74047,23,,,1,14,,74066,23,,,1,55,,74037,23,,,1,19,,74039,23,,,1,20,,74064,23,,,1,60,,74056,23,,,1,21,,74065,23,,,1,20,,74038,23,,,1,60,,74040,23,,,1,20,,74060,23,,,1,20,,74070,23,,,1,60,,74059,23,,,1,20,,74041,23,,,1,20,,74033,23,,,1,60,,74063,23,,,1,20,,74073,23,,,1,20,,74058,23,,,1,60,,74042,23,,,1,17,,74061,23,,,1,23,,74062,23,,,1,60,,74071,23,,,1,21,,74057,23,,,1,19,,74043,23,,,1,63,,74054,23,,,1,21,,74055,23,,,1,20,,74044,23,,,1,59,,74050,23,,,1,20,,74034,23,,,1,19,,74067,23,,,1,58,,74075,23,,,1,24,,74045,23,,,1,99,,74068,23,,,1,100,,74051,23,,,1,100,,74048,23,,,1,99,,74052,23,,,1,100,,74053,23,,,1
3900,'Samedi-0',704,,66467,40,,,1,101,,66468,40,,,1,100,,66472,40,,,1,103,,66471,40,,,1,100,,66474,40,,,1,99,,66473,40,,,1,103,,66469,40,,,1,30,,66470,40,,,1,70,,66475,40,,,1,31,,66476,40,,,1,70,,66477,40,,,1,30,,66478,40,,,1,71,,66479,40,,,1,30,,66480,40,,,1,70,,66481,40,,,1,30,,66482,40,,,1,69,,66483,40,,,1,29,,66484,40,,,1,69,,66485,40,,,1,28,,66486,40,,,1,100,,66487,40,,,1,100,,66488,40,,,1,100,,66489,40,,,1,98,,66490,40,,,1
3900,'Samedi-11',704,,70545,40,,,1,101,,70546,40,,,1,100,,70550,40,,,1,103,,70549,40,,,1,100,,70552,40,,,1,99,,70551,40,,,1,103,,70547,40,,,1,30,,70548,40,,,1,70,,70553,40,,,1,31,,70554,40,,,1,70,,70555,40,,,1,30,,70556,40,,,1,71,,70557,40,,,1,30,,70558,40,,,1,70,,70559,40,,,1,30,,70560,40,,,1,69,,70561,40,,,1,29,,70562,40,,,1,69,,70563,40,,,1,28,,70564,40,,,1,100,,70565,40,,,1,100,,70566,40,,,1,100,,70567,40,,,1,98,,70568,40,,,1
3900,'Dimanche-0',704,,68387,40,,,1,101,,68394,40,,,1,100,,68397,40,,,1,103,,68390,40,,,1,100,,68392,40,,,1,99,,68393,40,,,1,103,,68396,40,,,1,30,,68389,40,,,1,70,,68391,40,,,1,31,,68398,40,,,1,70,,68388,40,,,1,30,,68399,40,,,1,71,,68395,40,,,1,30,,68402,40,,,1,70,,68405,40,,,1,30,,68407,40,,,1,69,,68401,40,,,1,29,,68404,40,,,1,69,,68406,40,,,1,28,,68400,40,,,1,100,,68403,40,,,1,100,,68408,40,,,1,100,,68409,40,,,1,98,,68410,40,,,1
3900,'Dimanche-10',704,,69466,40,,,1,101,,69473,40,,,1,100,,69476,40,,,1,103,,69469,40,,,1,100,,69471,40,,,1,99,,69472,40,,,1,103,,69475,40,,,1,30,,69468,40,,,1,70,,69470,40,,,1,31,,69477,40,,,1,70,,69467,40,,,1,30,,69478,40,,,1,71,,69474,40,,,1,30,,69481,40,,,1,70,,69484,40,,,1,30,,69486,40,,,1,69,,69480,40,,,1,29,,69483,40,,,1,69,,69485,40,,,1,28,,69479,40,,,1,100,,69482,40,,,1,100,,69487,40,,,1,100,,69488,40,,,1,98,,69489,40,,,1
3900,'Dimanche-11',704,,66491,40,,,1,101,,66498,40,,,1,100,,66501,40,,,1,103,,66494,40,,,1,100,,66496,40,,,1,99,,66497,40,,,1,103,,66500,40,,,1,30,,66493,40,,,1,70,,66495,40,,,1,31,,66502,40,,,1,70,,66492,40,,,1,30,,66503,40,,,1,71,,66499,40,,,1,30,,66506,40,,,1,70,,66509,40,,,1,30,,66511,40,,,1,69,,66505,40,,,1,29,,66508,40,,,1,69,,66510,40,,,1,28,,66504,40,,,1,100,,66507,40,,,1,100,,66512,40,,,1,100,,66513,40,,,1,98,,66514,40,,,1
3900,'Semaine-0',643,,64097,40,,,1,65,,64083,40,,,1,35,,64102,40,,,1,69,,64095,40,,,1,31,,64096,40,,,1,69,,64094,40,,,1,32,,64091,40,,,1,70,,64108,40,,,2,30,,64103,40,,,1,71,,64115,40,,,1,30,,64100,40,,,2,70,,64104,40,,,1,30,,64092,40,,,1,71,,64090,40,,,1,30,,64105,40,,,1,69,,64093,40,,,2,30,,64080,40,,,1,75,,64106,40,,,1,32,,64087,40,,,1,70,,64089,40,,,1,32,,64107,40,,,2,72,,64086,40,,,1,28,,64081,40,,,1,69,,64109,40,,,1,25,,64088,40,,,1,71,,64082,40,,,2,29,,64110,40,,,2,72,,64085,40,,,1,25,,64101,40,,,2,65,,64111,40,,,1,30,,64084,40,,,1,70,,64099,40,,,1,29,,64112,40,,,1,70,,64098,40,,,1,32,,64114,40,,,1,68,,64113,40,,,1
3900,'Semaine-10',643,,72027,40,,,1,65,,72013,40,,,1,35,,72032,40,,,1,69,,72025,40,,,1,31,,72026,40,,,1,69,,72024,40,,,1,32,,72021,40,,,1,70,,72038,40,,,2,30,,72033,40,,,1,71,,72045,40,,,1,30,,72030,40,,,2,70,,72034,40,,,1,30,,72022,40,,,1,71,,72020,40,,,1,30,,72035,40,,,1,69,,72023,40,,,2,30,,72010,40,,,1,75,,72036,40,,,1,32,,72017,40,,,1,70,,72019,40,,,1,32,,72037,40,,,2,72,,72016,40,,,1,28,,72011,40,,,1,69,,72039,40,,,1,25,,72018,40,,,1,71,,72012,40,,,2,29,,72040,40,,,2,72,,72015,40,,,1,25,,72031,40,,,2,65,,72041,40,,,1,30,,72014,40,,,1,70,,72029,40,,,1,29,,72042,40,,,1,70,,72028,40,,,1,32,,72044,40,,,1,68,,72043,40,,,1
3900,'Semaine-11',643,,74558,40,,,1,65,,74544,40,,,1,35,,74563,40,,,1,69,,74556,40,,,1,31,,74557,40,,,1,69,,74555,40,,,1,32,,74552,40,,,1,70,,74569,40,,,2,30,,74564,40,,,1,71,,74576,40,,,1,30,,74561,40,,,2,70,,74565,40,,,1,30,,74553,40,,,1,71,,74551,40,,,1,30,,74566,40,,,1,69,,74554,40,,,2,30,,74541,40,,,1,75,,74567,40,,,1,32,,74548,40,,,1,70,,74550,40,,,1,32,,74568,40,,,2,72,,74547,40,,,1,28,,74542,40,,,1,69,,74570,40,,,1,25,,74549,40,,,1,71,,74543,40,,,2,29,,74571,40,,,2,72,,74546,40,,,1,25,,74562,40,,,2,65,,74572,40,,,1,30,,74545,40,,,1,70,,74560,40,,,1,29,,74573,40,,,1,70,,74559,40,,,1,32,,74575,40,,,1,68,,74574,40,,,1
32900,'Semaine-0',832,,65574,31,0,7 8,1
32900,'Semaine-10',832,,73504,31,0,7 8,1
32900,'Semaine-11',832,,76035,31,0,7 8,1
57100,'Semaine-0',1522,,65853,7,0,5 6,1
57100,'Semaine-10',1522,,73783,7,0,5 6,1
57100,'Semaine-11',1522,,76314,7,0,5 6,1
82601,'Semaine-0',801,,65968,34,0,9 12 13,1,1,,65969,34,0,9 12 13,1
82601,'Semaine-10',801,,73898,34,0,9 12 13,1,1,,73899,34,0,9 12 13,1
82601,'Semaine-11',801,,76430,34,0,9 12 13,1,1,,76431,34,0,9 12 13,1
83101,'Semaine-0',812,,65980,23,0,9 12 13,2,2,,65981,23,0,9 12 13,1
83101,'Semaine-10',812,,73910,23,0,9 12 13,2,2,,73911,23,0,9 12 13,1
83101,'Semaine-11',812,,76442,23,0,9 12 13,2,2,,76443,23,0,9 12 13,1
