6400,'Samedi-0',747,,67005,26,,,1,100,,67007,26,,,1,100,,67010,26,,,1,100,,67008,26,,,1,100,,67011,26,,,1,100,,67006,26,,,1,100,,67009,26,,,1,100,,67012,26,,,1,99,,67013,26,,,1,100,,67014,26,,,1,100,,67015,26,,,1,100,,67016,26,,,1
6400,'Samedi-10',747,,76959,26,,,1,100,,76961,26,,,1,100,,76964,26,,,1,100,,76962,26,,,1,100,,76965,26,,,1,100,,76960,26,,,1,100,,76963,26,,,1,100,,76966,26,,,1,99,,76967,26,,,1,100,,76968,26,,,1,100,,76969,26,,,1,100,,76970,26,,,1
6400,'Samedi-11',747,,70814,26,,,1,100,,70816,26,,,1,100,,70819,26,,,1,100,,70817,26,,,1,100,,70820,26,,,1,100,,70815,26,,,1,100,,70818,26,,,1,100,,70821,26,,,1,99,,70822,26,,,1,100,,70823,26,,,1,100,,70824,26,,,1,100,,70825,26,,,1
6400,'Dimanche-0',747,,68657,26,,,1,100,,68658,26,,,1,100,,68663,26,,,1,100,,68661,26,,,1,100,,68656,26,,,1,100,,68659,26,,,1,100,,68660,26,,,1,100,,68664,26,,,1,99,,68662,26,,,1,100,,68666,26,,,1,100,,68667,26,,,1,100,,68665,26,,,1
6400,'Dimanche-10',747,,69736,26,,,1,100,,69737,26,,,1,100,,69742,26,,,1,100,,69740,26,,,1,100,,69735,26,,,1,100,,69738,26,,,1,100,,69739,26,,,1,100,,69743,26,,,1,99,,69741,26,,,1,100,,69745,26,,,1,100,,69746,26,,,1,100,,69744,26,,,1
6400,'Dimanche-11',747,,67018,26,,,1,100,,67019,26,,,1,100,,67024,26,,,1,100,,67022,26,,,1,100,,67017,26,,,1,100,,67020,26,,,1,100,,67021,26,,,1,100,,67025,26,,,1,99,,67023,26,,,1,100,,67027,26,,,1,100,,67028,26,,,1,100,,67026,26,,,1
6400,'Semaine-0',659,,64638,26,,,1,74,,64635,26,,,1,70,,64630,26,,,1,30,,64634,26,,,1,100,,64636,26,,,1,100,,64641,26,,,1,100,,64640,26,,,1,100,,64633,26,,,1,100,,64646,26,,,1,100,,64642,26,,,1,95,,64643,26,,,1,85,,64648,26,,,1,87,,64647,26,,,1,101,,64644,26,,,1,55,,64645,26,,,1,100,,64637,26,,,2,99,,64631,26,,,2,100,,64639,26,,,1,100,,64632,26,,,1
6400,'Semaine-10',659,,72568,26,,,1,74,,72565,26,,,1,70,,72560,26,,,1,30,,72564,26,,,1,100,,72566,26,,,1,100,,72571,26,,,1,100,,72570,26,,,1,100,,72563,26,,,1,100,,72576,26,,,1,100,,72572,26,,,1,95,,72573,26,,,1,85,,72578,26,,,1,87,,72577,26,,,1,101,,72574,26,,,1,55,,72575,26,,,1,100,,72567,26,,,2,99,,72561,26,,,2,100,,72569,26,,,1,100,,72562,26,,,1
6400,'Semaine-11',659,,75099,26,,,1,74,,75096,26,,,1,70,,75091,26,,,1,30,,75095,26,,,1,100,,75097,26,,,1,100,,75102,26,,,1,100,,75101,26,,,1,100,,75094,26,,,1,100,,75107,26,,,1,100,,75103,26,,,1,95,,75104,26,,,1,85,,75109,26,,,1,87,,75108,26,,,1,101,,75105,26,,,1,55,,75106,26,,,1,100,,75098,26,,,2,99,,75092,26,,,2,100,,75100,26,,,1,100,,75093,26,,,1
56601,'Semaine-0',656,,65850,22,0,5 6,1
56601,'Semaine-10',656,,73780,22,0,5 6,1
56601,'Semaine-11',656,,76311,22,0,5 6,1
