2301,'Semaine-0',623,,63480,18,,,1,30,,63477,18,,,2,70,,63481,18,,,1,35,,63479,18,,,2,67,,63478,18,,,1
2301,'Semaine-10',623,,71410,18,,,1,30,,71407,18,,,2,70,,71411,18,,,1,35,,71409,18,,,2,67,,71408,18,,,1
2301,'Semaine-11',623,,73941,18,,,1,30,,73938,18,,,2,70,,73942,18,,,1,35,,73940,18,,,2,67,,73939,18,,,1
2501,'Semaine-0',608,,63492,25,,,2,30,,63491,25,,,1,71,,63489,25,,,1,30,,63490,25,,,2,71,,63493,25,,,1,29,,63488,25,,,2
2501,'Semaine-10',608,,71422,25,,,2,30,,71421,25,,,1,71,,71419,25,,,1,30,,71420,25,,,2,71,,71423,25,,,1,29,,71418,25,,,2
2501,'Semaine-11',608,,73953,25,,,2,30,,73952,25,,,1,71,,73950,25,,,1,30,,73951,25,,,2,71,,73954,25,,,1,29,,73949,25,,,2
2601,'Semaine-0',600,,63500,19,,,1,31,,63502,19,,,2,70,,63503,19,,,2,30,,63501,19,,,1,69,,63499,19,,,2
2601,'Semaine-10',600,,71430,19,,,1,31,,71432,19,,,2,70,,71433,19,,,2,30,,71431,19,,,1,69,,71429,19,,,2
2601,'Semaine-11',600,,73961,19,,,1,31,,73963,19,,,2,70,,73964,19,,,2,30,,73962,19,,,1,69,,73960,19,,,2
2801,'Semaine-0',649,,63517,21,,,1,74,,63518,21,,,2,99,,63516,21,,,2
2801,'Semaine-10',649,,71447,21,,,1,74,,71448,21,,,2,99,,71446,21,,,2
2801,'Semaine-11',649,,73978,21,,,1,74,,73979,21,,,2,99,,73977,21,,,2
3401,'Samedi-0',703,,66201,30,,,1,100,,66204,30,,,1,30,,66213,30,,,1,70,,66202,30,,,1,31,,66207,30,,,1,70,,66209,30,,,1,29,,66203,30,,,1,70,,66212,30,,,1,32,,66205,30,,,1,69,,66214,30,,,1,31,,66206,30,,,1,70,,66208,30,,,1,30,,66210,30,,,1,70,,66211,30,,,1,30,,66215,30,,,1,72,,66216,30,,,1,30,,66217,30,,,1,70,,66218,30,,,1,30,,66219,30,,,1,68,,66220,30,,,1,30,,66221,30,,,1,70,,66222,30,,,1,30,,66223,30,,,1,70,,66225,30,,,1,28,,66224,30,,,1,70,,66226,30,,,1,30,,66227,30,,,1,70,,66228,30,,,1,30,,66230,30,,,1,70,,66229,30,,,1,30,,66231,30,,,1,97,,66232,30,,,1
3401,'Samedi-10',703,,76557,30,,,1,100,,76560,30,,,1,30,,76569,30,,,1,70,,76558,30,,,1,31,,76563,30,,,1,70,,76565,30,,,1,29,,76559,30,,,1,70,,76568,30,,,1,32,,76561,30,,,1,69,,76570,30,,,1,31,,76562,30,,,1,70,,76564,30,,,1,30,,76566,30,,,1,70,,76567,30,,,1,30,,76571,30,,,1,72,,76572,30,,,1,30,,76573,30,,,1,70,,76574,30,,,1,30,,76575,30,,,1,68,,76576,30,,,1,30,,76577,30,,,1,70,,76578,30,,,1,30,,76579,30,,,1,70,,76581,30,,,1,28,,76580,30,,,1,70,,76582,30,,,1,30,,76583,30,,,1,70,,76584,30,,,1,30,,76586,30,,,1,70,,76585,30,,,1,30,,76587,30,,,1,97,,76588,30,,,1
3401,'Samedi-11',703,,70412,30,,,1,100,,70415,30,,,1,30,,70424,30,,,1,70,,70413,30,,,1,31,,70418,30,,,1,70,,70420,30,,,1,29,,70414,30,,,1,70,,70423,30,,,1,32,,70416,30,,,1,69,,70425,30,,,1,31,,70417,30,,,1,70,,70419,30,,,1,30,,70421,30,,,1,70,,70422,30,,,1,30,,70426,30,,,1,72,,70427,30,,,1,30,,70428,30,,,1,70,,70429,30,,,1,30,,70430,30,,,1,68,,70431,30,,,1,30,,70432,30,,,1,70,,70433,30,,,1,30,,70434,30,,,1,70,,70436,30,,,1,28,,70435,30,,,1,70,,70437,30,,,1,30,,70438,30,,,1,70,,70439,30,,,1,30,,70441,30,,,1,70,,70440,30,,,1,30,,70442,30,,,1,97,,70443,30,,,1
3401,'Dimanche-0',703,,68254,30,,,1,100,,68262,30,,,1,30,,68267,30,,,1,70,,68259,30,,,1,31,,68257,30,,,1,70,,68280,30,,,1,29,,68261,30,,,1,70,,68266,30,,,1,32,,68256,30,,,1,69,,68255,30,,,1,31,,68258,30,,,1,70,,68265,30,,,1,30,,68268,30,,,1,70,,68260,30,,,1,30,,68264,30,,,1,72,,68263,30,,,1,30,,68269,30,,,1,70,,68273,30,,,1,30,,68270,30,,,1,68,,68271,30,,,1,30,,68272,30,,,1,70,,68279,30,,,1,30,,68274,30,,,1,70,,68277,30,,,1,28,,68275,30,,,1,70,,68276,30,,,1,30,,68278,30,,,1,70,,68281,30,,,1,30,,68283,30,,,1,70,,68282,30,,,1,30,,68284,30,,,1,97,,68285,30,,,1
3401,'Dimanche-10',703,,69333,30,,,1,100,,69341,30,,,1,30,,69346,30,,,1,70,,69338,30,,,1,31,,69336,30,,,1,70,,69359,30,,,1,29,,69340,30,,,1,70,,69345,30,,,1,32,,69335,30,,,1,69,,69334,30,,,1,31,,69337,30,,,1,70,,69344,30,,,1,30,,69347,30,,,1,70,,69339,30,,,1,30,,69343,30,,,1,72,,69342,30,,,1,30,,69348,30,,,1,70,,69352,30,,,1,30,,69349,30,,,1,68,,69350,30,,,1,30,,69351,30,,,1,70,,69358,30,,,1,30,,69353,30,,,1,70,,69356,30,,,1,28,,69354,30,,,1,70,,69355,30,,,1,30,,69357,30,,,1,70,,69360,30,,,1,30,,69362,30,,,1,70,,69361,30,,,1,30,,69363,30,,,1,97,,69364,30,,,1
3401,'Dimanche-11',703,,66233,30,,,1,100,,66241,30,,,1,30,,66246,30,,,1,70,,66238,30,,,1,31,,66236,30,,,1,70,,66259,30,,,1,29,,66240,30,,,1,70,,66245,30,,,1,32,,66235,30,,,1,69,,66234,30,,,1,31,,66237,30,,,1,70,,66244,30,,,1,30,,66247,30,,,1,70,,66239,30,,,1,30,,66243,30,,,1,72,,66242,30,,,1,30,,66248,30,,,1,70,,66252,30,,,1,30,,66249,30,,,1,68,,66250,30,,,1,30,,66251,30,,,1,70,,66258,30,,,1,30,,66253,30,,,1,70,,66256,30,,,1,28,,66254,30,,,1,70,,66255,30,,,1,30,,66257,30,,,1,70,,66260,30,,,1,30,,66262,30,,,1,70,,66261,30,,,1,30,,66263,30,,,1,97,,66264,30,,,1
3401,'Semaine-0',909,,63856,30,,,1,30,,63836,30,,,2,70,,63840,30,,,1,30,,63860,30,,,1,70,,63833,30,,,1,30,,63837,30,,,1,70,,63841,30,,,1,30,,63831,30,,,1,70,,63834,30,,,1,30,,63838,30,,,1,69,,63842,30,,,2,31,,63835,30,,,1,70,,63857,30,,,1,31,,63832,30,,,1,75,,63858,30,,,1,27,,63859,30,,,1,70,,63853,30,,,1,27,,63849,30,,,1,70,,63839,30,,,1,29,,63846,30,,,1,70,,63855,30,,,1,30,,63843,30,,,1,70,,63845,30,,,1,30,,63847,30,,,1,70,,63851,30,,,2,30,,63844,30,,,1,70,,63850,30,,,1,30,,63848,30,,,1,70,,63852,30,,,1,30,,63854,30,,,1
3401,'Semaine-10',909,,71786,30,,,1,30,,71766,30,,,2,70,,71770,30,,,1,30,,71790,30,,,1,70,,71763,30,,,1,30,,71767,30,,,1,70,,71771,30,,,1,30,,71761,30,,,1,70,,71764,30,,,1,30,,71768,30,,,1,69,,71772,30,,,2,31,,71765,30,,,1,70,,71787,30,,,1,31,,71762,30,,,1,75,,71788,30,,,1,27,,71789,30,,,1,70,,71783,30,,,1,27,,71779,30,,,1,70,,71769,30,,,1,29,,71776,30,,,1,70,,71785,30,,,1,30,,71773,30,,,1,70,,71775,30,,,1,30,,71777,30,,,1,70,,71781,30,,,2,30,,71774,30,,,1,70,,71780,30,,,1,30,,71778,30,,,1,70,,71782,30,,,1,30,,71784,30,,,1
3401,'Semaine-11',909,,74317,30,,,1,30,,74297,30,,,2,70,,74301,30,,,1,30,,74321,30,,,1,70,,74294,30,,,1,30,,74298,30,,,1,70,,74302,30,,,1,30,,74292,30,,,1,70,,74295,30,,,1,30,,74299,30,,,1,69,,74303,30,,,2,31,,74296,30,,,1,70,,74318,30,,,1,31,,74293,30,,,1,75,,74319,30,,,1,27,,74320,30,,,1,70,,74314,30,,,1,27,,74310,30,,,1,70,,74300,30,,,1,29,,74307,30,,,1,70,,74316,30,,,1,30,,74304,30,,,1,70,,74306,30,,,1,30,,74308,30,,,1,70,,74312,30,,,2,30,,74305,30,,,1,70,,74311,30,,,1,30,,74309,30,,,1,70,,74313,30,,,1,30,,74315,30,,,1
4900,'Samedi-0',741,,66565,44,,,1,100,,66566,44,,,1,102,,66563,44,,,1,100,,66567,44,,,1,100,,66564,44,,,1,101,,66568,44,,,1,98,,66569,44,,,1,102,,66570,44,,,1,100,,66571,44,,,1,100,,66572,44,,,1,100,,66573,44,,,1,97,,66574,44,,,1,100,,66575,44,,,1,100,,66576,44,,,1,100,,66577,44,,,1,100,,66578,44,,,1,98,,66579,44,,,1
4900,'Samedi-10',741,,76740,44,,,1,100,,76741,44,,,1,102,,76738,44,,,1,100,,76742,44,,,1,100,,76739,44,,,1,101,,76743,44,,,1,98,,76744,44,,,1,102,,76745,44,,,1,100,,76746,44,,,1,100,,76747,44,,,1,100,,76748,44,,,1,97,,76749,44,,,1,100,,76750,44,,,1,100,,76751,44,,,1,100,,76752,44,,,1,100,,76753,44,,,1,98,,76754,44,,,1
4900,'Samedi-11',741,,70595,44,,,1,100,,70596,44,,,1,102,,70593,44,,,1,100,,70597,44,,,1,100,,70594,44,,,1,101,,70598,44,,,1,98,,70599,44,,,1,102,,70600,44,,,1,100,,70601,44,,,1,100,,70602,44,,,1,100,,70603,44,,,1,97,,70604,44,,,1,100,,70605,44,,,1,100,,70606,44,,,1,100,,70607,44,,,1,100,,70608,44,,,1,98,,70609,44,,,1
4900,'Dimanche-0',741,,68435,44,,,1,100,,68448,44,,,1,102,,68436,44,,,1,100,,68447,44,,,1,100,,68439,44,,,1,101,,68438,44,,,1,98,,68442,44,,,1,102,,68437,44,,,1,100,,68441,44,,,1,100,,68440,44,,,1,100,,68444,44,,,1,97,,68446,44,,,1,100,,68443,44,,,1,100,,68445,44,,,1,100,,68449,44,,,1,100,,68450,44,,,1,98,,68451,44,,,1
4900,'Dimanche-10',741,,69514,44,,,1,100,,69527,44,,,1,102,,69515,44,,,1,100,,69526,44,,,1,100,,69518,44,,,1,101,,69517,44,,,1,98,,69521,44,,,1,102,,69516,44,,,1,100,,69520,44,,,1,100,,69519,44,,,1,100,,69523,44,,,1,97,,69525,44,,,1,100,,69522,44,,,1,100,,69524,44,,,1,100,,69528,44,,,1,100,,69529,44,,,1,98,,69530,44,,,1
4900,'Dimanche-11',741,,66580,44,,,1,100,,66593,44,,,1,102,,66581,44,,,1,100,,66592,44,,,1,100,,66584,44,,,1,101,,66583,44,,,1,98,,66587,44,,,1,102,,66582,44,,,1,100,,66586,44,,,1,100,,66585,44,,,1,100,,66589,44,,,1,97,,66591,44,,,1,100,,66588,44,,,1,100,,66590,44,,,1,100,,66594,44,,,1,100,,66595,44,,,1,98,,66596,44,,,1
4900,'Semaine-0',656,,64225,44,,,1,55,,64220,31,,,1,3,,64232,31,,,1,4,,64208,31,,,1,6,,64231,31,,,1,4,,64236,44,,,1,3,,64235,31,,,1,4,,64234,31,,,1,5,,64233,31,,,1,61,,64228,44,,,1,27,,64224,31,,,1,73,,64223,44,,,1,31,,64218,44,,,1,68,,64210,44,,,1,31,,64230,44,,,1,73,,64226,44,,,1,30,,64221,44,,,1,70,,64198,44,,,1,30,,64219,44,,,1,70,,64200,44,,,1,30,,64205,44,,,1,70,,64207,44,,,1,30,,64211,44,,,1,70,,64227,44,,,1,37,,64209,44,,,1,70,,64212,44,,,1,30,,64203,44,,,1,70,,64215,44,,,1,30,,64206,44,,,1,67,,64204,44,,,1,30,,64222,44,,,1,67,,64216,44,,,1,96,,64199,44,,,1,99,,64217,44,,,1,101,,64214,44,,,1,57,,64201,44,,,1,98,,64213,44,,,1,100,,64202,44,,,1
4900,'Semaine-10',656,,72155,44,,,1,55,,72150,31,,,1,3,,72162,31,,,1,4,,72138,31,,,1,6,,72161,31,,,1,4,,72166,44,,,1,3,,72165,31,,,1,4,,72164,31,,,1,5,,72163,31,,,1,61,,72158,44,,,1,27,,72154,31,,,1,73,,72153,44,,,1,31,,72148,44,,,1,68,,72140,44,,,1,31,,72160,44,,,1,73,,72156,44,,,1,30,,72151,44,,,1,70,,72128,44,,,1,30,,72149,44,,,1,70,,72130,44,,,1,30,,72135,44,,,1,70,,72137,44,,,1,30,,72141,44,,,1,70,,72157,44,,,1,37,,72139,44,,,1,70,,72142,44,,,1,30,,72133,44,,,1,70,,72145,44,,,1,30,,72136,44,,,1,67,,72134,44,,,1,30,,72152,44,,,1,67,,72146,44,,,1,96,,72129,44,,,1,99,,72147,44,,,1,101,,72144,44,,,1,57,,72131,44,,,1,98,,72143,44,,,1,100,,72132,44,,,1
4900,'Semaine-11',656,,74686,44,,,1,55,,74681,31,,,1,3,,74693,31,,,1,4,,74669,31,,,1,6,,74692,31,,,1,4,,74697,44,,,1,3,,74696,31,,,1,4,,74695,31,,,1,5,,74694,31,,,1,61,,74689,44,,,1,27,,74685,31,,,1,73,,74684,44,,,1,31,,74679,44,,,1,68,,74671,44,,,1,31,,74691,44,,,1,73,,74687,44,,,1,30,,74682,44,,,1,70,,74659,44,,,1,30,,74680,44,,,1,70,,74661,44,,,1,30,,74666,44,,,1,70,,74668,44,,,1,30,,74672,44,,,1,70,,74688,44,,,1,37,,74670,44,,,1,70,,74673,44,,,1,30,,74664,44,,,1,70,,74676,44,,,1,30,,74667,44,,,1,67,,74665,44,,,1,30,,74683,44,,,1,67,,74677,44,,,1,96,,74660,44,,,1,99,,74678,44,,,1,101,,74675,44,,,1,57,,74662,44,,,1,98,,74674,44,,,1,100,,74663,44,,,1
32501,'Semaine-0',825,,65570,25,0,7 8,1,3,,65571,25,0,7 8,1
32501,'Semaine-10',825,,73500,25,0,7 8,1,3,,73501,25,0,7 8,1
32501,'Semaine-11',825,,76031,25,0,7 8,1,3,,76032,25,0,7 8,1
42500,'Semaine-0',710,,65817,25,0,9 14,1,2,,65818,25,0,9 14,2
42500,'Semaine-10',710,,73747,25,0,9 14,1,2,,73748,25,0,9 14,2
42500,'Semaine-11',710,,76278,25,0,9 14,1,2,,76279,25,0,9 14,2
72501,'Semaine-0',821,,65875,25,0,5 11,2
72501,'Semaine-10',821,,73805,25,0,5 11,2
72501,'Semaine-11',821,,76336,25,0,5 11,2
82501,'Semaine-0',753,,65964,25,0,9 12 13,1,1,,65965,25,0,9 12 13,1
82501,'Semaine-10',753,,73894,25,0,9 12 13,1,1,,73895,25,0,9 12 13,1
82501,'Semaine-11',753,,76426,25,0,9 12 13,1,1,,76427,25,0,9 12 13,1
