4500,'Semaine-0',1526,,64182,36,,,1,76,,64177,36,,,1,30,,64178,36,,,1,72,,64180,36,,,1,27,,64181,36,,,1,25,,64179,36,,,2
4500,'Semaine-10',1526,,72112,36,,,1,76,,72107,36,,,1,30,,72108,36,,,1,72,,72110,36,,,1,27,,72111,36,,,1,25,,72109,36,,,2
4500,'Semaine-11',1526,,74643,36,,,1,76,,74638,36,,,1,30,,74639,36,,,1,72,,74641,36,,,1,27,,74642,36,,,1,25,,74640,36,,,2
5200,'Samedi-0',640,,66631,22,,,1,100,,66632,22,,,1,100,,66633,22,,,1,101,,66634,22,,,1,100,,66635,22,,,1,101,,66636,22,,,1,101,,66637,22,,,1,100,,66638,22,,,1,99,,66639,22,,,1,100,,66640,22,,,1,100,,66641,22,,,1,100,,66642,22,,,1,99,,66643,22,,,1,100,,66646,22,,,1,100,,66644,22,,,1,100,,66645,22,,,1,98,,66647,22,,,1,100,,66648,22,,,1
5200,'Samedi-10',640,,76772,22,,,1,100,,76773,22,,,1,100,,76774,22,,,1,101,,76775,22,,,1,100,,76776,22,,,1,101,,76777,22,,,1,101,,76778,22,,,1,100,,76779,22,,,1,99,,76780,22,,,1,100,,76781,22,,,1,100,,76782,22,,,1,100,,76783,22,,,1,99,,76784,22,,,1,100,,76787,22,,,1,100,,76785,22,,,1,100,,76786,22,,,1,98,,76788,22,,,1,100,,76789,22,,,1
5200,'Samedi-11',640,,70627,22,,,1,100,,70628,22,,,1,100,,70629,22,,,1,101,,70630,22,,,1,100,,70631,22,,,1,101,,70632,22,,,1,101,,70633,22,,,1,100,,70634,22,,,1,99,,70635,22,,,1,100,,70636,22,,,1,100,,70637,22,,,1,100,,70638,22,,,1,99,,70639,22,,,1,100,,70642,22,,,1,100,,70640,22,,,1,100,,70641,22,,,1,98,,70643,22,,,1,100,,70644,22,,,1
5200,'Dimanche-0',640,,68470,22,,,1,100,,68469,22,,,1,100,,68471,22,,,1,101,,68474,22,,,1,100,,68472,22,,,1,101,,68473,22,,,1,101,,68477,22,,,1,100,,68476,22,,,1,99,,68478,22,,,1,100,,68475,22,,,1,100,,68479,22,,,1,100,,68481,22,,,1,99,,68482,22,,,1,100,,68480,22,,,1,100,,68483,22,,,1,100,,68484,22,,,1,98,,68485,22,,,1,100,,68486,22,,,1
5200,'Dimanche-10',640,,69549,22,,,1,100,,69548,22,,,1,100,,69550,22,,,1,101,,69553,22,,,1,100,,69551,22,,,1,101,,69552,22,,,1,101,,69556,22,,,1,100,,69555,22,,,1,99,,69557,22,,,1,100,,69554,22,,,1,100,,69558,22,,,1,100,,69560,22,,,1,99,,69561,22,,,1,100,,69559,22,,,1,100,,69562,22,,,1,100,,69563,22,,,1,98,,69564,22,,,1,100,,69565,22,,,1
5200,'Dimanche-11',640,,66650,22,,,1,100,,66649,22,,,1,100,,66651,22,,,1,101,,66654,22,,,1,100,,66652,22,,,1,101,,66653,22,,,1,101,,66657,22,,,1,100,,66656,22,,,1,99,,66658,22,,,1,100,,66655,22,,,1,100,,66659,22,,,1,100,,66661,22,,,1,99,,66662,22,,,1,100,,66660,22,,,1,100,,66663,22,,,1,100,,66664,22,,,1,98,,66665,22,,,1,100,,66666,22,,,1
5200,'Semaine-0',611,,64282,22,,,1,98,,64284,22,,,1,108,,64279,22,,,1,97,,64295,22,,,1,97,,64293,22,,,1,101,,64280,22,,,1,100,,64287,22,,,1,100,,64286,22,,,1,100,,64283,22,,,1,101,,64281,22,,,1,108,,64285,22,,,1,100,,64296,22,,,1,107,,64294,22,,,1,99,,64288,22,,,1,84,,64292,22,,,1,100,,64291,22,,,1,100,,64289,22,,,1,100,,64290,22,,,1
5200,'Semaine-10',611,,72212,22,,,1,98,,72214,22,,,1,108,,72209,22,,,1,97,,72225,22,,,1,97,,72223,22,,,1,101,,72210,22,,,1,100,,72217,22,,,1,100,,72216,22,,,1,100,,72213,22,,,1,101,,72211,22,,,1,108,,72215,22,,,1,100,,72226,22,,,1,107,,72224,22,,,1,99,,72218,22,,,1,84,,72222,22,,,1,100,,72221,22,,,1,100,,72219,22,,,1,100,,72220,22,,,1
5200,'Semaine-11',611,,74743,22,,,1,98,,74745,22,,,1,108,,74740,22,,,1,97,,74756,22,,,1,97,,74754,22,,,1,101,,74741,22,,,1,100,,74748,22,,,1,100,,74747,22,,,1,100,,74744,22,,,1,101,,74742,22,,,1,108,,74746,22,,,1,100,,74757,22,,,1,107,,74755,22,,,1,99,,74749,22,,,1,84,,74753,22,,,1,100,,74752,22,,,1,100,,74750,22,,,1,100,,74751,22,,,1
64501,'Semaine-0',1522,,65867,28,0,9 10,1
64501,'Semaine-10',1522,,73797,28,0,9 10,1
64501,'Semaine-11',1522,,76328,28,0,9 10,1
