4000,'Semaine-0',1539,,64155,34,,,1,70,,64151,34,,,2,35,,64154,34,,,1,67,,64153,34,,,1,28,,64152,34,,,1,68,,64156,34,,,1
4100,'Semaine-0',1549,,64164,34,,,1,71,,64166,34,,,1,35,,64165,34,,,2,64,,64163,34,,,1,29,,64167,34,,,1
4901,'Samedi-0',748,,66600,42,,,1,100,,66599,42,,,1,100,,66601,42,,,1,102,,66597,42,,,1,100,,66602,42,,,1,102,,66598,42,,,1,100,,66603,42,,,1,100,,66604,42,,,1,100,,66605,42,,,1,100,,66606,42,,,1,100,,66607,42,,,1,97,,66608,42,,,1,100,,66609,42,,,1,100,,66610,42,,,1,100,,66611,42,,,1,99,,66612,42,,,1,100,,66613,42,,,1
4901,'Dimanche-0',748,,68465,42,,,1,100,,68454,42,,,1,100,,68464,42,,,1,102,,68457,42,,,1,100,,68453,42,,,1,102,,68452,42,,,1,100,,68455,42,,,1,100,,68456,42,,,1,100,,68459,42,,,1,100,,68458,42,,,1,100,,68462,42,,,1,97,,68461,42,,,1,100,,68463,42,,,1,100,,68460,42,,,1,100,,68466,42,,,1,99,,68467,42,,,1,100,,68468,42,,,1
4901,'Dimanche-10',748,,69544,42,,,1,100,,69533,42,,,1,100,,69543,42,,,1,102,,69536,42,,,1,100,,69532,42,,,1,102,,69531,42,,,1,100,,69534,42,,,1,100,,69535,42,,,1,100,,69538,42,,,1,100,,69537,42,,,1,100,,69541,42,,,1,97,,69540,42,,,1,100,,69542,42,,,1,100,,69539,42,,,1,100,,69545,42,,,1,99,,69546,42,,,1,100,,69547,42,,,1
4901,'Dimanche-11',748,,66627,42,,,1,100,,66616,42,,,1,100,,66626,42,,,1,102,,66619,42,,,1,100,,66615,42,,,1,102,,66614,42,,,1,100,,66617,42,,,1,100,,66618,42,,,1,100,,66621,42,,,1,100,,66620,42,,,1,100,,66624,42,,,1,97,,66623,42,,,1,100,,66625,42,,,1,100,,66622,42,,,1,100,,66628,42,,,1,99,,66629,42,,,1,100,,66630,42,,,1
4901,'Semaine-0',632,,64243,42,,,1,89,,64248,42,,,1,31,,64264,42,,,1,72,,64260,42,,,1,30,,64258,42,,,1,66,,64268,42,,,1,28,,64250,42,,,1,69,,64266,42,,,1,29,,64262,42,,,1,72,,64237,42,,,1,30,,64259,42,,,1,70,,64238,42,,,1,30,,64244,42,,,1,70,,64246,42,,,1,30,,64251,42,,,1,69,,64267,42,,,1,32,,64249,42,,,1,72,,64269,42,,,1,25,,64265,42,,,1,12,,64252,42,,,1,55,,64239,42,,,1,15,,64255,42,,,1,30,,64245,42,,,1,65,,64247,42,,,1,29,,64263,42,,,1,66,,64257,42,,,1,30,,64261,42,,,1,94,,64240,42,,,1,80,,64256,42,,,1,101,,64254,42,,,1,96,,64241,42,,,1,100,,64253,42,,,1,97,,64242,42,,,1
5500,'Samedi-0',717,,66706,35,,,1,30,,66703,35,,,1,70,,66704,35,,,1,30,,66707,35,,,1,70,,66705,35,,,1,30,,66712,35,,,1,73,,66709,35,,,1,30,,66710,35,,,1,68,,66715,35,,,1,32,,66714,35,,,1,70,,66708,35,,,1,30,,66711,35,,,1,70,,66713,35,,,1,30,,66716,35,,,1,70,,66717,35,,,1,30,,66718,35,,,1,70,,66719,35,,,1,30,,66720,35,,,1,70,,66721,35,,,1,32,,66722,35,,,1,70,,66723,35,,,1,30,,66724,35,,,1,70,,66725,35,,,1,30,,66726,35,,,1,67,,66728,35,,,1,30,,66727,35,,,1,70,,66729,35,,,1,30,,66731,35,,,1,70,,66730,35,,,1,30,,66732,35,,,1,69,,66733,35,,,1,30,,66736,35,,,1,70,,66738,35,,,1,30,,66735,35,,,1,69,,66734,35,,,1,27,,66737,35,,,1
5500,'Dimanche-0',717,,68509,35,,,1,30,,68514,35,,,1,70,,68506,35,,,1,30,,68511,35,,,1,70,,68508,35,,,1,30,,68505,35,,,1,73,,68516,35,,,1,30,,68510,35,,,1,68,,68507,35,,,1,32,,68519,35,,,1,70,,68515,35,,,1,30,,68520,35,,,1,70,,68513,35,,,1,30,,68512,35,,,1,70,,68518,35,,,1,30,,68523,35,,,1,70,,68517,35,,,1,30,,68522,35,,,1,70,,68525,35,,,1,32,,68529,35,,,1,70,,68524,35,,,1,30,,68530,35,,,1,70,,68521,35,,,1,30,,68527,35,,,1,67,,68528,35,,,1,30,,68531,35,,,1,70,,68526,35,,,1,30,,68532,35,,,1,70,,68534,35,,,1,30,,68533,35,,,1,69,,68535,35,,,1,30,,68537,35,,,1,70,,68538,35,,,1,30,,68536,35,,,1,69,,68539,35,,,1,27,,68540,35,,,1
5500,'Dimanche-10',717,,69588,35,,,1,30,,69593,35,,,1,70,,69585,35,,,1,30,,69590,35,,,1,70,,69587,35,,,1,30,,69584,35,,,1,73,,69595,35,,,1,30,,69589,35,,,1,68,,69586,35,,,1,32,,69598,35,,,1,70,,69594,35,,,1,30,,69599,35,,,1,70,,69592,35,,,1,30,,69591,35,,,1,70,,69597,35,,,1,30,,69602,35,,,1,70,,69596,35,,,1,30,,69601,35,,,1,70,,69604,35,,,1,32,,69608,35,,,1,70,,69603,35,,,1,30,,69609,35,,,1,70,,69600,35,,,1,30,,69606,35,,,1,67,,69607,35,,,1,30,,69610,35,,,1,70,,69605,35,,,1,30,,69611,35,,,1,70,,69613,35,,,1,30,,69612,35,,,1,69,,69614,35,,,1,30,,69616,35,,,1,70,,69617,35,,,1,30,,69615,35,,,1,69,,69618,35,,,1,27,,69619,35,,,1
5500,'Dimanche-11',717,,66743,35,,,1,30,,66748,35,,,1,70,,66740,35,,,1,30,,66745,35,,,1,70,,66742,35,,,1,30,,66739,35,,,1,73,,66750,35,,,1,30,,66744,35,,,1,68,,66741,35,,,1,32,,66753,35,,,1,70,,66749,35,,,1,30,,66754,35,,,1,70,,66747,35,,,1,30,,66746,35,,,1,70,,66752,35,,,1,30,,66757,35,,,1,70,,66751,35,,,1,30,,66756,35,,,1,70,,66759,35,,,1,32,,66763,35,,,1,70,,66758,35,,,1,30,,66764,35,,,1,70,,66755,35,,,1,30,,66761,35,,,1,67,,66762,35,,,1,30,,66765,35,,,1,70,,66760,35,,,1,30,,66766,35,,,1,70,,66768,35,,,1,30,,66767,35,,,1,69,,66769,35,,,1,30,,66771,35,,,1,70,,66772,35,,,1,30,,66770,35,,,1,69,,66773,35,,,1,27,,66774,35,,,1
5500,'Semaine-0',651,,64323,35,,,1,104,,64339,35,,,1,69,,64322,35,,,1,96,,64358,35,,,1,28,,64359,35,,,1,70,,64328,35,,,1,30,,64338,35,,,1,69,,64342,35,,,1,33,,64364,35,,,1,70,,64324,35,,,1,30,,64363,35,,,1,69,,64341,35,,,1,30,,64356,35,,,1,70,,64350,35,,,1,25,,64357,35,,,1,56,,64343,35,,,1,14,,64321,35,,,1,17,,64362,35,,,1,17,,64332,35,,,1,55,,64365,35,,,1,13,,64353,35,,,1,10,,64325,35,,,1,13,,64336,35,,,1,18,,64368,35,,,1,49,,64361,35,,,1,11,,64327,35,,,1,11,,64344,35,,,1,10,,64337,35,,,1,11,,64366,35,,,1,52,,64351,35,,,1,7,,64331,35,,,1,12,,64326,35,,,1,10,,64367,35,,,1,11,,64335,35,,,1,11,,64330,35,,,1,50,,64340,35,,,1,30,,64355,35,,,1,69,,64360,35,,,1,30,,64347,35,,,1,70,,64333,35,,,1,30,,64354,35,,,1,28,,64345,35,,,1,69,,64348,35,,,1,29,,64334,35,,,1,70,,64349,35,,,1,29,,64346,35,,,1,69,,64329,35,,,1,30,,64352,35,,,1
5800,'Semaine-0',835,,64435,22,,,1,398,,64436,22,,,1,301,,64438,22,,,1,71,,64433,22,,,1,31,,64434,22,,,1,69,,64437,22,,,1,29,,64432,22,,,2,69,,64431,22,,,1
5900,'Samedi-0',733,,66845,35,,,1,70,,66848,35,,,1,30,,66841,35,,,1,70,,66847,35,,,1,30,,66844,35,,,1,70,,66849,35,,,1,30,,66853,35,,,1,70,,66854,35,,,1,30,,66843,35,,,1,70,,66842,35,,,1,31,,66852,35,,,1,71,,66846,35,,,1,30,,66850,35,,,1,71,,66855,35,,,1,30,,66851,35,,,1,70,,66856,35,,,1,30,,66857,35,,,1,69,,66858,35,,,1,30,,66859,35,,,1,73,,66860,35,,,1,28,,66861,35,,,1,70,,66862,35,,,1,29,,66863,35,,,1,70,,66864,35,,,1,30,,66865,35,,,1,68,,66867,35,,,1,30,,66866,35,,,1,70,,66869,35,,,1,30,,66868,35,,,1,69,,66870,35,,,1,31,,66871,35,,,1,70,,66873,35,,,1,30,,66872,35,,,1,70,,66874,35,,,1
5900,'Dimanche-0',733,,68579,35,,,1,70,,68578,35,,,1,30,,68574,35,,,1,70,,68583,35,,,1,30,,68589,35,,,1,70,,68580,35,,,1,30,,68587,35,,,1,70,,68582,35,,,1,30,,68588,35,,,1,70,,68575,35,,,1,31,,68586,35,,,1,71,,68576,35,,,1,30,,68584,35,,,1,71,,68590,35,,,1,30,,68577,35,,,1,70,,68581,35,,,1,30,,68585,35,,,1,69,,68594,35,,,1,30,,68595,35,,,1,73,,68592,35,,,1,28,,68597,35,,,1,70,,68593,35,,,1,29,,68599,35,,,1,70,,68591,35,,,1,30,,68596,35,,,1,68,,68600,35,,,1,30,,68598,35,,,1,70,,68601,35,,,1,30,,68602,35,,,1,69,,68603,35,,,1,31,,68604,35,,,1,70,,68606,35,,,1,30,,68605,35,,,1,70,,68607,35,,,1
5900,'Dimanche-10',733,,69658,35,,,1,70,,69657,35,,,1,30,,69653,35,,,1,70,,69662,35,,,1,30,,69668,35,,,1,70,,69659,35,,,1,30,,69666,35,,,1,70,,69661,35,,,1,30,,69667,35,,,1,70,,69654,35,,,1,31,,69665,35,,,1,71,,69655,35,,,1,30,,69663,35,,,1,71,,69669,35,,,1,30,,69656,35,,,1,70,,69660,35,,,1,30,,69664,35,,,1,69,,69673,35,,,1,30,,69674,35,,,1,73,,69671,35,,,1,28,,69676,35,,,1,70,,69672,35,,,1,29,,69678,35,,,1,70,,69670,35,,,1,30,,69675,35,,,1,68,,69679,35,,,1,30,,69677,35,,,1,70,,69680,35,,,1,30,,69681,35,,,1,69,,69682,35,,,1,31,,69683,35,,,1,70,,69685,35,,,1,30,,69684,35,,,1,70,,69686,35,,,1
5900,'Dimanche-11',733,,66880,35,,,1,70,,66879,35,,,1,30,,66875,35,,,1,70,,66884,35,,,1,30,,66890,35,,,1,70,,66881,35,,,1,30,,66888,35,,,1,70,,66883,35,,,1,30,,66889,35,,,1,70,,66876,35,,,1,31,,66887,35,,,1,71,,66877,35,,,1,30,,66885,35,,,1,71,,66891,35,,,1,30,,66878,35,,,1,70,,66882,35,,,1,30,,66886,35,,,1,69,,66895,35,,,1,30,,66896,35,,,1,73,,66893,35,,,1,28,,66898,35,,,1,70,,66894,35,,,1,29,,66900,35,,,1,70,,66892,35,,,1,30,,66897,35,,,1,68,,66901,35,,,1,30,,66899,35,,,1,70,,66902,35,,,1,30,,66903,35,,,1,69,,66904,35,,,1,31,,66905,35,,,1,70,,66907,35,,,1,30,,66906,35,,,1,70,,66908,35,,,1
5900,'Semaine-0',619,,64453,35,,,1,98,,64488,35,,,1,87,,64493,35,,,1,48,,64469,35,,,1,82,,64465,35,,,1,68,,64486,35,,,1,30,,64462,35,,,1,70,,64485,35,,,1,30,,64476,35,,,1,70,,64470,35,,,1,33,,64478,35,,,1,70,,64461,35,,,1,30,,64489,35,,,1,70,,64452,35,,,1,31,,64483,35,,,1,14,,64454,35,,,1,58,,64487,35,,,1,31,,64447,35,,,1,14,,64491,35,,,1,55,,64446,35,,,1,8,,64481,35,,,1,17,,64477,35,,,1,7,,64490,30,,,1,6,,64464,35,,,1,13,,64448,35,,,1,46,,64492,30,,,1,6,,64449,35,,,1,12,,64457,35,,,1,9,,64484,35,,,1,12,,64473,35,,,1,11,,64460,35,,,1,49,,64482,35,,,1,11,,64468,35,,,1,12,,64480,35,,,1,9,,64450,35,,,1,10,,64455,35,,,1,71,,64475,35,,,1,29,,64466,35,,,1,70,,64471,35,,,1,30,,64459,35,,,1,70,,64467,35,,,1,30,,64472,35,,,1,68,,64479,35,,,1,30,,64456,35,,,1,70,,64474,35,,,1,28,,64463,35,,,1,70,,64451,35,,,1,28,,64458,35,,,1
54901,'Semaine-0',1553,,65839,35,,,1
65500,'Semaine-0',733,,65872,28,0,9 10,1
74000,'Semaine-0',1643,,65881,29,0,5 11,1
80001,'Samedi-0',641,,68111,37,,,1,101,,68113,37,,,1,101,,68114,37,,,1,100,,68117,37,,,1,101,,68112,37,,,1,100,,68115,37,,,1,102,,68118,37,,,1,100,,68116,37,,,1,100,,68119,37,,,1,100,,68120,37,,,1,100,,68121,37,,,2,102,,68122,37,,,1,97,,68125,37,,,1,99,,68123,37,,,1,100,,68124,37,,,1,100,,68126,37,,,1,97,,68127,37,,,1
80001,'Dimanche-0',641,,69209,37,,,1,101,,69211,37,,,1,101,,69213,37,,,1,100,,69210,37,,,1,101,,69212,37,,,1,100,,69214,37,,,1,102,,69215,37,,,1,100,,69216,37,,,1,100,,69219,37,,,1,100,,69217,37,,,1,100,,69218,37,,,2,102,,69221,37,,,1,97,,69222,37,,,1,99,,69220,37,,,1,100,,69223,37,,,1,100,,69224,37,,,1,97,,69225,37,,,1
80001,'Dimanche-10',641,,70288,37,,,1,101,,70290,37,,,1,101,,70292,37,,,1,100,,70289,37,,,1,101,,70291,37,,,1,100,,70293,37,,,1,102,,70294,37,,,1,100,,70295,37,,,1,100,,70298,37,,,1,100,,70296,37,,,1,100,,70297,37,,,2,102,,70300,37,,,1,97,,70301,37,,,1,99,,70299,37,,,1,100,,70302,37,,,1,100,,70303,37,,,1,97,,70304,37,,,1
80001,'Dimanche-11',641,,68128,37,,,1,101,,68130,37,,,1,101,,68132,37,,,1,100,,68129,37,,,1,101,,68131,37,,,1,100,,68133,37,,,1,102,,68134,37,,,1,100,,68135,37,,,1,100,,68138,37,,,1,100,,68136,37,,,1,100,,68137,37,,,2,102,,68140,37,,,1,97,,68141,37,,,1,99,,68139,37,,,1,100,,68142,37,,,1,100,,68143,37,,,1,97,,68144,37,,,1
80001,'Semaine-0',635,,65948,37,,,1,68,,65941,37,,,1,34,,65949,37,,,1,70,,65933,37,,,1,32,,65931,37,,,1,68,,65938,37,,,1,26,,65944,37,,,1,70,,65956,37,,,1,30,,65947,37,,,2,70,,65939,37,,,1,30,,65953,37,,,1,70,,65927,37,,,1,30,,65961,37,,,1,70,,65959,37,,,1,34,,65929,37,,,1,70,,65952,37,,,1,30,,65943,37,,,1,70,,65950,37,,,1,35,,65960,37,,,1,69,,65945,37,,,1,17,,65955,37,,,1,22,,65957,37,,,1,64,,65954,37,,,1,27,,65946,37,,,1,70,,65936,37,,,1,26,,65934,37,,,1,67,,65928,37,,,1,29,,65958,37,,,1,72,,65940,37,,,1,27,,65937,37,,,1,70,,65942,37,,,1,29,,65930,37,,,1,70,,65951,37,,,1,32,,65932,37,,,1,70,,65935,37,,,1
