4000,'Semaine-0',1528,,64155,19,,,1,30,,64151,19,,,2,75,,64154,19,,,1,67,,64153,19,,,1,28,,64152,19,,,1,29,,64156,19,,,1
4100,'Semaine-0',1539,,64164,19,,,1,71,,64166,19,,,1,35,,64165,19,,,2,64,,64163,19,,,1,29,,64167,19,,,1
4500,'Semaine-0',1514,,64182,19,,,1,35,,64177,19,,,1,70,,64178,19,,,1,32,,64180,19,,,1,67,,64181,19,,,1,26,,64179,19,,,2
4700,'Semaine-0',1536,,64189,19,,,1,102,,64190,19,,,1,96,,64191,19,,,2
5500,'Samedi-0',707,,66706,20,,,1,30,,66703,20,,,1,70,,66704,20,,,1,30,,66707,20,,,1,70,,66705,20,,,1,30,,66712,20,,,1,71,,66709,20,,,1,29,,66710,20,,,1,70,,66715,20,,,1,31,,66714,20,,,1,70,,66708,20,,,1,30,,66711,20,,,1,70,,66713,20,,,1,30,,66716,20,,,1,70,,66717,20,,,1,30,,66718,20,,,1,70,,66719,20,,,1,29,,66720,20,,,1,70,,66721,20,,,1,32,,66722,20,,,1,70,,66723,20,,,1,30,,66724,20,,,1,70,,66725,20,,,1,30,,66726,20,,,1,68,,66728,20,,,1,30,,66727,20,,,1,70,,66729,20,,,1,30,,66731,20,,,1,70,,66730,20,,,1,30,,66732,20,,,1,70,,66733,20,,,1,30,,66736,20,,,1,70,,66738,20,,,1,30,,66735,20,,,1,70,,66734,20,,,1,28,,66737,20,,,1
5500,'Dimanche-0',707,,68509,20,,,1,30,,68514,20,,,1,70,,68506,20,,,1,30,,68511,20,,,1,70,,68508,20,,,1,30,,68505,20,,,1,71,,68516,20,,,1,29,,68510,20,,,1,70,,68507,20,,,1,31,,68519,20,,,1,70,,68515,20,,,1,30,,68520,20,,,1,70,,68513,20,,,1,30,,68512,20,,,1,70,,68518,20,,,1,30,,68523,20,,,1,70,,68517,20,,,1,29,,68522,20,,,1,70,,68525,20,,,1,32,,68529,20,,,1,70,,68524,20,,,1,30,,68530,20,,,1,70,,68521,20,,,1,30,,68527,20,,,1,68,,68528,20,,,1,30,,68531,20,,,1,70,,68526,20,,,1,30,,68532,20,,,1,70,,68534,20,,,1,30,,68533,20,,,1,70,,68535,20,,,1,30,,68537,20,,,1,70,,68538,20,,,1,30,,68536,20,,,1,70,,68539,20,,,1,28,,68540,20,,,1
5500,'Dimanche-11',707,,66743,20,,,1,30,,66748,20,,,1,70,,66740,20,,,1,30,,66745,20,,,1,70,,66742,20,,,1,30,,66739,20,,,1,71,,66750,20,,,1,29,,66744,20,,,1,70,,66741,20,,,1,31,,66753,20,,,1,70,,66749,20,,,1,30,,66754,20,,,1,70,,66747,20,,,1,30,,66746,20,,,1,70,,66752,20,,,1,30,,66757,20,,,1,70,,66751,20,,,1,29,,66756,20,,,1,70,,66759,20,,,1,32,,66763,20,,,1,70,,66758,20,,,1,30,,66764,20,,,1,70,,66755,20,,,1,30,,66761,20,,,1,68,,66762,20,,,1,30,,66765,20,,,1,70,,66760,20,,,1,30,,66766,20,,,1,70,,66768,20,,,1,30,,66767,20,,,1,70,,66769,20,,,1,30,,66771,20,,,1,70,,66772,20,,,1,30,,66770,20,,,1,70,,66773,20,,,1,28,,66774,20,,,1
5500,'Semaine-0',639,,64323,20,,,1,103,,64339,20,,,1,69,,64322,20,,,1,97,,64358,20,,,1,28,,64359,20,,,1,69,,64328,20,,,1,30,,64338,20,,,1,70,,64342,20,,,1,31,,64364,20,,,1,71,,64324,20,,,1,30,,64363,20,,,1,69,,64341,20,,,1,30,,64356,20,,,1,70,,64350,20,,,1,23,,64357,20,,,1,16,,64343,20,,,1,14,,64321,20,,,1,57,,64362,20,,,1,17,,64332,20,,,1,15,,64365,20,,,1,53,,64353,20,,,1,10,,64325,20,,,1,13,,64336,20,,,1,18,,64368,20,,,1,9,,64361,20,,,1,51,,64327,20,,,1,11,,64344,20,,,1,10,,64337,20,,,1,11,,64366,20,,,1,12,,64351,20,,,1,8,,64331,20,,,1,52,,64326,20,,,1,10,,64367,20,,,1,11,,64335,20,,,1,12,,64330,20,,,1,10,,64340,20,,,1,70,,64355,20,,,1,29,,64360,20,,,1,70,,64347,20,,,1,30,,64333,20,,,1,70,,64354,20,,,1,29,,64345,20,,,1,70,,64348,20,,,1,30,,64334,20,,,1,70,,64349,20,,,1,30,,64346,20,,,1,69,,64329,20,,,1,30,,64352,20,,,1
5601,'Semaine-0',1230,,64428,22,,,1,103,,64425,22,,,1,100,,64424,22,,,1,101,,64427,22,,,2,104,,64426,22,,,1,98,,64429,22,,,1,95,,64430,22,,,1
5800,'Semaine-0',821,,64435,7,,,1,399,,64436,7,,,1,300,,64438,7,,,1,30,,64433,7,,,1,71,,64434,7,,,1,29,,64437,7,,,1,70,,64432,7,,,2,30,,64431,7,,,1
5900,'Samedi-0',722,,66845,20,,,1,30,,66848,20,,,1,70,,66841,20,,,1,30,,66847,20,,,1,70,,66844,20,,,1,30,,66849,20,,,1,70,,66853,20,,,1,30,,66854,20,,,1,70,,66843,20,,,1,30,,66842,20,,,1,71,,66852,20,,,1,30,,66846,20,,,1,70,,66850,20,,,1,30,,66855,20,,,1,70,,66851,20,,,1,30,,66856,20,,,1,70,,66857,20,,,1,29,,66858,20,,,1,70,,66859,20,,,1,32,,66860,20,,,1,69,,66861,20,,,1,30,,66862,20,,,1,69,,66863,20,,,1,30,,66864,20,,,1,70,,66865,20,,,1,30,,66867,20,,,1,70,,66866,20,,,1,30,,66869,20,,,1,70,,66868,20,,,1,29,,66870,20,,,1,71,,66871,20,,,1,30,,66873,20,,,1,70,,66872,20,,,1,30,,66874,20,,,1
5900,'Dimanche-0',722,,68579,20,,,1,30,,68578,20,,,1,70,,68574,20,,,1,30,,68583,20,,,1,70,,68589,20,,,1,30,,68580,20,,,1,70,,68587,20,,,1,30,,68582,20,,,1,70,,68588,20,,,1,30,,68575,20,,,1,71,,68586,20,,,1,30,,68576,20,,,1,70,,68584,20,,,1,30,,68590,20,,,1,70,,68577,20,,,1,30,,68581,20,,,1,70,,68585,20,,,1,29,,68594,20,,,1,70,,68595,20,,,1,32,,68592,20,,,1,69,,68597,20,,,1,30,,68593,20,,,1,69,,68599,20,,,1,30,,68591,20,,,1,70,,68596,20,,,1,30,,68600,20,,,1,70,,68598,20,,,1,30,,68601,20,,,1,70,,68602,20,,,1,29,,68603,20,,,1,71,,68604,20,,,1,30,,68606,20,,,1,70,,68605,20,,,1,30,,68607,20,,,1
5900,'Dimanche-11',722,,66880,20,,,1,30,,66879,20,,,1,70,,66875,20,,,1,30,,66884,20,,,1,70,,66890,20,,,1,30,,66881,20,,,1,70,,66888,20,,,1,30,,66883,20,,,1,70,,66889,20,,,1,30,,66876,20,,,1,71,,66887,20,,,1,30,,66877,20,,,1,70,,66885,20,,,1,30,,66891,20,,,1,70,,66878,20,,,1,30,,66882,20,,,1,70,,66886,20,,,1,29,,66895,20,,,1,70,,66896,20,,,1,32,,66893,20,,,1,69,,66898,20,,,1,30,,66894,20,,,1,69,,66900,20,,,1,30,,66892,20,,,1,70,,66897,20,,,1,30,,66901,20,,,1,70,,66899,20,,,1,30,,66902,20,,,1,70,,66903,20,,,1,29,,66904,20,,,1,71,,66905,20,,,1,30,,66907,20,,,1,70,,66906,20,,,1,30,,66908,20,,,1
5900,'Semaine-0',608,,64453,20,,,1,97,,64488,20,,,1,47,,64493,20,,,1,88,,64469,20,,,1,83,,64465,20,,,1,29,,64486,20,,,1,70,,64462,20,,,1,30,,64485,20,,,1,70,,64476,20,,,1,30,,64470,20,,,1,71,,64478,20,,,1,30,,64461,20,,,1,70,,64489,20,,,1,30,,64452,20,,,1,70,,64483,20,,,1,14,,64454,20,,,1,18,,64487,20,,,1,71,,64447,20,,,1,14,,64491,20,,,1,15,,64446,20,,,1,48,,64481,20,,,1,17,,64477,20,,,1,7,,64490,15,,,1,6,,64464,20,,,1,13,,64448,20,,,1,6,,64492,15,,,1,6,,64449,20,,,1,52,,64457,20,,,1,9,,64484,20,,,1,12,,64473,20,,,1,11,,64460,20,,,1,9,,64482,20,,,1,52,,64468,20,,,1,12,,64480,20,,,1,9,,64450,20,,,1,10,,64455,20,,,1,71,,64475,20,,,1,30,,64466,20,,,1,70,,64471,20,,,1,29,,64459,20,,,1,70,,64467,20,,,1,30,,64472,20,,,1,70,,64479,20,,,1,30,,64456,20,,,1,70,,64474,20,,,1,29,,64463,20,,,1,70,,64451,20,,,1,28,,64458,20,,,1
55401,'Semaine-0',1538,,65848,20,0,5 6,1
65500,'Semaine-0',721,,65872,13,0,9 10,1
74000,'Semaine-0',1630,,65881,14,0,5 11,1
80001,'Samedi-0',630,,68111,22,,,1,101,,68113,22,,,1,101,,68114,22,,,1,100,,68117,22,,,1,100,,68112,22,,,1,100,,68115,22,,,1,102,,68118,22,,,1,100,,68116,22,,,1,100,,68119,22,,,1,100,,68120,22,,,1,100,,68121,22,,,2,102,,68122,22,,,1,97,,68125,22,,,1,99,,68123,22,,,1,100,,68124,22,,,1,100,,68126,22,,,1,99,,68127,22,,,1
80001,'Dimanche-0',630,,69209,22,,,1,101,,69211,22,,,1,101,,69213,22,,,1,100,,69210,22,,,1,100,,69212,22,,,1,100,,69214,22,,,1,102,,69215,22,,,1,100,,69216,22,,,1,100,,69219,22,,,1,100,,69217,22,,,1,100,,69218,22,,,2,102,,69221,22,,,1,97,,69222,22,,,1,99,,69220,22,,,1,100,,69223,22,,,1,100,,69224,22,,,1,99,,69225,22,,,1
80001,'Dimanche-11',630,,68128,22,,,1,101,,68130,22,,,1,101,,68132,22,,,1,100,,68129,22,,,1,100,,68131,22,,,1,100,,68133,22,,,1,102,,68134,22,,,1,100,,68135,22,,,1,100,,68138,22,,,1,100,,68136,22,,,1,100,,68137,22,,,2,102,,68140,22,,,1,97,,68141,22,,,1,99,,68139,22,,,1,100,,68142,22,,,1,100,,68143,22,,,1,99,,68144,22,,,1
80001,'Semaine-0',622,,65948,22,,,1,28,,65941,22,,,1,72,,65949,22,,,1,30,,65933,22,,,1,75,,65931,22,,,1,28,,65938,22,,,1,66,,65944,22,,,1,30,,65956,22,,,1,70,,65947,22,,,2,30,,65939,22,,,1,70,,65953,22,,,1,30,,65927,22,,,1,70,,65961,22,,,1,29,,65959,22,,,1,74,,65929,22,,,1,30,,65952,22,,,1,70,,65943,22,,,1,30,,65950,22,,,1,73,,65960,22,,,1,29,,65945,22,,,1,57,,65955,22,,,1,22,,65957,22,,,1,24,,65954,22,,,1,67,,65946,22,,,1,30,,65936,22,,,1,68,,65934,22,,,1,28,,65928,22,,,1,69,,65958,22,,,1,32,,65940,22,,,1,67,,65937,22,,,1,30,,65942,22,,,1,69,,65930,22,,,1,30,,65951,22,,,1,74,,65932,22,,,1,30,,65935,22,,,1
