2001,'Semaine-0',1555,,63468,21,,,1,99,,63470,21,,,1,100,,63469,21,,,1
2301,'Semaine-0',639,,63480,31,,,1,70,,63477,31,,,2,34,,63481,31,,,1,74,,63479,31,,,2,25,,63478,31,,,1
2501,'Semaine-0',624,,63492,38,,,2,29,,63491,38,,,1,74,,63489,38,,,1,77,,63490,38,,,2,29,,63493,38,,,1,24,,63488,38,,,2
2601,'Semaine-0',621,,63500,36,,,1,31,,63502,36,,,2,71,,63503,36,,,2,30,,63501,36,,,1,70,,63499,36,,,2
2701,'Semaine-0',639,,63511,41,,,1,86,,63512,41,,,1,91,,63509,41,,,1,27,,63510,41,,,2
2901,'Semaine-0',734,,63524,22,,,2,71,,63527,22,,,1,28,,63525,22,,,1,71,,63526,22,,,2
3100,'Semaine-0',611,,63532,7,,,1,42,,63565,7,,,1,61,,63545,7,,,1,21,,63533,7,,,1,15,,63570,7,,,1,61,,63567,7,,,1,21,,63529,7,,,1,18,,63542,7,,,1,63,,63543,7,,,1,9,,63534,7,,,1,24,,63536,7,,,1,60,,63553,7,,,1,27,,63554,7,,,1,71,,63535,7,,,1,30,,63540,7,,,1,70,,63559,7,,,1,30,,63556,7,,,1,17,,63537,7,,,1,53,,63530,7,,,1,19,,63564,7,,,1,20,,63568,7,,,1,58,,63555,7,,,1,29,,63538,7,,,1,21,,63558,7,,,1,49,,63560,7,,,1,35,,63566,7,,,1,24,,63557,7,,,1,58,,63539,7,,,1,19,,63550,7,,,1,23,,63552,7,,,1,62,,63541,7,,,1,17,,63528,7,,,1,15,,63531,7,,,1,51,,63562,7,,,1,29,,63569,7,,,1,12,,63547,7,,,1,60,,63563,7,,,1,106,,63548,7,,,1,100,,63544,7,,,1,100,,63549,7,,,1,100,,63551,7,,,1,100,,63561,7,,,1,100,,63546,7,,,1
3201,'Semaine-0',535,,63711,34,,,1,20,,63710,34,,,1,60,,63702,34,,,1,21,,63712,34,,,2,10,,63692,34,,,1,8,,63713,34,,,1,52,,63693,34,,,1,12,,63694,34,,,1,8,,63686,34,,,1,11,,63689,34,,,1,8,,63715,34,,,1,8,,63695,34,,,1,48,,63690,34,,,1,9,,63703,34,,,1,8,,63685,34,,,1,8,,63696,34,,,1,8,,63714,34,,,2,8,,63684,34,,,1,10,,63683,34,,,1,50,,63688,34,,,1,8,,63691,34,,,1,9,,63697,34,,,1,22,,63671,34,,,2,68,,63681,35,,,1,30,,63674,35,,,1,70,,63677,35,,,1,30,,63670,35,,,1,70,,63680,35,,,1,30,,63675,35,,,1,70,,63682,35,,,1,30,,63664,35,,,1,70,,63669,35,,,1,30,,63676,35,,,1,71,,63687,35,,,1,33,,63704,35,,,1,71,,63705,35,,,2,29,,63706,35,,,1,70,,63707,35,,,1,27,,63708,35,,,2,70,,63709,35,,,1,30,,63667,35,,,1,68,,63665,35,,,2,29,,63678,35,,,2,70,,63673,35,,,1,29,,63668,35,,,1,71,,63666,35,,,2,30,,63679,35,,,1,69,,63672,35,,,1,28,,63699,35,,,1,72,,63698,35,,,1,28,,63700,35,,,1,70,,63701,35,,,1
3301,'Semaine-0',627,,63781,43,,,1,20,,63789,43,,,1,58,,63766,43,,,1,15,,63786,43,,,1,21,,63782,43,,,1,10,,63777,43,,,1,51,,63797,43,,,1,13,,63795,43,,,1,15,,63784,43,,,1,12,,63772,43,,,1,10,,63788,43,,,1,54,,63762,43,,,1,30,,63774,43,,,1,70,,63780,43,,,1,30,,63770,43,,,1,70,,63791,43,,,1,30,,63775,43,,,1,70,,63767,43,,,1,30,,63769,43,,,1,16,,63787,43,,,1,55,,63796,43,,,1,26,,63778,43,,,1,69,,63768,43,,,1,30,,63773,43,,,1,73,,63776,43,,,1,22,,63798,43,,,1,19,,63779,43,,,1,58,,63783,43,,,1,23,,63764,43,,,1,20,,63794,43,,,1,61,,63771,43,,,1,27,,63761,43,,,1,69,,63758,43,,,1,32,,63792,43,,,1,70,,63765,43,,,1,30,,63760,43,,,1,99,,63763,43,,,1,74,,63785,43,,,1,100,,63790,43,,,2,100,,63759,43,,,1,100,,63793,43,,,1
3401,'Semaine-0',932,,63856,55,,,1,71,,63836,55,,,2,30,,63840,56,,,1,70,,63860,56,,,1,30,,63833,56,,,1,70,,63837,56,,,1,30,,63841,56,,,1,70,,63831,56,,,1,30,,63834,56,,,1,70,,63838,56,,,1,31,,63842,56,,,2,71,,63835,56,,,1,31,,63857,56,,,1,72,,63832,56,,,1,36,,63858,56,,,1,67,,63859,56,,,1,28,,63853,56,,,1,67,,63849,56,,,1,27,,63839,56,,,1,69,,63846,56,,,1,29,,63855,56,,,1,69,,63843,56,,,1,30,,63845,56,,,1,70,,63847,56,,,1,30,,63851,56,,,2,70,,63844,56,,,1,30,,63850,56,,,1,28,,63848,56,,,1,70,,63852,56,,,1,30,,63854,56,,,1
3501,'Semaine-0',559,,63918,28,,,1,81,,63896,29,,,2,62,,63926,29,,,1,23,,63927,40,,,1,15,,63915,29,,,1,60,,63920,40,,,1,20,,63899,29,,,1,23,,63916,29,,,1,62,,63921,29,,,1,29,,63903,28,,,1,69,,63905,28,,,1,32,,63898,28,,,1,68,,63902,28,,,1,30,,63911,28,,,2,72,,63897,28,,,1,30,,63909,28,,,1,70,,63910,28,,,2,30,,63913,28,,,1,70,,63901,28,,,2,30,,63922,28,,,2,70,,63912,28,,,1,36,,63900,28,,,1,71,,63924,28,,,1,28,,63919,28,,,1,71,,63904,28,,,1,26,,63907,28,,,1,69,,63925,28,,,1,28,,63914,28,,,1,100,,63908,28,,,1,100,,63906,28,,,1,100,,63923,28,,,1,100,,63917,28,,,1
3601,'Semaine-0',914,,63937,44,,,1,90,,63935,45,,,1,100,,63938,45,,,1,102,,63936,45,,,1,99,,63941,45,,,1,100,,63940,45,,,1,101,,63939,45,,,1
3701,'Semaine-0',538,,63984,36,,,1,71,,63982,36,,,1,35,,63986,36,,,1,70,,63976,36,,,1,36,,63993,36,,,1,57,,63973,36,,,1,14,,63994,36,,,1,28,,63975,36,,,1,97,,63992,36,,,1,100,,63980,37,,,1,100,,63974,37,,,1,100,,63972,37,,,1,100,,63977,37,,,1,102,,63988,37,,,1,101,,63971,37,,,1,70,,63987,37,,,1,31,,63990,37,,,1,69,,63985,37,,,1,29,,63991,37,,,1,68,,63995,37,,,1,85,,63979,37,,,1,99,,63989,37,,,1,100,,63981,37,,,1,102,,63978,37,,,1,50,,63983,37,,,1
3801,'Semaine-0',632,,64066,25,,,1,71,,64038,25,,,1,30,,64065,25,,,1,20,,64076,25,,,1,58,,64072,25,,,1,23,,64054,25,,,1,70,,64074,25,,,1,30,,64061,24,,,1,19,,64044,24,,,1,60,,64070,24,,,1,20,,64055,24,,,1,20,,64047,24,,,1,62,,64062,24,,,1,20,,64045,24,,,1,20,,64069,24,,,1,60,,64075,24,,,1,22,,64048,24,,,1,20,,64077,24,,,1,60,,64063,24,,,1,20,,64068,24,,,1,18,,64056,24,,,1,60,,64049,24,,,1,19,,64064,24,,,1,21,,64078,24,,,1,62,,64051,24,,,1,22,,64057,24,,,1,70,,64071,24,,,1,30,,64046,24,,,1,71,,64053,24,,,1,27,,64043,24,,,1,69,,64079,24,,,1,20,,64040,24,,,1,19,,64073,24,,,1,69,,64042,24,,,1,29,,64052,24,,,1,71,,64060,24,,,1,30,,64067,24,,,1,70,,64050,24,,,1,28,,64058,24,,,1,71,,64059,24,,,1,29,,64039,24,,,1,85,,64041,24,,,1
4001,'Semaine-0',638,,64160,54,,,1,70,,64159,54,,,1,35,,64162,54,,,1,74,,64158,54,,,2,24,,64157,54,,,1,68,,64161,54,,,1
4101,'Semaine-0',702,,64170,45,,,1,33,,64171,45,,,1,76,,64172,45,,,1,26,,64169,45,,,2,67,,64168,45,,,1
4501,'Semaine-0',626,,64184,48,,,1,30,,64183,48,,,1,76,,64187,48,,,2,70,,64186,48,,,1,32,,64185,48,,,1,67,,64188,48,,,1
4701,'Semaine-0',640,,64194,41,,,2,87,,64193,41,,,1,91,,64192,41,,,1,27,,64195,41,,,1
5501,'Semaine-0',539,,64382,54,,,1,15,,64389,54,,,1,54,,64388,52,,,1,18,,64372,52,,,1,16,,64410,52,,,1,62,,64409,52,,,1,8,,64369,52,,,1,16,,64414,52,,,1,15,,64395,52,,,1,15,,64403,52,,,1,56,,64373,52,,,1,8,,64377,52,,,1,12,,64375,52,,,1,9,,64404,52,,,1,3,,64406,52,,,1,54,,64383,52,,,1,26,,64387,52,,,1,12,,64374,52,,,1,11,,64408,52,,,1,71,,64401,54,,,1,23,,64413,21,,,1,8,,64405,54,,,1,69,,64371,54,,,1,28,,64378,54,,,1,70,,64391,54,,,1,30,,64402,54,,,1,70,,64398,54,,,1,30,,64379,54,,,1,70,,64411,54,,,1,30,,64370,54,,,1,74,,64376,54,,,1,91,,64380,54,,,1,98,,64385,54,,,1,99,,64390,54,,,1,98,,64407,54,,,1,20,,64396,54,,,1,30,,64384,54,,,1,70,,64400,54,,,1,30,,64393,54,,,1,70,,64412,54,,,1,30,,64386,54,,,1,69,,64392,54,,,1,30,,64394,54,,,1,70,,64381,54,,,1,28,,64399,54,,,1,70,,64397,54,,,1
5901,'Semaine-0',534,,64498,43,,,1,15,,64534,43,,,1,55,,64507,43,,,1,15,,64528,41,,,1,17,,64508,41,,,1,14,,64497,41,,,1,53,,64499,41,,,1,16,,64502,41,,,1,11,,64537,19,,,1,8,,64505,41,,,1,7,,64538,19,,,1,8,,64506,41,,,1,47,,64539,19,,,1,11,,64501,41,,,1,7,,64495,19,,,1,5,,64530,41,,,1,19,,64516,41,,,1,11,,64521,41,,,1,53,,64511,41,,,1,15,,64496,41,,,1,16,,64514,41,,,1,67,,64540,41,,,1,29,,64535,43,,,1,70,,64522,43,,,1,30,,64504,43,,,1,70,,64515,43,,,1,30,,64518,43,,,1,70,,64503,43,,,1,30,,64532,43,,,1,70,,64494,43,,,1,30,,64536,43,,,1,70,,64526,43,,,1,39,,64529,43,,,1,100,,64533,43,,,1,100,,64513,43,,,1,97,,64520,43,,,1,73,,64525,43,,,1,30,,64512,43,,,1,70,,64519,43,,,1,30,,64524,43,,,1,69,,64531,43,,,1,30,,64509,43,,,1,70,,64527,43,,,1,29,,64517,43,,,1,70,,64500,43,,,1,30,,64510,43,,,1,70,,64523,43,,,1
6700,'Semaine-0',611,,64809,7,,,1,31,,64803,7,,,1,70,,64811,7,,,1,23,,64820,7,,,1,21,,64804,7,,,1,58,,64829,7,,,1,29,,64814,7,,,1,70,,64822,7,,,1,20,,64812,7,,,1,18,,64832,7,,,1,60,,64830,7,,,1,21,,64817,7,,,2,20,,64833,7,,,1,60,,64823,7,,,1,20,,64826,7,,,1,20,,64834,7,,,1,60,,64831,7,,,1,20,,64818,7,,,1,20,,64835,7,,,1,60,,64824,7,,,1,20,,64827,7,,,1,20,,64836,7,,,1,60,,64816,7,,,1,20,,64819,7,,,1,21,,64837,7,,,1,365,,64839,7,,,1,15,,64813,7,,,1,19,,64838,7,,,1,59,,64821,7,,,1,30,,64801,7,,,1,72,,64825,7,,,1,28,,64805,7,,,2,70,,64828,7,,,2,30,,64802,7,,,1,70,,64810,7,,,1,30,,64806,7,,,2,72,,64815,7,,,1,27,,64808,7,,,1,70,,64807,7,,,2
37101,'Semaine-0',550,,65621,38,,,1,72,,65624,37,,,1,33,,65617,37,,,1,69,,65619,37,,,1,33,,65629,37,,,1,70,,65628,37,,,1,28,,65623,37,,,1,72,,65607,37,,,1,98,,65614,38,,,1,100,,65612,38,,,1,102,,65613,38,,,1,100,,65627,38,,,1,100,,65610,38,,,1,102,,65611,38,,,1,71,,65608,38,,,1,30,,65615,38,,,1,28,,65625,38,,,1,70,,65626,38,,,1,30,,65605,38,,,1,80,,65609,38,,,1,93,,65620,38,,,1,100,,65622,38,,,1,100,,65606,38,,,1,99,,65616,38,,,1,183,,65618,38,,,1
40001,'Semaine-0',517,,65793,16,,,1,10,,65794,16,,,1,10,,65795,16,,,1,10,,65796,16,,,1,10,,65797,16,,,1,52,,65798,16,,,1,5,,65799,16,,,1,5,,65800,16,,,1,4,,65801,16,,,1,6,,65807,16,,,1,271,,65802,16,,,1,9,,65803,14,,,1,6,,65804,16,,,1,10,,65805,16,,,1,11,,65806,16,,,1,10,,65752,16,,,1,9,,65737,16,,,1,51,,65762,16,,,1,11,,65763,16,,,1,9,,65809,16,,,1,10,,65727,16,,,1,10,,65810,16,,,1,10,,65725,16,,,1,50,,65759,16,,,1,10,,65779,16,,,1,10,,65746,16,,,1,10,,65754,16,,,1,10,,65751,16,,,1,10,,65729,16,,,1,50,,65790,16,,,1,10,,65764,16,,,1,10,,65776,16,,,1,10,,65728,16,,,1,10,,65738,16,,,1,10,,65731,16,,,1,50,,65747,16,,,1,10,,65780,16,,,1,10,,65761,16,,,1,10,,65755,16,,,1,10,,65750,16,,,1,10,,65743,16,,,1,50,,65786,16,,,1,10,,65765,16,,,1,10,,65777,16,,,1,10,,65792,16,,,1,11,,65740,16,,,1,11,,65723,16,,,1,50,,65782,16,,,1,10,,65781,16,,,1,10,,65766,16,,,1,10,,65756,16,,,1,6,,65748,12,,,1,6,,65733,16,,,1,52,,65784,16,,,1,13,,65791,16,,,1,7,,65808,12,,,1,5,,65778,16,,,1,13,,65813,16,,,1,10,,65758,16,,,1,52,,65787,16,,,1,12,,65811,16,,,1,12,,65771,16,,,1,13,,65749,16,,,1,11,,65734,16,,,1,52,,65739,16,,,1,12,,65812,16,,,1,12,,65741,16,,,1,12,,65767,16,,,1,10,,65757,16,,,1,52,,65788,16,,,1,10,,65774,16,,,1,12,,65753,16,,,1,9,,65735,16,,,1,13,,65775,16,,,1,12,,65815,16,,,1,52,,65814,16,,,1,12,,65742,16,,,1,12,,65768,16,,,1,12,,65745,16,,,1,12,,65789,16,,,1,52,,65772,16,,,1,15,,65730,16,,,1,13,,65816,16,,,1,17,,65736,16,,,1,55,,65732,16,,,1,15,,65783,16,,,1,12,,65769,16,,,1,15,,65744,16,,,1,55,,65773,16,,,1,15,,65785,16,,,1,15,,65726,16,,,1,15,,65724,16,,,1,55,,65760,16,,,1,30,,65770,16,,,1
43701,'Semaine-0',1526,,65835,38,0,9 14,1
