3200,'Semaine-0',638,,63658,25,,,1,71,,63657,25,,,1,32,,63653,25,,,1,72,,63655,25,,,1,28,,63654,25,,,2,70,,63656,25,,,1,28,,63629,25,,,2,70,,63624,25,,,1,30,,63625,25,,,2,70,,63636,25,,,1,30,,63630,25,,,1,72,,63616,25,,,1,30,,63617,25,,,1,69,,63628,25,,,1,30,,63631,25,,,1,70,,63637,25,,,1,31,,63618,25,,,1,69,,63663,25,,,1,15,,63615,25,,,2,16,,63645,25,,,1,10,,63635,25,,,1,51,,63641,25,,,2,10,,63642,25,,,1,10,,63660,25,,,1,10,,63661,25,,,1,10,,63662,25,,,2,13,,63659,25,,,2,47,,63632,25,,,1,10,,63643,25,,,1,10,,63651,25,,,2,10,,63644,25,,,2,8,,63621,25,,,1,10,,63652,25,,,1,50,,63638,25,,,2,8,,63640,25,,,1,10,,63639,25,,,1,19,,63633,25,,,2,65,,63627,25,,,1,30,,63622,25,,,1,70,,63619,25,,,2,29,,63634,25,,,2,70,,63626,25,,,1,33,,63623,25,,,1,66,,63620,25,,,2,30,,63646,25,,,1,29,,63647,25,,,1,68,,63648,25,,,1,30,,63649,25,,,1,70,,63650,25,,,1
3200,'Semaine-10',638,,71588,25,,,1,71,,71587,25,,,1,32,,71583,25,,,1,72,,71585,25,,,1,28,,71584,25,,,2,70,,71586,25,,,1,28,,71559,25,,,2,70,,71554,25,,,1,30,,71555,25,,,2,70,,71566,25,,,1,30,,71560,25,,,1,72,,71546,25,,,1,30,,71547,25,,,1,69,,71558,25,,,1,30,,71561,25,,,1,70,,71567,25,,,1,31,,71548,25,,,1,69,,71593,25,,,1,15,,71545,25,,,2,16,,71575,25,,,1,10,,71565,25,,,1,51,,71571,25,,,2,10,,71572,25,,,1,10,,71590,25,,,1,10,,71591,25,,,1,10,,71592,25,,,2,13,,71589,25,,,2,47,,71562,25,,,1,10,,71573,25,,,1,10,,71581,25,,,2,10,,71574,25,,,2,8,,71551,25,,,1,10,,71582,25,,,1,50,,71568,25,,,2,8,,71570,25,,,1,10,,71569,25,,,1,19,,71563,25,,,2,65,,71557,25,,,1,30,,71552,25,,,1,70,,71549,25,,,2,29,,71564,25,,,2,70,,71556,25,,,1,33,,71553,25,,,1,66,,71550,25,,,2,30,,71576,25,,,1,29,,71577,25,,,1,68,,71578,25,,,1,30,,71579,25,,,1,70,,71580,25,,,1
3901,'Samedi-0',627,,66515,28,,,1,100,,66517,28,,,1,100,,66521,28,,,1,100,,66520,28,,,1,101,,66523,28,,,1,100,,66522,28,,,1,101,,66518,28,,,1,30,,66516,28,,,1,70,,66524,28,,,1,30,,66519,28,,,1,70,,66525,28,,,1,30,,66526,28,,,1,71,,66527,28,,,1,70,,66528,28,,,1,30,,66529,28,,,1,70,,66530,28,,,1,30,,66531,28,,,1,70,,66532,28,,,1,29,,66533,28,,,1,29,,66534,28,,,1,100,,66535,28,,,1,100,,66536,28,,,1,100,,66537,28,,,1,100,,66538,28,,,1
3901,'Samedi-11',627,,70569,28,,,1,100,,70571,28,,,1,100,,70575,28,,,1,100,,70574,28,,,1,101,,70577,28,,,1,100,,70576,28,,,1,101,,70572,28,,,1,30,,70570,28,,,1,70,,70578,28,,,1,30,,70573,28,,,1,70,,70579,28,,,1,30,,70580,28,,,1,71,,70581,28,,,1,70,,70582,28,,,1,30,,70583,28,,,1,70,,70584,28,,,1,30,,70585,28,,,1,70,,70586,28,,,1,29,,70587,28,,,1,29,,70588,28,,,1,100,,70589,28,,,1,100,,70590,28,,,1,100,,70591,28,,,1,100,,70592,28,,,1
3901,'Dimanche-0',627,,68411,28,,,1,100,,68418,28,,,1,100,,68421,28,,,1,100,,68414,28,,,1,101,,68416,28,,,1,100,,68417,28,,,1,101,,68420,28,,,1,30,,68413,28,,,1,70,,68415,28,,,1,30,,68422,28,,,1,70,,68412,28,,,1,30,,68424,28,,,1,71,,68419,28,,,1,70,,68426,28,,,1,30,,68429,28,,,1,70,,68431,28,,,1,30,,68427,28,,,1,70,,68428,28,,,1,29,,68430,28,,,1,29,,68423,28,,,1,100,,68425,28,,,1,100,,68432,28,,,1,100,,68433,28,,,1,100,,68434,28,,,1
3901,'Dimanche-10',627,,69490,28,,,1,100,,69497,28,,,1,100,,69500,28,,,1,100,,69493,28,,,1,101,,69495,28,,,1,100,,69496,28,,,1,101,,69499,28,,,1,30,,69492,28,,,1,70,,69494,28,,,1,30,,69501,28,,,1,70,,69491,28,,,1,30,,69503,28,,,1,71,,69498,28,,,1,70,,69505,28,,,1,30,,69508,28,,,1,70,,69510,28,,,1,30,,69506,28,,,1,70,,69507,28,,,1,29,,69509,28,,,1,29,,69502,28,,,1,100,,69504,28,,,1,100,,69511,28,,,1,100,,69512,28,,,1,100,,69513,28,,,1
3901,'Dimanche-11',627,,66539,28,,,1,100,,66546,28,,,1,100,,66549,28,,,1,100,,66542,28,,,1,101,,66544,28,,,1,100,,66545,28,,,1,101,,66548,28,,,1,30,,66541,28,,,1,70,,66543,28,,,1,30,,66550,28,,,1,70,,66540,28,,,1,30,,66552,28,,,1,71,,66547,28,,,1,70,,66554,28,,,1,30,,66557,28,,,1,70,,66559,28,,,1,30,,66555,28,,,1,70,,66556,28,,,1,29,,66558,28,,,1,29,,66551,28,,,1,100,,66553,28,,,1,100,,66560,28,,,1,100,,66561,28,,,1,100,,66562,28,,,1
3901,'Semaine-0',650,,64138,28,,,1,66,,64127,28,,,1,37,,64128,28,,,1,73,,64124,28,,,1,32,,64130,28,,,1,70,,64132,28,,,2,30,,64139,28,,,1,70,,64150,28,,,1,30,,64145,28,,,2,70,,64140,28,,,1,30,,64125,28,,,1,71,,64134,28,,,1,71,,64141,28,,,1,28,,64126,28,,,2,30,,64123,28,,,1,74,,64142,28,,,1,69,,64135,28,,,1,32,,64116,28,,,1,71,,64143,28,,,2,30,,64121,28,,,1,70,,64118,28,,,1,30,,64146,28,,,1,67,,64131,28,,,1,32,,64137,28,,,2,70,,64122,28,,,2,31,,64144,28,,,1,25,,64117,28,,,2,66,,64147,28,,,1,30,,64120,28,,,1,70,,64136,28,,,1,32,,64148,28,,,1,70,,64119,28,,,1,32,,64129,28,,,1,69,,64149,28,,,1,30,,64133,28,,,1
3901,'Semaine-10',650,,72068,28,,,1,66,,72057,28,,,1,37,,72058,28,,,1,73,,72054,28,,,1,32,,72060,28,,,1,70,,72062,28,,,2,30,,72069,28,,,1,70,,72080,28,,,1,30,,72075,28,,,2,70,,72070,28,,,1,30,,72055,28,,,1,71,,72064,28,,,1,71,,72071,28,,,1,28,,72056,28,,,2,30,,72053,28,,,1,74,,72072,28,,,1,69,,72065,28,,,1,32,,72046,28,,,1,71,,72073,28,,,2,30,,72051,28,,,1,70,,72048,28,,,1,30,,72076,28,,,1,67,,72061,28,,,1,32,,72067,28,,,2,70,,72052,28,,,2,31,,72074,28,,,1,25,,72047,28,,,2,66,,72077,28,,,1,30,,72050,28,,,1,70,,72066,28,,,1,32,,72078,28,,,1,70,,72049,28,,,1,32,,72059,28,,,1,69,,72079,28,,,1,30,,72063,28,,,1
44901,'Semaine-0',1508,,65837,11,0,9 14,1
44901,'Semaine-10',1508,,73767,11,0,9 14,1
63901,'Semaine-0',655,,65858,3,0,9 10,1
63901,'Semaine-10',655,,73788,3,0,9 10,1
