4801,'Semaine-0',755,,64197,40,,,1
4801,'Semaine-10',755,,72127,40,,,1
4801,'Semaine-11',755,,74658,40,,,1
8501,'Semaine-0',546,,65369,32,,,1,70,,65371,32,,,1,27,,65374,32,,,1,15,,65373,32,,,1,58,,65378,32,,,1,14,,65370,32,,,2,16,,65376,32,,,1,56,,65372,32,,,2,14,,65377,32,,,1,20,,65375,32,,,1
8501,'Semaine-10',546,,73299,32,,,1,70,,73301,32,,,1,27,,73304,32,,,1,15,,73303,32,,,1,58,,73308,32,,,1,14,,73300,32,,,2,16,,73306,32,,,1,56,,73302,32,,,2,14,,73307,32,,,1,20,,73305,32,,,1
8501,'Semaine-11',546,,75830,32,,,1,70,,75832,32,,,1,27,,75835,32,,,1,15,,75834,32,,,1,58,,75839,32,,,1,14,,75831,32,,,2,16,,75837,32,,,1,56,,75833,32,,,2,14,,75838,32,,,1,20,,75836,32,,,1
8701,'Semaine-0',531,,65398,28,,,1,70,,65391,28,,,1,30,,65396,28,,,1,19,,65394,28,,,1,54,,65392,28,,,1,16,,65401,28,,,1,17,,65397,28,,,1,15,,65393,28,,,1,56,,65400,28,,,1,18,,65399,28,,,2,20,,65395,28,,,1,60,,65390,28,,,1
8701,'Semaine-10',531,,73328,28,,,1,70,,73321,28,,,1,30,,73326,28,,,1,19,,73324,28,,,1,54,,73322,28,,,1,16,,73331,28,,,1,17,,73327,28,,,1,15,,73323,28,,,1,56,,73330,28,,,1,18,,73329,28,,,2,20,,73325,28,,,1,60,,73320,28,,,1
8701,'Semaine-11',531,,75859,28,,,1,70,,75852,28,,,1,30,,75857,28,,,1,19,,75855,28,,,1,54,,75853,28,,,1,16,,75862,28,,,1,17,,75858,28,,,1,15,,75854,28,,,1,56,,75861,28,,,1,18,,75860,28,,,2,20,,75856,28,,,1,60,,75851,28,,,1
86701,'Semaine-0',813,,65986,4,0,9 12 13,1
86701,'Semaine-10',813,,73916,4,0,9 12 13,1
86701,'Semaine-11',813,,76449,4,0,9 12 13,1
