5401,'Semaine-0',648,,64319,1,,,2,96,,64318,1,,,1,104,,64320,1,,,1
5401,'Semaine-10',648,,72249,1,,,2,96,,72248,1,,,1,104,,72250,1,,,1
5401,'Semaine-11',648,,74780,1,,,2,96,,74779,1,,,1,104,,74781,1,,,1
55400,'Semaine-0',644,,65846,1,0,5 6,2
55400,'Semaine-10',644,,73776,1,0,5 6,2
55400,'Semaine-11',644,,76307,1,0,5 6,2
55401,'Semaine-0',1551,,65848,28,0,5 6,1
55401,'Semaine-10',1551,,73778,28,0,5 6,1
55401,'Semaine-11',1551,,76309,28,0,5 6,1
65401,'Semaine-0',701,,65871,1,0,9 10,1
65401,'Semaine-10',701,,73801,1,0,9 10,1
65401,'Semaine-11',701,,76332,1,0,9 10,1
75401,'Semaine-0',702,,65890,1,0,9 18,1
75401,'Semaine-10',702,,73820,1,0,9 18,1
75401,'Semaine-11',702,,76351,1,0,9 18,1
