2800,'Semaine-0',1558,,63513,16,,,1,82,,63514,16,,,1,91,,63515,16,,,1
2900,'Semaine-0',1552,,63522,21,,,2,75,,63521,21,,,1,32,,63519,21,,,2,65,,63523,21,,,1,29,,63520,21,,,1
3400,'Samedi-0',740,,66133,22,,,1,100,,66138,22,,,1,70,,66134,22,,,1,31,,66140,22,,,1,70,,66141,22,,,1,31,,66135,22,,,1,70,,66136,22,,,1,30,,66137,22,,,1,70,,66139,22,,,1,30,,66142,22,,,1,70,,66144,22,,,1,30,,66143,22,,,1,70,,66145,22,,,1,30,,66146,22,,,1,70,,66147,22,,,1,30,,66148,22,,,1,70,,66149,22,,,1,30,,66150,22,,,1,70,,66151,22,,,1,30,,66152,22,,,1,70,,66153,22,,,1,30,,66154,22,,,1,69,,66155,22,,,1,29,,66156,22,,,1,71,,66157,22,,,1,30,,66158,22,,,1,70,,66159,22,,,1,30,,66160,22,,,1,70,,66161,22,,,1,30,,66163,22,,,1,70,,66162,22,,,1,29,,66165,22,,,1,70,,66164,22,,,1,27,,66166,22,,,1
3400,'Dimanche-11',740,,66171,22,,,1,100,,66191,22,,,1,70,,66173,22,,,1,31,,66177,22,,,1,70,,66170,22,,,1,31,,66178,22,,,1,70,,66169,22,,,1,30,,66168,22,,,1,70,,66181,22,,,1,30,,66172,22,,,1,70,,66175,22,,,1,30,,66174,22,,,1,70,,66167,22,,,1,30,,66183,22,,,1,70,,66179,22,,,1,30,,66180,22,,,1,70,,66176,22,,,1,30,,66187,22,,,1,70,,66186,22,,,1,30,,66184,22,,,1,70,,66182,22,,,1,30,,66185,22,,,1,69,,66190,22,,,1,29,,66188,22,,,1,71,,66189,22,,,1,30,,66192,22,,,1,70,,66193,22,,,1,30,,66194,22,,,1,70,,66195,22,,,1,30,,66196,22,,,1,70,,66197,22,,,1,29,,66199,22,,,1,70,,66198,22,,,1,27,,66200,22,,,1
3400,'Semaine-0',618,,63829,22,,,1,28,,63814,22,,,1,72,,63808,22,,,1,35,,63812,22,,,1,71,,63803,22,,,2,29,,63823,22,,,1,70,,63809,22,,,1,27,,63799,22,,,1,70,,63804,22,,,1,30,,63805,22,,,1,70,,63810,22,,,1,30,,63800,22,,,1,71,,63830,22,,,1,30,,63806,22,,,1,70,,63811,22,,,1,30,,63801,22,,,1,72,,63827,22,,,1,30,,63802,22,,,1,65,,63828,22,,,1,306,,63826,22,,,1,20,,63815,22,,,1,68,,63807,22,,,1,30,,63819,22,,,1,70,,63825,22,,,1,31,,63816,22,,,1,68,,63818,22,,,1,30,,63820,22,,,1,70,,63813,22,,,1,30,,63822,22,,,1,69,,63817,22,,,1,29,,63821,22,,,1,70,,63824,22,,,1
5600,'Semaine-0',649,,64421,34,,,1,64,,64419,34,,,1,6,,64423,34,,,1,31,,64422,34,,,1,72,,64416,34,,,1,100,,64415,34,,,1,107,,64417,34,,,1,98,,64420,34,,,2,102,,64418,34,,,1
32900,'Semaine-0',815,,65574,14,0,7 8,1
42900,'Semaine-0',717,,65823,7,0,9 14,1,2,,65824,7,0,9 14,2
55400,'Semaine-0',713,,65846,24,0,5 6,2
72900,'Semaine-0',1634,,65877,19,0,5 11,2
82900,'Semaine-0',1540,,65974,19,0,9 12 13,1
