7300,'Semaine-0',627,,65098,23,,,1,30,,65096,23,,,1,73,,65099,23,,,2,29,,65106,23,,,1,70,,65100,23,,,1,28,,65101,23,,,1,100,,65103,23,,,1,100,,65087,23,,,2,100,,65084,23,,,2,100,,65085,23,,,2,100,,65086,23,,,2,101,,65088,23,,,1,69,,65089,23,,,1,32,,65107,23,,,1,73,,65104,23,,,2,24,,65105,23,,,1,71,,65102,23,,,1,30,,65090,23,,,2,70,,65091,23,,,2,28,,65092,23,,,2,100,,65093,23,,,1,145,,65094,23,,,1,100,,65095,23,,,1,100,,65097,23,,,2
7300,'Semaine-10',627,,73028,23,,,1,30,,73026,23,,,1,73,,73029,23,,,2,29,,73036,23,,,1,70,,73030,23,,,1,28,,73031,23,,,1,100,,73033,23,,,1,100,,73017,23,,,2,100,,73014,23,,,2,100,,73015,23,,,2,100,,73016,23,,,2,101,,73018,23,,,1,69,,73019,23,,,1,32,,73037,23,,,1,73,,73034,23,,,2,24,,73035,23,,,1,71,,73032,23,,,1,30,,73020,23,,,2,70,,73021,23,,,2,28,,73022,23,,,2,100,,73023,23,,,1,145,,73024,23,,,1,100,,73025,23,,,1,100,,73027,23,,,2
7300,'Semaine-11',627,,75559,23,,,1,30,,75557,23,,,1,73,,75560,23,,,2,29,,75567,23,,,1,70,,75561,23,,,1,28,,75562,23,,,1,100,,75564,23,,,1,100,,75548,23,,,2,100,,75545,23,,,2,100,,75546,23,,,2,100,,75547,23,,,2,101,,75549,23,,,1,69,,75550,23,,,1,32,,75568,23,,,1,73,,75565,23,,,2,24,,75566,23,,,1,71,,75563,23,,,1,30,,75551,23,,,2,70,,75552,23,,,2,28,,75553,23,,,2,100,,75554,23,,,1,145,,75555,23,,,1,100,,75556,23,,,1,100,,75558,23,,,2
7501,'Samedi-0',639,,67488,20,,,1,100,,67487,20,,,1,100,,67493,20,,,1,100,,67491,20,,,1,100,,67492,20,,,1,100,,67489,20,,,1,100,,67490,20,,,1,101,,67494,20,,,1,100,,67495,20,,,1,100,,67496,20,,,1,100,,67497,20,,,1,100,,67498,20,,,1,100,,67499,20,,,1,99,,67500,20,,,1,100,,67501,20,,,1,100,,67502,20,,,1,100,,67503,20,,,1,102,,67504,20,,,1
7501,'Samedi-10',639,,77201,20,,,1,100,,77200,20,,,1,100,,77206,20,,,1,100,,77204,20,,,1,100,,77205,20,,,1,100,,77202,20,,,1,100,,77203,20,,,1,101,,77207,20,,,1,100,,77208,20,,,1,100,,77209,20,,,1,100,,77210,20,,,1,100,,77211,20,,,1,100,,77212,20,,,1,99,,77213,20,,,1,100,,77214,20,,,1,100,,77215,20,,,1,100,,77216,20,,,1,102,,77217,20,,,1
7501,'Samedi-11',639,,71056,20,,,1,100,,71055,20,,,1,100,,71061,20,,,1,100,,71059,20,,,1,100,,71060,20,,,1,100,,71057,20,,,1,100,,71058,20,,,1,101,,71062,20,,,1,100,,71063,20,,,1,100,,71064,20,,,1,100,,71065,20,,,1,100,,71066,20,,,1,100,,71067,20,,,1,99,,71068,20,,,1,100,,71069,20,,,1,100,,71070,20,,,1,100,,71071,20,,,1,102,,71072,20,,,1
7501,'Dimanche-0',639,,68898,20,,,1,100,,68900,20,,,1,100,,68901,20,,,1,100,,68910,20,,,1,100,,68899,20,,,1,100,,68906,20,,,1,100,,68897,20,,,1,101,,68903,20,,,1,100,,68905,20,,,1,100,,68904,20,,,1,100,,68907,20,,,1,100,,68902,20,,,1,100,,68909,20,,,1,99,,68908,20,,,1,100,,68911,20,,,1,100,,68912,20,,,1,100,,68913,20,,,1,102,,68914,20,,,1
7501,'Dimanche-10',639,,69977,20,,,1,100,,69979,20,,,1,100,,69980,20,,,1,100,,69989,20,,,1,100,,69978,20,,,1,100,,69985,20,,,1,100,,69976,20,,,1,101,,69982,20,,,1,100,,69984,20,,,1,100,,69983,20,,,1,100,,69986,20,,,1,100,,69981,20,,,1,100,,69988,20,,,1,99,,69987,20,,,1,100,,69990,20,,,1,100,,69991,20,,,1,100,,69992,20,,,1,102,,69993,20,,,1
7501,'Dimanche-11',639,,67506,20,,,1,100,,67508,20,,,1,100,,67509,20,,,1,100,,67518,20,,,1,100,,67507,20,,,1,100,,67514,20,,,1,100,,67505,20,,,1,101,,67511,20,,,1,100,,67513,20,,,1,100,,67512,20,,,1,100,,67515,20,,,1,100,,67510,20,,,1,100,,67517,20,,,1,99,,67516,20,,,1,100,,67519,20,,,1,100,,67520,20,,,1,100,,67521,20,,,1,102,,67522,20,,,1
7501,'Semaine-0',551,,65197,20,,,1,70,,65180,20,,,1,20,,65177,20,,,1,14,,65178,20,,,1,56,,65195,20,,,2,15,,65179,20,,,1,16,,65174,20,,,2,17,,65190,20,,,1,62,,65202,20,,,1,18,,65176,20,,,1,17,,65175,20,,,1,72,,65204,20,,,1,26,,65173,20,,,1,75,,65194,20,,,1,30,,65172,20,,,1,70,,65192,20,,,1,30,,65185,20,,,1,70,,65198,20,,,1,30,,65184,20,,,1,70,,65201,20,,,1,30,,65199,20,,,1,70,,65183,20,,,1,30,,65186,20,,,1,71,,65187,20,,,1,76,,65181,20,,,1,99,,65203,20,,,1,100,,65188,20,,,1,100,,65191,20,,,1,40,,65196,20,,,2,100,,65193,20,,,2,100,,65189,20,,,2,100,,65182,20,,,2,100,,65200,20,,,2
7501,'Semaine-10',551,,73127,20,,,1,70,,73110,20,,,1,20,,73107,20,,,1,14,,73108,20,,,1,56,,73125,20,,,2,15,,73109,20,,,1,16,,73104,20,,,2,17,,73120,20,,,1,62,,73132,20,,,1,18,,73106,20,,,1,17,,73105,20,,,1,72,,73134,20,,,1,26,,73103,20,,,1,75,,73124,20,,,1,30,,73102,20,,,1,70,,73122,20,,,1,30,,73115,20,,,1,70,,73128,20,,,1,30,,73114,20,,,1,70,,73131,20,,,1,30,,73129,20,,,1,70,,73113,20,,,1,30,,73116,20,,,1,71,,73117,20,,,1,76,,73111,20,,,1,99,,73133,20,,,1,100,,73118,20,,,1,100,,73121,20,,,1,40,,73126,20,,,2,100,,73123,20,,,2,100,,73119,20,,,2,100,,73112,20,,,2,100,,73130,20,,,2
7501,'Semaine-11',551,,75658,20,,,1,70,,75641,20,,,1,20,,75638,20,,,1,14,,75639,20,,,1,56,,75656,20,,,2,15,,75640,20,,,1,16,,75635,20,,,2,17,,75651,20,,,1,62,,75663,20,,,1,18,,75637,20,,,1,17,,75636,20,,,1,72,,75665,20,,,1,26,,75634,20,,,1,75,,75655,20,,,1,30,,75633,20,,,1,70,,75653,20,,,1,30,,75646,20,,,1,70,,75659,20,,,1,30,,75645,20,,,1,70,,75662,20,,,1,30,,75660,20,,,1,70,,75644,20,,,1,30,,75647,20,,,1,71,,75648,20,,,1,76,,75642,20,,,1,99,,75664,20,,,1,100,,75649,20,,,1,100,,75652,20,,,1,40,,75657,20,,,2,100,,75654,20,,,2,100,,75650,20,,,2,100,,75643,20,,,2,100,,75661,20,,,2
