3100,'Samedi-0',730,,65987,42,,,1,105,,65988,42,,,1,104,,65989,42,,,1,100,,65990,42,,,1,102,,65991,42,,,1,102,,65992,42,,,1,101,,65993,42,,,1,100,,65994,42,,,1,100,,65995,42,,,1,102,,65996,42,,,1,100,,65997,42,,,1,100,,65998,42,,,1,93,,65999,42,,,1,101,,66000,42,,,1,100,,66001,42,,,1,100,,66002,42,,,1,101,,66003,42,,,1,98,,66004,42,,,1,100,,66005,42,,,1
3100,'Dimanche-0',730,,68151,42,,,1,105,,68153,42,,,1,104,,68152,42,,,1,100,,68160,42,,,1,102,,68155,42,,,1,102,,68147,42,,,1,101,,68150,42,,,1,100,,68149,42,,,1,100,,68148,42,,,1,102,,68154,42,,,1,100,,68156,42,,,1,100,,68157,42,,,1,93,,68159,42,,,1,101,,68158,42,,,1,100,,68161,42,,,1,100,,68162,42,,,1,101,,68163,42,,,1,98,,68164,42,,,1,100,,68165,42,,,1
3100,'Dimanche-11',730,,66010,42,,,1,105,,66012,42,,,1,104,,66011,42,,,1,100,,66019,42,,,1,102,,66014,42,,,1,102,,66006,42,,,1,101,,66009,42,,,1,100,,66008,42,,,1,100,,66007,42,,,1,102,,66013,42,,,1,100,,66015,42,,,1,100,,66016,42,,,1,93,,66018,42,,,1,101,,66017,42,,,1,100,,66020,42,,,1,100,,66021,42,,,1,101,,66022,42,,,1,98,,66023,42,,,1,100,,66024,42,,,1
3100,'Semaine-0',638,,63532,42,,,1,84,,63565,42,,,1,23,,63545,42,,,1,61,,63533,42,,,1,15,,63570,42,,,1,21,,63567,42,,,1,61,,63529,42,,,1,18,,63542,42,,,1,23,,63543,42,,,1,9,,63534,42,,,1,64,,63536,42,,,1,20,,63553,42,,,1,67,,63554,42,,,1,31,,63535,42,,,1,70,,63540,42,,,1,30,,63559,42,,,1,70,,63556,42,,,1,17,,63537,42,,,1,13,,63530,42,,,1,19,,63564,42,,,1,60,,63568,42,,,1,18,,63555,42,,,1,70,,63538,42,,,1,23,,63558,42,,,1,11,,63560,42,,,1,75,,63566,42,,,1,24,,63557,42,,,1,18,,63539,42,,,1,59,,63550,42,,,1,23,,63552,42,,,1,18,,63541,42,,,1,57,,63528,42,,,1,15,,63531,42,,,1,10,,63562,42,,,1,68,,63569,42,,,1,12,,63547,42,,,1,20,,63563,42,,,1,106,,63548,42,,,1,99,,63544,42,,,1,100,,63549,42,,,1,100,,63551,42,,,1,100,,63561,42,,,1,100,,63546,42,,,1
3301,'Samedi-0',717,,66097,18,,,1,100,,66098,18,,,1,100,,66099,18,,,1,100,,66100,18,,,1,99,,66101,18,,,1,101,,66102,18,,,1,100,,66103,18,,,1,100,,66104,18,,,1,101,,66105,18,,,1,99,,66106,18,,,1,100,,66107,18,,,1,99,,66108,18,,,1,100,,66109,18,,,1,100,,66110,18,,,1,100,,66111,18,,,1,100,,66112,18,,,1,100,,66113,18,,,1,100,,66114,18,,,1
3301,'Dimanche-0',717,,68206,18,,,1,100,,68207,18,,,1,100,,68215,18,,,1,100,,68208,18,,,1,99,,68203,18,,,1,101,,68204,18,,,1,100,,68202,18,,,1,100,,68205,18,,,1,101,,68209,18,,,1,99,,68210,18,,,1,100,,68212,18,,,1,99,,68214,18,,,1,100,,68213,18,,,1,100,,68211,18,,,1,100,,68216,18,,,1,100,,68217,18,,,1,100,,68218,18,,,1,100,,68219,18,,,1
3301,'Dimanche-11',717,,66119,18,,,1,100,,66120,18,,,1,100,,66128,18,,,1,100,,66121,18,,,1,99,,66116,18,,,1,101,,66117,18,,,1,100,,66115,18,,,1,100,,66118,18,,,1,101,,66122,18,,,1,99,,66123,18,,,1,100,,66125,18,,,1,99,,66127,18,,,1,100,,66126,18,,,1,100,,66124,18,,,1,100,,66129,18,,,1,100,,66130,18,,,1,100,,66131,18,,,1,100,,66132,18,,,1
3301,'Semaine-0',602,,63781,18,,,1,20,,63789,18,,,1,18,,63766,18,,,1,15,,63786,18,,,1,59,,63782,18,,,1,10,,63777,18,,,1,11,,63797,18,,,1,12,,63795,18,,,1,55,,63784,18,,,1,14,,63772,18,,,1,11,,63788,18,,,1,14,,63762,18,,,1,70,,63774,18,,,1,31,,63780,18,,,1,70,,63770,18,,,1,30,,63791,18,,,1,70,,63775,18,,,1,30,,63767,18,,,1,70,,63769,18,,,1,15,,63787,18,,,1,15,,63796,18,,,1,65,,63778,18,,,1,30,,63768,18,,,1,70,,63773,18,,,1,30,,63776,18,,,1,20,,63798,18,,,1,60,,63779,18,,,1,18,,63783,18,,,1,23,,63764,18,,,1,60,,63794,18,,,1,20,,63771,18,,,1,67,,63761,18,,,1,31,,63758,18,,,1,75,,63792,18,,,1,30,,63765,18,,,1,70,,63760,18,,,1,100,,63763,18,,,1,34,,63785,18,,,1,101,,63790,18,,,2,100,,63759,18,,,1,100,,63793,18,,,1
3501,'Semaine-0',654,,63927,11,,,1,75,,63920,11,,,1
33101,'Semaine-0',1639,,65577,32,0,7 8,1
56601,'Semaine-0',719,,65850,52,0,5 6,1
83100,'Semaine-0',1545,,65979,25,0,9 12 13,1
