2300,'Semaine-0',1555,,63476,21,,,1,69,,63474,21,,,1,34,,63472,21,,,1,65,,63473,21,,,2,24,,63475,21,,,2,69,,63471,21,,,1
2500,'Semaine-0',1538,,63482,20,,,1,70,,63485,20,,,1,31,,63483,20,,,1,73,,63487,20,,,1,24,,63484,20,,,2,67,,63486,20,,,2
2600,'Semaine-0',1606,,63496,27,,,1,32,,63495,27,,,1,69,,63494,27,,,2,30,,63497,27,,,1,67,,63498,27,,,2
2800,'Semaine-0',1609,,63513,30,,,1,42,,63514,30,,,1,91,,63515,30,,,1
3400,'Semaine-0',628,,63829,36,,,1,28,,63814,36,,,1,74,,63808,36,,,1,74,,63812,36,,,1,31,,63803,36,,,2,68,,63823,36,,,1,30,,63809,36,,,1,67,,63799,36,,,1,30,,63804,36,,,1,70,,63805,36,,,1,30,,63810,36,,,1,70,,63800,36,,,1,31,,63830,36,,,1,70,,63806,36,,,1,30,,63811,36,,,1,70,,63801,36,,,1,32,,63827,36,,,1,70,,63802,36,,,1,26,,63828,36,,,1,305,,63826,36,,,1,20,,63815,36,,,1,68,,63807,36,,,1,30,,63819,36,,,1,70,,63825,36,,,1,31,,63816,36,,,1,68,,63818,36,,,1,30,,63820,36,,,1,70,,63813,36,,,1,30,,63822,36,,,1,69,,63817,36,,,1,29,,63821,36,,,1,70,,63824,36,,,1
4901,'Semaine-0',607,,64243,18,,,1,47,,64248,18,,,1,71,,64264,18,,,1,31,,64260,18,,,1,68,,64258,18,,,1,29,,64268,18,,,1,70,,64250,18,,,1,30,,64266,18,,,1,69,,64262,18,,,1,31,,64237,18,,,1,70,,64259,18,,,1,30,,64238,18,,,1,70,,64244,18,,,1,30,,64246,18,,,1,70,,64251,18,,,1,29,,64267,18,,,1,71,,64249,18,,,1,31,,64269,18,,,1,62,,64265,18,,,1,11,,64252,18,,,1,15,,64239,18,,,1,15,,64255,18,,,1,70,,64245,18,,,1,28,,64247,18,,,1,69,,64263,18,,,1,29,,64257,18,,,1,70,,64261,18,,,1,94,,64240,18,,,1,40,,64256,18,,,1,101,,64254,18,,,1,99,,64241,18,,,1,100,,64253,18,,,1,98,,64242,18,,,1
32500,'Semaine-0',1637,,65569,28,0,7 8,1
42501,'Semaine-0',1508,,65819,14,0,9 14,1
54901,'Semaine-0',1528,,65839,11,,,1
72500,'Semaine-0',1632,,65874,18,0,5 11,1
82500,'Semaine-0',1537,,65963,12,0,9 12 13,1
