4101,'Semaine-0',634,,64170,16,,,1,73,,64171,16,,,1,35,,64172,16,,,1,65,,64169,16,,,2,29,,64168,16,,,1
4500,'Semaine-0',1542,,64182,52,,,1,76,,64177,52,,,1,30,,64178,52,,,1,72,,64180,52,,,1,27,,64181,52,,,1,63,,64179,52,,,2
4900,'Semaine-0',628,,64225,13,,,1,31,,64236,13,,,1,71,,64228,13,,,1,26,,64229,13,,,1,73,,64223,13,,,1,74,,64218,13,,,1,29,,64210,13,,,1,71,,64230,13,,,1,33,,64226,13,,,1,70,,64221,13,,,1,30,,64198,13,,,1,70,,64219,13,,,1,30,,64200,13,,,1,70,,64205,13,,,1,30,,64207,13,,,1,71,,64211,13,,,1,30,,64227,13,,,1,70,,64209,13,,,1,30,,64212,13,,,1,70,,64203,13,,,1,30,,64215,13,,,1,70,,64206,13,,,1,30,,64204,13,,,1,70,,64222,13,,,1,28,,64216,13,,,1,100,,64199,13,,,1,99,,64217,13,,,1,101,,64214,13,,,1,100,,64201,13,,,1,98,,64213,13,,,1,100,,64202,13,,,1
5200,'Semaine-0',620,,64282,33,,,1,98,,64284,33,,,1,109,,64279,33,,,1,96,,64295,33,,,1,98,,64293,33,,,1,101,,64280,33,,,1,100,,64287,33,,,1,100,,64286,33,,,1,100,,64283,33,,,1,101,,64281,33,,,1,108,,64285,33,,,1,100,,64296,33,,,1,106,,64294,33,,,1,99,,64288,33,,,1,84,,64292,33,,,1,100,,64291,33,,,1,99,,64289,33,,,1,100,,64290,33,,,1
5601,'Semaine-0',1250,,64428,44,,,1,101,,64425,44,,,1,101,,64424,44,,,1,104,,64427,44,,,2,144,,64426,44,,,1,59,,64429,44,,,1,94,,64430,44,,,1
5901,'Semaine-0',512,,64498,12,,,1,15,,64534,12,,,1,15,,64507,12,,,1,15,,64528,12,,,1,55,,64508,12,,,1,14,,64497,12,,,1,13,,64499,12,,,1,13,,64502,12,,,1,58,,64505,12,,,1,15,,64506,12,,,1,18,,64501,12,,,1,12,,64530,12,,,1,58,,64516,12,,,1,15,,64521,12,,,1,13,,64511,12,,,1,15,,64496,12,,,1,56,,64514,12,,,1,27,,64540,12,,,1,70,,64535,12,,,1,30,,64522,12,,,1,70,,64504,12,,,1,30,,64515,12,,,1,70,,64518,12,,,1,30,,64503,12,,,1,70,,64532,12,,,1,30,,64494,12,,,1,70,,64536,12,,,1,30,,64526,12,,,1,73,,64529,12,,,1,100,,64533,12,,,1,101,,64513,12,,,1,100,,64520,12,,,1,37,,64525,12,,,1,70,,64512,12,,,1,30,,64519,12,,,1,70,,64524,12,,,1,30,,64531,12,,,1,70,,64509,12,,,1,30,,64527,12,,,1,71,,64517,12,,,1,30,,64500,12,,,1,70,,64510,12,,,1,30,,64523,12,,,1
64101,'Semaine-0',1522,,65865,19,4,,1
64500,'Semaine-0',725,,65866,29,0,9 10,1
75200,'Semaine-0',723,,65885,17,0,9 18,1,2,,65884,17,0,9 18,2
80000,'Semaine-0',552,,65923,16,,,1,71,,65909,16,,,1,31,,65899,16,,,1,55,,65898,16,,,1,15,,65919,16,,,1,31,,65910,16,,,1,58,,65896,16,,,1,30,,65915,16,,,1,70,,65900,16,,,1,30,,65917,16,,,1,70,,65912,16,,,1,30,,65926,16,,,1,70,,65893,16,,,1,30,,65914,16,,,1,70,,65904,16,,,1,31,,65920,16,,,1,69,,65913,16,,,1,30,,65924,16,,,1,70,,65903,16,,,1,29,,65918,16,,,1,72,,65916,16,,,1,31,,65905,16,,,1,70,,65921,16,,,1,30,,65894,16,,,1,69,,65911,16,,,1,30,,65908,16,,,1,70,,65922,16,,,1,29,,65907,16,,,1,72,,65901,16,,,1,28,,65895,16,,,1,71,,65925,16,,,1,29,,65906,16,,,1,69,,65902,16,,,1,30,,65892,16,,,1,69,,65897,16,,,1,30,,65891,16,,,1
