2301,'Semaine-0',624,,63480,19,,,1,30,,63477,19,,,2,70,,63481,19,,,1,35,,63479,19,,,2,67,,63478,19,,,1
2301,'Semaine-10',624,,71410,19,,,1,30,,71407,19,,,2,70,,71411,19,,,1,35,,71409,19,,,2,67,,71408,19,,,1
2301,'Semaine-11',624,,73941,19,,,1,30,,73938,19,,,2,70,,73942,19,,,1,35,,73940,19,,,2,67,,73939,19,,,1
2501,'Semaine-0',609,,63492,26,,,2,29,,63491,26,,,1,72,,63489,26,,,1,30,,63490,26,,,2,71,,63493,26,,,1,29,,63488,26,,,2
2501,'Semaine-10',609,,71422,26,,,2,29,,71421,26,,,1,72,,71419,26,,,1,30,,71420,26,,,2,71,,71423,26,,,1,29,,71418,26,,,2
2501,'Semaine-11',609,,73953,26,,,2,29,,73952,26,,,1,72,,73950,26,,,1,30,,73951,26,,,2,71,,73954,26,,,1,29,,73949,26,,,2
2601,'Semaine-0',601,,63500,20,,,1,31,,63502,20,,,2,70,,63503,20,,,2,30,,63501,20,,,1,69,,63499,20,,,2
2601,'Semaine-10',601,,71430,20,,,1,31,,71432,20,,,2,70,,71433,20,,,2,30,,71431,20,,,1,69,,71429,20,,,2
2601,'Semaine-11',601,,73961,20,,,1,31,,73963,20,,,2,70,,73964,20,,,2,30,,73962,20,,,1,69,,73960,20,,,2
2801,'Semaine-0',650,,63517,22,,,1,74,,63518,22,,,2,99,,63516,22,,,2
2801,'Semaine-10',650,,71447,22,,,1,74,,71448,22,,,2,99,,71446,22,,,2
2801,'Semaine-11',650,,73978,22,,,1,74,,73979,22,,,2,99,,73977,22,,,2
3201,'Semaine-0',518,,63711,18,,,1,21,,63710,18,,,1,20,,63702,18,,,1,61,,63712,18,,,2,10,,63692,18,,,1,8,,63713,18,,,1,11,,63693,18,,,1,10,,63694,18,,,1,48,,63686,18,,,1,10,,63689,18,,,1,8,,63715,18,,,1,8,,63695,18,,,1,8,,63690,18,,,1,9,,63703,18,,,1,8,,63685,18,,,1,48,,63696,18,,,1,8,,63714,18,,,2,8,,63684,18,,,1,10,,63683,18,,,1,10,,63688,18,,,1,8,,63691,18,,,1,50,,63697,18,,,1,22,,63671,18,,,2,30,,63681,18,,,1,71,,63674,18,,,1,29,,63677,18,,,1,70,,63670,18,,,1,31,,63680,18,,,1,70,,63675,18,,,1,30,,63682,18,,,1,69,,63664,18,,,1,30,,63669,18,,,1,70,,63676,18,,,1,30,,63687,18,,,1,71,,63704,18,,,1,31,,63705,18,,,2,69,,63706,18,,,1,30,,63707,18,,,1,69,,63708,18,,,2,30,,63709,18,,,1,70,,63667,18,,,1,30,,63665,18,,,2,70,,63678,18,,,2,30,,63673,18,,,1,69,,63668,18,,,1,31,,63666,18,,,2,70,,63679,18,,,1,29,,63672,18,,,1,68,,63699,18,,,1,32,,63698,18,,,1,69,,63700,18,,,1,30,,63701,18,,,1
3201,'Semaine-10',518,,71641,18,,,1,21,,71640,18,,,1,20,,71632,18,,,1,61,,71642,18,,,2,10,,71622,18,,,1,8,,71643,18,,,1,11,,71623,18,,,1,10,,71624,18,,,1,48,,71616,18,,,1,10,,71619,18,,,1,8,,71645,18,,,1,8,,71625,18,,,1,8,,71620,18,,,1,9,,71633,18,,,1,8,,71615,18,,,1,48,,71626,18,,,1,8,,71644,18,,,2,8,,71614,18,,,1,10,,71613,18,,,1,10,,71618,18,,,1,8,,71621,18,,,1,50,,71627,18,,,1,22,,71601,18,,,2,30,,71611,18,,,1,71,,71604,18,,,1,29,,71607,18,,,1,70,,71600,18,,,1,31,,71610,18,,,1,70,,71605,18,,,1,30,,71612,18,,,1,69,,71594,18,,,1,30,,71599,18,,,1,70,,71606,18,,,1,30,,71617,18,,,1,71,,71634,18,,,1,31,,71635,18,,,2,69,,71636,18,,,1,30,,71637,18,,,1,69,,71638,18,,,2,30,,71639,18,,,1,70,,71597,18,,,1,30,,71595,18,,,2,70,,71608,18,,,2,30,,71603,18,,,1,69,,71598,18,,,1,31,,71596,18,,,2,70,,71609,18,,,1,29,,71602,18,,,1,68,,71629,18,,,1,32,,71628,18,,,1,69,,71630,18,,,1,30,,71631,18,,,1
3201,'Semaine-11',518,,74172,18,,,1,21,,74171,18,,,1,20,,74163,18,,,1,61,,74173,18,,,2,10,,74153,18,,,1,8,,74174,18,,,1,11,,74154,18,,,1,10,,74155,18,,,1,48,,74147,18,,,1,10,,74150,18,,,1,8,,74176,18,,,1,8,,74156,18,,,1,8,,74151,18,,,1,9,,74164,18,,,1,8,,74146,18,,,1,48,,74157,18,,,1,8,,74175,18,,,2,8,,74145,18,,,1,10,,74144,18,,,1,10,,74149,18,,,1,8,,74152,18,,,1,50,,74158,18,,,1,22,,74132,18,,,2,30,,74142,18,,,1,71,,74135,18,,,1,29,,74138,18,,,1,70,,74131,18,,,1,31,,74141,18,,,1,70,,74136,18,,,1,30,,74143,18,,,1,69,,74125,18,,,1,30,,74130,18,,,1,70,,74137,18,,,1,30,,74148,18,,,1,71,,74165,18,,,1,31,,74166,18,,,2,69,,74167,18,,,1,30,,74168,18,,,1,69,,74169,18,,,2,30,,74170,18,,,1,70,,74128,18,,,1,30,,74126,18,,,2,70,,74139,18,,,2,30,,74134,18,,,1,69,,74129,18,,,1,31,,74127,18,,,2,70,,74140,18,,,1,29,,74133,18,,,1,68,,74160,18,,,1,32,,74159,18,,,1,69,,74161,18,,,1,30,,74162,18,,,1
3401,'Samedi-0',704,,66201,31,,,1,100,,66204,31,,,1,30,,66213,31,,,1,70,,66202,31,,,1,31,,66207,31,,,1,70,,66209,31,,,1,29,,66203,31,,,1,70,,66212,31,,,1,32,,66205,31,,,1,69,,66214,31,,,1,31,,66206,31,,,1,70,,66208,31,,,1,30,,66210,31,,,1,70,,66211,31,,,1,30,,66215,31,,,1,72,,66216,31,,,1,30,,66217,31,,,1,70,,66218,31,,,1,30,,66219,31,,,1,67,,66220,31,,,1,30,,66221,31,,,1,70,,66222,31,,,1,30,,66223,31,,,1,70,,66225,31,,,1,29,,66224,31,,,1,70,,66226,31,,,1,30,,66227,31,,,1,70,,66228,31,,,1,30,,66230,31,,,1,70,,66229,31,,,1,30,,66231,31,,,1,96,,66232,31,,,1
3401,'Samedi-11',704,,70412,31,,,1,100,,70415,31,,,1,30,,70424,31,,,1,70,,70413,31,,,1,31,,70418,31,,,1,70,,70420,31,,,1,29,,70414,31,,,1,70,,70423,31,,,1,32,,70416,31,,,1,69,,70425,31,,,1,31,,70417,31,,,1,70,,70419,31,,,1,30,,70421,31,,,1,70,,70422,31,,,1,30,,70426,31,,,1,72,,70427,31,,,1,30,,70428,31,,,1,70,,70429,31,,,1,30,,70430,31,,,1,67,,70431,31,,,1,30,,70432,31,,,1,70,,70433,31,,,1,30,,70434,31,,,1,70,,70436,31,,,1,29,,70435,31,,,1,70,,70437,31,,,1,30,,70438,31,,,1,70,,70439,31,,,1,30,,70441,31,,,1,70,,70440,31,,,1,30,,70442,31,,,1,96,,70443,31,,,1
3401,'Dimanche-0',704,,68254,31,,,1,100,,68262,31,,,1,30,,68267,31,,,1,70,,68259,31,,,1,31,,68257,31,,,1,70,,68280,31,,,1,29,,68261,31,,,1,70,,68266,31,,,1,32,,68256,31,,,1,69,,68255,31,,,1,31,,68258,31,,,1,70,,68265,31,,,1,30,,68268,31,,,1,70,,68260,31,,,1,30,,68264,31,,,1,72,,68263,31,,,1,30,,68269,31,,,1,70,,68273,31,,,1,30,,68270,31,,,1,67,,68271,31,,,1,30,,68272,31,,,1,70,,68279,31,,,1,30,,68274,31,,,1,70,,68277,31,,,1,29,,68275,31,,,1,70,,68276,31,,,1,30,,68278,31,,,1,70,,68281,31,,,1,30,,68283,31,,,1,70,,68282,31,,,1,30,,68284,31,,,1,96,,68285,31,,,1
3401,'Dimanche-10',704,,69333,31,,,1,100,,69341,31,,,1,30,,69346,31,,,1,70,,69338,31,,,1,31,,69336,31,,,1,70,,69359,31,,,1,29,,69340,31,,,1,70,,69345,31,,,1,32,,69335,31,,,1,69,,69334,31,,,1,31,,69337,31,,,1,70,,69344,31,,,1,30,,69347,31,,,1,70,,69339,31,,,1,30,,69343,31,,,1,72,,69342,31,,,1,30,,69348,31,,,1,70,,69352,31,,,1,30,,69349,31,,,1,67,,69350,31,,,1,30,,69351,31,,,1,70,,69358,31,,,1,30,,69353,31,,,1,70,,69356,31,,,1,29,,69354,31,,,1,70,,69355,31,,,1,30,,69357,31,,,1,70,,69360,31,,,1,30,,69362,31,,,1,70,,69361,31,,,1,30,,69363,31,,,1,96,,69364,31,,,1
3401,'Dimanche-11',704,,66233,31,,,1,100,,66241,31,,,1,30,,66246,31,,,1,70,,66238,31,,,1,31,,66236,31,,,1,70,,66259,31,,,1,29,,66240,31,,,1,70,,66245,31,,,1,32,,66235,31,,,1,69,,66234,31,,,1,31,,66237,31,,,1,70,,66244,31,,,1,30,,66247,31,,,1,70,,66239,31,,,1,30,,66243,31,,,1,72,,66242,31,,,1,30,,66248,31,,,1,70,,66252,31,,,1,30,,66249,31,,,1,67,,66250,31,,,1,30,,66251,31,,,1,70,,66258,31,,,1,30,,66253,31,,,1,70,,66256,31,,,1,29,,66254,31,,,1,70,,66255,31,,,1,30,,66257,31,,,1,70,,66260,31,,,1,30,,66262,31,,,1,70,,66261,31,,,1,30,,66263,31,,,1,96,,66264,31,,,1
3401,'Semaine-0',910,,63856,31,,,1,30,,63836,31,,,2,70,,63840,31,,,1,30,,63860,31,,,1,70,,63833,31,,,1,30,,63837,31,,,1,70,,63841,31,,,1,30,,63831,31,,,1,70,,63834,31,,,1,30,,63838,31,,,1,69,,63842,31,,,2,31,,63835,31,,,1,70,,63857,31,,,1,30,,63832,31,,,1,75,,63858,31,,,1,27,,63859,31,,,1,70,,63853,31,,,1,28,,63849,31,,,1,70,,63839,31,,,1,29,,63846,31,,,1,70,,63855,31,,,1,30,,63843,31,,,1,70,,63845,31,,,1,30,,63847,31,,,1,70,,63851,31,,,2,30,,63844,31,,,1,70,,63850,31,,,1,30,,63848,31,,,1,70,,63852,31,,,1,30,,63854,31,,,1
3401,'Semaine-10',910,,71786,31,,,1,30,,71766,31,,,2,70,,71770,31,,,1,30,,71790,31,,,1,70,,71763,31,,,1,30,,71767,31,,,1,70,,71771,31,,,1,30,,71761,31,,,1,70,,71764,31,,,1,30,,71768,31,,,1,69,,71772,31,,,2,31,,71765,31,,,1,70,,71787,31,,,1,30,,71762,31,,,1,75,,71788,31,,,1,27,,71789,31,,,1,70,,71783,31,,,1,28,,71779,31,,,1,70,,71769,31,,,1,29,,71776,31,,,1,70,,71785,31,,,1,30,,71773,31,,,1,70,,71775,31,,,1,30,,71777,31,,,1,70,,71781,31,,,2,30,,71774,31,,,1,70,,71780,31,,,1,30,,71778,31,,,1,70,,71782,31,,,1,30,,71784,31,,,1
3401,'Semaine-11',910,,74317,31,,,1,30,,74297,31,,,2,70,,74301,31,,,1,30,,74321,31,,,1,70,,74294,31,,,1,30,,74298,31,,,1,70,,74302,31,,,1,30,,74292,31,,,1,70,,74295,31,,,1,30,,74299,31,,,1,69,,74303,31,,,2,31,,74296,31,,,1,70,,74318,31,,,1,30,,74293,31,,,1,75,,74319,31,,,1,27,,74320,31,,,1,70,,74314,31,,,1,28,,74310,31,,,1,70,,74300,31,,,1,29,,74307,31,,,1,70,,74316,31,,,1,30,,74304,31,,,1,70,,74306,31,,,1,30,,74308,31,,,1,70,,74312,31,,,2,30,,74305,31,,,1,70,,74311,31,,,1,30,,74309,31,,,1,70,,74313,31,,,1,30,,74315,31,,,1
3900,'Samedi-0',656,,66467,29,,,1,101,,66468,29,,,1,100,,66472,29,,,1,102,,66471,29,,,1,100,,66474,29,,,1,100,,66473,29,,,1,142,,66469,29,,,1,30,,66470,29,,,1,70,,66475,29,,,1,31,,66476,29,,,1,70,,66477,29,,,1,30,,66478,29,,,1,71,,66479,29,,,1,30,,66480,29,,,1,70,,66481,29,,,1,30,,66482,29,,,1,69,,66483,29,,,1,29,,66484,29,,,1,69,,66485,29,,,1,28,,66486,29,,,1,100,,66487,29,,,1,100,,66488,29,,,1,100,,66489,29,,,1,100,,66490,29,,,1
3900,'Samedi-11',656,,70545,29,,,1,101,,70546,29,,,1,100,,70550,29,,,1,102,,70549,29,,,1,100,,70552,29,,,1,100,,70551,29,,,1,142,,70547,29,,,1,30,,70548,29,,,1,70,,70553,29,,,1,31,,70554,29,,,1,70,,70555,29,,,1,30,,70556,29,,,1,71,,70557,29,,,1,30,,70558,29,,,1,70,,70559,29,,,1,30,,70560,29,,,1,69,,70561,29,,,1,29,,70562,29,,,1,69,,70563,29,,,1,28,,70564,29,,,1,100,,70565,29,,,1,100,,70566,29,,,1,100,,70567,29,,,1,100,,70568,29,,,1
3900,'Dimanche-0',656,,68387,29,,,1,101,,68394,29,,,1,100,,68397,29,,,1,102,,68390,29,,,1,100,,68392,29,,,1,100,,68393,29,,,1,142,,68396,29,,,1,30,,68389,29,,,1,70,,68391,29,,,1,31,,68398,29,,,1,70,,68388,29,,,1,30,,68399,29,,,1,71,,68395,29,,,1,30,,68402,29,,,1,70,,68405,29,,,1,30,,68407,29,,,1,69,,68401,29,,,1,29,,68404,29,,,1,69,,68406,29,,,1,28,,68400,29,,,1,100,,68403,29,,,1,100,,68408,29,,,1,100,,68409,29,,,1,100,,68410,29,,,1
3900,'Dimanche-10',656,,69466,29,,,1,101,,69473,29,,,1,100,,69476,29,,,1,102,,69469,29,,,1,100,,69471,29,,,1,100,,69472,29,,,1,142,,69475,29,,,1,30,,69468,29,,,1,70,,69470,29,,,1,31,,69477,29,,,1,70,,69467,29,,,1,30,,69478,29,,,1,71,,69474,29,,,1,30,,69481,29,,,1,70,,69484,29,,,1,30,,69486,29,,,1,69,,69480,29,,,1,29,,69483,29,,,1,69,,69485,29,,,1,28,,69479,29,,,1,100,,69482,29,,,1,100,,69487,29,,,1,100,,69488,29,,,1,100,,69489,29,,,1
3900,'Dimanche-11',656,,66491,29,,,1,101,,66498,29,,,1,100,,66501,29,,,1,102,,66494,29,,,1,100,,66496,29,,,1,100,,66497,29,,,1,142,,66500,29,,,1,30,,66493,29,,,1,70,,66495,29,,,1,31,,66502,29,,,1,70,,66492,29,,,1,30,,66503,29,,,1,71,,66499,29,,,1,30,,66506,29,,,1,70,,66509,29,,,1,30,,66511,29,,,1,69,,66505,29,,,1,29,,66508,29,,,1,69,,66510,29,,,1,28,,66504,29,,,1,100,,66507,29,,,1,100,,66512,29,,,1,100,,66513,29,,,1,100,,66514,29,,,1
3900,'Semaine-0',633,,64097,29,,,1,23,,64083,29,,,1,72,,64102,29,,,1,29,,64095,29,,,1,73,,64096,29,,,1,72,,64094,29,,,1,32,,64091,29,,,1,70,,64108,29,,,2,30,,64103,29,,,1,71,,64115,29,,,1,30,,64100,29,,,2,70,,64104,29,,,1,30,,64092,29,,,1,71,,64090,29,,,1,30,,64105,29,,,1,69,,64093,29,,,2,30,,64080,29,,,1,73,,64106,29,,,1,34,,64087,29,,,1,70,,64089,29,,,1,31,,64107,29,,,2,72,,64086,29,,,1,28,,64081,29,,,1,69,,64109,29,,,1,27,,64088,29,,,1,71,,64082,29,,,2,29,,64110,29,,,2,72,,64085,29,,,1,25,,64101,29,,,2,65,,64111,29,,,1,30,,64084,29,,,1,70,,64099,29,,,1,29,,64112,29,,,1,70,,64098,29,,,1,32,,64114,29,,,1,68,,64113,29,,,1
3900,'Semaine-10',633,,72027,29,,,1,23,,72013,29,,,1,72,,72032,29,,,1,29,,72025,29,,,1,73,,72026,29,,,1,72,,72024,29,,,1,32,,72021,29,,,1,70,,72038,29,,,2,30,,72033,29,,,1,71,,72045,29,,,1,30,,72030,29,,,2,70,,72034,29,,,1,30,,72022,29,,,1,71,,72020,29,,,1,30,,72035,29,,,1,69,,72023,29,,,2,30,,72010,29,,,1,73,,72036,29,,,1,34,,72017,29,,,1,70,,72019,29,,,1,31,,72037,29,,,2,72,,72016,29,,,1,28,,72011,29,,,1,69,,72039,29,,,1,27,,72018,29,,,1,71,,72012,29,,,2,29,,72040,29,,,2,72,,72015,29,,,1,25,,72031,29,,,2,65,,72041,29,,,1,30,,72014,29,,,1,70,,72029,29,,,1,29,,72042,29,,,1,70,,72028,29,,,1,32,,72044,29,,,1,68,,72043,29,,,1
3900,'Semaine-11',633,,74558,29,,,1,23,,74544,29,,,1,72,,74563,29,,,1,29,,74556,29,,,1,73,,74557,29,,,1,72,,74555,29,,,1,32,,74552,29,,,1,70,,74569,29,,,2,30,,74564,29,,,1,71,,74576,29,,,1,30,,74561,29,,,2,70,,74565,29,,,1,30,,74553,29,,,1,71,,74551,29,,,1,30,,74566,29,,,1,69,,74554,29,,,2,30,,74541,29,,,1,73,,74567,29,,,1,34,,74548,29,,,1,70,,74550,29,,,1,31,,74568,29,,,2,72,,74547,29,,,1,28,,74542,29,,,1,69,,74570,29,,,1,27,,74549,29,,,1,71,,74543,29,,,2,29,,74571,29,,,2,72,,74546,29,,,1,25,,74562,29,,,2,65,,74572,29,,,1,30,,74545,29,,,1,70,,74560,29,,,1,29,,74573,29,,,1,70,,74559,29,,,1,32,,74575,29,,,1,68,,74574,29,,,1
4900,'Samedi-0',742,,66565,45,,,1,100,,66566,45,,,1,102,,66563,45,,,1,100,,66567,45,,,1,100,,66564,45,,,1,101,,66568,45,,,1,98,,66569,45,,,1,102,,66570,45,,,1,100,,66571,45,,,1,100,,66572,45,,,1,100,,66573,45,,,1,97,,66574,45,,,1,100,,66575,45,,,1,100,,66576,45,,,1,100,,66577,45,,,1,100,,66578,45,,,1,98,,66579,45,,,1
4900,'Samedi-11',742,,70595,45,,,1,100,,70596,45,,,1,102,,70593,45,,,1,100,,70597,45,,,1,100,,70594,45,,,1,101,,70598,45,,,1,98,,70599,45,,,1,102,,70600,45,,,1,100,,70601,45,,,1,100,,70602,45,,,1,100,,70603,45,,,1,97,,70604,45,,,1,100,,70605,45,,,1,100,,70606,45,,,1,100,,70607,45,,,1,100,,70608,45,,,1,98,,70609,45,,,1
4900,'Dimanche-0',742,,68435,45,,,1,100,,68448,45,,,1,102,,68436,45,,,1,100,,68447,45,,,1,100,,68439,45,,,1,101,,68438,45,,,1,98,,68442,45,,,1,102,,68437,45,,,1,100,,68441,45,,,1,100,,68440,45,,,1,100,,68444,45,,,1,97,,68446,45,,,1,100,,68443,45,,,1,100,,68445,45,,,1,100,,68449,45,,,1,100,,68450,45,,,1,98,,68451,45,,,1
4900,'Dimanche-10',742,,69514,45,,,1,100,,69527,45,,,1,102,,69515,45,,,1,100,,69526,45,,,1,100,,69518,45,,,1,101,,69517,45,,,1,98,,69521,45,,,1,102,,69516,45,,,1,100,,69520,45,,,1,100,,69519,45,,,1,100,,69523,45,,,1,97,,69525,45,,,1,100,,69522,45,,,1,100,,69524,45,,,1,100,,69528,45,,,1,100,,69529,45,,,1,98,,69530,45,,,1
4900,'Dimanche-11',742,,66580,45,,,1,100,,66593,45,,,1,102,,66581,45,,,1,100,,66592,45,,,1,100,,66584,45,,,1,101,,66583,45,,,1,98,,66587,45,,,1,102,,66582,45,,,1,100,,66586,45,,,1,100,,66585,45,,,1,100,,66589,45,,,1,97,,66591,45,,,1,100,,66588,45,,,1,100,,66590,45,,,1,100,,66594,45,,,1,100,,66595,45,,,1,98,,66596,45,,,1
4900,'Semaine-0',657,,64225,45,,,1,55,,64220,32,,,1,3,,64232,32,,,1,4,,64208,32,,,1,6,,64231,32,,,1,4,,64236,45,,,1,3,,64235,32,,,1,4,,64234,32,,,1,5,,64233,32,,,1,61,,64228,45,,,1,27,,64224,32,,,1,73,,64223,45,,,1,31,,64218,45,,,1,68,,64210,45,,,1,31,,64230,45,,,1,73,,64226,45,,,1,30,,64221,45,,,1,70,,64198,45,,,1,30,,64219,45,,,1,70,,64200,45,,,1,30,,64205,45,,,1,70,,64207,45,,,1,30,,64211,45,,,1,70,,64227,45,,,1,37,,64209,45,,,1,70,,64212,45,,,1,30,,64203,45,,,1,70,,64215,45,,,1,30,,64206,45,,,1,67,,64204,45,,,1,30,,64222,45,,,1,67,,64216,45,,,1,96,,64199,45,,,1,99,,64217,45,,,1,101,,64214,45,,,1,57,,64201,45,,,1,98,,64213,45,,,1,100,,64202,45,,,1
4900,'Semaine-10',657,,72155,45,,,1,55,,72150,32,,,1,3,,72162,32,,,1,4,,72138,32,,,1,6,,72161,32,,,1,4,,72166,45,,,1,3,,72165,32,,,1,4,,72164,32,,,1,5,,72163,32,,,1,61,,72158,45,,,1,27,,72154,32,,,1,73,,72153,45,,,1,31,,72148,45,,,1,68,,72140,45,,,1,31,,72160,45,,,1,73,,72156,45,,,1,30,,72151,45,,,1,70,,72128,45,,,1,30,,72149,45,,,1,70,,72130,45,,,1,30,,72135,45,,,1,70,,72137,45,,,1,30,,72141,45,,,1,70,,72157,45,,,1,37,,72139,45,,,1,70,,72142,45,,,1,30,,72133,45,,,1,70,,72145,45,,,1,30,,72136,45,,,1,67,,72134,45,,,1,30,,72152,45,,,1,67,,72146,45,,,1,96,,72129,45,,,1,99,,72147,45,,,1,101,,72144,45,,,1,57,,72131,45,,,1,98,,72143,45,,,1,100,,72132,45,,,1
4900,'Semaine-11',657,,74686,45,,,1,55,,74681,32,,,1,3,,74693,32,,,1,4,,74669,32,,,1,6,,74692,32,,,1,4,,74697,45,,,1,3,,74696,32,,,1,4,,74695,32,,,1,5,,74694,32,,,1,61,,74689,45,,,1,27,,74685,32,,,1,73,,74684,45,,,1,31,,74679,45,,,1,68,,74671,45,,,1,31,,74691,45,,,1,73,,74687,45,,,1,30,,74682,45,,,1,70,,74659,45,,,1,30,,74680,45,,,1,70,,74661,45,,,1,30,,74666,45,,,1,70,,74668,45,,,1,30,,74672,45,,,1,70,,74688,45,,,1,37,,74670,45,,,1,70,,74673,45,,,1,30,,74664,45,,,1,70,,74676,45,,,1,30,,74667,45,,,1,67,,74665,45,,,1,30,,74683,45,,,1,67,,74677,45,,,1,96,,74660,45,,,1,99,,74678,45,,,1,101,,74675,45,,,1,57,,74662,45,,,1,98,,74674,45,,,1,100,,74663,45,,,1
32501,'Semaine-0',826,,65570,26,0,7 8,1,3,,65571,26,0,7 8,1
32501,'Semaine-10',826,,73500,26,0,7 8,1,3,,73501,26,0,7 8,1
32501,'Semaine-11',826,,76031,26,0,7 8,1,3,,76032,26,0,7 8,1
42500,'Semaine-0',711,,65817,26,0,9 14,1,2,,65818,26,0,9 14,2
42500,'Semaine-10',711,,73747,26,0,9 14,1,2,,73748,26,0,9 14,2
42500,'Semaine-11',711,,76278,26,0,9 14,1,2,,76279,26,0,9 14,2
44900,'Semaine-0',725,,65836,27,0,9 14,1
44900,'Semaine-10',725,,73766,27,0,9 14,1
44900,'Semaine-11',725,,76297,27,0,9 14,1
63900,'Semaine-0',1532,,65857,42,0,9 10,1
63900,'Semaine-10',1532,,73787,42,0,9 10,1
63900,'Semaine-11',1532,,76318,42,0,9 10,1
72501,'Semaine-0',822,,65875,26,0,5 11,2
72501,'Semaine-10',822,,73805,26,0,5 11,2
72501,'Semaine-11',822,,76336,26,0,5 11,2
82501,'Semaine-0',754,,65964,26,0,9 12 13,1,1,,65965,26,0,9 12 13,1
82501,'Semaine-10',754,,73894,26,0,9 12 13,1,1,,73895,26,0,9 12 13,1
82501,'Semaine-11',754,,76426,26,0,9 12 13,1,1,,76427,26,0,9 12 13,1
