2600,'Semaine-0',1549,,63496,9,,,1,72,,63495,9,,,1,28,,63494,9,,,2,70,,63497,9,,,1,28,,63498,9,,,2
2600,'Semaine-10',1549,,71426,9,,,1,72,,71425,9,,,1,28,,71424,9,,,2,70,,71427,9,,,1,28,,71428,9,,,2
2600,'Semaine-11',1549,,73957,9,,,1,72,,73956,9,,,1,28,,73955,9,,,2,70,,73958,9,,,1,28,,73959,9,,,2
2900,'Semaine-0',1540,,63522,9,,,2,73,,63521,9,,,1,32,,63519,9,,,2,66,,63523,9,,,1,32,,63520,9,,,1
2900,'Semaine-10',1540,,71452,9,,,2,73,,71451,9,,,1,32,,71449,9,,,2,66,,71453,9,,,1,32,,71450,9,,,1
2900,'Semaine-11',1540,,73983,9,,,2,73,,73982,9,,,1,32,,73980,9,,,2,66,,73984,9,,,1,32,,73981,9,,,1
3200,'Semaine-0',624,,63658,10,,,1,32,,63657,10,,,1,71,,63653,10,,,1,31,,63655,10,,,1,70,,63654,10,,,2,30,,63656,10,,,1,69,,63629,10,,,2,30,,63624,10,,,1,70,,63625,10,,,2,30,,63636,10,,,1,70,,63630,10,,,1,30,,63616,10,,,1,70,,63617,10,,,1,30,,63628,10,,,1,70,,63631,10,,,1,30,,63637,10,,,1,70,,63618,10,,,1,30,,63663,10,,,1,54,,63615,10,,,2,15,,63645,10,,,1,10,,63635,10,,,1,11,,63641,10,,,2,10,,63642,10,,,1,50,,63660,10,,,1,10,,63661,10,,,1,10,,63662,10,,,2,13,,63659,10,,,2,7,,63632,10,,,1,10,,63643,10,,,1,50,,63651,10,,,2,10,,63644,10,,,2,9,,63621,10,,,1,10,,63652,10,,,1,10,,63638,10,,,2,8,,63640,10,,,1,50,,63639,10,,,1,20,,63633,10,,,2,24,,63627,10,,,1,71,,63622,10,,,1,30,,63619,10,,,2,69,,63634,10,,,2,30,,63626,10,,,1,73,,63623,10,,,1,27,,63620,10,,,2,70,,63646,10,,,1,30,,63647,10,,,1,68,,63648,10,,,1,30,,63649,10,,,1,70,,63650,10,,,1
3200,'Semaine-10',624,,71588,10,,,1,32,,71587,10,,,1,71,,71583,10,,,1,31,,71585,10,,,1,70,,71584,10,,,2,30,,71586,10,,,1,69,,71559,10,,,2,30,,71554,10,,,1,70,,71555,10,,,2,30,,71566,10,,,1,70,,71560,10,,,1,30,,71546,10,,,1,70,,71547,10,,,1,30,,71558,10,,,1,70,,71561,10,,,1,30,,71567,10,,,1,70,,71548,10,,,1,30,,71593,10,,,1,54,,71545,10,,,2,15,,71575,10,,,1,10,,71565,10,,,1,11,,71571,10,,,2,10,,71572,10,,,1,50,,71590,10,,,1,10,,71591,10,,,1,10,,71592,10,,,2,13,,71589,10,,,2,7,,71562,10,,,1,10,,71573,10,,,1,50,,71581,10,,,2,10,,71574,10,,,2,9,,71551,10,,,1,10,,71582,10,,,1,10,,71568,10,,,2,8,,71570,10,,,1,50,,71569,10,,,1,20,,71563,10,,,2,24,,71557,10,,,1,71,,71552,10,,,1,30,,71549,10,,,2,69,,71564,10,,,2,30,,71556,10,,,1,73,,71553,10,,,1,27,,71550,10,,,2,70,,71576,10,,,1,30,,71577,10,,,1,68,,71578,10,,,1,30,,71579,10,,,1,70,,71580,10,,,1
3200,'Semaine-11',624,,74119,10,,,1,32,,74118,10,,,1,71,,74114,10,,,1,31,,74116,10,,,1,70,,74115,10,,,2,30,,74117,10,,,1,69,,74090,10,,,2,30,,74085,10,,,1,70,,74086,10,,,2,30,,74097,10,,,1,70,,74091,10,,,1,30,,74077,10,,,1,70,,74078,10,,,1,30,,74089,10,,,1,70,,74092,10,,,1,30,,74098,10,,,1,70,,74079,10,,,1,30,,74124,10,,,1,54,,74076,10,,,2,15,,74106,10,,,1,10,,74096,10,,,1,11,,74102,10,,,2,10,,74103,10,,,1,50,,74121,10,,,1,10,,74122,10,,,1,10,,74123,10,,,2,13,,74120,10,,,2,7,,74093,10,,,1,10,,74104,10,,,1,50,,74112,10,,,2,10,,74105,10,,,2,9,,74082,10,,,1,10,,74113,10,,,1,10,,74099,10,,,2,8,,74101,10,,,1,50,,74100,10,,,1,20,,74094,10,,,2,24,,74088,10,,,1,71,,74083,10,,,1,30,,74080,10,,,2,69,,74095,10,,,2,30,,74087,10,,,1,73,,74084,10,,,1,27,,74081,10,,,2,70,,74107,10,,,1,30,,74108,10,,,1,68,,74109,10,,,1,30,,74110,10,,,1,70,,74111,10,,,1
3400,'Samedi-0',732,,66133,10,,,1,100,,66138,10,,,1,70,,66134,10,,,1,31,,66140,10,,,1,70,,66141,10,,,1,30,,66135,10,,,1,70,,66136,10,,,1,30,,66137,10,,,1,70,,66139,10,,,1,30,,66142,10,,,1,70,,66144,10,,,1,30,,66143,10,,,1,70,,66145,10,,,1,30,,66146,10,,,1,70,,66147,10,,,1,30,,66148,10,,,1,70,,66149,10,,,1,30,,66150,10,,,1,70,,66151,10,,,1,30,,66152,10,,,1,70,,66153,10,,,1,30,,66154,10,,,1,70,,66155,10,,,1,29,,66156,10,,,1,71,,66157,10,,,1,30,,66158,10,,,1,70,,66159,10,,,1,30,,66160,10,,,1,70,,66161,10,,,1,30,,66163,10,,,1,70,,66162,10,,,1,30,,66165,10,,,1,70,,66164,10,,,1,27,,66166,10,,,1
3400,'Samedi-10',732,,76523,10,,,1,100,,76528,10,,,1,70,,76524,10,,,1,31,,76530,10,,,1,70,,76531,10,,,1,30,,76525,10,,,1,70,,76526,10,,,1,30,,76527,10,,,1,70,,76529,10,,,1,30,,76532,10,,,1,70,,76534,10,,,1,30,,76533,10,,,1,70,,76535,10,,,1,30,,76536,10,,,1,70,,76537,10,,,1,30,,76538,10,,,1,70,,76539,10,,,1,30,,76540,10,,,1,70,,76541,10,,,1,30,,76542,10,,,1,70,,76543,10,,,1,30,,76544,10,,,1,70,,76545,10,,,1,29,,76546,10,,,1,71,,76547,10,,,1,30,,76548,10,,,1,70,,76549,10,,,1,30,,76550,10,,,1,70,,76551,10,,,1,30,,76553,10,,,1,70,,76552,10,,,1,30,,76555,10,,,1,70,,76554,10,,,1,27,,76556,10,,,1
3400,'Samedi-11',732,,70378,10,,,1,100,,70383,10,,,1,70,,70379,10,,,1,31,,70385,10,,,1,70,,70386,10,,,1,30,,70380,10,,,1,70,,70381,10,,,1,30,,70382,10,,,1,70,,70384,10,,,1,30,,70387,10,,,1,70,,70389,10,,,1,30,,70388,10,,,1,70,,70390,10,,,1,30,,70391,10,,,1,70,,70392,10,,,1,30,,70393,10,,,1,70,,70394,10,,,1,30,,70395,10,,,1,70,,70396,10,,,1,30,,70397,10,,,1,70,,70398,10,,,1,30,,70399,10,,,1,70,,70400,10,,,1,29,,70401,10,,,1,71,,70402,10,,,1,30,,70403,10,,,1,70,,70404,10,,,1,30,,70405,10,,,1,70,,70406,10,,,1,30,,70408,10,,,1,70,,70407,10,,,1,30,,70410,10,,,1,70,,70409,10,,,1,27,,70411,10,,,1
3400,'Dimanche-0',732,,68224,10,,,1,100,,68244,10,,,1,70,,68226,10,,,1,31,,68230,10,,,1,70,,68223,10,,,1,30,,68231,10,,,1,70,,68222,10,,,1,30,,68221,10,,,1,70,,68234,10,,,1,30,,68225,10,,,1,70,,68228,10,,,1,30,,68227,10,,,1,70,,68220,10,,,1,30,,68236,10,,,1,70,,68232,10,,,1,30,,68233,10,,,1,70,,68229,10,,,1,30,,68240,10,,,1,70,,68239,10,,,1,30,,68237,10,,,1,70,,68235,10,,,1,30,,68238,10,,,1,70,,68243,10,,,1,29,,68241,10,,,1,71,,68242,10,,,1,30,,68245,10,,,1,70,,68246,10,,,1,30,,68247,10,,,1,70,,68248,10,,,1,30,,68249,10,,,1,70,,68250,10,,,1,30,,68252,10,,,1,70,,68251,10,,,1,27,,68253,10,,,1
3400,'Dimanche-10',732,,69303,10,,,1,100,,69323,10,,,1,70,,69305,10,,,1,31,,69309,10,,,1,70,,69302,10,,,1,30,,69310,10,,,1,70,,69301,10,,,1,30,,69300,10,,,1,70,,69313,10,,,1,30,,69304,10,,,1,70,,69307,10,,,1,30,,69306,10,,,1,70,,69299,10,,,1,30,,69315,10,,,1,70,,69311,10,,,1,30,,69312,10,,,1,70,,69308,10,,,1,30,,69319,10,,,1,70,,69318,10,,,1,30,,69316,10,,,1,70,,69314,10,,,1,30,,69317,10,,,1,70,,69322,10,,,1,29,,69320,10,,,1,71,,69321,10,,,1,30,,69324,10,,,1,70,,69325,10,,,1,30,,69326,10,,,1,70,,69327,10,,,1,30,,69328,10,,,1,70,,69329,10,,,1,30,,69331,10,,,1,70,,69330,10,,,1,27,,69332,10,,,1
3400,'Dimanche-11',732,,66171,10,,,1,100,,66191,10,,,1,70,,66173,10,,,1,31,,66177,10,,,1,70,,66170,10,,,1,30,,66178,10,,,1,70,,66169,10,,,1,30,,66168,10,,,1,70,,66181,10,,,1,30,,66172,10,,,1,70,,66175,10,,,1,30,,66174,10,,,1,70,,66167,10,,,1,30,,66183,10,,,1,70,,66179,10,,,1,30,,66180,10,,,1,70,,66176,10,,,1,30,,66187,10,,,1,70,,66186,10,,,1,30,,66184,10,,,1,70,,66182,10,,,1,30,,66185,10,,,1,70,,66190,10,,,1,29,,66188,10,,,1,71,,66189,10,,,1,30,,66192,10,,,1,70,,66193,10,,,1,30,,66194,10,,,1,70,,66195,10,,,1,30,,66196,10,,,1,70,,66197,10,,,1,30,,66199,10,,,1,70,,66198,10,,,1,27,,66200,10,,,1
3400,'Semaine-0',609,,63829,10,,,1,29,,63814,10,,,1,71,,63808,10,,,1,34,,63812,10,,,1,71,,63803,10,,,2,30,,63823,10,,,1,70,,63809,10,,,1,28,,63799,10,,,1,70,,63804,10,,,1,30,,63805,10,,,1,70,,63810,10,,,1,30,,63800,10,,,1,70,,63830,10,,,1,30,,63806,10,,,1,70,,63811,10,,,1,30,,63801,10,,,1,70,,63827,10,,,1,31,,63802,10,,,1,65,,63828,10,,,1,306,,63826,10,,,1,20,,63815,10,,,1,69,,63807,10,,,1,30,,63819,10,,,1,70,,63825,10,,,1,31,,63816,10,,,1,69,,63818,10,,,1,30,,63820,10,,,1,70,,63813,10,,,1,30,,63822,10,,,1,70,,63817,10,,,1,29,,63821,10,,,1,70,,63824,10,,,1
3400,'Semaine-10',609,,71759,10,,,1,29,,71744,10,,,1,71,,71738,10,,,1,34,,71742,10,,,1,71,,71733,10,,,2,30,,71753,10,,,1,70,,71739,10,,,1,28,,71729,10,,,1,70,,71734,10,,,1,30,,71735,10,,,1,70,,71740,10,,,1,30,,71730,10,,,1,70,,71760,10,,,1,30,,71736,10,,,1,70,,71741,10,,,1,30,,71731,10,,,1,70,,71757,10,,,1,31,,71732,10,,,1,65,,71758,10,,,1,306,,71756,10,,,1,20,,71745,10,,,1,69,,71737,10,,,1,30,,71749,10,,,1,70,,71755,10,,,1,31,,71746,10,,,1,69,,71748,10,,,1,30,,71750,10,,,1,70,,71743,10,,,1,30,,71752,10,,,1,70,,71747,10,,,1,29,,71751,10,,,1,70,,71754,10,,,1
3400,'Semaine-11',609,,74290,10,,,1,29,,74275,10,,,1,71,,74269,10,,,1,34,,74273,10,,,1,71,,74264,10,,,2,30,,74284,10,,,1,70,,74270,10,,,1,28,,74260,10,,,1,70,,74265,10,,,1,30,,74266,10,,,1,70,,74271,10,,,1,30,,74261,10,,,1,70,,74291,10,,,1,30,,74267,10,,,1,70,,74272,10,,,1,30,,74262,10,,,1,70,,74288,10,,,1,31,,74263,10,,,1,65,,74289,10,,,1,306,,74287,10,,,1,20,,74276,10,,,1,69,,74268,10,,,1,30,,74280,10,,,1,70,,74286,10,,,1,31,,74277,10,,,1,69,,74279,10,,,1,30,,74281,10,,,1,70,,74274,10,,,1,30,,74283,10,,,1,70,,74278,10,,,1,29,,74282,10,,,1,70,,74285,10,,,1
3600,'Semaine-0',903,,63929,10,,,1,99,,63930,10,,,1,101,,63928,10,,,1,100,,63931,10,,,1,100,,63933,10,,,1,100,,63934,10,,,1,99,,63932,10,,,1
3600,'Semaine-10',903,,71859,10,,,1,99,,71860,10,,,1,101,,71858,10,,,1,100,,71861,10,,,1,100,,71863,10,,,1,100,,71864,10,,,1,99,,71862,10,,,1
3600,'Semaine-11',903,,74390,10,,,1,99,,74391,10,,,1,101,,74389,10,,,1,100,,74392,10,,,1,100,,74394,10,,,1,100,,74395,10,,,1,99,,74393,10,,,1
3700,'Samedi-0',726,,66265,10,,,1,100,,66266,10,,,1,100,,66268,10,,,1,101,,66269,10,,,1,100,,66267,10,,,1,100,,66270,10,,,1,100,,66271,10,,,1,100,,66272,10,,,1,100,,66273,10,,,1,100,,66274,10,,,1,100,,66275,10,,,1,100,,66276,10,,,1,99,,66277,10,,,1,100,,66278,10,,,1,100,,66279,10,,,1,100,,66280,10,,,1,100,,66281,10,,,1,100,,66282,10,,,1
3700,'Samedi-10',726,,76589,10,,,1,100,,76590,10,,,1,100,,76592,10,,,1,101,,76593,10,,,1,100,,76591,10,,,1,100,,76594,10,,,1,100,,76595,10,,,1,100,,76596,10,,,1,100,,76597,10,,,1,100,,76598,10,,,1,100,,76599,10,,,1,100,,76600,10,,,1,99,,76601,10,,,1,100,,76602,10,,,1,100,,76603,10,,,1,100,,76604,10,,,1,100,,76605,10,,,1,100,,76606,10,,,1
3700,'Samedi-11',726,,70444,10,,,1,100,,70445,10,,,1,100,,70447,10,,,1,101,,70448,10,,,1,100,,70446,10,,,1,100,,70449,10,,,1,100,,70450,10,,,1,100,,70451,10,,,1,100,,70452,10,,,1,100,,70453,10,,,1,100,,70454,10,,,1,100,,70455,10,,,1,99,,70456,10,,,1,100,,70457,10,,,1,100,,70458,10,,,1,100,,70459,10,,,1,100,,70460,10,,,1,100,,70461,10,,,1
3700,'Dimanche-0',726,,68288,10,,,1,100,,68291,10,,,1,100,,68293,10,,,1,101,,68289,10,,,1,100,,68286,10,,,1,100,,68290,10,,,1,100,,68287,10,,,1,100,,68292,10,,,1,100,,68294,10,,,1,100,,68296,10,,,1,100,,68295,10,,,1,100,,68299,10,,,1,99,,68298,10,,,1,100,,68297,10,,,1,100,,68300,10,,,1,100,,68301,10,,,1,100,,68302,10,,,1,100,,68303,10,,,1
3700,'Dimanche-10',726,,69367,10,,,1,100,,69370,10,,,1,100,,69372,10,,,1,101,,69368,10,,,1,100,,69365,10,,,1,100,,69369,10,,,1,100,,69366,10,,,1,100,,69371,10,,,1,100,,69373,10,,,1,100,,69375,10,,,1,100,,69374,10,,,1,100,,69378,10,,,1,99,,69377,10,,,1,100,,69376,10,,,1,100,,69379,10,,,1,100,,69380,10,,,1,100,,69381,10,,,1,100,,69382,10,,,1
3700,'Dimanche-11',726,,66285,10,,,1,100,,66288,10,,,1,100,,66290,10,,,1,101,,66286,10,,,1,100,,66283,10,,,1,100,,66287,10,,,1,100,,66284,10,,,1,100,,66289,10,,,1,100,,66291,10,,,1,100,,66293,10,,,1,100,,66292,10,,,1,100,,66296,10,,,1,99,,66295,10,,,1,100,,66294,10,,,1,100,,66297,10,,,1,100,,66298,10,,,1,100,,66299,10,,,1,100,,66300,10,,,1
3700,'Semaine-0',643,,63963,10,,,1,81,,63969,10,,,1,34,,63960,10,,,1,68,,63944,10,,,1,29,,63958,10,,,1,89,,63950,10,,,1,100,,63946,10,,,1,100,,63947,10,,,1,100,,63948,10,,,1,100,,63949,10,,,1,100,,63955,10,,,1,87,,63956,10,,,1,16,,63957,10,,,1,55,,63943,10,,,1,15,,63965,10,,,1,25,,63952,10,,,1,70,,63961,10,,,1,23,,63951,10,,,1,68,,63945,10,,,1,30,,63942,10,,,1,69,,63953,10,,,1,29,,63968,10,,,1,69,,63959,10,,,1,36,,63970,10,,,1,100,,63966,10,,,1,100,,63954,10,,,1,100,,63964,10,,,1,100,,63967,10,,,1,15,,63962,10,,,1
3700,'Semaine-10',643,,71893,10,,,1,81,,71899,10,,,1,34,,71890,10,,,1,68,,71874,10,,,1,29,,71888,10,,,1,89,,71880,10,,,1,100,,71876,10,,,1,100,,71877,10,,,1,100,,71878,10,,,1,100,,71879,10,,,1,100,,71885,10,,,1,87,,71886,10,,,1,16,,71887,10,,,1,55,,71873,10,,,1,15,,71895,10,,,1,25,,71882,10,,,1,70,,71891,10,,,1,23,,71881,10,,,1,68,,71875,10,,,1,30,,71872,10,,,1,69,,71883,10,,,1,29,,71898,10,,,1,69,,71889,10,,,1,36,,71900,10,,,1,100,,71896,10,,,1,100,,71884,10,,,1,100,,71894,10,,,1,100,,71897,10,,,1,15,,71892,10,,,1
3700,'Semaine-11',643,,74424,10,,,1,81,,74430,10,,,1,34,,74421,10,,,1,68,,74405,10,,,1,29,,74419,10,,,1,89,,74411,10,,,1,100,,74407,10,,,1,100,,74408,10,,,1,100,,74409,10,,,1,100,,74410,10,,,1,100,,74416,10,,,1,87,,74417,10,,,1,16,,74418,10,,,1,55,,74404,10,,,1,15,,74426,10,,,1,25,,74413,10,,,1,70,,74422,10,,,1,23,,74412,10,,,1,68,,74406,10,,,1,30,,74403,10,,,1,69,,74414,10,,,1,29,,74429,10,,,1,69,,74420,10,,,1,36,,74431,10,,,1,100,,74427,10,,,1,100,,74415,10,,,1,100,,74425,10,,,1,100,,74428,10,,,1,15,,74423,10,,,1
4000,'Semaine-0',1519,,64155,9,,,1,30,,64151,9,,,2,74,,64154,9,,,1,27,,64153,9,,,1,70,,64152,9,,,1,29,,64156,9,,,1
4000,'Semaine-10',1519,,72085,9,,,1,30,,72081,9,,,2,74,,72084,9,,,1,27,,72083,9,,,1,70,,72082,9,,,1,29,,72086,9,,,1
4000,'Semaine-11',1519,,74616,9,,,1,30,,74612,9,,,2,74,,74615,9,,,1,27,,74614,9,,,1,70,,74613,9,,,1,29,,74617,9,,,1
4100,'Semaine-0',1531,,64164,9,,,1,70,,64166,9,,,1,33,,64165,9,,,2,66,,64163,9,,,1,29,,64167,9,,,1
4100,'Semaine-10',1531,,72094,9,,,1,70,,72096,9,,,1,33,,72095,9,,,2,66,,72093,9,,,1,29,,72097,9,,,1
4100,'Semaine-11',1531,,74625,9,,,1,70,,74627,9,,,1,33,,74626,9,,,2,66,,74624,9,,,1,29,,74628,9,,,1
4500,'Semaine-0',1505,,64182,9,,,1,35,,64177,9,,,1,70,,64178,9,,,1,31,,64180,9,,,1,67,,64181,9,,,1,28,,64179,9,,,2
4500,'Semaine-10',1505,,72112,9,,,1,35,,72107,9,,,1,70,,72108,9,,,1,31,,72110,9,,,1,67,,72111,9,,,1,28,,72109,9,,,2
4500,'Semaine-11',1505,,74643,9,,,1,35,,74638,9,,,1,70,,74639,9,,,1,31,,74641,9,,,1,67,,74642,9,,,1,28,,74640,9,,,2
4700,'Semaine-0',1526,,64189,9,,,1,101,,64190,9,,,1,97,,64191,9,,,2
4700,'Semaine-10',1526,,72119,9,,,1,101,,72120,9,,,1,97,,72121,9,,,2
4700,'Semaine-11',1526,,74650,9,,,1,101,,74651,9,,,1,97,,74652,9,,,2
5500,'Samedi-0',700,,66706,10,,,1,30,,66703,10,,,1,70,,66704,10,,,1,30,,66707,10,,,1,70,,66705,10,,,1,30,,66712,10,,,1,71,,66709,10,,,1,29,,66710,10,,,1,70,,66715,10,,,1,31,,66714,10,,,1,70,,66708,10,,,1,30,,66711,10,,,1,70,,66713,10,,,1,30,,66716,10,,,1,70,,66717,10,,,1,30,,66718,10,,,1,70,,66719,10,,,1,29,,66720,10,,,1,70,,66721,10,,,1,31,,66722,10,,,1,70,,66723,10,,,1,30,,66724,10,,,1,70,,66725,10,,,1,30,,66726,10,,,1,69,,66728,10,,,1,30,,66727,10,,,1,70,,66729,10,,,1,30,,66731,10,,,1,70,,66730,10,,,1,30,,66732,10,,,1,70,,66733,10,,,1,30,,66736,10,,,1,70,,66738,10,,,1,30,,66735,10,,,1,70,,66734,10,,,1,28,,66737,10,,,1
5500,'Samedi-10',700,,76811,10,,,1,30,,76808,10,,,1,70,,76809,10,,,1,30,,76812,10,,,1,70,,76810,10,,,1,30,,76817,10,,,1,71,,76814,10,,,1,29,,76815,10,,,1,70,,76820,10,,,1,31,,76819,10,,,1,70,,76813,10,,,1,30,,76816,10,,,1,70,,76818,10,,,1,30,,76821,10,,,1,70,,76822,10,,,1,30,,76823,10,,,1,70,,76824,10,,,1,29,,76825,10,,,1,70,,76826,10,,,1,31,,76827,10,,,1,70,,76828,10,,,1,30,,76829,10,,,1,70,,76830,10,,,1,30,,76831,10,,,1,69,,76833,10,,,1,30,,76832,10,,,1,70,,76834,10,,,1,30,,76836,10,,,1,70,,76835,10,,,1,30,,76837,10,,,1,70,,76838,10,,,1,30,,76841,10,,,1,70,,76843,10,,,1,30,,76840,10,,,1,70,,76839,10,,,1,28,,76842,10,,,1
5500,'Samedi-11',700,,70666,10,,,1,30,,70663,10,,,1,70,,70664,10,,,1,30,,70667,10,,,1,70,,70665,10,,,1,30,,70672,10,,,1,71,,70669,10,,,1,29,,70670,10,,,1,70,,70675,10,,,1,31,,70674,10,,,1,70,,70668,10,,,1,30,,70671,10,,,1,70,,70673,10,,,1,30,,70676,10,,,1,70,,70677,10,,,1,30,,70678,10,,,1,70,,70679,10,,,1,29,,70680,10,,,1,70,,70681,10,,,1,31,,70682,10,,,1,70,,70683,10,,,1,30,,70684,10,,,1,70,,70685,10,,,1,30,,70686,10,,,1,69,,70688,10,,,1,30,,70687,10,,,1,70,,70689,10,,,1,30,,70691,10,,,1,70,,70690,10,,,1,30,,70692,10,,,1,70,,70693,10,,,1,30,,70696,10,,,1,70,,70698,10,,,1,30,,70695,10,,,1,70,,70694,10,,,1,28,,70697,10,,,1
5500,'Dimanche-0',700,,68509,10,,,1,30,,68514,10,,,1,70,,68506,10,,,1,30,,68511,10,,,1,70,,68508,10,,,1,30,,68505,10,,,1,71,,68516,10,,,1,29,,68510,10,,,1,70,,68507,10,,,1,31,,68519,10,,,1,70,,68515,10,,,1,30,,68520,10,,,1,70,,68513,10,,,1,30,,68512,10,,,1,70,,68518,10,,,1,30,,68523,10,,,1,70,,68517,10,,,1,29,,68522,10,,,1,70,,68525,10,,,1,31,,68529,10,,,1,70,,68524,10,,,1,30,,68530,10,,,1,70,,68521,10,,,1,30,,68527,10,,,1,69,,68528,10,,,1,30,,68531,10,,,1,70,,68526,10,,,1,30,,68532,10,,,1,70,,68534,10,,,1,30,,68533,10,,,1,70,,68535,10,,,1,30,,68537,10,,,1,70,,68538,10,,,1,30,,68536,10,,,1,70,,68539,10,,,1,28,,68540,10,,,1
5500,'Dimanche-10',700,,69588,10,,,1,30,,69593,10,,,1,70,,69585,10,,,1,30,,69590,10,,,1,70,,69587,10,,,1,30,,69584,10,,,1,71,,69595,10,,,1,29,,69589,10,,,1,70,,69586,10,,,1,31,,69598,10,,,1,70,,69594,10,,,1,30,,69599,10,,,1,70,,69592,10,,,1,30,,69591,10,,,1,70,,69597,10,,,1,30,,69602,10,,,1,70,,69596,10,,,1,29,,69601,10,,,1,70,,69604,10,,,1,31,,69608,10,,,1,70,,69603,10,,,1,30,,69609,10,,,1,70,,69600,10,,,1,30,,69606,10,,,1,69,,69607,10,,,1,30,,69610,10,,,1,70,,69605,10,,,1,30,,69611,10,,,1,70,,69613,10,,,1,30,,69612,10,,,1,70,,69614,10,,,1,30,,69616,10,,,1,70,,69617,10,,,1,30,,69615,10,,,1,70,,69618,10,,,1,28,,69619,10,,,1
5500,'Dimanche-11',700,,66743,10,,,1,30,,66748,10,,,1,70,,66740,10,,,1,30,,66745,10,,,1,70,,66742,10,,,1,30,,66739,10,,,1,71,,66750,10,,,1,29,,66744,10,,,1,70,,66741,10,,,1,31,,66753,10,,,1,70,,66749,10,,,1,30,,66754,10,,,1,70,,66747,10,,,1,30,,66746,10,,,1,70,,66752,10,,,1,30,,66757,10,,,1,70,,66751,10,,,1,29,,66756,10,,,1,70,,66759,10,,,1,31,,66763,10,,,1,70,,66758,10,,,1,30,,66764,10,,,1,70,,66755,10,,,1,30,,66761,10,,,1,69,,66762,10,,,1,30,,66765,10,,,1,70,,66760,10,,,1,30,,66766,10,,,1,70,,66768,10,,,1,30,,66767,10,,,1,70,,66769,10,,,1,30,,66771,10,,,1,70,,66772,10,,,1,30,,66770,10,,,1,70,,66773,10,,,1,28,,66774,10,,,1
5500,'Semaine-0',632,,64323,10,,,1,100,,64339,10,,,1,69,,64322,10,,,1,100,,64358,10,,,1,28,,64359,10,,,1,30,,64328,10,,,1,69,,64338,10,,,1,30,,64342,10,,,1,71,,64364,10,,,1,30,,64324,10,,,1,71,,64363,10,,,1,29,,64341,10,,,1,70,,64356,10,,,1,30,,64350,10,,,1,63,,64357,10,,,1,15,,64343,10,,,1,14,,64321,10,,,1,56,,64362,10,,,1,17,,64332,10,,,1,15,,64365,10,,,1,13,,64353,10,,,1,50,,64325,10,,,1,13,,64336,10,,,1,18,,64368,10,,,1,9,,64361,10,,,1,11,,64327,10,,,1,51,,64344,10,,,1,10,,64337,10,,,1,11,,64366,10,,,1,13,,64351,10,,,1,9,,64331,10,,,1,12,,64326,10,,,1,50,,64367,10,,,1,11,,64335,10,,,1,12,,64330,10,,,1,10,,64340,10,,,1,70,,64355,10,,,1,29,,64360,10,,,1,70,,64347,10,,,1,30,,64333,10,,,1,70,,64354,10,,,1,29,,64345,10,,,1,70,,64348,10,,,1,30,,64334,10,,,1,70,,64349,10,,,1,30,,64346,10,,,1,69,,64329,10,,,1,30,,64352,10,,,1
5500,'Semaine-10',632,,72253,10,,,1,100,,72269,10,,,1,69,,72252,10,,,1,100,,72288,10,,,1,28,,72289,10,,,1,30,,72258,10,,,1,69,,72268,10,,,1,30,,72272,10,,,1,71,,72294,10,,,1,30,,72254,10,,,1,71,,72293,10,,,1,29,,72271,10,,,1,70,,72286,10,,,1,30,,72280,10,,,1,63,,72287,10,,,1,15,,72273,10,,,1,14,,72251,10,,,1,56,,72292,10,,,1,17,,72262,10,,,1,15,,72295,10,,,1,13,,72283,10,,,1,50,,72255,10,,,1,13,,72266,10,,,1,18,,72298,10,,,1,9,,72291,10,,,1,11,,72257,10,,,1,51,,72274,10,,,1,10,,72267,10,,,1,11,,72296,10,,,1,13,,72281,10,,,1,9,,72261,10,,,1,12,,72256,10,,,1,50,,72297,10,,,1,11,,72265,10,,,1,12,,72260,10,,,1,10,,72270,10,,,1,70,,72285,10,,,1,29,,72290,10,,,1,70,,72277,10,,,1,30,,72263,10,,,1,70,,72284,10,,,1,29,,72275,10,,,1,70,,72278,10,,,1,30,,72264,10,,,1,70,,72279,10,,,1,30,,72276,10,,,1,69,,72259,10,,,1,30,,72282,10,,,1
5500,'Semaine-11',632,,74784,10,,,1,100,,74800,10,,,1,69,,74783,10,,,1,100,,74819,10,,,1,28,,74820,10,,,1,30,,74789,10,,,1,69,,74799,10,,,1,30,,74803,10,,,1,71,,74825,10,,,1,30,,74785,10,,,1,71,,74824,10,,,1,29,,74802,10,,,1,70,,74817,10,,,1,30,,74811,10,,,1,63,,74818,10,,,1,15,,74804,10,,,1,14,,74782,10,,,1,56,,74823,10,,,1,17,,74793,10,,,1,15,,74826,10,,,1,13,,74814,10,,,1,50,,74786,10,,,1,13,,74797,10,,,1,18,,74829,10,,,1,9,,74822,10,,,1,11,,74788,10,,,1,51,,74805,10,,,1,10,,74798,10,,,1,11,,74827,10,,,1,13,,74812,10,,,1,9,,74792,10,,,1,12,,74787,10,,,1,50,,74828,10,,,1,11,,74796,10,,,1,12,,74791,10,,,1,10,,74801,10,,,1,70,,74816,10,,,1,29,,74821,10,,,1,70,,74808,10,,,1,30,,74794,10,,,1,70,,74815,10,,,1,29,,74806,10,,,1,70,,74809,10,,,1,30,,74795,10,,,1,70,,74810,10,,,1,30,,74807,10,,,1,69,,74790,10,,,1,30,,74813,10,,,1
5900,'Samedi-0',715,,66845,10,,,1,30,,66848,10,,,1,70,,66841,10,,,1,30,,66847,10,,,1,70,,66844,10,,,1,30,,66849,10,,,1,70,,66853,10,,,1,30,,66854,10,,,1,70,,66843,10,,,1,30,,66842,10,,,1,70,,66852,10,,,1,30,,66846,10,,,1,70,,66850,10,,,1,30,,66855,10,,,1,70,,66851,10,,,1,30,,66856,10,,,1,70,,66857,10,,,1,30,,66858,10,,,1,70,,66859,10,,,1,32,,66860,10,,,1,69,,66861,10,,,1,30,,66862,10,,,1,69,,66863,10,,,1,30,,66864,10,,,1,70,,66865,10,,,1,30,,66867,10,,,1,70,,66866,10,,,1,30,,66869,10,,,1,70,,66868,10,,,1,29,,66870,10,,,1,71,,66871,10,,,1,30,,66873,10,,,1,70,,66872,10,,,1,30,,66874,10,,,1
5900,'Samedi-10',715,,76881,10,,,1,30,,76884,10,,,1,70,,76877,10,,,1,30,,76883,10,,,1,70,,76880,10,,,1,30,,76885,10,,,1,70,,76889,10,,,1,30,,76890,10,,,1,70,,76879,10,,,1,30,,76878,10,,,1,70,,76888,10,,,1,30,,76882,10,,,1,70,,76886,10,,,1,30,,76891,10,,,1,70,,76887,10,,,1,30,,76892,10,,,1,70,,76893,10,,,1,30,,76894,10,,,1,70,,76895,10,,,1,32,,76896,10,,,1,69,,76897,10,,,1,30,,76898,10,,,1,69,,76899,10,,,1,30,,76900,10,,,1,70,,76901,10,,,1,30,,76903,10,,,1,70,,76902,10,,,1,30,,76905,10,,,1,70,,76904,10,,,1,29,,76906,10,,,1,71,,76907,10,,,1,30,,76909,10,,,1,70,,76908,10,,,1,30,,76910,10,,,1
5900,'Samedi-11',715,,70736,10,,,1,30,,70739,10,,,1,70,,70732,10,,,1,30,,70738,10,,,1,70,,70735,10,,,1,30,,70740,10,,,1,70,,70744,10,,,1,30,,70745,10,,,1,70,,70734,10,,,1,30,,70733,10,,,1,70,,70743,10,,,1,30,,70737,10,,,1,70,,70741,10,,,1,30,,70746,10,,,1,70,,70742,10,,,1,30,,70747,10,,,1,70,,70748,10,,,1,30,,70749,10,,,1,70,,70750,10,,,1,32,,70751,10,,,1,69,,70752,10,,,1,30,,70753,10,,,1,69,,70754,10,,,1,30,,70755,10,,,1,70,,70756,10,,,1,30,,70758,10,,,1,70,,70757,10,,,1,30,,70760,10,,,1,70,,70759,10,,,1,29,,70761,10,,,1,71,,70762,10,,,1,30,,70764,10,,,1,70,,70763,10,,,1,30,,70765,10,,,1
5900,'Dimanche-0',715,,68579,10,,,1,30,,68578,10,,,1,70,,68574,10,,,1,30,,68583,10,,,1,70,,68589,10,,,1,30,,68580,10,,,1,70,,68587,10,,,1,30,,68582,10,,,1,70,,68588,10,,,1,30,,68575,10,,,1,70,,68586,10,,,1,30,,68576,10,,,1,70,,68584,10,,,1,30,,68590,10,,,1,70,,68577,10,,,1,30,,68581,10,,,1,70,,68585,10,,,1,30,,68594,10,,,1,70,,68595,10,,,1,32,,68592,10,,,1,69,,68597,10,,,1,30,,68593,10,,,1,69,,68599,10,,,1,30,,68591,10,,,1,70,,68596,10,,,1,30,,68600,10,,,1,70,,68598,10,,,1,30,,68601,10,,,1,70,,68602,10,,,1,29,,68603,10,,,1,71,,68604,10,,,1,30,,68606,10,,,1,70,,68605,10,,,1,30,,68607,10,,,1
5900,'Dimanche-10',715,,69658,10,,,1,30,,69657,10,,,1,70,,69653,10,,,1,30,,69662,10,,,1,70,,69668,10,,,1,30,,69659,10,,,1,70,,69666,10,,,1,30,,69661,10,,,1,70,,69667,10,,,1,30,,69654,10,,,1,70,,69665,10,,,1,30,,69655,10,,,1,70,,69663,10,,,1,30,,69669,10,,,1,70,,69656,10,,,1,30,,69660,10,,,1,70,,69664,10,,,1,30,,69673,10,,,1,70,,69674,10,,,1,32,,69671,10,,,1,69,,69676,10,,,1,30,,69672,10,,,1,69,,69678,10,,,1,30,,69670,10,,,1,70,,69675,10,,,1,30,,69679,10,,,1,70,,69677,10,,,1,30,,69680,10,,,1,70,,69681,10,,,1,29,,69682,10,,,1,71,,69683,10,,,1,30,,69685,10,,,1,70,,69684,10,,,1,30,,69686,10,,,1
5900,'Dimanche-11',715,,66880,10,,,1,30,,66879,10,,,1,70,,66875,10,,,1,30,,66884,10,,,1,70,,66890,10,,,1,30,,66881,10,,,1,70,,66888,10,,,1,30,,66883,10,,,1,70,,66889,10,,,1,30,,66876,10,,,1,70,,66887,10,,,1,30,,66877,10,,,1,70,,66885,10,,,1,30,,66891,10,,,1,70,,66878,10,,,1,30,,66882,10,,,1,70,,66886,10,,,1,30,,66895,10,,,1,70,,66896,10,,,1,32,,66893,10,,,1,69,,66898,10,,,1,30,,66894,10,,,1,69,,66900,10,,,1,30,,66892,10,,,1,70,,66897,10,,,1,30,,66901,10,,,1,70,,66899,10,,,1,30,,66902,10,,,1,70,,66903,10,,,1,29,,66904,10,,,1,71,,66905,10,,,1,30,,66907,10,,,1,70,,66906,10,,,1,30,,66908,10,,,1
5900,'Semaine-0',601,,64453,10,,,1,57,,64488,10,,,1,86,,64493,10,,,1,88,,64469,10,,,1,84,,64465,10,,,1,29,,64486,10,,,1,70,,64462,10,,,1,30,,64485,10,,,1,70,,64476,10,,,1,30,,64470,10,,,1,71,,64478,10,,,1,30,,64461,10,,,1,70,,64489,10,,,1,30,,64452,10,,,1,70,,64483,10,,,1,14,,64454,10,,,1,17,,64487,10,,,1,71,,64447,10,,,1,14,,64491,10,,,1,15,,64446,10,,,1,8,,64481,10,,,1,54,,64477,10,,,1,7,,64490,5,,,1,6,,64464,10,,,1,13,,64448,10,,,1,6,,64492,5,,,1,6,,64449,10,,,1,12,,64457,10,,,1,52,,64484,10,,,1,12,,64473,10,,,1,11,,64460,10,,,1,10,,64482,10,,,1,12,,64468,10,,,1,52,,64480,10,,,1,9,,64450,10,,,1,10,,64455,10,,,1,31,,64475,10,,,1,70,,64466,10,,,1,30,,64471,10,,,1,69,,64459,10,,,1,30,,64467,10,,,1,70,,64472,10,,,1,30,,64479,10,,,1,70,,64456,10,,,1,30,,64474,10,,,1,69,,64463,10,,,1,30,,64451,10,,,1,69,,64458,10,,,1
5900,'Semaine-10',601,,72383,10,,,1,57,,72418,10,,,1,86,,72423,10,,,1,88,,72399,10,,,1,84,,72395,10,,,1,29,,72416,10,,,1,70,,72392,10,,,1,30,,72415,10,,,1,70,,72406,10,,,1,30,,72400,10,,,1,71,,72408,10,,,1,30,,72391,10,,,1,70,,72419,10,,,1,30,,72382,10,,,1,70,,72413,10,,,1,14,,72384,10,,,1,17,,72417,10,,,1,71,,72377,10,,,1,14,,72421,10,,,1,15,,72376,10,,,1,8,,72411,10,,,1,54,,72407,10,,,1,7,,72420,5,,,1,6,,72394,10,,,1,13,,72378,10,,,1,6,,72422,5,,,1,6,,72379,10,,,1,12,,72387,10,,,1,52,,72414,10,,,1,12,,72403,10,,,1,11,,72390,10,,,1,10,,72412,10,,,1,12,,72398,10,,,1,52,,72410,10,,,1,9,,72380,10,,,1,10,,72385,10,,,1,31,,72405,10,,,1,70,,72396,10,,,1,30,,72401,10,,,1,69,,72389,10,,,1,30,,72397,10,,,1,70,,72402,10,,,1,30,,72409,10,,,1,70,,72386,10,,,1,30,,72404,10,,,1,69,,72393,10,,,1,30,,72381,10,,,1,69,,72388,10,,,1
5900,'Semaine-11',601,,74914,10,,,1,57,,74949,10,,,1,86,,74954,10,,,1,88,,74930,10,,,1,84,,74926,10,,,1,29,,74947,10,,,1,70,,74923,10,,,1,30,,74946,10,,,1,70,,74937,10,,,1,30,,74931,10,,,1,71,,74939,10,,,1,30,,74922,10,,,1,70,,74950,10,,,1,30,,74913,10,,,1,70,,74944,10,,,1,14,,74915,10,,,1,17,,74948,10,,,1,71,,74908,10,,,1,14,,74952,10,,,1,15,,74907,10,,,1,8,,74942,10,,,1,54,,74938,10,,,1,7,,74951,5,,,1,6,,74925,10,,,1,13,,74909,10,,,1,6,,74953,5,,,1,6,,74910,10,,,1,12,,74918,10,,,1,52,,74945,10,,,1,12,,74934,10,,,1,11,,74921,10,,,1,10,,74943,10,,,1,12,,74929,10,,,1,52,,74941,10,,,1,9,,74911,10,,,1,10,,74916,10,,,1,31,,74936,10,,,1,70,,74927,10,,,1,30,,74932,10,,,1,69,,74920,10,,,1,30,,74928,10,,,1,70,,74933,10,,,1,30,,74940,10,,,1,70,,74917,10,,,1,30,,74935,10,,,1,69,,74924,10,,,1,30,,74912,10,,,1,69,,74919,10,,,1
32900,'Semaine-0',804,,65574,2,0,7 8,1
32900,'Semaine-10',804,,73504,2,0,7 8,1
32900,'Semaine-11',804,,76035,2,0,7 8,1
37100,'Samedi-0',756,,67718,10,,,1,100,,67722,10,,,1,100,,67717,10,,,1,101,,67723,10,,,1,100,,67719,10,,,1,100,,67720,10,,,1,100,,67721,10,,,1,100,,67724,10,,,1,100,,67725,10,,,1,100,,67726,10,,,1,100,,67727,10,,,1,100,,67728,10,,,1,100,,67729,10,,,1,99,,67730,10,,,1,100,,67731,10,,,1,100,,67732,10,,,1,100,,67733,10,,,1
37100,'Samedi-10',756,,77316,10,,,1,100,,77320,10,,,1,100,,77315,10,,,1,101,,77321,10,,,1,100,,77317,10,,,1,100,,77318,10,,,1,100,,77319,10,,,1,100,,77322,10,,,1,100,,77323,10,,,1,100,,77324,10,,,1,100,,77325,10,,,1,100,,77326,10,,,1,100,,77327,10,,,1,99,,77328,10,,,1,100,,77329,10,,,1,100,,77330,10,,,1,100,,77331,10,,,1
37100,'Samedi-11',756,,71171,10,,,1,100,,71175,10,,,1,100,,71170,10,,,1,101,,71176,10,,,1,100,,71172,10,,,1,100,,71173,10,,,1,100,,71174,10,,,1,100,,71177,10,,,1,100,,71178,10,,,1,100,,71179,10,,,1,100,,71180,10,,,1,100,,71181,10,,,1,100,,71182,10,,,1,99,,71183,10,,,1,100,,71184,10,,,1,100,,71185,10,,,1,100,,71186,10,,,1
37100,'Dimanche-0',756,,69012,10,,,1,100,,69014,10,,,1,100,,69016,10,,,1,101,,69017,10,,,1,100,,69024,10,,,1,100,,69013,10,,,1,100,,69018,10,,,1,100,,69015,10,,,1,100,,69020,10,,,1,100,,69022,10,,,1,100,,69023,10,,,1,100,,69021,10,,,1,100,,69019,10,,,1,99,,69025,10,,,1,100,,69026,10,,,1,100,,69027,10,,,1,100,,69028,10,,,1
37100,'Dimanche-10',756,,70091,10,,,1,100,,70093,10,,,1,100,,70095,10,,,1,101,,70096,10,,,1,100,,70103,10,,,1,100,,70092,10,,,1,100,,70097,10,,,1,100,,70094,10,,,1,100,,70099,10,,,1,100,,70101,10,,,1,100,,70102,10,,,1,100,,70100,10,,,1,100,,70098,10,,,1,99,,70104,10,,,1,100,,70105,10,,,1,100,,70106,10,,,1,100,,70107,10,,,1
37100,'Dimanche-11',756,,67734,10,,,1,100,,67736,10,,,1,100,,67738,10,,,1,101,,67739,10,,,1,100,,67746,10,,,1,100,,67735,10,,,1,100,,67740,10,,,1,100,,67737,10,,,1,100,,67742,10,,,1,100,,67744,10,,,1,100,,67745,10,,,1,100,,67743,10,,,1,100,,67741,10,,,1,99,,67747,10,,,1,100,,67748,10,,,1,100,,67749,10,,,1,100,,67750,10,,,1
37100,'Semaine-0',702,,65591,10,,,1,33,,65588,10,,,1,70,,65584,10,,,1,29,,65579,10,,,1,90,,65598,10,,,1,97,,65583,10,,,1,102,,65585,10,,,1,100,,65597,10,,,1,99,,65592,10,,,1,102,,65581,10,,,1,92,,65593,10,,,1,19,,65602,10,,,1,16,,65582,10,,,1,55,,65603,10,,,1,26,,65578,10,,,1,20,,65587,10,,,1,69,,65594,10,,,1,25,,65600,10,,,1,68,,65599,10,,,1,30,,65589,10,,,1,69,,65601,10,,,1,30,,65604,10,,,1,70,,65590,10,,,1,95,,65586,10,,,1,100,,65596,10,,,1,100,,65595,10,,,1,98,,65580,10,,,1
37100,'Semaine-10',702,,73521,10,,,1,33,,73518,10,,,1,70,,73514,10,,,1,29,,73509,10,,,1,90,,73528,10,,,1,97,,73513,10,,,1,102,,73515,10,,,1,100,,73527,10,,,1,99,,73522,10,,,1,102,,73511,10,,,1,92,,73523,10,,,1,19,,73532,10,,,1,16,,73512,10,,,1,55,,73533,10,,,1,26,,73508,10,,,1,20,,73517,10,,,1,69,,73524,10,,,1,25,,73530,10,,,1,68,,73529,10,,,1,30,,73519,10,,,1,69,,73531,10,,,1,30,,73534,10,,,1,70,,73520,10,,,1,95,,73516,10,,,1,100,,73526,10,,,1,100,,73525,10,,,1,98,,73510,10,,,1
37100,'Semaine-11',702,,76052,10,,,1,33,,76049,10,,,1,70,,76045,10,,,1,29,,76040,10,,,1,90,,76059,10,,,1,97,,76044,10,,,1,102,,76046,10,,,1,100,,76058,10,,,1,99,,76053,10,,,1,102,,76042,10,,,1,92,,76054,10,,,1,19,,76063,10,,,1,16,,76043,10,,,1,55,,76064,10,,,1,26,,76039,10,,,1,20,,76048,10,,,1,69,,76055,10,,,1,25,,76061,10,,,1,68,,76060,10,,,1,30,,76050,10,,,1,69,,76062,10,,,1,30,,76065,10,,,1,70,,76051,10,,,1,95,,76047,10,,,1,100,,76057,10,,,1,100,,76056,10,,,1,98,,76041,10,,,1
43700,'Semaine-0',722,,65832,6,0,9 14,1,2,,65833,2,0,9 14,2
43700,'Semaine-10',722,,73762,6,0,9 14,1,2,,73763,2,0,9 14,2
43700,'Semaine-11',722,,76293,6,0,9 14,1,2,,76294,2,0,9 14,2
65500,'Semaine-0',713,,65872,3,0,9 10,1
65500,'Semaine-10',713,,73802,3,0,9 10,1
65500,'Semaine-11',713,,76333,3,0,9 10,1
72900,'Semaine-0',1623,,65877,7,0,5 11,2
72900,'Semaine-10',1623,,73807,7,0,5 11,2
72900,'Semaine-11',1623,,76338,7,0,5 11,2
74000,'Semaine-0',1620,,65881,4,0,5 11,1
74000,'Semaine-10',1620,,73811,4,0,5 11,1
74000,'Semaine-11',1620,,76342,4,0,5 11,1
