2001,'Semaine-0',1547,,63468,16,,,1,100,,63470,16,,,1,100,,63469,16,,,1
3501,'Semaine-0',553,,63918,23,,,1,80,,63896,23,,,2,21,,63926,23,,,1,63,,63927,34,,,1,15,,63915,23,,,1,20,,63920,34,,,1,60,,63899,23,,,1,24,,63916,23,,,1,22,,63921,23,,,1,70,,63903,23,,,1,30,,63905,23,,,1,70,,63898,23,,,1,28,,63902,23,,,1,70,,63911,23,,,2,32,,63897,23,,,1,70,,63909,23,,,1,30,,63910,23,,,2,70,,63913,23,,,1,30,,63901,23,,,2,71,,63922,23,,,2,29,,63912,23,,,1,74,,63900,23,,,1,72,,63924,23,,,1,28,,63919,23,,,1,70,,63904,23,,,1,27,,63907,23,,,1,30,,63925,23,,,1,68,,63914,23,,,1,100,,63908,23,,,1,100,,63906,23,,,1,100,,63923,23,,,1,100,,63917,23,,,1
3801,'Samedi-0',720,,66405,19,,,1,30,,66401,19,,,1,70,,66413,19,,,1,30,,66406,19,,,1,70,,66402,19,,,1,31,,66414,19,,,1,68,,66407,19,,,1,32,,66411,19,,,1,70,,66403,19,,,1,30,,66408,19,,,1,70,,66412,19,,,1,30,,66404,19,,,1,71,,66409,19,,,1,30,,66410,19,,,1,70,,66415,19,,,1,30,,66416,19,,,1,71,,66417,19,,,1,30,,66418,19,,,1,69,,66419,19,,,1,30,,66420,19,,,1,70,,66421,19,,,1,30,,66422,19,,,1,67,,66423,19,,,1,32,,66425,19,,,1,70,,66424,19,,,1,30,,66427,19,,,1,70,,66426,19,,,1,30,,66428,19,,,1,69,,66429,19,,,1,30,,66433,19,,,1,70,,66430,19,,,1,30,,66431,19,,,1,70,,66432,19,,,1
3801,'Dimanche-0',720,,68362,19,,,1,30,,68364,19,,,1,70,,68357,19,,,1,30,,68356,19,,,1,70,,68378,19,,,1,31,,68367,19,,,1,68,,68358,19,,,1,32,,68380,19,,,1,70,,68377,19,,,1,30,,68359,19,,,1,70,,68379,19,,,1,30,,68366,19,,,1,71,,68360,19,,,1,30,,68363,19,,,1,70,,68365,19,,,1,30,,68355,19,,,1,71,,68361,19,,,1,30,,68354,19,,,1,69,,68371,19,,,1,30,,68372,19,,,1,70,,68374,19,,,1,30,,68370,19,,,1,67,,68376,19,,,1,32,,68373,19,,,1,70,,68368,19,,,1,30,,68375,19,,,1,70,,68369,19,,,1,30,,68381,19,,,1,69,,68382,19,,,1,30,,68383,19,,,1,70,,68384,19,,,1,30,,68385,19,,,1,70,,68386,19,,,1
3801,'Dimanche-10',720,,69441,19,,,1,30,,69443,19,,,1,70,,69436,19,,,1,30,,69435,19,,,1,70,,69457,19,,,1,31,,69446,19,,,1,68,,69437,19,,,1,32,,69459,19,,,1,70,,69456,19,,,1,30,,69438,19,,,1,70,,69458,19,,,1,30,,69445,19,,,1,71,,69439,19,,,1,30,,69442,19,,,1,70,,69444,19,,,1,30,,69434,19,,,1,71,,69440,19,,,1,30,,69433,19,,,1,69,,69450,19,,,1,30,,69451,19,,,1,70,,69453,19,,,1,30,,69449,19,,,1,67,,69455,19,,,1,32,,69452,19,,,1,70,,69447,19,,,1,30,,69454,19,,,1,70,,69448,19,,,1,30,,69460,19,,,1,69,,69461,19,,,1,30,,69462,19,,,1,70,,69463,19,,,1,30,,69464,19,,,1,70,,69465,19,,,1
3801,'Dimanche-11',720,,66442,19,,,1,30,,66444,19,,,1,70,,66437,19,,,1,30,,66436,19,,,1,70,,66458,19,,,1,31,,66447,19,,,1,68,,66438,19,,,1,32,,66460,19,,,1,70,,66457,19,,,1,30,,66439,19,,,1,70,,66459,19,,,1,30,,66446,19,,,1,71,,66440,19,,,1,30,,66443,19,,,1,70,,66445,19,,,1,30,,66435,19,,,1,71,,66441,19,,,1,30,,66434,19,,,1,69,,66451,19,,,1,30,,66452,19,,,1,70,,66454,19,,,1,30,,66450,19,,,1,67,,66456,19,,,1,32,,66453,19,,,1,70,,66448,19,,,1,30,,66455,19,,,1,70,,66449,19,,,1,30,,66461,19,,,1,69,,66462,19,,,1,30,,66463,19,,,1,70,,66464,19,,,1,30,,66465,19,,,1,70,,66466,19,,,1
3801,'Semaine-0',626,,64066,19,,,1,30,,64038,19,,,1,70,,64065,19,,,1,20,,64076,19,,,1,58,,64072,19,,,1,23,,64054,19,,,1,30,,64074,19,,,1,70,,64061,19,,,1,19,,64044,19,,,1,60,,64070,19,,,1,20,,64055,19,,,1,20,,64047,19,,,1,61,,64062,19,,,1,20,,64045,19,,,1,20,,64069,19,,,1,60,,64075,19,,,1,22,,64048,19,,,1,20,,64077,19,,,1,60,,64063,19,,,1,20,,64068,19,,,1,18,,64056,19,,,1,60,,64049,19,,,1,20,,64064,19,,,1,21,,64078,19,,,1,62,,64051,19,,,1,20,,64057,19,,,1,70,,64071,19,,,1,30,,64046,19,,,1,71,,64053,19,,,1,27,,64043,19,,,1,29,,64079,19,,,1,60,,64040,19,,,1,21,,64073,19,,,1,69,,64042,19,,,1,29,,64052,19,,,1,71,,64060,19,,,1,30,,64067,19,,,1,70,,64050,19,,,1,28,,64058,19,,,1,71,,64059,19,,,1,29,,64039,19,,,1,85,,64041,19,,,1
40001,'Samedi-0',640,,67931,11,,,1,15,,67934,11,,,1,55,,67936,11,,,1,15,,67932,11,,,1,15,,67933,11,,,1,15,,67935,11,,,1,55,,67941,11,,,1,15,,67948,11,,,1,15,,67939,11,,,1,15,,67959,11,,,1,55,,67937,11,,,1,16,,67938,11,,,1,15,,67947,11,,,1,15,,67940,11,,,1,55,,67942,11,,,1,15,,67950,11,,,1,15,,67951,11,,,1,15,,67952,11,,,1,55,,67958,11,,,1,15,,67957,11,,,1,15,,67961,11,,,1,15,,67944,11,,,1,56,,67943,11,,,1,15,,67946,11,,,1,15,,67949,11,,,1,15,,67945,11,,,1,55,,67954,11,,,1,15,,67956,11,,,1,15,,67962,11,,,1,15,,67953,11,,,1,55,,67955,11,,,1,15,,67960,11,,,1,15,,67963,11,,,1,15,,67964,11,,,1,55,,67965,11,,,1,15,,67966,11,,,1,15,,67967,11,,,1,15,,67968,11,,,1,55,,67969,11,,,1,15,,67970,11,,,1,16,,67971,11,,,1,14,,67972,11,,,1,55,,67973,11,,,1,15,,67974,11,,,1,15,,67975,11,,,1,15,,67976,11,,,1,55,,67977,11,,,1,15,,67980,11,,,1,13,,67978,11,,,1,16,,67979,11,,,1,56,,67982,11,,,1,15,,67981,11,,,1,15,,67986,11,,,1,15,,67984,11,,,1,54,,67985,11,,,1,15,,67983,11,,,1,15,,67987,11,,,1,15,,67989,11,,,1,55,,67990,11,,,1,15,,67991,11,,,1,15,,67988,11,,,1,15,,67994,11,,,1,55,,67993,11,,,1,15,,67992,11,,,1,15,,67995,11,,,1,15,,67996,11,,,1,55,,67997,11,,,1,15,,67998,11,,,1,15,,68000,11,,,1,15,,67999,11,,,1,55,,68002,11,,,1,15,,68001,11,,,1,15,,68003,11,,,1
40001,'Dimanche-0',640,,69119,11,,,1,15,,69126,11,,,1,55,,69127,11,,,1,15,,69121,11,,,1,15,,69120,11,,,1,15,,69125,11,,,1,55,,69136,11,,,1,15,,69139,11,,,1,15,,69122,11,,,1,15,,69131,11,,,1,55,,69128,11,,,1,16,,69145,11,,,1,15,,69148,11,,,1,15,,69129,11,,,1,55,,69137,11,,,1,15,,69152,11,,,1,15,,69141,11,,,1,15,,69157,11,,,1,55,,69130,11,,,1,15,,69146,11,,,1,15,,69147,11,,,1,15,,69142,11,,,1,56,,69158,11,,,1,15,,69151,11,,,1,15,,69132,11,,,1,15,,69140,11,,,1,55,,69134,11,,,1,15,,69144,11,,,1,15,,69153,11,,,1,15,,69138,11,,,1,55,,69133,11,,,1,15,,69150,11,,,1,15,,69123,11,,,1,15,,69155,11,,,1,55,,69124,11,,,1,15,,69143,11,,,1,15,,69154,11,,,1,15,,69135,11,,,1,55,,69163,11,,,1,15,,69149,11,,,1,16,,69166,11,,,1,14,,69156,11,,,1,55,,69170,11,,,1,15,,69164,11,,,1,15,,69172,11,,,1,15,,69168,11,,,1,55,,69174,11,,,1,15,,69159,11,,,1,13,,69165,11,,,1,16,,69160,11,,,1,56,,69169,11,,,1,15,,69162,11,,,1,15,,69171,11,,,1,15,,69167,11,,,1,54,,69173,11,,,1,15,,69161,11,,,1,15,,69175,11,,,1,15,,69177,11,,,1,55,,69176,11,,,1,15,,69179,11,,,1,15,,69178,11,,,1,15,,69180,11,,,1,55,,69181,11,,,1,15,,69182,11,,,1,15,,69183,11,,,1,15,,69184,11,,,1,55,,69185,11,,,1,15,,69186,11,,,1,15,,69187,11,,,1,15,,69188,11,,,1,55,,69189,11,,,1,15,,69190,11,,,1,15,,69191,11,,,1
40001,'Dimanche-10',640,,70198,11,,,1,15,,70205,11,,,1,55,,70206,11,,,1,15,,70200,11,,,1,15,,70199,11,,,1,15,,70204,11,,,1,55,,70215,11,,,1,15,,70218,11,,,1,15,,70201,11,,,1,15,,70210,11,,,1,55,,70207,11,,,1,16,,70224,11,,,1,15,,70227,11,,,1,15,,70208,11,,,1,55,,70216,11,,,1,15,,70231,11,,,1,15,,70220,11,,,1,15,,70236,11,,,1,55,,70209,11,,,1,15,,70225,11,,,1,15,,70226,11,,,1,15,,70221,11,,,1,56,,70237,11,,,1,15,,70230,11,,,1,15,,70211,11,,,1,15,,70219,11,,,1,55,,70213,11,,,1,15,,70223,11,,,1,15,,70232,11,,,1,15,,70217,11,,,1,55,,70212,11,,,1,15,,70229,11,,,1,15,,70202,11,,,1,15,,70234,11,,,1,55,,70203,11,,,1,15,,70222,11,,,1,15,,70233,11,,,1,15,,70214,11,,,1,55,,70242,11,,,1,15,,70228,11,,,1,16,,70245,11,,,1,14,,70235,11,,,1,55,,70249,11,,,1,15,,70243,11,,,1,15,,70251,11,,,1,15,,70247,11,,,1,55,,70253,11,,,1,15,,70238,11,,,1,13,,70244,11,,,1,16,,70239,11,,,1,56,,70248,11,,,1,15,,70241,11,,,1,15,,70250,11,,,1,15,,70246,11,,,1,54,,70252,11,,,1,15,,70240,11,,,1,15,,70254,11,,,1,15,,70256,11,,,1,55,,70255,11,,,1,15,,70258,11,,,1,15,,70257,11,,,1,15,,70259,11,,,1,55,,70260,11,,,1,15,,70261,11,,,1,15,,70262,11,,,1,15,,70263,11,,,1,55,,70264,11,,,1,15,,70265,11,,,1,15,,70266,11,,,1,15,,70267,11,,,1,55,,70268,11,,,1,15,,70269,11,,,1,15,,70270,11,,,1
40001,'Dimanche-11',640,,68004,11,,,1,15,,68011,11,,,1,55,,68012,11,,,1,15,,68006,11,,,1,15,,68005,11,,,1,15,,68010,11,,,1,55,,68021,11,,,1,15,,68024,11,,,1,15,,68007,11,,,1,15,,68016,11,,,1,55,,68013,11,,,1,16,,68030,11,,,1,15,,68033,11,,,1,15,,68014,11,,,1,55,,68022,11,,,1,15,,68037,11,,,1,15,,68026,11,,,1,15,,68042,11,,,1,55,,68015,11,,,1,15,,68031,11,,,1,15,,68032,11,,,1,15,,68027,11,,,1,56,,68043,11,,,1,15,,68036,11,,,1,15,,68017,11,,,1,15,,68025,11,,,1,55,,68019,11,,,1,15,,68029,11,,,1,15,,68038,11,,,1,15,,68023,11,,,1,55,,68018,11,,,1,15,,68035,11,,,1,15,,68008,11,,,1,15,,68040,11,,,1,55,,68009,11,,,1,15,,68028,11,,,1,15,,68039,11,,,1,15,,68020,11,,,1,55,,68048,11,,,1,15,,68034,11,,,1,16,,68051,11,,,1,14,,68041,11,,,1,55,,68055,11,,,1,15,,68049,11,,,1,15,,68057,11,,,1,15,,68053,11,,,1,55,,68059,11,,,1,15,,68044,11,,,1,13,,68050,11,,,1,16,,68045,11,,,1,56,,68054,11,,,1,15,,68047,11,,,1,15,,68056,11,,,1,15,,68052,11,,,1,54,,68058,11,,,1,15,,68046,11,,,1,15,,68060,11,,,1,15,,68062,11,,,1,55,,68061,11,,,1,15,,68064,11,,,1,15,,68063,11,,,1,15,,68065,11,,,1,55,,68066,11,,,1,15,,68067,11,,,1,15,,68068,11,,,1,15,,68069,11,,,1,55,,68070,11,,,1,15,,68071,11,,,1,15,,68072,11,,,1,15,,68073,11,,,1,55,,68074,11,,,1,15,,68075,11,,,1,15,,68076,11,,,1
40001,'Semaine-0',511,,65793,11,,,1,10,,65794,11,,,1,10,,65795,11,,,1,10,,65796,11,,,1,10,,65797,11,,,1,51,,65798,11,,,1,5,,65799,11,,,1,5,,65800,11,,,1,4,,65801,11,,,1,6,,65807,11,,,1,230,,65802,11,,,1,49,,65803,9,,,1,6,,65804,11,,,1,12,,65805,11,,,1,11,,65806,11,,,1,10,,65752,11,,,1,9,,65737,11,,,1,51,,65762,11,,,1,11,,65763,11,,,1,9,,65809,11,,,1,10,,65727,11,,,1,10,,65810,11,,,1,10,,65725,11,,,1,50,,65759,11,,,1,10,,65779,11,,,1,10,,65746,11,,,1,10,,65754,11,,,1,10,,65751,11,,,1,10,,65729,11,,,1,50,,65790,11,,,1,10,,65764,11,,,1,10,,65776,11,,,1,10,,65728,11,,,1,10,,65738,11,,,1,10,,65731,11,,,1,50,,65747,11,,,1,10,,65780,11,,,1,10,,65761,11,,,1,10,,65755,11,,,1,10,,65750,11,,,1,10,,65743,11,,,1,50,,65786,11,,,1,10,,65765,11,,,1,10,,65777,11,,,1,10,,65792,11,,,1,11,,65740,11,,,1,10,,65723,11,,,1,50,,65782,11,,,1,10,,65781,11,,,1,10,,65766,11,,,1,9,,65756,11,,,1,6,,65748,7,,,1,6,,65733,11,,,1,12,,65784,11,,,1,53,,65791,11,,,1,7,,65808,7,,,1,5,,65778,11,,,1,14,,65813,11,,,1,10,,65758,11,,,1,12,,65787,11,,,1,52,,65811,11,,,1,12,,65771,11,,,1,13,,65749,11,,,1,11,,65734,11,,,1,12,,65739,11,,,1,52,,65812,11,,,1,12,,65741,11,,,1,12,,65767,11,,,1,11,,65757,11,,,1,12,,65788,11,,,1,51,,65774,11,,,1,12,,65753,11,,,1,10,,65735,11,,,1,13,,65775,11,,,1,12,,65815,11,,,1,51,,65814,11,,,1,12,,65742,11,,,1,12,,65768,11,,,1,12,,65745,11,,,1,12,,65789,11,,,1,52,,65772,11,,,1,15,,65730,11,,,1,13,,65816,11,,,1,17,,65736,11,,,1,55,,65732,11,,,1,15,,65783,11,,,1,12,,65769,11,,,1,15,,65744,11,,,1,55,,65773,11,,,1,15,,65785,11,,,1,15,,65726,11,,,1,15,,65724,11,,,1,55,,65760,11,,,1,30,,65770,11,,,1
