7101,'Samedi-0',737,,67393,6,,,1,100,,67392,6,,,1,100,,67397,6,,,1,100,,67395,6,,,1,100,,67396,6,,,1,100,,67391,6,,,1,100,,67394,6,,,1,100,,67398,6,,,1,100,,67399,6,,,1,100,,67400,6,,,1,100,,67401,6,,,1,100,,67402,6,,,1,100,,67403,6,,,1,100,,67404,6,,,1,100,,67405,6,,,1,100,,67406,6,,,1
7101,'Samedi-11',737,,71009,6,,,1,100,,71008,6,,,1,100,,71013,6,,,1,100,,71011,6,,,1,100,,71012,6,,,1,100,,71007,6,,,1,100,,71010,6,,,1,100,,71014,6,,,1,100,,71015,6,,,1,100,,71016,6,,,1,100,,71017,6,,,1,100,,71018,6,,,1,100,,71019,6,,,1,100,,71020,6,,,1,100,,71021,6,,,1,100,,71022,6,,,1
7101,'Dimanche-0',737,,68852,6,,,1,100,,68851,6,,,1,100,,68850,6,,,1,100,,68849,6,,,1,100,,68853,6,,,1,100,,68854,6,,,1,100,,68858,6,,,1,100,,68855,6,,,1,100,,68856,6,,,1,100,,68857,6,,,1,100,,68861,6,,,1,100,,68860,6,,,1,100,,68859,6,,,1,100,,68862,6,,,1,100,,68863,6,,,1,100,,68864,6,,,1
7101,'Dimanche-10',737,,69931,6,,,1,100,,69930,6,,,1,100,,69929,6,,,1,100,,69928,6,,,1,100,,69932,6,,,1,100,,69933,6,,,1,100,,69937,6,,,1,100,,69934,6,,,1,100,,69935,6,,,1,100,,69936,6,,,1,100,,69940,6,,,1,100,,69939,6,,,1,100,,69938,6,,,1,100,,69941,6,,,1,100,,69942,6,,,1,100,,69943,6,,,1
7101,'Dimanche-11',737,,67410,6,,,1,100,,67409,6,,,1,100,,67408,6,,,1,100,,67407,6,,,1,100,,67411,6,,,1,100,,67412,6,,,1,100,,67416,6,,,1,100,,67413,6,,,1,100,,67414,6,,,1,100,,67415,6,,,1,100,,67419,6,,,1,100,,67418,6,,,1,100,,67417,6,,,1,100,,67420,6,,,1,100,,67421,6,,,1,100,,67422,6,,,1
7101,'Semaine-0',539,,65033,6,,,1,62,,65028,6,,,2,16,,65024,6,,,1,20,,65025,6,,,1,20,,65026,6,,,2,54,,65027,6,,,1,20,,65023,6,,,2,17,,65032,6,,,1,57,,65031,6,,,2,30,,65030,6,,,1,70,,65035,6,,,2,30,,65037,6,,,1,70,,65034,6,,,1,30,,65036,6,,,1,70,,65029,6,,,1,30,,65045,6,,,1,70,,65039,6,,,1,30,,65040,6,,,2,70,,65044,6,,,1,30,,65043,6,,,2,71,,65046,6,,,1,30,,65041,6,,,1,70,,65047,6,,,1,14,,65038,6,,,1,16,,65042,6,,,1,15,,65048,6,,,1,56,,65049,6,,,1,16,,65050,6,,,1,13,,65051,6,,,2,15,,65054,6,,,1,55,,65057,6,,,1,15,,65052,6,,,1,20,,65053,6,,,2,70,,65055,6,,,2,29,,65056,6,,,1,100,,65060,6,,,1,100,,65058,6,,,1,100,,65061,6,,,2,100,,65059,6,,,2,100,,65062,6,,,2
7101,'Semaine-10',539,,72963,6,,,1,62,,72958,6,,,2,16,,72954,6,,,1,20,,72955,6,,,1,20,,72956,6,,,2,54,,72957,6,,,1,20,,72953,6,,,2,17,,72962,6,,,1,57,,72961,6,,,2,30,,72960,6,,,1,70,,72965,6,,,2,30,,72967,6,,,1,70,,72964,6,,,1,30,,72966,6,,,1,70,,72959,6,,,1,30,,72975,6,,,1,70,,72969,6,,,1,30,,72970,6,,,2,70,,72974,6,,,1,30,,72973,6,,,2,71,,72976,6,,,1,30,,72971,6,,,1,70,,72977,6,,,1,14,,72968,6,,,1,16,,72972,6,,,1,15,,72978,6,,,1,56,,72979,6,,,1,16,,72980,6,,,1,13,,72981,6,,,2,15,,72984,6,,,1,55,,72987,6,,,1,15,,72982,6,,,1,20,,72983,6,,,2,70,,72985,6,,,2,29,,72986,6,,,1,100,,72990,6,,,1,100,,72988,6,,,1,100,,72991,6,,,2,100,,72989,6,,,2,100,,72992,6,,,2
7101,'Semaine-11',539,,75494,6,,,1,62,,75489,6,,,2,16,,75485,6,,,1,20,,75486,6,,,1,20,,75487,6,,,2,54,,75488,6,,,1,20,,75484,6,,,2,17,,75493,6,,,1,57,,75492,6,,,2,30,,75491,6,,,1,70,,75496,6,,,2,30,,75498,6,,,1,70,,75495,6,,,1,30,,75497,6,,,1,70,,75490,6,,,1,30,,75506,6,,,1,70,,75500,6,,,1,30,,75501,6,,,2,70,,75505,6,,,1,30,,75504,6,,,2,71,,75507,6,,,1,30,,75502,6,,,1,70,,75508,6,,,1,14,,75499,6,,,1,16,,75503,6,,,1,15,,75509,6,,,1,56,,75510,6,,,1,16,,75511,6,,,1,13,,75512,6,,,2,15,,75515,6,,,1,55,,75518,6,,,1,15,,75513,6,,,1,20,,75514,6,,,2,70,,75516,6,,,2,29,,75517,6,,,1,100,,75521,6,,,1,100,,75519,6,,,1,100,,75522,6,,,2,100,,75520,6,,,2,100,,75523,6,,,2
57101,'Semaine-0',638,,65854,6,0,5 6,2
57101,'Semaine-10',638,,73784,6,0,5 6,2
57101,'Semaine-11',638,,76315,6,0,5 6,2
