2001,'Semaine-0',1532,,63468,3,,,1,100,,63470,3,,,1,100,,63469,3,,,1
2001,'Semaine-10',1532,,71398,3,,,1,100,,71400,3,,,1,100,,71399,3,,,1
2001,'Semaine-11',1532,,73929,3,,,1,100,,73931,3,,,1,100,,73930,3,,,1
2701,'Semaine-0',622,,63511,19,,,1,84,,63512,19,,,1,51,,63509,19,,,1,66,,63510,19,,,2
2701,'Semaine-10',622,,71441,19,,,1,84,,71442,19,,,1,51,,71439,19,,,1,66,,71440,19,,,2
2701,'Semaine-11',622,,73972,19,,,1,84,,73973,19,,,1,51,,73970,19,,,1,66,,73971,19,,,2
3801,'Samedi-0',706,,66405,3,,,1,30,,66401,3,,,1,69,,66413,3,,,1,30,,66406,3,,,1,70,,66402,3,,,1,30,,66414,3,,,1,67,,66407,3,,,1,32,,66411,3,,,1,70,,66403,3,,,1,30,,66408,3,,,1,70,,66412,3,,,1,30,,66404,3,,,1,69,,66409,3,,,1,30,,66410,3,,,1,70,,66415,3,,,1,30,,66416,3,,,1,71,,66417,3,,,1,30,,66418,3,,,1,70,,66419,3,,,1,30,,66420,3,,,1,70,,66421,3,,,1,31,,66422,3,,,1,68,,66423,3,,,1,33,,66425,3,,,1,70,,66424,3,,,1,30,,66427,3,,,1,70,,66426,3,,,1,30,,66428,3,,,1,70,,66429,3,,,1,30,,66433,3,,,1,70,,66430,3,,,1,30,,66431,3,,,1,71,,66432,3,,,1
3801,'Samedi-10',706,,76661,3,,,1,30,,76657,3,,,1,69,,76669,3,,,1,30,,76662,3,,,1,70,,76658,3,,,1,30,,76670,3,,,1,67,,76663,3,,,1,32,,76667,3,,,1,70,,76659,3,,,1,30,,76664,3,,,1,70,,76668,3,,,1,30,,76660,3,,,1,69,,76665,3,,,1,30,,76666,3,,,1,70,,76671,3,,,1,30,,76672,3,,,1,71,,76673,3,,,1,30,,76674,3,,,1,70,,76675,3,,,1,30,,76676,3,,,1,70,,76677,3,,,1,31,,76678,3,,,1,68,,76679,3,,,1,33,,76681,3,,,1,70,,76680,3,,,1,30,,76683,3,,,1,70,,76682,3,,,1,30,,76684,3,,,1,70,,76685,3,,,1,30,,76689,3,,,1,70,,76686,3,,,1,30,,76687,3,,,1,71,,76688,3,,,1
3801,'Samedi-11',706,,70516,3,,,1,30,,70512,3,,,1,69,,70524,3,,,1,30,,70517,3,,,1,70,,70513,3,,,1,30,,70525,3,,,1,67,,70518,3,,,1,32,,70522,3,,,1,70,,70514,3,,,1,30,,70519,3,,,1,70,,70523,3,,,1,30,,70515,3,,,1,69,,70520,3,,,1,30,,70521,3,,,1,70,,70526,3,,,1,30,,70527,3,,,1,71,,70528,3,,,1,30,,70529,3,,,1,70,,70530,3,,,1,30,,70531,3,,,1,70,,70532,3,,,1,31,,70533,3,,,1,68,,70534,3,,,1,33,,70536,3,,,1,70,,70535,3,,,1,30,,70538,3,,,1,70,,70537,3,,,1,30,,70539,3,,,1,70,,70540,3,,,1,30,,70544,3,,,1,70,,70541,3,,,1,30,,70542,3,,,1,71,,70543,3,,,1
3801,'Dimanche-0',706,,68362,3,,,1,30,,68364,3,,,1,69,,68357,3,,,1,30,,68356,3,,,1,70,,68378,3,,,1,30,,68367,3,,,1,67,,68358,3,,,1,32,,68380,3,,,1,70,,68377,3,,,1,30,,68359,3,,,1,70,,68379,3,,,1,30,,68366,3,,,1,69,,68360,3,,,1,30,,68363,3,,,1,70,,68365,3,,,1,30,,68355,3,,,1,71,,68361,3,,,1,30,,68354,3,,,1,70,,68371,3,,,1,30,,68372,3,,,1,70,,68374,3,,,1,31,,68370,3,,,1,68,,68376,3,,,1,33,,68373,3,,,1,70,,68368,3,,,1,30,,68375,3,,,1,70,,68369,3,,,1,30,,68381,3,,,1,70,,68382,3,,,1,30,,68383,3,,,1,70,,68384,3,,,1,30,,68385,3,,,1,71,,68386,3,,,1
3801,'Dimanche-10',706,,69441,3,,,1,30,,69443,3,,,1,69,,69436,3,,,1,30,,69435,3,,,1,70,,69457,3,,,1,30,,69446,3,,,1,67,,69437,3,,,1,32,,69459,3,,,1,70,,69456,3,,,1,30,,69438,3,,,1,70,,69458,3,,,1,30,,69445,3,,,1,69,,69439,3,,,1,30,,69442,3,,,1,70,,69444,3,,,1,30,,69434,3,,,1,71,,69440,3,,,1,30,,69433,3,,,1,70,,69450,3,,,1,30,,69451,3,,,1,70,,69453,3,,,1,31,,69449,3,,,1,68,,69455,3,,,1,33,,69452,3,,,1,70,,69447,3,,,1,30,,69454,3,,,1,70,,69448,3,,,1,30,,69460,3,,,1,70,,69461,3,,,1,30,,69462,3,,,1,70,,69463,3,,,1,30,,69464,3,,,1,71,,69465,3,,,1
3801,'Dimanche-11',706,,66442,3,,,1,30,,66444,3,,,1,69,,66437,3,,,1,30,,66436,3,,,1,70,,66458,3,,,1,30,,66447,3,,,1,67,,66438,3,,,1,32,,66460,3,,,1,70,,66457,3,,,1,30,,66439,3,,,1,70,,66459,3,,,1,30,,66446,3,,,1,69,,66440,3,,,1,30,,66443,3,,,1,70,,66445,3,,,1,30,,66435,3,,,1,71,,66441,3,,,1,30,,66434,3,,,1,70,,66451,3,,,1,30,,66452,3,,,1,70,,66454,3,,,1,31,,66450,3,,,1,68,,66456,3,,,1,33,,66453,3,,,1,70,,66448,3,,,1,30,,66455,3,,,1,70,,66449,3,,,1,30,,66461,3,,,1,70,,66462,3,,,1,30,,66463,3,,,1,70,,66464,3,,,1,30,,66465,3,,,1,71,,66466,3,,,1
3801,'Semaine-0',612,,64066,3,,,1,28,,64038,3,,,1,69,,64065,3,,,1,19,,64076,3,,,1,18,,64072,3,,,1,63,,64054,3,,,1,30,,64074,3,,,1,70,,64061,3,,,1,21,,64044,3,,,1,20,,64070,3,,,1,60,,64055,3,,,1,20,,64047,3,,,1,20,,64062,3,,,1,60,,64045,3,,,1,20,,64069,3,,,1,20,,64075,3,,,1,60,,64048,3,,,1,20,,64077,3,,,1,20,,64063,3,,,1,60,,64068,3,,,1,20,,64056,3,,,1,20,,64049,3,,,1,60,,64064,3,,,1,20,,64078,3,,,1,19,,64051,3,,,1,60,,64057,3,,,1,30,,64071,3,,,1,70,,64046,3,,,1,31,,64053,3,,,1,69,,64043,3,,,1,30,,64079,3,,,1,20,,64040,3,,,1,61,,64073,3,,,1,32,,64042,3,,,1,69,,64052,3,,,1,31,,64060,3,,,1,70,,64067,3,,,1,30,,64050,3,,,1,68,,64058,3,,,1,32,,64059,3,,,1,70,,64039,3,,,1,85,,64041,3,,,1
3801,'Semaine-10',612,,71996,3,,,1,28,,71968,3,,,1,69,,71995,3,,,1,19,,72006,3,,,1,18,,72002,3,,,1,63,,71984,3,,,1,30,,72004,3,,,1,70,,71991,3,,,1,21,,71974,3,,,1,20,,72000,3,,,1,60,,71985,3,,,1,20,,71977,3,,,1,20,,71992,3,,,1,60,,71975,3,,,1,20,,71999,3,,,1,20,,72005,3,,,1,60,,71978,3,,,1,20,,72007,3,,,1,20,,71993,3,,,1,60,,71998,3,,,1,20,,71986,3,,,1,20,,71979,3,,,1,60,,71994,3,,,1,20,,72008,3,,,1,19,,71981,3,,,1,60,,71987,3,,,1,30,,72001,3,,,1,70,,71976,3,,,1,31,,71983,3,,,1,69,,71973,3,,,1,30,,72009,3,,,1,20,,71970,3,,,1,61,,72003,3,,,1,32,,71972,3,,,1,69,,71982,3,,,1,31,,71990,3,,,1,70,,71997,3,,,1,30,,71980,3,,,1,68,,71988,3,,,1,32,,71989,3,,,1,70,,71969,3,,,1,85,,71971,3,,,1
3801,'Semaine-11',612,,74527,3,,,1,28,,74499,3,,,1,69,,74526,3,,,1,19,,74537,3,,,1,18,,74533,3,,,1,63,,74515,3,,,1,30,,74535,3,,,1,70,,74522,3,,,1,21,,74505,3,,,1,20,,74531,3,,,1,60,,74516,3,,,1,20,,74508,3,,,1,20,,74523,3,,,1,60,,74506,3,,,1,20,,74530,3,,,1,20,,74536,3,,,1,60,,74509,3,,,1,20,,74538,3,,,1,20,,74524,3,,,1,60,,74529,3,,,1,20,,74517,3,,,1,20,,74510,3,,,1,60,,74525,3,,,1,20,,74539,3,,,1,19,,74512,3,,,1,60,,74518,3,,,1,30,,74532,3,,,1,70,,74507,3,,,1,31,,74514,3,,,1,69,,74504,3,,,1,30,,74540,3,,,1,20,,74501,3,,,1,61,,74534,3,,,1,32,,74503,3,,,1,69,,74513,3,,,1,31,,74521,3,,,1,70,,74528,3,,,1,30,,74511,3,,,1,68,,74519,3,,,1,32,,74520,3,,,1,70,,74500,3,,,1,85,,74502,3,,,1
3901,'Samedi-0',608,,66515,3,,,1,100,,66517,3,,,1,100,,66521,3,,,1,100,,66520,3,,,1,100,,66523,3,,,1,100,,66522,3,,,1,100,,66518,3,,,1,30,,66516,3,,,1,70,,66524,3,,,1,30,,66519,3,,,1,70,,66525,3,,,1,30,,66526,3,,,1,70,,66527,3,,,1,30,,66528,3,,,1,70,,66529,3,,,1,30,,66530,3,,,1,70,,66531,3,,,1,30,,66532,3,,,1,70,,66533,3,,,1,30,,66534,3,,,1,100,,66535,3,,,1,100,,66536,3,,,1,100,,66537,3,,,1,100,,66538,3,,,1
3901,'Samedi-10',608,,76714,3,,,1,100,,76716,3,,,1,100,,76720,3,,,1,100,,76719,3,,,1,100,,76722,3,,,1,100,,76721,3,,,1,100,,76717,3,,,1,30,,76715,3,,,1,70,,76723,3,,,1,30,,76718,3,,,1,70,,76724,3,,,1,30,,76725,3,,,1,70,,76726,3,,,1,30,,76727,3,,,1,70,,76728,3,,,1,30,,76729,3,,,1,70,,76730,3,,,1,30,,76731,3,,,1,70,,76732,3,,,1,30,,76733,3,,,1,100,,76734,3,,,1,100,,76735,3,,,1,100,,76736,3,,,1,100,,76737,3,,,1
3901,'Samedi-11',608,,70569,3,,,1,100,,70571,3,,,1,100,,70575,3,,,1,100,,70574,3,,,1,100,,70577,3,,,1,100,,70576,3,,,1,100,,70572,3,,,1,30,,70570,3,,,1,70,,70578,3,,,1,30,,70573,3,,,1,70,,70579,3,,,1,30,,70580,3,,,1,70,,70581,3,,,1,30,,70582,3,,,1,70,,70583,3,,,1,30,,70584,3,,,1,70,,70585,3,,,1,30,,70586,3,,,1,70,,70587,3,,,1,30,,70588,3,,,1,100,,70589,3,,,1,100,,70590,3,,,1,100,,70591,3,,,1,100,,70592,3,,,1
3901,'Dimanche-0',608,,68411,3,,,1,100,,68418,3,,,1,100,,68421,3,,,1,100,,68414,3,,,1,100,,68416,3,,,1,100,,68417,3,,,1,100,,68420,3,,,1,30,,68413,3,,,1,70,,68415,3,,,1,30,,68422,3,,,1,70,,68412,3,,,1,30,,68424,3,,,1,70,,68419,3,,,1,30,,68426,3,,,1,70,,68429,3,,,1,30,,68431,3,,,1,70,,68427,3,,,1,30,,68428,3,,,1,70,,68430,3,,,1,30,,68423,3,,,1,100,,68425,3,,,1,100,,68432,3,,,1,100,,68433,3,,,1,100,,68434,3,,,1
3901,'Dimanche-10',608,,69490,3,,,1,100,,69497,3,,,1,100,,69500,3,,,1,100,,69493,3,,,1,100,,69495,3,,,1,100,,69496,3,,,1,100,,69499,3,,,1,30,,69492,3,,,1,70,,69494,3,,,1,30,,69501,3,,,1,70,,69491,3,,,1,30,,69503,3,,,1,70,,69498,3,,,1,30,,69505,3,,,1,70,,69508,3,,,1,30,,69510,3,,,1,70,,69506,3,,,1,30,,69507,3,,,1,70,,69509,3,,,1,30,,69502,3,,,1,100,,69504,3,,,1,100,,69511,3,,,1,100,,69512,3,,,1,100,,69513,3,,,1
3901,'Dimanche-11',608,,66539,3,,,1,100,,66546,3,,,1,100,,66549,3,,,1,100,,66542,3,,,1,100,,66544,3,,,1,100,,66545,3,,,1,100,,66548,3,,,1,30,,66541,3,,,1,70,,66543,3,,,1,30,,66550,3,,,1,70,,66540,3,,,1,30,,66552,3,,,1,70,,66547,3,,,1,30,,66554,3,,,1,70,,66557,3,,,1,30,,66559,3,,,1,70,,66555,3,,,1,30,,66556,3,,,1,70,,66558,3,,,1,30,,66551,3,,,1,100,,66553,3,,,1,100,,66560,3,,,1,100,,66561,3,,,1,100,,66562,3,,,1
3901,'Semaine-0',627,,64138,3,,,1,26,,64127,3,,,1,78,,64128,3,,,1,73,,64124,3,,,1,32,,64130,3,,,1,70,,64132,3,,,2,30,,64139,3,,,1,70,,64150,3,,,1,30,,64145,3,,,2,70,,64140,3,,,1,30,,64125,3,,,1,69,,64134,3,,,1,31,,64141,3,,,1,70,,64126,3,,,2,30,,64123,3,,,1,72,,64142,3,,,1,29,,64135,3,,,1,70,,64116,3,,,1,31,,64143,3,,,2,68,,64121,3,,,1,31,,64118,3,,,1,71,,64146,3,,,1,28,,64131,3,,,1,72,,64137,3,,,2,32,,64122,3,,,2,72,,64144,3,,,1,25,,64117,3,,,2,66,,64147,3,,,1,30,,64120,3,,,1,70,,64136,3,,,1,32,,64148,3,,,1,70,,64119,3,,,1,32,,64129,3,,,1,71,,64149,3,,,1,30,,64133,3,,,1
3901,'Semaine-10',627,,72068,3,,,1,26,,72057,3,,,1,78,,72058,3,,,1,73,,72054,3,,,1,32,,72060,3,,,1,70,,72062,3,,,2,30,,72069,3,,,1,70,,72080,3,,,1,30,,72075,3,,,2,70,,72070,3,,,1,30,,72055,3,,,1,69,,72064,3,,,1,31,,72071,3,,,1,70,,72056,3,,,2,30,,72053,3,,,1,72,,72072,3,,,1,29,,72065,3,,,1,70,,72046,3,,,1,31,,72073,3,,,2,68,,72051,3,,,1,31,,72048,3,,,1,71,,72076,3,,,1,28,,72061,3,,,1,72,,72067,3,,,2,32,,72052,3,,,2,72,,72074,3,,,1,25,,72047,3,,,2,66,,72077,3,,,1,30,,72050,3,,,1,70,,72066,3,,,1,32,,72078,3,,,1,70,,72049,3,,,1,32,,72059,3,,,1,71,,72079,3,,,1,30,,72063,3,,,1
3901,'Semaine-11',627,,74599,3,,,1,26,,74588,3,,,1,78,,74589,3,,,1,73,,74585,3,,,1,32,,74591,3,,,1,70,,74593,3,,,2,30,,74600,3,,,1,70,,74611,3,,,1,30,,74606,3,,,2,70,,74601,3,,,1,30,,74586,3,,,1,69,,74595,3,,,1,31,,74602,3,,,1,70,,74587,3,,,2,30,,74584,3,,,1,72,,74603,3,,,1,29,,74596,3,,,1,70,,74577,3,,,1,31,,74604,3,,,2,68,,74582,3,,,1,31,,74579,3,,,1,71,,74607,3,,,1,28,,74592,3,,,1,72,,74598,3,,,2,32,,74583,3,,,2,72,,74605,3,,,1,25,,74578,3,,,2,66,,74608,3,,,1,30,,74581,3,,,1,70,,74597,3,,,1,32,,74609,3,,,1,70,,74580,3,,,1,32,,74590,3,,,1,71,,74610,3,,,1,30,,74594,3,,,1
6400,'Samedi-0',754,,67005,34,,,1,100,,67007,34,,,1,100,,67010,34,,,1,100,,67008,34,,,1,100,,67011,34,,,1,100,,67006,34,,,1,100,,67009,34,,,1,100,,67012,34,,,1,99,,67013,34,,,1,100,,67014,34,,,1,100,,67015,34,,,1,100,,67016,34,,,1
6400,'Samedi-10',754,,76959,34,,,1,100,,76961,34,,,1,100,,76964,34,,,1,100,,76962,34,,,1,100,,76965,34,,,1,100,,76960,34,,,1,100,,76963,34,,,1,100,,76966,34,,,1,99,,76967,34,,,1,100,,76968,34,,,1,100,,76969,34,,,1,100,,76970,34,,,1
6400,'Samedi-11',754,,70814,34,,,1,100,,70816,34,,,1,100,,70819,34,,,1,100,,70817,34,,,1,100,,70820,34,,,1,100,,70815,34,,,1,100,,70818,34,,,1,100,,70821,34,,,1,99,,70822,34,,,1,100,,70823,34,,,1,100,,70824,34,,,1,100,,70825,34,,,1
6400,'Dimanche-0',754,,68657,34,,,1,100,,68658,34,,,1,100,,68663,34,,,1,100,,68661,34,,,1,100,,68656,34,,,1,100,,68659,34,,,1,100,,68660,34,,,1,100,,68664,34,,,1,99,,68662,34,,,1,100,,68666,34,,,1,100,,68667,34,,,1,100,,68665,34,,,1
6400,'Dimanche-10',754,,69736,34,,,1,100,,69737,34,,,1,100,,69742,34,,,1,100,,69740,34,,,1,100,,69735,34,,,1,100,,69738,34,,,1,100,,69739,34,,,1,100,,69743,34,,,1,99,,69741,34,,,1,100,,69745,34,,,1,100,,69746,34,,,1,100,,69744,34,,,1
6400,'Dimanche-11',754,,67018,34,,,1,100,,67019,34,,,1,100,,67024,34,,,1,100,,67022,34,,,1,100,,67017,34,,,1,100,,67020,34,,,1,100,,67021,34,,,1,100,,67025,34,,,1,99,,67023,34,,,1,100,,67027,34,,,1,100,,67028,34,,,1,100,,67026,34,,,1
6400,'Semaine-0',707,,64638,34,,,1,34,,64635,34,,,1,70,,64630,34,,,1,30,,64634,34,,,1,100,,64636,34,,,1,100,,64641,34,,,1,100,,64640,34,,,1,100,,64633,34,,,1,100,,64646,34,,,1,100,,64642,34,,,1,95,,64643,34,,,1,85,,64648,34,,,1,87,,64647,34,,,1,99,,64644,34,,,1,95,,64645,34,,,1,100,,64637,34,,,2,99,,64631,34,,,2,100,,64639,34,,,1,100,,64632,34,,,1
6400,'Semaine-10',707,,72568,34,,,1,34,,72565,34,,,1,70,,72560,34,,,1,30,,72564,34,,,1,100,,72566,34,,,1,100,,72571,34,,,1,100,,72570,34,,,1,100,,72563,34,,,1,100,,72576,34,,,1,100,,72572,34,,,1,95,,72573,34,,,1,85,,72578,34,,,1,87,,72577,34,,,1,99,,72574,34,,,1,95,,72575,34,,,1,100,,72567,34,,,2,99,,72561,34,,,2,100,,72569,34,,,1,100,,72562,34,,,1
6400,'Semaine-11',707,,75099,34,,,1,34,,75096,34,,,1,70,,75091,34,,,1,30,,75095,34,,,1,100,,75097,34,,,1,100,,75102,34,,,1,100,,75101,34,,,1,100,,75094,34,,,1,100,,75107,34,,,1,100,,75103,34,,,1,95,,75104,34,,,1,85,,75109,34,,,1,87,,75108,34,,,1,99,,75105,34,,,1,95,,75106,34,,,1,100,,75098,34,,,2,99,,75092,34,,,2,100,,75100,34,,,1,100,,75093,34,,,1
32500,'Semaine-0',1619,,65569,8,0,7 8,1
32500,'Semaine-10',1619,,73499,8,0,7 8,1
32500,'Semaine-11',1619,,76030,8,0,7 8,1
32600,'Semaine-0',1619,,65572,8,0,7 8,1
32600,'Semaine-10',1619,,73502,8,0,7 8,1
32600,'Semaine-11',1619,,76033,8,0,7 8,1
32901,'Semaine-0',1620,,65575,8,0,7 8,1
32901,'Semaine-10',1620,,73505,8,0,7 8,1
32901,'Semaine-11',1620,,76036,8,0,7 8,1
82701,'Semaine-0',759,,65971,19,0,9 12 13,2
82701,'Semaine-10',759,,73901,19,0,9 12 13,2
82701,'Semaine-11',759,,76433,19,0,9 12 13,2
