2301,'Semaine-0',649,,63480,34,,,1,70,,63477,34,,,2,34,,63481,34,,,1,74,,63479,34,,,2,29,,63478,34,,,1
2301,'Semaine-10',649,,71410,34,,,1,70,,71407,34,,,2,34,,71411,34,,,1,74,,71409,34,,,2,29,,71408,34,,,1
2501,'Semaine-0',632,,63492,41,,,2,69,,63491,41,,,1,36,,63489,41,,,1,79,,63490,41,,,2,31,,63493,41,,,1,63,,63488,41,,,2
2501,'Semaine-10',632,,71422,41,,,2,69,,71421,41,,,1,36,,71419,41,,,1,79,,71420,41,,,2,31,,71423,41,,,1,63,,71418,41,,,2
2601,'Semaine-0',631,,63500,39,,,1,72,,63502,39,,,2,31,,63503,39,,,2,70,,63501,39,,,1,30,,63499,39,,,2
2601,'Semaine-10',631,,71430,39,,,1,72,,71432,39,,,2,31,,71433,39,,,2,70,,71431,39,,,1,30,,71429,39,,,2
2901,'Semaine-0',745,,63524,25,,,2,74,,63527,25,,,1,27,,63525,25,,,1,69,,63526,25,,,2
2901,'Semaine-10',745,,71454,25,,,2,74,,71457,25,,,1,27,,71455,25,,,1,69,,71456,25,,,2
4001,'Semaine-0',647,,64160,57,,,1,70,,64159,57,,,1,36,,64162,57,,,1,75,,64158,57,,,2,25,,64157,57,,,1,67,,64161,57,,,1
4001,'Semaine-10',647,,72090,57,,,1,70,,72089,57,,,1,36,,72092,57,,,1,75,,72088,57,,,2,25,,72087,57,,,1,67,,72091,57,,,1
4101,'Semaine-0',712,,64170,48,,,1,33,,64171,48,,,1,76,,64172,48,,,1,26,,64169,48,,,2,67,,64168,48,,,1
4101,'Semaine-10',712,,72100,48,,,1,33,,72101,48,,,1,76,,72102,48,,,1,26,,72099,48,,,2,67,,72098,48,,,1
4501,'Semaine-0',633,,64184,51,,,1,71,,64183,51,,,1,38,,64187,51,,,2,70,,64186,51,,,1,34,,64185,51,,,1,65,,64188,51,,,1
4501,'Semaine-10',633,,72114,51,,,1,71,,72113,51,,,1,38,,72117,51,,,2,70,,72116,51,,,1,34,,72115,51,,,1,65,,72118,51,,,1
4701,'Semaine-0',648,,64194,44,,,2,87,,64193,44,,,1,92,,64192,44,,,1,27,,64195,44,,,1
4701,'Semaine-10',648,,72124,44,,,2,87,,72123,44,,,1,92,,72122,44,,,1,27,,72125,44,,,1
4801,'Semaine-0',805,,64197,45,,,1
4801,'Semaine-10',805,,72127,45,,,1
