4001,'Semaine-0',622,,64160,36,,,1,30,,64159,36,,,1,72,,64162,36,,,1,33,,64158,36,,,2,67,,64157,36,,,1,27,,64161,36,,,1
4001,'Semaine-10',622,,72090,36,,,1,30,,72089,36,,,1,72,,72092,36,,,1,33,,72088,36,,,2,67,,72087,36,,,1,27,,72091,36,,,1
4001,'Semaine-11',622,,74621,36,,,1,30,,74620,36,,,1,72,,74623,36,,,1,33,,74619,36,,,2,67,,74618,36,,,1,27,,74622,36,,,1
4101,'Semaine-0',644,,64170,27,,,1,73,,64171,27,,,1,35,,64172,27,,,1,65,,64169,27,,,2,29,,64168,27,,,1
4101,'Semaine-10',644,,72100,27,,,1,73,,72101,27,,,1,35,,72102,27,,,1,65,,72099,27,,,2,29,,72098,27,,,1
4101,'Semaine-11',644,,74631,27,,,1,73,,74632,27,,,1,35,,74633,27,,,1,65,,74630,27,,,2,29,,74629,27,,,1
4501,'Semaine-0',611,,64184,30,,,1,30,,64183,30,,,1,72,,64187,30,,,2,30,,64186,30,,,1,73,,64185,30,,,1,28,,64188,30,,,1
4501,'Semaine-10',611,,72114,30,,,1,30,,72113,30,,,1,72,,72117,30,,,2,30,,72116,30,,,1,73,,72115,30,,,1,28,,72118,30,,,1
4501,'Semaine-11',611,,74645,30,,,1,30,,74644,30,,,1,72,,74648,30,,,2,30,,74647,30,,,1,73,,74646,30,,,1,28,,74649,30,,,1
4701,'Semaine-0',624,,64194,23,,,2,85,,64193,23,,,1,49,,64192,23,,,1,67,,64195,23,,,1
4701,'Semaine-10',624,,72124,23,,,2,85,,72123,23,,,1,49,,72122,23,,,1,67,,72125,23,,,1
4701,'Semaine-11',624,,74655,23,,,2,85,,74654,23,,,1,49,,74653,23,,,1,67,,74656,23,,,1
5501,'Samedi-0',707,,66775,34,,,1,30,,66778,34,,,1,71,,66777,34,,,1,30,,66787,34,,,1,69,,66776,34,,,1,30,,66779,34,,,1,71,,66780,34,,,1,29,,66786,34,,,1,70,,66782,34,,,1,30,,66783,34,,,1,70,,66781,34,,,1,30,,66789,34,,,1,70,,66788,34,,,1,30,,66784,34,,,1,70,,66785,34,,,1,32,,66790,34,,,1,68,,66791,34,,,1,32,,66792,34,,,1,68,,66793,34,,,1,32,,66794,34,,,1,68,,66795,34,,,1,32,,66796,34,,,1,68,,66797,34,,,1,30,,66798,34,,,1,70,,66799,34,,,1,30,,66800,34,,,1,70,,66801,34,,,1,30,,66802,34,,,1,70,,66803,34,,,1,30,,66805,34,,,1,70,,66804,34,,,1,30,,66807,34,,,1,70,,66806,34,,,1
5501,'Samedi-10',707,,76844,34,,,1,30,,76847,34,,,1,71,,76846,34,,,1,30,,76856,34,,,1,69,,76845,34,,,1,30,,76848,34,,,1,71,,76849,34,,,1,29,,76855,34,,,1,70,,76851,34,,,1,30,,76852,34,,,1,70,,76850,34,,,1,30,,76858,34,,,1,70,,76857,34,,,1,30,,76853,34,,,1,70,,76854,34,,,1,32,,76859,34,,,1,68,,76860,34,,,1,32,,76861,34,,,1,68,,76862,34,,,1,32,,76863,34,,,1,68,,76864,34,,,1,32,,76865,34,,,1,68,,76866,34,,,1,30,,76867,34,,,1,70,,76868,34,,,1,30,,76869,34,,,1,70,,76870,34,,,1,30,,76871,34,,,1,70,,76872,34,,,1,30,,76874,34,,,1,70,,76873,34,,,1,30,,76876,34,,,1,70,,76875,34,,,1
5501,'Samedi-11',707,,70699,34,,,1,30,,70702,34,,,1,71,,70701,34,,,1,30,,70711,34,,,1,69,,70700,34,,,1,30,,70703,34,,,1,71,,70704,34,,,1,29,,70710,34,,,1,70,,70706,34,,,1,30,,70707,34,,,1,70,,70705,34,,,1,30,,70713,34,,,1,70,,70712,34,,,1,30,,70708,34,,,1,70,,70709,34,,,1,32,,70714,34,,,1,68,,70715,34,,,1,32,,70716,34,,,1,68,,70717,34,,,1,32,,70718,34,,,1,68,,70719,34,,,1,32,,70720,34,,,1,68,,70721,34,,,1,30,,70722,34,,,1,70,,70723,34,,,1,30,,70724,34,,,1,70,,70725,34,,,1,30,,70726,34,,,1,70,,70727,34,,,1,30,,70729,34,,,1,70,,70728,34,,,1,30,,70731,34,,,1,70,,70730,34,,,1
5501,'Dimanche-0',707,,68542,34,,,1,30,,68546,34,,,1,71,,68544,34,,,1,30,,68549,34,,,1,69,,68551,34,,,1,30,,68545,34,,,1,71,,68541,34,,,1,29,,68555,34,,,1,70,,68550,34,,,1,30,,68557,34,,,1,70,,68548,34,,,1,30,,68547,34,,,1,70,,68553,34,,,1,30,,68543,34,,,1,70,,68552,34,,,1,32,,68556,34,,,1,68,,68561,34,,,1,32,,68554,34,,,1,68,,68560,34,,,1,32,,68563,34,,,1,68,,68558,34,,,1,32,,68559,34,,,1,68,,68565,34,,,1,30,,68567,34,,,1,70,,68564,34,,,1,30,,68562,34,,,1,70,,68566,34,,,1,30,,68568,34,,,1,70,,68569,34,,,1,30,,68570,34,,,1,70,,68571,34,,,1,30,,68572,34,,,1,70,,68573,34,,,1
5501,'Dimanche-10',707,,69621,34,,,1,30,,69625,34,,,1,71,,69623,34,,,1,30,,69628,34,,,1,69,,69630,34,,,1,30,,69624,34,,,1,71,,69620,34,,,1,29,,69634,34,,,1,70,,69629,34,,,1,30,,69636,34,,,1,70,,69627,34,,,1,30,,69626,34,,,1,70,,69632,34,,,1,30,,69622,34,,,1,70,,69631,34,,,1,32,,69635,34,,,1,68,,69640,34,,,1,32,,69633,34,,,1,68,,69639,34,,,1,32,,69642,34,,,1,68,,69637,34,,,1,32,,69638,34,,,1,68,,69644,34,,,1,30,,69646,34,,,1,70,,69643,34,,,1,30,,69641,34,,,1,70,,69645,34,,,1,30,,69647,34,,,1,70,,69648,34,,,1,30,,69649,34,,,1,70,,69650,34,,,1,30,,69651,34,,,1,70,,69652,34,,,1
5501,'Dimanche-11',707,,66809,34,,,1,30,,66813,34,,,1,71,,66811,34,,,1,30,,66816,34,,,1,69,,66818,34,,,1,30,,66812,34,,,1,71,,66808,34,,,1,29,,66822,34,,,1,70,,66817,34,,,1,30,,66824,34,,,1,70,,66815,34,,,1,30,,66814,34,,,1,70,,66820,34,,,1,30,,66810,34,,,1,70,,66819,34,,,1,32,,66823,34,,,1,68,,66828,34,,,1,32,,66821,34,,,1,68,,66827,34,,,1,32,,66830,34,,,1,68,,66825,34,,,1,32,,66826,34,,,1,68,,66832,34,,,1,30,,66834,34,,,1,70,,66831,34,,,1,30,,66829,34,,,1,70,,66833,34,,,1,30,,66835,34,,,1,70,,66836,34,,,1,30,,66837,34,,,1,70,,66838,34,,,1,30,,66839,34,,,1,70,,66840,34,,,1
5501,'Semaine-0',526,,64382,34,,,1,14,,64389,34,,,1,14,,64388,34,,,1,58,,64372,34,,,1,15,,64410,34,,,1,22,,64409,34,,,1,8,,64369,34,,,1,52,,64414,34,,,1,15,,64395,34,,,1,13,,64403,34,,,1,16,,64373,34,,,1,49,,64377,34,,,1,12,,64375,34,,,1,9,,64404,34,,,1,6,,64406,34,,,1,14,,64383,34,,,1,68,,64387,34,,,1,12,,64374,34,,,1,11,,64408,34,,,1,69,,64401,34,,,1,23,,64413,1,,,1,8,,64405,34,,,1,69,,64371,34,,,1,30,,64378,34,,,1,70,,64391,34,,,1,30,,64402,34,,,1,70,,64398,34,,,1,30,,64379,34,,,1,70,,64411,34,,,1,30,,64370,34,,,1,70,,64376,34,,,1,50,,64380,34,,,1,100,,64385,34,,,1,100,,64390,34,,,1,100,,64407,34,,,1,60,,64396,34,,,1,30,,64384,34,,,1,70,,64400,34,,,1,30,,64393,34,,,1,70,,64412,34,,,1,30,,64386,34,,,1,69,,64392,34,,,1,31,,64394,34,,,1,70,,64381,34,,,1,30,,64399,34,,,1,70,,64397,34,,,1
5501,'Semaine-10',526,,72312,34,,,1,14,,72319,34,,,1,14,,72318,34,,,1,58,,72302,34,,,1,15,,72340,34,,,1,22,,72339,34,,,1,8,,72299,34,,,1,52,,72344,34,,,1,15,,72325,34,,,1,13,,72333,34,,,1,16,,72303,34,,,1,49,,72307,34,,,1,12,,72305,34,,,1,9,,72334,34,,,1,6,,72336,34,,,1,14,,72313,34,,,1,68,,72317,34,,,1,12,,72304,34,,,1,11,,72338,34,,,1,69,,72331,34,,,1,23,,72343,1,,,1,8,,72335,34,,,1,69,,72301,34,,,1,30,,72308,34,,,1,70,,72321,34,,,1,30,,72332,34,,,1,70,,72328,34,,,1,30,,72309,34,,,1,70,,72341,34,,,1,30,,72300,34,,,1,70,,72306,34,,,1,50,,72310,34,,,1,100,,72315,34,,,1,100,,72320,34,,,1,100,,72337,34,,,1,60,,72326,34,,,1,30,,72314,34,,,1,70,,72330,34,,,1,30,,72323,34,,,1,70,,72342,34,,,1,30,,72316,34,,,1,69,,72322,34,,,1,31,,72324,34,,,1,70,,72311,34,,,1,30,,72329,34,,,1,70,,72327,34,,,1
5501,'Semaine-11',526,,74843,34,,,1,14,,74850,34,,,1,14,,74849,34,,,1,58,,74833,34,,,1,15,,74871,34,,,1,22,,74870,34,,,1,8,,74830,34,,,1,52,,74875,34,,,1,15,,74856,34,,,1,13,,74864,34,,,1,16,,74834,34,,,1,49,,74838,34,,,1,12,,74836,34,,,1,9,,74865,34,,,1,6,,74867,34,,,1,14,,74844,34,,,1,68,,74848,34,,,1,12,,74835,34,,,1,11,,74869,34,,,1,69,,74862,34,,,1,23,,74874,1,,,1,8,,74866,34,,,1,69,,74832,34,,,1,30,,74839,34,,,1,70,,74852,34,,,1,30,,74863,34,,,1,70,,74859,34,,,1,30,,74840,34,,,1,70,,74872,34,,,1,30,,74831,34,,,1,70,,74837,34,,,1,50,,74841,34,,,1,100,,74846,34,,,1,100,,74851,34,,,1,100,,74868,34,,,1,60,,74857,34,,,1,30,,74845,34,,,1,70,,74861,34,,,1,30,,74854,34,,,1,70,,74873,34,,,1,30,,74847,34,,,1,69,,74853,34,,,1,31,,74855,34,,,1,70,,74842,34,,,1,30,,74860,34,,,1,70,,74858,34,,,1
5801,'Semaine-0',603,,64441,22,,,1,32,,64445,22,,,1,71,,64443,22,,,1,30,,64442,22,,,1,70,,64439,22,,,1,30,,64444,22,,,1,800,,64440,22,,,1
5801,'Semaine-10',603,,72371,22,,,1,32,,72375,22,,,1,71,,72373,22,,,1,30,,72372,22,,,1,70,,72369,22,,,1,30,,72374,22,,,1,800,,72370,22,,,1
5801,'Semaine-11',603,,74902,22,,,1,32,,74906,22,,,1,71,,74904,22,,,1,30,,74903,22,,,1,70,,74900,22,,,1,30,,74905,22,,,1,800,,74901,22,,,1
5901,'Samedi-0',722,,66909,23,,,1,30,,66916,23,,,1,70,,66913,23,,,1,30,,66918,23,,,1,70,,66910,23,,,1,30,,66915,23,,,1,70,,66914,23,,,1,30,,66917,23,,,1,70,,66921,23,,,1,30,,66922,23,,,1,70,,66911,23,,,1,30,,66912,23,,,1,70,,66920,23,,,1,30,,66919,23,,,1,70,,66923,23,,,1,30,,66924,23,,,1,70,,66925,23,,,1,30,,66926,23,,,1,70,,66927,23,,,1,30,,66928,23,,,1,70,,66929,23,,,1,30,,66930,23,,,1,70,,66931,23,,,1,30,,66932,23,,,1,70,,66933,23,,,1,30,,66935,23,,,1,70,,66934,23,,,1,30,,66936,23,,,1,70,,66937,23,,,1,30,,66938,23,,,1,70,,66940,23,,,1,30,,66939,23,,,1
5901,'Samedi-10',722,,76911,23,,,1,30,,76918,23,,,1,70,,76915,23,,,1,30,,76920,23,,,1,70,,76912,23,,,1,30,,76917,23,,,1,70,,76916,23,,,1,30,,76919,23,,,1,70,,76923,23,,,1,30,,76924,23,,,1,70,,76913,23,,,1,30,,76914,23,,,1,70,,76922,23,,,1,30,,76921,23,,,1,70,,76925,23,,,1,30,,76926,23,,,1,70,,76927,23,,,1,30,,76928,23,,,1,70,,76929,23,,,1,30,,76930,23,,,1,70,,76931,23,,,1,30,,76932,23,,,1,70,,76933,23,,,1,30,,76934,23,,,1,70,,76935,23,,,1,30,,76937,23,,,1,70,,76936,23,,,1,30,,76938,23,,,1,70,,76939,23,,,1,30,,76940,23,,,1,70,,76942,23,,,1,30,,76941,23,,,1
5901,'Samedi-11',722,,70766,23,,,1,30,,70773,23,,,1,70,,70770,23,,,1,30,,70775,23,,,1,70,,70767,23,,,1,30,,70772,23,,,1,70,,70771,23,,,1,30,,70774,23,,,1,70,,70778,23,,,1,30,,70779,23,,,1,70,,70768,23,,,1,30,,70769,23,,,1,70,,70777,23,,,1,30,,70776,23,,,1,70,,70780,23,,,1,30,,70781,23,,,1,70,,70782,23,,,1,30,,70783,23,,,1,70,,70784,23,,,1,30,,70785,23,,,1,70,,70786,23,,,1,30,,70787,23,,,1,70,,70788,23,,,1,30,,70789,23,,,1,70,,70790,23,,,1,30,,70792,23,,,1,70,,70791,23,,,1,30,,70793,23,,,1,70,,70794,23,,,1,30,,70795,23,,,1,70,,70797,23,,,1,30,,70796,23,,,1
5901,'Dimanche-0',722,,68608,23,,,1,30,,68620,23,,,1,70,,68614,23,,,1,30,,68615,23,,,1,70,,68622,23,,,1,30,,68619,23,,,1,70,,68624,23,,,1,30,,68611,23,,,1,70,,68623,23,,,1,30,,68609,23,,,1,70,,68618,23,,,1,30,,68610,23,,,1,70,,68613,23,,,1,30,,68616,23,,,1,70,,68617,23,,,1,30,,68625,23,,,1,70,,68612,23,,,1,30,,68628,23,,,1,70,,68621,23,,,1,30,,68630,23,,,1,70,,68631,23,,,1,30,,68627,23,,,1,70,,68632,23,,,1,30,,68629,23,,,1,70,,68633,23,,,1,30,,68626,23,,,1,70,,68634,23,,,1,30,,68635,23,,,1,70,,68636,23,,,1,30,,68637,23,,,1,70,,68638,23,,,1,30,,68639,23,,,1
5901,'Dimanche-10',722,,69687,23,,,1,30,,69699,23,,,1,70,,69693,23,,,1,30,,69694,23,,,1,70,,69701,23,,,1,30,,69698,23,,,1,70,,69703,23,,,1,30,,69690,23,,,1,70,,69702,23,,,1,30,,69688,23,,,1,70,,69697,23,,,1,30,,69689,23,,,1,70,,69692,23,,,1,30,,69695,23,,,1,70,,69696,23,,,1,30,,69704,23,,,1,70,,69691,23,,,1,30,,69707,23,,,1,70,,69700,23,,,1,30,,69709,23,,,1,70,,69710,23,,,1,30,,69706,23,,,1,70,,69711,23,,,1,30,,69708,23,,,1,70,,69712,23,,,1,30,,69705,23,,,1,70,,69713,23,,,1,30,,69714,23,,,1,70,,69715,23,,,1,30,,69716,23,,,1,70,,69717,23,,,1,30,,69718,23,,,1
5901,'Dimanche-11',722,,66941,23,,,1,30,,66953,23,,,1,70,,66947,23,,,1,30,,66948,23,,,1,70,,66955,23,,,1,30,,66952,23,,,1,70,,66957,23,,,1,30,,66944,23,,,1,70,,66956,23,,,1,30,,66942,23,,,1,70,,66951,23,,,1,30,,66943,23,,,1,70,,66946,23,,,1,30,,66949,23,,,1,70,,66950,23,,,1,30,,66958,23,,,1,70,,66945,23,,,1,30,,66961,23,,,1,70,,66954,23,,,1,30,,66963,23,,,1,70,,66964,23,,,1,30,,66960,23,,,1,70,,66965,23,,,1,30,,66962,23,,,1,70,,66966,23,,,1,30,,66959,23,,,1,70,,66967,23,,,1,30,,66968,23,,,1,70,,66969,23,,,1,30,,66970,23,,,1,70,,66971,23,,,1,30,,66972,23,,,1
5901,'Semaine-0',520,,64498,23,,,1,15,,64534,23,,,1,15,,64507,23,,,1,55,,64528,23,,,1,15,,64508,23,,,1,14,,64497,23,,,1,13,,64499,23,,,1,55,,64502,23,,,1,10,,64537,1,,,1,8,,64505,23,,,1,7,,64538,1,,,1,8,,64506,23,,,1,7,,64539,1,,,1,11,,64501,23,,,1,47,,64495,1,,,1,5,,64530,23,,,1,19,,64516,23,,,1,13,,64521,23,,,1,13,,64511,23,,,1,55,,64496,23,,,1,16,,64514,23,,,1,27,,64540,23,,,1,70,,64535,23,,,1,30,,64522,23,,,1,70,,64504,23,,,1,30,,64515,23,,,1,70,,64518,23,,,1,30,,64503,23,,,1,70,,64532,23,,,1,30,,64494,23,,,1,70,,64536,23,,,1,30,,64526,23,,,1,75,,64529,23,,,1,100,,64533,23,,,1,100,,64513,23,,,1,100,,64520,23,,,1,35,,64525,23,,,1,70,,64512,23,,,1,30,,64519,23,,,1,70,,64524,23,,,1,30,,64531,23,,,1,70,,64509,23,,,1,30,,64527,23,,,1,70,,64517,23,,,1,30,,64500,23,,,1,70,,64510,23,,,1,30,,64523,23,,,1
5901,'Semaine-10',520,,72428,23,,,1,15,,72464,23,,,1,15,,72437,23,,,1,55,,72458,23,,,1,15,,72438,23,,,1,14,,72427,23,,,1,13,,72429,23,,,1,55,,72432,23,,,1,10,,72467,1,,,1,8,,72435,23,,,1,7,,72468,1,,,1,8,,72436,23,,,1,7,,72469,1,,,1,11,,72431,23,,,1,47,,72425,1,,,1,5,,72460,23,,,1,19,,72446,23,,,1,13,,72451,23,,,1,13,,72441,23,,,1,55,,72426,23,,,1,16,,72444,23,,,1,27,,72470,23,,,1,70,,72465,23,,,1,30,,72452,23,,,1,70,,72434,23,,,1,30,,72445,23,,,1,70,,72448,23,,,1,30,,72433,23,,,1,70,,72462,23,,,1,30,,72424,23,,,1,70,,72466,23,,,1,30,,72456,23,,,1,75,,72459,23,,,1,100,,72463,23,,,1,100,,72443,23,,,1,100,,72450,23,,,1,35,,72455,23,,,1,70,,72442,23,,,1,30,,72449,23,,,1,70,,72454,23,,,1,30,,72461,23,,,1,70,,72439,23,,,1,30,,72457,23,,,1,70,,72447,23,,,1,30,,72430,23,,,1,70,,72440,23,,,1,30,,72453,23,,,1
5901,'Semaine-11',520,,74959,23,,,1,15,,74995,23,,,1,15,,74968,23,,,1,55,,74989,23,,,1,15,,74969,23,,,1,14,,74958,23,,,1,13,,74960,23,,,1,55,,74963,23,,,1,10,,74998,1,,,1,8,,74966,23,,,1,7,,74999,1,,,1,8,,74967,23,,,1,7,,75000,1,,,1,11,,74962,23,,,1,47,,74956,1,,,1,5,,74991,23,,,1,19,,74977,23,,,1,13,,74982,23,,,1,13,,74972,23,,,1,55,,74957,23,,,1,16,,74975,23,,,1,27,,75001,23,,,1,70,,74996,23,,,1,30,,74983,23,,,1,70,,74965,23,,,1,30,,74976,23,,,1,70,,74979,23,,,1,30,,74964,23,,,1,70,,74993,23,,,1,30,,74955,23,,,1,70,,74997,23,,,1,30,,74987,23,,,1,75,,74990,23,,,1,100,,74994,23,,,1,100,,74974,23,,,1,100,,74981,23,,,1,35,,74986,23,,,1,70,,74973,23,,,1,30,,74980,23,,,1,70,,74985,23,,,1,30,,74992,23,,,1,70,,74970,23,,,1,30,,74988,23,,,1,70,,74978,23,,,1,30,,74961,23,,,1,70,,74971,23,,,1,30,,74984,23,,,1
64501,'Semaine-0',1528,,65867,39,4,,1
64501,'Semaine-10',1528,,73797,39,4,,1
64501,'Semaine-11',1528,,76328,39,4,,1
65501,'Semaine-0',1519,,65873,22,0,9 10,1
65501,'Semaine-10',1519,,73803,22,0,9 10,1
65501,'Semaine-11',1519,,76334,22,0,9 10,1
74001,'Semaine-0',826,,65882,37,0,5 11,2,2,,65883,37,0,5 11,1
74001,'Semaine-10',826,,73812,37,0,5 11,2,2,,73813,37,0,5 11,1
74001,'Semaine-11',826,,76343,37,0,5 11,2,2,,76344,37,0,5 11,1
80000,'Samedi-0',726,,68077,27,,,1,102,,68078,27,,,1,98,,68079,27,,,1,101,,68081,27,,,1,100,,68082,27,,,1,100,,68080,27,,,1,100,,68083,27,,,1,100,,68084,27,,,1,100,,68085,27,,,1,100,,68086,27,,,1,100,,68087,27,,,2,100,,68088,27,,,1,100,,68091,27,,,1,99,,68089,27,,,1,100,,68090,27,,,1,98,,68092,27,,,1,100,,68093,27,,,1
80000,'Samedi-10',726,,77495,27,,,1,102,,77496,27,,,1,98,,77497,27,,,1,101,,77499,27,,,1,100,,77500,27,,,1,100,,77498,27,,,1,100,,77501,27,,,1,100,,77502,27,,,1,100,,77503,27,,,1,100,,77504,27,,,1,100,,77505,27,,,2,100,,77506,27,,,1,100,,77509,27,,,1,99,,77507,27,,,1,100,,77508,27,,,1,98,,77510,27,,,1,100,,77511,27,,,1
80000,'Samedi-11',726,,71350,27,,,1,102,,71351,27,,,1,98,,71352,27,,,1,101,,71354,27,,,1,100,,71355,27,,,1,100,,71353,27,,,1,100,,71356,27,,,1,100,,71357,27,,,1,100,,71358,27,,,1,100,,71359,27,,,1,100,,71360,27,,,2,100,,71361,27,,,1,100,,71364,27,,,1,99,,71362,27,,,1,100,,71363,27,,,1,98,,71365,27,,,1,100,,71366,27,,,1
80000,'Dimanche-0',726,,69194,27,,,1,102,,69193,27,,,1,98,,69199,27,,,1,101,,69192,27,,,1,100,,69196,27,,,1,100,,69195,27,,,1,100,,69197,27,,,1,100,,69198,27,,,1,100,,69202,27,,,1,100,,69200,27,,,1,100,,69201,27,,,2,100,,69205,27,,,1,100,,69204,27,,,1,99,,69203,27,,,1,100,,69206,27,,,1,98,,69207,27,,,1,100,,69208,27,,,1
80000,'Dimanche-10',726,,70273,27,,,1,102,,70272,27,,,1,98,,70278,27,,,1,101,,70271,27,,,1,100,,70275,27,,,1,100,,70274,27,,,1,100,,70276,27,,,1,100,,70277,27,,,1,100,,70281,27,,,1,100,,70279,27,,,1,100,,70280,27,,,2,100,,70284,27,,,1,100,,70283,27,,,1,99,,70282,27,,,1,100,,70285,27,,,1,98,,70286,27,,,1,100,,70287,27,,,1
80000,'Dimanche-11',726,,68096,27,,,1,102,,68095,27,,,1,98,,68101,27,,,1,101,,68094,27,,,1,100,,68098,27,,,1,100,,68097,27,,,1,100,,68099,27,,,1,100,,68100,27,,,1,100,,68104,27,,,1,100,,68102,27,,,1,100,,68103,27,,,2,100,,68107,27,,,1,100,,68106,27,,,1,99,,68105,27,,,1,100,,68108,27,,,1,98,,68109,27,,,1,100,,68110,27,,,1
80000,'Semaine-0',602,,65923,27,,,1,31,,65909,27,,,1,71,,65899,27,,,1,15,,65898,27,,,1,15,,65919,27,,,1,71,,65910,27,,,1,18,,65896,27,,,1,30,,65915,27,,,1,70,,65900,27,,,1,30,,65917,27,,,1,70,,65912,27,,,1,29,,65926,27,,,1,70,,65893,27,,,1,30,,65914,27,,,1,70,,65904,27,,,1,31,,65920,27,,,1,69,,65913,27,,,1,30,,65924,27,,,1,71,,65903,27,,,1,29,,65918,27,,,1,73,,65916,27,,,1,30,,65905,27,,,1,72,,65921,27,,,1,28,,65894,27,,,1,70,,65911,27,,,1,30,,65908,27,,,1,69,,65922,27,,,1,29,,65907,27,,,1,71,,65901,27,,,1,28,,65895,27,,,1,71,,65925,27,,,1,29,,65906,27,,,1,68,,65902,27,,,1,30,,65892,27,,,1,69,,65897,27,,,1,30,,65891,27,,,1
80000,'Semaine-10',602,,73853,27,,,1,31,,73839,27,,,1,71,,73829,27,,,1,15,,73828,27,,,1,15,,73849,27,,,1,71,,73840,27,,,1,18,,73826,27,,,1,30,,73845,27,,,1,70,,73830,27,,,1,30,,73847,27,,,1,70,,73842,27,,,1,29,,73856,27,,,1,70,,73823,27,,,1,30,,73844,27,,,1,70,,73834,27,,,1,31,,73850,27,,,1,69,,73843,27,,,1,30,,73854,27,,,1,71,,73833,27,,,1,29,,73848,27,,,1,73,,73846,27,,,1,30,,73835,27,,,1,72,,73851,27,,,1,28,,73824,27,,,1,70,,73841,27,,,1,30,,73838,27,,,1,69,,73852,27,,,1,29,,73837,27,,,1,71,,73831,27,,,1,28,,73825,27,,,1,71,,73855,27,,,1,29,,73836,27,,,1,68,,73832,27,,,1,30,,73822,27,,,1,69,,73827,27,,,1,30,,73821,27,,,1
80000,'Semaine-11',602,,76384,27,,,1,31,,76370,27,,,1,71,,76360,27,,,1,15,,76359,27,,,1,15,,76380,27,,,1,71,,76371,27,,,1,18,,76357,27,,,1,30,,76376,27,,,1,70,,76361,27,,,1,30,,76378,27,,,1,70,,76373,27,,,1,29,,76387,27,,,1,70,,76354,27,,,1,30,,76375,27,,,1,70,,76365,27,,,1,31,,76381,27,,,1,69,,76374,27,,,1,30,,76385,27,,,1,71,,76364,27,,,1,29,,76379,27,,,1,73,,76377,27,,,1,30,,76366,27,,,1,72,,76382,27,,,1,28,,76355,27,,,1,70,,76372,27,,,1,30,,76369,27,,,1,69,,76383,27,,,1,29,,76368,27,,,1,71,,76362,27,,,1,28,,76356,27,,,1,71,,76386,27,,,1,29,,76367,27,,,1,68,,76363,27,,,1,30,,76353,27,,,1,69,,76358,27,,,1,30,,76352,27,,,1
85901,'Samedi-11',1308,,71385,1,,,1
85901,'Dimanche-11',1708,,68146,1,,,1
85901,'Semaine-11',1708,,76447,1,,,1
