2500,'Semaine-0',1545,,63482,30,,,1,70,,63485,30,,,1,32,,63483,30,,,1,73,,63487,30,,,1,24,,63484,30,,,2,65,,63486,30,,,2
2800,'Semaine-0',1616,,63513,40,,,1,42,,63514,40,,,1,91,,63515,40,,,1
3900,'Samedi-0',647,,66467,18,,,1,101,,66468,18,,,1,100,,66472,18,,,1,101,,66471,18,,,1,100,,66474,18,,,1,101,,66473,18,,,1,102,,66469,18,,,1,70,,66470,18,,,1,30,,66475,18,,,1,71,,66476,18,,,1,30,,66477,18,,,1,70,,66478,18,,,1,31,,66479,18,,,1,70,,66480,18,,,1,30,,66481,18,,,1,70,,66482,18,,,1,30,,66483,18,,,1,69,,66484,18,,,1,29,,66485,18,,,1,68,,66486,18,,,1,100,,66487,18,,,1,100,,66488,18,,,1,100,,66489,18,,,1,100,,66490,18,,,1
3900,'Dimanche-0',647,,68387,18,,,1,101,,68394,18,,,1,100,,68397,18,,,1,101,,68390,18,,,1,100,,68392,18,,,1,101,,68393,18,,,1,102,,68396,18,,,1,70,,68389,18,,,1,30,,68391,18,,,1,71,,68398,18,,,1,30,,68388,18,,,1,70,,68399,18,,,1,31,,68395,18,,,1,70,,68402,18,,,1,30,,68405,18,,,1,70,,68407,18,,,1,30,,68401,18,,,1,69,,68404,18,,,1,29,,68406,18,,,1,68,,68400,18,,,1,100,,68403,18,,,1,100,,68408,18,,,1,100,,68409,18,,,1,100,,68410,18,,,1
3900,'Dimanche-11',647,,66491,18,,,1,101,,66498,18,,,1,100,,66501,18,,,1,101,,66494,18,,,1,100,,66496,18,,,1,101,,66497,18,,,1,102,,66500,18,,,1,70,,66493,18,,,1,30,,66495,18,,,1,71,,66502,18,,,1,30,,66492,18,,,1,70,,66503,18,,,1,31,,66499,18,,,1,70,,66506,18,,,1,30,,66509,18,,,1,70,,66511,18,,,1,30,,66505,18,,,1,69,,66508,18,,,1,29,,66510,18,,,1,68,,66504,18,,,1,100,,66507,18,,,1,100,,66512,18,,,1,100,,66513,18,,,1,100,,66514,18,,,1
3900,'Semaine-0',623,,64097,18,,,1,22,,64083,18,,,1,71,,64102,18,,,1,29,,64095,18,,,1,75,,64096,18,,,1,32,,64094,18,,,1,72,,64091,18,,,1,30,,64108,18,,,2,70,,64103,18,,,1,30,,64115,18,,,1,70,,64100,18,,,2,30,,64104,18,,,1,70,,64092,18,,,1,31,,64090,18,,,1,70,,64105,18,,,1,29,,64093,18,,,2,70,,64080,18,,,1,34,,64106,18,,,1,73,,64087,18,,,1,69,,64089,18,,,1,32,,64107,18,,,2,72,,64086,18,,,1,28,,64081,18,,,1,69,,64109,18,,,1,27,,64088,18,,,1,31,,64082,18,,,2,69,,64110,18,,,2,72,,64085,18,,,1,25,,64101,18,,,2,26,,64111,18,,,1,70,,64084,18,,,1,30,,64099,18,,,1,69,,64112,18,,,1,30,,64098,18,,,1,72,,64114,18,,,1,28,,64113,18,,,1
5000,'Semaine-0',658,,64273,34,,,1,62,,64271,34,,,1,7,,64272,13,,,2,25,,64274,34,,,2,70,,64270,34,,,1,107,,64275,34,,,1
32500,'Semaine-0',1644,,65569,38,0,7 8,1
42501,'Semaine-0',1515,,65819,24,0,9 14,1
55000,'Semaine-0',714,,65840,34,0,5 6,1,2,,65841,34,0,5 6,1
63900,'Semaine-0',1525,,65857,31,0,9 10,1
72500,'Semaine-0',1639,,65874,28,0,5 11,1
82500,'Semaine-0',1545,,65963,22,0,9 12 13,1
