3300,'Samedi-0',807,,66061,36,,,1,101,,66062,36,,,1,101,,66063,36,,,1,100,,66064,36,,,1,102,,66065,36,,,1,100,,66066,36,,,1,101,,66067,36,,,1,100,,66068,36,,,1,100,,66069,36,,,1,100,,66070,36,,,1,100,,66071,36,,,1,97,,66072,36,,,1,99,,66073,36,,,1,100,,66074,36,,,1,100,,66075,36,,,1,100,,66076,36,,,1,99,,66077,36,,,1,99,,66078,36,,,1
3300,'Dimanche-0',807,,68185,36,,,1,101,,68190,36,,,1,101,,68196,36,,,1,100,,68187,36,,,1,102,,68189,36,,,1,100,,68186,36,,,1,101,,68188,36,,,1,100,,68184,36,,,1,100,,68192,36,,,1,100,,68191,36,,,1,100,,68194,36,,,1,97,,68193,36,,,1,99,,68195,36,,,1,100,,68197,36,,,1,100,,68198,36,,,1,100,,68199,36,,,1,99,,68200,36,,,1,99,,68201,36,,,1
3300,'Dimanche-10',807,,69264,36,,,1,101,,69269,36,,,1,101,,69275,36,,,1,100,,69266,36,,,1,102,,69268,36,,,1,100,,69265,36,,,1,101,,69267,36,,,1,100,,69263,36,,,1,100,,69271,36,,,1,100,,69270,36,,,1,100,,69273,36,,,1,97,,69272,36,,,1,99,,69274,36,,,1,100,,69276,36,,,1,100,,69277,36,,,1,100,,69278,36,,,1,99,,69279,36,,,1,99,,69280,36,,,1
3300,'Dimanche-11',807,,66080,36,,,1,101,,66085,36,,,1,101,,66091,36,,,1,100,,66082,36,,,1,102,,66084,36,,,1,100,,66081,36,,,1,101,,66083,36,,,1,100,,66079,36,,,1,100,,66087,36,,,1,100,,66086,36,,,1,100,,66089,36,,,1,97,,66088,36,,,1,99,,66090,36,,,1,100,,66092,36,,,1,100,,66093,36,,,1,100,,66094,36,,,1,99,,66095,36,,,1,99,,66096,36,,,1
3300,'Semaine-0',651,,63741,36,,,1,60,,63740,36,,,1,19,,63747,36,,,1,74,,63720,36,,,1,13,,63734,36,,,1,19,,63742,36,,,1,16,,63755,36,,,1,56,,63748,36,,,1,27,,63732,36,,,1,66,,63750,36,,,1,31,,63735,36,,,1,78,,63725,36,,,1,21,,63744,36,,,1,20,,63730,36,,,1,60,,63737,36,,,1,20,,63726,36,,,1,22,,63752,36,,,1,58,,63733,36,,,1,20,,63754,36,,,1,72,,63739,36,,,1,30,,63727,36,,,1,20,,63749,36,,,1,60,,63745,36,,,1,22,,63738,36,,,1,23,,63717,36,,,1,61,,63729,36,,,1,12,,63736,36,,,1,13,,63753,36,,,1,57,,63751,36,,,1,25,,63746,36,,,1,20,,63724,36,,,1,59,,63723,36,,,1,15,,63728,36,,,1,18,,63716,36,,,1,18,,63721,36,,,1,81,,63756,36,,,1,73,,63731,36,,,1,98,,63722,36,,,1,102,,63718,36,,,1,100,,63743,36,,,2,100,,63757,36,,,1,102,,63719,36,,,1
3500,'Semaine-0',1537,,63876,45,,,2,112,,63881,45,,,1,70,,63885,45,,,1,93,,63868,45,,,1,92,,63895,45,,,1,126,,63874,45,,,1,100,,63888,45,,,1,100,,63892,45,,,1
33100,'Semaine-0',822,,65576,19,0,7 8,1
43300,'Semaine-0',1457,,65830,6,0,9 14,2
56600,'Semaine-0',1530,,65849,15,0,5 6,1
73300,'Semaine-0',1642,,65879,32,,,1
