3500,'Semaine-0',608,,63886,4,0,15 16,1,39,,63861,4,0,15 16,2,63,,63871,4,0,15 16,1,23,,63889,4,0,15 16,1,15,,63879,4,0,15 16,1,60,,63894,4,0,15 16,1,20,,63891,4,0,15 16,1,23,,63884,4,0,15 16,1,61,,63890,4,0,15 16,1,30,,63869,4,0,15 16,1,66,,63882,4,0,15 16,1,34,,63863,4,0,15 16,1,68,,63867,4,0,15 16,1,30,,63877,4,0,15 16,2,72,,63862,4,0,15 16,1,30,,63872,4,0,15 16,1,70,,63893,4,0,15 16,2,30,,63880,4,0,15 16,1,70,,63864,4,0,15 16,2,30,,63876,4,,,2,70,,63878,4,0,15 16,1,37,,63881,4,,,1,71,,63885,4,,,1,28,,63887,4,0,15 16,1,71,,63868,4,,,1,25,,63866,4,0,15 16,1,68,,63895,4,,,1,27,,63883,4,0,15 16,1,100,,63874,4,,,1,100,,63888,4,,,1,100,,63892,4,,,1,100,,63865,4,0,15 16,1
3500,'Semaine-10',608,,71816,4,0,15 16,1,39,,71791,4,0,15 16,2,63,,71801,4,0,15 16,1,23,,71819,4,0,15 16,1,15,,71809,4,0,15 16,1,60,,71824,4,0,15 16,1,20,,71821,4,0,15 16,1,23,,71814,4,0,15 16,1,61,,71820,4,0,15 16,1,30,,71799,4,0,15 16,1,66,,71812,4,0,15 16,1,34,,71793,4,0,15 16,1,68,,71797,4,0,15 16,1,30,,71807,4,0,15 16,2,72,,71792,4,0,15 16,1,30,,71802,4,0,15 16,1,70,,71823,4,0,15 16,2,30,,71810,4,0,15 16,1,70,,71794,4,0,15 16,2,30,,71806,4,,,2,70,,71808,4,0,15 16,1,37,,71811,4,,,1,71,,71815,4,,,1,28,,71817,4,0,15 16,1,71,,71798,4,,,1,25,,71796,4,0,15 16,1,68,,71825,4,,,1,27,,71813,4,0,15 16,1,100,,71804,4,,,1,100,,71818,4,,,1,100,,71822,4,,,1,100,,71795,4,0,15 16,1
3500,'Semaine-11',608,,74347,4,0,15 16,1,39,,74322,4,0,15 16,2,63,,74332,4,0,15 16,1,23,,74350,4,0,15 16,1,15,,74340,4,0,15 16,1,60,,74355,4,0,15 16,1,20,,74352,4,0,15 16,1,23,,74345,4,0,15 16,1,61,,74351,4,0,15 16,1,30,,74330,4,0,15 16,1,66,,74343,4,0,15 16,1,34,,74324,4,0,15 16,1,68,,74328,4,0,15 16,1,30,,74338,4,0,15 16,2,72,,74323,4,0,15 16,1,30,,74333,4,0,15 16,1,70,,74354,4,0,15 16,2,30,,74341,4,0,15 16,1,70,,74325,4,0,15 16,2,30,,74337,4,,,2,70,,74339,4,0,15 16,1,37,,74342,4,,,1,71,,74346,4,,,1,28,,74348,4,0,15 16,1,71,,74329,4,,,1,25,,74327,4,0,15 16,1,68,,74356,4,,,1,27,,74344,4,0,15 16,1,100,,74335,4,,,1,100,,74349,4,,,1,100,,74353,4,,,1,100,,74326,4,0,15 16,1
4800,'Semaine-0',1711,,64196,9,,,1
4800,'Semaine-10',1711,,72126,9,,,1
4800,'Semaine-11',1711,,74657,9,,,1
8500,'Semaine-0',1522,,65367,10,,,1,16,,65362,10,,,2,15,,65359,10,,,1,56,,65368,10,,,2,16,,65358,10,,,1,15,,65361,10,,,1,16,,65366,10,,,1,54,,65364,10,,,1,18,,65363,10,,,2,21,,65360,10,,,1,58,,65365,10,,,2
8500,'Semaine-10',1522,,73297,10,,,1,16,,73292,10,,,2,15,,73289,10,,,1,56,,73298,10,,,2,16,,73288,10,,,1,15,,73291,10,,,1,16,,73296,10,,,1,54,,73294,10,,,1,18,,73293,10,,,2,21,,73290,10,,,1,58,,73295,10,,,2
8500,'Semaine-11',1522,,75828,10,,,1,16,,75823,10,,,2,15,,75820,10,,,1,56,,75829,10,,,2,16,,75819,10,,,1,15,,75822,10,,,1,16,,75827,10,,,1,54,,75825,10,,,1,18,,75824,10,,,2,21,,75821,10,,,1,58,,75826,10,,,2
8700,'Semaine-0',1515,,65388,14,,,1,16,,65387,14,,,2,15,,65380,14,,,1,55,,65382,14,,,2,15,,65379,14,,,1,18,,65389,14,,,1,12,,65385,14,,,1,55,,65386,14,,,2,19,,65381,14,,,1,19,,65384,14,,,1,19,,65383,14,,,1
8700,'Semaine-10',1515,,73318,14,,,1,16,,73317,14,,,2,15,,73310,14,,,1,55,,73312,14,,,2,15,,73309,14,,,1,18,,73319,14,,,1,12,,73315,14,,,1,55,,73316,14,,,2,19,,73311,14,,,1,19,,73314,14,,,1,19,,73313,14,,,1
8700,'Semaine-11',1515,,75849,14,,,1,16,,75848,14,,,2,15,,75841,14,,,1,55,,75843,14,,,2,15,,75840,14,,,1,18,,75850,14,,,1,12,,75846,14,,,1,55,,75847,14,,,2,19,,75842,14,,,1,19,,75845,14,,,1,19,,75844,14,,,1
