2300,'Semaine-0',1606,,63476,33,,,1,29,,63474,33,,,1,74,,63472,33,,,1,25,,63473,33,,,2,23,,63475,33,,,2,68,,63471,33,,,1
2300,'Semaine-10',1606,,71406,33,,,1,29,,71404,33,,,1,74,,71402,33,,,1,25,,71403,33,,,2,23,,71405,33,,,2,68,,71401,33,,,1
2300,'Semaine-11',1606,,73937,33,,,1,29,,73935,33,,,1,74,,73933,33,,,1,25,,73934,33,,,2,23,,73936,33,,,2,68,,73932,33,,,1
3900,'Samedi-0',636,,66467,2,,,1,101,,66468,2,,,1,100,,66472,2,,,1,101,,66471,2,,,1,100,,66474,2,,,1,100,,66473,2,,,1,102,,66469,2,,,1,70,,66470,2,,,1,30,,66475,2,,,1,71,,66476,2,,,1,30,,66477,2,,,1,70,,66478,2,,,1,31,,66479,2,,,1,70,,66480,2,,,1,30,,66481,2,,,1,70,,66482,2,,,1,30,,66483,2,,,1,69,,66484,2,,,1,29,,66485,2,,,1,69,,66486,2,,,1,100,,66487,2,,,1,100,,66488,2,,,1,100,,66489,2,,,1,100,,66490,2,,,1
3900,'Samedi-11',636,,70545,2,,,1,101,,70546,2,,,1,100,,70550,2,,,1,101,,70549,2,,,1,100,,70552,2,,,1,100,,70551,2,,,1,102,,70547,2,,,1,70,,70548,2,,,1,30,,70553,2,,,1,71,,70554,2,,,1,30,,70555,2,,,1,70,,70556,2,,,1,31,,70557,2,,,1,70,,70558,2,,,1,30,,70559,2,,,1,70,,70560,2,,,1,30,,70561,2,,,1,69,,70562,2,,,1,29,,70563,2,,,1,69,,70564,2,,,1,100,,70565,2,,,1,100,,70566,2,,,1,100,,70567,2,,,1,100,,70568,2,,,1
3900,'Dimanche-0',636,,68387,2,,,1,101,,68394,2,,,1,100,,68397,2,,,1,101,,68390,2,,,1,100,,68392,2,,,1,100,,68393,2,,,1,102,,68396,2,,,1,70,,68389,2,,,1,30,,68391,2,,,1,71,,68398,2,,,1,30,,68388,2,,,1,70,,68399,2,,,1,31,,68395,2,,,1,70,,68402,2,,,1,30,,68405,2,,,1,70,,68407,2,,,1,30,,68401,2,,,1,69,,68404,2,,,1,29,,68406,2,,,1,69,,68400,2,,,1,100,,68403,2,,,1,100,,68408,2,,,1,100,,68409,2,,,1,100,,68410,2,,,1
3900,'Dimanche-10',636,,69466,2,,,1,101,,69473,2,,,1,100,,69476,2,,,1,101,,69469,2,,,1,100,,69471,2,,,1,100,,69472,2,,,1,102,,69475,2,,,1,70,,69468,2,,,1,30,,69470,2,,,1,71,,69477,2,,,1,30,,69467,2,,,1,70,,69478,2,,,1,31,,69474,2,,,1,70,,69481,2,,,1,30,,69484,2,,,1,70,,69486,2,,,1,30,,69480,2,,,1,69,,69483,2,,,1,29,,69485,2,,,1,69,,69479,2,,,1,100,,69482,2,,,1,100,,69487,2,,,1,100,,69488,2,,,1,100,,69489,2,,,1
3900,'Dimanche-11',636,,66491,2,,,1,101,,66498,2,,,1,100,,66501,2,,,1,101,,66494,2,,,1,100,,66496,2,,,1,100,,66497,2,,,1,102,,66500,2,,,1,70,,66493,2,,,1,30,,66495,2,,,1,71,,66502,2,,,1,30,,66492,2,,,1,70,,66503,2,,,1,31,,66499,2,,,1,70,,66506,2,,,1,30,,66509,2,,,1,70,,66511,2,,,1,30,,66505,2,,,1,69,,66508,2,,,1,29,,66510,2,,,1,69,,66504,2,,,1,100,,66507,2,,,1,100,,66512,2,,,1,100,,66513,2,,,1,100,,66514,2,,,1
3900,'Semaine-0',613,,64097,2,,,1,22,,64083,2,,,1,69,,64102,2,,,1,28,,64095,2,,,1,76,,64096,2,,,1,33,,64094,2,,,1,72,,64091,2,,,1,30,,64108,2,,,2,70,,64103,2,,,1,30,,64115,2,,,1,70,,64100,2,,,2,30,,64104,2,,,1,70,,64092,2,,,1,31,,64090,2,,,1,70,,64105,2,,,1,29,,64093,2,,,2,70,,64080,2,,,1,34,,64106,2,,,1,73,,64087,2,,,1,29,,64089,2,,,1,72,,64107,2,,,2,32,,64086,2,,,1,68,,64081,2,,,1,29,,64109,2,,,1,67,,64088,2,,,1,32,,64082,2,,,2,69,,64110,2,,,2,32,,64085,2,,,1,65,,64101,2,,,2,26,,64111,2,,,1,70,,64084,2,,,1,30,,64099,2,,,1,69,,64112,2,,,1,30,,64098,2,,,1,72,,64114,2,,,1,28,,64113,2,,,1
3900,'Semaine-10',613,,72027,2,,,1,22,,72013,2,,,1,69,,72032,2,,,1,28,,72025,2,,,1,76,,72026,2,,,1,33,,72024,2,,,1,72,,72021,2,,,1,30,,72038,2,,,2,70,,72033,2,,,1,30,,72045,2,,,1,70,,72030,2,,,2,30,,72034,2,,,1,70,,72022,2,,,1,31,,72020,2,,,1,70,,72035,2,,,1,29,,72023,2,,,2,70,,72010,2,,,1,34,,72036,2,,,1,73,,72017,2,,,1,29,,72019,2,,,1,72,,72037,2,,,2,32,,72016,2,,,1,68,,72011,2,,,1,29,,72039,2,,,1,67,,72018,2,,,1,32,,72012,2,,,2,69,,72040,2,,,2,32,,72015,2,,,1,65,,72031,2,,,2,26,,72041,2,,,1,70,,72014,2,,,1,30,,72029,2,,,1,69,,72042,2,,,1,30,,72028,2,,,1,72,,72044,2,,,1,28,,72043,2,,,1
3900,'Semaine-11',613,,74558,2,,,1,22,,74544,2,,,1,69,,74563,2,,,1,28,,74556,2,,,1,76,,74557,2,,,1,33,,74555,2,,,1,72,,74552,2,,,1,30,,74569,2,,,2,70,,74564,2,,,1,30,,74576,2,,,1,70,,74561,2,,,2,30,,74565,2,,,1,70,,74553,2,,,1,31,,74551,2,,,1,70,,74566,2,,,1,29,,74554,2,,,2,70,,74541,2,,,1,34,,74567,2,,,1,73,,74548,2,,,1,29,,74550,2,,,1,72,,74568,2,,,2,32,,74547,2,,,1,68,,74542,2,,,1,29,,74570,2,,,1,67,,74549,2,,,1,32,,74543,2,,,2,69,,74571,2,,,2,32,,74546,2,,,1,65,,74562,2,,,2,26,,74572,2,,,1,70,,74545,2,,,1,30,,74560,2,,,1,69,,74573,2,,,1,30,,74559,2,,,1,72,,74575,2,,,1,28,,74574,2,,,1
63901,'Semaine-0',706,,65858,19,0,9 10,1
63901,'Semaine-10',706,,73788,19,0,9 10,1
63901,'Semaine-11',706,,76319,19,0,9 10,1
