6301,'Samedi-0',1121,,66989,2,,,1,100,,66990,2,,,1,100,,66991,2,,,1,100,,66992,2,,,1,100,,66993,2,,,1,100,,66994,2,,,1,100,,66995,2,,,1,100,,66996,2,,,1
6301,'Samedi-10',1121,,76951,2,,,1,100,,76952,2,,,1,100,,76953,2,,,1,100,,76954,2,,,1,100,,76955,2,,,1,100,,76956,2,,,1,100,,76957,2,,,1,100,,76958,2,,,1
6301,'Samedi-11',1121,,70806,2,,,1,100,,70807,2,,,1,100,,70808,2,,,1,100,,70809,2,,,1,100,,70810,2,,,1,100,,70811,2,,,1,100,,70812,2,,,1,100,,70813,2,,,1
6301,'Dimanche-0',1121,,68648,2,,,1,100,,68650,2,,,1,100,,68649,2,,,1,100,,68652,2,,,1,100,,68653,2,,,1,100,,68651,2,,,1,100,,68654,2,,,1,100,,68655,2,,,1
6301,'Dimanche-10',1121,,69727,2,,,1,100,,69729,2,,,1,100,,69728,2,,,1,100,,69731,2,,,1,100,,69732,2,,,1,100,,69730,2,,,1,100,,69733,2,,,1,100,,69734,2,,,1
6301,'Dimanche-11',1121,,66997,2,,,1,100,,66999,2,,,1,100,,66998,2,,,1,100,,67001,2,,,1,100,,67002,2,,,1,100,,67000,2,,,1,100,,67003,2,,,1,100,,67004,2,,,1
6301,'Semaine-0',548,,64609,2,,,1,70,,64608,2,,,1,30,,64611,2,,,1,70,,64613,2,,,1,32,,64614,2,,,1,68,,64612,2,,,2,100,,64610,2,,,1,100,,64615,2,,,1,100,,64616,2,,,1,100,,64620,2,,,1,100,,64621,2,,,1,100,,64622,2,,,2,101,,64618,2,,,1,30,,64617,2,,,1,70,,64619,2,,,1,30,,64623,2,,,2,70,,64627,2,,,1,30,,64628,2,,,1,69,,64629,2,,,1,100,,64624,2,,,1,100,,64626,2,,,1,100,,64625,2,,,1
6301,'Semaine-10',548,,72539,2,,,1,70,,72538,2,,,1,30,,72541,2,,,1,70,,72543,2,,,1,32,,72544,2,,,1,68,,72542,2,,,2,100,,72540,2,,,1,100,,72545,2,,,1,100,,72546,2,,,1,100,,72550,2,,,1,100,,72551,2,,,1,100,,72552,2,,,2,101,,72548,2,,,1,30,,72547,2,,,1,70,,72549,2,,,1,30,,72553,2,,,2,70,,72557,2,,,1,30,,72558,2,,,1,69,,72559,2,,,1,100,,72554,2,,,1,100,,72556,2,,,1,100,,72555,2,,,1
6301,'Semaine-11',548,,75070,2,,,1,70,,75069,2,,,1,30,,75072,2,,,1,70,,75074,2,,,1,32,,75075,2,,,1,68,,75073,2,,,2,100,,75071,2,,,1,100,,75076,2,,,1,100,,75077,2,,,1,100,,75081,2,,,1,100,,75082,2,,,1,100,,75083,2,,,2,101,,75079,2,,,1,30,,75078,2,,,1,70,,75080,2,,,1,30,,75084,2,,,2,70,,75088,2,,,1,30,,75089,2,,,1,69,,75090,2,,,1,100,,75085,2,,,1,100,,75087,2,,,1,100,,75086,2,,,1
6701,'Samedi-0',626,,67245,2,,,1,101,,67251,2,,,1,100,,67247,2,,,1,100,,67246,2,,,1,30,,67249,2,,,1,70,,67254,2,,,1,30,,67255,2,,,1,70,,67248,2,,,1,30,,67250,2,,,1,70,,67253,2,,,1,30,,67256,2,,,1,70,,67257,2,,,1,30,,67252,2,,,1,70,,67258,2,,,1,30,,67259,2,,,1,70,,67260,2,,,1,30,,67261,2,,,1,70,,67262,2,,,1,30,,67263,2,,,1,70,,67264,2,,,1,30,,67265,2,,,1,70,,67266,2,,,1,30,,67267,2,,,1,100,,67268,2,,,1,100,,67269,2,,,1,100,,67271,2,,,1,100,,67270,2,,,1
6701,'Samedi-10',626,,77079,2,,,1,101,,77085,2,,,1,100,,77081,2,,,1,100,,77080,2,,,1,30,,77083,2,,,1,70,,77088,2,,,1,30,,77089,2,,,1,70,,77082,2,,,1,30,,77084,2,,,1,70,,77087,2,,,1,30,,77090,2,,,1,70,,77091,2,,,1,30,,77086,2,,,1,70,,77092,2,,,1,30,,77093,2,,,1,70,,77094,2,,,1,30,,77095,2,,,1,70,,77096,2,,,1,30,,77097,2,,,1,70,,77098,2,,,1,30,,77099,2,,,1,70,,77100,2,,,1,30,,77101,2,,,1,100,,77102,2,,,1,100,,77103,2,,,1,100,,77105,2,,,1,100,,77104,2,,,1
6701,'Samedi-11',626,,70934,2,,,1,101,,70940,2,,,1,100,,70936,2,,,1,100,,70935,2,,,1,30,,70938,2,,,1,70,,70943,2,,,1,30,,70944,2,,,1,70,,70937,2,,,1,30,,70939,2,,,1,70,,70942,2,,,1,30,,70945,2,,,1,70,,70946,2,,,1,30,,70941,2,,,1,70,,70947,2,,,1,30,,70948,2,,,1,70,,70949,2,,,1,30,,70950,2,,,1,70,,70951,2,,,1,30,,70952,2,,,1,70,,70953,2,,,1,30,,70954,2,,,1,70,,70955,2,,,1,30,,70956,2,,,1,100,,70957,2,,,1,100,,70958,2,,,1,100,,70960,2,,,1,100,,70959,2,,,1
6701,'Dimanche-0',626,,68776,2,,,1,101,,68779,2,,,1,100,,68781,2,,,1,100,,68784,2,,,1,30,,68790,2,,,1,70,,68778,2,,,1,30,,68791,2,,,1,70,,68782,2,,,1,30,,68785,2,,,1,70,,68783,2,,,1,30,,68777,2,,,1,70,,68787,2,,,1,30,,68788,2,,,1,70,,68780,2,,,1,30,,68786,2,,,1,70,,68793,2,,,1,30,,68789,2,,,1,70,,68796,2,,,1,30,,68797,2,,,1,70,,68794,2,,,1,30,,68799,2,,,1,70,,68792,2,,,1,30,,68798,2,,,1,100,,68795,2,,,1,100,,68800,2,,,1,100,,68801,2,,,1,100,,68802,2,,,1
6701,'Dimanche-10',626,,69855,2,,,1,101,,69858,2,,,1,100,,69860,2,,,1,100,,69863,2,,,1,30,,69869,2,,,1,70,,69857,2,,,1,30,,69870,2,,,1,70,,69861,2,,,1,30,,69864,2,,,1,70,,69862,2,,,1,30,,69856,2,,,1,70,,69866,2,,,1,30,,69867,2,,,1,70,,69859,2,,,1,30,,69865,2,,,1,70,,69872,2,,,1,30,,69868,2,,,1,70,,69875,2,,,1,30,,69876,2,,,1,70,,69873,2,,,1,30,,69878,2,,,1,70,,69871,2,,,1,30,,69877,2,,,1,100,,69874,2,,,1,100,,69879,2,,,1,100,,69880,2,,,1,100,,69881,2,,,1
6701,'Dimanche-11',626,,67272,2,,,1,101,,67275,2,,,1,100,,67277,2,,,1,100,,67280,2,,,1,30,,67286,2,,,1,70,,67274,2,,,1,30,,67287,2,,,1,70,,67278,2,,,1,30,,67281,2,,,1,70,,67279,2,,,1,30,,67273,2,,,1,70,,67283,2,,,1,30,,67284,2,,,1,70,,67276,2,,,1,30,,67282,2,,,1,70,,67289,2,,,1,30,,67285,2,,,1,70,,67292,2,,,1,30,,67293,2,,,1,70,,67290,2,,,1,30,,67295,2,,,1,70,,67288,2,,,1,30,,67294,2,,,1,100,,67291,2,,,1,100,,67296,2,,,1,100,,67297,2,,,1,100,,67298,2,,,1
6701,'Semaine-0',902,,64860,2,,,1,20,,64849,2,,,1,20,,64867,2,,,1,60,,64853,2,,,1,20,,64847,2,,,1,20,,64868,2,,,1,60,,64861,2,,,1,20,,64850,2,,,1,20,,64869,2,,,1,60,,64854,2,,,1,20,,64857,2,,,1,20,,64870,2,,,1,60,,64856,2,,,1,20,,64851,2,,,1,20,,64871,2,,,1,60,,64862,2,,,1,20,,64864,2,,,1,20,,64866,2,,,1,60,,64858,2,,,1,30,,64842,2,,,1,70,,64865,2,,,1,30,,64845,2,,,1,70,,64863,2,,,1,30,,64859,2,,,1,70,,64852,2,,,1,30,,64840,2,,,1,70,,64855,2,,,1,30,,64843,2,,,2,70,,64872,2,,,2,30,,64841,2,,,1,70,,64874,2,,,1,30,,64844,2,,,2,70,,64875,2,,,1,29,,64846,2,,,1,70,,64873,2,,,1,30,,64848,2,,,2
6701,'Semaine-10',902,,72790,2,,,1,20,,72779,2,,,1,20,,72797,2,,,1,60,,72783,2,,,1,20,,72777,2,,,1,20,,72798,2,,,1,60,,72791,2,,,1,20,,72780,2,,,1,20,,72799,2,,,1,60,,72784,2,,,1,20,,72787,2,,,1,20,,72800,2,,,1,60,,72786,2,,,1,20,,72781,2,,,1,20,,72801,2,,,1,60,,72792,2,,,1,20,,72794,2,,,1,20,,72796,2,,,1,60,,72788,2,,,1,30,,72772,2,,,1,70,,72795,2,,,1,30,,72775,2,,,1,70,,72793,2,,,1,30,,72789,2,,,1,70,,72782,2,,,1,30,,72770,2,,,1,70,,72785,2,,,1,30,,72773,2,,,2,70,,72802,2,,,2,30,,72771,2,,,1,70,,72804,2,,,1,30,,72774,2,,,2,70,,72805,2,,,1,29,,72776,2,,,1,70,,72803,2,,,1,30,,72778,2,,,2
6701,'Semaine-11',902,,75321,2,,,1,20,,75310,2,,,1,20,,75328,2,,,1,60,,75314,2,,,1,20,,75308,2,,,1,20,,75329,2,,,1,60,,75322,2,,,1,20,,75311,2,,,1,20,,75330,2,,,1,60,,75315,2,,,1,20,,75318,2,,,1,20,,75331,2,,,1,60,,75317,2,,,1,20,,75312,2,,,1,20,,75332,2,,,1,60,,75323,2,,,1,20,,75325,2,,,1,20,,75327,2,,,1,60,,75319,2,,,1,30,,75303,2,,,1,70,,75326,2,,,1,30,,75306,2,,,1,70,,75324,2,,,1,30,,75320,2,,,1,70,,75313,2,,,1,30,,75301,2,,,1,70,,75316,2,,,1,30,,75304,2,,,2,70,,75333,2,,,2,30,,75302,2,,,1,70,,75335,2,,,1,30,,75305,2,,,2,70,,75336,2,,,1,29,,75307,2,,,1,70,,75334,2,,,1,30,,75309,2,,,2
8701,'Semaine-0',509,,65398,2,,,1,30,,65391,2,,,1,68,,65396,2,,,1,19,,65394,2,,,1,13,,65392,2,,,1,16,,65401,2,,,1,57,,65397,2,,,1,15,,65393,2,,,1,16,,65400,2,,,1,59,,65399,2,,,2,20,,65395,2,,,1,20,,65390,2,,,1
8701,'Semaine-10',509,,73328,2,,,1,30,,73321,2,,,1,68,,73326,2,,,1,19,,73324,2,,,1,13,,73322,2,,,1,16,,73331,2,,,1,57,,73327,2,,,1,15,,73323,2,,,1,16,,73330,2,,,1,59,,73329,2,,,2,20,,73325,2,,,1,20,,73320,2,,,1
8701,'Semaine-11',509,,75859,2,,,1,30,,75852,2,,,1,68,,75857,2,,,1,19,,75855,2,,,1,13,,75853,2,,,1,16,,75862,2,,,1,57,,75858,2,,,1,15,,75854,2,,,1,16,,75861,2,,,1,59,,75860,2,,,2,20,,75856,2,,,1,20,,75851,2,,,1
