2500,'Semaine-0',1548,,63482,33,,,1,70,,63485,33,,,1,32,,63483,33,,,1,73,,63487,33,,,1,24,,63484,33,,,2,65,,63486,33,,,2
2500,'Semaine-10',1548,,71412,33,,,1,70,,71415,33,,,1,32,,71413,33,,,1,73,,71417,33,,,1,24,,71414,33,,,2,65,,71416,33,,,2
32500,'Semaine-0',1647,,65569,41,0,7 8,1
32500,'Semaine-10',1647,,73499,41,0,7 8,1
42501,'Semaine-0',1517,,65819,27,0,9 14,1
42501,'Semaine-10',1517,,73749,27,0,9 14,1
72500,'Semaine-0',1642,,65874,31,0,5 11,1
72500,'Semaine-10',1642,,73804,31,0,5 11,1
82500,'Semaine-0',1548,,65963,25,0,9 12 13,1
82500,'Semaine-10',1548,,73893,25,0,9 12 13,1
