2500,'Semaine-0',1557,,63482,41,,,1,70,,63485,41,,,1,31,,63483,41,,,1,73,,63487,41,,,1,24,,63484,41,,,2,65,,63486,41,,,2
2500,'Semaine-10',1557,,71412,41,,,1,70,,71415,41,,,1,31,,71413,41,,,1,73,,71417,41,,,1,24,,71414,41,,,2,65,,71416,41,,,2
5001,'Semaine-0',1626,,64276,19,,,1,101,,64278,19,,,1,97,,64277,19,,,2
5001,'Semaine-10',1626,,72206,19,,,1,101,,72208,19,,,1,97,,72207,19,,,2
32500,'Semaine-0',1652,,65569,49,0,7 8,1
32500,'Semaine-10',1652,,73499,49,0,7 8,1
42501,'Semaine-0',1522,,65819,35,0,9 14,1
42501,'Semaine-10',1522,,73749,35,0,9 14,1
55001,'Semaine-0',1538,,65844,17,0,5 6,1
55001,'Semaine-10',1538,,73774,17,0,5 6,1
72500,'Semaine-0',1650,,65874,39,0,5 11,1
72500,'Semaine-10',1650,,73804,39,0,5 11,1
82500,'Semaine-0',1554,,65963,33,0,9 12 13,1
82500,'Semaine-10',1554,,73893,33,0,9 12 13,1
