3101,'Samedi-0',718,,66025,40,,,1,100,,66026,40,,,1,100,,66027,40,,,1,103,,66028,40,,,1,101,,66029,40,,,1,100,,66030,40,,,1,100,,66031,40,,,1,100,,66032,40,,,1,100,,66033,40,,,1,100,,66034,40,,,1,100,,66035,40,,,1,99,,66036,40,,,1,99,,66037,40,,,1,97,,66038,40,,,1,100,,66039,40,,,1,100,,66040,40,,,1,100,,66041,40,,,1,100,,66042,40,,,1
3101,'Samedi-10',718,,76469,40,,,1,100,,76470,40,,,1,100,,76471,40,,,1,103,,76472,40,,,1,101,,76473,40,,,1,100,,76474,40,,,1,100,,76475,40,,,1,100,,76476,40,,,1,100,,76477,40,,,1,100,,76478,40,,,1,100,,76479,40,,,1,99,,76480,40,,,1,99,,76481,40,,,1,97,,76482,40,,,1,100,,76483,40,,,1,100,,76484,40,,,1,100,,76485,40,,,1,100,,76486,40,,,1
3101,'Samedi-11',718,,70324,40,,,1,100,,70325,40,,,1,100,,70326,40,,,1,103,,70327,40,,,1,101,,70328,40,,,1,100,,70329,40,,,1,100,,70330,40,,,1,100,,70331,40,,,1,100,,70332,40,,,1,100,,70333,40,,,1,100,,70334,40,,,1,99,,70335,40,,,1,99,,70336,40,,,1,97,,70337,40,,,1,100,,70338,40,,,1,100,,70339,40,,,1,100,,70340,40,,,1,100,,70341,40,,,1
3101,'Dimanche-0',718,,68167,40,,,1,100,,68172,40,,,1,100,,68179,40,,,1,103,,68169,40,,,1,101,,68171,40,,,1,100,,68168,40,,,1,100,,68170,40,,,1,100,,68166,40,,,1,100,,68173,40,,,1,100,,68176,40,,,1,100,,68175,40,,,1,99,,68174,40,,,1,99,,68178,40,,,1,97,,68177,40,,,1,100,,68180,40,,,1,100,,68181,40,,,1,100,,68182,40,,,1,100,,68183,40,,,1
3101,'Dimanche-10',718,,69246,40,,,1,100,,69251,40,,,1,100,,69258,40,,,1,103,,69248,40,,,1,101,,69250,40,,,1,100,,69247,40,,,1,100,,69249,40,,,1,100,,69245,40,,,1,100,,69252,40,,,1,100,,69255,40,,,1,100,,69254,40,,,1,99,,69253,40,,,1,99,,69257,40,,,1,97,,69256,40,,,1,100,,69259,40,,,1,100,,69260,40,,,1,100,,69261,40,,,1,100,,69262,40,,,1
3101,'Dimanche-11',718,,66044,40,,,1,100,,66049,40,,,1,100,,66056,40,,,1,103,,66046,40,,,1,101,,66048,40,,,1,100,,66045,40,,,1,100,,66047,40,,,1,100,,66043,40,,,1,100,,66050,40,,,1,100,,66053,40,,,1,100,,66052,40,,,1,99,,66051,40,,,1,99,,66055,40,,,1,97,,66054,40,,,1,100,,66057,40,,,1,100,,66058,40,,,1,100,,66059,40,,,1,100,,66060,40,,,1
3101,'Semaine-0',602,,63574,40,,,1,36,,63608,40,,,1,74,,63588,40,,,1,33,,63575,40,,,1,56,,63611,40,,,1,17,,63571,40,,,1,15,,63613,40,,,1,11,,63585,40,,,1,15,,63586,40,,,1,54,,63605,40,,,1,15,,63576,40,,,1,19,,63578,40,,,1,60,,63603,40,,,1,18,,63595,40,,,1,21,,63604,40,,,1,60,,63577,40,,,1,20,,63579,40,,,1,20,,63599,40,,,1,60,,63609,40,,,1,20,,63598,40,,,1,20,,63580,40,,,1,60,,63572,40,,,1,20,,63602,40,,,1,20,,63612,40,,,1,60,,63597,40,,,1,20,,63581,40,,,1,17,,63600,40,,,1,63,,63601,40,,,1,21,,63610,40,,,1,26,,63596,40,,,1,59,,63582,40,,,1,23,,63593,40,,,1,20,,63594,40,,,1,60,,63583,40,,,1,18,,63589,40,,,1,19,,63573,40,,,1,58,,63606,40,,,1,18,,63614,40,,,1,23,,63584,40,,,1,96,,63607,40,,,1,100,,63590,40,,,1,100,,63587,40,,,1,97,,63591,40,,,1,100,,63592,40,,,1
3101,'Semaine-10',602,,71504,40,,,1,36,,71538,40,,,1,74,,71518,40,,,1,33,,71505,40,,,1,56,,71541,40,,,1,17,,71501,40,,,1,15,,71543,40,,,1,11,,71515,40,,,1,15,,71516,40,,,1,54,,71535,40,,,1,15,,71506,40,,,1,19,,71508,40,,,1,60,,71533,40,,,1,18,,71525,40,,,1,21,,71534,40,,,1,60,,71507,40,,,1,20,,71509,40,,,1,20,,71529,40,,,1,60,,71539,40,,,1,20,,71528,40,,,1,20,,71510,40,,,1,60,,71502,40,,,1,20,,71532,40,,,1,20,,71542,40,,,1,60,,71527,40,,,1,20,,71511,40,,,1,17,,71530,40,,,1,63,,71531,40,,,1,21,,71540,40,,,1,26,,71526,40,,,1,59,,71512,40,,,1,23,,71523,40,,,1,20,,71524,40,,,1,60,,71513,40,,,1,18,,71519,40,,,1,19,,71503,40,,,1,58,,71536,40,,,1,18,,71544,40,,,1,23,,71514,40,,,1,96,,71537,40,,,1,100,,71520,40,,,1,100,,71517,40,,,1,97,,71521,40,,,1,100,,71522,40,,,1
3101,'Semaine-11',602,,74035,40,,,1,36,,74069,40,,,1,74,,74049,40,,,1,33,,74036,40,,,1,56,,74072,40,,,1,17,,74032,40,,,1,15,,74074,40,,,1,11,,74046,40,,,1,15,,74047,40,,,1,54,,74066,40,,,1,15,,74037,40,,,1,19,,74039,40,,,1,60,,74064,40,,,1,18,,74056,40,,,1,21,,74065,40,,,1,60,,74038,40,,,1,20,,74040,40,,,1,20,,74060,40,,,1,60,,74070,40,,,1,20,,74059,40,,,1,20,,74041,40,,,1,60,,74033,40,,,1,20,,74063,40,,,1,20,,74073,40,,,1,60,,74058,40,,,1,20,,74042,40,,,1,17,,74061,40,,,1,63,,74062,40,,,1,21,,74071,40,,,1,26,,74057,40,,,1,59,,74043,40,,,1,23,,74054,40,,,1,20,,74055,40,,,1,60,,74044,40,,,1,18,,74050,40,,,1,19,,74034,40,,,1,58,,74067,40,,,1,18,,74075,40,,,1,23,,74045,40,,,1,96,,74068,40,,,1,100,,74051,40,,,1,100,,74048,40,,,1,97,,74052,40,,,1,100,,74053,40,,,1
3201,'Semaine-0',546,,63711,39,,,1,60,,63710,39,,,1,20,,63702,39,,,1,22,,63712,39,,,2,10,,63692,39,,,1,48,,63713,39,,,1,12,,63693,39,,,1,12,,63694,39,,,1,8,,63686,39,,,1,11,,63689,39,,,1,8,,63715,39,,,1,50,,63695,39,,,1,8,,63690,39,,,1,9,,63703,39,,,1,8,,63685,39,,,1,8,,63696,39,,,1,8,,63714,39,,,2,8,,63684,39,,,1,50,,63683,39,,,1,10,,63688,39,,,1,8,,63691,39,,,1,8,,63697,39,,,1,22,,63671,39,,,2,68,,63681,40,,,1,28,,63674,40,,,1,70,,63677,40,,,1,30,,63670,40,,,1,71,,63680,40,,,1,30,,63675,40,,,1,70,,63682,40,,,1,30,,63664,40,,,1,70,,63669,40,,,1,30,,63676,40,,,1,73,,63687,40,,,1,33,,63704,40,,,1,72,,63705,40,,,2,28,,63706,40,,,1,70,,63707,40,,,1,26,,63708,40,,,2,68,,63709,40,,,1,30,,63667,40,,,1,68,,63665,40,,,2,28,,63678,40,,,2,70,,63673,40,,,1,29,,63668,40,,,1,71,,63666,40,,,2,30,,63679,40,,,1,68,,63672,40,,,1,28,,63699,40,,,1,72,,63698,40,,,1,28,,63700,40,,,1,70,,63701,40,,,1
3201,'Semaine-10',546,,71641,39,,,1,60,,71640,39,,,1,20,,71632,39,,,1,22,,71642,39,,,2,10,,71622,39,,,1,48,,71643,39,,,1,12,,71623,39,,,1,12,,71624,39,,,1,8,,71616,39,,,1,11,,71619,39,,,1,8,,71645,39,,,1,50,,71625,39,,,1,8,,71620,39,,,1,9,,71633,39,,,1,8,,71615,39,,,1,8,,71626,39,,,1,8,,71644,39,,,2,8,,71614,39,,,1,50,,71613,39,,,1,10,,71618,39,,,1,8,,71621,39,,,1,8,,71627,39,,,1,22,,71601,39,,,2,68,,71611,40,,,1,28,,71604,40,,,1,70,,71607,40,,,1,30,,71600,40,,,1,71,,71610,40,,,1,30,,71605,40,,,1,70,,71612,40,,,1,30,,71594,40,,,1,70,,71599,40,,,1,30,,71606,40,,,1,73,,71617,40,,,1,33,,71634,40,,,1,72,,71635,40,,,2,28,,71636,40,,,1,70,,71637,40,,,1,26,,71638,40,,,2,68,,71639,40,,,1,30,,71597,40,,,1,68,,71595,40,,,2,28,,71608,40,,,2,70,,71603,40,,,1,29,,71598,40,,,1,71,,71596,40,,,2,30,,71609,40,,,1,68,,71602,40,,,1,28,,71629,40,,,1,72,,71628,40,,,1,28,,71630,40,,,1,70,,71631,40,,,1
3201,'Semaine-11',546,,74172,39,,,1,60,,74171,39,,,1,20,,74163,39,,,1,22,,74173,39,,,2,10,,74153,39,,,1,48,,74174,39,,,1,12,,74154,39,,,1,12,,74155,39,,,1,8,,74147,39,,,1,11,,74150,39,,,1,8,,74176,39,,,1,50,,74156,39,,,1,8,,74151,39,,,1,9,,74164,39,,,1,8,,74146,39,,,1,8,,74157,39,,,1,8,,74175,39,,,2,8,,74145,39,,,1,50,,74144,39,,,1,10,,74149,39,,,1,8,,74152,39,,,1,8,,74158,39,,,1,22,,74132,39,,,2,68,,74142,40,,,1,28,,74135,40,,,1,70,,74138,40,,,1,30,,74131,40,,,1,71,,74141,40,,,1,30,,74136,40,,,1,70,,74143,40,,,1,30,,74125,40,,,1,70,,74130,40,,,1,30,,74137,40,,,1,73,,74148,40,,,1,33,,74165,40,,,1,72,,74166,40,,,2,28,,74167,40,,,1,70,,74168,40,,,1,26,,74169,40,,,2,68,,74170,40,,,1,30,,74128,40,,,1,68,,74126,40,,,2,28,,74139,40,,,2,70,,74134,40,,,1,29,,74129,40,,,1,71,,74127,40,,,2,30,,74140,40,,,1,68,,74133,40,,,1,28,,74160,40,,,1,72,,74159,40,,,1,28,,74161,40,,,1,70,,74162,40,,,1
3301,'Samedi-0',750,,66097,48,,,1,100,,66098,48,,,1,100,,66099,48,,,1,100,,66100,48,,,1,101,,66101,48,,,1,101,,66102,48,,,1,100,,66103,48,,,1,100,,66104,48,,,1,102,,66105,48,,,1,99,,66106,48,,,1,100,,66107,48,,,1,95,,66108,48,,,1,100,,66109,48,,,1,100,,66110,48,,,1,100,,66111,48,,,1,100,,66112,48,,,1,100,,66113,48,,,1,100,,66114,48,,,1
3301,'Samedi-10',750,,76505,48,,,1,100,,76506,48,,,1,100,,76507,48,,,1,100,,76508,48,,,1,101,,76509,48,,,1,101,,76510,48,,,1,100,,76511,48,,,1,100,,76512,48,,,1,102,,76513,48,,,1,99,,76514,48,,,1,100,,76515,48,,,1,95,,76516,48,,,1,100,,76517,48,,,1,100,,76518,48,,,1,100,,76519,48,,,1,100,,76520,48,,,1,100,,76521,48,,,1,100,,76522,48,,,1
3301,'Samedi-11',750,,70360,48,,,1,100,,70361,48,,,1,100,,70362,48,,,1,100,,70363,48,,,1,101,,70364,48,,,1,101,,70365,48,,,1,100,,70366,48,,,1,100,,70367,48,,,1,102,,70368,48,,,1,99,,70369,48,,,1,100,,70370,48,,,1,95,,70371,48,,,1,100,,70372,48,,,1,100,,70373,48,,,1,100,,70374,48,,,1,100,,70375,48,,,1,100,,70376,48,,,1,100,,70377,48,,,1
3301,'Dimanche-0',750,,68206,48,,,1,100,,68207,48,,,1,100,,68215,48,,,1,100,,68208,48,,,1,101,,68203,48,,,1,101,,68204,48,,,1,100,,68202,48,,,1,100,,68205,48,,,1,102,,68209,48,,,1,99,,68210,48,,,1,100,,68212,48,,,1,95,,68214,48,,,1,100,,68213,48,,,1,100,,68211,48,,,1,100,,68216,48,,,1,100,,68217,48,,,1,100,,68218,48,,,1,100,,68219,48,,,1
3301,'Dimanche-10',750,,69285,48,,,1,100,,69286,48,,,1,100,,69294,48,,,1,100,,69287,48,,,1,101,,69282,48,,,1,101,,69283,48,,,1,100,,69281,48,,,1,100,,69284,48,,,1,102,,69288,48,,,1,99,,69289,48,,,1,100,,69291,48,,,1,95,,69293,48,,,1,100,,69292,48,,,1,100,,69290,48,,,1,100,,69295,48,,,1,100,,69296,48,,,1,100,,69297,48,,,1,100,,69298,48,,,1
3301,'Dimanche-11',750,,66119,48,,,1,100,,66120,48,,,1,100,,66128,48,,,1,100,,66121,48,,,1,101,,66116,48,,,1,101,,66117,48,,,1,100,,66115,48,,,1,100,,66118,48,,,1,102,,66122,48,,,1,99,,66123,48,,,1,100,,66125,48,,,1,95,,66127,48,,,1,100,,66126,48,,,1,100,,66124,48,,,1,100,,66129,48,,,1,100,,66130,48,,,1,100,,66131,48,,,1,100,,66132,48,,,1
3301,'Semaine-0',637,,63781,48,,,1,20,,63789,48,,,1,61,,63766,48,,,1,15,,63786,48,,,1,21,,63782,48,,,1,50,,63777,48,,,1,11,,63797,48,,,1,13,,63795,48,,,1,15,,63784,48,,,1,12,,63772,48,,,1,50,,63788,48,,,1,14,,63762,48,,,1,30,,63774,48,,,1,68,,63780,48,,,1,30,,63770,48,,,1,70,,63791,48,,,1,30,,63775,48,,,1,70,,63767,48,,,1,30,,63769,48,,,1,56,,63787,48,,,1,15,,63796,48,,,1,26,,63778,48,,,1,69,,63768,48,,,1,30,,63773,48,,,1,73,,63776,48,,,1,25,,63798,48,,,1,59,,63779,48,,,1,18,,63783,48,,,1,23,,63764,48,,,1,60,,63794,48,,,1,19,,63771,48,,,1,27,,63761,48,,,1,69,,63758,48,,,1,32,,63792,48,,,1,69,,63765,48,,,1,30,,63760,48,,,1,98,,63763,48,,,1,73,,63785,48,,,1,100,,63790,48,,,2,100,,63759,48,,,1,100,,63793,48,,,1
3301,'Semaine-10',637,,71711,48,,,1,20,,71719,48,,,1,61,,71696,48,,,1,15,,71716,48,,,1,21,,71712,48,,,1,50,,71707,48,,,1,11,,71727,48,,,1,13,,71725,48,,,1,15,,71714,48,,,1,12,,71702,48,,,1,50,,71718,48,,,1,14,,71692,48,,,1,30,,71704,48,,,1,68,,71710,48,,,1,30,,71700,48,,,1,70,,71721,48,,,1,30,,71705,48,,,1,70,,71697,48,,,1,30,,71699,48,,,1,56,,71717,48,,,1,15,,71726,48,,,1,26,,71708,48,,,1,69,,71698,48,,,1,30,,71703,48,,,1,73,,71706,48,,,1,25,,71728,48,,,1,59,,71709,48,,,1,18,,71713,48,,,1,23,,71694,48,,,1,60,,71724,48,,,1,19,,71701,48,,,1,27,,71691,48,,,1,69,,71688,48,,,1,32,,71722,48,,,1,69,,71695,48,,,1,30,,71690,48,,,1,98,,71693,48,,,1,73,,71715,48,,,1,100,,71720,48,,,2,100,,71689,48,,,1,100,,71723,48,,,1
3301,'Semaine-11',637,,74242,48,,,1,20,,74250,48,,,1,61,,74227,48,,,1,15,,74247,48,,,1,21,,74243,48,,,1,50,,74238,48,,,1,11,,74258,48,,,1,13,,74256,48,,,1,15,,74245,48,,,1,12,,74233,48,,,1,50,,74249,48,,,1,14,,74223,48,,,1,30,,74235,48,,,1,68,,74241,48,,,1,30,,74231,48,,,1,70,,74252,48,,,1,30,,74236,48,,,1,70,,74228,48,,,1,30,,74230,48,,,1,56,,74248,48,,,1,15,,74257,48,,,1,26,,74239,48,,,1,69,,74229,48,,,1,30,,74234,48,,,1,73,,74237,48,,,1,25,,74259,48,,,1,59,,74240,48,,,1,18,,74244,48,,,1,23,,74225,48,,,1,60,,74255,48,,,1,19,,74232,48,,,1,27,,74222,48,,,1,69,,74219,48,,,1,32,,74253,48,,,1,69,,74226,48,,,1,30,,74221,48,,,1,98,,74224,48,,,1,73,,74246,48,,,1,100,,74251,48,,,2,100,,74220,48,,,1,100,,74254,48,,,1
3401,'Samedi-0',735,,66201,61,,,1,100,,66204,61,,,1,70,,66213,61,,,1,30,,66202,61,,,1,74,,66207,61,,,1,30,,66209,61,,,1,67,,66203,61,,,1,30,,66212,61,,,1,74,,66205,61,,,1,29,,66214,61,,,1,72,,66206,61,,,1,30,,66208,61,,,1,70,,66210,61,,,1,30,,66211,61,,,1,70,,66215,61,,,1,33,,66216,61,,,1,70,,66217,61,,,1,30,,66218,61,,,1,68,,66219,61,,,1,28,,66220,61,,,1,70,,66221,61,,,1,28,,66222,61,,,1,70,,66223,61,,,1,30,,66225,61,,,1,67,,66224,61,,,1,30,,66226,61,,,1,70,,66227,61,,,1,30,,66228,61,,,1,70,,66230,61,,,1,30,,66229,61,,,1,70,,66231,61,,,1,54,,66232,61,,,1
3401,'Samedi-10',735,,76557,61,,,1,100,,76560,61,,,1,70,,76569,61,,,1,30,,76558,61,,,1,74,,76563,61,,,1,30,,76565,61,,,1,67,,76559,61,,,1,30,,76568,61,,,1,74,,76561,61,,,1,29,,76570,61,,,1,72,,76562,61,,,1,30,,76564,61,,,1,70,,76566,61,,,1,30,,76567,61,,,1,70,,76571,61,,,1,33,,76572,61,,,1,70,,76573,61,,,1,30,,76574,61,,,1,68,,76575,61,,,1,28,,76576,61,,,1,70,,76577,61,,,1,28,,76578,61,,,1,70,,76579,61,,,1,30,,76581,61,,,1,67,,76580,61,,,1,30,,76582,61,,,1,70,,76583,61,,,1,30,,76584,61,,,1,70,,76586,61,,,1,30,,76585,61,,,1,70,,76587,61,,,1,54,,76588,61,,,1
3401,'Samedi-11',735,,70412,61,,,1,100,,70415,61,,,1,70,,70424,61,,,1,30,,70413,61,,,1,74,,70418,61,,,1,30,,70420,61,,,1,67,,70414,61,,,1,30,,70423,61,,,1,74,,70416,61,,,1,29,,70425,61,,,1,72,,70417,61,,,1,30,,70419,61,,,1,70,,70421,61,,,1,30,,70422,61,,,1,70,,70426,61,,,1,33,,70427,61,,,1,70,,70428,61,,,1,30,,70429,61,,,1,68,,70430,61,,,1,28,,70431,61,,,1,70,,70432,61,,,1,28,,70433,61,,,1,70,,70434,61,,,1,30,,70436,61,,,1,67,,70435,61,,,1,30,,70437,61,,,1,70,,70438,61,,,1,30,,70439,61,,,1,70,,70441,61,,,1,30,,70440,61,,,1,70,,70442,61,,,1,54,,70443,61,,,1
3401,'Dimanche-0',735,,68254,61,,,1,100,,68262,61,,,1,70,,68267,61,,,1,30,,68259,61,,,1,74,,68257,61,,,1,30,,68280,61,,,1,67,,68261,61,,,1,30,,68266,61,,,1,74,,68256,61,,,1,29,,68255,61,,,1,72,,68258,61,,,1,30,,68265,61,,,1,70,,68268,61,,,1,30,,68260,61,,,1,70,,68264,61,,,1,33,,68263,61,,,1,70,,68269,61,,,1,30,,68273,61,,,1,68,,68270,61,,,1,28,,68271,61,,,1,70,,68272,61,,,1,28,,68279,61,,,1,70,,68274,61,,,1,30,,68277,61,,,1,67,,68275,61,,,1,30,,68276,61,,,1,70,,68278,61,,,1,30,,68281,61,,,1,70,,68283,61,,,1,30,,68282,61,,,1,70,,68284,61,,,1,54,,68285,61,,,1
3401,'Dimanche-10',735,,69333,61,,,1,100,,69341,61,,,1,70,,69346,61,,,1,30,,69338,61,,,1,74,,69336,61,,,1,30,,69359,61,,,1,67,,69340,61,,,1,30,,69345,61,,,1,74,,69335,61,,,1,29,,69334,61,,,1,72,,69337,61,,,1,30,,69344,61,,,1,70,,69347,61,,,1,30,,69339,61,,,1,70,,69343,61,,,1,33,,69342,61,,,1,70,,69348,61,,,1,30,,69352,61,,,1,68,,69349,61,,,1,28,,69350,61,,,1,70,,69351,61,,,1,28,,69358,61,,,1,70,,69353,61,,,1,30,,69356,61,,,1,67,,69354,61,,,1,30,,69355,61,,,1,70,,69357,61,,,1,30,,69360,61,,,1,70,,69362,61,,,1,30,,69361,61,,,1,70,,69363,61,,,1,54,,69364,61,,,1
3401,'Dimanche-11',735,,66233,61,,,1,100,,66241,61,,,1,70,,66246,61,,,1,30,,66238,61,,,1,74,,66236,61,,,1,30,,66259,61,,,1,67,,66240,61,,,1,30,,66245,61,,,1,74,,66235,61,,,1,29,,66234,61,,,1,72,,66237,61,,,1,30,,66244,61,,,1,70,,66247,61,,,1,30,,66239,61,,,1,70,,66243,61,,,1,33,,66242,61,,,1,70,,66248,61,,,1,30,,66252,61,,,1,68,,66249,61,,,1,28,,66250,61,,,1,70,,66251,61,,,1,28,,66258,61,,,1,70,,66253,61,,,1,30,,66256,61,,,1,67,,66254,61,,,1,30,,66255,61,,,1,70,,66257,61,,,1,30,,66260,61,,,1,70,,66262,61,,,1,30,,66261,61,,,1,70,,66263,61,,,1,54,,66264,61,,,1
3401,'Semaine-0',946,,63856,60,,,1,68,,63836,60,,,2,30,,63840,61,,,1,70,,63860,61,,,1,30,,63833,61,,,1,70,,63837,61,,,1,30,,63841,61,,,1,70,,63831,61,,,1,30,,63834,61,,,1,70,,63838,61,,,1,33,,63842,61,,,2,71,,63835,61,,,1,32,,63857,61,,,1,73,,63832,61,,,1,35,,63858,61,,,1,67,,63859,61,,,1,27,,63853,61,,,1,66,,63849,61,,,1,26,,63839,61,,,1,69,,63846,61,,,1,29,,63855,61,,,1,69,,63843,61,,,1,30,,63845,61,,,1,70,,63847,61,,,1,30,,63851,61,,,2,70,,63844,61,,,1,30,,63850,61,,,1,68,,63848,61,,,1,30,,63852,61,,,1,70,,63854,61,,,1
3401,'Semaine-10',946,,71786,60,,,1,68,,71766,60,,,2,30,,71770,61,,,1,70,,71790,61,,,1,30,,71763,61,,,1,70,,71767,61,,,1,30,,71771,61,,,1,70,,71761,61,,,1,30,,71764,61,,,1,70,,71768,61,,,1,33,,71772,61,,,2,71,,71765,61,,,1,32,,71787,61,,,1,73,,71762,61,,,1,35,,71788,61,,,1,67,,71789,61,,,1,27,,71783,61,,,1,66,,71779,61,,,1,26,,71769,61,,,1,69,,71776,61,,,1,29,,71785,61,,,1,69,,71773,61,,,1,30,,71775,61,,,1,70,,71777,61,,,1,30,,71781,61,,,2,70,,71774,61,,,1,30,,71780,61,,,1,68,,71778,61,,,1,30,,71782,61,,,1,70,,71784,61,,,1
3401,'Semaine-11',946,,74317,60,,,1,68,,74297,60,,,2,30,,74301,61,,,1,70,,74321,61,,,1,30,,74294,61,,,1,70,,74298,61,,,1,30,,74302,61,,,1,70,,74292,61,,,1,30,,74295,61,,,1,70,,74299,61,,,1,33,,74303,61,,,2,71,,74296,61,,,1,32,,74318,61,,,1,73,,74293,61,,,1,35,,74319,61,,,1,67,,74320,61,,,1,27,,74314,61,,,1,66,,74310,61,,,1,26,,74300,61,,,1,69,,74307,61,,,1,29,,74316,61,,,1,69,,74304,61,,,1,30,,74306,61,,,1,70,,74308,61,,,1,30,,74312,61,,,2,70,,74305,61,,,1,30,,74311,61,,,1,68,,74309,61,,,1,30,,74313,61,,,1,70,,74315,61,,,1
3601,'Semaine-0',927,,63937,49,,,1,90,,63935,50,,,1,98,,63938,50,,,1,102,,63936,50,,,1,99,,63941,50,,,1,100,,63940,50,,,1,101,,63939,50,,,1
3601,'Semaine-10',927,,71867,49,,,1,90,,71865,50,,,1,98,,71868,50,,,1,102,,71866,50,,,1,99,,71871,50,,,1,100,,71870,50,,,1,101,,71869,50,,,1
3601,'Semaine-11',927,,74398,49,,,1,90,,74396,50,,,1,98,,74399,50,,,1,102,,74397,50,,,1,99,,74402,50,,,1,100,,74401,50,,,1,101,,74400,50,,,1
3701,'Samedi-0',722,,66302,42,,,1,100,,66307,42,,,1,100,,66301,42,,,1,103,,66306,42,,,1,100,,66303,42,,,1,100,,66304,42,,,1,100,,66308,42,,,1,103,,66305,42,,,1,100,,66309,42,,,1,100,,66310,42,,,1,100,,66311,42,,,1,97,,66312,42,,,1,100,,66313,42,,,1,100,,66314,42,,,1,100,,66315,42,,,1,97,,66316,42,,,1,99,,66317,42,,,1
3701,'Samedi-10',722,,76608,42,,,1,100,,76613,42,,,1,100,,76607,42,,,1,103,,76612,42,,,1,100,,76609,42,,,1,100,,76610,42,,,1,100,,76614,42,,,1,103,,76611,42,,,1,100,,76615,42,,,1,100,,76616,42,,,1,100,,76617,42,,,1,97,,76618,42,,,1,100,,76619,42,,,1,100,,76620,42,,,1,100,,76621,42,,,1,97,,76622,42,,,1,99,,76623,42,,,1
3701,'Samedi-11',722,,70463,42,,,1,100,,70468,42,,,1,100,,70462,42,,,1,103,,70467,42,,,1,100,,70464,42,,,1,100,,70465,42,,,1,100,,70469,42,,,1,103,,70466,42,,,1,100,,70470,42,,,1,100,,70471,42,,,1,100,,70472,42,,,1,97,,70473,42,,,1,100,,70474,42,,,1,100,,70475,42,,,1,100,,70476,42,,,1,97,,70477,42,,,1,99,,70478,42,,,1
3701,'Dimanche-0',722,,68305,42,,,1,100,,68306,42,,,1,100,,68308,42,,,1,103,,68309,42,,,1,100,,68317,42,,,1,100,,68304,42,,,1,100,,68310,42,,,1,103,,68307,42,,,1,100,,68312,42,,,1,100,,68313,42,,,1,100,,68315,42,,,1,97,,68314,42,,,1,100,,68311,42,,,1,100,,68316,42,,,1,100,,68318,42,,,1,97,,68319,42,,,1,99,,68320,42,,,1
3701,'Dimanche-10',722,,69384,42,,,1,100,,69385,42,,,1,100,,69387,42,,,1,103,,69388,42,,,1,100,,69396,42,,,1,100,,69383,42,,,1,100,,69389,42,,,1,103,,69386,42,,,1,100,,69391,42,,,1,100,,69392,42,,,1,100,,69394,42,,,1,97,,69393,42,,,1,100,,69390,42,,,1,100,,69395,42,,,1,100,,69397,42,,,1,97,,69398,42,,,1,99,,69399,42,,,1
3701,'Dimanche-11',722,,66319,42,,,1,100,,66320,42,,,1,100,,66322,42,,,1,103,,66323,42,,,1,100,,66331,42,,,1,100,,66318,42,,,1,100,,66324,42,,,1,103,,66321,42,,,1,100,,66326,42,,,1,100,,66327,42,,,1,100,,66329,42,,,1,97,,66328,42,,,1,100,,66325,42,,,1,100,,66330,42,,,1,100,,66332,42,,,1,97,,66333,42,,,1,99,,66334,42,,,1
3701,'Semaine-0',548,,63984,41,,,1,72,,63982,41,,,1,35,,63986,41,,,1,70,,63976,41,,,1,78,,63993,41,,,1,17,,63973,41,,,1,14,,63994,41,,,1,68,,63975,41,,,1,56,,63992,41,,,1,100,,63980,42,,,1,100,,63974,42,,,1,100,,63972,42,,,1,100,,63977,42,,,1,101,,63988,42,,,1,143,,63971,42,,,1,31,,63987,42,,,1,71,,63990,42,,,1,29,,63985,42,,,1,67,,63991,42,,,1,26,,63995,42,,,1,85,,63979,42,,,1,98,,63989,42,,,1,100,,63981,42,,,1,102,,63978,42,,,1,47,,63983,42,,,1
3701,'Semaine-10',548,,71914,41,,,1,72,,71912,41,,,1,35,,71916,41,,,1,70,,71906,41,,,1,78,,71923,41,,,1,17,,71903,41,,,1,14,,71924,41,,,1,68,,71905,41,,,1,56,,71922,41,,,1,100,,71910,42,,,1,100,,71904,42,,,1,100,,71902,42,,,1,100,,71907,42,,,1,101,,71918,42,,,1,143,,71901,42,,,1,31,,71917,42,,,1,71,,71920,42,,,1,29,,71915,42,,,1,67,,71921,42,,,1,26,,71925,42,,,1,85,,71909,42,,,1,98,,71919,42,,,1,100,,71911,42,,,1,102,,71908,42,,,1,47,,71913,42,,,1
3701,'Semaine-11',548,,74445,41,,,1,72,,74443,41,,,1,35,,74447,41,,,1,70,,74437,41,,,1,78,,74454,41,,,1,17,,74434,41,,,1,14,,74455,41,,,1,68,,74436,41,,,1,56,,74453,41,,,1,100,,74441,42,,,1,100,,74435,42,,,1,100,,74433,42,,,1,100,,74438,42,,,1,101,,74449,42,,,1,143,,74432,42,,,1,31,,74448,42,,,1,71,,74451,42,,,1,29,,74446,42,,,1,67,,74452,42,,,1,26,,74456,42,,,1,85,,74440,42,,,1,98,,74450,42,,,1,100,,74442,42,,,1,102,,74439,42,,,1,47,,74444,42,,,1
3801,'Samedi-0',735,,66405,29,,,1,70,,66401,29,,,1,30,,66413,29,,,1,70,,66406,29,,,1,30,,66402,29,,,1,71,,66414,29,,,1,28,,66407,29,,,1,72,,66411,29,,,1,31,,66403,29,,,1,70,,66408,29,,,1,30,,66412,29,,,1,70,,66404,29,,,1,31,,66409,29,,,1,70,,66410,29,,,1,30,,66415,29,,,1,70,,66416,29,,,1,31,,66417,29,,,1,70,,66418,29,,,1,29,,66419,29,,,1,70,,66420,29,,,1,30,,66421,29,,,1,70,,66422,29,,,1,27,,66423,29,,,1,71,,66425,29,,,1,30,,66424,29,,,1,70,,66427,29,,,1,30,,66426,29,,,1,70,,66428,29,,,1,29,,66429,29,,,1,70,,66433,29,,,1,30,,66430,29,,,1,70,,66431,29,,,1,30,,66432,29,,,1
3801,'Samedi-10',735,,76661,29,,,1,70,,76657,29,,,1,30,,76669,29,,,1,70,,76662,29,,,1,30,,76658,29,,,1,71,,76670,29,,,1,28,,76663,29,,,1,72,,76667,29,,,1,31,,76659,29,,,1,70,,76664,29,,,1,30,,76668,29,,,1,70,,76660,29,,,1,31,,76665,29,,,1,70,,76666,29,,,1,30,,76671,29,,,1,70,,76672,29,,,1,31,,76673,29,,,1,70,,76674,29,,,1,29,,76675,29,,,1,70,,76676,29,,,1,30,,76677,29,,,1,70,,76678,29,,,1,27,,76679,29,,,1,71,,76681,29,,,1,30,,76680,29,,,1,70,,76683,29,,,1,30,,76682,29,,,1,70,,76684,29,,,1,29,,76685,29,,,1,70,,76689,29,,,1,30,,76686,29,,,1,70,,76687,29,,,1,30,,76688,29,,,1
3801,'Samedi-11',735,,70516,29,,,1,70,,70512,29,,,1,30,,70524,29,,,1,70,,70517,29,,,1,30,,70513,29,,,1,71,,70525,29,,,1,28,,70518,29,,,1,72,,70522,29,,,1,31,,70514,29,,,1,70,,70519,29,,,1,30,,70523,29,,,1,70,,70515,29,,,1,31,,70520,29,,,1,70,,70521,29,,,1,30,,70526,29,,,1,70,,70527,29,,,1,31,,70528,29,,,1,70,,70529,29,,,1,29,,70530,29,,,1,70,,70531,29,,,1,30,,70532,29,,,1,70,,70533,29,,,1,27,,70534,29,,,1,71,,70536,29,,,1,30,,70535,29,,,1,70,,70538,29,,,1,30,,70537,29,,,1,70,,70539,29,,,1,29,,70540,29,,,1,70,,70544,29,,,1,30,,70541,29,,,1,70,,70542,29,,,1,30,,70543,29,,,1
3801,'Dimanche-0',735,,68362,29,,,1,70,,68364,29,,,1,30,,68357,29,,,1,70,,68356,29,,,1,30,,68378,29,,,1,71,,68367,29,,,1,28,,68358,29,,,1,72,,68380,29,,,1,31,,68377,29,,,1,70,,68359,29,,,1,30,,68379,29,,,1,70,,68366,29,,,1,31,,68360,29,,,1,70,,68363,29,,,1,30,,68365,29,,,1,70,,68355,29,,,1,31,,68361,29,,,1,70,,68354,29,,,1,29,,68371,29,,,1,70,,68372,29,,,1,30,,68374,29,,,1,70,,68370,29,,,1,27,,68376,29,,,1,71,,68373,29,,,1,30,,68368,29,,,1,70,,68375,29,,,1,30,,68369,29,,,1,70,,68381,29,,,1,29,,68382,29,,,1,70,,68383,29,,,1,30,,68384,29,,,1,70,,68385,29,,,1,30,,68386,29,,,1
3801,'Dimanche-10',735,,69441,29,,,1,70,,69443,29,,,1,30,,69436,29,,,1,70,,69435,29,,,1,30,,69457,29,,,1,71,,69446,29,,,1,28,,69437,29,,,1,72,,69459,29,,,1,31,,69456,29,,,1,70,,69438,29,,,1,30,,69458,29,,,1,70,,69445,29,,,1,31,,69439,29,,,1,70,,69442,29,,,1,30,,69444,29,,,1,70,,69434,29,,,1,31,,69440,29,,,1,70,,69433,29,,,1,29,,69450,29,,,1,70,,69451,29,,,1,30,,69453,29,,,1,70,,69449,29,,,1,27,,69455,29,,,1,71,,69452,29,,,1,30,,69447,29,,,1,70,,69454,29,,,1,30,,69448,29,,,1,70,,69460,29,,,1,29,,69461,29,,,1,70,,69462,29,,,1,30,,69463,29,,,1,70,,69464,29,,,1,30,,69465,29,,,1
3801,'Dimanche-11',735,,66442,29,,,1,70,,66444,29,,,1,30,,66437,29,,,1,70,,66436,29,,,1,30,,66458,29,,,1,71,,66447,29,,,1,28,,66438,29,,,1,72,,66460,29,,,1,31,,66457,29,,,1,70,,66439,29,,,1,30,,66459,29,,,1,70,,66446,29,,,1,31,,66440,29,,,1,70,,66443,29,,,1,30,,66445,29,,,1,70,,66435,29,,,1,31,,66441,29,,,1,70,,66434,29,,,1,29,,66451,29,,,1,70,,66452,29,,,1,30,,66454,29,,,1,70,,66450,29,,,1,27,,66456,29,,,1,71,,66453,29,,,1,30,,66448,29,,,1,70,,66455,29,,,1,30,,66449,29,,,1,70,,66461,29,,,1,29,,66462,29,,,1,70,,66463,29,,,1,30,,66464,29,,,1,70,,66465,29,,,1,30,,66466,29,,,1
3801,'Semaine-0',643,,64066,30,,,1,72,,64038,30,,,1,30,,64065,30,,,1,62,,64076,30,,,1,18,,64072,30,,,1,23,,64054,30,,,1,70,,64074,30,,,1,30,,64061,29,,,1,59,,64044,29,,,1,20,,64070,29,,,1,20,,64055,29,,,1,60,,64047,29,,,1,22,,64062,29,,,1,20,,64045,29,,,1,60,,64069,29,,,1,20,,64075,29,,,1,22,,64048,29,,,1,60,,64077,29,,,1,20,,64063,29,,,1,20,,64068,29,,,1,58,,64056,29,,,1,20,,64049,29,,,1,19,,64064,29,,,1,61,,64078,29,,,1,23,,64051,29,,,1,22,,64057,29,,,1,70,,64071,29,,,1,30,,64046,29,,,1,71,,64053,29,,,1,27,,64043,29,,,1,69,,64079,29,,,1,20,,64040,29,,,1,59,,64073,29,,,1,29,,64042,29,,,1,29,,64052,29,,,1,71,,64060,29,,,1,30,,64067,29,,,1,70,,64050,29,,,1,28,,64058,29,,,1,71,,64059,29,,,1,29,,64039,29,,,1,85,,64041,29,,,1
3801,'Semaine-10',643,,71996,30,,,1,72,,71968,30,,,1,30,,71995,30,,,1,62,,72006,30,,,1,18,,72002,30,,,1,23,,71984,30,,,1,70,,72004,30,,,1,30,,71991,29,,,1,59,,71974,29,,,1,20,,72000,29,,,1,20,,71985,29,,,1,60,,71977,29,,,1,22,,71992,29,,,1,20,,71975,29,,,1,60,,71999,29,,,1,20,,72005,29,,,1,22,,71978,29,,,1,60,,72007,29,,,1,20,,71993,29,,,1,20,,71998,29,,,1,58,,71986,29,,,1,20,,71979,29,,,1,19,,71994,29,,,1,61,,72008,29,,,1,23,,71981,29,,,1,22,,71987,29,,,1,70,,72001,29,,,1,30,,71976,29,,,1,71,,71983,29,,,1,27,,71973,29,,,1,69,,72009,29,,,1,20,,71970,29,,,1,59,,72003,29,,,1,29,,71972,29,,,1,29,,71982,29,,,1,71,,71990,29,,,1,30,,71997,29,,,1,70,,71980,29,,,1,28,,71988,29,,,1,71,,71989,29,,,1,29,,71969,29,,,1,85,,71971,29,,,1
3801,'Semaine-11',643,,74527,30,,,1,72,,74499,30,,,1,30,,74526,30,,,1,62,,74537,30,,,1,18,,74533,30,,,1,23,,74515,30,,,1,70,,74535,30,,,1,30,,74522,29,,,1,59,,74505,29,,,1,20,,74531,29,,,1,20,,74516,29,,,1,60,,74508,29,,,1,22,,74523,29,,,1,20,,74506,29,,,1,60,,74530,29,,,1,20,,74536,29,,,1,22,,74509,29,,,1,60,,74538,29,,,1,20,,74524,29,,,1,20,,74529,29,,,1,58,,74517,29,,,1,20,,74510,29,,,1,19,,74525,29,,,1,61,,74539,29,,,1,23,,74512,29,,,1,22,,74518,29,,,1,70,,74532,29,,,1,30,,74507,29,,,1,71,,74514,29,,,1,27,,74504,29,,,1,69,,74540,29,,,1,20,,74501,29,,,1,59,,74534,29,,,1,29,,74503,29,,,1,29,,74513,29,,,1,71,,74521,29,,,1,30,,74528,29,,,1,70,,74511,29,,,1,28,,74519,29,,,1,71,,74520,29,,,1,29,,74500,29,,,1,85,,74502,29,,,1
5501,'Samedi-0',731,,66775,59,,,1,70,,66778,59,,,1,31,,66777,59,,,1,70,,66787,59,,,1,29,,66776,59,,,1,72,,66779,59,,,1,31,,66780,59,,,1,69,,66786,59,,,1,31,,66782,59,,,1,70,,66783,59,,,1,30,,66781,59,,,1,70,,66789,59,,,1,30,,66788,59,,,1,70,,66784,59,,,1,30,,66785,59,,,1,72,,66790,59,,,1,28,,66791,59,,,1,72,,66792,59,,,1,28,,66793,59,,,1,72,,66794,59,,,1,28,,66795,59,,,1,72,,66796,59,,,1,28,,66797,59,,,1,69,,66798,59,,,1,30,,66799,59,,,1,70,,66800,59,,,1,30,,66801,59,,,1,67,,66802,59,,,1,30,,66803,59,,,1,70,,66805,59,,,1,29,,66804,59,,,1,30,,66807,59,,,1,70,,66806,59,,,1
5501,'Samedi-10',731,,76844,59,,,1,70,,76847,59,,,1,31,,76846,59,,,1,70,,76856,59,,,1,29,,76845,59,,,1,72,,76848,59,,,1,31,,76849,59,,,1,69,,76855,59,,,1,31,,76851,59,,,1,70,,76852,59,,,1,30,,76850,59,,,1,70,,76858,59,,,1,30,,76857,59,,,1,70,,76853,59,,,1,30,,76854,59,,,1,72,,76859,59,,,1,28,,76860,59,,,1,72,,76861,59,,,1,28,,76862,59,,,1,72,,76863,59,,,1,28,,76864,59,,,1,72,,76865,59,,,1,28,,76866,59,,,1,69,,76867,59,,,1,30,,76868,59,,,1,70,,76869,59,,,1,30,,76870,59,,,1,67,,76871,59,,,1,30,,76872,59,,,1,70,,76874,59,,,1,29,,76873,59,,,1,30,,76876,59,,,1,70,,76875,59,,,1
5501,'Samedi-11',731,,70699,59,,,1,70,,70702,59,,,1,31,,70701,59,,,1,70,,70711,59,,,1,29,,70700,59,,,1,72,,70703,59,,,1,31,,70704,59,,,1,69,,70710,59,,,1,31,,70706,59,,,1,70,,70707,59,,,1,30,,70705,59,,,1,70,,70713,59,,,1,30,,70712,59,,,1,70,,70708,59,,,1,30,,70709,59,,,1,72,,70714,59,,,1,28,,70715,59,,,1,72,,70716,59,,,1,28,,70717,59,,,1,72,,70718,59,,,1,28,,70719,59,,,1,72,,70720,59,,,1,28,,70721,59,,,1,69,,70722,59,,,1,30,,70723,59,,,1,70,,70724,59,,,1,30,,70725,59,,,1,67,,70726,59,,,1,30,,70727,59,,,1,70,,70729,59,,,1,29,,70728,59,,,1,30,,70731,59,,,1,70,,70730,59,,,1
5501,'Dimanche-0',731,,68542,59,,,1,70,,68546,59,,,1,31,,68544,59,,,1,70,,68549,59,,,1,29,,68551,59,,,1,72,,68545,59,,,1,31,,68541,59,,,1,69,,68555,59,,,1,31,,68550,59,,,1,70,,68557,59,,,1,30,,68548,59,,,1,70,,68547,59,,,1,30,,68553,59,,,1,70,,68543,59,,,1,30,,68552,59,,,1,72,,68556,59,,,1,28,,68561,59,,,1,72,,68554,59,,,1,28,,68560,59,,,1,72,,68563,59,,,1,28,,68558,59,,,1,72,,68559,59,,,1,28,,68565,59,,,1,69,,68567,59,,,1,30,,68564,59,,,1,70,,68562,59,,,1,30,,68566,59,,,1,67,,68568,59,,,1,30,,68569,59,,,1,70,,68570,59,,,1,29,,68571,59,,,1,30,,68572,59,,,1,70,,68573,59,,,1
5501,'Dimanche-10',731,,69621,59,,,1,70,,69625,59,,,1,31,,69623,59,,,1,70,,69628,59,,,1,29,,69630,59,,,1,72,,69624,59,,,1,31,,69620,59,,,1,69,,69634,59,,,1,31,,69629,59,,,1,70,,69636,59,,,1,30,,69627,59,,,1,70,,69626,59,,,1,30,,69632,59,,,1,70,,69622,59,,,1,30,,69631,59,,,1,72,,69635,59,,,1,28,,69640,59,,,1,72,,69633,59,,,1,28,,69639,59,,,1,72,,69642,59,,,1,28,,69637,59,,,1,72,,69638,59,,,1,28,,69644,59,,,1,69,,69646,59,,,1,30,,69643,59,,,1,70,,69641,59,,,1,30,,69645,59,,,1,67,,69647,59,,,1,30,,69648,59,,,1,70,,69649,59,,,1,29,,69650,59,,,1,30,,69651,59,,,1,70,,69652,59,,,1
5501,'Dimanche-11',731,,66809,59,,,1,70,,66813,59,,,1,31,,66811,59,,,1,70,,66816,59,,,1,29,,66818,59,,,1,72,,66812,59,,,1,31,,66808,59,,,1,69,,66822,59,,,1,31,,66817,59,,,1,70,,66824,59,,,1,30,,66815,59,,,1,70,,66814,59,,,1,30,,66820,59,,,1,70,,66810,59,,,1,30,,66819,59,,,1,72,,66823,59,,,1,28,,66828,59,,,1,72,,66821,59,,,1,28,,66827,59,,,1,72,,66830,59,,,1,28,,66825,59,,,1,72,,66826,59,,,1,28,,66832,59,,,1,69,,66834,59,,,1,30,,66831,59,,,1,70,,66829,59,,,1,30,,66833,59,,,1,67,,66835,59,,,1,30,,66836,59,,,1,70,,66837,59,,,1,29,,66838,59,,,1,30,,66839,59,,,1,70,,66840,59,,,1
5501,'Semaine-0',549,,64382,59,,,1,55,,64389,59,,,1,14,,64388,57,,,1,18,,64372,57,,,1,16,,64410,57,,,1,62,,64409,57,,,1,8,,64369,57,,,1,18,,64414,57,,,1,15,,64395,57,,,1,56,,64403,57,,,1,16,,64373,57,,,1,8,,64377,57,,,1,12,,64375,57,,,1,9,,64404,57,,,1,44,,64406,57,,,1,13,,64383,57,,,1,25,,64387,57,,,1,12,,64374,57,,,1,51,,64408,57,,,1,30,,64401,59,,,1,23,,64413,26,,,1,48,,64405,59,,,1,29,,64371,59,,,1,27,,64378,59,,,1,70,,64391,59,,,1,30,,64402,59,,,1,71,,64398,59,,,1,30,,64379,59,,,1,70,,64411,59,,,1,30,,64370,59,,,1,77,,64376,59,,,1,93,,64380,59,,,1,95,,64385,59,,,1,99,,64390,59,,,1,95,,64407,59,,,1,19,,64396,59,,,1,70,,64384,59,,,1,30,,64400,59,,,1,70,,64393,59,,,1,30,,64412,59,,,1,70,,64386,59,,,1,29,,64392,59,,,1,69,,64394,59,,,1,30,,64381,59,,,1,68,,64399,59,,,1,30,,64397,59,,,1
5501,'Semaine-10',549,,72312,59,,,1,55,,72319,59,,,1,14,,72318,57,,,1,18,,72302,57,,,1,16,,72340,57,,,1,62,,72339,57,,,1,8,,72299,57,,,1,18,,72344,57,,,1,15,,72325,57,,,1,56,,72333,57,,,1,16,,72303,57,,,1,8,,72307,57,,,1,12,,72305,57,,,1,9,,72334,57,,,1,44,,72336,57,,,1,13,,72313,57,,,1,25,,72317,57,,,1,12,,72304,57,,,1,51,,72338,57,,,1,30,,72331,59,,,1,23,,72343,26,,,1,48,,72335,59,,,1,29,,72301,59,,,1,27,,72308,59,,,1,70,,72321,59,,,1,30,,72332,59,,,1,71,,72328,59,,,1,30,,72309,59,,,1,70,,72341,59,,,1,30,,72300,59,,,1,77,,72306,59,,,1,93,,72310,59,,,1,95,,72315,59,,,1,99,,72320,59,,,1,95,,72337,59,,,1,19,,72326,59,,,1,70,,72314,59,,,1,30,,72330,59,,,1,70,,72323,59,,,1,30,,72342,59,,,1,70,,72316,59,,,1,29,,72322,59,,,1,69,,72324,59,,,1,30,,72311,59,,,1,68,,72329,59,,,1,30,,72327,59,,,1
5501,'Semaine-11',549,,74843,59,,,1,55,,74850,59,,,1,14,,74849,57,,,1,18,,74833,57,,,1,16,,74871,57,,,1,62,,74870,57,,,1,8,,74830,57,,,1,18,,74875,57,,,1,15,,74856,57,,,1,56,,74864,57,,,1,16,,74834,57,,,1,8,,74838,57,,,1,12,,74836,57,,,1,9,,74865,57,,,1,44,,74867,57,,,1,13,,74844,57,,,1,25,,74848,57,,,1,12,,74835,57,,,1,51,,74869,57,,,1,30,,74862,59,,,1,23,,74874,26,,,1,48,,74866,59,,,1,29,,74832,59,,,1,27,,74839,59,,,1,70,,74852,59,,,1,30,,74863,59,,,1,71,,74859,59,,,1,30,,74840,59,,,1,70,,74872,59,,,1,30,,74831,59,,,1,77,,74837,59,,,1,93,,74841,59,,,1,95,,74846,59,,,1,99,,74851,59,,,1,95,,74868,59,,,1,19,,74857,59,,,1,70,,74845,59,,,1,30,,74861,59,,,1,70,,74854,59,,,1,30,,74873,59,,,1,70,,74847,59,,,1,29,,74853,59,,,1,69,,74855,59,,,1,30,,74842,59,,,1,68,,74860,59,,,1,30,,74858,59,,,1
5901,'Samedi-0',745,,66909,48,,,1,70,,66916,48,,,1,31,,66913,48,,,1,70,,66918,48,,,1,31,,66910,48,,,1,70,,66915,48,,,1,31,,66914,48,,,1,70,,66917,48,,,1,30,,66921,48,,,1,71,,66922,48,,,1,30,,66911,48,,,1,70,,66912,48,,,1,30,,66920,48,,,1,70,,66919,48,,,1,30,,66923,48,,,1,70,,66924,48,,,1,30,,66925,48,,,1,70,,66926,48,,,1,30,,66927,48,,,1,70,,66928,48,,,1,30,,66929,48,,,1,70,,66930,48,,,1,30,,66931,48,,,1,67,,66932,48,,,1,31,,66933,48,,,1,71,,66935,48,,,1,30,,66934,48,,,1,68,,66936,48,,,1,30,,66937,48,,,1,70,,66938,48,,,1,30,,66940,48,,,1,69,,66939,48,,,1
5901,'Samedi-10',745,,76911,48,,,1,70,,76918,48,,,1,31,,76915,48,,,1,70,,76920,48,,,1,31,,76912,48,,,1,70,,76917,48,,,1,31,,76916,48,,,1,70,,76919,48,,,1,30,,76923,48,,,1,71,,76924,48,,,1,30,,76913,48,,,1,70,,76914,48,,,1,30,,76922,48,,,1,70,,76921,48,,,1,30,,76925,48,,,1,70,,76926,48,,,1,30,,76927,48,,,1,70,,76928,48,,,1,30,,76929,48,,,1,70,,76930,48,,,1,30,,76931,48,,,1,70,,76932,48,,,1,30,,76933,48,,,1,67,,76934,48,,,1,31,,76935,48,,,1,71,,76937,48,,,1,30,,76936,48,,,1,68,,76938,48,,,1,30,,76939,48,,,1,70,,76940,48,,,1,30,,76942,48,,,1,69,,76941,48,,,1
5901,'Samedi-11',745,,70766,48,,,1,70,,70773,48,,,1,31,,70770,48,,,1,70,,70775,48,,,1,31,,70767,48,,,1,70,,70772,48,,,1,31,,70771,48,,,1,70,,70774,48,,,1,30,,70778,48,,,1,71,,70779,48,,,1,30,,70768,48,,,1,70,,70769,48,,,1,30,,70777,48,,,1,70,,70776,48,,,1,30,,70780,48,,,1,70,,70781,48,,,1,30,,70782,48,,,1,70,,70783,48,,,1,30,,70784,48,,,1,70,,70785,48,,,1,30,,70786,48,,,1,70,,70787,48,,,1,30,,70788,48,,,1,67,,70789,48,,,1,31,,70790,48,,,1,71,,70792,48,,,1,30,,70791,48,,,1,68,,70793,48,,,1,30,,70794,48,,,1,70,,70795,48,,,1,30,,70797,48,,,1,69,,70796,48,,,1
5901,'Dimanche-0',745,,68608,48,,,1,70,,68620,48,,,1,31,,68614,48,,,1,70,,68615,48,,,1,31,,68622,48,,,1,70,,68619,48,,,1,31,,68624,48,,,1,70,,68611,48,,,1,30,,68623,48,,,1,71,,68609,48,,,1,30,,68618,48,,,1,70,,68610,48,,,1,30,,68613,48,,,1,70,,68616,48,,,1,30,,68617,48,,,1,70,,68625,48,,,1,30,,68612,48,,,1,70,,68628,48,,,1,30,,68621,48,,,1,70,,68630,48,,,1,30,,68631,48,,,1,70,,68627,48,,,1,30,,68632,48,,,1,67,,68629,48,,,1,31,,68633,48,,,1,71,,68626,48,,,1,30,,68634,48,,,1,68,,68635,48,,,1,30,,68636,48,,,1,70,,68637,48,,,1,30,,68638,48,,,1,69,,68639,48,,,1
5901,'Dimanche-10',745,,69687,48,,,1,70,,69699,48,,,1,31,,69693,48,,,1,70,,69694,48,,,1,31,,69701,48,,,1,70,,69698,48,,,1,31,,69703,48,,,1,70,,69690,48,,,1,30,,69702,48,,,1,71,,69688,48,,,1,30,,69697,48,,,1,70,,69689,48,,,1,30,,69692,48,,,1,70,,69695,48,,,1,30,,69696,48,,,1,70,,69704,48,,,1,30,,69691,48,,,1,70,,69707,48,,,1,30,,69700,48,,,1,70,,69709,48,,,1,30,,69710,48,,,1,70,,69706,48,,,1,30,,69711,48,,,1,67,,69708,48,,,1,31,,69712,48,,,1,71,,69705,48,,,1,30,,69713,48,,,1,68,,69714,48,,,1,30,,69715,48,,,1,70,,69716,48,,,1,30,,69717,48,,,1,69,,69718,48,,,1
5901,'Dimanche-11',745,,66941,48,,,1,70,,66953,48,,,1,31,,66947,48,,,1,70,,66948,48,,,1,31,,66955,48,,,1,70,,66952,48,,,1,31,,66957,48,,,1,70,,66944,48,,,1,30,,66956,48,,,1,71,,66942,48,,,1,30,,66951,48,,,1,70,,66943,48,,,1,30,,66946,48,,,1,70,,66949,48,,,1,30,,66950,48,,,1,70,,66958,48,,,1,30,,66945,48,,,1,70,,66961,48,,,1,30,,66954,48,,,1,70,,66963,48,,,1,30,,66964,48,,,1,70,,66960,48,,,1,30,,66965,48,,,1,67,,66962,48,,,1,31,,66966,48,,,1,71,,66959,48,,,1,30,,66967,48,,,1,68,,66968,48,,,1,30,,66969,48,,,1,70,,66970,48,,,1,30,,66971,48,,,1,69,,66972,48,,,1
5901,'Semaine-0',543,,64498,48,,,1,15,,64534,48,,,1,55,,64507,48,,,1,15,,64528,46,,,1,19,,64508,46,,,1,54,,64497,46,,,1,13,,64499,46,,,1,18,,64502,46,,,1,14,,64537,24,,,1,5,,64505,46,,,1,50,,64538,24,,,1,8,,64506,46,,,1,7,,64539,24,,,1,11,,64501,46,,,1,7,,64495,24,,,1,5,,64530,46,,,1,19,,64516,46,,,1,51,,64521,46,,,1,13,,64511,46,,,1,9,,64496,46,,,1,16,,64514,46,,,1,67,,64540,46,,,1,29,,64535,48,,,1,70,,64522,48,,,1,30,,64504,48,,,1,72,,64515,48,,,1,30,,64518,48,,,1,70,,64503,48,,,1,30,,64532,48,,,1,70,,64494,48,,,1,30,,64536,48,,,1,70,,64526,48,,,1,43,,64529,48,,,1,100,,64533,48,,,1,95,,64513,48,,,1,98,,64520,48,,,1,71,,64525,48,,,1,30,,64512,48,,,1,70,,64519,48,,,1,30,,64524,48,,,1,69,,64531,48,,,1,30,,64509,48,,,1,70,,64527,48,,,1,29,,64517,48,,,1,70,,64500,48,,,1,30,,64510,48,,,1,70,,64523,48,,,1
5901,'Semaine-10',543,,72428,48,,,1,15,,72464,48,,,1,55,,72437,48,,,1,15,,72458,46,,,1,19,,72438,46,,,1,54,,72427,46,,,1,13,,72429,46,,,1,18,,72432,46,,,1,14,,72467,24,,,1,5,,72435,46,,,1,50,,72468,24,,,1,8,,72436,46,,,1,7,,72469,24,,,1,11,,72431,46,,,1,7,,72425,24,,,1,5,,72460,46,,,1,19,,72446,46,,,1,51,,72451,46,,,1,13,,72441,46,,,1,9,,72426,46,,,1,16,,72444,46,,,1,67,,72470,46,,,1,29,,72465,48,,,1,70,,72452,48,,,1,30,,72434,48,,,1,72,,72445,48,,,1,30,,72448,48,,,1,70,,72433,48,,,1,30,,72462,48,,,1,70,,72424,48,,,1,30,,72466,48,,,1,70,,72456,48,,,1,43,,72459,48,,,1,100,,72463,48,,,1,95,,72443,48,,,1,98,,72450,48,,,1,71,,72455,48,,,1,30,,72442,48,,,1,70,,72449,48,,,1,30,,72454,48,,,1,69,,72461,48,,,1,30,,72439,48,,,1,70,,72457,48,,,1,29,,72447,48,,,1,70,,72430,48,,,1,30,,72440,48,,,1,70,,72453,48,,,1
5901,'Semaine-11',543,,74959,48,,,1,15,,74995,48,,,1,55,,74968,48,,,1,15,,74989,46,,,1,19,,74969,46,,,1,54,,74958,46,,,1,13,,74960,46,,,1,18,,74963,46,,,1,14,,74998,24,,,1,5,,74966,46,,,1,50,,74999,24,,,1,8,,74967,46,,,1,7,,75000,24,,,1,11,,74962,46,,,1,7,,74956,24,,,1,5,,74991,46,,,1,19,,74977,46,,,1,51,,74982,46,,,1,13,,74972,46,,,1,9,,74957,46,,,1,16,,74975,46,,,1,67,,75001,46,,,1,29,,74996,48,,,1,70,,74983,48,,,1,30,,74965,48,,,1,72,,74976,48,,,1,30,,74979,48,,,1,70,,74964,48,,,1,30,,74993,48,,,1,70,,74955,48,,,1,30,,74997,48,,,1,70,,74987,48,,,1,43,,74990,48,,,1,100,,74994,48,,,1,95,,74974,48,,,1,98,,74981,48,,,1,71,,74986,48,,,1,30,,74973,48,,,1,70,,74980,48,,,1,30,,74985,48,,,1,69,,74992,48,,,1,30,,74970,48,,,1,70,,74988,48,,,1,29,,74978,48,,,1,70,,74961,48,,,1,30,,74971,48,,,1,70,,74984,48,,,1
6701,'Samedi-0',700,,67245,37,,,1,100,,67251,37,,,1,102,,67247,37,,,1,101,,67246,37,,,1,30,,67249,37,,,1,72,,67254,37,,,1,30,,67255,37,,,1,70,,67248,37,,,1,30,,67250,37,,,1,70,,67253,37,,,1,30,,67256,37,,,1,70,,67257,37,,,1,30,,67252,37,,,1,71,,67258,37,,,1,30,,67259,37,,,1,71,,67260,37,,,1,31,,67261,37,,,1,66,,67262,37,,,1,33,,67263,37,,,1,69,,67264,37,,,1,30,,67265,37,,,1,65,,67266,37,,,1,32,,67267,37,,,1,100,,67268,37,,,1,100,,67269,37,,,1,100,,67271,37,,,1,98,,67270,37,,,1
6701,'Samedi-10',700,,77079,37,,,1,100,,77085,37,,,1,102,,77081,37,,,1,101,,77080,37,,,1,30,,77083,37,,,1,72,,77088,37,,,1,30,,77089,37,,,1,70,,77082,37,,,1,30,,77084,37,,,1,70,,77087,37,,,1,30,,77090,37,,,1,70,,77091,37,,,1,30,,77086,37,,,1,71,,77092,37,,,1,30,,77093,37,,,1,71,,77094,37,,,1,31,,77095,37,,,1,66,,77096,37,,,1,33,,77097,37,,,1,69,,77098,37,,,1,30,,77099,37,,,1,65,,77100,37,,,1,32,,77101,37,,,1,100,,77102,37,,,1,100,,77103,37,,,1,100,,77105,37,,,1,98,,77104,37,,,1
6701,'Samedi-11',700,,70934,37,,,1,100,,70940,37,,,1,102,,70936,37,,,1,101,,70935,37,,,1,30,,70938,37,,,1,72,,70943,37,,,1,30,,70944,37,,,1,70,,70937,37,,,1,30,,70939,37,,,1,70,,70942,37,,,1,30,,70945,37,,,1,70,,70946,37,,,1,30,,70941,37,,,1,71,,70947,37,,,1,30,,70948,37,,,1,71,,70949,37,,,1,31,,70950,37,,,1,66,,70951,37,,,1,33,,70952,37,,,1,69,,70953,37,,,1,30,,70954,37,,,1,65,,70955,37,,,1,32,,70956,37,,,1,100,,70957,37,,,1,100,,70958,37,,,1,100,,70960,37,,,1,98,,70959,37,,,1
6701,'Dimanche-0',700,,68776,37,,,1,100,,68779,37,,,1,102,,68781,37,,,1,101,,68784,37,,,1,30,,68790,37,,,1,72,,68778,37,,,1,30,,68791,37,,,1,70,,68782,37,,,1,30,,68785,37,,,1,70,,68783,37,,,1,30,,68777,37,,,1,70,,68787,37,,,1,30,,68788,37,,,1,71,,68780,37,,,1,30,,68786,37,,,1,71,,68793,37,,,1,31,,68789,37,,,1,66,,68796,37,,,1,33,,68797,37,,,1,69,,68794,37,,,1,30,,68799,37,,,1,65,,68792,37,,,1,32,,68798,37,,,1,100,,68795,37,,,1,100,,68800,37,,,1,100,,68801,37,,,1,98,,68802,37,,,1
6701,'Dimanche-10',700,,69855,37,,,1,100,,69858,37,,,1,102,,69860,37,,,1,101,,69863,37,,,1,30,,69869,37,,,1,72,,69857,37,,,1,30,,69870,37,,,1,70,,69861,37,,,1,30,,69864,37,,,1,70,,69862,37,,,1,30,,69856,37,,,1,70,,69866,37,,,1,30,,69867,37,,,1,71,,69859,37,,,1,30,,69865,37,,,1,71,,69872,37,,,1,31,,69868,37,,,1,66,,69875,37,,,1,33,,69876,37,,,1,69,,69873,37,,,1,30,,69878,37,,,1,65,,69871,37,,,1,32,,69877,37,,,1,100,,69874,37,,,1,100,,69879,37,,,1,100,,69880,37,,,1,98,,69881,37,,,1
6701,'Dimanche-11',700,,67272,37,,,1,100,,67275,37,,,1,102,,67277,37,,,1,101,,67280,37,,,1,30,,67286,37,,,1,72,,67274,37,,,1,30,,67287,37,,,1,70,,67278,37,,,1,30,,67281,37,,,1,70,,67279,37,,,1,30,,67273,37,,,1,70,,67283,37,,,1,30,,67284,37,,,1,71,,67276,37,,,1,30,,67282,37,,,1,71,,67289,37,,,1,31,,67285,37,,,1,66,,67292,37,,,1,33,,67293,37,,,1,69,,67290,37,,,1,30,,67295,37,,,1,65,,67288,37,,,1,32,,67294,37,,,1,100,,67291,37,,,1,100,,67296,37,,,1,100,,67297,37,,,1,98,,67298,37,,,1
6701,'Semaine-0',942,,64860,37,,,1,58,,64849,37,,,1,20,,64867,37,,,1,20,,64853,37,,,1,60,,64847,37,,,1,20,,64868,37,,,1,20,,64861,37,,,1,60,,64850,37,,,1,20,,64869,37,,,1,20,,64854,37,,,1,19,,64857,37,,,1,60,,64870,37,,,1,20,,64856,37,,,1,20,,64851,37,,,1,62,,64871,37,,,1,20,,64862,37,,,1,60,,64864,37,,,1,23,,64866,37,,,1,20,,64858,37,,,1,74,,64842,37,,,1,30,,64865,37,,,1,67,,64845,37,,,1,30,,64863,37,,,1,69,,64859,37,,,1,28,,64852,37,,,1,68,,64840,37,,,1,28,,64855,37,,,1,69,,64843,37,,,2,30,,64872,37,,,2,70,,64841,37,,,1,30,,64874,37,,,1,69,,64844,37,,,2,30,,64875,37,,,1,68,,64846,37,,,1,29,,64873,37,,,1,70,,64848,37,,,2
6701,'Semaine-10',942,,72790,37,,,1,58,,72779,37,,,1,20,,72797,37,,,1,20,,72783,37,,,1,60,,72777,37,,,1,20,,72798,37,,,1,20,,72791,37,,,1,60,,72780,37,,,1,20,,72799,37,,,1,20,,72784,37,,,1,19,,72787,37,,,1,60,,72800,37,,,1,20,,72786,37,,,1,20,,72781,37,,,1,62,,72801,37,,,1,20,,72792,37,,,1,60,,72794,37,,,1,23,,72796,37,,,1,20,,72788,37,,,1,74,,72772,37,,,1,30,,72795,37,,,1,67,,72775,37,,,1,30,,72793,37,,,1,69,,72789,37,,,1,28,,72782,37,,,1,68,,72770,37,,,1,28,,72785,37,,,1,69,,72773,37,,,2,30,,72802,37,,,2,70,,72771,37,,,1,30,,72804,37,,,1,69,,72774,37,,,2,30,,72805,37,,,1,68,,72776,37,,,1,29,,72803,37,,,1,70,,72778,37,,,2
6701,'Semaine-11',942,,75321,37,,,1,58,,75310,37,,,1,20,,75328,37,,,1,20,,75314,37,,,1,60,,75308,37,,,1,20,,75329,37,,,1,20,,75322,37,,,1,60,,75311,37,,,1,20,,75330,37,,,1,20,,75315,37,,,1,19,,75318,37,,,1,60,,75331,37,,,1,20,,75317,37,,,1,20,,75312,37,,,1,62,,75332,37,,,1,20,,75323,37,,,1,60,,75325,37,,,1,23,,75327,37,,,1,20,,75319,37,,,1,74,,75303,37,,,1,30,,75326,37,,,1,67,,75306,37,,,1,30,,75324,37,,,1,69,,75320,37,,,1,28,,75313,37,,,1,68,,75301,37,,,1,28,,75316,37,,,1,69,,75304,37,,,2,30,,75333,37,,,2,70,,75302,37,,,1,30,,75335,37,,,1,69,,75305,37,,,2,30,,75336,37,,,1,68,,75307,37,,,1,29,,75334,37,,,1,70,,75309,37,,,2
8501,'Semaine-0',556,,65369,39,,,1,71,,65371,39,,,1,27,,65374,39,,,1,55,,65373,39,,,1,19,,65378,39,,,1,15,,65370,39,,,2,57,,65376,39,,,1,16,,65372,39,,,2,14,,65377,39,,,1,20,,65375,39,,,1
8501,'Semaine-10',556,,73299,39,,,1,71,,73301,39,,,1,27,,73304,39,,,1,55,,73303,39,,,1,19,,73308,39,,,1,15,,73300,39,,,2,57,,73306,39,,,1,16,,73302,39,,,2,14,,73307,39,,,1,20,,73305,39,,,1
8501,'Semaine-11',556,,75830,39,,,1,71,,75832,39,,,1,27,,75835,39,,,1,55,,75834,39,,,1,19,,75839,39,,,1,15,,75831,39,,,2,57,,75837,39,,,1,16,,75833,39,,,2,14,,75838,39,,,1,20,,75836,39,,,1
8701,'Semaine-0',540,,65398,35,,,1,70,,65391,35,,,1,30,,65396,35,,,1,19,,65394,35,,,1,56,,65392,35,,,1,16,,65401,35,,,1,17,,65397,35,,,1,58,,65393,35,,,1,16,,65400,35,,,1,18,,65399,35,,,2,60,,65395,35,,,1,19,,65390,35,,,1
8701,'Semaine-10',540,,73328,35,,,1,70,,73321,35,,,1,30,,73326,35,,,1,19,,73324,35,,,1,56,,73322,35,,,1,16,,73331,35,,,1,17,,73327,35,,,1,58,,73323,35,,,1,16,,73330,35,,,1,18,,73329,35,,,2,60,,73325,35,,,1,19,,73320,35,,,1
8701,'Semaine-11',540,,75859,35,,,1,70,,75852,35,,,1,30,,75857,35,,,1,19,,75855,35,,,1,56,,75853,35,,,1,16,,75862,35,,,1,17,,75858,35,,,1,58,,75854,35,,,1,16,,75861,35,,,1,18,,75860,35,,,2,60,,75856,35,,,1,19,,75851,35,,,1
20001,'Semaine-0',643,,65535,14,,,1,6,,65536,16,,,1,6,,65537,14,,,1,46,,65538,16,,,1,3,,65539,14,,,1,5,,65561,16,,,1,9,,65540,14,,,1,2,,65541,16,,,1,8,,65558,14,,,1,5,,65542,16,,,1,8,,65557,14,,,1,5,,65544,16,,,1,5,,65553,14,,,1,3,,65543,14,,,1,3,,65534,16,,,1,43,,65560,14,,,1,3,,65549,14,,,1,3,,65545,16,,,1,3,,65547,14,,,1,3,,65559,14,,,1,5,,65546,16,,,1,7,,65550,14,,,1,3,,65548,16,,,1,2,,65552,14,,,1,7,,65551,16,,,1,8,,65562,14,,,1,6,,65554,16,,,1,5,,65555,14,,,1,45,,65556,16,,,1,6,,65563,14,,,1
20001,'Semaine-10',643,,73465,14,,,1,6,,73466,16,,,1,6,,73467,14,,,1,46,,73468,16,,,1,3,,73469,14,,,1,5,,73491,16,,,1,9,,73470,14,,,1,2,,73471,16,,,1,8,,73488,14,,,1,5,,73472,16,,,1,8,,73487,14,,,1,5,,73474,16,,,1,5,,73483,14,,,1,3,,73473,14,,,1,3,,73464,16,,,1,43,,73490,14,,,1,3,,73479,14,,,1,3,,73475,16,,,1,3,,73477,14,,,1,3,,73489,14,,,1,5,,73476,16,,,1,7,,73480,14,,,1,3,,73478,16,,,1,2,,73482,14,,,1,7,,73481,16,,,1,8,,73492,14,,,1,6,,73484,16,,,1,5,,73485,14,,,1,45,,73486,16,,,1,6,,73493,14,,,1
20001,'Semaine-11',643,,75996,14,,,1,6,,75997,16,,,1,6,,75998,14,,,1,46,,75999,16,,,1,3,,76000,14,,,1,5,,76022,16,,,1,9,,76001,14,,,1,2,,76002,16,,,1,8,,76019,14,,,1,5,,76003,16,,,1,8,,76018,14,,,1,5,,76005,16,,,1,5,,76014,14,,,1,3,,76004,14,,,1,3,,75995,16,,,1,43,,76021,14,,,1,3,,76010,14,,,1,3,,76006,16,,,1,3,,76008,14,,,1,3,,76020,14,,,1,5,,76007,16,,,1,7,,76011,14,,,1,3,,76009,16,,,1,2,,76013,14,,,1,7,,76012,16,,,1,8,,76023,14,,,1,6,,76015,16,,,1,5,,76016,14,,,1,45,,76017,16,,,1,6,,76024,14,,,1
37101,'Samedi-0',751,,67752,43,,,1,100,,67751,43,,,1,102,,67755,43,,,1,100,,67754,43,,,1,100,,67756,43,,,1,101,,67753,43,,,1,101,,67757,43,,,1,98,,67758,43,,,1,100,,67759,43,,,1,100,,67760,43,,,1,99,,67761,43,,,1,105,,67762,43,,,1,94,,67763,43,,,1,99,,67764,43,,,1,100,,67765,43,,,1,99,,67766,43,,,1,100,,67767,43,,,1
37101,'Samedi-10',751,,77333,43,,,1,100,,77332,43,,,1,102,,77336,43,,,1,100,,77335,43,,,1,100,,77337,43,,,1,101,,77334,43,,,1,101,,77338,43,,,1,98,,77339,43,,,1,100,,77340,43,,,1,100,,77341,43,,,1,99,,77342,43,,,1,105,,77343,43,,,1,94,,77344,43,,,1,99,,77345,43,,,1,100,,77346,43,,,1,99,,77347,43,,,1,100,,77348,43,,,1
37101,'Samedi-11',751,,71188,43,,,1,100,,71187,43,,,1,102,,71191,43,,,1,100,,71190,43,,,1,100,,71192,43,,,1,101,,71189,43,,,1,101,,71193,43,,,1,98,,71194,43,,,1,100,,71195,43,,,1,100,,71196,43,,,1,99,,71197,43,,,1,105,,71198,43,,,1,94,,71199,43,,,1,99,,71200,43,,,1,100,,71201,43,,,1,99,,71202,43,,,1,100,,71203,43,,,1
37101,'Dimanche-0',751,,69042,43,,,1,100,,69031,43,,,1,102,,69032,43,,,1,100,,69029,43,,,1,100,,69034,43,,,1,101,,69030,43,,,1,101,,69033,43,,,1,98,,69036,43,,,1,100,,69035,43,,,1,100,,69037,43,,,1,99,,69041,43,,,1,105,,69040,43,,,1,94,,69038,43,,,1,99,,69039,43,,,1,100,,69043,43,,,1,99,,69044,43,,,1,100,,69045,43,,,1
37101,'Dimanche-10',751,,70121,43,,,1,100,,70110,43,,,1,102,,70111,43,,,1,100,,70108,43,,,1,100,,70113,43,,,1,101,,70109,43,,,1,101,,70112,43,,,1,98,,70115,43,,,1,100,,70114,43,,,1,100,,70116,43,,,1,99,,70120,43,,,1,105,,70119,43,,,1,94,,70117,43,,,1,99,,70118,43,,,1,100,,70122,43,,,1,99,,70123,43,,,1,100,,70124,43,,,1
37101,'Dimanche-11',751,,67781,43,,,1,100,,67770,43,,,1,102,,67771,43,,,1,100,,67768,43,,,1,100,,67773,43,,,1,101,,67769,43,,,1,101,,67772,43,,,1,98,,67775,43,,,1,100,,67774,43,,,1,100,,67776,43,,,1,99,,67780,43,,,1,105,,67779,43,,,1,94,,67777,43,,,1,99,,67778,43,,,1,100,,67782,43,,,1,99,,67783,43,,,1,100,,67784,43,,,1
37101,'Semaine-0',600,,65621,43,,,1,33,,65624,42,,,1,73,,65617,42,,,1,30,,65619,42,,,1,75,,65629,42,,,1,30,,65628,42,,,1,66,,65623,42,,,1,32,,65607,42,,,1,98,,65614,43,,,1,100,,65612,43,,,1,100,,65613,43,,,1,100,,65627,43,,,1,100,,65610,43,,,1,108,,65611,43,,,1,71,,65608,43,,,1,30,,65615,43,,,1,67,,65625,43,,,1,27,,65626,43,,,1,70,,65605,43,,,1,40,,65609,43,,,1,91,,65620,43,,,1,100,,65622,43,,,1,100,,65606,43,,,1,97,,65616,43,,,1,183,,65618,43,,,1
37101,'Semaine-10',600,,73551,43,,,1,33,,73554,42,,,1,73,,73547,42,,,1,30,,73549,42,,,1,75,,73559,42,,,1,30,,73558,42,,,1,66,,73553,42,,,1,32,,73537,42,,,1,98,,73544,43,,,1,100,,73542,43,,,1,100,,73543,43,,,1,100,,73557,43,,,1,100,,73540,43,,,1,108,,73541,43,,,1,71,,73538,43,,,1,30,,73545,43,,,1,67,,73555,43,,,1,27,,73556,43,,,1,70,,73535,43,,,1,40,,73539,43,,,1,91,,73550,43,,,1,100,,73552,43,,,1,100,,73536,43,,,1,97,,73546,43,,,1,183,,73548,43,,,1
37101,'Semaine-11',600,,76082,43,,,1,33,,76085,42,,,1,73,,76078,42,,,1,30,,76080,42,,,1,75,,76090,42,,,1,30,,76089,42,,,1,66,,76084,42,,,1,32,,76068,42,,,1,98,,76075,43,,,1,100,,76073,43,,,1,100,,76074,43,,,1,100,,76088,43,,,1,100,,76071,43,,,1,108,,76072,43,,,1,71,,76069,43,,,1,30,,76076,43,,,1,67,,76086,43,,,1,27,,76087,43,,,1,70,,76066,43,,,1,40,,76070,43,,,1,91,,76081,43,,,1,100,,76083,43,,,1,100,,76067,43,,,1,97,,76077,43,,,1,183,,76079,43,,,1
40001,'Samedi-0',655,,67931,21,,,1,55,,67934,21,,,1,15,,67936,21,,,1,15,,67932,21,,,1,15,,67933,21,,,1,55,,67935,21,,,1,15,,67941,21,,,1,15,,67948,21,,,1,15,,67939,21,,,1,55,,67959,21,,,1,15,,67937,21,,,1,16,,67938,21,,,1,16,,67947,21,,,1,55,,67940,21,,,1,15,,67942,21,,,1,15,,67950,21,,,1,15,,67951,21,,,1,55,,67952,21,,,1,15,,67958,21,,,1,15,,67957,21,,,1,15,,67961,21,,,1,55,,67944,21,,,1,17,,67943,21,,,1,15,,67946,21,,,1,15,,67949,21,,,1,55,,67945,21,,,1,15,,67954,21,,,1,15,,67956,21,,,1,15,,67962,21,,,1,55,,67953,21,,,1,15,,67955,21,,,1,15,,67960,21,,,1,15,,67963,21,,,1,55,,67964,21,,,1,15,,67965,21,,,1,15,,67966,21,,,1,15,,67967,21,,,1,55,,67968,21,,,1,15,,67969,21,,,1,15,,67970,21,,,1,56,,67971,21,,,1,14,,67972,21,,,1,15,,67973,21,,,1,15,,67974,21,,,1,15,,67975,21,,,1,55,,67976,21,,,1,15,,67977,21,,,1,14,,67980,21,,,1,13,,67978,21,,,1,55,,67979,21,,,1,16,,67982,21,,,1,15,,67981,21,,,1,15,,67986,21,,,1,55,,67984,21,,,1,14,,67985,21,,,1,15,,67983,21,,,1,15,,67987,21,,,1,55,,67989,21,,,1,15,,67990,21,,,1,15,,67991,21,,,1,15,,67988,21,,,1,55,,67994,21,,,1,15,,67993,21,,,1,15,,67992,21,,,1,15,,67995,21,,,1,55,,67996,21,,,1,15,,67997,21,,,1,15,,67998,21,,,1,15,,68000,21,,,1,55,,67999,21,,,1,15,,68002,21,,,1,15,,68001,21,,,1,15,,68003,21,,,1
40001,'Samedi-10',655,,77422,21,,,1,55,,77425,21,,,1,15,,77427,21,,,1,15,,77423,21,,,1,15,,77424,21,,,1,55,,77426,21,,,1,15,,77432,21,,,1,15,,77439,21,,,1,15,,77430,21,,,1,55,,77450,21,,,1,15,,77428,21,,,1,16,,77429,21,,,1,16,,77438,21,,,1,55,,77431,21,,,1,15,,77433,21,,,1,15,,77441,21,,,1,15,,77442,21,,,1,55,,77443,21,,,1,15,,77449,21,,,1,15,,77448,21,,,1,15,,77452,21,,,1,55,,77435,21,,,1,17,,77434,21,,,1,15,,77437,21,,,1,15,,77440,21,,,1,55,,77436,21,,,1,15,,77445,21,,,1,15,,77447,21,,,1,15,,77453,21,,,1,55,,77444,21,,,1,15,,77446,21,,,1,15,,77451,21,,,1,15,,77454,21,,,1,55,,77455,21,,,1,15,,77456,21,,,1,15,,77457,21,,,1,15,,77458,21,,,1,55,,77459,21,,,1,15,,77460,21,,,1,15,,77461,21,,,1,56,,77462,21,,,1,14,,77463,21,,,1,15,,77464,21,,,1,15,,77465,21,,,1,15,,77466,21,,,1,55,,77467,21,,,1,15,,77468,21,,,1,14,,77471,21,,,1,13,,77469,21,,,1,55,,77470,21,,,1,16,,77473,21,,,1,15,,77472,21,,,1,15,,77477,21,,,1,55,,77475,21,,,1,14,,77476,21,,,1,15,,77474,21,,,1,15,,77478,21,,,1,55,,77480,21,,,1,15,,77481,21,,,1,15,,77482,21,,,1,15,,77479,21,,,1,55,,77485,21,,,1,15,,77484,21,,,1,15,,77483,21,,,1,15,,77486,21,,,1,55,,77487,21,,,1,15,,77488,21,,,1,15,,77489,21,,,1,15,,77491,21,,,1,55,,77490,21,,,1,15,,77493,21,,,1,15,,77492,21,,,1,15,,77494,21,,,1
40001,'Samedi-11',655,,71277,21,,,1,55,,71280,21,,,1,15,,71282,21,,,1,15,,71278,21,,,1,15,,71279,21,,,1,55,,71281,21,,,1,15,,71287,21,,,1,15,,71294,21,,,1,15,,71285,21,,,1,55,,71305,21,,,1,15,,71283,21,,,1,16,,71284,21,,,1,16,,71293,21,,,1,55,,71286,21,,,1,15,,71288,21,,,1,15,,71296,21,,,1,15,,71297,21,,,1,55,,71298,21,,,1,15,,71304,21,,,1,15,,71303,21,,,1,15,,71307,21,,,1,55,,71290,21,,,1,17,,71289,21,,,1,15,,71292,21,,,1,15,,71295,21,,,1,55,,71291,21,,,1,15,,71300,21,,,1,15,,71302,21,,,1,15,,71308,21,,,1,55,,71299,21,,,1,15,,71301,21,,,1,15,,71306,21,,,1,15,,71309,21,,,1,55,,71310,21,,,1,15,,71311,21,,,1,15,,71312,21,,,1,15,,71313,21,,,1,55,,71314,21,,,1,15,,71315,21,,,1,15,,71316,21,,,1,56,,71317,21,,,1,14,,71318,21,,,1,15,,71319,21,,,1,15,,71320,21,,,1,15,,71321,21,,,1,55,,71322,21,,,1,15,,71323,21,,,1,14,,71326,21,,,1,13,,71324,21,,,1,55,,71325,21,,,1,16,,71328,21,,,1,15,,71327,21,,,1,15,,71332,21,,,1,55,,71330,21,,,1,14,,71331,21,,,1,15,,71329,21,,,1,15,,71333,21,,,1,55,,71335,21,,,1,15,,71336,21,,,1,15,,71337,21,,,1,15,,71334,21,,,1,55,,71340,21,,,1,15,,71339,21,,,1,15,,71338,21,,,1,15,,71341,21,,,1,55,,71342,21,,,1,15,,71343,21,,,1,15,,71344,21,,,1,15,,71346,21,,,1,55,,71345,21,,,1,15,,71348,21,,,1,15,,71347,21,,,1,15,,71349,21,,,1
40001,'Dimanche-0',655,,69119,21,,,1,55,,69126,21,,,1,15,,69127,21,,,1,15,,69121,21,,,1,15,,69120,21,,,1,55,,69125,21,,,1,15,,69136,21,,,1,15,,69139,21,,,1,15,,69122,21,,,1,55,,69131,21,,,1,15,,69128,21,,,1,16,,69145,21,,,1,16,,69148,21,,,1,55,,69129,21,,,1,15,,69137,21,,,1,15,,69152,21,,,1,15,,69141,21,,,1,55,,69157,21,,,1,15,,69130,21,,,1,15,,69146,21,,,1,15,,69147,21,,,1,55,,69142,21,,,1,17,,69158,21,,,1,15,,69151,21,,,1,15,,69132,21,,,1,55,,69140,21,,,1,15,,69134,21,,,1,15,,69144,21,,,1,15,,69153,21,,,1,55,,69138,21,,,1,15,,69133,21,,,1,15,,69150,21,,,1,15,,69123,21,,,1,55,,69155,21,,,1,15,,69124,21,,,1,15,,69143,21,,,1,15,,69154,21,,,1,55,,69135,21,,,1,15,,69163,21,,,1,15,,69149,21,,,1,56,,69166,21,,,1,14,,69156,21,,,1,15,,69170,21,,,1,15,,69164,21,,,1,15,,69172,21,,,1,55,,69168,21,,,1,15,,69174,21,,,1,14,,69159,21,,,1,13,,69165,21,,,1,55,,69160,21,,,1,16,,69169,21,,,1,15,,69162,21,,,1,15,,69171,21,,,1,55,,69167,21,,,1,14,,69173,21,,,1,15,,69161,21,,,1,15,,69175,21,,,1,55,,69177,21,,,1,15,,69176,21,,,1,15,,69179,21,,,1,15,,69178,21,,,1,55,,69180,21,,,1,15,,69181,21,,,1,15,,69182,21,,,1,15,,69183,21,,,1,55,,69184,21,,,1,15,,69185,21,,,1,15,,69186,21,,,1,15,,69187,21,,,1,55,,69188,21,,,1,15,,69189,21,,,1,15,,69190,21,,,1,15,,69191,21,,,1
40001,'Dimanche-10',655,,70198,21,,,1,55,,70205,21,,,1,15,,70206,21,,,1,15,,70200,21,,,1,15,,70199,21,,,1,55,,70204,21,,,1,15,,70215,21,,,1,15,,70218,21,,,1,15,,70201,21,,,1,55,,70210,21,,,1,15,,70207,21,,,1,16,,70224,21,,,1,16,,70227,21,,,1,55,,70208,21,,,1,15,,70216,21,,,1,15,,70231,21,,,1,15,,70220,21,,,1,55,,70236,21,,,1,15,,70209,21,,,1,15,,70225,21,,,1,15,,70226,21,,,1,55,,70221,21,,,1,17,,70237,21,,,1,15,,70230,21,,,1,15,,70211,21,,,1,55,,70219,21,,,1,15,,70213,21,,,1,15,,70223,21,,,1,15,,70232,21,,,1,55,,70217,21,,,1,15,,70212,21,,,1,15,,70229,21,,,1,15,,70202,21,,,1,55,,70234,21,,,1,15,,70203,21,,,1,15,,70222,21,,,1,15,,70233,21,,,1,55,,70214,21,,,1,15,,70242,21,,,1,15,,70228,21,,,1,56,,70245,21,,,1,14,,70235,21,,,1,15,,70249,21,,,1,15,,70243,21,,,1,15,,70251,21,,,1,55,,70247,21,,,1,15,,70253,21,,,1,14,,70238,21,,,1,13,,70244,21,,,1,55,,70239,21,,,1,16,,70248,21,,,1,15,,70241,21,,,1,15,,70250,21,,,1,55,,70246,21,,,1,14,,70252,21,,,1,15,,70240,21,,,1,15,,70254,21,,,1,55,,70256,21,,,1,15,,70255,21,,,1,15,,70258,21,,,1,15,,70257,21,,,1,55,,70259,21,,,1,15,,70260,21,,,1,15,,70261,21,,,1,15,,70262,21,,,1,55,,70263,21,,,1,15,,70264,21,,,1,15,,70265,21,,,1,15,,70266,21,,,1,55,,70267,21,,,1,15,,70268,21,,,1,15,,70269,21,,,1,15,,70270,21,,,1
40001,'Dimanche-11',655,,68004,21,,,1,55,,68011,21,,,1,15,,68012,21,,,1,15,,68006,21,,,1,15,,68005,21,,,1,55,,68010,21,,,1,15,,68021,21,,,1,15,,68024,21,,,1,15,,68007,21,,,1,55,,68016,21,,,1,15,,68013,21,,,1,16,,68030,21,,,1,16,,68033,21,,,1,55,,68014,21,,,1,15,,68022,21,,,1,15,,68037,21,,,1,15,,68026,21,,,1,55,,68042,21,,,1,15,,68015,21,,,1,15,,68031,21,,,1,15,,68032,21,,,1,55,,68027,21,,,1,17,,68043,21,,,1,15,,68036,21,,,1,15,,68017,21,,,1,55,,68025,21,,,1,15,,68019,21,,,1,15,,68029,21,,,1,15,,68038,21,,,1,55,,68023,21,,,1,15,,68018,21,,,1,15,,68035,21,,,1,15,,68008,21,,,1,55,,68040,21,,,1,15,,68009,21,,,1,15,,68028,21,,,1,15,,68039,21,,,1,55,,68020,21,,,1,15,,68048,21,,,1,15,,68034,21,,,1,56,,68051,21,,,1,14,,68041,21,,,1,15,,68055,21,,,1,15,,68049,21,,,1,15,,68057,21,,,1,55,,68053,21,,,1,15,,68059,21,,,1,14,,68044,21,,,1,13,,68050,21,,,1,55,,68045,21,,,1,16,,68054,21,,,1,15,,68047,21,,,1,15,,68056,21,,,1,55,,68052,21,,,1,14,,68058,21,,,1,15,,68046,21,,,1,15,,68060,21,,,1,55,,68062,21,,,1,15,,68061,21,,,1,15,,68064,21,,,1,15,,68063,21,,,1,55,,68065,21,,,1,15,,68066,21,,,1,15,,68067,21,,,1,15,,68068,21,,,1,55,,68069,21,,,1,15,,68070,21,,,1,15,,68071,21,,,1,15,,68072,21,,,1,55,,68073,21,,,1,15,,68074,21,,,1,15,,68075,21,,,1,15,,68076,21,,,1
40001,'Semaine-0',527,,65793,21,,,1,10,,65794,21,,,1,10,,65795,21,,,1,10,,65796,21,,,1,50,,65797,21,,,1,12,,65798,21,,,1,5,,65799,21,,,1,5,,65800,21,,,1,4,,65801,21,,,1,6,,65807,21,,,1,272,,65802,21,,,1,9,,65803,19,,,1,6,,65804,21,,,1,10,,65805,21,,,1,11,,65806,21,,,1,10,,65752,21,,,1,49,,65737,21,,,1,11,,65762,21,,,1,11,,65763,21,,,1,9,,65809,21,,,1,10,,65727,21,,,1,10,,65810,21,,,1,50,,65725,21,,,1,10,,65759,21,,,1,10,,65779,21,,,1,10,,65746,21,,,1,10,,65754,21,,,1,10,,65751,21,,,1,50,,65729,21,,,1,10,,65790,21,,,1,10,,65764,21,,,1,10,,65776,21,,,1,10,,65728,21,,,1,10,,65738,21,,,1,50,,65731,21,,,1,10,,65747,21,,,1,10,,65780,21,,,1,10,,65761,21,,,1,10,,65755,21,,,1,10,,65750,21,,,1,50,,65743,21,,,1,10,,65786,21,,,1,10,,65765,21,,,1,10,,65777,21,,,1,10,,65792,21,,,1,11,,65740,21,,,1,52,,65723,21,,,1,10,,65782,21,,,1,12,,65781,21,,,1,10,,65766,21,,,1,10,,65756,21,,,1,6,,65748,17,,,1,46,,65733,21,,,1,12,,65784,21,,,1,13,,65791,21,,,1,7,,65808,17,,,1,5,,65778,21,,,1,13,,65813,21,,,1,50,,65758,21,,,1,12,,65787,21,,,1,12,,65811,21,,,1,12,,65771,21,,,1,11,,65749,21,,,1,49,,65734,21,,,1,12,,65739,21,,,1,12,,65812,21,,,1,12,,65741,21,,,1,12,,65767,21,,,1,10,,65757,21,,,1,52,,65788,21,,,1,10,,65774,21,,,1,12,,65753,21,,,1,9,,65735,21,,,1,13,,65775,21,,,1,52,,65815,21,,,1,11,,65814,21,,,1,12,,65742,21,,,1,12,,65768,21,,,1,12,,65745,21,,,1,52,,65789,21,,,1,12,,65772,21,,,1,15,,65730,21,,,1,13,,65816,21,,,1,57,,65736,21,,,1,15,,65732,21,,,1,15,,65783,21,,,1,12,,65769,21,,,1,15,,65744,21,,,1,55,,65773,21,,,1,15,,65785,21,,,1,15,,65726,21,,,1,15,,65724,21,,,1,55,,65760,21,,,1,30,,65770,21,,,1
40001,'Semaine-10',527,,73723,21,,,1,10,,73724,21,,,1,10,,73725,21,,,1,10,,73726,21,,,1,50,,73727,21,,,1,12,,73728,21,,,1,5,,73729,21,,,1,5,,73730,21,,,1,4,,73731,21,,,1,6,,73737,21,,,1,272,,73732,21,,,1,9,,73733,19,,,1,6,,73734,21,,,1,10,,73735,21,,,1,11,,73736,21,,,1,10,,73682,21,,,1,49,,73667,21,,,1,11,,73692,21,,,1,11,,73693,21,,,1,9,,73739,21,,,1,10,,73657,21,,,1,10,,73740,21,,,1,50,,73655,21,,,1,10,,73689,21,,,1,10,,73709,21,,,1,10,,73676,21,,,1,10,,73684,21,,,1,10,,73681,21,,,1,50,,73659,21,,,1,10,,73720,21,,,1,10,,73694,21,,,1,10,,73706,21,,,1,10,,73658,21,,,1,10,,73668,21,,,1,50,,73661,21,,,1,10,,73677,21,,,1,10,,73710,21,,,1,10,,73691,21,,,1,10,,73685,21,,,1,10,,73680,21,,,1,50,,73673,21,,,1,10,,73716,21,,,1,10,,73695,21,,,1,10,,73707,21,,,1,10,,73722,21,,,1,11,,73670,21,,,1,52,,73653,21,,,1,10,,73712,21,,,1,12,,73711,21,,,1,10,,73696,21,,,1,10,,73686,21,,,1,6,,73678,17,,,1,46,,73663,21,,,1,12,,73714,21,,,1,13,,73721,21,,,1,7,,73738,17,,,1,5,,73708,21,,,1,13,,73743,21,,,1,50,,73688,21,,,1,12,,73717,21,,,1,12,,73741,21,,,1,12,,73701,21,,,1,11,,73679,21,,,1,49,,73664,21,,,1,12,,73669,21,,,1,12,,73742,21,,,1,12,,73671,21,,,1,12,,73697,21,,,1,10,,73687,21,,,1,52,,73718,21,,,1,10,,73704,21,,,1,12,,73683,21,,,1,9,,73665,21,,,1,13,,73705,21,,,1,52,,73745,21,,,1,11,,73744,21,,,1,12,,73672,21,,,1,12,,73698,21,,,1,12,,73675,21,,,1,52,,73719,21,,,1,12,,73702,21,,,1,15,,73660,21,,,1,13,,73746,21,,,1,57,,73666,21,,,1,15,,73662,21,,,1,15,,73713,21,,,1,12,,73699,21,,,1,15,,73674,21,,,1,55,,73703,21,,,1,15,,73715,21,,,1,15,,73656,21,,,1,15,,73654,21,,,1,55,,73690,21,,,1,30,,73700,21,,,1
40001,'Semaine-11',527,,76254,21,,,1,10,,76255,21,,,1,10,,76256,21,,,1,10,,76257,21,,,1,50,,76258,21,,,1,12,,76259,21,,,1,5,,76260,21,,,1,5,,76261,21,,,1,4,,76262,21,,,1,6,,76268,21,,,1,272,,76263,21,,,1,9,,76264,19,,,1,6,,76265,21,,,1,10,,76266,21,,,1,11,,76267,21,,,1,10,,76213,21,,,1,49,,76198,21,,,1,11,,76223,21,,,1,11,,76224,21,,,1,9,,76270,21,,,1,10,,76188,21,,,1,10,,76271,21,,,1,50,,76186,21,,,1,10,,76220,21,,,1,10,,76240,21,,,1,10,,76207,21,,,1,10,,76215,21,,,1,10,,76212,21,,,1,50,,76190,21,,,1,10,,76251,21,,,1,10,,76225,21,,,1,10,,76237,21,,,1,10,,76189,21,,,1,10,,76199,21,,,1,50,,76192,21,,,1,10,,76208,21,,,1,10,,76241,21,,,1,10,,76222,21,,,1,10,,76216,21,,,1,10,,76211,21,,,1,50,,76204,21,,,1,10,,76247,21,,,1,10,,76226,21,,,1,10,,76238,21,,,1,10,,76253,21,,,1,11,,76201,21,,,1,52,,76184,21,,,1,10,,76243,21,,,1,12,,76242,21,,,1,10,,76227,21,,,1,10,,76217,21,,,1,6,,76209,17,,,1,46,,76194,21,,,1,12,,76245,21,,,1,13,,76252,21,,,1,7,,76269,17,,,1,5,,76239,21,,,1,13,,76274,21,,,1,50,,76219,21,,,1,12,,76248,21,,,1,12,,76272,21,,,1,12,,76232,21,,,1,11,,76210,21,,,1,49,,76195,21,,,1,12,,76200,21,,,1,12,,76273,21,,,1,12,,76202,21,,,1,12,,76228,21,,,1,10,,76218,21,,,1,52,,76249,21,,,1,10,,76235,21,,,1,12,,76214,21,,,1,9,,76196,21,,,1,13,,76236,21,,,1,52,,76276,21,,,1,11,,76275,21,,,1,12,,76203,21,,,1,12,,76229,21,,,1,12,,76206,21,,,1,52,,76250,21,,,1,12,,76233,21,,,1,15,,76191,21,,,1,13,,76277,21,,,1,57,,76197,21,,,1,15,,76193,21,,,1,15,,76244,21,,,1,12,,76230,21,,,1,15,,76205,21,,,1,55,,76234,21,,,1,15,,76246,21,,,1,15,,76187,21,,,1,15,,76185,21,,,1,55,,76221,21,,,1,30,,76231,21,,,1
