6401,'Samedi-0',733,,67032,32,,,1,100,,67029,32,,,1,100,,67031,32,,,1,100,,67034,32,,,1,100,,67030,32,,,1,100,,67035,32,,,1,100,,67033,32,,,1,100,,67036,32,,,1,100,,67037,32,,,1,100,,67038,32,,,1,100,,67039,32,,,1
6401,'Samedi-11',733,,70829,32,,,1,100,,70826,32,,,1,100,,70828,32,,,1,100,,70831,32,,,1,100,,70827,32,,,1,100,,70832,32,,,1,100,,70830,32,,,1,100,,70833,32,,,1,100,,70834,32,,,1,100,,70835,32,,,1,100,,70836,32,,,1
6401,'Dimanche-0',733,,68672,32,,,1,100,,68669,32,,,1,100,,68675,32,,,1,100,,68676,32,,,1,100,,68673,32,,,1,100,,68668,32,,,1,100,,68670,32,,,1,100,,68671,32,,,1,100,,68677,32,,,1,100,,68674,32,,,1,100,,68678,32,,,1
6401,'Dimanche-10',733,,69751,32,,,1,100,,69748,32,,,1,100,,69754,32,,,1,100,,69755,32,,,1,100,,69752,32,,,1,100,,69747,32,,,1,100,,69749,32,,,1,100,,69750,32,,,1,100,,69756,32,,,1,100,,69753,32,,,1,100,,69757,32,,,1
6401,'Dimanche-11',733,,67044,32,,,1,100,,67041,32,,,1,100,,67047,32,,,1,100,,67048,32,,,1,100,,67045,32,,,1,100,,67040,32,,,1,100,,67042,32,,,1,100,,67043,32,,,1,100,,67049,32,,,1,100,,67046,32,,,1,100,,67050,32,,,1
6401,'Semaine-0',533,,64649,32,,,2,108,,64659,32,,,2,100,,64661,32,,,1,100,,64658,32,,,1,96,,64666,32,,,1,100,,64653,32,,,1,100,,64652,32,,,1,100,,64664,32,,,1,100,,64660,32,,,2,100,,64662,32,,,1,100,,64663,32,,,1,102,,64654,32,,,1,98,,64650,32,,,1,100,,64651,32,,,1,97,,64657,32,,,1,100,,64655,32,,,1,100,,64656,32,,,1,100,,64665,32,,,1
6401,'Semaine-10',533,,72579,32,,,2,108,,72589,32,,,2,100,,72591,32,,,1,100,,72588,32,,,1,96,,72596,32,,,1,100,,72583,32,,,1,100,,72582,32,,,1,100,,72594,32,,,1,100,,72590,32,,,2,100,,72592,32,,,1,100,,72593,32,,,1,102,,72584,32,,,1,98,,72580,32,,,1,100,,72581,32,,,1,97,,72587,32,,,1,100,,72585,32,,,1,100,,72586,32,,,1,100,,72595,32,,,1
6601,'Samedi-0',700,,67153,34,,,1,100,,67155,34,,,1,100,,67159,34,,,1,100,,67156,34,,,1,100,,67160,34,,,1,100,,67154,34,,,1,100,,67157,34,,,1,100,,67158,34,,,1,100,,67161,34,,,1,100,,67162,34,,,1,100,,67163,34,,,1,100,,67164,34,,,1,100,,67165,34,,,1,100,,67167,34,,,1,100,,67166,34,,,1,100,,67168,34,,,1,100,,67169,34,,,1,100,,67170,34,,,1
6601,'Samedi-11',700,,70888,34,,,1,100,,70890,34,,,1,100,,70894,34,,,1,100,,70891,34,,,1,100,,70895,34,,,1,100,,70889,34,,,1,100,,70892,34,,,1,100,,70893,34,,,1,100,,70896,34,,,1,100,,70897,34,,,1,100,,70898,34,,,1,100,,70899,34,,,1,100,,70900,34,,,1,100,,70902,34,,,1,100,,70901,34,,,1,100,,70903,34,,,1,100,,70904,34,,,1,100,,70905,34,,,1
6601,'Dimanche-0',700,,68731,34,,,1,100,,68735,34,,,1,100,,68736,34,,,1,100,,68737,34,,,1,100,,68730,34,,,1,100,,68732,34,,,1,100,,68733,34,,,1,100,,68734,34,,,1,100,,68739,34,,,1,100,,68738,34,,,1,100,,68742,34,,,1,100,,68740,34,,,1,100,,68743,34,,,1,100,,68741,34,,,1,100,,68744,34,,,1,100,,68745,34,,,1,100,,68746,34,,,1,100,,68747,34,,,1
6601,'Dimanche-10',700,,69810,34,,,1,100,,69814,34,,,1,100,,69815,34,,,1,100,,69816,34,,,1,100,,69809,34,,,1,100,,69811,34,,,1,100,,69812,34,,,1,100,,69813,34,,,1,100,,69818,34,,,1,100,,69817,34,,,1,100,,69821,34,,,1,100,,69819,34,,,1,100,,69822,34,,,1,100,,69820,34,,,1,100,,69823,34,,,1,100,,69824,34,,,1,100,,69825,34,,,1,100,,69826,34,,,1
6601,'Dimanche-11',700,,67172,34,,,1,100,,67176,34,,,1,100,,67177,34,,,1,100,,67178,34,,,1,100,,67171,34,,,1,100,,67173,34,,,1,100,,67174,34,,,1,100,,67175,34,,,1,100,,67180,34,,,1,100,,67179,34,,,1,100,,67183,34,,,1,100,,67181,34,,,1,100,,67184,34,,,1,100,,67182,34,,,1,100,,67185,34,,,1,100,,67186,34,,,1,100,,67187,34,,,1,100,,67188,34,,,1
6601,'Semaine-0',551,,64775,34,,,2,60,,64768,34,,,1,18,,64777,34,,,1,21,,64783,34,,,2,60,,64778,34,,,2,21,,64769,34,,,1,23,,64781,34,,,2,59,,64774,34,,,1,18,,64790,34,,,1,21,,64767,34,,,1,59,,64780,34,,,1,18,,64791,34,,,1,20,,64799,34,,,1,102,,64779,34,,,1,100,,64771,34,,,1,100,,64795,34,,,1,100,,64796,34,,,1,100,,64782,34,,,2,62,,64770,34,,,1,19,,64787,34,,,2,19,,64784,34,,,1,64,,64797,34,,,1,22,,64766,34,,,1,19,,64792,34,,,1,60,,64785,34,,,1,20,,64798,34,,,1,18,,64788,34,,,2,64,,64793,34,,,2,20,,64786,34,,,1,18,,64794,34,,,1,60,,64800,34,,,2,94,,64773,34,,,2,100,,64772,34,,,1,95,,64776,34,,,1,100,,64789,34,,,1
6601,'Semaine-10',551,,72705,34,,,2,60,,72698,34,,,1,18,,72707,34,,,1,21,,72713,34,,,2,60,,72708,34,,,2,21,,72699,34,,,1,23,,72711,34,,,2,59,,72704,34,,,1,18,,72720,34,,,1,21,,72697,34,,,1,59,,72710,34,,,1,18,,72721,34,,,1,20,,72729,34,,,1,102,,72709,34,,,1,100,,72701,34,,,1,100,,72725,34,,,1,100,,72726,34,,,1,100,,72712,34,,,2,62,,72700,34,,,1,19,,72717,34,,,2,19,,72714,34,,,1,64,,72727,34,,,1,22,,72696,34,,,1,19,,72722,34,,,1,60,,72715,34,,,1,20,,72728,34,,,1,18,,72718,34,,,2,64,,72723,34,,,2,20,,72716,34,,,1,18,,72724,34,,,1,60,,72730,34,,,2,94,,72703,34,,,2,100,,72702,34,,,1,95,,72706,34,,,1,100,,72719,34,,,1
56601,'Semaine-0',646,,65850,9,0,5 6,1
56601,'Semaine-10',646,,73780,9,0,5 6,1
