2601,'Semaine-0',555,,63500,13,,,1,72,,63502,13,,,2,30,,63503,13,,,2,70,,63501,13,,,1,29,,63499,13,,,2
3900,'Samedi-0',652,,66467,24,,,1,101,,66468,24,,,1,100,,66472,24,,,1,102,,66471,24,,,1,100,,66474,24,,,1,100,,66473,24,,,1,102,,66469,24,,,1,70,,66470,24,,,1,30,,66475,24,,,1,71,,66476,24,,,1,30,,66477,24,,,1,70,,66478,24,,,1,31,,66479,24,,,1,70,,66480,24,,,1,30,,66481,24,,,1,70,,66482,24,,,1,29,,66483,24,,,1,69,,66484,24,,,1,29,,66485,24,,,1,68,,66486,24,,,1,100,,66487,24,,,1,100,,66488,24,,,1,100,,66489,24,,,1,100,,66490,24,,,1
3900,'Samedi-11',652,,70545,24,,,1,101,,70546,24,,,1,100,,70550,24,,,1,102,,70549,24,,,1,100,,70552,24,,,1,100,,70551,24,,,1,102,,70547,24,,,1,70,,70548,24,,,1,30,,70553,24,,,1,71,,70554,24,,,1,30,,70555,24,,,1,70,,70556,24,,,1,31,,70557,24,,,1,70,,70558,24,,,1,30,,70559,24,,,1,70,,70560,24,,,1,29,,70561,24,,,1,69,,70562,24,,,1,29,,70563,24,,,1,68,,70564,24,,,1,100,,70565,24,,,1,100,,70566,24,,,1,100,,70567,24,,,1,100,,70568,24,,,1
3900,'Dimanche-0',652,,68387,24,,,1,101,,68394,24,,,1,100,,68397,24,,,1,102,,68390,24,,,1,100,,68392,24,,,1,100,,68393,24,,,1,102,,68396,24,,,1,70,,68389,24,,,1,30,,68391,24,,,1,71,,68398,24,,,1,30,,68388,24,,,1,70,,68399,24,,,1,31,,68395,24,,,1,70,,68402,24,,,1,30,,68405,24,,,1,70,,68407,24,,,1,29,,68401,24,,,1,69,,68404,24,,,1,29,,68406,24,,,1,68,,68400,24,,,1,100,,68403,24,,,1,100,,68408,24,,,1,100,,68409,24,,,1,100,,68410,24,,,1
3900,'Dimanche-10',652,,69466,24,,,1,101,,69473,24,,,1,100,,69476,24,,,1,102,,69469,24,,,1,100,,69471,24,,,1,100,,69472,24,,,1,102,,69475,24,,,1,70,,69468,24,,,1,30,,69470,24,,,1,71,,69477,24,,,1,30,,69467,24,,,1,70,,69478,24,,,1,31,,69474,24,,,1,70,,69481,24,,,1,30,,69484,24,,,1,70,,69486,24,,,1,29,,69480,24,,,1,69,,69483,24,,,1,29,,69485,24,,,1,68,,69479,24,,,1,100,,69482,24,,,1,100,,69487,24,,,1,100,,69488,24,,,1,100,,69489,24,,,1
3900,'Dimanche-11',652,,66491,24,,,1,101,,66498,24,,,1,100,,66501,24,,,1,102,,66494,24,,,1,100,,66496,24,,,1,100,,66497,24,,,1,102,,66500,24,,,1,70,,66493,24,,,1,30,,66495,24,,,1,71,,66502,24,,,1,30,,66492,24,,,1,70,,66503,24,,,1,31,,66499,24,,,1,70,,66506,24,,,1,30,,66509,24,,,1,70,,66511,24,,,1,29,,66505,24,,,1,69,,66508,24,,,1,29,,66510,24,,,1,68,,66504,24,,,1,100,,66507,24,,,1,100,,66512,24,,,1,100,,66513,24,,,1,100,,66514,24,,,1
3900,'Semaine-0',629,,64097,24,,,1,22,,64083,24,,,1,72,,64102,24,,,1,29,,64095,24,,,1,74,,64096,24,,,1,32,,64094,24,,,1,72,,64091,24,,,1,70,,64108,24,,,2,30,,64103,24,,,1,71,,64115,24,,,1,30,,64100,24,,,2,70,,64104,24,,,1,30,,64092,24,,,1,71,,64090,24,,,1,30,,64105,24,,,1,69,,64093,24,,,2,30,,64080,24,,,1,73,,64106,24,,,1,34,,64087,24,,,1,69,,64089,24,,,1,31,,64107,24,,,2,72,,64086,24,,,1,28,,64081,24,,,1,69,,64109,24,,,1,28,,64088,24,,,1,71,,64082,24,,,2,29,,64110,24,,,2,72,,64085,24,,,1,25,,64101,24,,,2,25,,64111,24,,,1,70,,64084,24,,,1,30,,64099,24,,,1,69,,64112,24,,,1,30,,64098,24,,,1,72,,64114,24,,,1,28,,64113,24,,,1
32600,'Semaine-0',1642,,65572,34,0,7 8,1
63900,'Semaine-0',1529,,65857,37,0,9 10,1
82600,'Semaine-0',1545,,65967,24,0,9 12 13,1
