3600,'Semaine-0',917,,63929,26,,,1,100,,63930,26,,,1,102,,63928,26,,,1,100,,63931,26,,,1,100,,63933,26,,,1,99,,63934,26,,,1,99,,63932,26,,,1
3600,'Semaine-10',917,,71859,26,,,1,100,,71860,26,,,1,102,,71858,26,,,1,100,,71861,26,,,1,100,,71863,26,,,1,99,,71864,26,,,1,99,,71862,26,,,1
4801,'Semaine-0',745,,64197,37,,,1
4801,'Semaine-10',745,,72127,37,,,1
32501,'Semaine-0',834,,65570,32,0,7 8,1,3,,65571,32,0,7 8,1
32501,'Semaine-10',834,,73500,32,0,7 8,1,3,,73501,32,0,7 8,1
32601,'Semaine-0',830,,65573,29,0,7 8,1
32601,'Semaine-10',830,,73503,29,0,7 8,1
56900,'Semaine-0',1520,,65851,4,0,5 6,2
56900,'Semaine-10',1520,,73781,4,0,5 6,2
57600,'Semaine-0',1520,,65855,4,0,5 6,1
57600,'Semaine-10',1520,,73785,4,0,5 6,1
