3601,'Semaine-0',834,,63937,1,,,1,91,,63935,1,,,1,100,,63938,1,,,1,100,,63936,1,,,1,99,,63941,1,,,1,100,,63940,1,,,1,101,,63939,1,,,1
3601,'Semaine-10',834,,71867,1,,,1,91,,71865,1,,,1,100,,71868,1,,,1,100,,71866,1,,,1,99,,71871,1,,,1,100,,71870,1,,,1,101,,71869,1,,,1
3601,'Semaine-11',834,,74398,1,,,1,91,,74396,1,,,1,100,,74399,1,,,1,100,,74397,1,,,1,99,,74402,1,,,1,100,,74401,1,,,1,101,,74400,1,,,1
3701,'Samedi-0',641,,66302,1,,,1,100,,66307,1,,,1,100,,66301,1,,,1,100,,66306,1,,,1,100,,66303,1,,,1,100,,66304,1,,,1,100,,66308,1,,,1,99,,66305,1,,,1,100,,66309,1,,,1,100,,66310,1,,,1,100,,66311,1,,,1,102,,66312,1,,,1,100,,66313,1,,,1,100,,66314,1,,,1,100,,66315,1,,,1,101,,66316,1,,,1,101,,66317,1,,,1
3701,'Samedi-11',641,,70463,1,,,1,100,,70468,1,,,1,100,,70462,1,,,1,100,,70467,1,,,1,100,,70464,1,,,1,100,,70465,1,,,1,100,,70469,1,,,1,99,,70466,1,,,1,100,,70470,1,,,1,100,,70471,1,,,1,100,,70472,1,,,1,102,,70473,1,,,1,100,,70474,1,,,1,100,,70475,1,,,1,100,,70476,1,,,1,101,,70477,1,,,1,101,,70478,1,,,1
3701,'Dimanche-0',641,,68305,1,,,1,100,,68306,1,,,1,100,,68308,1,,,1,100,,68309,1,,,1,100,,68317,1,,,1,100,,68304,1,,,1,100,,68310,1,,,1,99,,68307,1,,,1,100,,68312,1,,,1,100,,68313,1,,,1,100,,68315,1,,,1,102,,68314,1,,,1,100,,68311,1,,,1,100,,68316,1,,,1,100,,68318,1,,,1,101,,68319,1,,,1,101,,68320,1,,,1
3701,'Dimanche-10',641,,69384,1,,,1,100,,69385,1,,,1,100,,69387,1,,,1,100,,69388,1,,,1,100,,69396,1,,,1,100,,69383,1,,,1,100,,69389,1,,,1,99,,69386,1,,,1,100,,69391,1,,,1,100,,69392,1,,,1,100,,69394,1,,,1,102,,69393,1,,,1,100,,69390,1,,,1,100,,69395,1,,,1,100,,69397,1,,,1,101,,69398,1,,,1,101,,69399,1,,,1
3701,'Dimanche-11',641,,66319,1,,,1,100,,66320,1,,,1,100,,66322,1,,,1,100,,66323,1,,,1,100,,66331,1,,,1,100,,66318,1,,,1,100,,66324,1,,,1,99,,66321,1,,,1,100,,66326,1,,,1,100,,66327,1,,,1,100,,66329,1,,,1,102,,66328,1,,,1,100,,66325,1,,,1,100,,66330,1,,,1,100,,66332,1,,,1,101,,66333,1,,,1,101,,66334,1,,,1
3701,'Semaine-0',508,,63984,1,,,1,29,,63982,1,,,1,75,,63986,1,,,1,30,,63976,1,,,1,71,,63993,1,,,1,16,,63973,1,,,1,14,,63994,1,,,1,69,,63975,1,,,1,99,,63992,1,,,1,100,,63980,1,,,1,100,,63974,1,,,1,100,,63972,1,,,1,100,,63977,1,,,1,100,,63988,1,,,1,98,,63971,1,,,1,30,,63987,1,,,1,71,,63990,1,,,1,29,,63985,1,,,1,72,,63991,1,,,1,30,,63995,1,,,1,85,,63979,1,,,1,101,,63989,1,,,1,100,,63981,1,,,1,101,,63978,1,,,1,97,,63983,1,,,1
3701,'Semaine-10',508,,71914,1,,,1,29,,71912,1,,,1,75,,71916,1,,,1,30,,71906,1,,,1,71,,71923,1,,,1,16,,71903,1,,,1,14,,71924,1,,,1,69,,71905,1,,,1,99,,71922,1,,,1,100,,71910,1,,,1,100,,71904,1,,,1,100,,71902,1,,,1,100,,71907,1,,,1,100,,71918,1,,,1,98,,71901,1,,,1,30,,71917,1,,,1,71,,71920,1,,,1,29,,71915,1,,,1,72,,71921,1,,,1,30,,71925,1,,,1,85,,71909,1,,,1,101,,71919,1,,,1,100,,71911,1,,,1,101,,71908,1,,,1,97,,71913,1,,,1
3701,'Semaine-11',508,,74445,1,,,1,29,,74443,1,,,1,75,,74447,1,,,1,30,,74437,1,,,1,71,,74454,1,,,1,16,,74434,1,,,1,14,,74455,1,,,1,69,,74436,1,,,1,99,,74453,1,,,1,100,,74441,1,,,1,100,,74435,1,,,1,100,,74433,1,,,1,100,,74438,1,,,1,100,,74449,1,,,1,98,,74432,1,,,1,30,,74448,1,,,1,71,,74451,1,,,1,29,,74446,1,,,1,72,,74452,1,,,1,30,,74456,1,,,1,85,,74440,1,,,1,101,,74450,1,,,1,100,,74442,1,,,1,101,,74439,1,,,1,97,,74444,1,,,1
37101,'Samedi-0',710,,67752,1,,,1,100,,67751,1,,,1,98,,67755,1,,,1,100,,67754,1,,,1,101,,67756,1,,,1,99,,67753,1,,,1,99,,67757,1,,,1,98,,67758,1,,,1,103,,67759,1,,,1,100,,67760,1,,,1,100,,67761,1,,,1,105,,67762,1,,,1,95,,67763,1,,,1,101,,67764,1,,,1,100,,67765,1,,,1,102,,67766,1,,,1,100,,67767,1,,,1
37101,'Samedi-11',710,,71188,1,,,1,100,,71187,1,,,1,98,,71191,1,,,1,100,,71190,1,,,1,101,,71192,1,,,1,99,,71189,1,,,1,99,,71193,1,,,1,98,,71194,1,,,1,103,,71195,1,,,1,100,,71196,1,,,1,100,,71197,1,,,1,105,,71198,1,,,1,95,,71199,1,,,1,101,,71200,1,,,1,100,,71201,1,,,1,102,,71202,1,,,1,100,,71203,1,,,1
37101,'Dimanche-0',710,,69042,1,,,1,100,,69031,1,,,1,98,,69032,1,,,1,100,,69029,1,,,1,101,,69034,1,,,1,99,,69030,1,,,1,99,,69033,1,,,1,98,,69036,1,,,1,103,,69035,1,,,1,100,,69037,1,,,1,100,,69041,1,,,1,105,,69040,1,,,1,95,,69038,1,,,1,101,,69039,1,,,1,100,,69043,1,,,1,102,,69044,1,,,1,100,,69045,1,,,1
37101,'Dimanche-10',710,,70121,1,,,1,100,,70110,1,,,1,98,,70111,1,,,1,100,,70108,1,,,1,101,,70113,1,,,1,99,,70109,1,,,1,99,,70112,1,,,1,98,,70115,1,,,1,103,,70114,1,,,1,100,,70116,1,,,1,100,,70120,1,,,1,105,,70119,1,,,1,95,,70117,1,,,1,101,,70118,1,,,1,100,,70122,1,,,1,102,,70123,1,,,1,100,,70124,1,,,1
37101,'Dimanche-11',710,,67781,1,,,1,100,,67770,1,,,1,98,,67771,1,,,1,100,,67768,1,,,1,101,,67773,1,,,1,99,,67769,1,,,1,99,,67772,1,,,1,98,,67775,1,,,1,103,,67774,1,,,1,100,,67776,1,,,1,100,,67780,1,,,1,105,,67779,1,,,1,95,,67777,1,,,1,101,,67778,1,,,1,100,,67782,1,,,1,102,,67783,1,,,1,100,,67784,1,,,1
37101,'Semaine-0',518,,65621,1,,,1,31,,65624,1,,,1,70,,65617,1,,,1,28,,65619,1,,,1,71,,65629,1,,,1,30,,65628,1,,,1,70,,65623,1,,,1,32,,65607,1,,,1,99,,65614,1,,,1,100,,65612,1,,,1,98,,65613,1,,,1,100,,65627,1,,,1,100,,65610,1,,,1,102,,65611,1,,,1,68,,65608,1,,,1,30,,65615,1,,,1,71,,65625,1,,,1,30,,65626,1,,,1,70,,65605,1,,,1,40,,65609,1,,,1,97,,65620,1,,,1,101,,65622,1,,,1,100,,65606,1,,,1,100,,65616,1,,,1,185,,65618,1,,,1
37101,'Semaine-10',518,,73551,1,,,1,31,,73554,1,,,1,70,,73547,1,,,1,28,,73549,1,,,1,71,,73559,1,,,1,30,,73558,1,,,1,70,,73553,1,,,1,32,,73537,1,,,1,99,,73544,1,,,1,100,,73542,1,,,1,98,,73543,1,,,1,100,,73557,1,,,1,100,,73540,1,,,1,102,,73541,1,,,1,68,,73538,1,,,1,30,,73545,1,,,1,71,,73555,1,,,1,30,,73556,1,,,1,70,,73535,1,,,1,40,,73539,1,,,1,97,,73550,1,,,1,101,,73552,1,,,1,100,,73536,1,,,1,100,,73546,1,,,1,185,,73548,1,,,1
37101,'Semaine-11',518,,76082,1,,,1,31,,76085,1,,,1,70,,76078,1,,,1,28,,76080,1,,,1,71,,76090,1,,,1,30,,76089,1,,,1,70,,76084,1,,,1,32,,76068,1,,,1,99,,76075,1,,,1,100,,76073,1,,,1,98,,76074,1,,,1,100,,76088,1,,,1,100,,76071,1,,,1,102,,76072,1,,,1,68,,76069,1,,,1,30,,76076,1,,,1,71,,76086,1,,,1,30,,76087,1,,,1,70,,76066,1,,,1,40,,76070,1,,,1,97,,76081,1,,,1,101,,76083,1,,,1,100,,76067,1,,,1,100,,76077,1,,,1,185,,76079,1,,,1
