1501,'Semaine-0',658,,63457,5,,,1
1501,'Semaine-10',658,,71387,5,,,1
6900,'Samedi-0',856,,67300,22,,,1,100,,67299,22,,,1,100,,67301,22,,,1,100,,67303,22,,,1,100,,67302,22,,,1,100,,67304,22,,,1,100,,67305,22,,,1,100,,67306,22,,,1,100,,67307,22,,,1,100,,67308,22,,,1,100,,67309,22,,,1,100,,67310,22,,,1,100,,67311,22,,,1,100,,67312,22,,,1,100,,67313,22,,,1
6900,'Samedi-11',856,,70962,22,,,1,100,,70961,22,,,1,100,,70963,22,,,1,100,,70965,22,,,1,100,,70964,22,,,1,100,,70966,22,,,1,100,,70967,22,,,1,100,,70968,22,,,1,100,,70969,22,,,1,100,,70970,22,,,1,100,,70971,22,,,1,100,,70972,22,,,1,100,,70973,22,,,1,100,,70974,22,,,1,100,,70975,22,,,1
6900,'Dimanche-0',856,,68807,22,,,1,100,,68808,22,,,1,100,,68809,22,,,1,100,,68803,22,,,1,100,,68805,22,,,1,100,,68806,22,,,1,100,,68804,22,,,1,100,,68812,22,,,1,100,,68813,22,,,1,100,,68810,22,,,1,100,,68811,22,,,1,100,,68814,22,,,1,100,,68815,22,,,1,100,,68816,22,,,1,100,,68817,22,,,1
6900,'Dimanche-10',856,,69886,22,,,1,100,,69887,22,,,1,100,,69888,22,,,1,100,,69882,22,,,1,100,,69884,22,,,1,100,,69885,22,,,1,100,,69883,22,,,1,100,,69891,22,,,1,100,,69892,22,,,1,100,,69889,22,,,1,100,,69890,22,,,1,100,,69893,22,,,1,100,,69894,22,,,1,100,,69895,22,,,1,100,,69896,22,,,1
6900,'Dimanche-11',856,,67318,22,,,1,100,,67319,22,,,1,100,,67320,22,,,1,100,,67314,22,,,1,100,,67316,22,,,1,100,,67317,22,,,1,100,,67315,22,,,1,100,,67323,22,,,1,100,,67324,22,,,1,100,,67321,22,,,1,100,,67322,22,,,1,100,,67325,22,,,1,100,,67326,22,,,1,100,,67327,22,,,1,100,,67328,22,,,1
6900,'Semaine-0',842,,64938,22,,,1,103,,64939,22,,,1,99,,64940,22,,,2,101,,64941,22,,,2,95,,64942,22,,,2,104,,64943,22,,,1,101,,64944,22,,,1,70,,64945,22,,,1,30,,64946,22,,,2,73,,64947,22,,,1,29,,64948,22,,,2,68,,64949,22,,,1,33,,64950,22,,,1,67,,64951,22,,,1,28,,64952,22,,,1,82,,64953,22,,,1,100,,64954,22,,,2,100,,64955,22,,,2,100,,64956,22,,,2,100,,64957,22,,,2
6900,'Semaine-10',842,,72868,22,,,1,103,,72869,22,,,1,99,,72870,22,,,2,101,,72871,22,,,2,95,,72872,22,,,2,104,,72873,22,,,1,101,,72874,22,,,1,70,,72875,22,,,1,30,,72876,22,,,2,73,,72877,22,,,1,29,,72878,22,,,2,68,,72879,22,,,1,33,,72880,22,,,1,67,,72881,22,,,1,28,,72882,22,,,1,82,,72883,22,,,1,100,,72884,22,,,2,100,,72885,22,,,2,100,,72886,22,,,2,100,,72887,22,,,2
56601,'Semaine-0',659,,65850,27,0,5 6,1
56601,'Semaine-10',659,,73780,27,0,5 6,1
