6200,'Semaine-0',608,,64550,34,,,1,30,,64562,34,,,1,70,,64551,34,,,1,29,,64560,34,,,1,71,,64555,34,,,2,30,,64563,34,,,1,70,,64549,34,,,1,100,,64557,34,,,1,100,,64558,34,,,1,100,,64548,34,,,1,100,,64556,34,,,1,100,,64541,34,,,2,102,,64561,34,,,1,30,,64546,34,,,1,70,,64559,34,,,2,30,,64552,34,,,1,70,,64547,34,,,1,30,,64545,34,,,1,67,,64553,34,,,2,100,,64542,34,,,1,100,,64543,34,,,1,100,,64544,34,,,1,100,,64554,34,,,2
6200,'Semaine-10',608,,72480,34,,,1,30,,72492,34,,,1,70,,72481,34,,,1,29,,72490,34,,,1,71,,72485,34,,,2,30,,72493,34,,,1,70,,72479,34,,,1,100,,72487,34,,,1,100,,72488,34,,,1,100,,72478,34,,,1,100,,72486,34,,,1,100,,72471,34,,,2,102,,72491,34,,,1,30,,72476,34,,,1,70,,72489,34,,,2,30,,72482,34,,,1,70,,72477,34,,,1,30,,72475,34,,,1,67,,72483,34,,,2,100,,72472,34,,,1,100,,72473,34,,,1,100,,72474,34,,,1,100,,72484,34,,,2
7101,'Samedi-0',748,,67393,24,,,1,100,,67392,24,,,1,100,,67397,24,,,1,100,,67395,24,,,1,100,,67396,24,,,1,100,,67391,24,,,1,100,,67394,24,,,1,100,,67398,24,,,1,100,,67399,24,,,1,100,,67400,24,,,1,100,,67401,24,,,1,100,,67402,24,,,1,100,,67403,24,,,1,100,,67404,24,,,1,100,,67405,24,,,1,100,,67406,24,,,1
7101,'Samedi-11',748,,71009,24,,,1,100,,71008,24,,,1,100,,71013,24,,,1,100,,71011,24,,,1,100,,71012,24,,,1,100,,71007,24,,,1,100,,71010,24,,,1,100,,71014,24,,,1,100,,71015,24,,,1,100,,71016,24,,,1,100,,71017,24,,,1,100,,71018,24,,,1,100,,71019,24,,,1,100,,71020,24,,,1,100,,71021,24,,,1,100,,71022,24,,,1
7101,'Dimanche-0',748,,68852,24,,,1,100,,68851,24,,,1,100,,68850,24,,,1,100,,68849,24,,,1,100,,68853,24,,,1,100,,68854,24,,,1,100,,68858,24,,,1,100,,68855,24,,,1,100,,68856,24,,,1,100,,68857,24,,,1,100,,68861,24,,,1,100,,68860,24,,,1,100,,68859,24,,,1,100,,68862,24,,,1,100,,68863,24,,,1,100,,68864,24,,,1
7101,'Dimanche-10',748,,69931,24,,,1,100,,69930,24,,,1,100,,69929,24,,,1,100,,69928,24,,,1,100,,69932,24,,,1,100,,69933,24,,,1,100,,69937,24,,,1,100,,69934,24,,,1,100,,69935,24,,,1,100,,69936,24,,,1,100,,69940,24,,,1,100,,69939,24,,,1,100,,69938,24,,,1,100,,69941,24,,,1,100,,69942,24,,,1,100,,69943,24,,,1
7101,'Dimanche-11',748,,67410,24,,,1,100,,67409,24,,,1,100,,67408,24,,,1,100,,67407,24,,,1,100,,67411,24,,,1,100,,67412,24,,,1,100,,67416,24,,,1,100,,67413,24,,,1,100,,67414,24,,,1,100,,67415,24,,,1,100,,67419,24,,,1,100,,67418,24,,,1,100,,67417,24,,,1,100,,67420,24,,,1,100,,67421,24,,,1,100,,67422,24,,,1
7101,'Semaine-0',552,,65033,24,,,1,62,,65028,24,,,2,18,,65024,24,,,1,20,,65025,24,,,1,60,,65026,24,,,2,14,,65027,24,,,1,20,,65023,24,,,2,57,,65032,24,,,1,17,,65031,24,,,2,30,,65030,24,,,1,69,,65035,24,,,2,30,,65037,24,,,1,70,,65034,24,,,1,30,,65036,24,,,1,70,,65029,24,,,1,30,,65045,24,,,1,70,,65039,24,,,1,30,,65040,24,,,2,70,,65044,24,,,1,30,,65043,24,,,2,71,,65046,24,,,1,30,,65041,24,,,1,70,,65047,24,,,1,14,,65038,24,,,1,16,,65042,24,,,1,55,,65048,24,,,1,16,,65049,24,,,1,16,,65050,24,,,1,13,,65051,24,,,2,55,,65054,24,,,1,15,,65057,24,,,1,15,,65052,24,,,1,20,,65053,24,,,2,69,,65055,24,,,2,29,,65056,24,,,1,100,,65060,24,,,1,100,,65058,24,,,1,100,,65061,24,,,2,100,,65059,24,,,2,100,,65062,24,,,2
7101,'Semaine-10',552,,72963,24,,,1,62,,72958,24,,,2,18,,72954,24,,,1,20,,72955,24,,,1,60,,72956,24,,,2,14,,72957,24,,,1,20,,72953,24,,,2,57,,72962,24,,,1,17,,72961,24,,,2,30,,72960,24,,,1,69,,72965,24,,,2,30,,72967,24,,,1,70,,72964,24,,,1,30,,72966,24,,,1,70,,72959,24,,,1,30,,72975,24,,,1,70,,72969,24,,,1,30,,72970,24,,,2,70,,72974,24,,,1,30,,72973,24,,,2,71,,72976,24,,,1,30,,72971,24,,,1,70,,72977,24,,,1,14,,72968,24,,,1,16,,72972,24,,,1,55,,72978,24,,,1,16,,72979,24,,,1,16,,72980,24,,,1,13,,72981,24,,,2,55,,72984,24,,,1,15,,72987,24,,,1,15,,72982,24,,,1,20,,72983,24,,,2,69,,72985,24,,,2,29,,72986,24,,,1,100,,72990,24,,,1,100,,72988,24,,,1,100,,72991,24,,,2,100,,72989,24,,,2,100,,72992,24,,,2
7301,'Semaine-0',518,,65133,9,,,2,30,,65131,9,,,1,70,,65132,9,,,1,26,,65126,9,,,1,72,,65121,9,,,1,34,,65122,9,,,2,68,,65124,9,,,1,29,,65117,9,,,1,68,,65127,9,,,1,100,,65109,9,,,1,100,,65128,9,,,2,100,,65125,9,,,2,100,,65120,9,,,2,100,,65129,9,,,2,102,,65119,9,,,1,29,,65116,9,,,1,72,,65134,9,,,1,32,,65123,9,,,2,64,,65108,9,,,1,31,,65110,9,,,1,70,,65118,9,,,2,29,,65130,9,,,2,68,,65111,9,,,2,101,,65112,9,,,1,104,,65113,9,,,1,100,,65114,9,,,1,100,,65115,9,,,2
7301,'Semaine-10',518,,73063,9,,,2,30,,73061,9,,,1,70,,73062,9,,,1,26,,73056,9,,,1,72,,73051,9,,,1,34,,73052,9,,,2,68,,73054,9,,,1,29,,73047,9,,,1,68,,73057,9,,,1,100,,73039,9,,,1,100,,73058,9,,,2,100,,73055,9,,,2,100,,73050,9,,,2,100,,73059,9,,,2,102,,73049,9,,,1,29,,73046,9,,,1,72,,73064,9,,,1,32,,73053,9,,,2,64,,73038,9,,,1,31,,73040,9,,,1,70,,73048,9,,,2,29,,73060,9,,,2,68,,73041,9,,,2,101,,73042,9,,,1,104,,73043,9,,,1,100,,73044,9,,,1,100,,73045,9,,,2
