4001,'Semaine-0',623,,64160,37,,,1,30,,64159,37,,,1,72,,64162,37,,,1,33,,64158,37,,,2,67,,64157,37,,,1,27,,64161,37,,,1
4101,'Semaine-0',645,,64170,28,,,1,73,,64171,28,,,1,35,,64172,28,,,1,65,,64169,28,,,2,29,,64168,28,,,1
4501,'Semaine-0',612,,64184,31,,,1,30,,64183,31,,,1,72,,64187,31,,,2,30,,64186,31,,,1,73,,64185,31,,,1,28,,64188,31,,,1
4701,'Semaine-0',624,,64194,24,,,2,86,,64193,24,,,1,49,,64192,24,,,1,67,,64195,24,,,1
5501,'Semaine-0',526,,64382,35,,,1,14,,64389,35,,,1,14,,64388,35,,,1,58,,64372,35,,,1,15,,64410,35,,,1,22,,64409,35,,,1,8,,64369,35,,,1,53,,64414,35,,,1,15,,64395,35,,,1,13,,64403,35,,,1,16,,64373,35,,,1,49,,64377,35,,,1,12,,64375,35,,,1,9,,64404,35,,,1,6,,64406,35,,,1,14,,64383,35,,,1,68,,64387,35,,,1,12,,64374,35,,,1,11,,64408,35,,,1,69,,64401,35,,,1,23,,64413,2,,,1,8,,64405,35,,,1,69,,64371,35,,,1,29,,64378,35,,,1,70,,64391,35,,,1,30,,64402,35,,,1,70,,64398,35,,,1,30,,64379,35,,,1,70,,64411,35,,,1,31,,64370,35,,,1,70,,64376,35,,,1,50,,64380,35,,,1,100,,64385,35,,,1,100,,64390,35,,,1,100,,64407,35,,,1,60,,64396,35,,,1,30,,64384,35,,,1,70,,64400,35,,,1,30,,64393,35,,,1,70,,64412,35,,,1,30,,64386,35,,,1,69,,64392,35,,,1,31,,64394,35,,,1,70,,64381,35,,,1,29,,64399,35,,,1,70,,64397,35,,,1
5600,'Semaine-0',640,,64421,22,,,1,64,,64419,22,,,1,6,,64423,22,,,1,31,,64422,22,,,1,71,,64416,22,,,1,100,,64415,22,,,1,109,,64417,22,,,1,98,,64420,22,,,2,100,,64418,22,,,1
5801,'Semaine-0',604,,64441,23,,,1,32,,64445,23,,,1,71,,64443,23,,,1,30,,64442,23,,,1,70,,64439,23,,,1,30,,64444,23,,,1,800,,64440,23,,,1
5901,'Semaine-0',521,,64498,24,,,1,15,,64534,24,,,1,15,,64507,24,,,1,55,,64528,24,,,1,15,,64508,24,,,1,14,,64497,24,,,1,13,,64499,24,,,1,55,,64502,24,,,1,10,,64537,2,,,1,8,,64505,24,,,1,7,,64538,2,,,1,8,,64506,24,,,1,7,,64539,2,,,1,11,,64501,24,,,1,47,,64495,2,,,1,5,,64530,24,,,1,19,,64516,24,,,1,13,,64521,24,,,1,13,,64511,24,,,1,55,,64496,24,,,1,16,,64514,24,,,1,27,,64540,24,,,1,70,,64535,24,,,1,30,,64522,24,,,1,70,,64504,24,,,1,30,,64515,24,,,1,70,,64518,24,,,1,30,,64503,24,,,1,70,,64532,24,,,1,30,,64494,24,,,1,70,,64536,24,,,1,30,,64526,24,,,1,75,,64529,24,,,1,100,,64533,24,,,1,100,,64513,24,,,1,100,,64520,24,,,1,35,,64525,24,,,1,70,,64512,24,,,1,30,,64519,24,,,1,70,,64524,24,,,1,30,,64531,24,,,1,70,,64509,24,,,1,30,,64527,24,,,1,69,,64517,24,,,1,30,,64500,24,,,1,70,,64510,24,,,1,30,,64523,24,,,1
55400,'Semaine-0',703,,65846,12,0,5 6,2
65501,'Semaine-0',1520,,65873,23,0,9 10,1
74001,'Semaine-0',827,,65882,38,0,5 11,2,2,,65883,38,0,5 11,1
80000,'Semaine-0',603,,65923,28,,,1,31,,65909,28,,,1,71,,65899,28,,,1,15,,65898,28,,,1,15,,65919,28,,,1,71,,65910,28,,,1,18,,65896,28,,,1,30,,65915,28,,,1,70,,65900,28,,,1,30,,65917,28,,,1,70,,65912,28,,,1,29,,65926,28,,,1,70,,65893,28,,,1,30,,65914,28,,,1,70,,65904,28,,,1,31,,65920,28,,,1,69,,65913,28,,,1,30,,65924,28,,,1,71,,65903,28,,,1,29,,65918,28,,,1,73,,65916,28,,,1,30,,65905,28,,,1,72,,65921,28,,,1,28,,65894,28,,,1,70,,65911,28,,,1,30,,65908,28,,,1,69,,65922,28,,,1,29,,65907,28,,,1,71,,65901,28,,,1,28,,65895,28,,,1,71,,65925,28,,,1,28,,65906,28,,,1,68,,65902,28,,,1,30,,65892,28,,,1,69,,65897,28,,,1,30,,65891,28,,,1
