4000,'Semaine-0',1530,,64155,21,,,1,70,,64151,21,,,2,35,,64154,21,,,1,67,,64153,21,,,1,28,,64152,21,,,1,29,,64156,21,,,1
4100,'Semaine-0',1541,,64164,21,,,1,71,,64166,21,,,1,35,,64165,21,,,2,64,,64163,21,,,1,29,,64167,21,,,1
4500,'Semaine-0',1515,,64182,21,,,1,35,,64177,21,,,1,70,,64178,21,,,1,32,,64180,21,,,1,67,,64181,21,,,1,27,,64179,21,,,2
4700,'Semaine-0',1537,,64189,21,,,1,103,,64190,21,,,1,96,,64191,21,,,2
5500,'Samedi-0',708,,66706,22,,,1,30,,66703,22,,,1,70,,66704,22,,,1,30,,66707,22,,,1,70,,66705,22,,,1,30,,66712,22,,,1,72,,66709,22,,,1,29,,66710,22,,,1,70,,66715,22,,,1,30,,66714,22,,,1,70,,66708,22,,,1,30,,66711,22,,,1,70,,66713,22,,,1,30,,66716,22,,,1,70,,66717,22,,,1,30,,66718,22,,,1,70,,66719,22,,,1,30,,66720,22,,,1,70,,66721,22,,,1,31,,66722,22,,,1,70,,66723,22,,,1,30,,66724,22,,,1,70,,66725,22,,,1,30,,66726,22,,,1,68,,66728,22,,,1,30,,66727,22,,,1,70,,66729,22,,,1,30,,66731,22,,,1,70,,66730,22,,,1,30,,66732,22,,,1,70,,66733,22,,,1,30,,66736,22,,,1,70,,66738,22,,,1,30,,66735,22,,,1,70,,66734,22,,,1,28,,66737,22,,,1
5500,'Dimanche-11',708,,66743,22,,,1,30,,66748,22,,,1,70,,66740,22,,,1,30,,66745,22,,,1,70,,66742,22,,,1,30,,66739,22,,,1,72,,66750,22,,,1,29,,66744,22,,,1,70,,66741,22,,,1,30,,66753,22,,,1,70,,66749,22,,,1,30,,66754,22,,,1,70,,66747,22,,,1,30,,66746,22,,,1,70,,66752,22,,,1,30,,66757,22,,,1,70,,66751,22,,,1,30,,66756,22,,,1,70,,66759,22,,,1,31,,66763,22,,,1,70,,66758,22,,,1,30,,66764,22,,,1,70,,66755,22,,,1,30,,66761,22,,,1,68,,66762,22,,,1,30,,66765,22,,,1,70,,66760,22,,,1,30,,66766,22,,,1,70,,66768,22,,,1,30,,66767,22,,,1,70,,66769,22,,,1,30,,66771,22,,,1,70,,66772,22,,,1,30,,66770,22,,,1,70,,66773,22,,,1,28,,66774,22,,,1
5500,'Semaine-0',641,,64323,22,,,1,102,,64339,22,,,1,69,,64322,22,,,1,98,,64358,22,,,1,28,,64359,22,,,1,69,,64328,22,,,1,30,,64338,22,,,1,69,,64342,22,,,1,32,,64364,22,,,1,70,,64324,22,,,1,30,,64363,22,,,1,69,,64341,22,,,1,30,,64356,22,,,1,70,,64350,22,,,1,24,,64357,22,,,1,16,,64343,22,,,1,54,,64321,22,,,1,17,,64362,22,,,1,17,,64332,22,,,1,15,,64365,22,,,1,53,,64353,22,,,1,10,,64325,22,,,1,13,,64336,22,,,1,18,,64368,22,,,1,9,,64361,22,,,1,51,,64327,22,,,1,11,,64344,22,,,1,10,,64337,22,,,1,11,,64366,22,,,1,12,,64351,22,,,1,8,,64331,22,,,1,52,,64326,22,,,1,10,,64367,22,,,1,11,,64335,22,,,1,12,,64330,22,,,1,10,,64340,22,,,1,70,,64355,22,,,1,29,,64360,22,,,1,70,,64347,22,,,1,30,,64333,22,,,1,70,,64354,22,,,1,28,,64345,22,,,1,70,,64348,22,,,1,30,,64334,22,,,1,70,,64349,22,,,1,30,,64346,22,,,1,69,,64329,22,,,1,30,,64352,22,,,1
5601,'Semaine-0',1232,,64428,24,,,1,102,,64425,24,,,1,100,,64424,24,,,1,101,,64427,24,,,2,104,,64426,24,,,1,99,,64429,24,,,1,95,,64430,24,,,1
5800,'Semaine-0',823,,64435,9,,,1,399,,64436,9,,,1,300,,64438,9,,,1,31,,64433,9,,,1,71,,64434,9,,,1,29,,64437,9,,,1,69,,64432,9,,,2,30,,64431,9,,,1
5900,'Samedi-0',723,,66845,22,,,1,30,,66848,22,,,1,70,,66841,22,,,1,30,,66847,22,,,1,70,,66844,22,,,1,30,,66849,22,,,1,70,,66853,22,,,1,30,,66854,22,,,1,70,,66843,22,,,1,30,,66842,22,,,1,71,,66852,22,,,1,30,,66846,22,,,1,70,,66850,22,,,1,31,,66855,22,,,1,70,,66851,22,,,1,30,,66856,22,,,1,70,,66857,22,,,1,29,,66858,22,,,1,70,,66859,22,,,1,32,,66860,22,,,1,69,,66861,22,,,1,30,,66862,22,,,1,69,,66863,22,,,1,30,,66864,22,,,1,70,,66865,22,,,1,29,,66867,22,,,1,70,,66866,22,,,1,30,,66869,22,,,1,70,,66868,22,,,1,29,,66870,22,,,1,71,,66871,22,,,1,30,,66873,22,,,1,70,,66872,22,,,1,31,,66874,22,,,1
5900,'Dimanche-11',723,,66880,22,,,1,30,,66879,22,,,1,70,,66875,22,,,1,30,,66884,22,,,1,70,,66890,22,,,1,30,,66881,22,,,1,70,,66888,22,,,1,30,,66883,22,,,1,70,,66889,22,,,1,30,,66876,22,,,1,71,,66887,22,,,1,30,,66877,22,,,1,70,,66885,22,,,1,31,,66891,22,,,1,70,,66878,22,,,1,30,,66882,22,,,1,70,,66886,22,,,1,29,,66895,22,,,1,70,,66896,22,,,1,32,,66893,22,,,1,69,,66898,22,,,1,30,,66894,22,,,1,69,,66900,22,,,1,30,,66892,22,,,1,70,,66897,22,,,1,29,,66901,22,,,1,70,,66899,22,,,1,30,,66902,22,,,1,70,,66903,22,,,1,29,,66904,22,,,1,71,,66905,22,,,1,30,,66907,22,,,1,70,,66906,22,,,1,31,,66908,22,,,1
5900,'Semaine-0',609,,64453,22,,,1,98,,64488,22,,,1,47,,64493,22,,,1,88,,64469,22,,,1,83,,64465,22,,,1,28,,64486,22,,,1,70,,64462,22,,,1,30,,64485,22,,,1,70,,64476,22,,,1,30,,64470,22,,,1,71,,64478,22,,,1,30,,64461,22,,,1,70,,64489,22,,,1,30,,64452,22,,,1,71,,64483,22,,,1,14,,64454,22,,,1,18,,64487,22,,,1,71,,64447,22,,,1,14,,64491,22,,,1,15,,64446,22,,,1,48,,64481,22,,,1,17,,64477,22,,,1,7,,64490,17,,,1,6,,64464,22,,,1,13,,64448,22,,,1,6,,64492,17,,,1,46,,64449,22,,,1,12,,64457,22,,,1,9,,64484,22,,,1,12,,64473,22,,,1,11,,64460,22,,,1,9,,64482,22,,,1,52,,64468,22,,,1,12,,64480,22,,,1,9,,64450,22,,,1,10,,64455,22,,,1,71,,64475,22,,,1,29,,64466,22,,,1,70,,64471,22,,,1,29,,64459,22,,,1,70,,64467,22,,,1,30,,64472,22,,,1,70,,64479,22,,,1,30,,64456,22,,,1,70,,64474,22,,,1,29,,64463,22,,,1,70,,64451,22,,,1,29,,64458,22,,,1
55401,'Semaine-0',1539,,65848,22,0,5 6,1
65500,'Semaine-0',723,,65872,15,0,9 10,1
74000,'Semaine-0',1633,,65881,16,0,5 11,1
80001,'Samedi-0',631,,68111,24,,,1,101,,68113,24,,,1,101,,68114,24,,,1,100,,68117,24,,,1,101,,68112,24,,,1,100,,68115,24,,,1,101,,68118,24,,,1,100,,68116,24,,,1,100,,68119,24,,,1,100,,68120,24,,,1,100,,68121,24,,,2,102,,68122,24,,,1,97,,68125,24,,,1,99,,68123,24,,,1,100,,68124,24,,,1,100,,68126,24,,,1,99,,68127,24,,,1
80001,'Dimanche-11',631,,68128,24,,,1,101,,68130,24,,,1,101,,68132,24,,,1,100,,68129,24,,,1,101,,68131,24,,,1,100,,68133,24,,,1,101,,68134,24,,,1,100,,68135,24,,,1,100,,68138,24,,,1,100,,68136,24,,,1,100,,68137,24,,,2,102,,68140,24,,,1,97,,68141,24,,,1,99,,68139,24,,,1,100,,68142,24,,,1,100,,68143,24,,,1,99,,68144,24,,,1
80001,'Semaine-0',624,,65948,24,,,1,28,,65941,24,,,1,72,,65949,24,,,1,30,,65933,24,,,1,74,,65931,24,,,1,28,,65938,24,,,1,66,,65944,24,,,1,30,,65956,24,,,1,70,,65947,24,,,2,30,,65939,24,,,1,70,,65953,24,,,1,30,,65927,24,,,1,71,,65961,24,,,1,29,,65959,24,,,1,74,,65929,24,,,1,30,,65952,24,,,1,70,,65943,24,,,1,30,,65950,24,,,1,73,,65960,24,,,1,29,,65945,24,,,1,57,,65955,24,,,1,22,,65957,24,,,1,64,,65954,24,,,1,27,,65946,24,,,1,30,,65936,24,,,1,68,,65934,24,,,1,27,,65928,24,,,1,69,,65958,24,,,1,32,,65940,24,,,1,67,,65937,24,,,1,30,,65942,24,,,1,69,,65930,24,,,1,30,,65951,24,,,1,74,,65932,24,,,1,31,,65935,24,,,1
