1801,'Semaine-0',635,,63462,16,,,1,86,,63464,16,,,2,85,,63463,16,,,1
2600,'Semaine-0',1554,,63496,13,,,1,72,,63495,13,,,1,28,,63494,13,,,2,70,,63497,13,,,1,27,,63498,13,,,2
2900,'Semaine-0',1545,,63522,13,,,2,74,,63521,13,,,1,32,,63519,13,,,2,65,,63523,13,,,1,31,,63520,13,,,1
3200,'Semaine-0',628,,63658,14,,,1,31,,63657,14,,,1,72,,63653,14,,,1,72,,63655,14,,,1,29,,63654,14,,,2,70,,63656,14,,,1,28,,63629,14,,,2,70,,63624,14,,,1,30,,63625,14,,,2,70,,63636,14,,,1,30,,63630,14,,,1,71,,63616,14,,,1,30,,63617,14,,,1,69,,63628,14,,,1,30,,63631,14,,,1,70,,63637,14,,,1,31,,63618,14,,,1,70,,63663,14,,,1,15,,63615,14,,,2,16,,63645,14,,,1,10,,63635,14,,,1,11,,63641,14,,,2,50,,63642,14,,,1,10,,63660,14,,,1,10,,63661,14,,,1,10,,63662,14,,,2,13,,63659,14,,,2,7,,63632,14,,,1,50,,63643,14,,,1,10,,63651,14,,,2,10,,63644,14,,,2,8,,63621,14,,,1,10,,63652,14,,,1,10,,63638,14,,,2,7,,63640,14,,,1,50,,63639,14,,,1,19,,63633,14,,,2,25,,63627,14,,,1,70,,63622,14,,,1,30,,63619,14,,,2,69,,63634,14,,,2,30,,63626,14,,,1,73,,63623,14,,,1,27,,63620,14,,,2,70,,63646,14,,,1,30,,63647,14,,,1,68,,63648,14,,,1,30,,63649,14,,,1,70,,63650,14,,,1
3400,'Samedi-0',735,,66133,14,,,1,100,,66138,14,,,1,70,,66134,14,,,1,31,,66140,14,,,1,70,,66141,14,,,1,30,,66135,14,,,1,70,,66136,14,,,1,30,,66137,14,,,1,70,,66139,14,,,1,30,,66142,14,,,1,70,,66144,14,,,1,30,,66143,14,,,1,70,,66145,14,,,1,30,,66146,14,,,1,70,,66147,14,,,1,30,,66148,14,,,1,70,,66149,14,,,1,30,,66150,14,,,1,70,,66151,14,,,1,30,,66152,14,,,1,70,,66153,14,,,1,30,,66154,14,,,1,70,,66155,14,,,1,29,,66156,14,,,1,71,,66157,14,,,1,30,,66158,14,,,1,70,,66159,14,,,1,30,,66160,14,,,1,70,,66161,14,,,1,30,,66163,14,,,1,70,,66162,14,,,1,29,,66165,14,,,1,70,,66164,14,,,1,27,,66166,14,,,1
3400,'Dimanche-11',735,,66171,14,,,1,100,,66191,14,,,1,70,,66173,14,,,1,31,,66177,14,,,1,70,,66170,14,,,1,30,,66178,14,,,1,70,,66169,14,,,1,30,,66168,14,,,1,70,,66181,14,,,1,30,,66172,14,,,1,70,,66175,14,,,1,30,,66174,14,,,1,70,,66167,14,,,1,30,,66183,14,,,1,70,,66179,14,,,1,30,,66180,14,,,1,70,,66176,14,,,1,30,,66187,14,,,1,70,,66186,14,,,1,30,,66184,14,,,1,70,,66182,14,,,1,30,,66185,14,,,1,70,,66190,14,,,1,29,,66188,14,,,1,71,,66189,14,,,1,30,,66192,14,,,1,70,,66193,14,,,1,30,,66194,14,,,1,70,,66195,14,,,1,30,,66196,14,,,1,70,,66197,14,,,1,29,,66199,14,,,1,70,,66198,14,,,1,27,,66200,14,,,1
3400,'Semaine-0',612,,63829,14,,,1,29,,63814,14,,,1,71,,63808,14,,,1,35,,63812,14,,,1,71,,63803,14,,,2,29,,63823,14,,,1,70,,63809,14,,,1,28,,63799,14,,,1,70,,63804,14,,,1,30,,63805,14,,,1,70,,63810,14,,,1,30,,63800,14,,,1,70,,63830,14,,,1,30,,63806,14,,,1,70,,63811,14,,,1,30,,63801,14,,,1,71,,63827,14,,,1,31,,63802,14,,,1,65,,63828,14,,,1,306,,63826,14,,,1,20,,63815,14,,,1,68,,63807,14,,,1,30,,63819,14,,,1,70,,63825,14,,,1,31,,63816,14,,,1,69,,63818,14,,,1,30,,63820,14,,,1,70,,63813,14,,,1,30,,63822,14,,,1,69,,63817,14,,,1,29,,63821,14,,,1,70,,63824,14,,,1
4000,'Semaine-0',1524,,64155,13,,,1,30,,64151,13,,,2,74,,64154,13,,,1,27,,64153,13,,,1,69,,64152,13,,,1,29,,64156,13,,,1
4100,'Semaine-0',1535,,64164,13,,,1,71,,64166,13,,,1,34,,64165,13,,,2,65,,64163,13,,,1,29,,64167,13,,,1
4500,'Semaine-0',1509,,64182,13,,,1,35,,64177,13,,,1,70,,64178,13,,,1,32,,64180,13,,,1,67,,64181,13,,,1,27,,64179,13,,,2
4700,'Semaine-0',1531,,64189,13,,,1,102,,64190,13,,,1,96,,64191,13,,,2
5500,'Samedi-0',703,,66706,14,,,1,30,,66703,14,,,1,70,,66704,14,,,1,30,,66707,14,,,1,70,,66705,14,,,1,30,,66712,14,,,1,71,,66709,14,,,1,29,,66710,14,,,1,70,,66715,14,,,1,31,,66714,14,,,1,70,,66708,14,,,1,30,,66711,14,,,1,70,,66713,14,,,1,30,,66716,14,,,1,70,,66717,14,,,1,30,,66718,14,,,1,70,,66719,14,,,1,29,,66720,14,,,1,70,,66721,14,,,1,32,,66722,14,,,1,70,,66723,14,,,1,30,,66724,14,,,1,70,,66725,14,,,1,30,,66726,14,,,1,68,,66728,14,,,1,30,,66727,14,,,1,70,,66729,14,,,1,30,,66731,14,,,1,70,,66730,14,,,1,30,,66732,14,,,1,70,,66733,14,,,1,30,,66736,14,,,1,70,,66738,14,,,1,30,,66735,14,,,1,70,,66734,14,,,1,28,,66737,14,,,1
5500,'Dimanche-11',703,,66743,14,,,1,30,,66748,14,,,1,70,,66740,14,,,1,30,,66745,14,,,1,70,,66742,14,,,1,30,,66739,14,,,1,71,,66750,14,,,1,29,,66744,14,,,1,70,,66741,14,,,1,31,,66753,14,,,1,70,,66749,14,,,1,30,,66754,14,,,1,70,,66747,14,,,1,30,,66746,14,,,1,70,,66752,14,,,1,30,,66757,14,,,1,70,,66751,14,,,1,29,,66756,14,,,1,70,,66759,14,,,1,32,,66763,14,,,1,70,,66758,14,,,1,30,,66764,14,,,1,70,,66755,14,,,1,30,,66761,14,,,1,68,,66762,14,,,1,30,,66765,14,,,1,70,,66760,14,,,1,30,,66766,14,,,1,70,,66768,14,,,1,30,,66767,14,,,1,70,,66769,14,,,1,30,,66771,14,,,1,70,,66772,14,,,1,30,,66770,14,,,1,70,,66773,14,,,1,28,,66774,14,,,1
5500,'Semaine-0',635,,64323,14,,,1,102,,64339,14,,,1,69,,64322,14,,,1,98,,64358,14,,,1,28,,64359,14,,,1,69,,64328,14,,,1,30,,64338,14,,,1,70,,64342,14,,,1,31,,64364,14,,,1,71,,64324,14,,,1,30,,64363,14,,,1,69,,64341,14,,,1,30,,64356,14,,,1,70,,64350,14,,,1,23,,64357,14,,,1,16,,64343,14,,,1,14,,64321,14,,,1,57,,64362,14,,,1,17,,64332,14,,,1,15,,64365,14,,,1,13,,64353,14,,,1,50,,64325,14,,,1,13,,64336,14,,,1,18,,64368,14,,,1,9,,64361,14,,,1,11,,64327,14,,,1,51,,64344,14,,,1,10,,64337,14,,,1,11,,64366,14,,,1,12,,64351,14,,,1,8,,64331,14,,,1,52,,64326,14,,,1,10,,64367,14,,,1,11,,64335,14,,,1,12,,64330,14,,,1,10,,64340,14,,,1,70,,64355,14,,,1,29,,64360,14,,,1,70,,64347,14,,,1,30,,64333,14,,,1,70,,64354,14,,,1,29,,64345,14,,,1,70,,64348,14,,,1,30,,64334,14,,,1,70,,64349,14,,,1,30,,64346,14,,,1,69,,64329,14,,,1,30,,64352,14,,,1
5900,'Samedi-0',718,,66845,14,,,1,30,,66848,14,,,1,70,,66841,14,,,1,30,,66847,14,,,1,70,,66844,14,,,1,30,,66849,14,,,1,70,,66853,14,,,1,30,,66854,14,,,1,70,,66843,14,,,1,30,,66842,14,,,1,71,,66852,14,,,1,30,,66846,14,,,1,70,,66850,14,,,1,30,,66855,14,,,1,70,,66851,14,,,1,30,,66856,14,,,1,70,,66857,14,,,1,29,,66858,14,,,1,70,,66859,14,,,1,32,,66860,14,,,1,69,,66861,14,,,1,30,,66862,14,,,1,69,,66863,14,,,1,30,,66864,14,,,1,70,,66865,14,,,1,30,,66867,14,,,1,70,,66866,14,,,1,30,,66869,14,,,1,70,,66868,14,,,1,29,,66870,14,,,1,71,,66871,14,,,1,30,,66873,14,,,1,70,,66872,14,,,1,30,,66874,14,,,1
5900,'Dimanche-11',718,,66880,14,,,1,30,,66879,14,,,1,70,,66875,14,,,1,30,,66884,14,,,1,70,,66890,14,,,1,30,,66881,14,,,1,70,,66888,14,,,1,30,,66883,14,,,1,70,,66889,14,,,1,30,,66876,14,,,1,71,,66887,14,,,1,30,,66877,14,,,1,70,,66885,14,,,1,30,,66891,14,,,1,70,,66878,14,,,1,30,,66882,14,,,1,70,,66886,14,,,1,29,,66895,14,,,1,70,,66896,14,,,1,32,,66893,14,,,1,69,,66898,14,,,1,30,,66894,14,,,1,69,,66900,14,,,1,30,,66892,14,,,1,70,,66897,14,,,1,30,,66901,14,,,1,70,,66899,14,,,1,30,,66902,14,,,1,70,,66903,14,,,1,29,,66904,14,,,1,71,,66905,14,,,1,30,,66907,14,,,1,70,,66906,14,,,1,30,,66908,14,,,1
5900,'Semaine-0',604,,64453,14,,,1,97,,64488,14,,,1,47,,64493,14,,,1,88,,64469,14,,,1,84,,64465,14,,,1,28,,64486,14,,,1,70,,64462,14,,,1,30,,64485,14,,,1,70,,64476,14,,,1,30,,64470,14,,,1,71,,64478,14,,,1,30,,64461,14,,,1,70,,64489,14,,,1,30,,64452,14,,,1,70,,64483,14,,,1,14,,64454,14,,,1,18,,64487,14,,,1,71,,64447,14,,,1,14,,64491,14,,,1,15,,64446,14,,,1,8,,64481,14,,,1,56,,64477,14,,,1,7,,64490,9,,,1,6,,64464,14,,,1,13,,64448,14,,,1,6,,64492,9,,,1,6,,64449,14,,,1,52,,64457,14,,,1,10,,64484,14,,,1,12,,64473,14,,,1,11,,64460,14,,,1,9,,64482,14,,,1,12,,64468,14,,,1,52,,64480,14,,,1,9,,64450,14,,,1,10,,64455,14,,,1,71,,64475,14,,,1,30,,64466,14,,,1,70,,64471,14,,,1,29,,64459,14,,,1,70,,64467,14,,,1,30,,64472,14,,,1,70,,64479,14,,,1,30,,64456,14,,,1,70,,64474,14,,,1,29,,64463,14,,,1,30,,64451,14,,,1,69,,64458,14,,,1
32900,'Semaine-0',809,,65574,6,0,7 8,1
65500,'Semaine-0',717,,65872,7,0,9 10,1
72900,'Semaine-0',1628,,65877,11,0,5 11,2
74000,'Semaine-0',1625,,65881,8,0,5 11,1
80001,'Samedi-0',626,,68111,16,,,1,101,,68113,16,,,1,101,,68114,16,,,1,100,,68117,16,,,1,100,,68112,16,,,1,100,,68115,16,,,1,102,,68118,16,,,1,100,,68116,16,,,1,100,,68119,16,,,1,100,,68120,16,,,1,100,,68121,16,,,2,102,,68122,16,,,1,97,,68125,16,,,1,99,,68123,16,,,1,100,,68124,16,,,1,100,,68126,16,,,1,99,,68127,16,,,1
80001,'Dimanche-11',626,,68128,16,,,1,101,,68130,16,,,1,101,,68132,16,,,1,100,,68129,16,,,1,100,,68131,16,,,1,100,,68133,16,,,1,102,,68134,16,,,1,100,,68135,16,,,1,100,,68138,16,,,1,100,,68136,16,,,1,100,,68137,16,,,2,102,,68140,16,,,1,97,,68141,16,,,1,99,,68139,16,,,1,100,,68142,16,,,1,100,,68143,16,,,1,99,,68144,16,,,1
80001,'Semaine-0',618,,65948,16,,,1,28,,65941,16,,,1,72,,65949,16,,,1,29,,65933,16,,,1,75,,65931,16,,,1,29,,65938,16,,,1,66,,65944,16,,,1,30,,65956,16,,,1,70,,65947,16,,,2,30,,65939,16,,,1,70,,65953,16,,,1,30,,65927,16,,,1,70,,65961,16,,,1,29,,65959,16,,,1,74,,65929,16,,,1,30,,65952,16,,,1,70,,65943,16,,,1,30,,65950,16,,,1,73,,65960,16,,,1,29,,65945,16,,,1,57,,65955,16,,,1,22,,65957,16,,,1,24,,65954,16,,,1,67,,65946,16,,,1,30,,65936,16,,,1,68,,65934,16,,,1,28,,65928,16,,,1,69,,65958,16,,,1,32,,65940,16,,,1,67,,65937,16,,,1,30,,65942,16,,,1,69,,65930,16,,,1,30,,65951,16,,,1,74,,65932,16,,,1,31,,65935,16,,,1
82900,'Semaine-0',1534,,65974,11,0,9 12 13,1
