4001,'Semaine-0',603,,64160,10,,,1,29,,64159,10,,,1,71,,64162,10,,,1,31,,64158,10,,,2,69,,64157,10,,,1,29,,64161,10,,,1
4001,'Semaine-10',603,,72090,10,,,1,29,,72089,10,,,1,71,,72092,10,,,1,31,,72088,10,,,2,69,,72087,10,,,1,29,,72091,10,,,1
4001,'Semaine-11',603,,74621,10,,,1,29,,74620,10,,,1,71,,74623,10,,,1,31,,74619,10,,,2,69,,74618,10,,,1,29,,74622,10,,,1
5000,'Semaine-0',637,,64273,11,,,1,21,,64271,11,,,1,71,,64274,11,,,2,30,,64270,11,,,1,149,,64275,11,,,1
5000,'Semaine-10',637,,72203,11,,,1,21,,72201,11,,,1,71,,72204,11,,,2,30,,72200,11,,,1,149,,72205,11,,,1
5000,'Semaine-11',637,,74734,11,,,1,21,,74732,11,,,1,71,,74735,11,,,2,30,,74731,11,,,1,149,,74736,11,,,1
5201,'Samedi-0',639,,66667,11,,,1,100,,66668,11,,,1,100,,66669,11,,,1,100,,66670,11,,,1,100,,66672,11,,,1,100,,66671,11,,,1,100,,66673,11,,,1,100,,66674,11,,,1,100,,66675,11,,,1,100,,66676,11,,,1,100,,66677,11,,,1,100,,66678,11,,,1,100,,66681,11,,,1,100,,66679,11,,,1,99,,66683,11,,,1,100,,66680,11,,,1,100,,66682,11,,,1,101,,66684,11,,,1
5201,'Samedi-10',639,,76790,11,,,1,100,,76791,11,,,1,100,,76792,11,,,1,100,,76793,11,,,1,100,,76795,11,,,1,100,,76794,11,,,1,100,,76796,11,,,1,100,,76797,11,,,1,100,,76798,11,,,1,100,,76799,11,,,1,100,,76800,11,,,1,100,,76801,11,,,1,100,,76804,11,,,1,100,,76802,11,,,1,99,,76806,11,,,1,100,,76803,11,,,1,100,,76805,11,,,1,101,,76807,11,,,1
5201,'Samedi-11',639,,70645,11,,,1,100,,70646,11,,,1,100,,70647,11,,,1,100,,70648,11,,,1,100,,70650,11,,,1,100,,70649,11,,,1,100,,70651,11,,,1,100,,70652,11,,,1,100,,70653,11,,,1,100,,70654,11,,,1,100,,70655,11,,,1,100,,70656,11,,,1,100,,70659,11,,,1,100,,70657,11,,,1,99,,70661,11,,,1,100,,70658,11,,,1,100,,70660,11,,,1,101,,70662,11,,,1
5201,'Dimanche-0',639,,68487,11,,,1,100,,68488,11,,,1,100,,68489,11,,,1,100,,68492,11,,,1,100,,68490,11,,,1,100,,68494,11,,,1,100,,68491,11,,,1,100,,68496,11,,,1,100,,68493,11,,,1,100,,68495,11,,,1,100,,68498,11,,,1,100,,68500,11,,,1,100,,68497,11,,,1,100,,68499,11,,,1,99,,68501,11,,,1,100,,68502,11,,,1,100,,68503,11,,,1,101,,68504,11,,,1
5201,'Dimanche-10',639,,69566,11,,,1,100,,69567,11,,,1,100,,69568,11,,,1,100,,69571,11,,,1,100,,69569,11,,,1,100,,69573,11,,,1,100,,69570,11,,,1,100,,69575,11,,,1,100,,69572,11,,,1,100,,69574,11,,,1,100,,69577,11,,,1,100,,69579,11,,,1,100,,69576,11,,,1,100,,69578,11,,,1,99,,69580,11,,,1,100,,69581,11,,,1,100,,69582,11,,,1,101,,69583,11,,,1
5201,'Dimanche-11',639,,66685,11,,,1,100,,66686,11,,,1,100,,66687,11,,,1,100,,66690,11,,,1,100,,66688,11,,,1,100,,66692,11,,,1,100,,66689,11,,,1,100,,66694,11,,,1,100,,66691,11,,,1,100,,66693,11,,,1,100,,66696,11,,,1,100,,66698,11,,,1,100,,66695,11,,,1,100,,66697,11,,,1,99,,66699,11,,,1,100,,66700,11,,,1,100,,66701,11,,,1,101,,66702,11,,,1
5201,'Semaine-0',609,,64312,11,,,1,100,,64314,11,,,1,103,,64313,11,,,1,97,,64297,11,,,1,101,,64303,11,,,1,99,,64300,11,,,1,100,,64307,11,,,1,100,,64298,11,,,1,100,,64302,11,,,1,101,,64301,11,,,1,100,,64311,11,,,1,100,,64310,11,,,1,99,,64304,11,,,1,100,,64305,11,,,1,100,,64309,11,,,1,100,,64306,11,,,1,100,,64308,11,,,1,100,,64299,11,,,2
5201,'Semaine-10',609,,72242,11,,,1,100,,72244,11,,,1,103,,72243,11,,,1,97,,72227,11,,,1,101,,72233,11,,,1,99,,72230,11,,,1,100,,72237,11,,,1,100,,72228,11,,,1,100,,72232,11,,,1,101,,72231,11,,,1,100,,72241,11,,,1,100,,72240,11,,,1,99,,72234,11,,,1,100,,72235,11,,,1,100,,72239,11,,,1,100,,72236,11,,,1,100,,72238,11,,,1,100,,72229,11,,,2
5201,'Semaine-11',609,,74773,11,,,1,100,,74775,11,,,1,103,,74774,11,,,1,97,,74758,11,,,1,101,,74764,11,,,1,99,,74761,11,,,1,100,,74768,11,,,1,100,,74759,11,,,1,100,,74763,11,,,1,101,,74762,11,,,1,100,,74772,11,,,1,100,,74771,11,,,1,99,,74765,11,,,1,100,,74766,11,,,1,100,,74770,11,,,1,100,,74767,11,,,1,100,,74769,11,,,1,100,,74760,11,,,2
55000,'Semaine-0',651,,65840,11,0,5 6,1,2,,65841,11,0,5 6,1
55000,'Semaine-10',651,,73770,11,0,5 6,1,2,,73771,11,0,5 6,1
55000,'Semaine-11',651,,76301,11,0,5 6,1,2,,76302,11,0,5 6,1
64001,'Semaine-0',719,,65862,11,0,9 10,1,2,,65863,11,0,9 10,1
64001,'Semaine-10',719,,73792,11,0,9 10,1,2,,73793,11,0,9 10,1
64001,'Semaine-11',719,,76323,11,0,9 10,1,2,,76324,11,0,9 10,1
74001,'Semaine-0',802,,65882,11,0,5 11,2,2,,65883,11,0,5 11,1
74001,'Semaine-10',802,,73812,11,0,5 11,2,2,,73813,11,0,5 11,1
74001,'Semaine-11',802,,76343,11,0,5 11,2,2,,76344,11,0,5 11,1
