2300,'Semaine-0',1552,,63476,17,,,1,69,,63474,17,,,1,34,,63472,17,,,1,65,,63473,17,,,2,25,,63475,17,,,2,69,,63471,17,,,1
2500,'Semaine-0',1536,,63482,16,,,1,70,,63485,16,,,1,30,,63483,16,,,1,73,,63487,16,,,1,25,,63484,16,,,2,67,,63486,16,,,2
2600,'Semaine-0',1604,,63496,23,,,1,32,,63495,23,,,1,69,,63494,23,,,2,30,,63497,23,,,1,67,,63498,23,,,2
2800,'Semaine-0',1607,,63513,26,,,1,42,,63514,26,,,1,91,,63515,26,,,1
3200,'Semaine-0',637,,63658,24,,,1,71,,63657,24,,,1,32,,63653,24,,,1,72,,63655,24,,,1,28,,63654,24,,,2,70,,63656,24,,,1,28,,63629,24,,,2,70,,63624,24,,,1,30,,63625,24,,,2,70,,63636,24,,,1,30,,63630,24,,,1,72,,63616,24,,,1,30,,63617,24,,,1,69,,63628,24,,,1,30,,63631,24,,,1,70,,63637,24,,,1,31,,63618,24,,,1,69,,63663,24,,,1,15,,63615,24,,,2,16,,63645,24,,,1,10,,63635,24,,,1,51,,63641,24,,,2,10,,63642,24,,,1,10,,63660,24,,,1,10,,63661,24,,,1,10,,63662,24,,,2,13,,63659,24,,,2,47,,63632,24,,,1,10,,63643,24,,,1,10,,63651,24,,,2,10,,63644,24,,,2,8,,63621,24,,,1,10,,63652,24,,,1,10,,63638,24,,,2,48,,63640,24,,,1,10,,63639,24,,,1,19,,63633,24,,,2,65,,63627,24,,,1,30,,63622,24,,,1,70,,63619,24,,,2,29,,63634,24,,,2,70,,63626,24,,,1,33,,63623,24,,,1,26,,63620,24,,,2,70,,63646,24,,,1,29,,63647,24,,,1,68,,63648,24,,,1,30,,63649,24,,,1,70,,63650,24,,,1
3400,'Semaine-0',626,,63829,32,,,1,28,,63814,32,,,1,74,,63808,32,,,1,74,,63812,32,,,1,31,,63803,32,,,2,68,,63823,32,,,1,30,,63809,32,,,1,27,,63799,32,,,1,70,,63804,32,,,1,30,,63805,32,,,1,70,,63810,32,,,1,30,,63800,32,,,1,71,,63830,32,,,1,30,,63806,32,,,1,70,,63811,32,,,1,30,,63801,32,,,1,72,,63827,32,,,1,70,,63802,32,,,1,26,,63828,32,,,1,305,,63826,32,,,1,20,,63815,32,,,1,68,,63807,32,,,1,30,,63819,32,,,1,70,,63825,32,,,1,31,,63816,32,,,1,68,,63818,32,,,1,30,,63820,32,,,1,70,,63813,32,,,1,30,,63822,32,,,1,69,,63817,32,,,1,29,,63821,32,,,1,70,,63824,32,,,1
3901,'Semaine-0',649,,64138,27,,,1,67,,64127,27,,,1,37,,64128,27,,,1,73,,64124,27,,,1,31,,64130,27,,,1,70,,64132,27,,,2,30,,64139,27,,,1,70,,64150,27,,,1,30,,64145,27,,,2,70,,64140,27,,,1,30,,64125,27,,,1,71,,64134,27,,,1,31,,64141,27,,,1,68,,64126,27,,,2,30,,64123,27,,,1,74,,64142,27,,,1,70,,64135,27,,,1,32,,64116,27,,,1,71,,64143,27,,,2,29,,64121,27,,,1,71,,64118,27,,,1,30,,64146,27,,,1,67,,64131,27,,,1,32,,64137,27,,,2,69,,64122,27,,,2,31,,64144,27,,,1,25,,64117,27,,,2,66,,64147,27,,,1,30,,64120,27,,,1,70,,64136,27,,,1,32,,64148,27,,,1,70,,64119,27,,,1,32,,64129,27,,,1,69,,64149,27,,,1,30,,64133,27,,,1
4901,'Semaine-0',605,,64243,14,,,1,47,,64248,14,,,1,70,,64264,14,,,1,31,,64260,14,,,1,69,,64258,14,,,1,29,,64268,14,,,1,70,,64250,14,,,1,30,,64266,14,,,1,69,,64262,14,,,1,31,,64237,14,,,1,70,,64259,14,,,1,30,,64238,14,,,1,70,,64244,14,,,1,30,,64246,14,,,1,70,,64251,14,,,1,29,,64267,14,,,1,71,,64249,14,,,1,30,,64269,14,,,1,62,,64265,14,,,1,11,,64252,14,,,1,15,,64239,14,,,1,15,,64255,14,,,1,70,,64245,14,,,1,29,,64247,14,,,1,69,,64263,14,,,1,29,,64257,14,,,1,70,,64261,14,,,1,95,,64240,14,,,1,40,,64256,14,,,1,101,,64254,14,,,1,99,,64241,14,,,1,100,,64253,14,,,1,98,,64242,14,,,1
32500,'Semaine-0',1636,,65569,24,0,7 8,1
42501,'Semaine-0',1506,,65819,10,0,9 14,1
44901,'Semaine-0',1507,,65837,10,0,9 14,1
54901,'Semaine-0',1527,,65839,7,,,1
63901,'Semaine-0',655,,65858,2,0,9 10,1
72500,'Semaine-0',1630,,65874,14,0,5 11,1
82500,'Semaine-0',1534,,65963,8,0,9 12 13,1
