2700,'Semaine-0',1621,,63506,38,,,1,30,,63504,38,,,2,67,,63508,38,,,1,28,,63505,38,,,2,69,,63507,38,,,2
2700,'Semaine-10',1621,,71436,38,,,1,30,,71434,38,,,2,67,,71438,38,,,1,28,,71435,38,,,2,69,,71437,38,,,2
2700,'Semaine-11',1621,,73967,38,,,1,30,,73965,38,,,2,67,,73969,38,,,1,28,,73966,38,,,2,69,,73968,38,,,2
3500,'Semaine-0',1538,,63876,47,,,2,112,,63881,47,,,1,70,,63885,47,,,1,93,,63868,47,,,1,92,,63895,47,,,1,126,,63874,47,,,1,100,,63888,47,,,1,100,,63892,47,,,1
3500,'Semaine-10',1538,,71806,47,,,2,112,,71811,47,,,1,70,,71815,47,,,1,93,,71798,47,,,1,92,,71825,47,,,1,126,,71804,47,,,1,100,,71818,47,,,1,100,,71822,47,,,1
3500,'Semaine-11',1538,,74337,47,,,2,112,,74342,47,,,1,70,,74346,47,,,1,93,,74329,47,,,1,92,,74356,47,,,1,126,,74335,47,,,1,100,,74349,47,,,1,100,,74353,47,,,1
33100,'Semaine-0',824,,65576,21,0,7 8,1
33100,'Semaine-10',824,,73506,21,0,7 8,1
33100,'Semaine-11',824,,76037,21,0,7 8,1
43301,'Semaine-0',733,,65831,15,0,9 14,1
43301,'Semaine-10',733,,73761,15,0,9 14,1
43301,'Semaine-11',733,,76292,15,0,9 14,1
