2300,'Semaine-0',1559,,63476,25,,,1,69,,63474,25,,,1,74,,63472,25,,,1,25,,63473,25,,,2,24,,63475,25,,,2,69,,63471,25,,,1
2300,'Semaine-10',1559,,71406,25,,,1,69,,71404,25,,,1,74,,71402,25,,,1,25,,71403,25,,,2,24,,71405,25,,,2,69,,71401,25,,,1
2500,'Semaine-0',1542,,63482,24,,,1,70,,63485,24,,,1,31,,63483,24,,,1,73,,63487,24,,,1,24,,63484,24,,,2,66,,63486,24,,,2
2500,'Semaine-10',1542,,71412,24,,,1,70,,71415,24,,,1,31,,71413,24,,,1,73,,71417,24,,,1,24,,71414,24,,,2,66,,71416,24,,,2
2800,'Semaine-0',1612,,63513,34,,,1,42,,63514,34,,,1,91,,63515,34,,,1
2800,'Semaine-10',1612,,71443,34,,,1,42,,71444,34,,,1,91,,71445,34,,,1
4901,'Samedi-0',727,,66600,22,,,1,100,,66599,22,,,1,100,,66601,22,,,1,100,,66597,22,,,1,100,,66602,22,,,1,101,,66598,22,,,1,100,,66603,22,,,1,100,,66604,22,,,1,100,,66605,22,,,1,100,,66606,22,,,1,100,,66607,22,,,1,99,,66608,22,,,1,100,,66609,22,,,1,100,,66610,22,,,1,100,,66611,22,,,1,100,,66612,22,,,1,100,,66613,22,,,1
4901,'Samedi-11',727,,70613,22,,,1,100,,70612,22,,,1,100,,70614,22,,,1,100,,70610,22,,,1,100,,70615,22,,,1,101,,70611,22,,,1,100,,70616,22,,,1,100,,70617,22,,,1,100,,70618,22,,,1,100,,70619,22,,,1,100,,70620,22,,,1,99,,70621,22,,,1,100,,70622,22,,,1,100,,70623,22,,,1,100,,70624,22,,,1,100,,70625,22,,,1,100,,70626,22,,,1
4901,'Dimanche-0',727,,68465,22,,,1,100,,68454,22,,,1,100,,68464,22,,,1,100,,68457,22,,,1,100,,68453,22,,,1,101,,68452,22,,,1,100,,68455,22,,,1,100,,68456,22,,,1,100,,68459,22,,,1,100,,68458,22,,,1,100,,68462,22,,,1,99,,68461,22,,,1,100,,68463,22,,,1,100,,68460,22,,,1,100,,68466,22,,,1,100,,68467,22,,,1,100,,68468,22,,,1
4901,'Dimanche-10',727,,69544,22,,,1,100,,69533,22,,,1,100,,69543,22,,,1,100,,69536,22,,,1,100,,69532,22,,,1,101,,69531,22,,,1,100,,69534,22,,,1,100,,69535,22,,,1,100,,69538,22,,,1,100,,69537,22,,,1,100,,69541,22,,,1,99,,69540,22,,,1,100,,69542,22,,,1,100,,69539,22,,,1,100,,69545,22,,,1,100,,69546,22,,,1,100,,69547,22,,,1
4901,'Dimanche-11',727,,66627,22,,,1,100,,66616,22,,,1,100,,66626,22,,,1,100,,66619,22,,,1,100,,66615,22,,,1,101,,66614,22,,,1,100,,66617,22,,,1,100,,66618,22,,,1,100,,66621,22,,,1,100,,66620,22,,,1,100,,66624,22,,,1,99,,66623,22,,,1,100,,66625,22,,,1,100,,66622,22,,,1,100,,66628,22,,,1,100,,66629,22,,,1,100,,66630,22,,,1
4901,'Semaine-0',610,,64243,22,,,1,48,,64248,22,,,1,71,,64264,22,,,1,71,,64260,22,,,1,28,,64258,22,,,1,28,,64268,22,,,1,70,,64250,22,,,1,30,,64266,22,,,1,68,,64262,22,,,1,32,,64237,22,,,1,70,,64259,22,,,1,30,,64238,22,,,1,70,,64244,22,,,1,30,,64246,22,,,1,70,,64251,22,,,1,29,,64267,22,,,1,71,,64249,22,,,1,32,,64269,22,,,1,62,,64265,22,,,1,11,,64252,22,,,1,15,,64239,22,,,1,55,,64255,22,,,1,30,,64245,22,,,1,27,,64247,22,,,1,69,,64263,22,,,1,29,,64257,22,,,1,70,,64261,22,,,1,94,,64240,22,,,1,80,,64256,22,,,1,101,,64254,22,,,1,99,,64241,22,,,1,100,,64253,22,,,1,58,,64242,22,,,1
4901,'Semaine-10',610,,72173,22,,,1,48,,72178,22,,,1,71,,72194,22,,,1,71,,72190,22,,,1,28,,72188,22,,,1,28,,72198,22,,,1,70,,72180,22,,,1,30,,72196,22,,,1,68,,72192,22,,,1,32,,72167,22,,,1,70,,72189,22,,,1,30,,72168,22,,,1,70,,72174,22,,,1,30,,72176,22,,,1,70,,72181,22,,,1,29,,72197,22,,,1,71,,72179,22,,,1,32,,72199,22,,,1,62,,72195,22,,,1,11,,72182,22,,,1,15,,72169,22,,,1,55,,72185,22,,,1,30,,72175,22,,,1,27,,72177,22,,,1,69,,72193,22,,,1,29,,72187,22,,,1,70,,72191,22,,,1,94,,72170,22,,,1,80,,72186,22,,,1,101,,72184,22,,,1,99,,72171,22,,,1,100,,72183,22,,,1,58,,72172,22,,,1
32500,'Semaine-0',1640,,65569,32,0,7 8,1
32500,'Semaine-10',1640,,73499,32,0,7 8,1
42501,'Semaine-0',1511,,65819,18,0,9 14,1
42501,'Semaine-10',1511,,73749,18,0,9 14,1
54901,'Semaine-0',1531,,65839,15,,,1
54901,'Semaine-10',1531,,73769,15,,,1
72500,'Semaine-0',1635,,65874,22,0,5 11,1
72500,'Semaine-10',1635,,73804,22,0,5 11,1
82500,'Semaine-0',1541,,65963,16,0,9 12 13,1
82500,'Semaine-10',1541,,73893,16,0,9 12 13,1
