9500,'Semaine-0',1519,,65421,17,,,1,16,,65424,17,,,2,16,,65420,17,,,2,58,,65415,17,,,2,15,,65419,17,,,2,15,,65416,17,,,1,16,,65417,17,,,1,58,,65422,17,,,2,21,,65423,17,,,2,68,,65418,17,,,1
9500,'Semaine-10',1519,,73351,17,,,1,16,,73354,17,,,2,16,,73350,17,,,2,58,,73345,17,,,2,15,,73349,17,,,2,15,,73346,17,,,1,16,,73347,17,,,1,58,,73352,17,,,2,21,,73353,17,,,2,68,,73348,17,,,1
9500,'Semaine-11',1519,,75882,17,,,1,16,,75885,17,,,2,16,,75881,17,,,2,58,,75876,17,,,2,15,,75880,17,,,2,15,,75877,17,,,1,16,,75878,17,,,1,58,,75883,17,,,2,21,,75884,17,,,2,68,,75879,17,,,1
9700,'Samedi-0',838,,67653,29,,,1,100,,67656,29,,,1,100,,67651,29,,,1,100,,67652,29,,,1,101,,67655,29,,,1,99,,67654,29,,,1,100,,67657,29,,,1,101,,67658,29,,,1,100,,67659,29,,,1,101,,67660,29,,,1,100,,67665,29,,,1,100,,67661,29,,,1,100,,67662,29,,,1,100,,67663,29,,,1,99,,67664,29,,,1,100,,67666,29,,,1,100,,67667,29,,,1
9700,'Samedi-11',838,,71139,29,,,1,100,,71142,29,,,1,100,,71137,29,,,1,100,,71138,29,,,1,101,,71141,29,,,1,99,,71140,29,,,1,100,,71143,29,,,1,101,,71144,29,,,1,100,,71145,29,,,1,101,,71146,29,,,1,100,,71151,29,,,1,100,,71147,29,,,1,100,,71148,29,,,1,100,,71149,29,,,1,99,,71150,29,,,1,100,,71152,29,,,1,100,,71153,29,,,1
9700,'Dimanche-0',838,,68980,29,,,1,100,,68986,29,,,1,100,,68985,29,,,1,100,,68979,29,,,1,101,,68983,29,,,1,99,,68981,29,,,1,100,,68982,29,,,1,101,,68984,29,,,1,100,,68987,29,,,1,101,,68988,29,,,1,100,,68990,29,,,1,100,,68989,29,,,1,100,,68991,29,,,1,100,,68992,29,,,1,99,,68993,29,,,1,100,,68994,29,,,1,100,,68995,29,,,1
9700,'Dimanche-10',838,,70059,29,,,1,100,,70065,29,,,1,100,,70064,29,,,1,100,,70058,29,,,1,101,,70062,29,,,1,99,,70060,29,,,1,100,,70061,29,,,1,101,,70063,29,,,1,100,,70066,29,,,1,101,,70067,29,,,1,100,,70069,29,,,1,100,,70068,29,,,1,100,,70070,29,,,1,100,,70071,29,,,1,99,,70072,29,,,1,100,,70073,29,,,1,100,,70074,29,,,1
9700,'Dimanche-11',838,,67669,29,,,1,100,,67675,29,,,1,100,,67674,29,,,1,100,,67668,29,,,1,101,,67672,29,,,1,99,,67670,29,,,1,100,,67671,29,,,1,101,,67673,29,,,1,100,,67676,29,,,1,101,,67677,29,,,1,100,,67679,29,,,1,100,,67678,29,,,1,100,,67680,29,,,1,100,,67681,29,,,1,99,,67682,29,,,1,100,,67683,29,,,1,100,,67684,29,,,1
9700,'Semaine-0',706,,65433,29,,,1,31,,65434,29,,,2,98,,65435,29,,,1,100,,65436,29,,,1,100,,65437,29,,,1,100,,65438,29,,,1,101,,65439,29,,,1,100,,65440,29,,,1,100,,65441,29,,,1,100,,65442,29,,,1,102,,65443,29,,,1,101,,65450,33,,,1,98,,65451,33,,,1,69,,65452,33,,,1,30,,65444,29,,,1,100,,65445,29,,,1,99,,65446,29,,,1,101,,65447,29,,,1,98,,65448,29,,,2,100,,65449,29,,,1
9700,'Semaine-10',706,,73363,29,,,1,31,,73364,29,,,2,98,,73365,29,,,1,100,,73366,29,,,1,100,,73367,29,,,1,100,,73368,29,,,1,101,,73369,29,,,1,100,,73370,29,,,1,100,,73371,29,,,1,100,,73372,29,,,1,102,,73373,29,,,1,101,,73380,33,,,1,98,,73381,33,,,1,69,,73382,33,,,1,30,,73374,29,,,1,100,,73375,29,,,1,99,,73376,29,,,1,101,,73377,29,,,1,98,,73378,29,,,2,100,,73379,29,,,1
9700,'Semaine-11',706,,75894,29,,,1,31,,75895,29,,,2,98,,75896,29,,,1,100,,75897,29,,,1,100,,75898,29,,,1,100,,75899,29,,,1,101,,75900,29,,,1,100,,75901,29,,,1,100,,75902,29,,,1,100,,75903,29,,,1,102,,75904,29,,,1,101,,75911,33,,,1,98,,75912,33,,,1,69,,75913,33,,,1,30,,75905,29,,,1,100,,75906,29,,,1,99,,75907,29,,,1,101,,75908,29,,,1,98,,75909,29,,,2,100,,75910,29,,,1
29700,'Semaine-0',739,,65564,25,0,19,2,2,,65565,25,0,19,1
29700,'Semaine-10',739,,73494,25,0,19,2,2,,73495,25,0,19,1
29700,'Semaine-11',739,,76025,25,0,19,2,2,,76026,25,0,19,1
