1801,'Semaine-0',634,,63462,15,,,1,86,,63464,15,,,2,85,,63463,15,,,1
2600,'Semaine-0',1553,,63496,12,,,1,72,,63495,12,,,1,28,,63494,12,,,2,70,,63497,12,,,1,27,,63498,12,,,2
2900,'Semaine-0',1544,,63522,12,,,2,74,,63521,12,,,1,32,,63519,12,,,2,65,,63523,12,,,1,31,,63520,12,,,1
3200,'Semaine-0',627,,63658,13,,,1,31,,63657,13,,,1,72,,63653,13,,,1,72,,63655,13,,,1,29,,63654,13,,,2,70,,63656,13,,,1,28,,63629,13,,,2,30,,63624,13,,,1,70,,63625,13,,,2,30,,63636,13,,,1,70,,63630,13,,,1,71,,63616,13,,,1,30,,63617,13,,,1,29,,63628,13,,,1,70,,63631,13,,,1,30,,63637,13,,,1,71,,63618,13,,,1,70,,63663,13,,,1,15,,63615,13,,,2,16,,63645,13,,,1,10,,63635,13,,,1,11,,63641,13,,,2,50,,63642,13,,,1,10,,63660,13,,,1,10,,63661,13,,,1,10,,63662,13,,,2,13,,63659,13,,,2,7,,63632,13,,,1,50,,63643,13,,,1,10,,63651,13,,,2,10,,63644,13,,,2,8,,63621,13,,,1,10,,63652,13,,,1,10,,63638,13,,,2,7,,63640,13,,,1,50,,63639,13,,,1,19,,63633,13,,,2,25,,63627,13,,,1,70,,63622,13,,,1,30,,63619,13,,,2,69,,63634,13,,,2,30,,63626,13,,,1,73,,63623,13,,,1,27,,63620,13,,,2,70,,63646,13,,,1,30,,63647,13,,,1,68,,63648,13,,,1,30,,63649,13,,,1,70,,63650,13,,,1
3400,'Samedi-0',734,,66133,13,,,1,100,,66138,13,,,1,70,,66134,13,,,1,31,,66140,13,,,1,70,,66141,13,,,1,30,,66135,13,,,1,70,,66136,13,,,1,30,,66137,13,,,1,70,,66139,13,,,1,30,,66142,13,,,1,70,,66144,13,,,1,30,,66143,13,,,1,70,,66145,13,,,1,30,,66146,13,,,1,70,,66147,13,,,1,30,,66148,13,,,1,70,,66149,13,,,1,30,,66150,13,,,1,70,,66151,13,,,1,30,,66152,13,,,1,70,,66153,13,,,1,30,,66154,13,,,1,70,,66155,13,,,1,29,,66156,13,,,1,71,,66157,13,,,1,30,,66158,13,,,1,70,,66159,13,,,1,30,,66160,13,,,1,70,,66161,13,,,1,30,,66163,13,,,1,70,,66162,13,,,1,30,,66165,13,,,1,70,,66164,13,,,1,27,,66166,13,,,1
3400,'Dimanche-0',734,,68224,13,,,1,100,,68244,13,,,1,70,,68226,13,,,1,31,,68230,13,,,1,70,,68223,13,,,1,30,,68231,13,,,1,70,,68222,13,,,1,30,,68221,13,,,1,70,,68234,13,,,1,30,,68225,13,,,1,70,,68228,13,,,1,30,,68227,13,,,1,70,,68220,13,,,1,30,,68236,13,,,1,70,,68232,13,,,1,30,,68233,13,,,1,70,,68229,13,,,1,30,,68240,13,,,1,70,,68239,13,,,1,30,,68237,13,,,1,70,,68235,13,,,1,30,,68238,13,,,1,70,,68243,13,,,1,29,,68241,13,,,1,71,,68242,13,,,1,30,,68245,13,,,1,70,,68246,13,,,1,30,,68247,13,,,1,70,,68248,13,,,1,30,,68249,13,,,1,70,,68250,13,,,1,30,,68252,13,,,1,70,,68251,13,,,1,27,,68253,13,,,1
3400,'Dimanche-10',734,,69303,13,,,1,100,,69323,13,,,1,70,,69305,13,,,1,31,,69309,13,,,1,70,,69302,13,,,1,30,,69310,13,,,1,70,,69301,13,,,1,30,,69300,13,,,1,70,,69313,13,,,1,30,,69304,13,,,1,70,,69307,13,,,1,30,,69306,13,,,1,70,,69299,13,,,1,30,,69315,13,,,1,70,,69311,13,,,1,30,,69312,13,,,1,70,,69308,13,,,1,30,,69319,13,,,1,70,,69318,13,,,1,30,,69316,13,,,1,70,,69314,13,,,1,30,,69317,13,,,1,70,,69322,13,,,1,29,,69320,13,,,1,71,,69321,13,,,1,30,,69324,13,,,1,70,,69325,13,,,1,30,,69326,13,,,1,70,,69327,13,,,1,30,,69328,13,,,1,70,,69329,13,,,1,30,,69331,13,,,1,70,,69330,13,,,1,27,,69332,13,,,1
3400,'Dimanche-11',734,,66171,13,,,1,100,,66191,13,,,1,70,,66173,13,,,1,31,,66177,13,,,1,70,,66170,13,,,1,30,,66178,13,,,1,70,,66169,13,,,1,30,,66168,13,,,1,70,,66181,13,,,1,30,,66172,13,,,1,70,,66175,13,,,1,30,,66174,13,,,1,70,,66167,13,,,1,30,,66183,13,,,1,70,,66179,13,,,1,30,,66180,13,,,1,70,,66176,13,,,1,30,,66187,13,,,1,70,,66186,13,,,1,30,,66184,13,,,1,70,,66182,13,,,1,30,,66185,13,,,1,70,,66190,13,,,1,29,,66188,13,,,1,71,,66189,13,,,1,30,,66192,13,,,1,70,,66193,13,,,1,30,,66194,13,,,1,70,,66195,13,,,1,30,,66196,13,,,1,70,,66197,13,,,1,30,,66199,13,,,1,70,,66198,13,,,1,27,,66200,13,,,1
3400,'Semaine-0',611,,63829,13,,,1,29,,63814,13,,,1,71,,63808,13,,,1,35,,63812,13,,,1,71,,63803,13,,,2,29,,63823,13,,,1,70,,63809,13,,,1,28,,63799,13,,,1,70,,63804,13,,,1,30,,63805,13,,,1,70,,63810,13,,,1,30,,63800,13,,,1,70,,63830,13,,,1,30,,63806,13,,,1,70,,63811,13,,,1,30,,63801,13,,,1,71,,63827,13,,,1,31,,63802,13,,,1,65,,63828,13,,,1,306,,63826,13,,,1,20,,63815,13,,,1,68,,63807,13,,,1,30,,63819,13,,,1,70,,63825,13,,,1,31,,63816,13,,,1,69,,63818,13,,,1,30,,63820,13,,,1,70,,63813,13,,,1,30,,63822,13,,,1,70,,63817,13,,,1,29,,63821,13,,,1,70,,63824,13,,,1
4000,'Semaine-0',1523,,64155,12,,,1,30,,64151,12,,,2,74,,64154,12,,,1,27,,64153,12,,,1,69,,64152,12,,,1,29,,64156,12,,,1
4100,'Semaine-0',1534,,64164,12,,,1,71,,64166,12,,,1,34,,64165,12,,,2,65,,64163,12,,,1,29,,64167,12,,,1
4500,'Semaine-0',1508,,64182,12,,,1,35,,64177,12,,,1,70,,64178,12,,,1,32,,64180,12,,,1,67,,64181,12,,,1,27,,64179,12,,,2
4700,'Semaine-0',1530,,64189,12,,,1,102,,64190,12,,,1,96,,64191,12,,,2
5500,'Samedi-0',702,,66706,13,,,1,30,,66703,13,,,1,70,,66704,13,,,1,30,,66707,13,,,1,70,,66705,13,,,1,30,,66712,13,,,1,71,,66709,13,,,1,29,,66710,13,,,1,70,,66715,13,,,1,31,,66714,13,,,1,70,,66708,13,,,1,30,,66711,13,,,1,70,,66713,13,,,1,30,,66716,13,,,1,70,,66717,13,,,1,30,,66718,13,,,1,70,,66719,13,,,1,29,,66720,13,,,1,70,,66721,13,,,1,32,,66722,13,,,1,70,,66723,13,,,1,30,,66724,13,,,1,70,,66725,13,,,1,30,,66726,13,,,1,68,,66728,13,,,1,30,,66727,13,,,1,70,,66729,13,,,1,30,,66731,13,,,1,70,,66730,13,,,1,30,,66732,13,,,1,70,,66733,13,,,1,30,,66736,13,,,1,70,,66738,13,,,1,30,,66735,13,,,1,70,,66734,13,,,1,28,,66737,13,,,1
5500,'Dimanche-0',702,,68509,13,,,1,30,,68514,13,,,1,70,,68506,13,,,1,30,,68511,13,,,1,70,,68508,13,,,1,30,,68505,13,,,1,71,,68516,13,,,1,29,,68510,13,,,1,70,,68507,13,,,1,31,,68519,13,,,1,70,,68515,13,,,1,30,,68520,13,,,1,70,,68513,13,,,1,30,,68512,13,,,1,70,,68518,13,,,1,30,,68523,13,,,1,70,,68517,13,,,1,29,,68522,13,,,1,70,,68525,13,,,1,32,,68529,13,,,1,70,,68524,13,,,1,30,,68530,13,,,1,70,,68521,13,,,1,30,,68527,13,,,1,68,,68528,13,,,1,30,,68531,13,,,1,70,,68526,13,,,1,30,,68532,13,,,1,70,,68534,13,,,1,30,,68533,13,,,1,70,,68535,13,,,1,30,,68537,13,,,1,70,,68538,13,,,1,30,,68536,13,,,1,70,,68539,13,,,1,28,,68540,13,,,1
5500,'Dimanche-10',702,,69588,13,,,1,30,,69593,13,,,1,70,,69585,13,,,1,30,,69590,13,,,1,70,,69587,13,,,1,30,,69584,13,,,1,71,,69595,13,,,1,29,,69589,13,,,1,70,,69586,13,,,1,31,,69598,13,,,1,70,,69594,13,,,1,30,,69599,13,,,1,70,,69592,13,,,1,30,,69591,13,,,1,70,,69597,13,,,1,30,,69602,13,,,1,70,,69596,13,,,1,29,,69601,13,,,1,70,,69604,13,,,1,32,,69608,13,,,1,70,,69603,13,,,1,30,,69609,13,,,1,70,,69600,13,,,1,30,,69606,13,,,1,68,,69607,13,,,1,30,,69610,13,,,1,70,,69605,13,,,1,30,,69611,13,,,1,70,,69613,13,,,1,30,,69612,13,,,1,70,,69614,13,,,1,30,,69616,13,,,1,70,,69617,13,,,1,30,,69615,13,,,1,70,,69618,13,,,1,28,,69619,13,,,1
5500,'Dimanche-11',702,,66743,13,,,1,30,,66748,13,,,1,70,,66740,13,,,1,30,,66745,13,,,1,70,,66742,13,,,1,30,,66739,13,,,1,71,,66750,13,,,1,29,,66744,13,,,1,70,,66741,13,,,1,31,,66753,13,,,1,70,,66749,13,,,1,30,,66754,13,,,1,70,,66747,13,,,1,30,,66746,13,,,1,70,,66752,13,,,1,30,,66757,13,,,1,70,,66751,13,,,1,29,,66756,13,,,1,70,,66759,13,,,1,32,,66763,13,,,1,70,,66758,13,,,1,30,,66764,13,,,1,70,,66755,13,,,1,30,,66761,13,,,1,68,,66762,13,,,1,30,,66765,13,,,1,70,,66760,13,,,1,30,,66766,13,,,1,70,,66768,13,,,1,30,,66767,13,,,1,70,,66769,13,,,1,30,,66771,13,,,1,70,,66772,13,,,1,30,,66770,13,,,1,70,,66773,13,,,1,28,,66774,13,,,1
5500,'Semaine-0',634,,64323,13,,,1,102,,64339,13,,,1,69,,64322,13,,,1,98,,64358,13,,,1,28,,64359,13,,,1,70,,64328,13,,,1,29,,64338,13,,,1,70,,64342,13,,,1,31,,64364,13,,,1,71,,64324,13,,,1,30,,64363,13,,,1,69,,64341,13,,,1,30,,64356,13,,,1,70,,64350,13,,,1,23,,64357,13,,,1,16,,64343,13,,,1,14,,64321,13,,,1,57,,64362,13,,,1,17,,64332,13,,,1,15,,64365,13,,,1,13,,64353,13,,,1,50,,64325,13,,,1,13,,64336,13,,,1,18,,64368,13,,,1,9,,64361,13,,,1,11,,64327,13,,,1,51,,64344,13,,,1,10,,64337,13,,,1,11,,64366,13,,,1,12,,64351,13,,,1,8,,64331,13,,,1,52,,64326,13,,,1,10,,64367,13,,,1,11,,64335,13,,,1,12,,64330,13,,,1,10,,64340,13,,,1,70,,64355,13,,,1,29,,64360,13,,,1,70,,64347,13,,,1,30,,64333,13,,,1,70,,64354,13,,,1,29,,64345,13,,,1,70,,64348,13,,,1,30,,64334,13,,,1,70,,64349,13,,,1,30,,64346,13,,,1,69,,64329,13,,,1,30,,64352,13,,,1
5900,'Samedi-0',717,,66845,13,,,1,30,,66848,13,,,1,70,,66841,13,,,1,30,,66847,13,,,1,70,,66844,13,,,1,30,,66849,13,,,1,70,,66853,13,,,1,30,,66854,13,,,1,70,,66843,13,,,1,30,,66842,13,,,1,71,,66852,13,,,1,30,,66846,13,,,1,70,,66850,13,,,1,30,,66855,13,,,1,70,,66851,13,,,1,30,,66856,13,,,1,70,,66857,13,,,1,29,,66858,13,,,1,70,,66859,13,,,1,32,,66860,13,,,1,69,,66861,13,,,1,30,,66862,13,,,1,69,,66863,13,,,1,30,,66864,13,,,1,70,,66865,13,,,1,30,,66867,13,,,1,70,,66866,13,,,1,30,,66869,13,,,1,70,,66868,13,,,1,29,,66870,13,,,1,71,,66871,13,,,1,30,,66873,13,,,1,70,,66872,13,,,1,30,,66874,13,,,1
5900,'Dimanche-0',717,,68579,13,,,1,30,,68578,13,,,1,70,,68574,13,,,1,30,,68583,13,,,1,70,,68589,13,,,1,30,,68580,13,,,1,70,,68587,13,,,1,30,,68582,13,,,1,70,,68588,13,,,1,30,,68575,13,,,1,71,,68586,13,,,1,30,,68576,13,,,1,70,,68584,13,,,1,30,,68590,13,,,1,70,,68577,13,,,1,30,,68581,13,,,1,70,,68585,13,,,1,29,,68594,13,,,1,70,,68595,13,,,1,32,,68592,13,,,1,69,,68597,13,,,1,30,,68593,13,,,1,69,,68599,13,,,1,30,,68591,13,,,1,70,,68596,13,,,1,30,,68600,13,,,1,70,,68598,13,,,1,30,,68601,13,,,1,70,,68602,13,,,1,29,,68603,13,,,1,71,,68604,13,,,1,30,,68606,13,,,1,70,,68605,13,,,1,30,,68607,13,,,1
5900,'Dimanche-10',717,,69658,13,,,1,30,,69657,13,,,1,70,,69653,13,,,1,30,,69662,13,,,1,70,,69668,13,,,1,30,,69659,13,,,1,70,,69666,13,,,1,30,,69661,13,,,1,70,,69667,13,,,1,30,,69654,13,,,1,71,,69665,13,,,1,30,,69655,13,,,1,70,,69663,13,,,1,30,,69669,13,,,1,70,,69656,13,,,1,30,,69660,13,,,1,70,,69664,13,,,1,29,,69673,13,,,1,70,,69674,13,,,1,32,,69671,13,,,1,69,,69676,13,,,1,30,,69672,13,,,1,69,,69678,13,,,1,30,,69670,13,,,1,70,,69675,13,,,1,30,,69679,13,,,1,70,,69677,13,,,1,30,,69680,13,,,1,70,,69681,13,,,1,29,,69682,13,,,1,71,,69683,13,,,1,30,,69685,13,,,1,70,,69684,13,,,1,30,,69686,13,,,1
5900,'Dimanche-11',717,,66880,13,,,1,30,,66879,13,,,1,70,,66875,13,,,1,30,,66884,13,,,1,70,,66890,13,,,1,30,,66881,13,,,1,70,,66888,13,,,1,30,,66883,13,,,1,70,,66889,13,,,1,30,,66876,13,,,1,71,,66887,13,,,1,30,,66877,13,,,1,70,,66885,13,,,1,30,,66891,13,,,1,70,,66878,13,,,1,30,,66882,13,,,1,70,,66886,13,,,1,29,,66895,13,,,1,70,,66896,13,,,1,32,,66893,13,,,1,69,,66898,13,,,1,30,,66894,13,,,1,69,,66900,13,,,1,30,,66892,13,,,1,70,,66897,13,,,1,30,,66901,13,,,1,70,,66899,13,,,1,30,,66902,13,,,1,70,,66903,13,,,1,29,,66904,13,,,1,71,,66905,13,,,1,30,,66907,13,,,1,70,,66906,13,,,1,30,,66908,13,,,1
5900,'Semaine-0',603,,64453,13,,,1,97,,64488,13,,,1,47,,64493,13,,,1,88,,64469,13,,,1,84,,64465,13,,,1,28,,64486,13,,,1,70,,64462,13,,,1,30,,64485,13,,,1,70,,64476,13,,,1,30,,64470,13,,,1,71,,64478,13,,,1,30,,64461,13,,,1,70,,64489,13,,,1,30,,64452,13,,,1,70,,64483,13,,,1,14,,64454,13,,,1,18,,64487,13,,,1,71,,64447,13,,,1,14,,64491,13,,,1,15,,64446,13,,,1,8,,64481,13,,,1,56,,64477,13,,,1,7,,64490,8,,,1,6,,64464,13,,,1,13,,64448,13,,,1,6,,64492,8,,,1,6,,64449,13,,,1,52,,64457,13,,,1,10,,64484,13,,,1,12,,64473,13,,,1,11,,64460,13,,,1,9,,64482,13,,,1,12,,64468,13,,,1,52,,64480,13,,,1,9,,64450,13,,,1,10,,64455,13,,,1,71,,64475,13,,,1,30,,64466,13,,,1,70,,64471,13,,,1,29,,64459,13,,,1,30,,64467,13,,,1,70,,64472,13,,,1,30,,64479,13,,,1,70,,64456,13,,,1,30,,64474,13,,,1,69,,64463,13,,,1,30,,64451,13,,,1,69,,64458,13,,,1
32900,'Semaine-0',808,,65574,5,0,7 8,1
65500,'Semaine-0',716,,65872,6,0,9 10,1
72900,'Semaine-0',1627,,65877,10,0,5 11,2
74000,'Semaine-0',1624,,65881,7,0,5 11,1
80001,'Samedi-0',626,,68111,15,,,1,101,,68113,15,,,1,101,,68114,15,,,1,100,,68117,15,,,1,100,,68112,15,,,1,100,,68115,15,,,1,101,,68118,15,,,1,100,,68116,15,,,1,100,,68119,15,,,1,100,,68120,15,,,1,100,,68121,15,,,2,102,,68122,15,,,1,98,,68125,15,,,1,99,,68123,15,,,1,100,,68124,15,,,1,100,,68126,15,,,1,99,,68127,15,,,1
80001,'Dimanche-0',626,,69209,15,,,1,101,,69211,15,,,1,101,,69213,15,,,1,100,,69210,15,,,1,100,,69212,15,,,1,100,,69214,15,,,1,101,,69215,15,,,1,100,,69216,15,,,1,100,,69219,15,,,1,100,,69217,15,,,1,100,,69218,15,,,2,102,,69221,15,,,1,98,,69222,15,,,1,99,,69220,15,,,1,100,,69223,15,,,1,100,,69224,15,,,1,99,,69225,15,,,1
80001,'Dimanche-10',626,,70288,15,,,1,101,,70290,15,,,1,101,,70292,15,,,1,100,,70289,15,,,1,100,,70291,15,,,1,100,,70293,15,,,1,101,,70294,15,,,1,100,,70295,15,,,1,100,,70298,15,,,1,100,,70296,15,,,1,100,,70297,15,,,2,102,,70300,15,,,1,98,,70301,15,,,1,99,,70299,15,,,1,100,,70302,15,,,1,100,,70303,15,,,1,99,,70304,15,,,1
80001,'Dimanche-11',626,,68128,15,,,1,101,,68130,15,,,1,101,,68132,15,,,1,100,,68129,15,,,1,100,,68131,15,,,1,100,,68133,15,,,1,101,,68134,15,,,1,100,,68135,15,,,1,100,,68138,15,,,1,100,,68136,15,,,1,100,,68137,15,,,2,102,,68140,15,,,1,98,,68141,15,,,1,99,,68139,15,,,1,100,,68142,15,,,1,100,,68143,15,,,1,99,,68144,15,,,1
80001,'Semaine-0',618,,65948,15,,,1,28,,65941,15,,,1,71,,65949,15,,,1,29,,65933,15,,,1,75,,65931,15,,,1,29,,65938,15,,,1,66,,65944,15,,,1,30,,65956,15,,,1,70,,65947,15,,,2,30,,65939,15,,,1,70,,65953,15,,,1,30,,65927,15,,,1,70,,65961,15,,,1,29,,65959,15,,,1,74,,65929,15,,,1,30,,65952,15,,,1,70,,65943,15,,,1,30,,65950,15,,,1,73,,65960,15,,,1,29,,65945,15,,,1,57,,65955,15,,,1,22,,65957,15,,,1,24,,65954,15,,,1,67,,65946,15,,,1,30,,65936,15,,,1,68,,65934,15,,,1,28,,65928,15,,,1,69,,65958,15,,,1,32,,65940,15,,,1,67,,65937,15,,,1,30,,65942,15,,,1,69,,65930,15,,,1,30,,65951,15,,,1,74,,65932,15,,,1,32,,65935,15,,,1
82900,'Semaine-0',1533,,65974,10,0,9 12 13,1
