4001,'Semaine-0',611,,64160,22,,,1,30,,64159,22,,,1,71,,64162,22,,,1,32,,64158,22,,,2,68,,64157,22,,,1,28,,64161,22,,,1
4001,'Semaine-10',611,,72090,22,,,1,30,,72089,22,,,1,71,,72092,22,,,1,32,,72088,22,,,2,68,,72087,22,,,1,28,,72091,22,,,1
4001,'Semaine-11',611,,74621,22,,,1,30,,74620,22,,,1,71,,74623,22,,,1,32,,74619,22,,,2,68,,74618,22,,,1,28,,74622,22,,,1
5201,'Samedi-0',646,,66667,23,,,1,100,,66668,23,,,1,100,,66669,23,,,1,100,,66670,23,,,1,100,,66672,23,,,1,100,,66671,23,,,1,100,,66673,23,,,1,100,,66674,23,,,1,101,,66675,23,,,1,99,,66676,23,,,1,100,,66677,23,,,1,100,,66678,23,,,1,100,,66681,23,,,1,100,,66679,23,,,1,99,,66683,23,,,1,100,,66680,23,,,1,100,,66682,23,,,1,101,,66684,23,,,1
5201,'Samedi-10',646,,76790,23,,,1,100,,76791,23,,,1,100,,76792,23,,,1,100,,76793,23,,,1,100,,76795,23,,,1,100,,76794,23,,,1,100,,76796,23,,,1,100,,76797,23,,,1,101,,76798,23,,,1,99,,76799,23,,,1,100,,76800,23,,,1,100,,76801,23,,,1,100,,76804,23,,,1,100,,76802,23,,,1,99,,76806,23,,,1,100,,76803,23,,,1,100,,76805,23,,,1,101,,76807,23,,,1
5201,'Samedi-11',646,,70645,23,,,1,100,,70646,23,,,1,100,,70647,23,,,1,100,,70648,23,,,1,100,,70650,23,,,1,100,,70649,23,,,1,100,,70651,23,,,1,100,,70652,23,,,1,101,,70653,23,,,1,99,,70654,23,,,1,100,,70655,23,,,1,100,,70656,23,,,1,100,,70659,23,,,1,100,,70657,23,,,1,99,,70661,23,,,1,100,,70658,23,,,1,100,,70660,23,,,1,101,,70662,23,,,1
5201,'Dimanche-0',646,,68487,23,,,1,100,,68488,23,,,1,100,,68489,23,,,1,100,,68492,23,,,1,100,,68490,23,,,1,100,,68494,23,,,1,100,,68491,23,,,1,100,,68496,23,,,1,101,,68493,23,,,1,99,,68495,23,,,1,100,,68498,23,,,1,100,,68500,23,,,1,100,,68497,23,,,1,100,,68499,23,,,1,99,,68501,23,,,1,100,,68502,23,,,1,100,,68503,23,,,1,101,,68504,23,,,1
5201,'Dimanche-10',646,,69566,23,,,1,100,,69567,23,,,1,100,,69568,23,,,1,100,,69571,23,,,1,100,,69569,23,,,1,100,,69573,23,,,1,100,,69570,23,,,1,100,,69575,23,,,1,101,,69572,23,,,1,99,,69574,23,,,1,100,,69577,23,,,1,100,,69579,23,,,1,100,,69576,23,,,1,100,,69578,23,,,1,99,,69580,23,,,1,100,,69581,23,,,1,100,,69582,23,,,1,101,,69583,23,,,1
5201,'Dimanche-11',646,,66685,23,,,1,100,,66686,23,,,1,100,,66687,23,,,1,100,,66690,23,,,1,100,,66688,23,,,1,100,,66692,23,,,1,100,,66689,23,,,1,100,,66694,23,,,1,101,,66691,23,,,1,99,,66693,23,,,1,100,,66696,23,,,1,100,,66698,23,,,1,100,,66695,23,,,1,100,,66697,23,,,1,99,,66699,23,,,1,100,,66700,23,,,1,100,,66701,23,,,1,101,,66702,23,,,1
5201,'Semaine-0',617,,64312,23,,,1,100,,64314,23,,,1,103,,64313,23,,,1,97,,64297,23,,,1,101,,64303,23,,,1,99,,64300,23,,,1,100,,64307,23,,,1,100,,64298,23,,,1,100,,64302,23,,,1,102,,64301,23,,,1,100,,64311,23,,,1,100,,64310,23,,,1,98,,64304,23,,,1,99,,64305,23,,,1,100,,64309,23,,,1,100,,64306,23,,,1,100,,64308,23,,,1,100,,64299,23,,,2
5201,'Semaine-10',617,,72242,23,,,1,100,,72244,23,,,1,103,,72243,23,,,1,97,,72227,23,,,1,101,,72233,23,,,1,99,,72230,23,,,1,100,,72237,23,,,1,100,,72228,23,,,1,100,,72232,23,,,1,102,,72231,23,,,1,100,,72241,23,,,1,100,,72240,23,,,1,98,,72234,23,,,1,99,,72235,23,,,1,100,,72239,23,,,1,100,,72236,23,,,1,100,,72238,23,,,1,100,,72229,23,,,2
5201,'Semaine-11',617,,74773,23,,,1,100,,74775,23,,,1,103,,74774,23,,,1,97,,74758,23,,,1,101,,74764,23,,,1,99,,74761,23,,,1,100,,74768,23,,,1,100,,74759,23,,,1,100,,74763,23,,,1,102,,74762,23,,,1,100,,74772,23,,,1,100,,74771,23,,,1,98,,74765,23,,,1,99,,74766,23,,,1,100,,74770,23,,,1,100,,74767,23,,,1,100,,74769,23,,,1,100,,74760,23,,,2
74001,'Semaine-0',810,,65882,23,0,5 11,2,2,,65883,23,0,5 11,1
74001,'Semaine-10',810,,73812,23,0,5 11,2,2,,73813,23,0,5 11,1
74001,'Semaine-11',810,,76343,23,0,5 11,2,2,,76344,23,0,5 11,1
