6900,'Samedi-0',900,,67300,27,,,1,100,,67299,27,,,1,100,,67301,27,,,1,100,,67303,27,,,1,100,,67302,27,,,1,100,,67304,27,,,1,100,,67305,27,,,1,100,,67306,27,,,1,100,,67307,27,,,1,100,,67308,27,,,1,100,,67309,27,,,1,100,,67310,27,,,1,100,,67311,27,,,1,100,,67312,27,,,1,100,,67313,27,,,1
6900,'Samedi-11',900,,70962,27,,,1,100,,70961,27,,,1,100,,70963,27,,,1,100,,70965,27,,,1,100,,70964,27,,,1,100,,70966,27,,,1,100,,70967,27,,,1,100,,70968,27,,,1,100,,70969,27,,,1,100,,70970,27,,,1,100,,70971,27,,,1,100,,70972,27,,,1,100,,70973,27,,,1,100,,70974,27,,,1,100,,70975,27,,,1
6900,'Dimanche-0',900,,68807,27,,,1,100,,68808,27,,,1,100,,68809,27,,,1,100,,68803,27,,,1,100,,68805,27,,,1,100,,68806,27,,,1,100,,68804,27,,,1,100,,68812,27,,,1,100,,68813,27,,,1,100,,68810,27,,,1,100,,68811,27,,,1,100,,68814,27,,,1,100,,68815,27,,,1,100,,68816,27,,,1,100,,68817,27,,,1
6900,'Dimanche-10',900,,69886,27,,,1,100,,69887,27,,,1,100,,69888,27,,,1,100,,69882,27,,,1,100,,69884,27,,,1,100,,69885,27,,,1,100,,69883,27,,,1,100,,69891,27,,,1,100,,69892,27,,,1,100,,69889,27,,,1,100,,69890,27,,,1,100,,69893,27,,,1,100,,69894,27,,,1,100,,69895,27,,,1,100,,69896,27,,,1
6900,'Dimanche-11',900,,67318,27,,,1,100,,67319,27,,,1,100,,67320,27,,,1,100,,67314,27,,,1,100,,67316,27,,,1,100,,67317,27,,,1,100,,67315,27,,,1,100,,67323,27,,,1,100,,67324,27,,,1,100,,67321,27,,,1,100,,67322,27,,,1,100,,67325,27,,,1,100,,67326,27,,,1,100,,67327,27,,,1,100,,67328,27,,,1
6900,'Semaine-0',847,,64938,27,,,1,103,,64939,27,,,1,99,,64940,27,,,2,101,,64941,27,,,2,95,,64942,27,,,2,104,,64943,27,,,1,101,,64944,27,,,1,70,,64945,27,,,1,30,,64946,27,,,2,73,,64947,27,,,1,29,,64948,27,,,2,68,,64949,27,,,1,33,,64950,27,,,1,67,,64951,27,,,1,28,,64952,27,,,1,82,,64953,27,,,1,100,,64954,27,,,2,100,,64955,27,,,2,100,,64956,27,,,2,100,,64957,27,,,2
6900,'Semaine-10',847,,72868,27,,,1,103,,72869,27,,,1,99,,72870,27,,,2,101,,72871,27,,,2,95,,72872,27,,,2,104,,72873,27,,,1,101,,72874,27,,,1,70,,72875,27,,,1,30,,72876,27,,,2,73,,72877,27,,,1,29,,72878,27,,,2,68,,72879,27,,,1,33,,72880,27,,,1,67,,72881,27,,,1,28,,72882,27,,,1,82,,72883,27,,,1,100,,72884,27,,,2,100,,72885,27,,,2,100,,72886,27,,,2,100,,72887,27,,,2
6900,'Semaine-11',847,,75399,27,,,1,103,,75400,27,,,1,99,,75401,27,,,2,101,,75402,27,,,2,95,,75403,27,,,2,104,,75404,27,,,1,101,,75405,27,,,1,70,,75406,27,,,1,30,,75407,27,,,2,73,,75408,27,,,1,29,,75409,27,,,2,68,,75410,27,,,1,33,,75411,27,,,1,67,,75412,27,,,1,28,,75413,27,,,1,82,,75414,27,,,1,100,,75415,27,,,2,100,,75416,27,,,2,100,,75417,27,,,2,100,,75418,27,,,2
56900,'Semaine-0',1558,,65851,31,0,5 6,2
56900,'Semaine-10',1558,,73781,31,0,5 6,2
56900,'Semaine-11',1558,,76312,31,0,5 6,2
