2300,'Semaine-0',1521,,63476,1,,,1,29,,63474,1,,,1,74,,63472,1,,,1,26,,63473,1,,,2,68,,63475,1,,,2,32,,63471,1,,,1
2500,'Semaine-0',1505,,63482,1,,,1,30,,63485,1,,,1,70,,63483,1,,,1,33,,63487,1,,,1,67,,63484,1,,,2,30,,63486,1,,,2
2600,'Semaine-0',1528,,63496,1,,,1,30,,63495,1,,,1,70,,63494,1,,,2,30,,63497,1,,,1,70,,63498,1,,,2
2900,'Semaine-0',1519,,63522,1,,,2,33,,63521,1,,,1,72,,63519,1,,,2,28,,63523,1,,,1,73,,63520,1,,,1
3101,'Semaine-0',558,,63574,37,,,1,76,,63608,37,,,1,74,,63588,37,,,1,33,,63575,37,,,1,16,,63611,37,,,1,57,,63571,37,,,1,15,,63613,37,,,1,11,,63585,37,,,1,15,,63586,37,,,1,54,,63605,37,,,1,15,,63576,37,,,1,19,,63578,37,,,1,60,,63603,37,,,1,19,,63595,37,,,1,21,,63604,37,,,1,60,,63577,37,,,1,20,,63579,37,,,1,20,,63599,37,,,1,60,,63609,37,,,1,20,,63598,37,,,1,20,,63580,37,,,1,60,,63572,37,,,1,20,,63602,37,,,1,20,,63612,37,,,1,60,,63597,37,,,1,20,,63581,37,,,1,17,,63600,37,,,1,63,,63601,37,,,1,21,,63610,37,,,1,25,,63596,37,,,1,59,,63582,37,,,1,23,,63593,37,,,1,20,,63594,37,,,1,60,,63583,37,,,1,18,,63589,37,,,1,19,,63573,37,,,1,58,,63606,37,,,1,18,,63614,37,,,1,23,,63584,37,,,1,97,,63607,37,,,1,100,,63590,37,,,1,100,,63587,37,,,1,97,,63591,37,,,1,100,,63592,37,,,1
3201,'Semaine-0',543,,63711,36,,,1,60,,63710,36,,,1,20,,63702,36,,,1,21,,63712,36,,,2,10,,63692,36,,,1,48,,63713,36,,,1,12,,63693,36,,,1,12,,63694,36,,,1,8,,63686,36,,,1,11,,63689,36,,,1,8,,63715,36,,,1,49,,63695,36,,,1,8,,63690,36,,,1,9,,63703,36,,,1,8,,63685,36,,,1,9,,63696,36,,,1,8,,63714,36,,,2,8,,63684,36,,,1,50,,63683,36,,,1,10,,63688,36,,,1,8,,63691,36,,,1,8,,63697,36,,,1,22,,63671,36,,,2,68,,63681,37,,,1,29,,63674,37,,,1,70,,63677,37,,,1,30,,63670,37,,,1,70,,63680,37,,,1,30,,63675,37,,,1,70,,63682,37,,,1,30,,63664,37,,,1,70,,63669,37,,,1,30,,63676,37,,,1,73,,63687,37,,,1,33,,63704,37,,,1,71,,63705,37,,,2,29,,63706,37,,,1,69,,63707,37,,,1,27,,63708,37,,,2,69,,63709,37,,,1,30,,63667,37,,,1,68,,63665,37,,,2,28,,63678,37,,,2,70,,63673,37,,,1,29,,63668,37,,,1,71,,63666,37,,,2,30,,63679,37,,,1,69,,63672,37,,,1,28,,63699,37,,,1,72,,63698,37,,,1,28,,63700,37,,,1,70,,63701,37,,,1
3301,'Semaine-0',634,,63781,45,,,1,20,,63789,45,,,1,60,,63766,45,,,1,15,,63786,45,,,1,21,,63782,45,,,1,50,,63777,45,,,1,11,,63797,45,,,1,13,,63795,45,,,1,15,,63784,45,,,1,12,,63772,45,,,1,50,,63788,45,,,1,14,,63762,45,,,1,30,,63774,45,,,1,69,,63780,45,,,1,30,,63770,45,,,1,70,,63791,45,,,1,30,,63775,45,,,1,70,,63767,45,,,1,30,,63769,45,,,1,56,,63787,45,,,1,15,,63796,45,,,1,26,,63778,45,,,1,69,,63768,45,,,1,30,,63773,45,,,1,73,,63776,45,,,1,24,,63798,45,,,1,19,,63779,45,,,1,58,,63783,45,,,1,23,,63764,45,,,1,20,,63794,45,,,1,59,,63771,45,,,1,27,,63761,45,,,1,69,,63758,45,,,1,32,,63792,45,,,1,70,,63765,45,,,1,30,,63760,45,,,1,98,,63763,45,,,1,74,,63785,45,,,1,100,,63790,45,,,2,100,,63759,45,,,1,100,,63793,45,,,1
3401,'Semaine-0',941,,63856,57,,,1,70,,63836,57,,,2,30,,63840,58,,,1,70,,63860,58,,,1,30,,63833,58,,,1,70,,63837,58,,,1,30,,63841,58,,,1,70,,63831,58,,,1,30,,63834,58,,,1,70,,63838,58,,,1,32,,63842,58,,,2,71,,63835,58,,,1,32,,63857,58,,,1,72,,63832,58,,,1,35,,63858,58,,,1,67,,63859,58,,,1,28,,63853,58,,,1,66,,63849,58,,,1,27,,63839,58,,,1,69,,63846,58,,,1,29,,63855,58,,,1,69,,63843,58,,,1,30,,63845,58,,,1,70,,63847,58,,,1,30,,63851,58,,,2,70,,63844,58,,,1,30,,63850,58,,,1,68,,63848,58,,,1,30,,63852,58,,,1,70,,63854,58,,,1
3601,'Semaine-0',923,,63937,46,,,1,90,,63935,47,,,1,99,,63938,47,,,1,102,,63936,47,,,1,99,,63941,47,,,1,100,,63940,47,,,1,101,,63939,47,,,1
3701,'Semaine-0',545,,63984,38,,,1,72,,63982,38,,,1,35,,63986,38,,,1,70,,63976,38,,,1,37,,63993,38,,,1,57,,63973,38,,,1,14,,63994,38,,,1,28,,63975,38,,,1,96,,63992,38,,,1,100,,63980,39,,,1,100,,63974,39,,,1,100,,63972,39,,,1,100,,63977,39,,,1,102,,63988,39,,,1,102,,63971,39,,,1,71,,63987,39,,,1,71,,63990,39,,,1,28,,63985,39,,,1,28,,63991,39,,,1,67,,63995,39,,,1,85,,63979,39,,,1,98,,63989,39,,,1,100,,63981,39,,,1,102,,63978,39,,,1,48,,63983,39,,,1
3801,'Semaine-0',640,,64066,27,,,1,71,,64038,27,,,1,30,,64065,27,,,1,62,,64076,27,,,1,18,,64072,27,,,1,23,,64054,27,,,1,70,,64074,27,,,1,29,,64061,26,,,1,59,,64044,26,,,1,20,,64070,26,,,1,20,,64055,26,,,1,60,,64047,26,,,1,22,,64062,26,,,1,20,,64045,26,,,1,60,,64069,26,,,1,21,,64075,26,,,1,22,,64048,26,,,1,60,,64077,26,,,1,20,,64063,26,,,1,20,,64068,26,,,1,58,,64056,26,,,1,20,,64049,26,,,1,19,,64064,26,,,1,61,,64078,26,,,1,22,,64051,26,,,1,22,,64057,26,,,1,70,,64071,26,,,1,30,,64046,26,,,1,71,,64053,26,,,1,27,,64043,26,,,1,69,,64079,26,,,1,20,,64040,26,,,1,19,,64073,26,,,1,69,,64042,26,,,1,29,,64052,26,,,1,71,,64060,26,,,1,30,,64067,26,,,1,70,,64050,26,,,1,28,,64058,26,,,1,71,,64059,26,,,1,29,,64039,26,,,1,85,,64041,26,,,1
4000,'Semaine-0',1500,,64155,1,,,1,30,,64151,1,,,2,70,,64154,1,,,1,30,,64153,1,,,1,70,,64152,1,,,1,33,,64156,1,,,1
4100,'Semaine-0',1510,,64164,1,,,1,30,,64166,1,,,1,72,,64165,1,,,2,28,,64163,1,,,1,70,,64167,1,,,1
4500,'Semaine-0',1449,,64182,1,,,1,71,,64177,1,,,1,30,,64178,1,,,1,73,,64180,1,,,1,27,,64181,1,,,1,70,,64179,1,,,2
4700,'Semaine-0',1505,,64189,1,,,1,100,,64190,1,,,1,100,,64191,1,,,2
4800,'Semaine-0',1658,,64196,1,,,1
5501,'Semaine-0',546,,64382,56,,,1,55,,64389,56,,,1,14,,64388,54,,,1,18,,64372,54,,,1,16,,64410,54,,,1,62,,64409,54,,,1,8,,64369,54,,,1,17,,64414,54,,,1,15,,64395,54,,,1,56,,64403,54,,,1,16,,64373,54,,,1,8,,64377,54,,,1,12,,64375,54,,,1,9,,64404,54,,,1,3,,64406,54,,,1,54,,64383,54,,,1,25,,64387,54,,,1,12,,64374,54,,,1,11,,64408,54,,,1,71,,64401,56,,,1,23,,64413,23,,,1,8,,64405,56,,,1,69,,64371,56,,,1,27,,64378,56,,,1,70,,64391,56,,,1,30,,64402,56,,,1,71,,64398,56,,,1,30,,64379,56,,,1,70,,64411,56,,,1,30,,64370,56,,,1,75,,64376,56,,,1,93,,64380,56,,,1,96,,64385,56,,,1,99,,64390,56,,,1,96,,64407,56,,,1,20,,64396,56,,,1,70,,64384,56,,,1,30,,64400,56,,,1,70,,64393,56,,,1,30,,64412,56,,,1,70,,64386,56,,,1,29,,64392,56,,,1,68,,64394,56,,,1,30,,64381,56,,,1,68,,64399,56,,,1,30,,64397,56,,,1
5901,'Semaine-0',541,,64498,45,,,1,15,,64534,45,,,1,55,,64507,45,,,1,15,,64528,43,,,1,18,,64508,43,,,1,14,,64497,43,,,1,53,,64499,43,,,1,17,,64502,43,,,1,13,,64537,21,,,1,6,,64505,43,,,1,9,,64538,21,,,1,48,,64506,43,,,1,7,,64539,21,,,1,11,,64501,43,,,1,7,,64495,21,,,1,5,,64530,43,,,1,19,,64516,43,,,1,51,,64521,43,,,1,13,,64511,43,,,1,11,,64496,43,,,1,16,,64514,43,,,1,67,,64540,43,,,1,29,,64535,45,,,1,70,,64522,45,,,1,30,,64504,45,,,1,71,,64515,45,,,1,30,,64518,45,,,1,70,,64503,45,,,1,30,,64532,45,,,1,70,,64494,45,,,1,30,,64536,45,,,1,70,,64526,45,,,1,42,,64529,45,,,1,100,,64533,45,,,1,97,,64513,45,,,1,97,,64520,45,,,1,72,,64525,45,,,1,30,,64512,45,,,1,70,,64519,45,,,1,30,,64524,45,,,1,69,,64531,45,,,1,30,,64509,45,,,1,70,,64527,45,,,1,29,,64517,45,,,1,70,,64500,45,,,1,30,,64510,45,,,1,70,,64523,45,,,1
6701,'Semaine-0',938,,64860,34,,,1,19,,64849,34,,,1,60,,64867,34,,,1,20,,64853,34,,,1,20,,64847,34,,,1,60,,64868,34,,,1,20,,64861,34,,,1,20,,64850,34,,,1,60,,64869,34,,,1,20,,64854,34,,,1,19,,64857,34,,,1,60,,64870,34,,,1,20,,64856,34,,,1,20,,64851,34,,,1,61,,64871,34,,,1,20,,64862,34,,,1,20,,64864,34,,,1,63,,64866,34,,,1,20,,64858,34,,,1,74,,64842,34,,,1,30,,64865,34,,,1,67,,64845,34,,,1,30,,64863,34,,,1,69,,64859,34,,,1,28,,64852,34,,,1,69,,64840,34,,,1,28,,64855,34,,,1,69,,64843,34,,,2,30,,64872,34,,,2,70,,64841,34,,,1,30,,64874,34,,,1,69,,64844,34,,,2,30,,64875,34,,,1,69,,64846,34,,,1,29,,64873,34,,,1,70,,64848,34,,,2
8501,'Semaine-0',553,,65369,36,,,1,71,,65371,36,,,1,27,,65374,36,,,1,55,,65373,36,,,1,18,,65378,36,,,1,15,,65370,36,,,2,17,,65376,36,,,1,56,,65372,36,,,2,14,,65377,36,,,1,20,,65375,36,,,1
8701,'Semaine-0',538,,65398,32,,,1,70,,65391,32,,,1,30,,65396,32,,,1,19,,65394,32,,,1,55,,65392,32,,,1,16,,65401,32,,,1,17,,65397,32,,,1,57,,65393,32,,,1,16,,65400,32,,,1,17,,65399,32,,,2,20,,65395,32,,,1,60,,65390,32,,,1
20001,'Semaine-0',641,,65535,11,,,1,6,,65536,13,,,1,6,,65537,11,,,1,6,,65538,13,,,1,43,,65539,11,,,1,5,,65561,13,,,1,9,,65540,11,,,1,2,,65541,13,,,1,7,,65558,11,,,1,5,,65542,13,,,1,8,,65557,11,,,1,5,,65544,13,,,1,5,,65553,11,,,1,3,,65543,11,,,1,3,,65534,13,,,1,3,,65560,11,,,1,43,,65549,11,,,1,3,,65545,13,,,1,3,,65547,11,,,1,3,,65559,11,,,1,5,,65546,13,,,1,7,,65550,11,,,1,3,,65548,13,,,1,2,,65552,11,,,1,7,,65551,13,,,1,8,,65562,11,,,1,6,,65554,13,,,1,5,,65555,11,,,1,5,,65556,13,,,1,46,,65563,11,,,1
37101,'Semaine-0',557,,65621,40,,,1,73,,65624,39,,,1,73,,65617,39,,,1,29,,65619,39,,,1,74,,65629,39,,,1,30,,65628,39,,,1,67,,65623,39,,,1,32,,65607,39,,,1,98,,65614,40,,,1,100,,65612,40,,,1,101,,65613,40,,,1,100,,65627,40,,,1,100,,65610,40,,,1,106,,65611,40,,,1,71,,65608,40,,,1,30,,65615,40,,,1,67,,65625,40,,,1,28,,65626,40,,,1,70,,65605,40,,,1,40,,65609,40,,,1,92,,65620,40,,,1,100,,65622,40,,,1,100,,65606,40,,,1,97,,65616,40,,,1,183,,65618,40,,,1
40001,'Semaine-0',524,,65793,18,,,1,10,,65794,18,,,1,10,,65795,18,,,1,10,,65796,18,,,1,50,,65797,18,,,1,12,,65798,18,,,1,5,,65799,18,,,1,5,,65800,18,,,1,4,,65801,18,,,1,6,,65807,18,,,1,272,,65802,18,,,1,9,,65803,16,,,1,6,,65804,18,,,1,10,,65805,18,,,1,11,,65806,18,,,1,10,,65752,18,,,1,49,,65737,18,,,1,11,,65762,18,,,1,11,,65763,18,,,1,9,,65809,18,,,1,10,,65727,18,,,1,10,,65810,18,,,1,50,,65725,18,,,1,10,,65759,18,,,1,10,,65779,18,,,1,10,,65746,18,,,1,10,,65754,18,,,1,10,,65751,18,,,1,50,,65729,18,,,1,10,,65790,18,,,1,10,,65764,18,,,1,10,,65776,18,,,1,10,,65728,18,,,1,10,,65738,18,,,1,50,,65731,18,,,1,10,,65747,18,,,1,10,,65780,18,,,1,10,,65761,18,,,1,10,,65755,18,,,1,10,,65750,18,,,1,50,,65743,18,,,1,10,,65786,18,,,1,10,,65765,18,,,1,10,,65777,18,,,1,10,,65792,18,,,1,11,,65740,18,,,1,51,,65723,18,,,1,10,,65782,18,,,1,11,,65781,18,,,1,10,,65766,18,,,1,10,,65756,18,,,1,6,,65748,14,,,1,6,,65733,18,,,1,52,,65784,18,,,1,13,,65791,18,,,1,7,,65808,14,,,1,5,,65778,18,,,1,13,,65813,18,,,1,10,,65758,18,,,1,52,,65787,18,,,1,12,,65811,18,,,1,12,,65771,18,,,1,12,,65749,18,,,1,10,,65734,18,,,1,52,,65739,18,,,1,12,,65812,18,,,1,12,,65741,18,,,1,12,,65767,18,,,1,10,,65757,18,,,1,52,,65788,18,,,1,10,,65774,18,,,1,12,,65753,18,,,1,9,,65735,18,,,1,13,,65775,18,,,1,52,,65815,18,,,1,12,,65814,18,,,1,12,,65742,18,,,1,12,,65768,18,,,1,12,,65745,18,,,1,52,,65789,18,,,1,12,,65772,18,,,1,15,,65730,18,,,1,13,,65816,18,,,1,57,,65736,18,,,1,15,,65732,18,,,1,15,,65783,18,,,1,11,,65769,18,,,1,15,,65744,18,,,1,55,,65773,18,,,1,15,,65785,18,,,1,15,,65726,18,,,1,15,,65724,18,,,1,55,,65760,18,,,1,30,,65770,18,,,1
