2701,'Semaine-0',609,,63511,4,,,1,43,,63512,4,,,1,91,,63509,4,,,1,66,,63510,4,,,2
2701,'Semaine-10',609,,71441,4,,,1,43,,71442,4,,,1,91,,71439,4,,,1,66,,71440,4,,,2
2701,'Semaine-11',609,,73972,4,,,1,43,,73973,4,,,1,91,,73970,4,,,1,66,,73971,4,,,2
3501,'Semaine-0',646,,63927,4,,,1,75,,63920,4,,,1
3501,'Semaine-10',646,,71857,4,,,1,75,,71850,4,,,1
3501,'Semaine-11',646,,74388,4,,,1,75,,74381,4,,,1
33100,'Semaine-0',828,,65576,26,0,7 8,1
33100,'Semaine-10',828,,73506,26,0,7 8,1
33100,'Semaine-11',828,,76037,26,0,7 8,1
43300,'Semaine-0',1502,,65830,13,0,9 14,2
43300,'Semaine-10',1502,,73760,13,0,9 14,2
43300,'Semaine-11',1502,,76291,13,0,9 14,2
82701,'Semaine-0',747,,65971,4,0,9 12 13,2
82701,'Semaine-10',747,,73901,4,0,9 12 13,2
82701,'Semaine-11',747,,76433,4,0,9 12 13,2
