3100,'Semaine-0',600,,63532,1,,,1,42,,63565,1,,,1,61,,63545,1,,,1,21,,63533,1,,,1,15,,63570,1,,,1,61,,63567,1,,,1,21,,63529,1,,,1,18,,63542,1,,,1,63,,63543,1,,,1,9,,63534,1,,,1,24,,63536,1,,,1,20,,63553,1,,,1,67,,63554,1,,,1,31,,63535,1,,,1,70,,63540,1,,,1,30,,63559,1,,,1,70,,63556,1,,,1,17,,63537,1,,,1,13,,63530,1,,,1,59,,63564,1,,,1,20,,63568,1,,,1,18,,63555,1,,,1,69,,63538,1,,,1,21,,63558,1,,,1,9,,63560,1,,,1,75,,63566,1,,,1,24,,63557,1,,,1,58,,63539,1,,,1,19,,63550,1,,,1,23,,63552,1,,,1,62,,63541,1,,,1,17,,63528,1,,,1,15,,63531,1,,,1,11,,63562,1,,,1,69,,63569,1,,,1,12,,63547,1,,,1,20,,63563,1,,,1,146,,63548,1,,,1,100,,63544,1,,,1,100,,63549,1,,,1,100,,63551,1,,,1,100,,63561,1,,,1,100,,63546,1,,,1
3200,'Semaine-0',610,,63658,1,,,1,30,,63657,1,,,1,71,,63653,1,,,1,30,,63655,1,,,1,70,,63654,1,,,2,30,,63656,1,,,1,70,,63629,1,,,2,30,,63624,1,,,1,70,,63625,1,,,2,30,,63636,1,,,1,70,,63630,1,,,1,30,,63616,1,,,1,70,,63617,1,,,1,30,,63628,1,,,1,70,,63631,1,,,1,30,,63637,1,,,1,70,,63618,1,,,1,29,,63663,1,,,1,14,,63615,1,,,2,52,,63645,1,,,1,10,,63635,1,,,1,11,,63641,1,,,2,10,,63642,1,,,1,10,,63660,1,,,1,10,,63661,1,,,1,50,,63662,1,,,2,13,,63659,1,,,2,7,,63632,1,,,1,10,,63643,1,,,1,10,,63651,1,,,2,10,,63644,1,,,2,50,,63621,1,,,1,10,,63652,1,,,1,10,,63638,1,,,2,10,,63640,1,,,1,10,,63639,1,,,1,61,,63633,1,,,2,25,,63627,1,,,1,70,,63622,1,,,1,30,,63619,1,,,2,70,,63634,1,,,2,30,,63626,1,,,1,73,,63623,1,,,1,27,,63620,1,,,2,70,,63646,1,,,1,30,,63647,1,,,1,70,,63648,1,,,1,30,,63649,1,,,1,70,,63650,1,,,1
3300,'Semaine-0',607,,63741,1,,,1,20,,63740,1,,,1,16,,63747,1,,,1,74,,63720,1,,,1,13,,63734,1,,,1,21,,63742,1,,,1,56,,63755,1,,,1,17,,63748,1,,,1,28,,63732,1,,,1,69,,63750,1,,,1,32,,63735,1,,,1,78,,63725,1,,,1,21,,63744,1,,,1,60,,63730,1,,,1,20,,63737,1,,,1,20,,63726,1,,,1,62,,63752,1,,,1,18,,63733,1,,,1,20,,63754,1,,,1,72,,63739,1,,,1,28,,63727,1,,,1,60,,63749,1,,,1,20,,63745,1,,,1,17,,63738,1,,,1,63,,63717,1,,,1,21,,63729,1,,,1,12,,63736,1,,,1,55,,63753,1,,,1,17,,63751,1,,,1,25,,63746,1,,,1,60,,63724,1,,,1,20,,63723,1,,,1,17,,63728,1,,,1,19,,63716,1,,,1,58,,63721,1,,,1,41,,63756,1,,,1,73,,63731,1,,,1,100,,63722,1,,,1,102,,63718,1,,,1,100,,63743,1,,,2,100,,63757,1,,,1,103,,63719,1,,,1
3400,'Semaine-0',555,,63829,1,,,1,67,,63814,1,,,1,31,,63808,1,,,1,73,,63812,1,,,1,30,,63803,1,,,2,70,,63823,1,,,1,30,,63809,1,,,1,70,,63799,1,,,1,30,,63804,1,,,1,70,,63805,1,,,1,30,,63810,1,,,1,70,,63800,1,,,1,30,,63830,1,,,1,70,,63806,1,,,1,30,,63811,1,,,1,70,,63801,1,,,1,30,,63827,1,,,1,70,,63802,1,,,1,23,,63828,1,,,1,309,,63826,1,,,1,60,,63815,1,,,1,30,,63807,1,,,1,70,,63819,1,,,1,30,,63825,1,,,1,71,,63816,1,,,1,29,,63818,1,,,1,70,,63820,1,,,1,30,,63813,1,,,1,70,,63822,1,,,1,30,,63817,1,,,1,70,,63821,1,,,1,30,,63824,1,,,1
3500,'Semaine-0',618,,63886,8,0,15 16,1,39,,63861,8,0,15 16,2,63,,63871,8,0,15 16,1,23,,63889,8,0,15 16,1,15,,63879,8,0,15 16,1,60,,63894,8,0,15 16,1,20,,63891,8,0,15 16,1,63,,63884,8,0,15 16,1,21,,63890,8,0,15 16,1,30,,63869,8,0,15 16,1,66,,63882,8,0,15 16,1,34,,63863,8,0,15 16,1,68,,63867,8,0,15 16,1,30,,63877,8,0,15 16,2,72,,63862,8,0,15 16,1,30,,63872,8,0,15 16,1,70,,63893,8,0,15 16,2,30,,63880,8,0,15 16,1,70,,63864,8,0,15 16,2,30,,63876,8,,,2,70,,63878,8,0,15 16,1,18,,63870,1,0,15 16,1,19,,63881,8,,,1,53,,63875,1,0,15 16,1,18,,63885,8,,,1,28,,63887,8,0,15 16,1,71,,63868,8,,,1,25,,63866,8,0,15 16,1,68,,63895,8,,,1,27,,63883,8,0,15 16,1,70,,63873,1,0,15 16,1,30,,63874,8,,,1,100,,63888,8,,,1,100,,63892,8,,,1,100,,63865,8,0,15 16,1
3600,'Semaine-0',845,,63929,1,,,1,100,,63930,1,,,1,100,,63928,1,,,1,100,,63931,1,,,1,100,,63933,1,,,1,100,,63934,1,,,1,99,,63932,1,,,1
3700,'Semaine-0',625,,63963,1,,,1,81,,63969,1,,,1,33,,63960,1,,,1,66,,63944,1,,,1,31,,63958,1,,,1,89,,63950,1,,,1,100,,63946,1,,,1,100,,63947,1,,,1,100,,63948,1,,,1,100,,63949,1,,,1,100,,63955,1,,,1,84,,63956,1,,,1,16,,63957,1,,,1,15,,63943,1,,,1,15,,63965,1,,,1,65,,63952,1,,,1,30,,63961,1,,,1,65,,63951,1,,,1,30,,63945,1,,,1,70,,63942,1,,,1,30,,63953,1,,,1,70,,63968,1,,,1,29,,63959,1,,,1,76,,63970,1,,,1,100,,63966,1,,,1,100,,63954,1,,,1,100,,63964,1,,,1,100,,63967,1,,,1,15,,63962,1,,,1
3800,'Semaine-0',635,,64012,1,,,1,19,,64028,1,,,1,71,,64023,1,,,1,30,,64036,1,,,1,70,,64033,1,,,1,30,,64009,1,,,1,60,,64005,1,,,1,20,,64016,1,,,1,20,,64001,1,,,1,60,,64025,1,,,1,20,,64010,1,,,1,20,,64006,1,,,1,60,,64017,1,,,1,20,,64002,1,,,1,20,,64024,1,,,1,60,,64035,1,,,1,20,,64007,1,,,1,20,,64018,1,,,1,60,,64026,1,,,1,20,,64037,1,,,1,20,,64011,1,,,1,60,,64008,1,,,1,20,,64019,1,,,1,70,,64032,1,,,1,30,,63997,1,,,1,70,,64021,1,,,1,35,,64030,1,,,1,64,,64020,1,,,1,32,,64034,1,,,1,69,,64000,1,,,1,30,,64031,1,,,1,69,,64014,1,,,1,31,,64022,1,,,1,72,,64027,1,,,1,28,,64029,1,,,1,70,,64013,1,,,1,30,,63999,1,,,1,70,,64015,1,,,1,30,,64003,1,,,1,70,,63998,1,,,1,30,,63996,1,,,1,70,,64004,1,,,1
5500,'Semaine-0',617,,64323,1,,,1,98,,64339,1,,,1,29,,64322,1,,,1,99,,64358,1,,,1,70,,64359,1,,,1,30,,64328,1,,,1,70,,64338,1,,,1,30,,64342,1,,,1,70,,64364,1,,,1,30,,64324,1,,,1,70,,64363,1,,,1,30,,64341,1,,,1,70,,64356,1,,,1,30,,64350,1,,,1,62,,64357,1,,,1,15,,64343,1,,,1,14,,64321,1,,,1,12,,64362,1,,,1,56,,64332,1,,,1,15,,64365,1,,,1,13,,64353,1,,,1,10,,64325,1,,,1,13,,64336,1,,,1,58,,64368,1,,,1,9,,64361,1,,,1,11,,64327,1,,,1,11,,64344,1,,,1,12,,64337,1,,,1,52,,64366,1,,,1,13,,64351,1,,,1,11,,64331,1,,,1,12,,64326,1,,,1,10,,64367,1,,,1,51,,64335,1,,,1,13,,64330,1,,,1,10,,64340,1,,,1,30,,64355,1,,,1,70,,64360,1,,,1,30,,64347,1,,,1,70,,64333,1,,,1,30,,64354,1,,,1,70,,64345,1,,,1,30,,64348,1,,,1,70,,64334,1,,,1,30,,64349,1,,,1,70,,64346,1,,,1,30,,64329,1,,,1,70,,64352,1,,,1
5900,'Semaine-0',545,,64453,1,,,1,95,,64488,1,,,1,86,,64493,1,,,1,88,,64469,1,,,1,44,,64465,1,,,1,70,,64486,1,,,1,30,,64462,1,,,1,70,,64485,1,,,1,30,,64476,1,,,1,70,,64470,1,,,1,30,,64478,1,,,1,70,,64461,1,,,1,30,,64489,1,,,1,70,,64452,1,,,1,30,,64483,1,,,1,54,,64454,1,,,1,16,,64487,1,,,1,28,,64447,1,,,1,54,,64491,1,,,1,15,,64446,1,,,1,8,,64481,1,,,1,14,,64477,1,,,1,53,,64464,1,,,1,13,,64448,1,,,1,12,,64449,1,,,1,12,,64457,1,,,1,12,,64484,1,,,1,52,,64473,1,,,1,11,,64460,1,,,1,12,,64482,1,,,1,12,,64468,1,,,1,12,,64480,1,,,1,9,,64450,1,,,1,53,,64455,1,,,1,31,,64475,1,,,1,70,,64466,1,,,1,30,,64471,1,,,1,70,,64459,1,,,1,30,,64467,1,,,1,70,,64472,1,,,1,30,,64479,1,,,1,70,,64456,1,,,1,30,,64474,1,,,1,70,,64463,1,,,1,30,,64451,1,,,1,70,,64458,1,,,1
6700,'Semaine-0',600,,64809,1,,,1,30,,64803,1,,,1,70,,64811,1,,,1,22,,64820,1,,,1,21,,64804,1,,,1,58,,64829,1,,,1,29,,64814,1,,,1,70,,64822,1,,,1,20,,64812,1,,,1,20,,64832,1,,,1,60,,64830,1,,,1,20,,64817,1,,,2,20,,64833,1,,,1,60,,64823,1,,,1,20,,64826,1,,,1,20,,64834,1,,,1,60,,64831,1,,,1,20,,64818,1,,,1,20,,64835,1,,,1,60,,64824,1,,,1,20,,64827,1,,,1,20,,64836,1,,,1,60,,64816,1,,,1,20,,64819,1,,,1,20,,64837,1,,,1,365,,64839,1,,,1,15,,64813,1,,,1,20,,64838,1,,,1,60,,64821,1,,,1,30,,64801,1,,,1,72,,64825,1,,,1,28,,64805,1,,,2,70,,64828,1,,,2,30,,64802,1,,,1,70,,64810,1,,,1,30,,64806,1,,,2,73,,64815,1,,,1,27,,64808,1,,,1,70,,64807,1,,,2
8500,'Semaine-0',1507,,65367,1,,,1,16,,65362,1,,,2,15,,65359,1,,,1,15,,65368,1,,,2,56,,65358,1,,,1,15,,65361,1,,,1,16,,65366,1,,,1,15,,65364,1,,,1,60,,65363,1,,,2,21,,65360,1,,,1,19,,65365,1,,,2
8700,'Semaine-0',1500,,65388,5,,,1,15,,65387,5,,,2,15,,65380,5,,,1,15,,65382,5,,,2,55,,65379,5,,,1,18,,65389,5,,,1,12,,65385,5,,,1,15,,65386,5,,,2,59,,65381,5,,,1,21,,65384,5,,,1,20,,65383,5,,,1
20000,'Semaine-0',1459,,65504,1,,,1,45,,65505,1,,,1,8,,65528,1,,,1,5,,65506,1,,,1,5,,65507,1,,,1,5,,65533,1,,,1,5,,65508,1,,,1,5,,65510,1,,,1,5,,65511,1,,,1,5,,65512,1,,,1,5,,65514,1,,,1,5,,65515,1,,,1,45,,65509,1,,,1,5,,65532,1,,,1,5,,65513,1,,,1,7,,65516,1,,,1,4,,65517,1,,,1,5,,65518,1,,,1,4,,65519,1,,,1,5,,65531,1,,,1,5,,65520,1,,,1,5,,65529,1,,,1,5,,65521,1,,,1,5,,65522,1,,,1,45,,65524,1,,,1,5,,65523,1,,,1,5,,65525,1,,,1,5,,65526,1,,,1,5,,65527,1,,,1,5,,65530,1,,,1
37100,'Semaine-0',645,,65591,1,,,1,71,,65588,1,,,1,30,,65584,1,,,1,69,,65579,1,,,1,90,,65598,1,,,1,100,,65583,1,,,1,100,,65585,1,,,1,100,,65597,1,,,1,100,,65592,1,,,1,100,,65581,1,,,1,50,,65593,1,,,1,59,,65602,1,,,1,16,,65582,1,,,1,15,,65603,1,,,1,65,,65578,1,,,1,20,,65587,1,,,1,70,,65594,1,,,1,25,,65600,1,,,1,30,,65599,1,,,1,70,,65589,1,,,1,30,,65601,1,,,1,70,,65604,1,,,1,30,,65590,1,,,1,95,,65586,1,,,1,100,,65596,1,,,1,100,,65595,1,,,1,100,,65580,1,,,1
40000,'Semaine-0',530,,65630,1,,,1,15,,65636,1,,,1,55,,65659,1,,,1,14,,65674,1,,,1,16,,65664,1,,,1,15,,65722,1,,,1,9,,65694,1,,,1,50,,65646,1,,,1,10,,65693,1,,,1,17,,65688,1,,,1,13,,65689,1,,,1,10,,65644,1,,,1,52,,65666,1,,,1,12,,65668,1,,,1,12,,65715,1,,,1,12,,65685,1,,,1,12,,65639,1,,,1,53,,65648,1,,,1,9,,65634,1,,,1,10,,65637,1,,,1,10,,65690,1,,,1,10,,65656,1,,,1,10,,65669,1,,,1,50,,65662,1,,,1,10,,65663,1,,,1,10,,65695,1,,,1,10,,65675,1,,,1,10,,65686,1,,,1,11,,65640,1,,,1,49,,65649,1,,,1,10,,65638,1,,,1,11,,65716,1,,,1,9,,65691,1,,,1,10,,65657,1,,,1,10,,65670,1,,,1,51,,65661,1,,,1,10,,65653,1,,,1,9,,65682,1,,,1,11,,65665,1,,,1,4,,65676,1,,,1,5,,65687,1,,,1,11,,65641,1,,,1,50,,65651,1,,,1,10,,65643,1,,,1,10,,65633,1,,,1,10,,65692,1,,,1,10,,65673,1,,,1,10,,65671,1,,,1,46,,65683,1,,,1,6,,65660,1,,,1,6,,65652,1,,,1,6,,65700,1,,,1,6,,65701,1,,,1,4,,65702,1,,,1,6,,65703,1,,,1,2,,65704,1,,,1,8,,65714,1,,,1,5,,65720,1,,,1,2,,65705,1,,,1,278,,65706,1,,,1,5,,65707,1,,,1,5,,65708,1,,,1,5,,65709,1,,,1,5,,65721,1,,,1,5,,65710,1,,,1,48,,65711,1,,,1,8,,65712,1,,,1,12,,65713,1,,,1,12,,65677,1,,,1,12,,65678,1,,,1,52,,65672,1,,,1,12,,65698,1,,,1,12,,65681,1,,,1,12,,65667,1,,,1,12,,65645,1,,,1,52,,65717,1,,,1,12,,65650,1,,,1,13,,65718,1,,,1,11,,65658,1,,,1,12,,65679,1,,,1,52,,65719,1,,,1,14,,65655,1,,,1,15,,65699,1,,,1,15,,65697,1,,,1,55,,65642,1,,,1,15,,65631,1,,,1,15,,65647,1,,,1,15,,65680,1,,,1,55,,65654,1,,,1,15,,65684,1,,,1,15,,65696,1,,,1,15,,65635,1,,,1,55,,65632,1,,,1
