4101,'Semaine-0',635,,64170,17,,,1,73,,64171,17,,,1,35,,64172,17,,,1,65,,64169,17,,,2,29,,64168,17,,,1
4900,'Samedi-0',717,,66565,14,,,1,100,,66566,14,,,1,101,,66563,14,,,1,100,,66567,14,,,1,100,,66564,14,,,1,100,,66568,14,,,1,98,,66569,14,,,1,102,,66570,14,,,1,100,,66571,14,,,1,100,,66572,14,,,1,100,,66573,14,,,1,99,,66574,14,,,1,100,,66575,14,,,1,100,,66576,14,,,1,100,,66577,14,,,1,100,,66578,14,,,1,99,,66579,14,,,1
4900,'Dimanche-11',717,,66580,14,,,1,100,,66593,14,,,1,101,,66581,14,,,1,100,,66592,14,,,1,100,,66584,14,,,1,100,,66583,14,,,1,98,,66587,14,,,1,102,,66582,14,,,1,100,,66586,14,,,1,100,,66585,14,,,1,100,,66589,14,,,1,99,,66591,14,,,1,100,,66588,14,,,1,100,,66590,14,,,1,100,,66594,14,,,1,100,,66595,14,,,1,99,,66596,14,,,1
4900,'Semaine-0',629,,64225,14,,,1,14,,64220,1,,,1,3,,64232,1,,,1,4,,64208,1,,,1,6,,64231,1,,,1,44,,64236,14,,,1,1,,64235,1,,,1,4,,64234,1,,,1,5,,64233,1,,,1,21,,64228,14,,,1,26,,64229,14,,,1,1,,64224,1,,,1,72,,64223,14,,,1,74,,64218,14,,,1,29,,64210,14,,,1,71,,64230,14,,,1,33,,64226,14,,,1,70,,64221,14,,,1,30,,64198,14,,,1,70,,64219,14,,,1,30,,64200,14,,,1,70,,64205,14,,,1,30,,64207,14,,,1,71,,64211,14,,,1,30,,64227,14,,,1,70,,64209,14,,,1,30,,64212,14,,,1,70,,64203,14,,,1,30,,64215,14,,,1,70,,64206,14,,,1,30,,64204,14,,,1,70,,64222,14,,,1,28,,64216,14,,,1,100,,64199,14,,,1,99,,64217,14,,,1,101,,64214,14,,,1,100,,64201,14,,,1,98,,64213,14,,,1,100,,64202,14,,,1
5200,'Samedi-0',650,,66631,34,,,1,100,,66632,34,,,1,101,,66633,34,,,1,100,,66634,34,,,1,100,,66635,34,,,1,102,,66636,34,,,1,100,,66637,34,,,1,100,,66638,34,,,1,99,,66639,34,,,1,100,,66640,34,,,1,100,,66641,34,,,1,100,,66642,34,,,1,99,,66643,34,,,1,100,,66646,34,,,1,100,,66644,34,,,1,99,,66645,34,,,1,98,,66647,34,,,1,100,,66648,34,,,1
5200,'Dimanche-11',650,,66650,34,,,1,100,,66649,34,,,1,101,,66651,34,,,1,100,,66654,34,,,1,100,,66652,34,,,1,102,,66653,34,,,1,100,,66657,34,,,1,100,,66656,34,,,1,99,,66658,34,,,1,100,,66655,34,,,1,100,,66659,34,,,1,100,,66661,34,,,1,99,,66662,34,,,1,100,,66660,34,,,1,100,,66663,34,,,1,99,,66664,34,,,1,98,,66665,34,,,1,100,,66666,34,,,1
5200,'Semaine-0',621,,64282,34,,,1,98,,64284,34,,,1,109,,64279,34,,,1,96,,64295,34,,,1,98,,64293,34,,,1,101,,64280,34,,,1,100,,64287,34,,,1,100,,64286,34,,,1,100,,64283,34,,,1,101,,64281,34,,,1,108,,64285,34,,,1,100,,64296,34,,,1,106,,64294,34,,,1,99,,64288,34,,,1,84,,64292,34,,,1,100,,64291,34,,,1,99,,64289,34,,,1,100,,64290,34,,,1
5501,'Samedi-0',659,,66775,24,,,1,70,,66778,24,,,1,71,,66777,24,,,1,30,,66787,24,,,1,29,,66776,24,,,1,70,,66779,24,,,1,71,,66780,24,,,1,29,,66786,24,,,1,30,,66782,24,,,1,70,,66783,24,,,1,30,,66781,24,,,1,70,,66789,24,,,1,30,,66788,24,,,1,70,,66784,24,,,1,30,,66785,24,,,1,72,,66790,24,,,1,28,,66791,24,,,1,72,,66792,24,,,1,28,,66793,24,,,1,72,,66794,24,,,1,28,,66795,24,,,1,72,,66796,24,,,1,28,,66797,24,,,1,71,,66798,24,,,1,70,,66799,24,,,1,30,,66800,24,,,1,70,,66801,24,,,1,30,,66802,24,,,1,70,,66803,24,,,1,30,,66805,24,,,1,70,,66804,24,,,1,30,,66807,24,,,1,70,,66806,24,,,1
5501,'Dimanche-11',659,,66809,24,,,1,70,,66813,24,,,1,71,,66811,24,,,1,30,,66816,24,,,1,29,,66818,24,,,1,70,,66812,24,,,1,71,,66808,24,,,1,29,,66822,24,,,1,30,,66817,24,,,1,70,,66824,24,,,1,30,,66815,24,,,1,70,,66814,24,,,1,30,,66820,24,,,1,70,,66810,24,,,1,30,,66819,24,,,1,72,,66823,24,,,1,28,,66828,24,,,1,72,,66821,24,,,1,28,,66827,24,,,1,72,,66830,24,,,1,28,,66825,24,,,1,72,,66826,24,,,1,28,,66832,24,,,1,71,,66834,24,,,1,70,,66831,24,,,1,30,,66829,24,,,1,70,,66833,24,,,1,30,,66835,24,,,1,70,,66836,24,,,1,30,,66837,24,,,1,70,,66838,24,,,1,30,,66839,24,,,1,70,,66840,24,,,1
5501,'Semaine-0',519,,64382,24,,,1,14,,64389,24,,,1,15,,64388,24,,,1,56,,64372,24,,,1,15,,64410,24,,,1,21,,64409,24,,,1,8,,64369,24,,,1,52,,64414,24,,,1,15,,64395,24,,,1,13,,64403,24,,,1,16,,64373,24,,,1,9,,64377,24,,,1,52,,64375,24,,,1,9,,64404,24,,,1,6,,64406,24,,,1,14,,64383,24,,,1,68,,64387,24,,,1,12,,64374,24,,,1,11,,64408,24,,,1,30,,64401,24,,,1,71,,64405,24,,,1,28,,64371,24,,,1,70,,64378,24,,,1,30,,64391,24,,,1,70,,64402,24,,,1,30,,64398,24,,,1,70,,64379,24,,,1,30,,64411,24,,,1,70,,64370,24,,,1,30,,64376,24,,,1,89,,64380,24,,,1,100,,64385,24,,,1,100,,64390,24,,,1,101,,64407,24,,,1,60,,64396,24,,,1,30,,64384,24,,,1,72,,64400,24,,,1,30,,64393,24,,,1,70,,64412,24,,,1,30,,64386,24,,,1,69,,64392,24,,,1,32,,64394,24,,,1,70,,64381,24,,,1,30,,64399,24,,,1,70,,64397,24,,,1
5801,'Semaine-0',556,,64441,12,,,1,71,,64445,12,,,1,30,,64443,12,,,1,70,,64442,12,,,1,30,,64439,12,,,1,70,,64444,12,,,1,800,,64440,12,,,1
5901,'Samedi-0',715,,66909,13,,,1,30,,66916,13,,,1,69,,66913,13,,,1,30,,66918,13,,,1,70,,66910,13,,,1,30,,66915,13,,,1,70,,66914,13,,,1,30,,66917,13,,,1,70,,66921,13,,,1,30,,66922,13,,,1,70,,66911,13,,,1,30,,66912,13,,,1,70,,66920,13,,,1,30,,66919,13,,,1,70,,66923,13,,,1,30,,66924,13,,,1,70,,66925,13,,,1,30,,66926,13,,,1,70,,66927,13,,,1,30,,66928,13,,,1,70,,66929,13,,,1,30,,66930,13,,,1,70,,66931,13,,,1,30,,66932,13,,,1,71,,66933,13,,,1,30,,66935,13,,,1,70,,66934,13,,,1,30,,66936,13,,,1,70,,66937,13,,,1,30,,66938,13,,,1,70,,66940,13,,,1,31,,66939,13,,,1
5901,'Dimanche-11',715,,66941,13,,,1,30,,66953,13,,,1,69,,66947,13,,,1,30,,66948,13,,,1,70,,66955,13,,,1,30,,66952,13,,,1,70,,66957,13,,,1,30,,66944,13,,,1,70,,66956,13,,,1,30,,66942,13,,,1,70,,66951,13,,,1,30,,66943,13,,,1,70,,66946,13,,,1,30,,66949,13,,,1,70,,66950,13,,,1,30,,66958,13,,,1,70,,66945,13,,,1,30,,66961,13,,,1,70,,66954,13,,,1,30,,66963,13,,,1,70,,66964,13,,,1,30,,66960,13,,,1,70,,66965,13,,,1,30,,66962,13,,,1,71,,66966,13,,,1,30,,66959,13,,,1,70,,66967,13,,,1,30,,66968,13,,,1,70,,66969,13,,,1,30,,66970,13,,,1,70,,66971,13,,,1,31,,66972,13,,,1
5901,'Semaine-0',513,,64498,13,,,1,15,,64534,13,,,1,15,,64507,13,,,1,15,,64528,13,,,1,55,,64508,13,,,1,14,,64497,13,,,1,13,,64499,13,,,1,13,,64502,13,,,1,58,,64505,13,,,1,15,,64506,13,,,1,18,,64501,13,,,1,12,,64530,13,,,1,58,,64516,13,,,1,15,,64521,13,,,1,13,,64511,13,,,1,15,,64496,13,,,1,56,,64514,13,,,1,27,,64540,13,,,1,70,,64535,13,,,1,30,,64522,13,,,1,70,,64504,13,,,1,30,,64515,13,,,1,70,,64518,13,,,1,30,,64503,13,,,1,70,,64532,13,,,1,30,,64494,13,,,1,70,,64536,13,,,1,30,,64526,13,,,1,73,,64529,13,,,1,100,,64533,13,,,1,101,,64513,13,,,1,100,,64520,13,,,1,37,,64525,13,,,1,70,,64512,13,,,1,30,,64519,13,,,1,70,,64524,13,,,1,30,,64531,13,,,1,70,,64509,13,,,1,30,,64527,13,,,1,71,,64517,13,,,1,30,,64500,13,,,1,70,,64510,13,,,1,30,,64523,13,,,1
65501,'Semaine-0',1509,,65873,12,0,9 10,1
75200,'Semaine-0',724,,65885,18,0,9 18,1,2,,65884,18,0,9 18,2
80000,'Samedi-0',719,,68077,17,,,1,102,,68078,17,,,1,98,,68079,17,,,1,101,,68081,17,,,1,100,,68082,17,,,1,100,,68080,17,,,1,100,,68083,17,,,1,100,,68084,17,,,1,100,,68085,17,,,1,100,,68086,17,,,1,99,,68087,17,,,2,100,,68088,17,,,1,100,,68091,17,,,1,100,,68089,17,,,1,100,,68090,17,,,1,99,,68092,17,,,1,100,,68093,17,,,1
80000,'Dimanche-11',719,,68096,17,,,1,102,,68095,17,,,1,98,,68101,17,,,1,101,,68094,17,,,1,100,,68098,17,,,1,100,,68097,17,,,1,100,,68099,17,,,1,100,,68100,17,,,1,100,,68104,17,,,1,100,,68102,17,,,1,99,,68103,17,,,2,100,,68107,17,,,1,100,,68106,17,,,1,100,,68105,17,,,1,100,,68108,17,,,1,99,,68109,17,,,1,100,,68110,17,,,1
80000,'Semaine-0',553,,65923,17,,,1,71,,65909,17,,,1,31,,65899,17,,,1,55,,65898,17,,,1,15,,65919,17,,,1,31,,65910,17,,,1,58,,65896,17,,,1,30,,65915,17,,,1,70,,65900,17,,,1,30,,65917,17,,,1,70,,65912,17,,,1,30,,65926,17,,,1,70,,65893,17,,,1,30,,65914,17,,,1,70,,65904,17,,,1,31,,65920,17,,,1,69,,65913,17,,,1,30,,65924,17,,,1,70,,65903,17,,,1,29,,65918,17,,,1,72,,65916,17,,,1,31,,65905,17,,,1,71,,65921,17,,,1,29,,65894,17,,,1,69,,65911,17,,,1,30,,65908,17,,,1,70,,65922,17,,,1,29,,65907,17,,,1,72,,65901,17,,,1,28,,65895,17,,,1,71,,65925,17,,,1,29,,65906,17,,,1,69,,65902,17,,,1,30,,65892,17,,,1,69,,65897,17,,,1,30,,65891,17,,,1
