4100,'Semaine-0',1555,,64164,43,,,1,71,,64166,43,,,1,75,,64165,43,,,2,24,,64163,43,,,1,29,,64167,43,,,1
4100,'Semaine-10',1555,,72094,43,,,1,71,,72096,43,,,1,75,,72095,43,,,2,24,,72093,43,,,1,29,,72097,43,,,1
4100,'Semaine-11',1555,,74625,43,,,1,71,,74627,43,,,1,75,,74626,43,,,2,24,,74624,43,,,1,29,,74628,43,,,1
4901,'Samedi-0',752,,66600,51,,,1,100,,66599,51,,,1,100,,66601,51,,,1,102,,66597,51,,,1,100,,66602,51,,,1,102,,66598,51,,,1,101,,66603,51,,,1,100,,66604,51,,,1,100,,66605,51,,,1,100,,66606,51,,,1,100,,66607,51,,,1,96,,66608,51,,,1,100,,66609,51,,,1,100,,66610,51,,,1,100,,66611,51,,,1,98,,66612,51,,,1,100,,66613,51,,,1
4901,'Samedi-10',752,,76758,51,,,1,100,,76757,51,,,1,100,,76759,51,,,1,102,,76755,51,,,1,100,,76760,51,,,1,102,,76756,51,,,1,101,,76761,51,,,1,100,,76762,51,,,1,100,,76763,51,,,1,100,,76764,51,,,1,100,,76765,51,,,1,96,,76766,51,,,1,100,,76767,51,,,1,100,,76768,51,,,1,100,,76769,51,,,1,98,,76770,51,,,1,100,,76771,51,,,1
4901,'Samedi-11',752,,70613,51,,,1,100,,70612,51,,,1,100,,70614,51,,,1,102,,70610,51,,,1,100,,70615,51,,,1,102,,70611,51,,,1,101,,70616,51,,,1,100,,70617,51,,,1,100,,70618,51,,,1,100,,70619,51,,,1,100,,70620,51,,,1,96,,70621,51,,,1,100,,70622,51,,,1,100,,70623,51,,,1,100,,70624,51,,,1,98,,70625,51,,,1,100,,70626,51,,,1
4901,'Dimanche-0',752,,68465,51,,,1,100,,68454,51,,,1,100,,68464,51,,,1,102,,68457,51,,,1,100,,68453,51,,,1,102,,68452,51,,,1,101,,68455,51,,,1,100,,68456,51,,,1,100,,68459,51,,,1,100,,68458,51,,,1,100,,68462,51,,,1,96,,68461,51,,,1,100,,68463,51,,,1,100,,68460,51,,,1,100,,68466,51,,,1,98,,68467,51,,,1,100,,68468,51,,,1
4901,'Dimanche-10',752,,69544,51,,,1,100,,69533,51,,,1,100,,69543,51,,,1,102,,69536,51,,,1,100,,69532,51,,,1,102,,69531,51,,,1,101,,69534,51,,,1,100,,69535,51,,,1,100,,69538,51,,,1,100,,69537,51,,,1,100,,69541,51,,,1,96,,69540,51,,,1,100,,69542,51,,,1,100,,69539,51,,,1,100,,69545,51,,,1,98,,69546,51,,,1,100,,69547,51,,,1
4901,'Dimanche-11',752,,66627,51,,,1,100,,66616,51,,,1,100,,66626,51,,,1,102,,66619,51,,,1,100,,66615,51,,,1,102,,66614,51,,,1,101,,66617,51,,,1,100,,66618,51,,,1,100,,66621,51,,,1,100,,66620,51,,,1,100,,66624,51,,,1,96,,66623,51,,,1,100,,66625,51,,,1,100,,66622,51,,,1,100,,66628,51,,,1,98,,66629,51,,,1,100,,66630,51,,,1
4901,'Semaine-0',638,,64243,51,,,1,89,,64248,51,,,1,31,,64264,51,,,1,73,,64260,51,,,1,70,,64258,51,,,1,26,,64268,51,,,1,28,,64250,51,,,1,69,,64266,51,,,1,29,,64262,51,,,1,72,,64237,51,,,1,30,,64259,51,,,1,70,,64238,51,,,1,30,,64244,51,,,1,70,,64246,51,,,1,30,,64251,51,,,1,69,,64267,51,,,1,32,,64249,51,,,1,71,,64269,51,,,1,25,,64265,51,,,1,52,,64252,51,,,1,15,,64239,51,,,1,15,,64255,51,,,1,70,,64245,51,,,1,26,,64247,51,,,1,29,,64263,51,,,1,66,,64257,51,,,1,30,,64261,51,,,1,94,,64240,51,,,1,80,,64256,51,,,1,101,,64254,51,,,1,95,,64241,51,,,1,100,,64253,51,,,1,95,,64242,51,,,1
4901,'Semaine-10',638,,72173,51,,,1,89,,72178,51,,,1,31,,72194,51,,,1,73,,72190,51,,,1,70,,72188,51,,,1,26,,72198,51,,,1,28,,72180,51,,,1,69,,72196,51,,,1,29,,72192,51,,,1,72,,72167,51,,,1,30,,72189,51,,,1,70,,72168,51,,,1,30,,72174,51,,,1,70,,72176,51,,,1,30,,72181,51,,,1,69,,72197,51,,,1,32,,72179,51,,,1,71,,72199,51,,,1,25,,72195,51,,,1,52,,72182,51,,,1,15,,72169,51,,,1,15,,72185,51,,,1,70,,72175,51,,,1,26,,72177,51,,,1,29,,72193,51,,,1,66,,72187,51,,,1,30,,72191,51,,,1,94,,72170,51,,,1,80,,72186,51,,,1,101,,72184,51,,,1,95,,72171,51,,,1,100,,72183,51,,,1,95,,72172,51,,,1
4901,'Semaine-11',638,,74704,51,,,1,89,,74709,51,,,1,31,,74725,51,,,1,73,,74721,51,,,1,70,,74719,51,,,1,26,,74729,51,,,1,28,,74711,51,,,1,69,,74727,51,,,1,29,,74723,51,,,1,72,,74698,51,,,1,30,,74720,51,,,1,70,,74699,51,,,1,30,,74705,51,,,1,70,,74707,51,,,1,30,,74712,51,,,1,69,,74728,51,,,1,32,,74710,51,,,1,71,,74730,51,,,1,25,,74726,51,,,1,52,,74713,51,,,1,15,,74700,51,,,1,15,,74716,51,,,1,70,,74706,51,,,1,26,,74708,51,,,1,29,,74724,51,,,1,66,,74718,51,,,1,30,,74722,51,,,1,94,,74701,51,,,1,80,,74717,51,,,1,101,,74715,51,,,1,95,,74702,51,,,1,100,,74714,51,,,1,95,,74703,51,,,1
64100,'Semaine-0',725,,65864,6,0,9 10,2
64100,'Semaine-10',725,,73794,6,0,9 10,2
64100,'Semaine-11',725,,76325,6,0,9 10,2
80001,'Samedi-0',646,,68111,46,,,1,101,,68113,46,,,1,101,,68114,46,,,1,100,,68117,46,,,1,102,,68112,46,,,1,100,,68115,46,,,1,102,,68118,46,,,1,100,,68116,46,,,1,100,,68119,46,,,1,100,,68120,46,,,1,100,,68121,46,,,2,102,,68122,46,,,1,97,,68125,46,,,1,98,,68123,46,,,1,100,,68124,46,,,1,100,,68126,46,,,1,97,,68127,46,,,1
80001,'Samedi-10',646,,77512,46,,,1,101,,77514,46,,,1,101,,77515,46,,,1,100,,77518,46,,,1,102,,77513,46,,,1,100,,77516,46,,,1,102,,77519,46,,,1,100,,77517,46,,,1,100,,77520,46,,,1,100,,77521,46,,,1,100,,77522,46,,,2,102,,77523,46,,,1,97,,77526,46,,,1,98,,77524,46,,,1,100,,77525,46,,,1,100,,77527,46,,,1,97,,77528,46,,,1
80001,'Samedi-11',646,,71367,46,,,1,101,,71369,46,,,1,101,,71370,46,,,1,100,,71373,46,,,1,102,,71368,46,,,1,100,,71371,46,,,1,102,,71374,46,,,1,100,,71372,46,,,1,100,,71375,46,,,1,100,,71376,46,,,1,100,,71377,46,,,2,102,,71378,46,,,1,97,,71381,46,,,1,98,,71379,46,,,1,100,,71380,46,,,1,100,,71382,46,,,1,97,,71383,46,,,1
80001,'Dimanche-0',646,,69209,46,,,1,101,,69211,46,,,1,101,,69213,46,,,1,100,,69210,46,,,1,102,,69212,46,,,1,100,,69214,46,,,1,102,,69215,46,,,1,100,,69216,46,,,1,100,,69219,46,,,1,100,,69217,46,,,1,100,,69218,46,,,2,102,,69221,46,,,1,97,,69222,46,,,1,98,,69220,46,,,1,100,,69223,46,,,1,100,,69224,46,,,1,97,,69225,46,,,1
80001,'Dimanche-10',646,,70288,46,,,1,101,,70290,46,,,1,101,,70292,46,,,1,100,,70289,46,,,1,102,,70291,46,,,1,100,,70293,46,,,1,102,,70294,46,,,1,100,,70295,46,,,1,100,,70298,46,,,1,100,,70296,46,,,1,100,,70297,46,,,2,102,,70300,46,,,1,97,,70301,46,,,1,98,,70299,46,,,1,100,,70302,46,,,1,100,,70303,46,,,1,97,,70304,46,,,1
80001,'Dimanche-11',646,,68128,46,,,1,101,,68130,46,,,1,101,,68132,46,,,1,100,,68129,46,,,1,102,,68131,46,,,1,100,,68133,46,,,1,102,,68134,46,,,1,100,,68135,46,,,1,100,,68138,46,,,1,100,,68136,46,,,1,100,,68137,46,,,2,102,,68140,46,,,1,97,,68141,46,,,1,98,,68139,46,,,1,100,,68142,46,,,1,100,,68143,46,,,1,97,,68144,46,,,1
80001,'Semaine-0',641,,65948,46,,,1,68,,65941,46,,,1,36,,65949,46,,,1,68,,65933,46,,,1,32,,65931,46,,,1,67,,65938,46,,,1,27,,65944,46,,,1,70,,65956,46,,,1,30,,65947,46,,,2,70,,65939,46,,,1,30,,65953,46,,,1,70,,65927,46,,,1,30,,65961,46,,,1,70,,65959,46,,,1,34,,65929,46,,,1,70,,65952,46,,,1,30,,65943,46,,,1,70,,65950,46,,,1,35,,65960,46,,,1,69,,65945,46,,,1,17,,65955,46,,,1,22,,65957,46,,,1,64,,65954,46,,,1,27,,65946,46,,,1,70,,65936,46,,,1,25,,65934,46,,,1,67,,65928,46,,,1,29,,65958,46,,,1,71,,65940,46,,,1,27,,65937,46,,,1,70,,65942,46,,,1,29,,65930,46,,,1,70,,65951,46,,,1,32,,65932,46,,,1,70,,65935,46,,,1
80001,'Semaine-10',641,,73878,46,,,1,68,,73871,46,,,1,36,,73879,46,,,1,68,,73863,46,,,1,32,,73861,46,,,1,67,,73868,46,,,1,27,,73874,46,,,1,70,,73886,46,,,1,30,,73877,46,,,2,70,,73869,46,,,1,30,,73883,46,,,1,70,,73857,46,,,1,30,,73891,46,,,1,70,,73889,46,,,1,34,,73859,46,,,1,70,,73882,46,,,1,30,,73873,46,,,1,70,,73880,46,,,1,35,,73890,46,,,1,69,,73875,46,,,1,17,,73885,46,,,1,22,,73887,46,,,1,64,,73884,46,,,1,27,,73876,46,,,1,70,,73866,46,,,1,25,,73864,46,,,1,67,,73858,46,,,1,29,,73888,46,,,1,71,,73870,46,,,1,27,,73867,46,,,1,70,,73872,46,,,1,29,,73860,46,,,1,70,,73881,46,,,1,32,,73862,46,,,1,70,,73865,46,,,1
80001,'Semaine-11',641,,76409,46,,,1,68,,76402,46,,,1,36,,76410,46,,,1,68,,76394,46,,,1,32,,76392,46,,,1,67,,76399,46,,,1,27,,76405,46,,,1,70,,76417,46,,,1,30,,76408,46,,,2,70,,76400,46,,,1,30,,76414,46,,,1,70,,76388,46,,,1,30,,76422,46,,,1,70,,76420,46,,,1,34,,76390,46,,,1,70,,76413,46,,,1,30,,76404,46,,,1,70,,76411,46,,,1,35,,76421,46,,,1,69,,76406,46,,,1,17,,76416,46,,,1,22,,76418,46,,,1,64,,76415,46,,,1,27,,76407,46,,,1,70,,76397,46,,,1,25,,76395,46,,,1,67,,76389,46,,,1,29,,76419,46,,,1,71,,76401,46,,,1,27,,76398,46,,,1,70,,76403,46,,,1,29,,76391,46,,,1,70,,76412,46,,,1,32,,76393,46,,,1,70,,76396,46,,,1
