2300,'Semaine-0',1543,,63476,12,,,1,69,,63474,12,,,1,34,,63472,12,,,1,65,,63473,12,,,2,27,,63475,12,,,2,69,,63471,12,,,1
2300,'Semaine-10',1543,,71406,12,,,1,69,,71404,12,,,1,34,,71402,12,,,1,65,,71403,12,,,2,27,,71405,12,,,2,69,,71401,12,,,1
2500,'Semaine-0',1527,,63482,11,,,1,30,,63485,11,,,1,70,,63483,11,,,1,73,,63487,11,,,1,25,,63484,11,,,2,28,,63486,11,,,2
2500,'Semaine-10',1527,,71412,11,,,1,30,,71415,11,,,1,70,,71413,11,,,1,73,,71417,11,,,1,25,,71414,11,,,2,28,,71416,11,,,2
3500,'Semaine-0',639,,63886,19,0,15 16,1,78,,63861,19,0,15 16,2,23,,63871,19,0,15 16,1,63,,63889,19,0,15 16,1,15,,63879,19,0,15 16,1,20,,63894,19,0,15 16,1,20,,63891,19,0,15 16,1,63,,63884,19,0,15 16,1,21,,63890,19,0,15 16,1,70,,63869,19,0,15 16,1,26,,63882,19,0,15 16,1,74,,63863,19,0,15 16,1,28,,63867,19,0,15 16,1,70,,63877,19,0,15 16,2,32,,63862,19,0,15 16,1,70,,63872,19,0,15 16,1,30,,63893,19,0,15 16,2,70,,63880,19,0,15 16,1,30,,63864,19,0,15 16,2,72,,63876,19,,,2,33,,63878,19,0,15 16,1,58,,63870,12,0,15 16,1,19,,63881,19,,,1,13,,63875,12,0,15 16,1,18,,63885,19,,,1,65,,63887,19,0,15 16,1,31,,63868,19,,,1,64,,63866,19,0,15 16,1,28,,63895,19,,,1,66,,63883,19,0,15 16,1,30,,63873,12,0,15 16,1,70,,63874,19,,,1,100,,63888,19,,,1,100,,63892,19,,,1,100,,63865,19,0,15 16,1
3500,'Semaine-10',639,,71816,19,0,15 16,1,78,,71791,19,0,15 16,2,23,,71801,19,0,15 16,1,63,,71819,19,0,15 16,1,15,,71809,19,0,15 16,1,20,,71824,19,0,15 16,1,20,,71821,19,0,15 16,1,63,,71814,19,0,15 16,1,21,,71820,19,0,15 16,1,70,,71799,19,0,15 16,1,26,,71812,19,0,15 16,1,74,,71793,19,0,15 16,1,28,,71797,19,0,15 16,1,70,,71807,19,0,15 16,2,32,,71792,19,0,15 16,1,70,,71802,19,0,15 16,1,30,,71823,19,0,15 16,2,70,,71810,19,0,15 16,1,30,,71794,19,0,15 16,2,72,,71806,19,,,2,33,,71808,19,0,15 16,1,58,,71800,12,0,15 16,1,19,,71811,19,,,1,13,,71805,12,0,15 16,1,18,,71815,19,,,1,65,,71817,19,0,15 16,1,31,,71798,19,,,1,64,,71796,19,0,15 16,1,28,,71825,19,,,1,66,,71813,19,0,15 16,1,30,,71803,12,0,15 16,1,70,,71804,19,,,1,100,,71818,19,,,1,100,,71822,19,,,1,100,,71795,19,0,15 16,1
3800,'Samedi-0',741,,66342,12,,,1,72,,66335,12,,,1,20,,66336,12,,,1,80,,66347,12,,,1,29,,66339,12,,,1,71,,66337,12,,,1,28,,66348,12,,,1,72,,66340,12,,,1,28,,66346,12,,,1,71,,66338,12,,,1,27,,66341,12,,,1,74,,66345,12,,,1,26,,66343,12,,,1,74,,66344,12,,,1,30,,66349,12,,,1,71,,66350,12,,,1,30,,66351,12,,,1,69,,66352,12,,,1,21,,66353,12,,,1,79,,66354,12,,,1,30,,66355,12,,,1,70,,66356,12,,,1,30,,66357,12,,,1,70,,66358,12,,,1,31,,66359,12,,,1,69,,66360,12,,,1,30,,66362,12,,,1,70,,66361,12,,,1,29,,66364,12,,,1,70,,66363,12,,,1,30,,66365,12,,,1,70,,66366,12,,,1,30,,66367,12,,,1
3800,'Samedi-11',741,,70486,12,,,1,72,,70479,12,,,1,20,,70480,12,,,1,80,,70491,12,,,1,29,,70483,12,,,1,71,,70481,12,,,1,28,,70492,12,,,1,72,,70484,12,,,1,28,,70490,12,,,1,71,,70482,12,,,1,27,,70485,12,,,1,74,,70489,12,,,1,26,,70487,12,,,1,74,,70488,12,,,1,30,,70493,12,,,1,71,,70494,12,,,1,30,,70495,12,,,1,69,,70496,12,,,1,21,,70497,12,,,1,79,,70498,12,,,1,30,,70499,12,,,1,70,,70500,12,,,1,30,,70501,12,,,1,70,,70502,12,,,1,31,,70503,12,,,1,69,,70504,12,,,1,30,,70506,12,,,1,70,,70505,12,,,1,29,,70508,12,,,1,70,,70507,12,,,1,30,,70509,12,,,1,70,,70510,12,,,1,30,,70511,12,,,1
3800,'Dimanche-0',741,,68324,12,,,1,72,,68329,12,,,1,20,,68332,12,,,1,80,,68330,12,,,1,29,,68323,12,,,1,71,,68345,12,,,1,28,,68322,12,,,1,72,,68325,12,,,1,28,,68346,12,,,1,71,,68344,12,,,1,27,,68326,12,,,1,74,,68336,12,,,1,26,,68333,12,,,1,74,,68327,12,,,1,30,,68331,12,,,1,71,,68338,12,,,1,30,,68321,12,,,1,69,,68328,12,,,1,21,,68335,12,,,1,79,,68340,12,,,1,30,,68334,12,,,1,70,,68342,12,,,1,30,,68339,12,,,1,70,,68343,12,,,1,31,,68341,12,,,1,69,,68337,12,,,1,30,,68347,12,,,1,70,,68348,12,,,1,29,,68349,12,,,1,70,,68350,12,,,1,30,,68351,12,,,1,70,,68352,12,,,1,30,,68353,12,,,1
3800,'Dimanche-10',741,,69403,12,,,1,72,,69408,12,,,1,20,,69411,12,,,1,80,,69409,12,,,1,29,,69402,12,,,1,71,,69424,12,,,1,28,,69401,12,,,1,72,,69404,12,,,1,28,,69425,12,,,1,71,,69423,12,,,1,27,,69405,12,,,1,74,,69415,12,,,1,26,,69412,12,,,1,74,,69406,12,,,1,30,,69410,12,,,1,71,,69417,12,,,1,30,,69400,12,,,1,69,,69407,12,,,1,21,,69414,12,,,1,79,,69419,12,,,1,30,,69413,12,,,1,70,,69421,12,,,1,30,,69418,12,,,1,70,,69422,12,,,1,31,,69420,12,,,1,69,,69416,12,,,1,30,,69426,12,,,1,70,,69427,12,,,1,29,,69428,12,,,1,70,,69429,12,,,1,30,,69430,12,,,1,70,,69431,12,,,1,30,,69432,12,,,1
3800,'Dimanche-11',741,,66371,12,,,1,72,,66376,12,,,1,20,,66379,12,,,1,80,,66377,12,,,1,29,,66370,12,,,1,71,,66392,12,,,1,28,,66369,12,,,1,72,,66372,12,,,1,28,,66393,12,,,1,71,,66391,12,,,1,27,,66373,12,,,1,74,,66383,12,,,1,26,,66380,12,,,1,74,,66374,12,,,1,30,,66378,12,,,1,71,,66385,12,,,1,30,,66368,12,,,1,69,,66375,12,,,1,21,,66382,12,,,1,79,,66387,12,,,1,30,,66381,12,,,1,70,,66389,12,,,1,30,,66386,12,,,1,70,,66390,12,,,1,31,,66388,12,,,1,69,,66384,12,,,1,30,,66394,12,,,1,70,,66395,12,,,1,29,,66396,12,,,1,70,,66397,12,,,1,30,,66398,12,,,1,70,,66399,12,,,1,30,,66400,12,,,1
3800,'Semaine-0',653,,64012,12,,,1,59,,64028,12,,,1,32,,64023,12,,,1,70,,64036,12,,,1,30,,64033,12,,,1,70,,64009,12,,,1,20,,64005,12,,,1,20,,64016,12,,,1,60,,64001,12,,,1,20,,64025,12,,,1,20,,64010,12,,,1,61,,64006,12,,,1,20,,64017,12,,,1,20,,64002,12,,,1,60,,64024,12,,,1,20,,64035,12,,,1,20,,64007,12,,,1,60,,64018,12,,,1,20,,64026,12,,,1,20,,64037,12,,,1,60,,64011,12,,,1,21,,64008,12,,,1,21,,64019,12,,,1,70,,64032,12,,,1,31,,63997,12,,,1,71,,64021,12,,,1,74,,64030,12,,,1,24,,64020,12,,,1,28,,64034,12,,,1,69,,64000,12,,,1,29,,64031,12,,,1,69,,64014,12,,,1,31,,64022,12,,,1,71,,64027,12,,,1,28,,64029,12,,,1,70,,64013,12,,,1,30,,63999,12,,,1,70,,64015,12,,,1,30,,64003,12,,,1,70,,63998,12,,,1,30,,63996,12,,,1,68,,64004,12,,,1
3800,'Semaine-10',653,,71942,12,,,1,59,,71958,12,,,1,32,,71953,12,,,1,70,,71966,12,,,1,30,,71963,12,,,1,70,,71939,12,,,1,20,,71935,12,,,1,20,,71946,12,,,1,60,,71931,12,,,1,20,,71955,12,,,1,20,,71940,12,,,1,61,,71936,12,,,1,20,,71947,12,,,1,20,,71932,12,,,1,60,,71954,12,,,1,20,,71965,12,,,1,20,,71937,12,,,1,60,,71948,12,,,1,20,,71956,12,,,1,20,,71967,12,,,1,60,,71941,12,,,1,21,,71938,12,,,1,21,,71949,12,,,1,70,,71962,12,,,1,31,,71927,12,,,1,71,,71951,12,,,1,74,,71960,12,,,1,24,,71950,12,,,1,28,,71964,12,,,1,69,,71930,12,,,1,29,,71961,12,,,1,69,,71944,12,,,1,31,,71952,12,,,1,71,,71957,12,,,1,28,,71959,12,,,1,70,,71943,12,,,1,30,,71929,12,,,1,70,,71945,12,,,1,30,,71933,12,,,1,70,,71928,12,,,1,30,,71926,12,,,1,68,,71934,12,,,1
72500,'Semaine-0',1620,,65874,9,0,5 11,1
72500,'Semaine-10',1620,,73804,9,0,5 11,1
