2601,'Semaine-0',552,,63500,9,,,1,71,,63502,9,,,2,30,,63503,9,,,2,70,,63501,9,,,1,30,,63499,9,,,2
2601,'Semaine-10',552,,71430,9,,,1,71,,71432,9,,,2,30,,71433,9,,,2,70,,71431,9,,,1,30,,71429,9,,,2
2601,'Semaine-11',552,,73961,9,,,1,71,,73963,9,,,2,30,,73964,9,,,2,70,,73962,9,,,1,30,,73960,9,,,2
4801,'Semaine-0',737,,64197,33,,,1
4801,'Semaine-10',737,,72127,33,,,1
4801,'Semaine-11',737,,74658,33,,,1
32601,'Semaine-0',821,,65573,25,0,7 8,1
32601,'Semaine-10',821,,73503,25,0,7 8,1
32601,'Semaine-11',821,,76034,25,0,7 8,1
42600,'Semaine-0',723,,65820,9,0,9 14,1,1,,65821,9,0,9 14,1
42600,'Semaine-10',723,,73750,9,0,9 14,1,1,,73751,9,0,9 14,1
42600,'Semaine-11',723,,76281,9,0,9 14,1,1,,76282,9,0,9 14,1
72901,'Semaine-0',808,,65878,9,0,5 11,2
72901,'Semaine-10',808,,73808,9,0,5 11,2
72901,'Semaine-11',808,,76339,9,0,5 11,2
82601,'Semaine-0',745,,65968,25,0,9 12 13,1,1,,65969,25,0,9 12 13,1
82601,'Semaine-10',745,,73898,25,0,9 12 13,1,1,,73899,25,0,9 12 13,1
82601,'Semaine-11',745,,76430,25,0,9 12 13,1,1,,76431,25,0,9 12 13,1
