2300,'Semaine-0',1553,,63476,18,,,1,69,,63474,18,,,1,34,,63472,18,,,1,65,,63473,18,,,2,25,,63475,18,,,2,69,,63471,18,,,1
2500,'Semaine-0',1537,,63482,17,,,1,70,,63485,17,,,1,30,,63483,17,,,1,73,,63487,17,,,1,25,,63484,17,,,2,67,,63486,17,,,2
2600,'Semaine-0',1605,,63496,24,,,1,32,,63495,24,,,1,68,,63494,24,,,2,30,,63497,24,,,1,67,,63498,24,,,2
2800,'Semaine-0',1608,,63513,27,,,1,42,,63514,27,,,1,91,,63515,27,,,1
3400,'Semaine-0',627,,63829,33,,,1,28,,63814,33,,,1,73,,63808,33,,,1,75,,63812,33,,,1,30,,63803,33,,,2,69,,63823,33,,,1,30,,63809,33,,,1,27,,63799,33,,,1,70,,63804,33,,,1,30,,63805,33,,,1,70,,63810,33,,,1,30,,63800,33,,,1,71,,63830,33,,,1,70,,63806,33,,,1,30,,63811,33,,,1,70,,63801,33,,,1,32,,63827,33,,,1,70,,63802,33,,,1,26,,63828,33,,,1,305,,63826,33,,,1,20,,63815,33,,,1,68,,63807,33,,,1,30,,63819,33,,,1,70,,63825,33,,,1,31,,63816,33,,,1,68,,63818,33,,,1,30,,63820,33,,,1,70,,63813,33,,,1,30,,63822,33,,,1,68,,63817,33,,,1,29,,63821,33,,,1,70,,63824,33,,,1
4901,'Semaine-0',605,,64243,15,,,1,48,,64248,15,,,1,70,,64264,15,,,1,31,,64260,15,,,1,69,,64258,15,,,1,28,,64268,15,,,1,70,,64250,15,,,1,30,,64266,15,,,1,70,,64262,15,,,1,30,,64237,15,,,1,70,,64259,15,,,1,30,,64238,15,,,1,70,,64244,15,,,1,30,,64246,15,,,1,70,,64251,15,,,1,29,,64267,15,,,1,71,,64249,15,,,1,31,,64269,15,,,1,62,,64265,15,,,1,11,,64252,15,,,1,15,,64239,15,,,1,15,,64255,15,,,1,70,,64245,15,,,1,28,,64247,15,,,1,69,,64263,15,,,1,29,,64257,15,,,1,70,,64261,15,,,1,95,,64240,15,,,1,40,,64256,15,,,1,101,,64254,15,,,1,99,,64241,15,,,1,100,,64253,15,,,1,98,,64242,15,,,1
32500,'Semaine-0',1636,,65569,25,0,7 8,1
42501,'Semaine-0',1506,,65819,11,0,9 14,1
54901,'Semaine-0',1527,,65839,8,,,1
72500,'Semaine-0',1630,,65874,15,0,5 11,1
82500,'Semaine-0',1535,,65963,9,0,9 12 13,1
