2500,'Semaine-0',1546,,63482,31,,,1,70,,63485,31,,,1,32,,63483,31,,,1,73,,63487,31,,,1,24,,63484,31,,,2,65,,63486,31,,,2
2800,'Semaine-0',1617,,63513,41,,,1,42,,63514,41,,,1,90,,63515,41,,,1
3900,'Samedi-0',648,,66467,19,,,1,101,,66468,19,,,1,100,,66472,19,,,1,101,,66471,19,,,1,100,,66474,19,,,1,100,,66473,19,,,1,102,,66469,19,,,1,70,,66470,19,,,1,30,,66475,19,,,1,71,,66476,19,,,1,30,,66477,19,,,1,70,,66478,19,,,1,31,,66479,19,,,1,70,,66480,19,,,1,30,,66481,19,,,1,70,,66482,19,,,1,30,,66483,19,,,1,69,,66484,19,,,1,29,,66485,19,,,1,68,,66486,19,,,1,100,,66487,19,,,1,100,,66488,19,,,1,100,,66489,19,,,1,100,,66490,19,,,1
3900,'Dimanche-0',648,,68387,19,,,1,101,,68394,19,,,1,100,,68397,19,,,1,101,,68390,19,,,1,100,,68392,19,,,1,100,,68393,19,,,1,102,,68396,19,,,1,70,,68389,19,,,1,30,,68391,19,,,1,71,,68398,19,,,1,30,,68388,19,,,1,70,,68399,19,,,1,31,,68395,19,,,1,70,,68402,19,,,1,30,,68405,19,,,1,70,,68407,19,,,1,30,,68401,19,,,1,69,,68404,19,,,1,29,,68406,19,,,1,68,,68400,19,,,1,100,,68403,19,,,1,100,,68408,19,,,1,100,,68409,19,,,1,100,,68410,19,,,1
3900,'Dimanche-11',648,,66491,19,,,1,101,,66498,19,,,1,100,,66501,19,,,1,101,,66494,19,,,1,100,,66496,19,,,1,100,,66497,19,,,1,102,,66500,19,,,1,70,,66493,19,,,1,30,,66495,19,,,1,71,,66502,19,,,1,30,,66492,19,,,1,70,,66503,19,,,1,31,,66499,19,,,1,70,,66506,19,,,1,30,,66509,19,,,1,70,,66511,19,,,1,30,,66505,19,,,1,69,,66508,19,,,1,29,,66510,19,,,1,68,,66504,19,,,1,100,,66507,19,,,1,100,,66512,19,,,1,100,,66513,19,,,1,100,,66514,19,,,1
3900,'Semaine-0',624,,64097,19,,,1,22,,64083,19,,,1,72,,64102,19,,,1,29,,64095,19,,,1,74,,64096,19,,,1,32,,64094,19,,,1,72,,64091,19,,,1,30,,64108,19,,,2,70,,64103,19,,,1,31,,64115,19,,,1,70,,64100,19,,,2,30,,64104,19,,,1,70,,64092,19,,,1,31,,64090,19,,,1,70,,64105,19,,,1,29,,64093,19,,,2,70,,64080,19,,,1,33,,64106,19,,,1,74,,64087,19,,,1,69,,64089,19,,,1,31,,64107,19,,,2,72,,64086,19,,,1,28,,64081,19,,,1,69,,64109,19,,,1,28,,64088,19,,,1,71,,64082,19,,,2,29,,64110,19,,,2,72,,64085,19,,,1,25,,64101,19,,,2,26,,64111,19,,,1,70,,64084,19,,,1,30,,64099,19,,,1,69,,64112,19,,,1,30,,64098,19,,,1,72,,64114,19,,,1,28,,64113,19,,,1
5000,'Semaine-0',658,,64273,35,,,1,62,,64271,35,,,1,8,,64272,14,,,2,25,,64274,35,,,2,70,,64270,35,,,1,106,,64275,35,,,1
32500,'Semaine-0',1645,,65569,39,0,7 8,1
42501,'Semaine-0',1515,,65819,25,0,9 14,1
55000,'Semaine-0',714,,65840,35,0,5 6,1,2,,65841,35,0,5 6,1
63900,'Semaine-0',1526,,65857,32,0,9 10,1
72500,'Semaine-0',1640,,65874,29,0,5 11,1
82500,'Semaine-0',1546,,65963,23,0,9 12 13,1
