3201,'Semaine-0',508,,63711,4,,,1,20,,63710,4,,,1,20,,63702,4,,,1,60,,63712,4,,,2,10,,63692,4,,,1,8,,63713,4,,,1,11,,63693,4,,,1,10,,63694,4,,,1,8,,63686,4,,,1,49,,63689,4,,,1,8,,63715,4,,,1,8,,63695,4,,,1,8,,63690,4,,,1,9,,63703,4,,,1,8,,63685,4,,,1,7,,63696,4,,,1,48,,63714,4,,,2,8,,63684,4,,,1,10,,63683,4,,,1,10,,63688,4,,,1,10,,63691,4,,,1,10,,63697,4,,,1,62,,63671,4,,,2,30,,63681,4,,,1,70,,63674,4,,,1,30,,63677,4,,,1,70,,63670,4,,,1,30,,63680,4,,,1,70,,63675,4,,,1,30,,63682,4,,,1,70,,63664,4,,,1,30,,63669,4,,,1,70,,63676,4,,,1,30,,63687,4,,,1,70,,63704,4,,,1,30,,63705,4,,,2,70,,63706,4,,,1,30,,63707,4,,,1,70,,63708,4,,,2,30,,63709,4,,,1,70,,63667,4,,,1,30,,63665,4,,,2,72,,63678,4,,,2,30,,63673,4,,,1,69,,63668,4,,,1,31,,63666,4,,,2,70,,63679,4,,,1,30,,63672,4,,,1,68,,63699,4,,,1,32,,63698,4,,,1,70,,63700,4,,,1,30,,63701,4,,,1
3401,'Samedi-0',649,,66201,11,,,1,100,,66204,11,,,1,70,,66213,11,,,1,30,,66202,11,,,1,71,,66207,11,,,1,30,,66209,11,,,1,69,,66203,11,,,1,30,,66212,11,,,1,72,,66205,11,,,1,29,,66214,11,,,1,70,,66206,11,,,1,30,,66208,11,,,1,70,,66210,11,,,1,30,,66211,11,,,1,70,,66215,11,,,1,31,,66216,11,,,1,70,,66217,11,,,1,30,,66218,11,,,1,70,,66219,11,,,1,30,,66220,11,,,1,70,,66221,11,,,1,30,,66222,11,,,1,70,,66223,11,,,1,30,,66225,11,,,1,68,,66224,11,,,1,30,,66226,11,,,1,70,,66227,11,,,1,30,,66228,11,,,1,70,,66230,11,,,1,30,,66229,11,,,1,70,,66231,11,,,1,99,,66232,11,,,1
3401,'Dimanche-11',649,,66233,11,,,1,100,,66241,11,,,1,70,,66246,11,,,1,30,,66238,11,,,1,71,,66236,11,,,1,30,,66259,11,,,1,69,,66240,11,,,1,30,,66245,11,,,1,72,,66235,11,,,1,29,,66234,11,,,1,70,,66237,11,,,1,30,,66244,11,,,1,70,,66247,11,,,1,30,,66239,11,,,1,70,,66243,11,,,1,31,,66242,11,,,1,70,,66248,11,,,1,30,,66252,11,,,1,70,,66249,11,,,1,30,,66250,11,,,1,70,,66251,11,,,1,30,,66258,11,,,1,70,,66253,11,,,1,30,,66256,11,,,1,68,,66254,11,,,1,30,,66255,11,,,1,70,,66257,11,,,1,30,,66260,11,,,1,70,,66262,11,,,1,30,,66261,11,,,1,70,,66263,11,,,1,99,,66264,11,,,1
3401,'Semaine-0',855,,63856,11,,,1,70,,63836,11,,,2,30,,63840,11,,,1,70,,63860,11,,,1,30,,63833,11,,,1,70,,63837,11,,,1,30,,63841,11,,,1,70,,63831,11,,,1,30,,63834,11,,,1,70,,63838,11,,,1,30,,63842,11,,,2,71,,63835,11,,,1,29,,63857,11,,,1,69,,63832,11,,,1,33,,63858,11,,,1,67,,63859,11,,,1,30,,63853,11,,,1,70,,63849,11,,,1,30,,63839,11,,,1,71,,63846,11,,,1,30,,63855,11,,,1,71,,63843,11,,,1,30,,63845,11,,,1,70,,63847,11,,,1,30,,63851,11,,,2,70,,63844,11,,,1,30,,63850,11,,,1,70,,63848,11,,,1,30,,63852,11,,,1,70,,63854,11,,,1
4900,'Samedi-0',729,,66565,27,,,1,100,,66566,27,,,1,102,,66563,27,,,1,100,,66567,27,,,1,100,,66564,27,,,1,101,,66568,27,,,1,98,,66569,27,,,1,102,,66570,27,,,1,100,,66571,27,,,1,100,,66572,27,,,1,100,,66573,27,,,1,97,,66574,27,,,1,100,,66575,27,,,1,100,,66576,27,,,1,100,,66577,27,,,1,100,,66578,27,,,1,98,,66579,27,,,1
4900,'Dimanche-11',729,,66580,27,,,1,100,,66593,27,,,1,102,,66581,27,,,1,100,,66592,27,,,1,100,,66584,27,,,1,101,,66583,27,,,1,98,,66587,27,,,1,102,,66582,27,,,1,100,,66586,27,,,1,100,,66585,27,,,1,100,,66589,27,,,1,97,,66591,27,,,1,100,,66588,27,,,1,100,,66590,27,,,1,100,,66594,27,,,1,100,,66595,27,,,1,98,,66596,27,,,1
4900,'Semaine-0',643,,64225,27,,,1,14,,64220,14,,,1,43,,64232,14,,,1,4,,64208,14,,,1,6,,64231,14,,,1,4,,64236,27,,,1,2,,64235,14,,,1,4,,64234,14,,,1,5,,64233,14,,,1,21,,64228,27,,,1,66,,64229,27,,,1,1,,64224,14,,,1,33,,64223,27,,,1,72,,64218,27,,,1,29,,64210,27,,,1,71,,64230,27,,,1,33,,64226,27,,,1,70,,64221,27,,,1,30,,64198,27,,,1,70,,64219,27,,,1,30,,64200,27,,,1,70,,64205,27,,,1,30,,64207,27,,,1,70,,64211,27,,,1,30,,64227,27,,,1,75,,64209,27,,,1,30,,64212,27,,,1,70,,64203,27,,,1,30,,64215,27,,,1,70,,64206,27,,,1,28,,64204,27,,,1,70,,64222,27,,,1,27,,64216,27,,,1,98,,64199,27,,,1,99,,64217,27,,,1,101,,64214,27,,,1,97,,64201,27,,,1,98,,64213,27,,,1,100,,64202,27,,,1
32601,'Semaine-0',801,,65573,2,0,7 8,1
44900,'Semaine-0',712,,65836,13,0,9 14,1
63900,'Semaine-0',1512,,65857,11,0,9 10,1
82601,'Semaine-0',727,,65968,2,0,9 12 13,1,1,,65969,2,0,9 12 13,1
