2001,'Semaine-0',1556,,63468,22,,,1,99,,63470,22,,,1,100,,63469,22,,,1
2301,'Semaine-0',640,,63480,32,,,1,70,,63477,32,,,2,34,,63481,32,,,1,74,,63479,32,,,2,25,,63478,32,,,1
2501,'Semaine-0',625,,63492,39,,,2,29,,63491,39,,,1,74,,63489,39,,,1,78,,63490,39,,,2,28,,63493,39,,,1,24,,63488,39,,,2
2601,'Semaine-0',622,,63500,37,,,1,32,,63502,37,,,2,71,,63503,37,,,2,30,,63501,37,,,1,70,,63499,37,,,2
2701,'Semaine-0',640,,63511,42,,,1,86,,63512,42,,,1,91,,63509,42,,,1,27,,63510,42,,,2
2901,'Semaine-0',735,,63524,23,,,2,71,,63527,23,,,1,28,,63525,23,,,1,71,,63526,23,,,2
3100,'Semaine-0',612,,63532,8,,,1,42,,63565,8,,,1,61,,63545,8,,,1,21,,63533,8,,,1,15,,63570,8,,,1,61,,63567,8,,,1,21,,63529,8,,,1,18,,63542,8,,,1,63,,63543,8,,,1,9,,63534,8,,,1,24,,63536,8,,,1,60,,63553,8,,,1,27,,63554,8,,,1,71,,63535,8,,,1,30,,63540,8,,,1,70,,63559,8,,,1,30,,63556,8,,,1,17,,63537,8,,,1,53,,63530,8,,,1,19,,63564,8,,,1,20,,63568,8,,,1,58,,63555,8,,,1,29,,63538,8,,,1,21,,63558,8,,,1,49,,63560,8,,,1,35,,63566,8,,,1,64,,63557,8,,,1,18,,63539,8,,,1,19,,63550,8,,,1,63,,63552,8,,,1,22,,63541,8,,,1,17,,63528,8,,,1,15,,63531,8,,,1,51,,63562,8,,,1,29,,63569,8,,,1,12,,63547,8,,,1,60,,63563,8,,,1,106,,63548,8,,,1,100,,63544,8,,,1,100,,63549,8,,,1,100,,63551,8,,,1,100,,63561,8,,,1,100,,63546,8,,,1
3201,'Semaine-0',536,,63711,35,,,1,20,,63710,35,,,1,60,,63702,35,,,1,21,,63712,35,,,2,10,,63692,35,,,1,8,,63713,35,,,1,52,,63693,35,,,1,12,,63694,35,,,1,8,,63686,35,,,1,11,,63689,35,,,1,8,,63715,35,,,1,8,,63695,35,,,1,48,,63690,35,,,1,9,,63703,35,,,1,8,,63685,35,,,1,8,,63696,35,,,1,8,,63714,35,,,2,8,,63684,35,,,1,10,,63683,35,,,1,50,,63688,35,,,1,8,,63691,35,,,1,9,,63697,35,,,1,22,,63671,35,,,2,68,,63681,36,,,1,30,,63674,36,,,1,70,,63677,36,,,1,30,,63670,36,,,1,70,,63680,36,,,1,30,,63675,36,,,1,70,,63682,36,,,1,30,,63664,36,,,1,70,,63669,36,,,1,30,,63676,36,,,1,71,,63687,36,,,1,33,,63704,36,,,1,71,,63705,36,,,2,29,,63706,36,,,1,70,,63707,36,,,1,27,,63708,36,,,2,70,,63709,36,,,1,30,,63667,36,,,1,68,,63665,36,,,2,29,,63678,36,,,2,70,,63673,36,,,1,29,,63668,36,,,1,71,,63666,36,,,2,30,,63679,36,,,1,69,,63672,36,,,1,28,,63699,36,,,1,72,,63698,36,,,1,28,,63700,36,,,1,70,,63701,36,,,1
3301,'Semaine-0',628,,63781,44,,,1,20,,63789,44,,,1,58,,63766,44,,,1,15,,63786,44,,,1,21,,63782,44,,,1,10,,63777,44,,,1,51,,63797,44,,,1,13,,63795,44,,,1,15,,63784,44,,,1,12,,63772,44,,,1,10,,63788,44,,,1,54,,63762,44,,,1,30,,63774,44,,,1,70,,63780,44,,,1,30,,63770,44,,,1,70,,63791,44,,,1,30,,63775,44,,,1,70,,63767,44,,,1,30,,63769,44,,,1,16,,63787,44,,,1,55,,63796,44,,,1,26,,63778,44,,,1,69,,63768,44,,,1,30,,63773,44,,,1,73,,63776,44,,,1,22,,63798,44,,,1,19,,63779,44,,,1,58,,63783,44,,,1,23,,63764,44,,,1,20,,63794,44,,,1,61,,63771,44,,,1,27,,63761,44,,,1,69,,63758,44,,,1,32,,63792,44,,,1,70,,63765,44,,,1,30,,63760,44,,,1,99,,63763,44,,,1,74,,63785,44,,,1,100,,63790,44,,,2,100,,63759,44,,,1,100,,63793,44,,,1
3401,'Semaine-0',933,,63856,56,,,1,71,,63836,56,,,2,30,,63840,57,,,1,70,,63860,57,,,1,30,,63833,57,,,1,70,,63837,57,,,1,30,,63841,57,,,1,70,,63831,57,,,1,30,,63834,57,,,1,70,,63838,57,,,1,31,,63842,57,,,2,71,,63835,57,,,1,32,,63857,57,,,1,72,,63832,57,,,1,35,,63858,57,,,1,67,,63859,57,,,1,28,,63853,57,,,1,67,,63849,57,,,1,27,,63839,57,,,1,69,,63846,57,,,1,29,,63855,57,,,1,69,,63843,57,,,1,30,,63845,57,,,1,70,,63847,57,,,1,30,,63851,57,,,2,70,,63844,57,,,1,30,,63850,57,,,1,28,,63848,57,,,1,70,,63852,57,,,1,30,,63854,57,,,1
3501,'Semaine-0',600,,63918,29,,,1,41,,63896,30,,,2,62,,63926,30,,,1,23,,63927,41,,,1,15,,63915,30,,,1,60,,63920,41,,,1,20,,63899,30,,,1,23,,63916,30,,,1,62,,63921,30,,,1,29,,63903,29,,,1,69,,63905,29,,,1,32,,63898,29,,,1,68,,63902,29,,,1,30,,63911,29,,,2,72,,63897,29,,,1,30,,63909,29,,,1,70,,63910,29,,,2,30,,63913,29,,,1,70,,63901,29,,,2,30,,63922,29,,,2,70,,63912,29,,,1,36,,63900,29,,,1,71,,63924,29,,,1,28,,63919,29,,,1,71,,63904,29,,,1,27,,63907,29,,,1,68,,63925,29,,,1,28,,63914,29,,,1,100,,63908,29,,,1,100,,63906,29,,,1,100,,63923,29,,,1,100,,63917,29,,,1
3601,'Semaine-0',915,,63937,45,,,1,90,,63935,46,,,1,100,,63938,46,,,1,102,,63936,46,,,1,99,,63941,46,,,1,100,,63940,46,,,1,101,,63939,46,,,1
3701,'Semaine-0',539,,63984,37,,,1,71,,63982,37,,,1,35,,63986,37,,,1,70,,63976,37,,,1,36,,63993,37,,,1,57,,63973,37,,,1,14,,63994,37,,,1,28,,63975,37,,,1,97,,63992,37,,,1,100,,63980,38,,,1,100,,63974,38,,,1,100,,63972,38,,,1,100,,63977,38,,,1,102,,63988,38,,,1,101,,63971,38,,,1,70,,63987,38,,,1,31,,63990,38,,,1,69,,63985,38,,,1,29,,63991,38,,,1,68,,63995,38,,,1,85,,63979,38,,,1,99,,63989,38,,,1,100,,63981,38,,,1,102,,63978,38,,,1,50,,63983,38,,,1
3801,'Semaine-0',633,,64066,26,,,1,71,,64038,26,,,1,30,,64065,26,,,1,20,,64076,26,,,1,58,,64072,26,,,1,23,,64054,26,,,1,70,,64074,26,,,1,30,,64061,25,,,1,19,,64044,25,,,1,60,,64070,25,,,1,20,,64055,25,,,1,20,,64047,25,,,1,62,,64062,25,,,1,20,,64045,25,,,1,20,,64069,25,,,1,60,,64075,25,,,1,22,,64048,25,,,1,20,,64077,25,,,1,60,,64063,25,,,1,20,,64068,25,,,1,18,,64056,25,,,1,60,,64049,25,,,1,19,,64064,25,,,1,21,,64078,25,,,1,62,,64051,25,,,1,22,,64057,25,,,1,70,,64071,25,,,1,30,,64046,25,,,1,71,,64053,25,,,1,27,,64043,25,,,1,69,,64079,25,,,1,20,,64040,25,,,1,19,,64073,25,,,1,69,,64042,25,,,1,29,,64052,25,,,1,71,,64060,25,,,1,30,,64067,25,,,1,70,,64050,25,,,1,28,,64058,25,,,1,71,,64059,25,,,1,29,,64039,25,,,1,85,,64041,25,,,1
4001,'Semaine-0',639,,64160,55,,,1,70,,64159,55,,,1,35,,64162,55,,,1,74,,64158,55,,,2,24,,64157,55,,,1,68,,64161,55,,,1
4101,'Semaine-0',703,,64170,46,,,1,33,,64171,46,,,1,76,,64172,46,,,1,26,,64169,46,,,2,67,,64168,46,,,1
4501,'Semaine-0',627,,64184,49,,,1,30,,64183,49,,,1,76,,64187,49,,,2,70,,64186,49,,,1,32,,64185,49,,,1,67,,64188,49,,,1
4701,'Semaine-0',641,,64194,42,,,2,87,,64193,42,,,1,91,,64192,42,,,1,27,,64195,42,,,1
5501,'Semaine-0',540,,64382,55,,,1,15,,64389,55,,,1,54,,64388,53,,,1,18,,64372,53,,,1,16,,64410,53,,,1,62,,64409,53,,,1,8,,64369,53,,,1,16,,64414,53,,,1,15,,64395,53,,,1,15,,64403,53,,,1,56,,64373,53,,,1,8,,64377,53,,,1,12,,64375,53,,,1,9,,64404,53,,,1,3,,64406,53,,,1,54,,64383,53,,,1,26,,64387,53,,,1,12,,64374,53,,,1,11,,64408,53,,,1,71,,64401,55,,,1,23,,64413,22,,,1,8,,64405,55,,,1,69,,64371,55,,,1,28,,64378,55,,,1,70,,64391,55,,,1,30,,64402,55,,,1,70,,64398,55,,,1,30,,64379,55,,,1,70,,64411,55,,,1,30,,64370,55,,,1,74,,64376,55,,,1,92,,64380,55,,,1,97,,64385,55,,,1,99,,64390,55,,,1,98,,64407,55,,,1,20,,64396,55,,,1,30,,64384,55,,,1,70,,64400,55,,,1,30,,64393,55,,,1,70,,64412,55,,,1,30,,64386,55,,,1,69,,64392,55,,,1,30,,64394,55,,,1,70,,64381,55,,,1,28,,64399,55,,,1,70,,64397,55,,,1
5901,'Semaine-0',535,,64498,44,,,1,15,,64534,44,,,1,55,,64507,44,,,1,15,,64528,42,,,1,17,,64508,42,,,1,14,,64497,42,,,1,53,,64499,42,,,1,16,,64502,42,,,1,11,,64537,20,,,1,8,,64505,42,,,1,7,,64538,20,,,1,8,,64506,42,,,1,47,,64539,20,,,1,11,,64501,42,,,1,7,,64495,20,,,1,5,,64530,42,,,1,19,,64516,42,,,1,11,,64521,42,,,1,53,,64511,42,,,1,15,,64496,42,,,1,16,,64514,42,,,1,67,,64540,42,,,1,29,,64535,44,,,1,70,,64522,44,,,1,30,,64504,44,,,1,70,,64515,44,,,1,30,,64518,44,,,1,70,,64503,44,,,1,30,,64532,44,,,1,70,,64494,44,,,1,30,,64536,44,,,1,70,,64526,44,,,1,39,,64529,44,,,1,100,,64533,44,,,1,100,,64513,44,,,1,97,,64520,44,,,1,73,,64525,44,,,1,30,,64512,44,,,1,70,,64519,44,,,1,30,,64524,44,,,1,69,,64531,44,,,1,30,,64509,44,,,1,70,,64527,44,,,1,29,,64517,44,,,1,70,,64500,44,,,1,30,,64510,44,,,1,70,,64523,44,,,1
6700,'Semaine-0',612,,64809,8,,,1,31,,64803,8,,,1,70,,64811,8,,,1,23,,64820,8,,,1,21,,64804,8,,,1,58,,64829,8,,,1,29,,64814,8,,,1,70,,64822,8,,,1,20,,64812,8,,,1,18,,64832,8,,,1,60,,64830,8,,,1,21,,64817,8,,,2,20,,64833,8,,,1,60,,64823,8,,,1,20,,64826,8,,,1,20,,64834,8,,,1,60,,64831,8,,,1,20,,64818,8,,,1,20,,64835,8,,,1,60,,64824,8,,,1,20,,64827,8,,,1,20,,64836,8,,,1,60,,64816,8,,,1,20,,64819,8,,,1,21,,64837,8,,,1,365,,64839,8,,,1,15,,64813,8,,,1,19,,64838,8,,,1,59,,64821,8,,,1,30,,64801,8,,,1,72,,64825,8,,,1,28,,64805,8,,,2,70,,64828,8,,,2,30,,64802,8,,,1,70,,64810,8,,,1,30,,64806,8,,,2,72,,64815,8,,,1,27,,64808,8,,,1,70,,64807,8,,,2
37101,'Semaine-0',551,,65621,39,,,1,72,,65624,38,,,1,33,,65617,38,,,1,69,,65619,38,,,1,33,,65629,38,,,1,70,,65628,38,,,1,28,,65623,38,,,1,72,,65607,38,,,1,98,,65614,39,,,1,100,,65612,39,,,1,102,,65613,39,,,1,100,,65627,39,,,1,100,,65610,39,,,1,103,,65611,39,,,1,71,,65608,39,,,1,30,,65615,39,,,1,27,,65625,39,,,1,70,,65626,39,,,1,30,,65605,39,,,1,80,,65609,39,,,1,93,,65620,39,,,1,100,,65622,39,,,1,100,,65606,39,,,1,99,,65616,39,,,1,183,,65618,39,,,1
40001,'Semaine-0',518,,65793,17,,,1,10,,65794,17,,,1,10,,65795,17,,,1,10,,65796,17,,,1,10,,65797,17,,,1,52,,65798,17,,,1,5,,65799,17,,,1,5,,65800,17,,,1,4,,65801,17,,,1,6,,65807,17,,,1,271,,65802,17,,,1,9,,65803,15,,,1,6,,65804,17,,,1,10,,65805,17,,,1,11,,65806,17,,,1,10,,65752,17,,,1,9,,65737,17,,,1,51,,65762,17,,,1,11,,65763,17,,,1,9,,65809,17,,,1,10,,65727,17,,,1,10,,65810,17,,,1,10,,65725,17,,,1,50,,65759,17,,,1,10,,65779,17,,,1,10,,65746,17,,,1,10,,65754,17,,,1,10,,65751,17,,,1,10,,65729,17,,,1,50,,65790,17,,,1,10,,65764,17,,,1,10,,65776,17,,,1,10,,65728,17,,,1,10,,65738,17,,,1,10,,65731,17,,,1,50,,65747,17,,,1,10,,65780,17,,,1,10,,65761,17,,,1,10,,65755,17,,,1,10,,65750,17,,,1,10,,65743,17,,,1,50,,65786,17,,,1,10,,65765,17,,,1,10,,65777,17,,,1,10,,65792,17,,,1,11,,65740,17,,,1,11,,65723,17,,,1,50,,65782,17,,,1,10,,65781,17,,,1,10,,65766,17,,,1,10,,65756,17,,,1,6,,65748,13,,,1,6,,65733,17,,,1,52,,65784,17,,,1,13,,65791,17,,,1,7,,65808,13,,,1,5,,65778,17,,,1,13,,65813,17,,,1,10,,65758,17,,,1,52,,65787,17,,,1,12,,65811,17,,,1,12,,65771,17,,,1,13,,65749,17,,,1,11,,65734,17,,,1,52,,65739,17,,,1,12,,65812,17,,,1,12,,65741,17,,,1,12,,65767,17,,,1,10,,65757,17,,,1,52,,65788,17,,,1,10,,65774,17,,,1,12,,65753,17,,,1,9,,65735,17,,,1,13,,65775,17,,,1,12,,65815,17,,,1,52,,65814,17,,,1,12,,65742,17,,,1,12,,65768,17,,,1,12,,65745,17,,,1,12,,65789,17,,,1,52,,65772,17,,,1,15,,65730,17,,,1,13,,65816,17,,,1,17,,65736,17,,,1,55,,65732,17,,,1,15,,65783,17,,,1,12,,65769,17,,,1,15,,65744,17,,,1,55,,65773,17,,,1,15,,65785,17,,,1,15,,65726,17,,,1,15,,65724,17,,,1,55,,65760,17,,,1,30,,65770,17,,,1
43701,'Semaine-0',1527,,65835,39,0,9 14,1
