7101,'Samedi-0',733,,67393,1,,,1,100,,67392,1,,,1,100,,67397,1,,,1,100,,67395,1,,,1,100,,67396,1,,,1,100,,67391,1,,,1,100,,67394,1,,,1,100,,67398,1,,,1,100,,67399,1,,,1,100,,67400,1,,,1,100,,67401,1,,,1,100,,67402,1,,,1,100,,67403,1,,,1,100,,67404,1,,,1,100,,67405,1,,,1,100,,67406,1,,,1
7101,'Samedi-11',733,,71009,1,,,1,100,,71008,1,,,1,100,,71013,1,,,1,100,,71011,1,,,1,100,,71012,1,,,1,100,,71007,1,,,1,100,,71010,1,,,1,100,,71014,1,,,1,100,,71015,1,,,1,100,,71016,1,,,1,100,,71017,1,,,1,100,,71018,1,,,1,100,,71019,1,,,1,100,,71020,1,,,1,100,,71021,1,,,1,100,,71022,1,,,1
7101,'Dimanche-0',733,,68852,1,,,1,100,,68851,1,,,1,100,,68850,1,,,1,100,,68849,1,,,1,100,,68853,1,,,1,100,,68854,1,,,1,100,,68858,1,,,1,100,,68855,1,,,1,100,,68856,1,,,1,100,,68857,1,,,1,100,,68861,1,,,1,100,,68860,1,,,1,100,,68859,1,,,1,100,,68862,1,,,1,100,,68863,1,,,1,100,,68864,1,,,1
7101,'Dimanche-10',733,,69931,1,,,1,100,,69930,1,,,1,100,,69929,1,,,1,100,,69928,1,,,1,100,,69932,1,,,1,100,,69933,1,,,1,100,,69937,1,,,1,100,,69934,1,,,1,100,,69935,1,,,1,100,,69936,1,,,1,100,,69940,1,,,1,100,,69939,1,,,1,100,,69938,1,,,1,100,,69941,1,,,1,100,,69942,1,,,1,100,,69943,1,,,1
7101,'Dimanche-11',733,,67410,1,,,1,100,,67409,1,,,1,100,,67408,1,,,1,100,,67407,1,,,1,100,,67411,1,,,1,100,,67412,1,,,1,100,,67416,1,,,1,100,,67413,1,,,1,100,,67414,1,,,1,100,,67415,1,,,1,100,,67419,1,,,1,100,,67418,1,,,1,100,,67417,1,,,1,100,,67420,1,,,1,100,,67421,1,,,1,100,,67422,1,,,1
7101,'Semaine-0',535,,65033,1,,,1,22,,65028,1,,,2,55,,65024,1,,,1,20,,65025,1,,,1,20,,65026,1,,,2,54,,65027,1,,,1,20,,65023,1,,,2,17,,65032,1,,,1,57,,65031,1,,,2,30,,65030,1,,,1,70,,65035,1,,,2,30,,65037,1,,,1,70,,65034,1,,,1,30,,65036,1,,,1,70,,65029,1,,,1,30,,65045,1,,,1,70,,65039,1,,,1,30,,65040,1,,,2,70,,65044,1,,,1,30,,65043,1,,,2,71,,65046,1,,,1,30,,65041,1,,,1,70,,65047,1,,,1,14,,65038,1,,,1,16,,65042,1,,,1,15,,65048,1,,,1,56,,65049,1,,,1,16,,65050,1,,,1,13,,65051,1,,,2,15,,65054,1,,,1,55,,65057,1,,,1,15,,65052,1,,,1,20,,65053,1,,,2,71,,65055,1,,,2,29,,65056,1,,,1,100,,65060,1,,,1,100,,65058,1,,,1,100,,65061,1,,,2,100,,65059,1,,,2,100,,65062,1,,,2
7101,'Semaine-10',535,,72963,1,,,1,22,,72958,1,,,2,55,,72954,1,,,1,20,,72955,1,,,1,20,,72956,1,,,2,54,,72957,1,,,1,20,,72953,1,,,2,17,,72962,1,,,1,57,,72961,1,,,2,30,,72960,1,,,1,70,,72965,1,,,2,30,,72967,1,,,1,70,,72964,1,,,1,30,,72966,1,,,1,70,,72959,1,,,1,30,,72975,1,,,1,70,,72969,1,,,1,30,,72970,1,,,2,70,,72974,1,,,1,30,,72973,1,,,2,71,,72976,1,,,1,30,,72971,1,,,1,70,,72977,1,,,1,14,,72968,1,,,1,16,,72972,1,,,1,15,,72978,1,,,1,56,,72979,1,,,1,16,,72980,1,,,1,13,,72981,1,,,2,15,,72984,1,,,1,55,,72987,1,,,1,15,,72982,1,,,1,20,,72983,1,,,2,71,,72985,1,,,2,29,,72986,1,,,1,100,,72990,1,,,1,100,,72988,1,,,1,100,,72991,1,,,2,100,,72989,1,,,2,100,,72992,1,,,2
7601,'Samedi-0',704,,67555,1,,,1,100,,67558,1,,,1,100,,67557,1,,,1,100,,67561,1,,,1,100,,67560,1,,,1,100,,67559,1,,,1,100,,67556,1,,,1,100,,67562,1,,,1,100,,67563,1,,,1,100,,67564,1,,,1,100,,67565,1,,,1,100,,67566,1,,,1,100,,67567,1,,,1,100,,67568,1,,,1,100,,67569,1,,,1,100,,67570,1,,,1
7601,'Samedi-11',704,,71089,1,,,1,100,,71092,1,,,1,100,,71091,1,,,1,100,,71095,1,,,1,100,,71094,1,,,1,100,,71093,1,,,1,100,,71090,1,,,1,100,,71096,1,,,1,100,,71097,1,,,1,100,,71098,1,,,1,100,,71099,1,,,1,100,,71100,1,,,1,100,,71101,1,,,1,100,,71102,1,,,1,100,,71103,1,,,1,100,,71104,1,,,1
7601,'Dimanche-0',704,,68933,1,,,1,100,,68934,1,,,1,100,,68932,1,,,1,100,,68936,1,,,1,100,,68931,1,,,1,100,,68937,1,,,1,100,,68935,1,,,1,100,,68938,1,,,1,100,,68939,1,,,1,100,,68944,1,,,1,100,,68940,1,,,1,100,,68942,1,,,1,100,,68941,1,,,1,100,,68943,1,,,1,100,,68945,1,,,1,100,,68946,1,,,1
7601,'Dimanche-10',704,,70012,1,,,1,100,,70013,1,,,1,100,,70011,1,,,1,100,,70015,1,,,1,100,,70010,1,,,1,100,,70016,1,,,1,100,,70014,1,,,1,100,,70017,1,,,1,100,,70018,1,,,1,100,,70023,1,,,1,100,,70019,1,,,1,100,,70021,1,,,1,100,,70020,1,,,1,100,,70022,1,,,1,100,,70024,1,,,1,100,,70025,1,,,1
7601,'Dimanche-11',704,,67573,1,,,1,100,,67574,1,,,1,100,,67572,1,,,1,100,,67576,1,,,1,100,,67571,1,,,1,100,,67577,1,,,1,100,,67575,1,,,1,100,,67578,1,,,1,100,,67579,1,,,1,100,,67584,1,,,1,100,,67580,1,,,1,100,,67582,1,,,1,100,,67581,1,,,1,100,,67583,1,,,1,100,,67585,1,,,1,100,,67586,1,,,1
7601,'Semaine-0',620,,65243,1,,,1,18,,65247,1,,,2,19,,65244,1,,,1,59,,65245,1,,,1,16,,65246,1,,,2,21,,65248,1,,,1,65,,65249,1,,,1,30,,65251,1,,,2,70,,65250,1,,,1,30,,65252,1,,,2,70,,65253,1,,,1,30,,65254,1,,,1,70,,65260,1,,,1,30,,65255,1,,,1,70,,65256,1,,,1,30,,65262,1,,,2,70,,65261,1,,,1,29,,65257,1,,,1,70,,65258,1,,,1,28,,65263,1,,,1,72,,65264,1,,,1,25,,65265,1,,,1,72,,65266,1,,,1,26,,65259,1,,,1,65,,65267,1,,,1,25,,65268,1,,,1,25,,65269,1,,,1,70,,65270,1,,,1,83,,65273,1,,,1,102,,65271,1,,,2,100,,65272,1,,,2,100,,65274,1,,,2
7601,'Semaine-10',620,,73173,1,,,1,18,,73177,1,,,2,19,,73174,1,,,1,59,,73175,1,,,1,16,,73176,1,,,2,21,,73178,1,,,1,65,,73179,1,,,1,30,,73181,1,,,2,70,,73180,1,,,1,30,,73182,1,,,2,70,,73183,1,,,1,30,,73184,1,,,1,70,,73190,1,,,1,30,,73185,1,,,1,70,,73186,1,,,1,30,,73192,1,,,2,70,,73191,1,,,1,29,,73187,1,,,1,70,,73188,1,,,1,28,,73193,1,,,1,72,,73194,1,,,1,25,,73195,1,,,1,72,,73196,1,,,1,26,,73189,1,,,1,65,,73197,1,,,1,25,,73198,1,,,1,25,,73199,1,,,1,70,,73200,1,,,1,83,,73203,1,,,1,102,,73201,1,,,2,100,,73202,1,,,2,100,,73204,1,,,2
57101,'Semaine-0',633,,65854,1,0,5 6,2
57101,'Semaine-10',633,,73784,1,0,5 6,2
57600,'Semaine-0',1556,,65855,31,0,5 6,1
57600,'Semaine-10',1556,,73785,31,0,5 6,1
57601,'Semaine-0',659,,65856,3,0,5 6,1
57601,'Semaine-10',659,,73786,3,0,5 6,1
