3201,'Semaine-0',509,,63711,6,,,1,20,,63710,6,,,1,20,,63702,6,,,1,60,,63712,6,,,2,10,,63692,6,,,1,8,,63713,6,,,1,11,,63693,6,,,1,10,,63694,6,,,1,8,,63686,6,,,1,49,,63689,6,,,1,8,,63715,6,,,1,8,,63695,6,,,1,8,,63690,6,,,1,9,,63703,6,,,1,8,,63685,6,,,1,8,,63696,6,,,1,48,,63714,6,,,2,8,,63684,6,,,1,10,,63683,6,,,1,10,,63688,6,,,1,9,,63691,6,,,1,10,,63697,6,,,1,62,,63671,6,,,2,30,,63681,6,,,1,70,,63674,6,,,1,30,,63677,6,,,1,70,,63670,6,,,1,30,,63680,6,,,1,70,,63675,6,,,1,30,,63682,6,,,1,70,,63664,6,,,1,30,,63669,6,,,1,70,,63676,6,,,1,30,,63687,6,,,1,70,,63704,6,,,1,31,,63705,6,,,2,69,,63706,6,,,1,30,,63707,6,,,1,70,,63708,6,,,2,30,,63709,6,,,1,70,,63667,6,,,1,30,,63665,6,,,2,72,,63678,6,,,2,30,,63673,6,,,1,69,,63668,6,,,1,31,,63666,6,,,2,70,,63679,6,,,1,30,,63672,6,,,1,68,,63699,6,,,1,32,,63698,6,,,1,70,,63700,6,,,1,30,,63701,6,,,1
3401,'Samedi-0',651,,66201,13,,,1,100,,66204,13,,,1,70,,66213,13,,,1,30,,66202,13,,,1,71,,66207,13,,,1,30,,66209,13,,,1,69,,66203,13,,,1,30,,66212,13,,,1,72,,66205,13,,,1,29,,66214,13,,,1,70,,66206,13,,,1,30,,66208,13,,,1,70,,66210,13,,,1,30,,66211,13,,,1,70,,66215,13,,,1,31,,66216,13,,,1,70,,66217,13,,,1,30,,66218,13,,,1,70,,66219,13,,,1,30,,66220,13,,,1,70,,66221,13,,,1,30,,66222,13,,,1,70,,66223,13,,,1,30,,66225,13,,,1,68,,66224,13,,,1,30,,66226,13,,,1,70,,66227,13,,,1,30,,66228,13,,,1,70,,66230,13,,,1,30,,66229,13,,,1,70,,66231,13,,,1,98,,66232,13,,,1
3401,'Dimanche-0',651,,68254,13,,,1,100,,68262,13,,,1,70,,68267,13,,,1,30,,68259,13,,,1,71,,68257,13,,,1,30,,68280,13,,,1,69,,68261,13,,,1,30,,68266,13,,,1,72,,68256,13,,,1,29,,68255,13,,,1,70,,68258,13,,,1,30,,68265,13,,,1,70,,68268,13,,,1,30,,68260,13,,,1,70,,68264,13,,,1,31,,68263,13,,,1,70,,68269,13,,,1,30,,68273,13,,,1,70,,68270,13,,,1,30,,68271,13,,,1,70,,68272,13,,,1,30,,68279,13,,,1,70,,68274,13,,,1,30,,68277,13,,,1,68,,68275,13,,,1,30,,68276,13,,,1,70,,68278,13,,,1,30,,68281,13,,,1,70,,68283,13,,,1,30,,68282,13,,,1,70,,68284,13,,,1,98,,68285,13,,,1
3401,'Dimanche-11',651,,66233,13,,,1,100,,66241,13,,,1,70,,66246,13,,,1,30,,66238,13,,,1,71,,66236,13,,,1,30,,66259,13,,,1,69,,66240,13,,,1,30,,66245,13,,,1,72,,66235,13,,,1,29,,66234,13,,,1,70,,66237,13,,,1,30,,66244,13,,,1,70,,66247,13,,,1,30,,66239,13,,,1,70,,66243,13,,,1,31,,66242,13,,,1,70,,66248,13,,,1,30,,66252,13,,,1,70,,66249,13,,,1,30,,66250,13,,,1,70,,66251,13,,,1,30,,66258,13,,,1,70,,66253,13,,,1,30,,66256,13,,,1,68,,66254,13,,,1,30,,66255,13,,,1,70,,66257,13,,,1,30,,66260,13,,,1,70,,66262,13,,,1,30,,66261,13,,,1,70,,66263,13,,,1,98,,66264,13,,,1
3401,'Semaine-0',856,,63856,13,,,1,70,,63836,13,,,2,30,,63840,13,,,1,70,,63860,13,,,1,30,,63833,13,,,1,70,,63837,13,,,1,30,,63841,13,,,1,70,,63831,13,,,1,30,,63834,13,,,1,70,,63838,13,,,1,30,,63842,13,,,2,71,,63835,13,,,1,30,,63857,13,,,1,69,,63832,13,,,1,33,,63858,13,,,1,67,,63859,13,,,1,30,,63853,13,,,1,70,,63849,13,,,1,30,,63839,13,,,1,70,,63846,13,,,1,30,,63855,13,,,1,71,,63843,13,,,1,30,,63845,13,,,1,70,,63847,13,,,1,30,,63851,13,,,2,70,,63844,13,,,1,30,,63850,13,,,1,70,,63848,13,,,1,30,,63852,13,,,1,70,,63854,13,,,1
4900,'Samedi-0',730,,66565,29,,,1,100,,66566,29,,,1,102,,66563,29,,,1,100,,66567,29,,,1,100,,66564,29,,,1,101,,66568,29,,,1,98,,66569,29,,,1,102,,66570,29,,,1,100,,66571,29,,,1,100,,66572,29,,,1,100,,66573,29,,,1,97,,66574,29,,,1,100,,66575,29,,,1,100,,66576,29,,,1,100,,66577,29,,,1,100,,66578,29,,,1,98,,66579,29,,,1
4900,'Dimanche-0',730,,68435,29,,,1,100,,68448,29,,,1,102,,68436,29,,,1,100,,68447,29,,,1,100,,68439,29,,,1,101,,68438,29,,,1,98,,68442,29,,,1,102,,68437,29,,,1,100,,68441,29,,,1,100,,68440,29,,,1,100,,68444,29,,,1,97,,68446,29,,,1,100,,68443,29,,,1,100,,68445,29,,,1,100,,68449,29,,,1,100,,68450,29,,,1,98,,68451,29,,,1
4900,'Dimanche-11',730,,66580,29,,,1,100,,66593,29,,,1,102,,66581,29,,,1,100,,66592,29,,,1,100,,66584,29,,,1,101,,66583,29,,,1,98,,66587,29,,,1,102,,66582,29,,,1,100,,66586,29,,,1,100,,66585,29,,,1,100,,66589,29,,,1,97,,66591,29,,,1,100,,66588,29,,,1,100,,66590,29,,,1,100,,66594,29,,,1,100,,66595,29,,,1,98,,66596,29,,,1
4900,'Semaine-0',644,,64225,29,,,1,14,,64220,16,,,1,43,,64232,16,,,1,4,,64208,16,,,1,6,,64231,16,,,1,4,,64236,29,,,1,3,,64235,16,,,1,4,,64234,16,,,1,5,,64233,16,,,1,21,,64228,29,,,1,66,,64229,29,,,1,1,,64224,16,,,1,33,,64223,29,,,1,71,,64218,29,,,1,29,,64210,29,,,1,71,,64230,29,,,1,33,,64226,29,,,1,70,,64221,29,,,1,30,,64198,29,,,1,70,,64219,29,,,1,30,,64200,29,,,1,70,,64205,29,,,1,30,,64207,29,,,1,70,,64211,29,,,1,30,,64227,29,,,1,76,,64209,29,,,1,30,,64212,29,,,1,70,,64203,29,,,1,30,,64215,29,,,1,70,,64206,29,,,1,27,,64204,29,,,1,70,,64222,29,,,1,27,,64216,29,,,1,98,,64199,29,,,1,99,,64217,29,,,1,101,,64214,29,,,1,97,,64201,29,,,1,98,,64213,29,,,1,100,,64202,29,,,1
32601,'Semaine-0',802,,65573,4,0,7 8,1
44900,'Semaine-0',714,,65836,15,0,9 14,1
63900,'Semaine-0',1514,,65857,13,0,9 10,1
82601,'Semaine-0',729,,65968,4,0,9 12 13,1,1,,65969,4,0,9 12 13,1
