3300,'Samedi-0',755,,66061,18,,,1,101,,66062,18,,,1,101,,66063,18,,,1,100,,66064,18,,,1,101,,66065,18,,,1,100,,66066,18,,,1,100,,66067,18,,,1,100,,66068,18,,,1,100,,66069,18,,,1,100,,66070,18,,,1,100,,66071,18,,,1,98,,66072,18,,,1,99,,66073,18,,,1,100,,66074,18,,,1,100,,66075,18,,,1,100,,66076,18,,,1,100,,66077,18,,,1,99,,66078,18,,,1
3300,'Samedi-11',755,,70342,18,,,1,101,,70343,18,,,1,101,,70344,18,,,1,100,,70345,18,,,1,101,,70346,18,,,1,100,,70347,18,,,1,100,,70348,18,,,1,100,,70349,18,,,1,100,,70350,18,,,1,100,,70351,18,,,1,100,,70352,18,,,1,98,,70353,18,,,1,99,,70354,18,,,1,100,,70355,18,,,1,100,,70356,18,,,1,100,,70357,18,,,1,100,,70358,18,,,1,99,,70359,18,,,1
3300,'Dimanche-0',755,,68185,18,,,1,101,,68190,18,,,1,101,,68196,18,,,1,100,,68187,18,,,1,101,,68189,18,,,1,100,,68186,18,,,1,100,,68188,18,,,1,100,,68184,18,,,1,100,,68192,18,,,1,100,,68191,18,,,1,100,,68194,18,,,1,98,,68193,18,,,1,99,,68195,18,,,1,100,,68197,18,,,1,100,,68198,18,,,1,100,,68199,18,,,1,100,,68200,18,,,1,99,,68201,18,,,1
3300,'Dimanche-10',755,,69264,18,,,1,101,,69269,18,,,1,101,,69275,18,,,1,100,,69266,18,,,1,101,,69268,18,,,1,100,,69265,18,,,1,100,,69267,18,,,1,100,,69263,18,,,1,100,,69271,18,,,1,100,,69270,18,,,1,100,,69273,18,,,1,98,,69272,18,,,1,99,,69274,18,,,1,100,,69276,18,,,1,100,,69277,18,,,1,100,,69278,18,,,1,100,,69279,18,,,1,99,,69280,18,,,1
3300,'Dimanche-11',755,,66080,18,,,1,101,,66085,18,,,1,101,,66091,18,,,1,100,,66082,18,,,1,101,,66084,18,,,1,100,,66081,18,,,1,100,,66083,18,,,1,100,,66079,18,,,1,100,,66087,18,,,1,100,,66086,18,,,1,100,,66089,18,,,1,98,,66088,18,,,1,99,,66090,18,,,1,100,,66092,18,,,1,100,,66093,18,,,1,100,,66094,18,,,1,100,,66095,18,,,1,99,,66096,18,,,1
3300,'Semaine-0',630,,63741,18,,,1,20,,63740,18,,,1,59,,63747,18,,,1,34,,63720,18,,,1,13,,63734,18,,,1,61,,63742,18,,,1,16,,63755,18,,,1,17,,63748,18,,,1,68,,63732,18,,,1,28,,63750,18,,,1,72,,63735,18,,,1,38,,63725,18,,,1,61,,63744,18,,,1,20,,63730,18,,,1,20,,63737,18,,,1,60,,63726,18,,,1,22,,63752,18,,,1,18,,63733,18,,,1,60,,63754,18,,,1,32,,63739,18,,,1,69,,63727,18,,,1,20,,63749,18,,,1,20,,63745,18,,,1,60,,63738,18,,,1,23,,63717,18,,,1,61,,63729,18,,,1,12,,63736,18,,,1,15,,63753,18,,,1,17,,63751,18,,,1,65,,63746,18,,,1,20,,63724,18,,,1,19,,63723,18,,,1,55,,63728,18,,,1,18,,63716,18,,,1,18,,63721,18,,,1,81,,63756,18,,,1,33,,63731,18,,,1,98,,63722,18,,,1,102,,63718,18,,,1,100,,63743,18,,,2,100,,63757,18,,,1,103,,63719,18,,,1
3300,'Semaine-10',630,,71671,18,,,1,20,,71670,18,,,1,59,,71677,18,,,1,34,,71650,18,,,1,13,,71664,18,,,1,61,,71672,18,,,1,16,,71685,18,,,1,17,,71678,18,,,1,68,,71662,18,,,1,28,,71680,18,,,1,72,,71665,18,,,1,38,,71655,18,,,1,61,,71674,18,,,1,20,,71660,18,,,1,20,,71667,18,,,1,60,,71656,18,,,1,22,,71682,18,,,1,18,,71663,18,,,1,60,,71684,18,,,1,32,,71669,18,,,1,69,,71657,18,,,1,20,,71679,18,,,1,20,,71675,18,,,1,60,,71668,18,,,1,23,,71647,18,,,1,61,,71659,18,,,1,12,,71666,18,,,1,15,,71683,18,,,1,17,,71681,18,,,1,65,,71676,18,,,1,20,,71654,18,,,1,19,,71653,18,,,1,55,,71658,18,,,1,18,,71646,18,,,1,18,,71651,18,,,1,81,,71686,18,,,1,33,,71661,18,,,1,98,,71652,18,,,1,102,,71648,18,,,1,100,,71673,18,,,2,100,,71687,18,,,1,103,,71649,18,,,1
3600,'Semaine-0',911,,63929,20,,,1,100,,63930,20,,,1,101,,63928,20,,,1,100,,63931,20,,,1,100,,63933,20,,,1,100,,63934,20,,,1,99,,63932,20,,,1
3600,'Semaine-10',911,,71859,20,,,1,100,,71860,20,,,1,101,,71858,20,,,1,100,,71861,20,,,1,100,,71863,20,,,1,100,,71864,20,,,1,99,,71862,20,,,1
73300,'Semaine-0',1626,,65879,15,,,1
73300,'Semaine-10',1626,,73809,15,,,1
83300,'Semaine-0',1528,,65983,5,0,9 12 13,1
83300,'Semaine-10',1528,,73913,5,0,9 12 13,1
