3600,'Semaine-0',930,,63929,47,,,1,102,,63930,47,,,1,101,,63928,47,,,1,100,,63931,47,,,1,100,,63933,47,,,1,100,,63934,47,,,1,100,,63932,47,,,1
3600,'Semaine-10',930,,71859,47,,,1,102,,71860,47,,,1,101,,71858,47,,,1,100,,71861,47,,,1,100,,71863,47,,,1,100,,71864,47,,,1,100,,71862,47,,,1
3700,'Samedi-0',747,,66265,39,,,1,100,,66266,39,,,1,100,,66268,39,,,1,103,,66269,39,,,1,100,,66267,39,,,1,102,,66270,39,,,1,100,,66271,39,,,1,100,,66272,39,,,1,100,,66273,39,,,1,100,,66274,39,,,1,100,,66275,39,,,1,100,,66276,39,,,1,97,,66277,39,,,1,100,,66278,39,,,1,100,,66279,39,,,1,100,,66280,39,,,1,97,,66281,39,,,1,100,,66282,39,,,1
3700,'Samedi-11',747,,70444,39,,,1,100,,70445,39,,,1,100,,70447,39,,,1,103,,70448,39,,,1,100,,70446,39,,,1,102,,70449,39,,,1,100,,70450,39,,,1,100,,70451,39,,,1,100,,70452,39,,,1,100,,70453,39,,,1,100,,70454,39,,,1,100,,70455,39,,,1,97,,70456,39,,,1,100,,70457,39,,,1,100,,70458,39,,,1,100,,70459,39,,,1,97,,70460,39,,,1,100,,70461,39,,,1
3700,'Dimanche-0',747,,68288,39,,,1,100,,68291,39,,,1,100,,68293,39,,,1,103,,68289,39,,,1,100,,68286,39,,,1,102,,68290,39,,,1,100,,68287,39,,,1,100,,68292,39,,,1,100,,68294,39,,,1,100,,68296,39,,,1,100,,68295,39,,,1,100,,68299,39,,,1,97,,68298,39,,,1,100,,68297,39,,,1,100,,68300,39,,,1,100,,68301,39,,,1,97,,68302,39,,,1,100,,68303,39,,,1
3700,'Dimanche-10',747,,69367,39,,,1,100,,69370,39,,,1,100,,69372,39,,,1,103,,69368,39,,,1,100,,69365,39,,,1,102,,69369,39,,,1,100,,69366,39,,,1,100,,69371,39,,,1,100,,69373,39,,,1,100,,69375,39,,,1,100,,69374,39,,,1,100,,69378,39,,,1,97,,69377,39,,,1,100,,69376,39,,,1,100,,69379,39,,,1,100,,69380,39,,,1,97,,69381,39,,,1,100,,69382,39,,,1
3700,'Dimanche-11',747,,66285,39,,,1,100,,66288,39,,,1,100,,66290,39,,,1,103,,66286,39,,,1,100,,66283,39,,,1,102,,66287,39,,,1,100,,66284,39,,,1,100,,66289,39,,,1,100,,66291,39,,,1,100,,66293,39,,,1,100,,66292,39,,,1,100,,66296,39,,,1,97,,66295,39,,,1,100,,66294,39,,,1,100,,66297,39,,,1,100,,66298,39,,,1,97,,66299,39,,,1,100,,66300,39,,,1
3700,'Semaine-0',708,,63963,39,,,1,44,,63969,39,,,1,71,,63960,39,,,1,27,,63944,39,,,1,69,,63958,39,,,1,89,,63950,39,,,1,100,,63946,39,,,1,100,,63947,39,,,1,100,,63948,39,,,1,103,,63949,39,,,1,100,,63955,39,,,1,90,,63956,39,,,1,16,,63957,39,,,1,15,,63943,39,,,1,15,,63965,39,,,1,63,,63952,39,,,1,30,,63961,39,,,1,63,,63951,39,,,1,27,,63945,39,,,1,29,,63942,39,,,1,66,,63953,39,,,1,30,,63968,39,,,1,69,,63959,39,,,1,76,,63970,39,,,1,59,,63966,39,,,1,98,,63954,39,,,1,100,,63964,39,,,1,99,,63967,39,,,1,55,,63962,39,,,1
3700,'Semaine-10',708,,71893,39,,,1,44,,71899,39,,,1,71,,71890,39,,,1,27,,71874,39,,,1,69,,71888,39,,,1,89,,71880,39,,,1,100,,71876,39,,,1,100,,71877,39,,,1,100,,71878,39,,,1,103,,71879,39,,,1,100,,71885,39,,,1,90,,71886,39,,,1,16,,71887,39,,,1,15,,71873,39,,,1,15,,71895,39,,,1,63,,71882,39,,,1,30,,71891,39,,,1,63,,71881,39,,,1,27,,71875,39,,,1,29,,71872,39,,,1,66,,71883,39,,,1,30,,71898,39,,,1,69,,71889,39,,,1,76,,71900,39,,,1,59,,71896,39,,,1,98,,71884,39,,,1,100,,71894,39,,,1,99,,71897,39,,,1,55,,71892,39,,,1
6400,'Samedi-0',759,,67005,40,,,1,100,,67007,40,,,1,100,,67010,40,,,1,100,,67008,40,,,1,100,,67011,40,,,1,100,,67006,40,,,1,100,,67009,40,,,1,100,,67012,40,,,1,98,,67013,40,,,1,100,,67014,40,,,1,100,,67015,40,,,1,100,,67016,40,,,1
6400,'Samedi-11',759,,70814,40,,,1,100,,70816,40,,,1,100,,70819,40,,,1,100,,70817,40,,,1,100,,70820,40,,,1,100,,70815,40,,,1,100,,70818,40,,,1,100,,70821,40,,,1,98,,70822,40,,,1,100,,70823,40,,,1,100,,70824,40,,,1,100,,70825,40,,,1
6400,'Dimanche-0',759,,68657,40,,,1,100,,68658,40,,,1,100,,68663,40,,,1,100,,68661,40,,,1,100,,68656,40,,,1,100,,68659,40,,,1,100,,68660,40,,,1,100,,68664,40,,,1,98,,68662,40,,,1,100,,68666,40,,,1,100,,68667,40,,,1,100,,68665,40,,,1
6400,'Dimanche-10',759,,69736,40,,,1,100,,69737,40,,,1,100,,69742,40,,,1,100,,69740,40,,,1,100,,69735,40,,,1,100,,69738,40,,,1,100,,69739,40,,,1,100,,69743,40,,,1,98,,69741,40,,,1,100,,69745,40,,,1,100,,69746,40,,,1,100,,69744,40,,,1
6400,'Dimanche-11',759,,67018,40,,,1,100,,67019,40,,,1,100,,67024,40,,,1,100,,67022,40,,,1,100,,67017,40,,,1,100,,67020,40,,,1,100,,67021,40,,,1,100,,67025,40,,,1,98,,67023,40,,,1,100,,67027,40,,,1,100,,67028,40,,,1,100,,67026,40,,,1
6400,'Semaine-0',712,,64638,40,,,1,34,,64635,40,,,1,70,,64630,40,,,1,30,,64634,40,,,1,100,,64636,40,,,1,100,,64641,40,,,1,100,,64640,40,,,1,100,,64633,40,,,1,100,,64646,40,,,1,100,,64642,40,,,1,95,,64643,40,,,1,85,,64648,40,,,1,87,,64647,40,,,1,100,,64644,40,,,1,95,,64645,40,,,1,100,,64637,40,,,2,99,,64631,40,,,2,100,,64639,40,,,1,100,,64632,40,,,1
6400,'Semaine-10',712,,72568,40,,,1,34,,72565,40,,,1,70,,72560,40,,,1,30,,72564,40,,,1,100,,72566,40,,,1,100,,72571,40,,,1,100,,72570,40,,,1,100,,72563,40,,,1,100,,72576,40,,,1,100,,72572,40,,,1,95,,72573,40,,,1,85,,72578,40,,,1,87,,72577,40,,,1,100,,72574,40,,,1,95,,72575,40,,,1,100,,72567,40,,,2,99,,72561,40,,,2,100,,72569,40,,,1,100,,72562,40,,,1
6801,'Semaine-0',630,,64923,17,,,1,20,,64936,17,,,1,58,,64907,17,,,1,19,,64920,17,,,1,6,,64934,17,,,1,7,,64914,17,,,1,6,,64919,17,,,1,62,,64925,17,,,1,18,,64937,17,,,1,20,,64913,17,,,1,60,,64932,17,,,1,19,,64930,17,,,1,20,,64935,17,,,1,68,,64908,17,,,1,30,,64928,17,,,1,70,,64909,17,,,1,30,,64911,17,,,1,70,,64931,17,,,1,30,,64915,17,,,1,70,,64933,17,,,1,32,,64927,17,,,1,70,,64916,17,,,1,30,,64926,17,,,1,69,,64917,17,,,1,34,,64912,17,,,1,71,,64910,17,,,1,26,,64924,17,,,1,70,,64918,17,,,1,28,,64929,17,,,1,70,,64922,17,,,1,30,,64921,17,,,1
6801,'Semaine-10',630,,72853,17,,,1,20,,72866,17,,,1,58,,72837,17,,,1,19,,72850,17,,,1,6,,72864,17,,,1,7,,72844,17,,,1,6,,72849,17,,,1,62,,72855,17,,,1,18,,72867,17,,,1,20,,72843,17,,,1,60,,72862,17,,,1,19,,72860,17,,,1,20,,72865,17,,,1,68,,72838,17,,,1,30,,72858,17,,,1,70,,72839,17,,,1,30,,72841,17,,,1,70,,72861,17,,,1,30,,72845,17,,,1,70,,72863,17,,,1,32,,72857,17,,,1,70,,72846,17,,,1,30,,72856,17,,,1,69,,72847,17,,,1,34,,72842,17,,,1,71,,72840,17,,,1,26,,72854,17,,,1,70,,72848,17,,,1,28,,72859,17,,,1,70,,72852,17,,,1,30,,72851,17,,,1
33100,'Semaine-0',817,,65576,11,0,7 8,1
33100,'Semaine-10',817,,73506,11,0,7 8,1
37100,'Samedi-0',818,,67718,40,,,1,101,,67722,40,,,1,100,,67717,40,,,1,103,,67723,40,,,1,100,,67719,40,,,1,100,,67720,40,,,1,100,,67721,40,,,1,104,,67724,40,,,1,100,,67725,40,,,1,100,,67726,40,,,1,98,,67727,40,,,1,98,,67728,40,,,1,100,,67729,40,,,1,98,,67730,40,,,1,100,,67731,40,,,1,99,,67732,40,,,1,98,,67733,40,,,1
37100,'Samedi-11',818,,71171,40,,,1,101,,71175,40,,,1,100,,71170,40,,,1,103,,71176,40,,,1,100,,71172,40,,,1,100,,71173,40,,,1,100,,71174,40,,,1,104,,71177,40,,,1,100,,71178,40,,,1,100,,71179,40,,,1,98,,71180,40,,,1,98,,71181,40,,,1,100,,71182,40,,,1,98,,71183,40,,,1,100,,71184,40,,,1,99,,71185,40,,,1,98,,71186,40,,,1
37100,'Dimanche-0',818,,69012,40,,,1,101,,69014,40,,,1,100,,69016,40,,,1,103,,69017,40,,,1,100,,69024,40,,,1,100,,69013,40,,,1,100,,69018,40,,,1,104,,69015,40,,,1,100,,69020,40,,,1,100,,69022,40,,,1,98,,69023,40,,,1,98,,69021,40,,,1,100,,69019,40,,,1,98,,69025,40,,,1,100,,69026,40,,,1,99,,69027,40,,,1,98,,69028,40,,,1
37100,'Dimanche-10',818,,70091,40,,,1,101,,70093,40,,,1,100,,70095,40,,,1,103,,70096,40,,,1,100,,70103,40,,,1,100,,70092,40,,,1,100,,70097,40,,,1,104,,70094,40,,,1,100,,70099,40,,,1,100,,70101,40,,,1,98,,70102,40,,,1,98,,70100,40,,,1,100,,70098,40,,,1,98,,70104,40,,,1,100,,70105,40,,,1,99,,70106,40,,,1,98,,70107,40,,,1
37100,'Dimanche-11',818,,67734,40,,,1,101,,67736,40,,,1,100,,67738,40,,,1,103,,67739,40,,,1,100,,67746,40,,,1,100,,67735,40,,,1,100,,67740,40,,,1,104,,67737,40,,,1,100,,67742,40,,,1,100,,67744,40,,,1,98,,67745,40,,,1,98,,67743,40,,,1,100,,67741,40,,,1,98,,67747,40,,,1,100,,67748,40,,,1,99,,67749,40,,,1,98,,67750,40,,,1
37100,'Semaine-0',728,,65591,40,,,1,74,,65588,40,,,1,30,,65584,40,,,1,68,,65579,40,,,1,50,,65598,40,,,1,97,,65583,40,,,1,102,,65585,40,,,1,100,,65597,40,,,1,100,,65592,40,,,1,103,,65581,40,,,1,95,,65593,40,,,1,59,,65602,40,,,1,16,,65582,40,,,1,15,,65603,40,,,1,65,,65578,40,,,1,20,,65587,40,,,1,27,,65594,40,,,1,65,,65600,40,,,1,26,,65599,40,,,1,70,,65589,40,,,1,28,,65601,40,,,1,70,,65604,40,,,1,30,,65590,40,,,1,95,,65586,40,,,1,100,,65596,40,,,1,100,,65595,40,,,1,97,,65580,40,,,1
37100,'Semaine-10',728,,73521,40,,,1,74,,73518,40,,,1,30,,73514,40,,,1,68,,73509,40,,,1,50,,73528,40,,,1,97,,73513,40,,,1,102,,73515,40,,,1,100,,73527,40,,,1,100,,73522,40,,,1,103,,73511,40,,,1,95,,73523,40,,,1,59,,73532,40,,,1,16,,73512,40,,,1,15,,73533,40,,,1,65,,73508,40,,,1,20,,73517,40,,,1,27,,73524,40,,,1,65,,73530,40,,,1,26,,73529,40,,,1,70,,73519,40,,,1,28,,73531,40,,,1,70,,73534,40,,,1,30,,73520,40,,,1,95,,73516,40,,,1,100,,73526,40,,,1,100,,73525,40,,,1,97,,73510,40,,,1
43700,'Semaine-0',747,,65832,35,0,9 14,1,2,,65833,31,0,9 14,2
43700,'Semaine-10',747,,73762,35,0,9 14,1,2,,73763,31,0,9 14,2
