2301,'Semaine-0',619,,63480,12,,,1,30,,63477,12,,,2,70,,63481,12,,,1,34,,63479,12,,,2,67,,63478,12,,,1
2501,'Semaine-0',604,,63492,19,,,2,30,,63491,19,,,1,70,,63489,19,,,1,30,,63490,19,,,2,71,,63493,19,,,1,29,,63488,19,,,2
2801,'Semaine-0',646,,63517,15,,,1,74,,63518,15,,,2,99,,63516,15,,,2
4900,'Samedi-0',737,,66565,38,,,1,100,,66566,38,,,1,102,,66563,38,,,1,100,,66567,38,,,1,100,,66564,38,,,1,101,,66568,38,,,1,98,,66569,38,,,1,102,,66570,38,,,1,100,,66571,38,,,1,100,,66572,38,,,1,100,,66573,38,,,1,97,,66574,38,,,1,100,,66575,38,,,1,100,,66576,38,,,1,100,,66577,38,,,1,100,,66578,38,,,1,98,,66579,38,,,1
4900,'Dimanche-11',737,,66580,38,,,1,100,,66593,38,,,1,102,,66581,38,,,1,100,,66592,38,,,1,100,,66584,38,,,1,101,,66583,38,,,1,98,,66587,38,,,1,102,,66582,38,,,1,100,,66586,38,,,1,100,,66585,38,,,1,100,,66589,38,,,1,97,,66591,38,,,1,100,,66588,38,,,1,100,,66590,38,,,1,100,,66594,38,,,1,100,,66595,38,,,1,98,,66596,38,,,1
4900,'Semaine-0',651,,64225,38,,,1,55,,64220,25,,,1,3,,64232,25,,,1,4,,64208,25,,,1,6,,64231,25,,,1,4,,64236,38,,,1,3,,64235,25,,,1,4,,64234,25,,,1,5,,64233,25,,,1,21,,64228,38,,,1,67,,64224,25,,,1,33,,64223,38,,,1,71,,64218,38,,,1,28,,64210,38,,,1,71,,64230,38,,,1,33,,64226,38,,,1,70,,64221,38,,,1,30,,64198,38,,,1,70,,64219,38,,,1,30,,64200,38,,,1,70,,64205,38,,,1,30,,64207,38,,,1,70,,64211,38,,,1,30,,64227,38,,,1,77,,64209,38,,,1,70,,64212,38,,,1,30,,64203,38,,,1,70,,64215,38,,,1,30,,64206,38,,,1,67,,64204,38,,,1,30,,64222,38,,,1,67,,64216,38,,,1,57,,64199,38,,,1,99,,64217,38,,,1,101,,64214,38,,,1,97,,64201,38,,,1,98,,64213,38,,,1,100,,64202,38,,,1
32501,'Semaine-0',820,,65570,19,0,7 8,1,3,,65571,19,0,7 8,1
42500,'Semaine-0',706,,65817,19,0,9 14,1,2,,65818,19,0,9 14,2
72501,'Semaine-0',816,,65875,19,0,5 11,2
82501,'Semaine-0',748,,65964,19,0,9 12 13,1,1,,65965,19,0,9 12 13,1
