3301,'Samedi-0',721,,66097,23,,,1,100,,66098,23,,,1,100,,66099,23,,,1,100,,66100,23,,,1,99,,66101,23,,,1,101,,66102,23,,,1,100,,66103,23,,,1,100,,66104,23,,,1,101,,66105,23,,,1,99,,66106,23,,,1,100,,66107,23,,,1,99,,66108,23,,,1,100,,66109,23,,,1,100,,66110,23,,,1,100,,66111,23,,,1,100,,66112,23,,,1,100,,66113,23,,,1,100,,66114,23,,,1
3301,'Dimanche-11',721,,66119,23,,,1,100,,66120,23,,,1,100,,66128,23,,,1,100,,66121,23,,,1,99,,66116,23,,,1,101,,66117,23,,,1,100,,66115,23,,,1,100,,66118,23,,,1,101,,66122,23,,,1,99,,66123,23,,,1,100,,66125,23,,,1,99,,66127,23,,,1,100,,66126,23,,,1,100,,66124,23,,,1,100,,66129,23,,,1,100,,66130,23,,,1,100,,66131,23,,,1,100,,66132,23,,,1
3301,'Semaine-0',607,,63781,23,,,1,20,,63789,23,,,1,18,,63766,23,,,1,55,,63786,23,,,1,19,,63782,23,,,1,10,,63777,23,,,1,11,,63797,23,,,1,13,,63795,23,,,1,55,,63784,23,,,1,12,,63772,23,,,1,11,,63788,23,,,1,14,,63762,23,,,1,70,,63774,23,,,1,31,,63780,23,,,1,70,,63770,23,,,1,30,,63791,23,,,1,70,,63775,23,,,1,30,,63767,23,,,1,70,,63769,23,,,1,16,,63787,23,,,1,15,,63796,23,,,1,66,,63778,23,,,1,28,,63768,23,,,1,70,,63773,23,,,1,32,,63776,23,,,1,61,,63798,23,,,1,19,,63779,23,,,1,18,,63783,23,,,1,63,,63764,23,,,1,20,,63794,23,,,1,21,,63771,23,,,1,67,,63761,23,,,1,31,,63758,23,,,1,73,,63792,23,,,1,30,,63765,23,,,1,70,,63760,23,,,1,100,,63763,23,,,1,33,,63785,23,,,1,101,,63790,23,,,2,100,,63759,23,,,1,100,,63793,23,,,1
4901,'Samedi-0',713,,66600,5,,,1,100,,66599,5,,,1,100,,66601,5,,,1,100,,66597,5,,,1,100,,66602,5,,,1,100,,66598,5,,,1,100,,66603,5,,,1,100,,66604,5,,,1,100,,66605,5,,,1,100,,66606,5,,,1,100,,66607,5,,,1,100,,66608,5,,,1,100,,66609,5,,,1,100,,66610,5,,,1,100,,66611,5,,,1,100,,66612,5,,,1,100,,66613,5,,,1
4901,'Dimanche-11',713,,66627,5,,,1,100,,66616,5,,,1,100,,66626,5,,,1,100,,66619,5,,,1,100,,66615,5,,,1,100,,66614,5,,,1,100,,66617,5,,,1,100,,66618,5,,,1,100,,66621,5,,,1,100,,66620,5,,,1,100,,66624,5,,,1,100,,66623,5,,,1,100,,66625,5,,,1,100,,66622,5,,,1,100,,66628,5,,,1,100,,66629,5,,,1,100,,66630,5,,,1
4901,'Semaine-0',553,,64243,5,,,1,86,,64248,5,,,1,70,,64264,5,,,1,30,,64260,5,,,1,70,,64258,5,,,1,29,,64268,5,,,1,70,,64250,5,,,1,30,,64266,5,,,1,70,,64262,5,,,1,30,,64237,5,,,1,70,,64259,5,,,1,30,,64238,5,,,1,70,,64244,5,,,1,30,,64246,5,,,1,70,,64251,5,,,1,29,,64267,5,,,1,71,,64249,5,,,1,30,,64269,5,,,1,21,,64265,5,,,1,50,,64252,5,,,1,15,,64239,5,,,1,15,,64255,5,,,1,70,,64245,5,,,1,30,,64247,5,,,1,69,,64263,5,,,1,30,,64257,5,,,1,70,,64261,5,,,1,95,,64240,5,,,1,40,,64256,5,,,1,101,,64254,5,,,1,99,,64241,5,,,1,100,,64253,5,,,1,100,,64242,5,,,1
5001,'Semaine-0',1610,,64276,5,,,1,100,,64278,5,,,1,99,,64277,5,,,2
5601,'Semaine-0',1213,,64428,5,,,1,100,,64425,5,,,1,100,,64424,5,,,1,100,,64427,5,,,2,103,,64426,5,,,1,98,,64429,5,,,1,99,,64430,5,,,1
42501,'Semaine-0',1500,,65819,6,0,9 14,1
42601,'Semaine-0',1502,,65822,6,0,9 14,1
42901,'Semaine-0',1501,,65825,6,0,9 14,1
44901,'Semaine-0',1501,,65837,6,0,9 14,1
56601,'Semaine-0',725,,65850,57,0,5 6,1
83301,'Semaine-0',747,,65984,5,0,9 12 13,1
