42501,'Semaine-0',1455,,65819,1,4,,1
42501,'Semaine-10',1455,,73749,1,4,,1
42601,'Semaine-0',1455,,65822,1,4,,1
42601,'Semaine-10',1455,,73752,1,4,,1
42901,'Semaine-0',1455,,65825,1,4,,1
42901,'Semaine-10',1455,,73755,1,4,,1
43100,'Semaine-0',1455,,65827,1,4,,1
43100,'Semaine-10',1455,,73757,1,4,,1
43300,'Semaine-0',1455,,65830,1,4,,2
43300,'Semaine-10',1455,,73760,1,4,,2
43701,'Semaine-0',1455,,65835,1,4,,1
43701,'Semaine-10',1455,,73765,1,4,,1
44901,'Semaine-0',1455,,65837,1,4,,1
44901,'Semaine-10',1455,,73767,1,4,,1
