2300,'Semaine-0',1608,,63476,37,4,,1,29,,63474,37,4,,1,74,,63472,37,4,,1,25,,63473,37,4,,2,23,,63475,37,4,,2,68,,63471,37,4,,1
2300,'Semaine-10',1608,,71406,37,4,,1,29,,71404,37,4,,1,74,,71402,37,4,,1,25,,71403,37,4,,2,23,,71405,37,4,,2,68,,71401,37,4,,1
2300,'Semaine-11',1608,,73937,37,4,,1,29,,73935,37,4,,1,74,,73933,37,4,,1,25,,73934,37,4,,2,23,,73936,37,4,,2,68,,73932,37,4,,1
3900,'Samedi-0',639,,66467,6,,,1,101,,66468,6,,,1,100,,66472,6,,,1,101,,66471,6,,,1,100,,66474,6,,,1,100,,66473,6,,,1,102,,66469,6,,,1,70,,66470,6,,,1,30,,66475,6,,,1,71,,66476,6,,,1,30,,66477,6,,,1,70,,66478,6,,,1,31,,66479,6,,,1,70,,66480,6,,,1,30,,66481,6,,,1,70,,66482,6,,,1,30,,66483,6,,,1,69,,66484,6,,,1,29,,66485,6,,,1,69,,66486,6,,,1,100,,66487,6,,,1,100,,66488,6,,,1,100,,66489,6,,,1,100,,66490,6,,,1
3900,'Samedi-10',639,,76690,6,,,1,101,,76691,6,,,1,100,,76695,6,,,1,101,,76694,6,,,1,100,,76697,6,,,1,100,,76696,6,,,1,102,,76692,6,,,1,70,,76693,6,,,1,30,,76698,6,,,1,71,,76699,6,,,1,30,,76700,6,,,1,70,,76701,6,,,1,31,,76702,6,,,1,70,,76703,6,,,1,30,,76704,6,,,1,70,,76705,6,,,1,30,,76706,6,,,1,69,,76707,6,,,1,29,,76708,6,,,1,69,,76709,6,,,1,100,,76710,6,,,1,100,,76711,6,,,1,100,,76712,6,,,1,100,,76713,6,,,1
3900,'Samedi-11',639,,70545,6,,,1,101,,70546,6,,,1,100,,70550,6,,,1,101,,70549,6,,,1,100,,70552,6,,,1,100,,70551,6,,,1,102,,70547,6,,,1,70,,70548,6,,,1,30,,70553,6,,,1,71,,70554,6,,,1,30,,70555,6,,,1,70,,70556,6,,,1,31,,70557,6,,,1,70,,70558,6,,,1,30,,70559,6,,,1,70,,70560,6,,,1,30,,70561,6,,,1,69,,70562,6,,,1,29,,70563,6,,,1,69,,70564,6,,,1,100,,70565,6,,,1,100,,70566,6,,,1,100,,70567,6,,,1,100,,70568,6,,,1
3900,'Dimanche-0',639,,68387,6,,,1,101,,68394,6,,,1,100,,68397,6,,,1,101,,68390,6,,,1,100,,68392,6,,,1,100,,68393,6,,,1,102,,68396,6,,,1,70,,68389,6,,,1,30,,68391,6,,,1,71,,68398,6,,,1,30,,68388,6,,,1,70,,68399,6,,,1,31,,68395,6,,,1,70,,68402,6,,,1,30,,68405,6,,,1,70,,68407,6,,,1,30,,68401,6,,,1,69,,68404,6,,,1,29,,68406,6,,,1,69,,68400,6,,,1,100,,68403,6,,,1,100,,68408,6,,,1,100,,68409,6,,,1,100,,68410,6,,,1
3900,'Dimanche-10',639,,69466,6,,,1,101,,69473,6,,,1,100,,69476,6,,,1,101,,69469,6,,,1,100,,69471,6,,,1,100,,69472,6,,,1,102,,69475,6,,,1,70,,69468,6,,,1,30,,69470,6,,,1,71,,69477,6,,,1,30,,69467,6,,,1,70,,69478,6,,,1,31,,69474,6,,,1,70,,69481,6,,,1,30,,69484,6,,,1,70,,69486,6,,,1,30,,69480,6,,,1,69,,69483,6,,,1,29,,69485,6,,,1,69,,69479,6,,,1,100,,69482,6,,,1,100,,69487,6,,,1,100,,69488,6,,,1,100,,69489,6,,,1
3900,'Dimanche-11',639,,66491,6,,,1,101,,66498,6,,,1,100,,66501,6,,,1,101,,66494,6,,,1,100,,66496,6,,,1,100,,66497,6,,,1,102,,66500,6,,,1,70,,66493,6,,,1,30,,66495,6,,,1,71,,66502,6,,,1,30,,66492,6,,,1,70,,66503,6,,,1,31,,66499,6,,,1,70,,66506,6,,,1,30,,66509,6,,,1,70,,66511,6,,,1,30,,66505,6,,,1,69,,66508,6,,,1,29,,66510,6,,,1,69,,66504,6,,,1,100,,66507,6,,,1,100,,66512,6,,,1,100,,66513,6,,,1,100,,66514,6,,,1
3900,'Semaine-0',616,,64097,6,,,1,22,,64083,6,,,1,69,,64102,6,,,1,28,,64095,6,,,1,76,,64096,6,,,1,33,,64094,6,,,1,72,,64091,6,,,1,30,,64108,6,,,2,70,,64103,6,,,1,30,,64115,6,,,1,70,,64100,6,,,2,30,,64104,6,,,1,70,,64092,6,,,1,31,,64090,6,,,1,70,,64105,6,,,1,29,,64093,6,,,2,70,,64080,6,,,1,34,,64106,6,,,1,73,,64087,6,,,1,29,,64089,6,,,1,72,,64107,6,,,2,32,,64086,6,,,1,68,,64081,6,,,1,29,,64109,6,,,1,67,,64088,6,,,1,32,,64082,6,,,2,69,,64110,6,,,2,32,,64085,6,,,1,65,,64101,6,,,2,26,,64111,6,,,1,70,,64084,6,,,1,30,,64099,6,,,1,69,,64112,6,,,1,30,,64098,6,,,1,72,,64114,6,,,1,28,,64113,6,,,1
3900,'Semaine-10',616,,72027,6,,,1,22,,72013,6,,,1,69,,72032,6,,,1,28,,72025,6,,,1,76,,72026,6,,,1,33,,72024,6,,,1,72,,72021,6,,,1,30,,72038,6,,,2,70,,72033,6,,,1,30,,72045,6,,,1,70,,72030,6,,,2,30,,72034,6,,,1,70,,72022,6,,,1,31,,72020,6,,,1,70,,72035,6,,,1,29,,72023,6,,,2,70,,72010,6,,,1,34,,72036,6,,,1,73,,72017,6,,,1,29,,72019,6,,,1,72,,72037,6,,,2,32,,72016,6,,,1,68,,72011,6,,,1,29,,72039,6,,,1,67,,72018,6,,,1,32,,72012,6,,,2,69,,72040,6,,,2,32,,72015,6,,,1,65,,72031,6,,,2,26,,72041,6,,,1,70,,72014,6,,,1,30,,72029,6,,,1,69,,72042,6,,,1,30,,72028,6,,,1,72,,72044,6,,,1,28,,72043,6,,,1
3900,'Semaine-11',616,,74558,6,,,1,22,,74544,6,,,1,69,,74563,6,,,1,28,,74556,6,,,1,76,,74557,6,,,1,33,,74555,6,,,1,72,,74552,6,,,1,30,,74569,6,,,2,70,,74564,6,,,1,30,,74576,6,,,1,70,,74561,6,,,2,30,,74565,6,,,1,70,,74553,6,,,1,31,,74551,6,,,1,70,,74566,6,,,1,29,,74554,6,,,2,70,,74541,6,,,1,34,,74567,6,,,1,73,,74548,6,,,1,29,,74550,6,,,1,72,,74568,6,,,2,32,,74547,6,,,1,68,,74542,6,,,1,29,,74570,6,,,1,67,,74549,6,,,1,32,,74543,6,,,2,69,,74571,6,,,2,32,,74546,6,,,1,65,,74562,6,,,2,26,,74572,6,,,1,70,,74545,6,,,1,30,,74560,6,,,1,69,,74573,6,,,1,30,,74559,6,,,1,72,,74575,6,,,1,28,,74574,6,,,1
63901,'Semaine-0',709,,65858,23,0,9 10,1
63901,'Semaine-10',709,,73788,23,0,9 10,1
63901,'Semaine-11',709,,76319,23,0,9 10,1
