3101,'Semaine-0',600,,63574,39,,,1,36,,63608,39,,,1,74,,63588,39,,,1,33,,63575,39,,,1,16,,63611,39,,,1,57,,63571,39,,,1,15,,63613,39,,,1,11,,63585,39,,,1,15,,63586,39,,,1,54,,63605,39,,,1,15,,63576,39,,,1,19,,63578,39,,,1,60,,63603,39,,,1,19,,63595,39,,,1,21,,63604,39,,,1,60,,63577,39,,,1,20,,63579,39,,,1,20,,63599,39,,,1,60,,63609,39,,,1,20,,63598,39,,,1,20,,63580,39,,,1,60,,63572,39,,,1,20,,63602,39,,,1,20,,63612,39,,,1,60,,63597,39,,,1,20,,63581,39,,,1,17,,63600,39,,,1,63,,63601,39,,,1,21,,63610,39,,,1,26,,63596,39,,,1,59,,63582,39,,,1,23,,63593,39,,,1,20,,63594,39,,,1,60,,63583,39,,,1,17,,63589,39,,,1,19,,63573,39,,,1,59,,63606,39,,,1,18,,63614,39,,,1,23,,63584,39,,,1,96,,63607,39,,,1,100,,63590,39,,,1,100,,63587,39,,,1,97,,63591,39,,,1,100,,63592,39,,,1
3201,'Semaine-0',545,,63711,38,,,1,60,,63710,38,,,1,20,,63702,38,,,1,22,,63712,38,,,2,10,,63692,38,,,1,48,,63713,38,,,1,12,,63693,38,,,1,12,,63694,38,,,1,8,,63686,38,,,1,11,,63689,38,,,1,8,,63715,38,,,1,49,,63695,38,,,1,8,,63690,38,,,1,9,,63703,38,,,1,8,,63685,38,,,1,9,,63696,38,,,1,8,,63714,38,,,2,8,,63684,38,,,1,50,,63683,38,,,1,10,,63688,38,,,1,8,,63691,38,,,1,7,,63697,38,,,1,22,,63671,38,,,2,68,,63681,39,,,1,29,,63674,39,,,1,70,,63677,39,,,1,30,,63670,39,,,1,71,,63680,39,,,1,30,,63675,39,,,1,70,,63682,39,,,1,30,,63664,39,,,1,70,,63669,39,,,1,30,,63676,39,,,1,73,,63687,39,,,1,33,,63704,39,,,1,72,,63705,39,,,2,28,,63706,39,,,1,69,,63707,39,,,1,26,,63708,39,,,2,69,,63709,39,,,1,30,,63667,39,,,1,68,,63665,39,,,2,28,,63678,39,,,2,70,,63673,39,,,1,29,,63668,39,,,1,71,,63666,39,,,2,30,,63679,39,,,1,68,,63672,39,,,1,28,,63699,39,,,1,72,,63698,39,,,1,28,,63700,39,,,1,70,,63701,39,,,1
3301,'Semaine-0',636,,63781,47,,,1,20,,63789,47,,,1,60,,63766,47,,,1,15,,63786,47,,,1,21,,63782,47,,,1,50,,63777,47,,,1,11,,63797,47,,,1,13,,63795,47,,,1,15,,63784,47,,,1,12,,63772,47,,,1,50,,63788,47,,,1,14,,63762,47,,,1,30,,63774,47,,,1,69,,63780,47,,,1,30,,63770,47,,,1,70,,63791,47,,,1,30,,63775,47,,,1,70,,63767,47,,,1,30,,63769,47,,,1,56,,63787,47,,,1,15,,63796,47,,,1,26,,63778,47,,,1,69,,63768,47,,,1,30,,63773,47,,,1,73,,63776,47,,,1,25,,63798,47,,,1,19,,63779,47,,,1,58,,63783,47,,,1,23,,63764,47,,,1,60,,63794,47,,,1,19,,63771,47,,,1,27,,63761,47,,,1,69,,63758,47,,,1,32,,63792,47,,,1,69,,63765,47,,,1,30,,63760,47,,,1,98,,63763,47,,,1,73,,63785,47,,,1,100,,63790,47,,,2,100,,63759,47,,,1,100,,63793,47,,,1
3401,'Semaine-0',944,,63856,59,,,1,69,,63836,59,,,2,30,,63840,60,,,1,70,,63860,60,,,1,30,,63833,60,,,1,70,,63837,60,,,1,30,,63841,60,,,1,70,,63831,60,,,1,30,,63834,60,,,1,70,,63838,60,,,1,32,,63842,60,,,2,71,,63835,60,,,1,32,,63857,60,,,1,73,,63832,60,,,1,35,,63858,60,,,1,67,,63859,60,,,1,27,,63853,60,,,1,67,,63849,60,,,1,26,,63839,60,,,1,69,,63846,60,,,1,29,,63855,60,,,1,69,,63843,60,,,1,30,,63845,60,,,1,70,,63847,60,,,1,30,,63851,60,,,2,70,,63844,60,,,1,30,,63850,60,,,1,68,,63848,60,,,1,30,,63852,60,,,1,70,,63854,60,,,1
3601,'Semaine-0',925,,63937,48,,,1,90,,63935,49,,,1,99,,63938,49,,,1,102,,63936,49,,,1,99,,63941,49,,,1,100,,63940,49,,,1,101,,63939,49,,,1
3701,'Semaine-0',547,,63984,40,,,1,72,,63982,40,,,1,35,,63986,40,,,1,70,,63976,40,,,1,77,,63993,40,,,1,17,,63973,40,,,1,14,,63994,40,,,1,68,,63975,40,,,1,57,,63992,40,,,1,100,,63980,41,,,1,100,,63974,41,,,1,100,,63972,41,,,1,100,,63977,41,,,1,101,,63988,41,,,1,142,,63971,41,,,1,32,,63987,41,,,1,71,,63990,41,,,1,28,,63985,41,,,1,28,,63991,41,,,1,66,,63995,41,,,1,85,,63979,41,,,1,98,,63989,41,,,1,100,,63981,41,,,1,102,,63978,41,,,1,47,,63983,41,,,1
3801,'Semaine-0',642,,64066,29,,,1,72,,64038,29,,,1,30,,64065,29,,,1,62,,64076,29,,,1,18,,64072,29,,,1,23,,64054,29,,,1,70,,64074,29,,,1,29,,64061,28,,,1,59,,64044,28,,,1,20,,64070,28,,,1,20,,64055,28,,,1,60,,64047,28,,,1,22,,64062,28,,,1,20,,64045,28,,,1,60,,64069,28,,,1,21,,64075,28,,,1,22,,64048,28,,,1,60,,64077,28,,,1,20,,64063,28,,,1,20,,64068,28,,,1,58,,64056,28,,,1,20,,64049,28,,,1,19,,64064,28,,,1,61,,64078,28,,,1,23,,64051,28,,,1,22,,64057,28,,,1,70,,64071,28,,,1,30,,64046,28,,,1,71,,64053,28,,,1,27,,64043,28,,,1,69,,64079,28,,,1,20,,64040,28,,,1,19,,64073,28,,,1,69,,64042,28,,,1,29,,64052,28,,,1,71,,64060,28,,,1,30,,64067,28,,,1,70,,64050,28,,,1,28,,64058,28,,,1,71,,64059,28,,,1,29,,64039,28,,,1,85,,64041,28,,,1
5501,'Semaine-0',548,,64382,58,,,1,55,,64389,58,,,1,14,,64388,56,,,1,18,,64372,56,,,1,16,,64410,56,,,1,62,,64409,56,,,1,8,,64369,56,,,1,18,,64414,56,,,1,15,,64395,56,,,1,55,,64403,56,,,1,16,,64373,56,,,1,8,,64377,56,,,1,12,,64375,56,,,1,9,,64404,56,,,1,4,,64406,56,,,1,53,,64383,56,,,1,26,,64387,56,,,1,12,,64374,56,,,1,51,,64408,56,,,1,30,,64401,58,,,1,23,,64413,25,,,1,48,,64405,58,,,1,29,,64371,58,,,1,27,,64378,58,,,1,70,,64391,58,,,1,30,,64402,58,,,1,71,,64398,58,,,1,30,,64379,58,,,1,70,,64411,58,,,1,30,,64370,58,,,1,76,,64376,58,,,1,94,,64380,58,,,1,94,,64385,58,,,1,99,,64390,58,,,1,96,,64407,58,,,1,19,,64396,58,,,1,70,,64384,58,,,1,30,,64400,58,,,1,70,,64393,58,,,1,30,,64412,58,,,1,70,,64386,58,,,1,29,,64392,58,,,1,69,,64394,58,,,1,30,,64381,58,,,1,68,,64399,58,,,1,30,,64397,58,,,1
5901,'Semaine-0',542,,64498,47,,,1,15,,64534,47,,,1,55,,64507,47,,,1,15,,64528,45,,,1,19,,64508,45,,,1,54,,64497,45,,,1,13,,64499,45,,,1,17,,64502,45,,,1,14,,64537,23,,,1,5,,64505,45,,,1,10,,64538,23,,,1,48,,64506,45,,,1,7,,64539,23,,,1,11,,64501,45,,,1,7,,64495,23,,,1,5,,64530,45,,,1,19,,64516,45,,,1,51,,64521,45,,,1,13,,64511,45,,,1,10,,64496,45,,,1,16,,64514,45,,,1,67,,64540,45,,,1,29,,64535,47,,,1,70,,64522,47,,,1,30,,64504,47,,,1,72,,64515,47,,,1,30,,64518,47,,,1,70,,64503,47,,,1,30,,64532,47,,,1,70,,64494,47,,,1,30,,64536,47,,,1,70,,64526,47,,,1,42,,64529,47,,,1,100,,64533,47,,,1,96,,64513,47,,,1,98,,64520,47,,,1,71,,64525,47,,,1,30,,64512,47,,,1,70,,64519,47,,,1,30,,64524,47,,,1,69,,64531,47,,,1,30,,64509,47,,,1,70,,64527,47,,,1,29,,64517,47,,,1,70,,64500,47,,,1,30,,64510,47,,,1,70,,64523,47,,,1
6701,'Semaine-0',940,,64860,36,,,1,19,,64849,36,,,1,60,,64867,36,,,1,20,,64853,36,,,1,20,,64847,36,,,1,60,,64868,36,,,1,20,,64861,36,,,1,20,,64850,36,,,1,60,,64869,36,,,1,20,,64854,36,,,1,19,,64857,36,,,1,60,,64870,36,,,1,20,,64856,36,,,1,20,,64851,36,,,1,62,,64871,36,,,1,20,,64862,36,,,1,60,,64864,36,,,1,23,,64866,36,,,1,20,,64858,36,,,1,74,,64842,36,,,1,30,,64865,36,,,1,66,,64845,36,,,1,30,,64863,36,,,1,70,,64859,36,,,1,28,,64852,36,,,1,68,,64840,36,,,1,28,,64855,36,,,1,69,,64843,36,,,2,30,,64872,36,,,2,70,,64841,36,,,1,30,,64874,36,,,1,69,,64844,36,,,2,30,,64875,36,,,1,68,,64846,36,,,1,29,,64873,36,,,1,70,,64848,36,,,2
8501,'Semaine-0',555,,65369,38,,,1,71,,65371,38,,,1,27,,65374,38,,,1,55,,65373,38,,,1,19,,65378,38,,,1,14,,65370,38,,,2,18,,65376,38,,,1,56,,65372,38,,,2,14,,65377,38,,,1,20,,65375,38,,,1
8701,'Semaine-0',539,,65398,34,,,1,70,,65391,34,,,1,30,,65396,34,,,1,19,,65394,34,,,1,56,,65392,34,,,1,16,,65401,34,,,1,17,,65397,34,,,1,57,,65393,34,,,1,16,,65400,34,,,1,18,,65399,34,,,2,20,,65395,34,,,1,59,,65390,34,,,1
20001,'Semaine-0',642,,65535,13,,,1,6,,65536,15,,,1,6,,65537,13,,,1,46,,65538,15,,,1,3,,65539,13,,,1,5,,65561,15,,,1,9,,65540,13,,,1,2,,65541,15,,,1,8,,65558,13,,,1,5,,65542,15,,,1,8,,65557,13,,,1,5,,65544,15,,,1,5,,65553,13,,,1,3,,65543,13,,,1,3,,65534,15,,,1,3,,65560,13,,,1,43,,65549,13,,,1,3,,65545,15,,,1,3,,65547,13,,,1,3,,65559,13,,,1,5,,65546,15,,,1,7,,65550,13,,,1,3,,65548,15,,,1,2,,65552,13,,,1,7,,65551,15,,,1,8,,65562,13,,,1,6,,65554,15,,,1,5,,65555,13,,,1,5,,65556,15,,,1,46,,65563,13,,,1
37101,'Semaine-0',559,,65621,42,,,1,73,,65624,41,,,1,73,,65617,41,,,1,30,,65619,41,,,1,74,,65629,41,,,1,30,,65628,41,,,1,67,,65623,41,,,1,32,,65607,41,,,1,98,,65614,42,,,1,100,,65612,42,,,1,100,,65613,42,,,1,100,,65627,42,,,1,100,,65610,42,,,1,108,,65611,42,,,1,71,,65608,42,,,1,30,,65615,42,,,1,67,,65625,42,,,1,27,,65626,42,,,1,70,,65605,42,,,1,40,,65609,42,,,1,91,,65620,42,,,1,100,,65622,42,,,1,100,,65606,42,,,1,97,,65616,42,,,1,183,,65618,42,,,1
40001,'Semaine-0',526,,65793,20,,,1,10,,65794,20,,,1,10,,65795,20,,,1,10,,65796,20,,,1,50,,65797,20,,,1,12,,65798,20,,,1,5,,65799,20,,,1,5,,65800,20,,,1,4,,65801,20,,,1,6,,65807,20,,,1,272,,65802,20,,,1,9,,65803,18,,,1,6,,65804,20,,,1,10,,65805,20,,,1,11,,65806,20,,,1,10,,65752,20,,,1,49,,65737,20,,,1,11,,65762,20,,,1,11,,65763,20,,,1,9,,65809,20,,,1,10,,65727,20,,,1,10,,65810,20,,,1,50,,65725,20,,,1,10,,65759,20,,,1,10,,65779,20,,,1,10,,65746,20,,,1,10,,65754,20,,,1,10,,65751,20,,,1,50,,65729,20,,,1,10,,65790,20,,,1,10,,65764,20,,,1,10,,65776,20,,,1,10,,65728,20,,,1,10,,65738,20,,,1,50,,65731,20,,,1,10,,65747,20,,,1,10,,65780,20,,,1,10,,65761,20,,,1,10,,65755,20,,,1,10,,65750,20,,,1,50,,65743,20,,,1,10,,65786,20,,,1,10,,65765,20,,,1,10,,65777,20,,,1,10,,65792,20,,,1,11,,65740,20,,,1,52,,65723,20,,,1,10,,65782,20,,,1,11,,65781,20,,,1,10,,65766,20,,,1,10,,65756,20,,,1,6,,65748,16,,,1,46,,65733,20,,,1,12,,65784,20,,,1,13,,65791,20,,,1,7,,65808,16,,,1,5,,65778,20,,,1,13,,65813,20,,,1,50,,65758,20,,,1,12,,65787,20,,,1,12,,65811,20,,,1,12,,65771,20,,,1,12,,65749,20,,,1,9,,65734,20,,,1,52,,65739,20,,,1,12,,65812,20,,,1,12,,65741,20,,,1,12,,65767,20,,,1,10,,65757,20,,,1,52,,65788,20,,,1,10,,65774,20,,,1,12,,65753,20,,,1,9,,65735,20,,,1,13,,65775,20,,,1,52,,65815,20,,,1,11,,65814,20,,,1,12,,65742,20,,,1,12,,65768,20,,,1,12,,65745,20,,,1,52,,65789,20,,,1,12,,65772,20,,,1,15,,65730,20,,,1,13,,65816,20,,,1,57,,65736,20,,,1,15,,65732,20,,,1,15,,65783,20,,,1,12,,65769,20,,,1,15,,65744,20,,,1,55,,65773,20,,,1,15,,65785,20,,,1,15,,65726,20,,,1,15,,65724,20,,,1,55,,65760,20,,,1,30,,65770,20,,,1
