3200,'Semaine-0',646,,63658,36,,,1,71,,63657,36,,,1,33,,63653,36,,,1,73,,63655,36,,,1,27,,63654,36,,,2,70,,63656,36,,,1,28,,63629,36,,,2,70,,63624,36,,,1,30,,63625,36,,,2,70,,63636,36,,,1,30,,63630,36,,,1,73,,63616,36,,,1,29,,63617,36,,,1,69,,63628,36,,,1,30,,63631,36,,,1,70,,63637,36,,,1,32,,63618,36,,,1,70,,63663,36,,,1,15,,63615,36,,,2,16,,63645,36,,,1,50,,63635,36,,,1,11,,63641,36,,,2,10,,63642,36,,,1,10,,63660,36,,,1,10,,63661,36,,,1,10,,63662,36,,,2,53,,63659,36,,,2,7,,63632,36,,,1,10,,63643,36,,,1,10,,63651,36,,,2,10,,63644,36,,,2,8,,63621,36,,,1,50,,63652,36,,,1,10,,63638,36,,,2,8,,63640,36,,,1,10,,63639,36,,,1,18,,63633,36,,,2,65,,63627,36,,,1,30,,63622,36,,,1,70,,63619,36,,,2,29,,63634,36,,,2,70,,63626,36,,,1,33,,63623,36,,,1,66,,63620,36,,,2,30,,63646,36,,,1,68,,63647,36,,,1,28,,63648,36,,,1,69,,63649,36,,,1,30,,63650,36,,,1
3200,'Semaine-10',646,,71588,36,,,1,71,,71587,36,,,1,33,,71583,36,,,1,73,,71585,36,,,1,27,,71584,36,,,2,70,,71586,36,,,1,28,,71559,36,,,2,70,,71554,36,,,1,30,,71555,36,,,2,70,,71566,36,,,1,30,,71560,36,,,1,73,,71546,36,,,1,29,,71547,36,,,1,69,,71558,36,,,1,30,,71561,36,,,1,70,,71567,36,,,1,32,,71548,36,,,1,70,,71593,36,,,1,15,,71545,36,,,2,16,,71575,36,,,1,50,,71565,36,,,1,11,,71571,36,,,2,10,,71572,36,,,1,10,,71590,36,,,1,10,,71591,36,,,1,10,,71592,36,,,2,53,,71589,36,,,2,7,,71562,36,,,1,10,,71573,36,,,1,10,,71581,36,,,2,10,,71574,36,,,2,8,,71551,36,,,1,50,,71582,36,,,1,10,,71568,36,,,2,8,,71570,36,,,1,10,,71569,36,,,1,18,,71563,36,,,2,65,,71557,36,,,1,30,,71552,36,,,1,70,,71549,36,,,2,29,,71564,36,,,2,70,,71556,36,,,1,33,,71553,36,,,1,66,,71550,36,,,2,30,,71576,36,,,1,68,,71577,36,,,1,28,,71578,36,,,1,69,,71579,36,,,1,30,,71580,36,,,1
3200,'Semaine-11',646,,74119,36,,,1,71,,74118,36,,,1,33,,74114,36,,,1,73,,74116,36,,,1,27,,74115,36,,,2,70,,74117,36,,,1,28,,74090,36,,,2,70,,74085,36,,,1,30,,74086,36,,,2,70,,74097,36,,,1,30,,74091,36,,,1,73,,74077,36,,,1,29,,74078,36,,,1,69,,74089,36,,,1,30,,74092,36,,,1,70,,74098,36,,,1,32,,74079,36,,,1,70,,74124,36,,,1,15,,74076,36,,,2,16,,74106,36,,,1,50,,74096,36,,,1,11,,74102,36,,,2,10,,74103,36,,,1,10,,74121,36,,,1,10,,74122,36,,,1,10,,74123,36,,,2,53,,74120,36,,,2,7,,74093,36,,,1,10,,74104,36,,,1,10,,74112,36,,,2,10,,74105,36,,,2,8,,74082,36,,,1,50,,74113,36,,,1,10,,74099,36,,,2,8,,74101,36,,,1,10,,74100,36,,,1,18,,74094,36,,,2,65,,74088,36,,,1,30,,74083,36,,,1,70,,74080,36,,,2,29,,74095,36,,,2,70,,74087,36,,,1,33,,74084,36,,,1,66,,74081,36,,,2,30,,74107,36,,,1,68,,74108,36,,,1,28,,74109,36,,,1,69,,74110,36,,,1,30,,74111,36,,,1
3400,'Samedi-0',802,,66133,50,,,1,100,,66138,50,,,1,30,,66134,50,,,1,71,,66140,50,,,1,30,,66141,50,,,1,71,,66135,50,,,1,30,,66136,50,,,1,70,,66137,50,,,1,30,,66139,50,,,1,72,,66142,50,,,1,30,,66144,50,,,1,70,,66143,50,,,1,30,,66145,50,,,1,70,,66146,50,,,1,30,,66147,50,,,1,70,,66148,50,,,1,30,,66149,50,,,1,71,,66150,50,,,1,30,,66151,50,,,1,70,,66152,50,,,1,30,,66153,50,,,1,68,,66154,50,,,1,28,,66155,50,,,1,69,,66156,50,,,1,31,,66157,50,,,1,70,,66158,50,,,1,30,,66159,50,,,1,70,,66160,50,,,1,30,,66161,50,,,1,70,,66163,50,,,1,30,,66162,50,,,1,69,,66165,50,,,1,30,,66164,50,,,1,26,,66166,50,,,1
3400,'Samedi-10',802,,76523,50,,,1,100,,76528,50,,,1,30,,76524,50,,,1,71,,76530,50,,,1,30,,76531,50,,,1,71,,76525,50,,,1,30,,76526,50,,,1,70,,76527,50,,,1,30,,76529,50,,,1,72,,76532,50,,,1,30,,76534,50,,,1,70,,76533,50,,,1,30,,76535,50,,,1,70,,76536,50,,,1,30,,76537,50,,,1,70,,76538,50,,,1,30,,76539,50,,,1,71,,76540,50,,,1,30,,76541,50,,,1,70,,76542,50,,,1,30,,76543,50,,,1,68,,76544,50,,,1,28,,76545,50,,,1,69,,76546,50,,,1,31,,76547,50,,,1,70,,76548,50,,,1,30,,76549,50,,,1,70,,76550,50,,,1,30,,76551,50,,,1,70,,76553,50,,,1,30,,76552,50,,,1,69,,76555,50,,,1,30,,76554,50,,,1,26,,76556,50,,,1
3400,'Samedi-11',802,,70378,50,,,1,100,,70383,50,,,1,30,,70379,50,,,1,71,,70385,50,,,1,30,,70386,50,,,1,71,,70380,50,,,1,30,,70381,50,,,1,70,,70382,50,,,1,30,,70384,50,,,1,72,,70387,50,,,1,30,,70389,50,,,1,70,,70388,50,,,1,30,,70390,50,,,1,70,,70391,50,,,1,30,,70392,50,,,1,70,,70393,50,,,1,30,,70394,50,,,1,71,,70395,50,,,1,30,,70396,50,,,1,70,,70397,50,,,1,30,,70398,50,,,1,68,,70399,50,,,1,28,,70400,50,,,1,69,,70401,50,,,1,31,,70402,50,,,1,70,,70403,50,,,1,30,,70404,50,,,1,70,,70405,50,,,1,30,,70406,50,,,1,70,,70408,50,,,1,30,,70407,50,,,1,69,,70410,50,,,1,30,,70409,50,,,1,26,,70411,50,,,1
3400,'Dimanche-0',802,,68224,50,,,1,100,,68244,50,,,1,30,,68226,50,,,1,71,,68230,50,,,1,30,,68223,50,,,1,71,,68231,50,,,1,30,,68222,50,,,1,70,,68221,50,,,1,30,,68234,50,,,1,72,,68225,50,,,1,30,,68228,50,,,1,70,,68227,50,,,1,30,,68220,50,,,1,70,,68236,50,,,1,30,,68232,50,,,1,70,,68233,50,,,1,30,,68229,50,,,1,71,,68240,50,,,1,30,,68239,50,,,1,70,,68237,50,,,1,30,,68235,50,,,1,68,,68238,50,,,1,28,,68243,50,,,1,69,,68241,50,,,1,31,,68242,50,,,1,70,,68245,50,,,1,30,,68246,50,,,1,70,,68247,50,,,1,30,,68248,50,,,1,70,,68249,50,,,1,30,,68250,50,,,1,69,,68252,50,,,1,30,,68251,50,,,1,26,,68253,50,,,1
3400,'Dimanche-10',802,,69303,50,,,1,100,,69323,50,,,1,30,,69305,50,,,1,71,,69309,50,,,1,30,,69302,50,,,1,71,,69310,50,,,1,30,,69301,50,,,1,70,,69300,50,,,1,30,,69313,50,,,1,72,,69304,50,,,1,30,,69307,50,,,1,70,,69306,50,,,1,30,,69299,50,,,1,70,,69315,50,,,1,30,,69311,50,,,1,70,,69312,50,,,1,30,,69308,50,,,1,71,,69319,50,,,1,30,,69318,50,,,1,70,,69316,50,,,1,30,,69314,50,,,1,68,,69317,50,,,1,28,,69322,50,,,1,69,,69320,50,,,1,31,,69321,50,,,1,70,,69324,50,,,1,30,,69325,50,,,1,70,,69326,50,,,1,30,,69327,50,,,1,70,,69328,50,,,1,30,,69329,50,,,1,69,,69331,50,,,1,30,,69330,50,,,1,26,,69332,50,,,1
3400,'Dimanche-11',802,,66171,50,,,1,100,,66191,50,,,1,30,,66173,50,,,1,71,,66177,50,,,1,30,,66170,50,,,1,71,,66178,50,,,1,30,,66169,50,,,1,70,,66168,50,,,1,30,,66181,50,,,1,72,,66172,50,,,1,30,,66175,50,,,1,70,,66174,50,,,1,30,,66167,50,,,1,70,,66183,50,,,1,30,,66179,50,,,1,70,,66180,50,,,1,30,,66176,50,,,1,71,,66187,50,,,1,30,,66186,50,,,1,70,,66184,50,,,1,30,,66182,50,,,1,68,,66185,50,,,1,28,,66190,50,,,1,69,,66188,50,,,1,31,,66189,50,,,1,70,,66192,50,,,1,30,,66193,50,,,1,70,,66194,50,,,1,30,,66195,50,,,1,70,,66196,50,,,1,30,,66197,50,,,1,69,,66199,50,,,1,30,,66198,50,,,1,26,,66200,50,,,1
3400,'Semaine-0',640,,63829,50,,,1,68,,63814,50,,,1,33,,63808,50,,,1,76,,63812,50,,,1,30,,63803,50,,,2,68,,63823,50,,,1,30,,63809,50,,,1,67,,63799,50,,,1,30,,63804,50,,,1,70,,63805,50,,,1,30,,63810,50,,,1,70,,63800,50,,,1,31,,63830,50,,,1,70,,63806,50,,,1,30,,63811,50,,,1,70,,63801,50,,,1,34,,63827,50,,,1,70,,63802,50,,,1,25,,63828,50,,,1,306,,63826,50,,,1,60,,63815,50,,,1,27,,63807,50,,,1,70,,63819,50,,,1,30,,63825,50,,,1,71,,63816,50,,,1,27,,63818,50,,,1,70,,63820,50,,,1,30,,63813,50,,,1,70,,63822,50,,,1,28,,63817,50,,,1,69,,63821,50,,,1,30,,63824,50,,,1
3400,'Semaine-10',640,,71759,50,,,1,68,,71744,50,,,1,33,,71738,50,,,1,76,,71742,50,,,1,30,,71733,50,,,2,68,,71753,50,,,1,30,,71739,50,,,1,67,,71729,50,,,1,30,,71734,50,,,1,70,,71735,50,,,1,30,,71740,50,,,1,70,,71730,50,,,1,31,,71760,50,,,1,70,,71736,50,,,1,30,,71741,50,,,1,70,,71731,50,,,1,34,,71757,50,,,1,70,,71732,50,,,1,25,,71758,50,,,1,306,,71756,50,,,1,60,,71745,50,,,1,27,,71737,50,,,1,70,,71749,50,,,1,30,,71755,50,,,1,71,,71746,50,,,1,27,,71748,50,,,1,70,,71750,50,,,1,30,,71743,50,,,1,70,,71752,50,,,1,28,,71747,50,,,1,69,,71751,50,,,1,30,,71754,50,,,1
3400,'Semaine-11',640,,74290,50,,,1,68,,74275,50,,,1,33,,74269,50,,,1,76,,74273,50,,,1,30,,74264,50,,,2,68,,74284,50,,,1,30,,74270,50,,,1,67,,74260,50,,,1,30,,74265,50,,,1,70,,74266,50,,,1,30,,74271,50,,,1,70,,74261,50,,,1,31,,74291,50,,,1,70,,74267,50,,,1,30,,74272,50,,,1,70,,74262,50,,,1,34,,74288,50,,,1,70,,74263,50,,,1,25,,74289,50,,,1,306,,74287,50,,,1,60,,74276,50,,,1,27,,74268,50,,,1,70,,74280,50,,,1,30,,74286,50,,,1,71,,74277,50,,,1,27,,74279,50,,,1,70,,74281,50,,,1,30,,74274,50,,,1,70,,74283,50,,,1,28,,74278,50,,,1,69,,74282,50,,,1,30,,74285,50,,,1
4901,'Samedi-0',732,,66600,30,,,1,100,,66599,30,,,1,100,,66601,30,,,1,100,,66597,30,,,1,100,,66602,30,,,1,101,,66598,30,,,1,100,,66603,30,,,1,101,,66604,30,,,1,100,,66605,30,,,1,100,,66606,30,,,1,100,,66607,30,,,1,98,,66608,30,,,1,100,,66609,30,,,1,100,,66610,30,,,1,100,,66611,30,,,1,100,,66612,30,,,1,100,,66613,30,,,1
4901,'Samedi-10',732,,76758,30,,,1,100,,76757,30,,,1,100,,76759,30,,,1,100,,76755,30,,,1,100,,76760,30,,,1,101,,76756,30,,,1,100,,76761,30,,,1,101,,76762,30,,,1,100,,76763,30,,,1,100,,76764,30,,,1,100,,76765,30,,,1,98,,76766,30,,,1,100,,76767,30,,,1,100,,76768,30,,,1,100,,76769,30,,,1,100,,76770,30,,,1,100,,76771,30,,,1
4901,'Samedi-11',732,,70613,30,,,1,100,,70612,30,,,1,100,,70614,30,,,1,100,,70610,30,,,1,100,,70615,30,,,1,101,,70611,30,,,1,100,,70616,30,,,1,101,,70617,30,,,1,100,,70618,30,,,1,100,,70619,30,,,1,100,,70620,30,,,1,98,,70621,30,,,1,100,,70622,30,,,1,100,,70623,30,,,1,100,,70624,30,,,1,100,,70625,30,,,1,100,,70626,30,,,1
4901,'Dimanche-0',732,,68465,30,,,1,100,,68454,30,,,1,100,,68464,30,,,1,100,,68457,30,,,1,100,,68453,30,,,1,101,,68452,30,,,1,100,,68455,30,,,1,101,,68456,30,,,1,100,,68459,30,,,1,100,,68458,30,,,1,100,,68462,30,,,1,98,,68461,30,,,1,100,,68463,30,,,1,100,,68460,30,,,1,100,,68466,30,,,1,100,,68467,30,,,1,100,,68468,30,,,1
4901,'Dimanche-10',732,,69544,30,,,1,100,,69533,30,,,1,100,,69543,30,,,1,100,,69536,30,,,1,100,,69532,30,,,1,101,,69531,30,,,1,100,,69534,30,,,1,101,,69535,30,,,1,100,,69538,30,,,1,100,,69537,30,,,1,100,,69541,30,,,1,98,,69540,30,,,1,100,,69542,30,,,1,100,,69539,30,,,1,100,,69545,30,,,1,100,,69546,30,,,1,100,,69547,30,,,1
4901,'Dimanche-11',732,,66627,30,,,1,100,,66616,30,,,1,100,,66626,30,,,1,100,,66619,30,,,1,100,,66615,30,,,1,101,,66614,30,,,1,100,,66617,30,,,1,101,,66618,30,,,1,100,,66621,30,,,1,100,,66620,30,,,1,100,,66624,30,,,1,98,,66623,30,,,1,100,,66625,30,,,1,100,,66622,30,,,1,100,,66628,30,,,1,100,,66629,30,,,1,100,,66630,30,,,1
4901,'Semaine-0',616,,64243,30,,,1,89,,64248,30,,,1,31,,64264,30,,,1,71,,64260,30,,,1,28,,64258,30,,,1,67,,64268,30,,,1,30,,64250,30,,,1,70,,64266,30,,,1,28,,64262,30,,,1,72,,64237,30,,,1,30,,64259,30,,,1,70,,64238,30,,,1,30,,64244,30,,,1,70,,64246,30,,,1,30,,64251,30,,,1,69,,64267,30,,,1,31,,64249,30,,,1,73,,64269,30,,,1,22,,64265,30,,,1,11,,64252,30,,,1,15,,64239,30,,,1,55,,64255,30,,,1,30,,64245,30,,,1,67,,64247,30,,,1,29,,64263,30,,,1,68,,64257,30,,,1,30,,64261,30,,,1,94,,64240,30,,,1,80,,64256,30,,,1,101,,64254,30,,,1,98,,64241,30,,,1,100,,64253,30,,,1,98,,64242,30,,,1
4901,'Semaine-10',616,,72173,30,,,1,89,,72178,30,,,1,31,,72194,30,,,1,71,,72190,30,,,1,28,,72188,30,,,1,67,,72198,30,,,1,30,,72180,30,,,1,70,,72196,30,,,1,28,,72192,30,,,1,72,,72167,30,,,1,30,,72189,30,,,1,70,,72168,30,,,1,30,,72174,30,,,1,70,,72176,30,,,1,30,,72181,30,,,1,69,,72197,30,,,1,31,,72179,30,,,1,73,,72199,30,,,1,22,,72195,30,,,1,11,,72182,30,,,1,15,,72169,30,,,1,55,,72185,30,,,1,30,,72175,30,,,1,67,,72177,30,,,1,29,,72193,30,,,1,68,,72187,30,,,1,30,,72191,30,,,1,94,,72170,30,,,1,80,,72186,30,,,1,101,,72184,30,,,1,98,,72171,30,,,1,100,,72183,30,,,1,98,,72172,30,,,1
4901,'Semaine-11',616,,74704,30,,,1,89,,74709,30,,,1,31,,74725,30,,,1,71,,74721,30,,,1,28,,74719,30,,,1,67,,74729,30,,,1,30,,74711,30,,,1,70,,74727,30,,,1,28,,74723,30,,,1,72,,74698,30,,,1,30,,74720,30,,,1,70,,74699,30,,,1,30,,74705,30,,,1,70,,74707,30,,,1,30,,74712,30,,,1,69,,74728,30,,,1,31,,74710,30,,,1,73,,74730,30,,,1,22,,74726,30,,,1,11,,74713,30,,,1,15,,74700,30,,,1,55,,74716,30,,,1,30,,74706,30,,,1,67,,74708,30,,,1,29,,74724,30,,,1,68,,74718,30,,,1,30,,74722,30,,,1,94,,74701,30,,,1,80,,74717,30,,,1,101,,74715,30,,,1,98,,74702,30,,,1,100,,74714,30,,,1,98,,74703,30,,,1
32600,'Semaine-0',1650,,65572,46,0,7 8,1
32600,'Semaine-10',1650,,73502,46,0,7 8,1
32600,'Semaine-11',1650,,76033,46,0,7 8,1
44901,'Semaine-0',1516,,65837,22,0,9 14,1
44901,'Semaine-10',1516,,73767,22,0,9 14,1
44901,'Semaine-11',1516,,76298,22,0,9 14,1
54901,'Semaine-0',1538,,65839,23,,,1
54901,'Semaine-10',1538,,73769,23,,,1
54901,'Semaine-11',1538,,76300,23,,,1
63901,'Semaine-0',717,,65858,33,0,9 10,1
63901,'Semaine-10',717,,73788,33,0,9 10,1
63901,'Semaine-11',717,,76319,33,0,9 10,1
82600,'Semaine-0',1551,,65967,36,0,9 12 13,1
82600,'Semaine-10',1551,,73897,36,0,9 12 13,1
82600,'Semaine-11',1551,,76429,36,0,9 12 13,1
