4001,'Semaine-0',604,,64160,12,,,1,29,,64159,12,,,1,71,,64162,12,,,1,32,,64158,12,,,2,68,,64157,12,,,1,29,,64161,12,,,1
4001,'Semaine-10',604,,72090,12,,,1,29,,72089,12,,,1,71,,72092,12,,,1,32,,72088,12,,,2,68,,72087,12,,,1,29,,72091,12,,,1
4001,'Semaine-11',604,,74621,12,,,1,29,,74620,12,,,1,71,,74623,12,,,1,32,,74619,12,,,2,68,,74618,12,,,1,29,,74622,12,,,1
5000,'Semaine-0',638,,64273,13,,,1,21,,64271,13,,,1,71,,64274,13,,,2,70,,64270,13,,,1,109,,64275,13,,,1
5000,'Semaine-10',638,,72203,13,,,1,21,,72201,13,,,1,71,,72204,13,,,2,70,,72200,13,,,1,109,,72205,13,,,1
5000,'Semaine-11',638,,74734,13,,,1,21,,74732,13,,,1,71,,74735,13,,,2,70,,74731,13,,,1,109,,74736,13,,,1
5201,'Samedi-0',640,,66667,13,,,1,100,,66668,13,,,1,100,,66669,13,,,1,100,,66670,13,,,1,100,,66672,13,,,1,100,,66671,13,,,1,100,,66673,13,,,1,100,,66674,13,,,1,101,,66675,13,,,1,99,,66676,13,,,1,100,,66677,13,,,1,100,,66678,13,,,1,100,,66681,13,,,1,100,,66679,13,,,1,99,,66683,13,,,1,100,,66680,13,,,1,100,,66682,13,,,1,101,,66684,13,,,1
5201,'Samedi-10',640,,76790,13,,,1,100,,76791,13,,,1,100,,76792,13,,,1,100,,76793,13,,,1,100,,76795,13,,,1,100,,76794,13,,,1,100,,76796,13,,,1,100,,76797,13,,,1,101,,76798,13,,,1,99,,76799,13,,,1,100,,76800,13,,,1,100,,76801,13,,,1,100,,76804,13,,,1,100,,76802,13,,,1,99,,76806,13,,,1,100,,76803,13,,,1,100,,76805,13,,,1,101,,76807,13,,,1
5201,'Samedi-11',640,,70645,13,,,1,100,,70646,13,,,1,100,,70647,13,,,1,100,,70648,13,,,1,100,,70650,13,,,1,100,,70649,13,,,1,100,,70651,13,,,1,100,,70652,13,,,1,101,,70653,13,,,1,99,,70654,13,,,1,100,,70655,13,,,1,100,,70656,13,,,1,100,,70659,13,,,1,100,,70657,13,,,1,99,,70661,13,,,1,100,,70658,13,,,1,100,,70660,13,,,1,101,,70662,13,,,1
5201,'Dimanche-0',640,,68487,13,,,1,100,,68488,13,,,1,100,,68489,13,,,1,100,,68492,13,,,1,100,,68490,13,,,1,100,,68494,13,,,1,100,,68491,13,,,1,100,,68496,13,,,1,101,,68493,13,,,1,99,,68495,13,,,1,100,,68498,13,,,1,100,,68500,13,,,1,100,,68497,13,,,1,100,,68499,13,,,1,99,,68501,13,,,1,100,,68502,13,,,1,100,,68503,13,,,1,101,,68504,13,,,1
5201,'Dimanche-10',640,,69566,13,,,1,100,,69567,13,,,1,100,,69568,13,,,1,100,,69571,13,,,1,100,,69569,13,,,1,100,,69573,13,,,1,100,,69570,13,,,1,100,,69575,13,,,1,101,,69572,13,,,1,99,,69574,13,,,1,100,,69577,13,,,1,100,,69579,13,,,1,100,,69576,13,,,1,100,,69578,13,,,1,99,,69580,13,,,1,100,,69581,13,,,1,100,,69582,13,,,1,101,,69583,13,,,1
5201,'Dimanche-11',640,,66685,13,,,1,100,,66686,13,,,1,100,,66687,13,,,1,100,,66690,13,,,1,100,,66688,13,,,1,100,,66692,13,,,1,100,,66689,13,,,1,100,,66694,13,,,1,101,,66691,13,,,1,99,,66693,13,,,1,100,,66696,13,,,1,100,,66698,13,,,1,100,,66695,13,,,1,100,,66697,13,,,1,99,,66699,13,,,1,100,,66700,13,,,1,100,,66701,13,,,1,101,,66702,13,,,1
5201,'Semaine-0',611,,64312,13,,,1,100,,64314,13,,,1,103,,64313,13,,,1,97,,64297,13,,,1,101,,64303,13,,,1,99,,64300,13,,,1,100,,64307,13,,,1,100,,64298,13,,,1,99,,64302,13,,,1,101,,64301,13,,,1,100,,64311,13,,,1,100,,64310,13,,,1,100,,64304,13,,,1,99,,64305,13,,,1,100,,64309,13,,,1,100,,64306,13,,,1,100,,64308,13,,,1,100,,64299,13,,,2
5201,'Semaine-10',611,,72242,13,,,1,100,,72244,13,,,1,103,,72243,13,,,1,97,,72227,13,,,1,101,,72233,13,,,1,99,,72230,13,,,1,100,,72237,13,,,1,100,,72228,13,,,1,99,,72232,13,,,1,101,,72231,13,,,1,100,,72241,13,,,1,100,,72240,13,,,1,100,,72234,13,,,1,99,,72235,13,,,1,100,,72239,13,,,1,100,,72236,13,,,1,100,,72238,13,,,1,100,,72229,13,,,2
5201,'Semaine-11',611,,74773,13,,,1,100,,74775,13,,,1,103,,74774,13,,,1,97,,74758,13,,,1,101,,74764,13,,,1,99,,74761,13,,,1,100,,74768,13,,,1,100,,74759,13,,,1,99,,74763,13,,,1,101,,74762,13,,,1,100,,74772,13,,,1,100,,74771,13,,,1,100,,74765,13,,,1,99,,74766,13,,,1,100,,74770,13,,,1,100,,74767,13,,,1,100,,74769,13,,,1,100,,74760,13,,,2
55000,'Semaine-0',653,,65840,13,0,5 6,1,2,,65841,13,0,5 6,1
55000,'Semaine-10',653,,73770,13,0,5 6,1,2,,73771,13,0,5 6,1
55000,'Semaine-11',653,,76301,13,0,5 6,1,2,,76302,13,0,5 6,1
64001,'Semaine-0',721,,65862,13,0,9 10,1,2,,65863,13,0,9 10,1
64001,'Semaine-10',721,,73792,13,0,9 10,1,2,,73793,13,0,9 10,1
64001,'Semaine-11',721,,76323,13,0,9 10,1,2,,76324,13,0,9 10,1
74001,'Semaine-0',803,,65882,13,0,5 11,2,2,,65883,13,0,5 11,1
74001,'Semaine-10',803,,73812,13,0,5 11,2,2,,73813,13,0,5 11,1
74001,'Semaine-11',803,,76343,13,0,5 11,2,2,,76344,13,0,5 11,1
