4501,'Semaine-0',602,,64184,16,,,1,30,,64183,16,,,1,71,,64187,16,,,2,30,,64186,16,,,1,72,,64185,16,,,1,30,,64188,16,,,1
4501,'Semaine-10',602,,72114,16,,,1,30,,72113,16,,,1,71,,72117,16,,,2,30,,72116,16,,,1,72,,72115,16,,,1,30,,72118,16,,,1
4501,'Semaine-11',602,,74645,16,,,1,30,,74644,16,,,1,71,,74648,16,,,2,30,,74647,16,,,1,72,,74646,16,,,1,30,,74649,16,,,1
5201,'Samedi-0',657,,66667,40,,,1,100,,66668,40,,,1,101,,66669,40,,,1,100,,66670,40,,,1,142,,66672,40,,,1,100,,66671,40,,,1,100,,66673,40,,,1,100,,66674,40,,,1,101,,66675,40,,,1,99,,66676,40,,,1,100,,66677,40,,,1,100,,66678,40,,,1,59,,66681,40,,,1,100,,66679,40,,,1,97,,66683,40,,,1,101,,66680,40,,,1,100,,66682,40,,,1,101,,66684,40,,,1
5201,'Samedi-10',657,,76790,40,,,1,100,,76791,40,,,1,101,,76792,40,,,1,100,,76793,40,,,1,142,,76795,40,,,1,100,,76794,40,,,1,100,,76796,40,,,1,100,,76797,40,,,1,101,,76798,40,,,1,99,,76799,40,,,1,100,,76800,40,,,1,100,,76801,40,,,1,59,,76804,40,,,1,100,,76802,40,,,1,97,,76806,40,,,1,101,,76803,40,,,1,100,,76805,40,,,1,101,,76807,40,,,1
5201,'Samedi-11',657,,70645,40,,,1,100,,70646,40,,,1,101,,70647,40,,,1,100,,70648,40,,,1,142,,70650,40,,,1,100,,70649,40,,,1,100,,70651,40,,,1,100,,70652,40,,,1,101,,70653,40,,,1,99,,70654,40,,,1,100,,70655,40,,,1,100,,70656,40,,,1,59,,70659,40,,,1,100,,70657,40,,,1,97,,70661,40,,,1,101,,70658,40,,,1,100,,70660,40,,,1,101,,70662,40,,,1
5201,'Dimanche-0',657,,68487,40,,,1,100,,68488,40,,,1,101,,68489,40,,,1,100,,68492,40,,,1,142,,68490,40,,,1,100,,68494,40,,,1,100,,68491,40,,,1,100,,68496,40,,,1,101,,68493,40,,,1,99,,68495,40,,,1,100,,68498,40,,,1,100,,68500,40,,,1,59,,68497,40,,,1,100,,68499,40,,,1,97,,68501,40,,,1,101,,68502,40,,,1,100,,68503,40,,,1,101,,68504,40,,,1
5201,'Dimanche-10',657,,69566,40,,,1,100,,69567,40,,,1,101,,69568,40,,,1,100,,69571,40,,,1,142,,69569,40,,,1,100,,69573,40,,,1,100,,69570,40,,,1,100,,69575,40,,,1,101,,69572,40,,,1,99,,69574,40,,,1,100,,69577,40,,,1,100,,69579,40,,,1,59,,69576,40,,,1,100,,69578,40,,,1,97,,69580,40,,,1,101,,69581,40,,,1,100,,69582,40,,,1,101,,69583,40,,,1
5201,'Dimanche-11',657,,66685,40,,,1,100,,66686,40,,,1,101,,66687,40,,,1,100,,66690,40,,,1,142,,66688,40,,,1,100,,66692,40,,,1,100,,66689,40,,,1,100,,66694,40,,,1,101,,66691,40,,,1,99,,66693,40,,,1,100,,66696,40,,,1,100,,66698,40,,,1,59,,66695,40,,,1,100,,66697,40,,,1,97,,66699,40,,,1,101,,66700,40,,,1,100,,66701,40,,,1,101,,66702,40,,,1
5201,'Semaine-0',628,,64312,40,,,1,102,,64314,40,,,1,102,,64313,40,,,1,97,,64297,40,,,1,102,,64303,40,,,1,99,,64300,40,,,1,100,,64307,40,,,1,100,,64298,40,,,1,100,,64302,40,,,1,102,,64301,40,,,1,100,,64311,40,,,1,100,,64310,40,,,1,98,,64304,40,,,1,97,,64305,40,,,1,100,,64309,40,,,1,100,,64306,40,,,1,100,,64308,40,,,1,100,,64299,40,,,2
5201,'Semaine-10',628,,72242,40,,,1,102,,72244,40,,,1,102,,72243,40,,,1,97,,72227,40,,,1,102,,72233,40,,,1,99,,72230,40,,,1,100,,72237,40,,,1,100,,72228,40,,,1,100,,72232,40,,,1,102,,72231,40,,,1,100,,72241,40,,,1,100,,72240,40,,,1,98,,72234,40,,,1,97,,72235,40,,,1,100,,72239,40,,,1,100,,72236,40,,,1,100,,72238,40,,,1,100,,72229,40,,,2
5201,'Semaine-11',628,,74773,40,,,1,102,,74775,40,,,1,102,,74774,40,,,1,97,,74758,40,,,1,102,,74764,40,,,1,99,,74761,40,,,1,100,,74768,40,,,1,100,,74759,40,,,1,100,,74763,40,,,1,102,,74762,40,,,1,100,,74772,40,,,1,100,,74771,40,,,1,98,,74765,40,,,1,97,,74766,40,,,1,100,,74770,40,,,1,100,,74767,40,,,1,100,,74769,40,,,1,100,,74760,40,,,2
64500,'Semaine-0',709,,65866,10,0,9 10,1
64500,'Semaine-10',709,,73796,10,0,9 10,1
64500,'Semaine-11',709,,76327,10,0,9 10,1
75200,'Semaine-0',710,,65885,3,0,9 18,1,2,,65884,3,0,9 18,2
75200,'Semaine-10',710,,73815,3,0,9 18,1,2,,73814,3,0,9 18,2
75200,'Semaine-11',710,,76346,3,0,9 18,1,2,,76345,3,0,9 18,2
