5401,'Semaine-0',656,,64319,5,,,2,96,,64318,5,,,1,104,,64320,5,,,1
5401,'Semaine-10',656,,72249,5,,,2,96,,72248,5,,,1,104,,72250,5,,,1
5401,'Semaine-11',656,,74780,5,,,2,96,,74779,5,,,1,104,,74781,5,,,1
55400,'Semaine-0',652,,65846,5,0,5 6,2
55400,'Semaine-10',652,,73776,5,0,5 6,2
55400,'Semaine-11',652,,76307,5,0,5 6,2
55401,'Semaine-0',1559,,65848,32,0,5 6,1
55401,'Semaine-10',1559,,73778,32,0,5 6,1
55401,'Semaine-11',1559,,76309,32,0,5 6,1
65401,'Semaine-0',709,,65871,5,0,9 10,1
65401,'Semaine-10',709,,73801,5,0,9 10,1
65401,'Semaine-11',709,,76332,5,0,9 10,1
75401,'Semaine-0',709,,65890,5,0,9 18,1
75401,'Semaine-10',709,,73820,5,0,9 18,1
75401,'Semaine-11',709,,76351,5,0,9 18,1
