1800,'Semaine-0',1250,,63459,13,,,1,278,,63458,13,,,2,103,,63461,13,,,1,26,,63460,13,,,1
2601,'Semaine-0',613,,63500,32,,,1,31,,63502,32,,,2,70,,63503,32,,,2,30,,63501,32,,,1,69,,63499,32,,,2
2901,'Semaine-0',726,,63524,18,,,2,30,,63527,18,,,1,70,,63525,18,,,1,31,,63526,18,,,2
3201,'Semaine-0',529,,63711,30,,,1,20,,63710,30,,,1,60,,63702,30,,,1,22,,63712,30,,,2,10,,63692,30,,,1,8,,63713,30,,,1,51,,63693,30,,,1,10,,63694,30,,,1,8,,63686,30,,,1,11,,63689,30,,,1,8,,63715,30,,,1,8,,63695,30,,,1,8,,63690,30,,,1,49,,63703,30,,,1,8,,63685,30,,,1,8,,63696,30,,,1,8,,63714,30,,,2,8,,63684,30,,,1,10,,63683,30,,,1,10,,63688,30,,,1,48,,63691,30,,,1,9,,63697,30,,,1,22,,63671,30,,,2,69,,63681,30,,,1,30,,63674,30,,,1,70,,63677,30,,,1,30,,63670,30,,,1,70,,63680,30,,,1,30,,63675,30,,,1,70,,63682,30,,,1,30,,63664,30,,,1,69,,63669,30,,,1,30,,63676,30,,,1,71,,63687,30,,,1,32,,63704,30,,,1,71,,63705,30,,,2,29,,63706,30,,,1,70,,63707,30,,,1,28,,63708,30,,,2,70,,63709,30,,,1,30,,63667,30,,,1,70,,63665,30,,,2,29,,63678,30,,,2,70,,63673,30,,,1,29,,63668,30,,,1,71,,63666,30,,,2,30,,63679,30,,,1,28,,63672,30,,,1,68,,63699,30,,,1,32,,63698,30,,,1,69,,63700,30,,,1,30,,63701,30,,,1
3401,'Samedi-0',719,,66201,51,,,1,100,,66204,51,,,1,30,,66213,51,,,1,70,,66202,51,,,1,33,,66207,51,,,1,70,,66209,51,,,1,28,,66203,51,,,1,70,,66212,51,,,1,33,,66205,51,,,1,69,,66214,51,,,1,31,,66206,51,,,1,70,,66208,51,,,1,30,,66210,51,,,1,70,,66211,51,,,1,30,,66215,51,,,1,71,,66216,51,,,1,30,,66217,51,,,1,70,,66218,51,,,1,30,,66219,51,,,1,68,,66220,51,,,1,30,,66221,51,,,1,69,,66222,51,,,1,30,,66223,51,,,1,70,,66225,51,,,1,28,,66224,51,,,1,70,,66226,51,,,1,30,,66227,51,,,1,70,,66228,51,,,1,30,,66230,51,,,1,70,,66229,51,,,1,30,,66231,51,,,1,95,,66232,51,,,1
3401,'Dimanche-11',719,,66233,51,,,1,100,,66241,51,,,1,30,,66246,51,,,1,70,,66238,51,,,1,33,,66236,51,,,1,70,,66259,51,,,1,28,,66240,51,,,1,70,,66245,51,,,1,33,,66235,51,,,1,69,,66234,51,,,1,31,,66237,51,,,1,70,,66244,51,,,1,30,,66247,51,,,1,70,,66239,51,,,1,30,,66243,51,,,1,71,,66242,51,,,1,30,,66248,51,,,1,70,,66252,51,,,1,30,,66249,51,,,1,68,,66250,51,,,1,30,,66251,51,,,1,69,,66258,51,,,1,30,,66253,51,,,1,70,,66256,51,,,1,28,,66254,51,,,1,70,,66255,51,,,1,30,,66257,51,,,1,70,,66260,51,,,1,30,,66262,51,,,1,70,,66261,51,,,1,30,,66263,51,,,1,95,,66264,51,,,1
3401,'Semaine-0',926,,63856,51,,,1,31,,63836,51,,,2,70,,63840,51,,,1,30,,63860,51,,,1,70,,63833,51,,,1,30,,63837,51,,,1,70,,63841,51,,,1,30,,63831,51,,,1,70,,63834,51,,,1,30,,63838,51,,,1,70,,63842,51,,,2,31,,63835,51,,,1,70,,63857,51,,,1,31,,63832,51,,,1,76,,63858,51,,,1,67,,63859,51,,,1,30,,63853,51,,,1,26,,63849,51,,,1,69,,63839,51,,,1,29,,63846,51,,,1,69,,63855,51,,,1,29,,63843,51,,,1,70,,63845,51,,,1,30,,63847,51,,,1,70,,63851,51,,,2,30,,63844,51,,,1,70,,63850,51,,,1,28,,63848,51,,,1,70,,63852,51,,,1,30,,63854,51,,,1
4001,'Semaine-0',631,,64160,50,,,1,70,,64159,50,,,1,33,,64162,50,,,1,74,,64158,50,,,2,25,,64157,50,,,1,68,,64161,50,,,1
4101,'Semaine-0',653,,64170,41,,,1,73,,64171,41,,,1,76,,64172,41,,,1,26,,64169,41,,,2,28,,64168,41,,,1
4501,'Semaine-0',620,,64184,44,,,1,30,,64183,44,,,1,74,,64187,44,,,2,30,,64186,44,,,1,72,,64185,44,,,1,28,,64188,44,,,1
4701,'Semaine-0',632,,64194,37,,,2,87,,64193,37,,,1,90,,64192,37,,,1,27,,64195,37,,,1
5501,'Samedi-0',715,,66775,49,,,1,30,,66778,49,,,1,71,,66777,49,,,1,30,,66787,49,,,1,69,,66776,49,,,1,30,,66779,49,,,1,71,,66780,49,,,1,29,,66786,49,,,1,71,,66782,49,,,1,30,,66783,49,,,1,70,,66781,49,,,1,30,,66789,49,,,1,70,,66788,49,,,1,30,,66784,49,,,1,70,,66785,49,,,1,32,,66790,49,,,1,68,,66791,49,,,1,32,,66792,49,,,1,68,,66793,49,,,1,32,,66794,49,,,1,68,,66795,49,,,1,32,,66796,49,,,1,68,,66797,49,,,1,30,,66798,49,,,1,70,,66799,49,,,1,30,,66800,49,,,1,70,,66801,49,,,1,29,,66802,49,,,1,70,,66803,49,,,1,30,,66805,49,,,1,69,,66804,49,,,1,30,,66807,49,,,1,70,,66806,49,,,1
5501,'Dimanche-11',715,,66809,49,,,1,30,,66813,49,,,1,71,,66811,49,,,1,30,,66816,49,,,1,69,,66818,49,,,1,30,,66812,49,,,1,71,,66808,49,,,1,29,,66822,49,,,1,71,,66817,49,,,1,30,,66824,49,,,1,70,,66815,49,,,1,30,,66814,49,,,1,70,,66820,49,,,1,30,,66810,49,,,1,70,,66819,49,,,1,32,,66823,49,,,1,68,,66828,49,,,1,32,,66821,49,,,1,68,,66827,49,,,1,32,,66830,49,,,1,68,,66825,49,,,1,32,,66826,49,,,1,68,,66832,49,,,1,30,,66834,49,,,1,70,,66831,49,,,1,30,,66829,49,,,1,70,,66833,49,,,1,29,,66835,49,,,1,70,,66836,49,,,1,30,,66837,49,,,1,69,,66838,49,,,1,30,,66839,49,,,1,70,,66840,49,,,1
5501,'Semaine-0',533,,64382,49,,,1,15,,64389,49,,,1,54,,64388,48,,,1,18,,64372,48,,,1,15,,64410,48,,,1,22,,64409,48,,,1,48,,64369,48,,,1,14,,64414,48,,,1,15,,64395,48,,,1,15,,64403,48,,,1,56,,64373,48,,,1,8,,64377,48,,,1,12,,64375,48,,,1,9,,64404,48,,,1,4,,64406,48,,,1,14,,64383,48,,,1,68,,64387,48,,,1,12,,64374,48,,,1,11,,64408,48,,,1,70,,64401,49,,,1,23,,64413,16,,,1,8,,64405,49,,,1,69,,64371,49,,,1,29,,64378,49,,,1,70,,64391,49,,,1,30,,64402,49,,,1,70,,64398,49,,,1,30,,64379,49,,,1,70,,64411,49,,,1,30,,64370,49,,,1,72,,64376,49,,,1,90,,64380,49,,,1,98,,64385,49,,,1,100,,64390,49,,,1,100,,64407,49,,,1,20,,64396,49,,,1,30,,64384,49,,,1,70,,64400,49,,,1,30,,64393,49,,,1,70,,64412,49,,,1,30,,64386,49,,,1,69,,64392,49,,,1,30,,64394,49,,,1,70,,64381,49,,,1,28,,64399,49,,,1,70,,64397,49,,,1
5901,'Samedi-0',730,,66909,38,,,1,70,,66916,38,,,1,30,,66913,38,,,1,70,,66918,38,,,1,30,,66910,38,,,1,70,,66915,38,,,1,31,,66914,38,,,1,70,,66917,38,,,1,30,,66921,38,,,1,71,,66922,38,,,1,30,,66911,38,,,1,70,,66912,38,,,1,30,,66920,38,,,1,70,,66919,38,,,1,30,,66923,38,,,1,70,,66924,38,,,1,30,,66925,38,,,1,70,,66926,38,,,1,30,,66927,38,,,1,70,,66928,38,,,1,30,,66929,38,,,1,70,,66930,38,,,1,30,,66931,38,,,1,68,,66932,38,,,1,31,,66933,38,,,1,71,,66935,38,,,1,30,,66934,38,,,1,68,,66936,38,,,1,30,,66937,38,,,1,70,,66938,38,,,1,30,,66940,38,,,1,70,,66939,38,,,1
5901,'Dimanche-11',730,,66941,38,,,1,70,,66953,38,,,1,30,,66947,38,,,1,70,,66948,38,,,1,30,,66955,38,,,1,70,,66952,38,,,1,31,,66957,38,,,1,70,,66944,38,,,1,30,,66956,38,,,1,71,,66942,38,,,1,30,,66951,38,,,1,70,,66943,38,,,1,30,,66946,38,,,1,70,,66949,38,,,1,30,,66950,38,,,1,70,,66958,38,,,1,30,,66945,38,,,1,70,,66961,38,,,1,30,,66954,38,,,1,70,,66963,38,,,1,30,,66964,38,,,1,70,,66960,38,,,1,30,,66965,38,,,1,68,,66962,38,,,1,31,,66966,38,,,1,71,,66959,38,,,1,30,,66967,38,,,1,68,,66968,38,,,1,30,,66969,38,,,1,70,,66970,38,,,1,30,,66971,38,,,1,70,,66972,38,,,1
5901,'Semaine-0',528,,64498,38,,,1,15,,64534,38,,,1,15,,64507,38,,,1,55,,64528,37,,,1,17,,64508,37,,,1,14,,64497,37,,,1,13,,64499,37,,,1,55,,64502,37,,,1,11,,64537,15,,,1,8,,64505,37,,,1,7,,64538,15,,,1,8,,64506,37,,,1,7,,64539,15,,,1,51,,64501,37,,,1,7,,64495,15,,,1,5,,64530,37,,,1,19,,64516,37,,,1,11,,64521,37,,,1,13,,64511,37,,,1,55,,64496,37,,,1,16,,64514,37,,,1,27,,64540,37,,,1,70,,64535,38,,,1,30,,64522,38,,,1,70,,64504,38,,,1,30,,64515,38,,,1,70,,64518,38,,,1,30,,64503,38,,,1,70,,64532,38,,,1,30,,64494,38,,,1,70,,64536,38,,,1,30,,64526,38,,,1,76,,64529,38,,,1,100,,64533,38,,,1,100,,64513,38,,,1,99,,64520,38,,,1,75,,64525,38,,,1,30,,64512,38,,,1,70,,64519,38,,,1,30,,64524,38,,,1,69,,64531,38,,,1,30,,64509,38,,,1,70,,64527,38,,,1,30,,64517,38,,,1,70,,64500,38,,,1,30,,64510,38,,,1,70,,64523,38,,,1
32901,'Semaine-0',1658,,65575,45,0,7 8,1
65501,'Semaine-0',1528,,65873,37,0,9 10,1
72901,'Semaine-0',828,,65878,30,0,5 11,2
74001,'Semaine-0',835,,65882,51,0,5 11,2,2,,65883,51,0,5 11,1
80000,'Samedi-0',735,,68077,42,,,1,103,,68078,42,,,1,98,,68079,42,,,1,101,,68081,42,,,1,100,,68082,42,,,1,100,,68080,42,,,1,100,,68083,42,,,1,100,,68084,42,,,1,100,,68085,42,,,1,100,,68086,42,,,1,98,,68087,42,,,2,100,,68088,42,,,1,100,,68091,42,,,1,99,,68089,42,,,1,100,,68090,42,,,1,98,,68092,42,,,1,100,,68093,42,,,1
80000,'Dimanche-11',735,,68096,42,,,1,103,,68095,42,,,1,98,,68101,42,,,1,101,,68094,42,,,1,100,,68098,42,,,1,100,,68097,42,,,1,100,,68099,42,,,1,100,,68100,42,,,1,100,,68104,42,,,1,100,,68102,42,,,1,98,,68103,42,,,2,100,,68107,42,,,1,100,,68106,42,,,1,99,,68105,42,,,1,100,,68108,42,,,1,98,,68109,42,,,1,100,,68110,42,,,1
80000,'Semaine-0',611,,65923,41,,,1,32,,65909,41,,,1,71,,65899,41,,,1,15,,65898,41,,,1,17,,65919,41,,,1,70,,65910,41,,,1,18,,65896,41,,,1,68,,65915,41,,,1,30,,65900,42,,,1,70,,65917,42,,,1,30,,65912,42,,,1,70,,65926,42,,,1,30,,65893,42,,,1,69,,65914,42,,,1,30,,65904,42,,,1,71,,65920,42,,,1,29,,65913,42,,,1,70,,65924,42,,,1,32,,65903,42,,,1,68,,65918,42,,,1,34,,65916,42,,,1,72,,65905,42,,,1,31,,65921,42,,,1,68,,65894,42,,,1,30,,65911,42,,,1,70,,65908,42,,,1,28,,65922,42,,,1,68,,65907,42,,,1,31,,65901,42,,,1,69,,65895,42,,,1,30,,65925,42,,,1,68,,65906,42,,,1,28,,65902,42,,,1,29,,65892,42,,,1,69,,65897,42,,,1,30,,65891,42,,,1
82901,'Semaine-0',802,,65975,18,0,9 12 13,1,1,,65976,18,0,9 12 13,1,1,,65977,18,0,9 12 13,2
85901,'Dimanche-11',1718,,68146,3,,,1
