4001,'Semaine-0',623,,64160,38,,,1,30,,64159,38,,,1,72,,64162,38,,,1,33,,64158,38,,,2,67,,64157,38,,,1,27,,64161,38,,,1
4101,'Semaine-0',645,,64170,29,,,1,73,,64171,29,,,1,35,,64172,29,,,1,65,,64169,29,,,2,29,,64168,29,,,1
4501,'Semaine-0',612,,64184,32,,,1,30,,64183,32,,,1,72,,64187,32,,,2,30,,64186,32,,,1,73,,64185,32,,,1,28,,64188,32,,,1
4701,'Semaine-0',625,,64194,25,,,2,85,,64193,25,,,1,49,,64192,25,,,1,67,,64195,25,,,1
5501,'Samedi-0',708,,66775,36,,,1,30,,66778,36,,,1,71,,66777,36,,,1,30,,66787,36,,,1,69,,66776,36,,,1,30,,66779,36,,,1,71,,66780,36,,,1,29,,66786,36,,,1,70,,66782,36,,,1,30,,66783,36,,,1,70,,66781,36,,,1,30,,66789,36,,,1,70,,66788,36,,,1,30,,66784,36,,,1,70,,66785,36,,,1,32,,66790,36,,,1,68,,66791,36,,,1,32,,66792,36,,,1,68,,66793,36,,,1,32,,66794,36,,,1,68,,66795,36,,,1,32,,66796,36,,,1,68,,66797,36,,,1,30,,66798,36,,,1,70,,66799,36,,,1,30,,66800,36,,,1,70,,66801,36,,,1,30,,66802,36,,,1,70,,66803,36,,,1,30,,66805,36,,,1,70,,66804,36,,,1,30,,66807,36,,,1,70,,66806,36,,,1
5501,'Dimanche-0',708,,68542,36,,,1,30,,68546,36,,,1,71,,68544,36,,,1,30,,68549,36,,,1,69,,68551,36,,,1,30,,68545,36,,,1,71,,68541,36,,,1,29,,68555,36,,,1,70,,68550,36,,,1,30,,68557,36,,,1,70,,68548,36,,,1,30,,68547,36,,,1,70,,68553,36,,,1,30,,68543,36,,,1,70,,68552,36,,,1,32,,68556,36,,,1,68,,68561,36,,,1,32,,68554,36,,,1,68,,68560,36,,,1,32,,68563,36,,,1,68,,68558,36,,,1,32,,68559,36,,,1,68,,68565,36,,,1,30,,68567,36,,,1,70,,68564,36,,,1,30,,68562,36,,,1,70,,68566,36,,,1,30,,68568,36,,,1,70,,68569,36,,,1,30,,68570,36,,,1,70,,68571,36,,,1,30,,68572,36,,,1,70,,68573,36,,,1
5501,'Dimanche-10',708,,69621,36,,,1,30,,69625,36,,,1,71,,69623,36,,,1,30,,69628,36,,,1,69,,69630,36,,,1,30,,69624,36,,,1,71,,69620,36,,,1,29,,69634,36,,,1,70,,69629,36,,,1,30,,69636,36,,,1,70,,69627,36,,,1,30,,69626,36,,,1,70,,69632,36,,,1,30,,69622,36,,,1,70,,69631,36,,,1,32,,69635,36,,,1,68,,69640,36,,,1,32,,69633,36,,,1,68,,69639,36,,,1,32,,69642,36,,,1,68,,69637,36,,,1,32,,69638,36,,,1,68,,69644,36,,,1,30,,69646,36,,,1,70,,69643,36,,,1,30,,69641,36,,,1,70,,69645,36,,,1,30,,69647,36,,,1,70,,69648,36,,,1,30,,69649,36,,,1,70,,69650,36,,,1,30,,69651,36,,,1,70,,69652,36,,,1
5501,'Dimanche-11',708,,66809,36,,,1,30,,66813,36,,,1,71,,66811,36,,,1,30,,66816,36,,,1,69,,66818,36,,,1,30,,66812,36,,,1,71,,66808,36,,,1,29,,66822,36,,,1,70,,66817,36,,,1,30,,66824,36,,,1,70,,66815,36,,,1,30,,66814,36,,,1,70,,66820,36,,,1,30,,66810,36,,,1,70,,66819,36,,,1,32,,66823,36,,,1,68,,66828,36,,,1,32,,66821,36,,,1,68,,66827,36,,,1,32,,66830,36,,,1,68,,66825,36,,,1,32,,66826,36,,,1,68,,66832,36,,,1,30,,66834,36,,,1,70,,66831,36,,,1,30,,66829,36,,,1,70,,66833,36,,,1,30,,66835,36,,,1,70,,66836,36,,,1,30,,66837,36,,,1,70,,66838,36,,,1,30,,66839,36,,,1,70,,66840,36,,,1
5501,'Semaine-0',527,,64382,36,,,1,14,,64389,36,,,1,14,,64388,36,,,1,58,,64372,36,,,1,15,,64410,36,,,1,22,,64409,36,,,1,8,,64369,36,,,1,52,,64414,36,,,1,15,,64395,36,,,1,13,,64403,36,,,1,16,,64373,36,,,1,49,,64377,36,,,1,12,,64375,36,,,1,9,,64404,36,,,1,6,,64406,36,,,1,14,,64383,36,,,1,68,,64387,36,,,1,12,,64374,36,,,1,11,,64408,36,,,1,69,,64401,36,,,1,23,,64413,3,,,1,8,,64405,36,,,1,69,,64371,36,,,1,30,,64378,36,,,1,70,,64391,36,,,1,30,,64402,36,,,1,70,,64398,36,,,1,30,,64379,36,,,1,70,,64411,36,,,1,30,,64370,36,,,1,70,,64376,36,,,1,50,,64380,36,,,1,100,,64385,36,,,1,100,,64390,36,,,1,100,,64407,36,,,1,60,,64396,36,,,1,30,,64384,36,,,1,70,,64400,36,,,1,30,,64393,36,,,1,70,,64412,36,,,1,30,,64386,36,,,1,69,,64392,36,,,1,31,,64394,36,,,1,70,,64381,36,,,1,30,,64399,36,,,1,70,,64397,36,,,1
5600,'Semaine-0',640,,64421,23,,,1,64,,64419,23,,,1,6,,64423,23,,,1,31,,64422,23,,,1,71,,64416,23,,,1,100,,64415,23,,,1,109,,64417,23,,,1,98,,64420,23,,,2,100,,64418,23,,,1
5801,'Semaine-0',604,,64441,24,,,1,32,,64445,24,,,1,71,,64443,24,,,1,30,,64442,24,,,1,70,,64439,24,,,1,30,,64444,24,,,1,800,,64440,24,,,1
5901,'Samedi-0',723,,66909,25,,,1,30,,66916,25,,,1,70,,66913,25,,,1,30,,66918,25,,,1,70,,66910,25,,,1,30,,66915,25,,,1,70,,66914,25,,,1,30,,66917,25,,,1,70,,66921,25,,,1,30,,66922,25,,,1,70,,66911,25,,,1,30,,66912,25,,,1,70,,66920,25,,,1,30,,66919,25,,,1,70,,66923,25,,,1,30,,66924,25,,,1,70,,66925,25,,,1,30,,66926,25,,,1,70,,66927,25,,,1,30,,66928,25,,,1,70,,66929,25,,,1,30,,66930,25,,,1,70,,66931,25,,,1,30,,66932,25,,,1,70,,66933,25,,,1,30,,66935,25,,,1,70,,66934,25,,,1,30,,66936,25,,,1,70,,66937,25,,,1,30,,66938,25,,,1,70,,66940,25,,,1,30,,66939,25,,,1
5901,'Dimanche-0',723,,68608,25,,,1,30,,68620,25,,,1,70,,68614,25,,,1,30,,68615,25,,,1,70,,68622,25,,,1,30,,68619,25,,,1,70,,68624,25,,,1,30,,68611,25,,,1,70,,68623,25,,,1,30,,68609,25,,,1,70,,68618,25,,,1,30,,68610,25,,,1,70,,68613,25,,,1,30,,68616,25,,,1,70,,68617,25,,,1,30,,68625,25,,,1,70,,68612,25,,,1,30,,68628,25,,,1,70,,68621,25,,,1,30,,68630,25,,,1,70,,68631,25,,,1,30,,68627,25,,,1,70,,68632,25,,,1,30,,68629,25,,,1,70,,68633,25,,,1,30,,68626,25,,,1,70,,68634,25,,,1,30,,68635,25,,,1,70,,68636,25,,,1,30,,68637,25,,,1,70,,68638,25,,,1,30,,68639,25,,,1
5901,'Dimanche-10',723,,69687,25,,,1,30,,69699,25,,,1,70,,69693,25,,,1,30,,69694,25,,,1,70,,69701,25,,,1,30,,69698,25,,,1,70,,69703,25,,,1,30,,69690,25,,,1,70,,69702,25,,,1,30,,69688,25,,,1,70,,69697,25,,,1,30,,69689,25,,,1,70,,69692,25,,,1,30,,69695,25,,,1,70,,69696,25,,,1,30,,69704,25,,,1,70,,69691,25,,,1,30,,69707,25,,,1,70,,69700,25,,,1,30,,69709,25,,,1,70,,69710,25,,,1,30,,69706,25,,,1,70,,69711,25,,,1,30,,69708,25,,,1,70,,69712,25,,,1,30,,69705,25,,,1,70,,69713,25,,,1,30,,69714,25,,,1,70,,69715,25,,,1,30,,69716,25,,,1,70,,69717,25,,,1,30,,69718,25,,,1
5901,'Dimanche-11',723,,66941,25,,,1,30,,66953,25,,,1,70,,66947,25,,,1,30,,66948,25,,,1,70,,66955,25,,,1,30,,66952,25,,,1,70,,66957,25,,,1,30,,66944,25,,,1,70,,66956,25,,,1,30,,66942,25,,,1,70,,66951,25,,,1,30,,66943,25,,,1,70,,66946,25,,,1,30,,66949,25,,,1,70,,66950,25,,,1,30,,66958,25,,,1,70,,66945,25,,,1,30,,66961,25,,,1,70,,66954,25,,,1,30,,66963,25,,,1,70,,66964,25,,,1,30,,66960,25,,,1,70,,66965,25,,,1,30,,66962,25,,,1,70,,66966,25,,,1,30,,66959,25,,,1,70,,66967,25,,,1,30,,66968,25,,,1,70,,66969,25,,,1,30,,66970,25,,,1,70,,66971,25,,,1,30,,66972,25,,,1
5901,'Semaine-0',521,,64498,25,,,1,15,,64534,25,,,1,15,,64507,25,,,1,55,,64528,25,,,1,15,,64508,25,,,1,14,,64497,25,,,1,13,,64499,25,,,1,55,,64502,25,,,1,10,,64537,3,,,1,8,,64505,25,,,1,7,,64538,3,,,1,8,,64506,25,,,1,7,,64539,3,,,1,11,,64501,25,,,1,47,,64495,3,,,1,5,,64530,25,,,1,19,,64516,25,,,1,13,,64521,25,,,1,13,,64511,25,,,1,55,,64496,25,,,1,16,,64514,25,,,1,27,,64540,25,,,1,70,,64535,25,,,1,30,,64522,25,,,1,70,,64504,25,,,1,30,,64515,25,,,1,70,,64518,25,,,1,30,,64503,25,,,1,70,,64532,25,,,1,30,,64494,25,,,1,70,,64536,25,,,1,30,,64526,25,,,1,75,,64529,25,,,1,100,,64533,25,,,1,100,,64513,25,,,1,100,,64520,25,,,1,35,,64525,25,,,1,70,,64512,25,,,1,30,,64519,25,,,1,70,,64524,25,,,1,30,,64531,25,,,1,70,,64509,25,,,1,30,,64527,25,,,1,70,,64517,25,,,1,30,,64500,25,,,1,70,,64510,25,,,1,30,,64523,25,,,1
55400,'Semaine-0',703,,65846,13,0,5 6,2
65501,'Semaine-0',1520,,65873,24,0,9 10,1
74001,'Semaine-0',827,,65882,39,0,5 11,2,2,,65883,39,0,5 11,1
80000,'Samedi-0',727,,68077,29,,,1,102,,68078,29,,,1,98,,68079,29,,,1,101,,68081,29,,,1,100,,68082,29,,,1,100,,68080,29,,,1,100,,68083,29,,,1,100,,68084,29,,,1,100,,68085,29,,,1,100,,68086,29,,,1,100,,68087,29,,,2,100,,68088,29,,,1,100,,68091,29,,,1,99,,68089,29,,,1,100,,68090,29,,,1,98,,68092,29,,,1,100,,68093,29,,,1
80000,'Dimanche-0',727,,69194,29,,,1,102,,69193,29,,,1,98,,69199,29,,,1,101,,69192,29,,,1,100,,69196,29,,,1,100,,69195,29,,,1,100,,69197,29,,,1,100,,69198,29,,,1,100,,69202,29,,,1,100,,69200,29,,,1,100,,69201,29,,,2,100,,69205,29,,,1,100,,69204,29,,,1,99,,69203,29,,,1,100,,69206,29,,,1,98,,69207,29,,,1,100,,69208,29,,,1
80000,'Dimanche-10',727,,70273,29,,,1,102,,70272,29,,,1,98,,70278,29,,,1,101,,70271,29,,,1,100,,70275,29,,,1,100,,70274,29,,,1,100,,70276,29,,,1,100,,70277,29,,,1,100,,70281,29,,,1,100,,70279,29,,,1,100,,70280,29,,,2,100,,70284,29,,,1,100,,70283,29,,,1,99,,70282,29,,,1,100,,70285,29,,,1,98,,70286,29,,,1,100,,70287,29,,,1
80000,'Dimanche-11',727,,68096,29,,,1,102,,68095,29,,,1,98,,68101,29,,,1,101,,68094,29,,,1,100,,68098,29,,,1,100,,68097,29,,,1,100,,68099,29,,,1,100,,68100,29,,,1,100,,68104,29,,,1,100,,68102,29,,,1,100,,68103,29,,,2,100,,68107,29,,,1,100,,68106,29,,,1,99,,68105,29,,,1,100,,68108,29,,,1,98,,68109,29,,,1,100,,68110,29,,,1
80000,'Semaine-0',603,,65923,29,,,1,31,,65909,29,,,1,71,,65899,29,,,1,15,,65898,29,,,1,15,,65919,29,,,1,71,,65910,29,,,1,18,,65896,29,,,1,30,,65915,29,,,1,70,,65900,29,,,1,30,,65917,29,,,1,70,,65912,29,,,1,29,,65926,29,,,1,70,,65893,29,,,1,30,,65914,29,,,1,70,,65904,29,,,1,31,,65920,29,,,1,69,,65913,29,,,1,30,,65924,29,,,1,71,,65903,29,,,1,29,,65918,29,,,1,73,,65916,29,,,1,30,,65905,29,,,1,72,,65921,29,,,1,28,,65894,29,,,1,70,,65911,29,,,1,30,,65908,29,,,1,69,,65922,29,,,1,29,,65907,29,,,1,71,,65901,29,,,1,28,,65895,29,,,1,71,,65925,29,,,1,29,,65906,29,,,1,68,,65902,29,,,1,30,,65892,29,,,1,69,,65897,29,,,1,30,,65891,29,,,1
