82500,'Semaine-0',1520,,65963,1,4,,1
82500,'Semaine-10',1520,,73893,1,4,,1
82600,'Semaine-0',1520,,65967,1,4,,1
82600,'Semaine-10',1520,,73897,1,4,,1
82700,'Semaine-0',1520,,65970,1,4,,2
82700,'Semaine-10',1520,,73900,1,4,,2
82900,'Semaine-0',1520,,65974,1,4,,1
82900,'Semaine-10',1520,,73904,1,4,,1
83100,'Semaine-0',1520,,65979,1,4,,1
83100,'Semaine-10',1520,,73909,1,4,,1
83300,'Semaine-0',1520,,65983,1,4,,1
83300,'Semaine-10',1520,,73913,1,4,,1
86700,'Semaine-0',1520,,65985,1,4,,1
86700,'Semaine-10',1520,,73915,1,4,,1
