4000,'Semaine-0',1534,,64155,28,,,1,70,,64151,28,,,2,35,,64154,28,,,1,67,,64153,28,,,1,28,,64152,28,,,1,69,,64156,28,,,1
4100,'Semaine-0',1545,,64164,28,,,1,71,,64166,28,,,1,35,,64165,28,,,2,64,,64163,28,,,1,29,,64167,28,,,1
4700,'Semaine-0',1542,,64189,28,,,1,102,,64190,28,,,1,96,,64191,28,,,2
4901,'Semaine-0',627,,64243,36,,,1,89,,64248,36,,,1,31,,64264,36,,,1,72,,64260,36,,,1,30,,64258,36,,,1,67,,64268,36,,,1,28,,64250,36,,,1,69,,64266,36,,,1,28,,64262,36,,,1,72,,64237,36,,,1,30,,64259,36,,,1,70,,64238,36,,,1,30,,64244,36,,,1,70,,64246,36,,,1,30,,64251,36,,,1,69,,64267,36,,,1,32,,64249,36,,,1,73,,64269,36,,,1,24,,64265,36,,,1,12,,64252,36,,,1,55,,64239,36,,,1,15,,64255,36,,,1,30,,64245,36,,,1,65,,64247,36,,,1,30,,64263,36,,,1,66,,64257,36,,,1,30,,64261,36,,,1,94,,64240,36,,,1,80,,64256,36,,,1,101,,64254,36,,,1,97,,64241,36,,,1,100,,64253,36,,,1,97,,64242,36,,,1
5500,'Semaine-0',647,,64323,29,,,1,102,,64339,29,,,1,69,,64322,29,,,1,98,,64358,29,,,1,28,,64359,29,,,1,69,,64328,29,,,1,30,,64338,29,,,1,69,,64342,29,,,1,32,,64364,29,,,1,70,,64324,29,,,1,30,,64363,29,,,1,69,,64341,29,,,1,30,,64356,29,,,1,70,,64350,29,,,1,25,,64357,29,,,1,16,,64343,29,,,1,54,,64321,29,,,1,17,,64362,29,,,1,17,,64332,29,,,1,15,,64365,29,,,1,53,,64353,29,,,1,10,,64325,29,,,1,13,,64336,29,,,1,18,,64368,29,,,1,49,,64361,29,,,1,11,,64327,29,,,1,11,,64344,29,,,1,10,,64337,29,,,1,11,,64366,29,,,1,12,,64351,29,,,1,48,,64331,29,,,1,12,,64326,29,,,1,10,,64367,29,,,1,11,,64335,29,,,1,11,,64330,29,,,1,10,,64340,29,,,1,70,,64355,29,,,1,29,,64360,29,,,1,70,,64347,29,,,1,30,,64333,29,,,1,70,,64354,29,,,1,28,,64345,29,,,1,70,,64348,29,,,1,29,,64334,29,,,1,70,,64349,29,,,1,30,,64346,29,,,1,69,,64329,29,,,1,30,,64352,29,,,1
5800,'Semaine-0',829,,64435,16,,,1,399,,64436,16,,,1,300,,64438,16,,,1,31,,64433,16,,,1,71,,64434,16,,,1,29,,64437,16,,,1,69,,64432,16,,,2,29,,64431,16,,,1
5900,'Semaine-0',615,,64453,29,,,1,98,,64488,29,,,1,87,,64493,29,,,1,48,,64469,29,,,1,82,,64465,29,,,1,28,,64486,29,,,1,70,,64462,29,,,1,30,,64485,29,,,1,70,,64476,29,,,1,30,,64470,29,,,1,72,,64478,29,,,1,70,,64461,29,,,1,30,,64489,29,,,1,70,,64452,29,,,1,31,,64483,29,,,1,14,,64454,29,,,1,58,,64487,29,,,1,31,,64447,29,,,1,14,,64491,29,,,1,55,,64446,29,,,1,8,,64481,29,,,1,17,,64477,29,,,1,7,,64490,24,,,1,6,,64464,29,,,1,13,,64448,29,,,1,46,,64492,24,,,1,6,,64449,29,,,1,12,,64457,29,,,1,9,,64484,29,,,1,12,,64473,29,,,1,11,,64460,29,,,1,9,,64482,29,,,1,52,,64468,29,,,1,12,,64480,29,,,1,9,,64450,29,,,1,10,,64455,29,,,1,71,,64475,29,,,1,29,,64466,29,,,1,70,,64471,29,,,1,29,,64459,29,,,1,70,,64467,29,,,1,30,,64472,29,,,1,70,,64479,29,,,1,30,,64456,29,,,1,70,,64474,29,,,1,29,,64463,29,,,1,70,,64451,29,,,1,28,,64458,29,,,1
54901,'Semaine-0',1549,,65839,29,,,1
64700,'Semaine-0',711,,65868,5,0,9 10,1
65500,'Semaine-0',729,,65872,22,0,9 10,1
74000,'Semaine-0',1639,,65881,23,0,5 11,1
75401,'Semaine-0',721,,65890,12,0,9 18,1
80001,'Semaine-0',630,,65948,31,,,1,28,,65941,31,,,1,73,,65949,31,,,1,70,,65933,31,,,1,33,,65931,31,,,1,68,,65938,31,,,1,26,,65944,31,,,1,30,,65956,31,,,1,70,,65947,31,,,2,30,,65939,31,,,1,70,,65953,31,,,1,30,,65927,31,,,1,71,,65961,31,,,1,29,,65959,31,,,1,74,,65929,31,,,1,70,,65952,31,,,1,30,,65943,31,,,1,70,,65950,31,,,1,33,,65960,31,,,1,69,,65945,31,,,1,17,,65955,31,,,1,22,,65957,31,,,1,64,,65954,31,,,1,27,,65946,31,,,1,70,,65936,31,,,1,28,,65934,31,,,1,27,,65928,31,,,1,69,,65958,31,,,1,72,,65940,31,,,1,27,,65937,31,,,1,30,,65942,31,,,1,69,,65930,31,,,1,30,,65951,31,,,1,74,,65932,31,,,1,70,,65935,31,,,1
