2500,'Semaine-0',1558,,63482,42,4,,1,70,,63485,42,4,,1,31,,63483,42,4,,1,73,,63487,42,4,,1,24,,63484,42,4,,2,65,,63486,42,4,,2
2500,'Semaine-10',1558,,71412,42,4,,1,70,,71415,42,4,,1,31,,71413,42,4,,1,73,,71417,42,4,,1,24,,71414,42,4,,2,65,,71416,42,4,,2
2500,'Semaine-11',1558,,73943,42,4,,1,70,,73946,42,4,,1,31,,73944,42,4,,1,73,,73948,42,4,,1,24,,73945,42,4,,2,65,,73947,42,4,,2
5001,'Semaine-0',1626,,64276,20,,,1,101,,64278,20,,,1,98,,64277,20,,,2
5001,'Semaine-10',1626,,72206,20,,,1,101,,72208,20,,,1,98,,72207,20,,,2
5001,'Semaine-11',1626,,74737,20,,,1,101,,74739,20,,,1,98,,74738,20,,,2
32500,'Semaine-0',1653,,65569,50,4,,1
32500,'Semaine-10',1653,,73499,50,4,,1
32500,'Semaine-11',1653,,76030,50,4,,1
42501,'Semaine-0',1522,,65819,36,4,,1
42501,'Semaine-10',1522,,73749,36,4,,1
42501,'Semaine-11',1522,,76280,36,4,,1
55001,'Semaine-0',1539,,65844,18,0,5 6,1
55001,'Semaine-10',1539,,73774,18,0,5 6,1
55001,'Semaine-11',1539,,76305,18,0,5 6,1
72500,'Semaine-0',1651,,65874,40,4,,1
72500,'Semaine-10',1651,,73804,40,4,,1
72500,'Semaine-11',1651,,76335,40,4,,1
82500,'Semaine-0',1555,,65963,34,4,,1
82500,'Semaine-10',1555,,73893,34,4,,1
82500,'Semaine-11',1555,,76425,34,4,,1
