6400,'Samedi-0',733,,67005,3,,,1,100,,67007,3,,,1,100,,67010,3,,,1,100,,67008,3,,,1,100,,67011,3,,,1,100,,67006,3,,,1,100,,67009,3,,,1,100,,67012,3,,,1,100,,67013,3,,,1,100,,67014,3,,,1,100,,67015,3,,,1,100,,67016,3,,,1
6400,'Dimanche-11',733,,67018,3,,,1,100,,67019,3,,,1,100,,67024,3,,,1,100,,67022,3,,,1,100,,67017,3,,,1,100,,67020,3,,,1,100,,67021,3,,,1,100,,67025,3,,,1,100,,67023,3,,,1,100,,67027,3,,,1,100,,67028,3,,,1,100,,67026,3,,,1
6400,'Semaine-0',643,,64638,3,,,1,74,,64635,3,,,1,30,,64630,3,,,1,70,,64634,3,,,1,100,,64636,3,,,1,100,,64641,3,,,1,100,,64640,3,,,1,100,,64633,3,,,1,100,,64646,3,,,1,100,,64642,3,,,1,95,,64643,3,,,1,45,,64648,3,,,1,87,,64647,3,,,1,103,,64644,3,,,1,95,,64645,3,,,1,100,,64637,3,,,2,100,,64631,3,,,2,100,,64639,3,,,1,100,,64632,3,,,1
6600,'Samedi-0',712,,67121,3,,,1,100,,67124,3,,,1,100,,67122,3,,,1,100,,67125,3,,,1,100,,67119,3,,,1,100,,67120,3,,,1,100,,67123,3,,,1,100,,67126,3,,,1,100,,67127,3,,,1,100,,67128,3,,,1,100,,67129,3,,,1,100,,67130,3,,,1,100,,67132,3,,,1,100,,67131,3,,,1,100,,67133,3,,,1,100,,67134,3,,,1,100,,67135,3,,,1
6600,'Dimanche-11',712,,67140,3,,,1,100,,67141,3,,,1,100,,67142,3,,,1,100,,67136,3,,,1,100,,67137,3,,,1,100,,67138,3,,,1,100,,67139,3,,,1,100,,67144,3,,,1,100,,67143,3,,,1,100,,67147,3,,,1,100,,67145,3,,,1,100,,67149,3,,,1,100,,67146,3,,,1,100,,67148,3,,,1,100,,67150,3,,,1,100,,67151,3,,,1,100,,67152,3,,,1
6600,'Semaine-0',558,,64745,3,,,2,60,,64751,3,,,2,20,,64746,3,,,1,63,,64738,3,,,2,19,,64750,3,,,1,19,,64743,3,,,1,61,,64757,3,,,1,18,,64737,3,,,1,18,,64748,3,,,1,20,,64758,3,,,1,100,,64747,3,,,1,100,,64739,3,,,1,100,,64762,3,,,1,100,,64763,3,,,1,101,,64749,3,,,2,100,,64759,3,,,1,63,,64752,3,,,1,22,,64735,3,,,1,60,,64754,3,,,1,18,,64760,3,,,1,20,,64765,3,,,1,19,,64736,3,,,2,64,,64755,3,,,2,20,,64753,3,,,1,58,,64741,3,,,1,22,,64761,3,,,2,94,,64742,3,,,2,100,,64740,3,,,1,99,,64744,3,,,1,100,,64756,3,,,1,100,,64764,3,,,1
6900,'Samedi-0',844,,67300,3,,,1,100,,67299,3,,,1,100,,67301,3,,,1,100,,67303,3,,,1,100,,67302,3,,,1,100,,67304,3,,,1,100,,67305,3,,,1,100,,67306,3,,,1,100,,67307,3,,,1,100,,67308,3,,,1,100,,67309,3,,,1,100,,67310,3,,,1,100,,67311,3,,,1,100,,67312,3,,,1,100,,67313,3,,,1
6900,'Dimanche-11',844,,67318,3,,,1,100,,67319,3,,,1,100,,67320,3,,,1,100,,67314,3,,,1,100,,67316,3,,,1,100,,67317,3,,,1,100,,67315,3,,,1,100,,67323,3,,,1,100,,67324,3,,,1,100,,67321,3,,,1,100,,67322,3,,,1,100,,67325,3,,,1,100,,67326,3,,,1,100,,67327,3,,,1,100,,67328,3,,,1
6900,'Semaine-0',830,,64938,3,,,1,103,,64939,3,,,1,99,,64940,3,,,2,101,,64941,3,,,2,95,,64942,3,,,2,104,,64943,3,,,1,101,,64944,3,,,1,70,,64945,3,,,1,30,,64946,3,,,2,73,,64947,3,,,1,29,,64948,3,,,2,68,,64949,3,,,1,33,,64950,3,,,1,67,,64951,3,,,1,28,,64952,3,,,1,82,,64953,3,,,1,100,,64954,3,,,2,100,,64955,3,,,2,100,,64956,3,,,2,100,,64957,3,,,2
56900,'Semaine-0',1536,,65851,10,0,5 6,2
