3900,'Semaine-0',634,,64097,32,,,1,23,,64083,32,,,1,73,,64102,32,,,1,29,,64095,32,,,1,73,,64096,32,,,1,71,,64094,32,,,1,32,,64091,32,,,1,70,,64108,32,,,2,30,,64103,32,,,1,71,,64115,32,,,1,30,,64100,32,,,2,70,,64104,32,,,1,30,,64092,32,,,1,71,,64090,32,,,1,30,,64105,32,,,1,69,,64093,32,,,2,30,,64080,32,,,1,74,,64106,32,,,1,33,,64087,32,,,1,70,,64089,32,,,1,31,,64107,32,,,2,72,,64086,32,,,1,28,,64081,32,,,1,69,,64109,32,,,1,27,,64088,32,,,1,71,,64082,32,,,2,29,,64110,32,,,2,72,,64085,32,,,1,25,,64101,32,,,2,65,,64111,32,,,1,30,,64084,32,,,1,70,,64099,32,,,1,29,,64112,32,,,1,70,,64098,32,,,1,32,,64114,32,,,1,68,,64113,32,,,1
4900,'Semaine-0',658,,64225,48,,,1,55,,64220,35,,,1,3,,64232,35,,,1,4,,64208,35,,,1,6,,64231,35,,,1,4,,64236,48,,,1,3,,64235,35,,,1,4,,64234,35,,,1,5,,64233,35,,,1,61,,64228,48,,,1,27,,64224,35,,,1,73,,64223,48,,,1,31,,64218,48,,,1,68,,64210,48,,,1,31,,64230,48,,,1,73,,64226,48,,,1,30,,64221,48,,,1,70,,64198,48,,,1,30,,64219,48,,,1,70,,64200,48,,,1,30,,64205,48,,,1,70,,64207,48,,,1,30,,64211,48,,,1,70,,64227,48,,,1,37,,64209,48,,,1,70,,64212,48,,,1,30,,64203,48,,,1,70,,64215,48,,,1,30,,64206,48,,,1,67,,64204,48,,,1,30,,64222,48,,,1,67,,64216,48,,,1,96,,64199,48,,,1,99,,64217,48,,,1,101,,64214,48,,,1,97,,64201,48,,,1,58,,64213,48,,,1,100,,64202,48,,,1
5600,'Semaine-0',658,,64421,43,,,1,65,,64419,43,,,1,6,,64423,43,,,1,29,,64422,43,,,1,73,,64416,43,,,1,100,,64415,43,,,1,107,,64417,43,,,1,98,,64420,43,,,2,100,,64418,43,,,1
32501,'Semaine-0',827,,65570,29,0,7 8,1,3,,65571,29,0,7 8,1
32900,'Semaine-0',822,,65574,23,0,7 8,1
42500,'Semaine-0',715,,65817,29,0,9 14,1,2,,65818,29,0,9 14,2
42900,'Semaine-0',727,,65823,16,0,9 14,1,2,,65824,16,0,9 14,2
44900,'Semaine-0',727,,65836,30,0,9 14,1
55400,'Semaine-0',720,,65846,33,0,5 6,2
72900,'Semaine-0',1642,,65877,28,0,5 11,2
