2300,'Semaine-0',1601,,63476,27,,,1,29,,63474,27,,,1,74,,63472,27,,,1,25,,63473,27,,,2,24,,63475,27,,,2,68,,63471,27,,,1
2500,'Semaine-0',1543,,63482,26,,,1,70,,63485,26,,,1,32,,63483,26,,,1,73,,63487,26,,,1,24,,63484,26,,,2,65,,63486,26,,,2
2800,'Semaine-0',1614,,63513,36,,,1,42,,63514,36,,,1,90,,63515,36,,,1
4901,'Samedi-0',729,,66600,24,,,1,100,,66599,24,,,1,100,,66601,24,,,1,100,,66597,24,,,1,100,,66602,24,,,1,101,,66598,24,,,1,100,,66603,24,,,1,100,,66604,24,,,1,100,,66605,24,,,1,100,,66606,24,,,1,100,,66607,24,,,1,99,,66608,24,,,1,100,,66609,24,,,1,100,,66610,24,,,1,100,,66611,24,,,1,100,,66612,24,,,1,100,,66613,24,,,1
4901,'Dimanche-0',729,,68465,24,,,1,100,,68454,24,,,1,100,,68464,24,,,1,100,,68457,24,,,1,100,,68453,24,,,1,101,,68452,24,,,1,100,,68455,24,,,1,100,,68456,24,,,1,100,,68459,24,,,1,100,,68458,24,,,1,100,,68462,24,,,1,99,,68461,24,,,1,100,,68463,24,,,1,100,,68460,24,,,1,100,,68466,24,,,1,100,,68467,24,,,1,100,,68468,24,,,1
4901,'Dimanche-10',729,,69544,24,,,1,100,,69533,24,,,1,100,,69543,24,,,1,100,,69536,24,,,1,100,,69532,24,,,1,101,,69531,24,,,1,100,,69534,24,,,1,100,,69535,24,,,1,100,,69538,24,,,1,100,,69537,24,,,1,100,,69541,24,,,1,99,,69540,24,,,1,100,,69542,24,,,1,100,,69539,24,,,1,100,,69545,24,,,1,100,,69546,24,,,1,100,,69547,24,,,1
4901,'Dimanche-11',729,,66627,24,,,1,100,,66616,24,,,1,100,,66626,24,,,1,100,,66619,24,,,1,100,,66615,24,,,1,101,,66614,24,,,1,100,,66617,24,,,1,100,,66618,24,,,1,100,,66621,24,,,1,100,,66620,24,,,1,100,,66624,24,,,1,99,,66623,24,,,1,100,,66625,24,,,1,100,,66622,24,,,1,100,,66628,24,,,1,100,,66629,24,,,1,100,,66630,24,,,1
4901,'Semaine-0',612,,64243,24,,,1,88,,64248,24,,,1,31,,64264,24,,,1,71,,64260,24,,,1,28,,64258,24,,,1,28,,64268,24,,,1,70,,64250,24,,,1,30,,64266,24,,,1,68,,64262,24,,,1,32,,64237,24,,,1,70,,64259,24,,,1,30,,64238,24,,,1,70,,64244,24,,,1,30,,64246,24,,,1,70,,64251,24,,,1,29,,64267,24,,,1,71,,64249,24,,,1,72,,64269,24,,,1,22,,64265,24,,,1,11,,64252,24,,,1,15,,64239,24,,,1,55,,64255,24,,,1,30,,64245,24,,,1,67,,64247,24,,,1,29,,64263,24,,,1,29,,64257,24,,,1,70,,64261,24,,,1,94,,64240,24,,,1,80,,64256,24,,,1,101,,64254,24,,,1,99,,64241,24,,,1,100,,64253,24,,,1,57,,64242,24,,,1
32500,'Semaine-0',1642,,65569,34,0,7 8,1
42501,'Semaine-0',1513,,65819,20,0,9 14,1
54901,'Semaine-0',1533,,65839,17,,,1
72500,'Semaine-0',1637,,65874,24,0,5 11,1
82500,'Semaine-0',1543,,65963,18,0,9 12 13,1
