2500,'Semaine-0',1554,,63482,38,,,1,70,,63485,38,,,1,31,,63483,38,,,1,73,,63487,38,,,1,24,,63484,38,,,2,65,,63486,38,,,2
2500,'Semaine-10',1554,,71412,38,,,1,70,,71415,38,,,1,31,,71413,38,,,1,73,,71417,38,,,1,24,,71414,38,,,2,65,,71416,38,,,2
2500,'Semaine-11',1554,,73943,38,,,1,70,,73946,38,,,1,31,,73944,38,,,1,73,,73948,38,,,1,24,,73945,38,,,2,65,,73947,38,,,2
32500,'Semaine-0',1651,,65569,46,0,7 8,1
32500,'Semaine-10',1651,,73499,46,0,7 8,1
32500,'Semaine-11',1651,,76030,46,0,7 8,1
42501,'Semaine-0',1521,,65819,32,0,9 14,1
42501,'Semaine-10',1521,,73749,32,0,9 14,1
42501,'Semaine-11',1521,,76280,32,0,9 14,1
72500,'Semaine-0',1647,,65874,36,0,5 11,1
72500,'Semaine-10',1647,,73804,36,0,5 11,1
72500,'Semaine-11',1647,,76335,36,0,5 11,1
82500,'Semaine-0',1552,,65963,30,0,9 12 13,1
82500,'Semaine-10',1552,,73893,30,0,9 12 13,1
82500,'Semaine-11',1552,,76425,30,0,9 12 13,1
