3600,'Semaine-0',909,,63929,18,,,1,100,,63930,18,,,1,101,,63928,18,,,1,100,,63931,18,,,1,100,,63933,18,,,1,100,,63934,18,,,1,99,,63932,18,,,1
3600,'Semaine-10',909,,71859,18,,,1,100,,71860,18,,,1,101,,71858,18,,,1,100,,71861,18,,,1,100,,71863,18,,,1,100,,71864,18,,,1,99,,71862,18,,,1
3700,'Samedi-0',731,,66265,18,,,1,100,,66266,18,,,1,100,,66268,18,,,1,102,,66269,18,,,1,100,,66267,18,,,1,101,,66270,18,,,1,100,,66271,18,,,1,100,,66272,18,,,1,100,,66273,18,,,1,100,,66274,18,,,1,100,,66275,18,,,1,100,,66276,18,,,1,98,,66277,18,,,1,100,,66278,18,,,1,100,,66279,18,,,1,100,,66280,18,,,1,99,,66281,18,,,1,100,,66282,18,,,1
3700,'Samedi-11',731,,70444,18,,,1,100,,70445,18,,,1,100,,70447,18,,,1,102,,70448,18,,,1,100,,70446,18,,,1,101,,70449,18,,,1,100,,70450,18,,,1,100,,70451,18,,,1,100,,70452,18,,,1,100,,70453,18,,,1,100,,70454,18,,,1,100,,70455,18,,,1,98,,70456,18,,,1,100,,70457,18,,,1,100,,70458,18,,,1,100,,70459,18,,,1,99,,70460,18,,,1,100,,70461,18,,,1
3700,'Dimanche-0',731,,68288,18,,,1,100,,68291,18,,,1,100,,68293,18,,,1,102,,68289,18,,,1,100,,68286,18,,,1,101,,68290,18,,,1,100,,68287,18,,,1,100,,68292,18,,,1,100,,68294,18,,,1,100,,68296,18,,,1,100,,68295,18,,,1,100,,68299,18,,,1,98,,68298,18,,,1,100,,68297,18,,,1,100,,68300,18,,,1,100,,68301,18,,,1,99,,68302,18,,,1,100,,68303,18,,,1
3700,'Dimanche-10',731,,69367,18,,,1,100,,69370,18,,,1,100,,69372,18,,,1,102,,69368,18,,,1,100,,69365,18,,,1,101,,69369,18,,,1,100,,69366,18,,,1,100,,69371,18,,,1,100,,69373,18,,,1,100,,69375,18,,,1,100,,69374,18,,,1,100,,69378,18,,,1,98,,69377,18,,,1,100,,69376,18,,,1,100,,69379,18,,,1,100,,69380,18,,,1,99,,69381,18,,,1,100,,69382,18,,,1
3700,'Dimanche-11',731,,66285,18,,,1,100,,66288,18,,,1,100,,66290,18,,,1,102,,66286,18,,,1,100,,66283,18,,,1,101,,66287,18,,,1,100,,66284,18,,,1,100,,66289,18,,,1,100,,66291,18,,,1,100,,66293,18,,,1,100,,66292,18,,,1,100,,66296,18,,,1,98,,66295,18,,,1,100,,66294,18,,,1,100,,66297,18,,,1,100,,66298,18,,,1,99,,66299,18,,,1,100,,66300,18,,,1
3700,'Semaine-0',650,,63963,18,,,1,81,,63969,18,,,1,74,,63960,18,,,1,28,,63944,18,,,1,69,,63958,18,,,1,49,,63950,18,,,1,100,,63946,18,,,1,100,,63947,18,,,1,100,,63948,18,,,1,101,,63949,18,,,1,100,,63955,18,,,1,88,,63956,18,,,1,16,,63957,18,,,1,55,,63943,18,,,1,15,,63965,18,,,1,24,,63952,18,,,1,70,,63961,18,,,1,23,,63951,18,,,1,68,,63945,18,,,1,29,,63942,18,,,1,68,,63953,18,,,1,30,,63968,18,,,1,69,,63959,18,,,1,36,,63970,18,,,1,99,,63966,18,,,1,99,,63954,18,,,1,100,,63964,18,,,1,100,,63967,18,,,1,15,,63962,18,,,1
3700,'Semaine-10',650,,71893,18,,,1,81,,71899,18,,,1,74,,71890,18,,,1,28,,71874,18,,,1,69,,71888,18,,,1,49,,71880,18,,,1,100,,71876,18,,,1,100,,71877,18,,,1,100,,71878,18,,,1,101,,71879,18,,,1,100,,71885,18,,,1,88,,71886,18,,,1,16,,71887,18,,,1,55,,71873,18,,,1,15,,71895,18,,,1,24,,71882,18,,,1,70,,71891,18,,,1,23,,71881,18,,,1,68,,71875,18,,,1,29,,71872,18,,,1,68,,71883,18,,,1,30,,71898,18,,,1,69,,71889,18,,,1,36,,71900,18,,,1,99,,71896,18,,,1,99,,71884,18,,,1,100,,71894,18,,,1,100,,71897,18,,,1,15,,71892,18,,,1
3800,'Samedi-0',743,,66342,16,,,1,72,,66335,16,,,1,20,,66336,16,,,1,80,,66347,16,,,1,29,,66339,16,,,1,71,,66337,16,,,1,29,,66348,16,,,1,72,,66340,16,,,1,29,,66346,16,,,1,71,,66338,16,,,1,27,,66341,16,,,1,74,,66345,16,,,1,26,,66343,16,,,1,74,,66344,16,,,1,30,,66349,16,,,1,71,,66350,16,,,1,30,,66351,16,,,1,69,,66352,16,,,1,21,,66353,16,,,1,78,,66354,16,,,1,30,,66355,16,,,1,70,,66356,16,,,1,30,,66357,16,,,1,70,,66358,16,,,1,30,,66359,16,,,1,69,,66360,16,,,1,30,,66362,16,,,1,70,,66361,16,,,1,29,,66364,16,,,1,70,,66363,16,,,1,30,,66365,16,,,1,70,,66366,16,,,1,30,,66367,16,,,1
3800,'Samedi-11',743,,70486,16,,,1,72,,70479,16,,,1,20,,70480,16,,,1,80,,70491,16,,,1,29,,70483,16,,,1,71,,70481,16,,,1,29,,70492,16,,,1,72,,70484,16,,,1,29,,70490,16,,,1,71,,70482,16,,,1,27,,70485,16,,,1,74,,70489,16,,,1,26,,70487,16,,,1,74,,70488,16,,,1,30,,70493,16,,,1,71,,70494,16,,,1,30,,70495,16,,,1,69,,70496,16,,,1,21,,70497,16,,,1,78,,70498,16,,,1,30,,70499,16,,,1,70,,70500,16,,,1,30,,70501,16,,,1,70,,70502,16,,,1,30,,70503,16,,,1,69,,70504,16,,,1,30,,70506,16,,,1,70,,70505,16,,,1,29,,70508,16,,,1,70,,70507,16,,,1,30,,70509,16,,,1,70,,70510,16,,,1,30,,70511,16,,,1
3800,'Dimanche-0',743,,68324,16,,,1,72,,68329,16,,,1,20,,68332,16,,,1,80,,68330,16,,,1,29,,68323,16,,,1,71,,68345,16,,,1,29,,68322,16,,,1,72,,68325,16,,,1,29,,68346,16,,,1,71,,68344,16,,,1,27,,68326,16,,,1,74,,68336,16,,,1,26,,68333,16,,,1,74,,68327,16,,,1,30,,68331,16,,,1,71,,68338,16,,,1,30,,68321,16,,,1,69,,68328,16,,,1,21,,68335,16,,,1,78,,68340,16,,,1,30,,68334,16,,,1,70,,68342,16,,,1,30,,68339,16,,,1,70,,68343,16,,,1,30,,68341,16,,,1,69,,68337,16,,,1,30,,68347,16,,,1,70,,68348,16,,,1,29,,68349,16,,,1,70,,68350,16,,,1,30,,68351,16,,,1,70,,68352,16,,,1,30,,68353,16,,,1
3800,'Dimanche-10',743,,69403,16,,,1,72,,69408,16,,,1,20,,69411,16,,,1,80,,69409,16,,,1,29,,69402,16,,,1,71,,69424,16,,,1,29,,69401,16,,,1,72,,69404,16,,,1,29,,69425,16,,,1,71,,69423,16,,,1,27,,69405,16,,,1,74,,69415,16,,,1,26,,69412,16,,,1,74,,69406,16,,,1,30,,69410,16,,,1,71,,69417,16,,,1,30,,69400,16,,,1,69,,69407,16,,,1,21,,69414,16,,,1,78,,69419,16,,,1,30,,69413,16,,,1,70,,69421,16,,,1,30,,69418,16,,,1,70,,69422,16,,,1,30,,69420,16,,,1,69,,69416,16,,,1,30,,69426,16,,,1,70,,69427,16,,,1,29,,69428,16,,,1,70,,69429,16,,,1,30,,69430,16,,,1,70,,69431,16,,,1,30,,69432,16,,,1
3800,'Dimanche-11',743,,66371,16,,,1,72,,66376,16,,,1,20,,66379,16,,,1,80,,66377,16,,,1,29,,66370,16,,,1,71,,66392,16,,,1,29,,66369,16,,,1,72,,66372,16,,,1,29,,66393,16,,,1,71,,66391,16,,,1,27,,66373,16,,,1,74,,66383,16,,,1,26,,66380,16,,,1,74,,66374,16,,,1,30,,66378,16,,,1,71,,66385,16,,,1,30,,66368,16,,,1,69,,66375,16,,,1,21,,66382,16,,,1,78,,66387,16,,,1,30,,66381,16,,,1,70,,66389,16,,,1,30,,66386,16,,,1,70,,66390,16,,,1,30,,66388,16,,,1,69,,66384,16,,,1,30,,66394,16,,,1,70,,66395,16,,,1,29,,66396,16,,,1,70,,66397,16,,,1,30,,66398,16,,,1,70,,66399,16,,,1,30,,66400,16,,,1
3800,'Semaine-0',657,,64012,16,,,1,59,,64028,16,,,1,32,,64023,16,,,1,70,,64036,16,,,1,30,,64033,16,,,1,70,,64009,16,,,1,20,,64005,16,,,1,20,,64016,16,,,1,60,,64001,16,,,1,20,,64025,16,,,1,20,,64010,16,,,1,61,,64006,16,,,1,20,,64017,16,,,1,20,,64002,16,,,1,60,,64024,16,,,1,20,,64035,16,,,1,20,,64007,16,,,1,60,,64018,16,,,1,20,,64026,16,,,1,20,,64037,16,,,1,60,,64011,16,,,1,21,,64008,16,,,1,61,,64019,16,,,1,30,,64032,16,,,1,72,,63997,16,,,1,30,,64021,16,,,1,74,,64030,16,,,1,24,,64020,16,,,1,27,,64034,16,,,1,69,,64000,16,,,1,29,,64031,16,,,1,69,,64014,16,,,1,31,,64022,16,,,1,71,,64027,16,,,1,28,,64029,16,,,1,70,,64013,16,,,1,30,,63999,16,,,1,70,,64015,16,,,1,30,,64003,16,,,1,70,,63998,16,,,1,30,,63996,16,,,1,68,,64004,16,,,1
3800,'Semaine-10',657,,71942,16,,,1,59,,71958,16,,,1,32,,71953,16,,,1,70,,71966,16,,,1,30,,71963,16,,,1,70,,71939,16,,,1,20,,71935,16,,,1,20,,71946,16,,,1,60,,71931,16,,,1,20,,71955,16,,,1,20,,71940,16,,,1,61,,71936,16,,,1,20,,71947,16,,,1,20,,71932,16,,,1,60,,71954,16,,,1,20,,71965,16,,,1,20,,71937,16,,,1,60,,71948,16,,,1,20,,71956,16,,,1,20,,71967,16,,,1,60,,71941,16,,,1,21,,71938,16,,,1,61,,71949,16,,,1,30,,71962,16,,,1,72,,71927,16,,,1,30,,71951,16,,,1,74,,71960,16,,,1,24,,71950,16,,,1,27,,71964,16,,,1,69,,71930,16,,,1,29,,71961,16,,,1,69,,71944,16,,,1,31,,71952,16,,,1,71,,71957,16,,,1,28,,71959,16,,,1,70,,71943,16,,,1,30,,71929,16,,,1,70,,71945,16,,,1,30,,71933,16,,,1,70,,71928,16,,,1,30,,71926,16,,,1,68,,71934,16,,,1
37100,'Samedi-0',801,,67718,18,,,1,101,,67722,18,,,1,100,,67717,18,,,1,101,,67723,18,,,1,100,,67719,18,,,1,100,,67720,18,,,1,100,,67721,18,,,1,101,,67724,18,,,1,100,,67725,18,,,1,100,,67726,18,,,1,99,,67727,18,,,1,99,,67728,18,,,1,100,,67729,18,,,1,99,,67730,18,,,1,100,,67731,18,,,1,100,,67732,18,,,1,100,,67733,18,,,1
37100,'Samedi-11',801,,71171,18,,,1,101,,71175,18,,,1,100,,71170,18,,,1,101,,71176,18,,,1,100,,71172,18,,,1,100,,71173,18,,,1,100,,71174,18,,,1,101,,71177,18,,,1,100,,71178,18,,,1,100,,71179,18,,,1,99,,71180,18,,,1,99,,71181,18,,,1,100,,71182,18,,,1,99,,71183,18,,,1,100,,71184,18,,,1,100,,71185,18,,,1,100,,71186,18,,,1
37100,'Dimanche-0',801,,69012,18,,,1,101,,69014,18,,,1,100,,69016,18,,,1,101,,69017,18,,,1,100,,69024,18,,,1,100,,69013,18,,,1,100,,69018,18,,,1,101,,69015,18,,,1,100,,69020,18,,,1,100,,69022,18,,,1,99,,69023,18,,,1,99,,69021,18,,,1,100,,69019,18,,,1,99,,69025,18,,,1,100,,69026,18,,,1,100,,69027,18,,,1,100,,69028,18,,,1
37100,'Dimanche-10',801,,70091,18,,,1,101,,70093,18,,,1,100,,70095,18,,,1,101,,70096,18,,,1,100,,70103,18,,,1,100,,70092,18,,,1,100,,70097,18,,,1,101,,70094,18,,,1,100,,70099,18,,,1,100,,70101,18,,,1,99,,70102,18,,,1,99,,70100,18,,,1,100,,70098,18,,,1,99,,70104,18,,,1,100,,70105,18,,,1,100,,70106,18,,,1,100,,70107,18,,,1
37100,'Dimanche-11',801,,67734,18,,,1,101,,67736,18,,,1,100,,67738,18,,,1,101,,67739,18,,,1,100,,67746,18,,,1,100,,67735,18,,,1,100,,67740,18,,,1,101,,67737,18,,,1,100,,67742,18,,,1,100,,67744,18,,,1,99,,67745,18,,,1,99,,67743,18,,,1,100,,67741,18,,,1,99,,67747,18,,,1,100,,67748,18,,,1,100,,67749,18,,,1,100,,67750,18,,,1
37100,'Semaine-0',709,,65591,18,,,1,33,,65588,18,,,1,70,,65584,18,,,1,29,,65579,18,,,1,90,,65598,18,,,1,98,,65583,18,,,1,102,,65585,18,,,1,100,,65597,18,,,1,100,,65592,18,,,1,102,,65581,18,,,1,92,,65593,18,,,1,19,,65602,18,,,1,56,,65582,18,,,1,15,,65603,18,,,1,25,,65578,18,,,1,60,,65587,18,,,1,28,,65594,18,,,1,25,,65600,18,,,1,68,,65599,18,,,1,30,,65589,18,,,1,68,,65601,18,,,1,30,,65604,18,,,1,70,,65590,18,,,1,95,,65586,18,,,1,100,,65596,18,,,1,100,,65595,18,,,1,98,,65580,18,,,1
37100,'Semaine-10',709,,73521,18,,,1,33,,73518,18,,,1,70,,73514,18,,,1,29,,73509,18,,,1,90,,73528,18,,,1,98,,73513,18,,,1,102,,73515,18,,,1,100,,73527,18,,,1,100,,73522,18,,,1,102,,73511,18,,,1,92,,73523,18,,,1,19,,73532,18,,,1,56,,73512,18,,,1,15,,73533,18,,,1,25,,73508,18,,,1,60,,73517,18,,,1,28,,73524,18,,,1,25,,73530,18,,,1,68,,73529,18,,,1,30,,73519,18,,,1,68,,73531,18,,,1,30,,73534,18,,,1,70,,73520,18,,,1,95,,73516,18,,,1,100,,73526,18,,,1,100,,73525,18,,,1,98,,73510,18,,,1
43700,'Semaine-0',728,,65832,14,0,9 14,1,2,,65833,10,0,9 14,2
43700,'Semaine-10',728,,73762,14,0,9 14,1,2,,73763,10,0,9 14,2
