2601,'Semaine-0',547,,63500,3,,,1,71,,63502,3,,,2,30,,63503,3,,,2,70,,63501,3,,,1,30,,63499,3,,,2
2601,'Semaine-10',547,,71430,3,,,1,71,,71432,3,,,2,30,,71433,3,,,2,70,,71431,3,,,1,30,,71429,3,,,2
32601,'Semaine-0',816,,65573,19,0,7 8,1
32601,'Semaine-10',816,,73503,19,0,7 8,1
42600,'Semaine-0',720,,65820,3,0,9 14,1,1,,65821,3,0,9 14,1
42600,'Semaine-10',720,,73750,3,0,9 14,1,1,,73751,3,0,9 14,1
72901,'Semaine-0',803,,65878,3,0,5 11,2
72901,'Semaine-10',803,,73808,3,0,5 11,2
82601,'Semaine-0',740,,65968,19,0,9 12 13,1,1,,65969,19,0,9 12 13,1
82601,'Semaine-10',740,,73898,19,0,9 12 13,1,1,,73899,19,0,9 12 13,1
