3600,'Semaine-0',929,,63929,45,,,1,102,,63930,45,,,1,101,,63928,45,,,1,100,,63931,45,,,1,100,,63933,45,,,1,100,,63934,45,,,1,100,,63932,45,,,1
3700,'Samedi-0',746,,66265,37,,,1,100,,66266,37,,,1,100,,66268,37,,,1,103,,66269,37,,,1,100,,66267,37,,,1,102,,66270,37,,,1,100,,66271,37,,,1,100,,66272,37,,,1,100,,66273,37,,,1,100,,66274,37,,,1,100,,66275,37,,,1,100,,66276,37,,,1,97,,66277,37,,,1,100,,66278,37,,,1,100,,66279,37,,,1,100,,66280,37,,,1,97,,66281,37,,,1,100,,66282,37,,,1
3700,'Dimanche-11',746,,66285,37,,,1,100,,66288,37,,,1,100,,66290,37,,,1,103,,66286,37,,,1,100,,66283,37,,,1,102,,66287,37,,,1,100,,66284,37,,,1,100,,66289,37,,,1,100,,66291,37,,,1,100,,66293,37,,,1,100,,66292,37,,,1,100,,66296,37,,,1,97,,66295,37,,,1,100,,66294,37,,,1,100,,66297,37,,,1,100,,66298,37,,,1,97,,66299,37,,,1,100,,66300,37,,,1
3700,'Semaine-0',707,,63963,37,,,1,42,,63969,37,,,1,72,,63960,37,,,1,27,,63944,37,,,1,69,,63958,37,,,1,89,,63950,37,,,1,100,,63946,37,,,1,101,,63947,37,,,1,100,,63948,37,,,1,103,,63949,37,,,1,100,,63955,37,,,1,49,,63956,37,,,1,56,,63957,37,,,1,15,,63943,37,,,1,15,,63965,37,,,1,63,,63952,37,,,1,30,,63961,37,,,1,63,,63951,37,,,1,28,,63945,37,,,1,29,,63942,37,,,1,66,,63953,37,,,1,30,,63968,37,,,1,69,,63959,37,,,1,36,,63970,37,,,1,99,,63966,37,,,1,98,,63954,37,,,1,100,,63964,37,,,1,99,,63967,37,,,1,55,,63962,37,,,1
6400,'Samedi-0',757,,67005,38,,,1,100,,67007,38,,,1,100,,67010,38,,,1,100,,67008,38,,,1,100,,67011,38,,,1,100,,67006,38,,,1,100,,67009,38,,,1,100,,67012,38,,,1,99,,67013,38,,,1,100,,67014,38,,,1,100,,67015,38,,,1,100,,67016,38,,,1
6400,'Dimanche-11',757,,67018,38,,,1,100,,67019,38,,,1,100,,67024,38,,,1,100,,67022,38,,,1,100,,67017,38,,,1,100,,67020,38,,,1,100,,67021,38,,,1,100,,67025,38,,,1,99,,67023,38,,,1,100,,67027,38,,,1,100,,67028,38,,,1,100,,67026,38,,,1
6400,'Semaine-0',711,,64638,38,,,1,34,,64635,38,,,1,70,,64630,38,,,1,30,,64634,38,,,1,100,,64636,38,,,1,100,,64641,38,,,1,100,,64640,38,,,1,100,,64633,38,,,1,100,,64646,38,,,1,100,,64642,38,,,1,95,,64643,38,,,1,85,,64648,38,,,1,87,,64647,38,,,1,99,,64644,38,,,1,95,,64645,38,,,1,100,,64637,38,,,2,99,,64631,38,,,2,100,,64639,38,,,1,100,,64632,38,,,1
6801,'Semaine-0',628,,64923,15,,,1,20,,64936,15,,,1,58,,64907,15,,,1,19,,64920,15,,,1,6,,64934,15,,,1,7,,64914,15,,,1,6,,64919,15,,,1,62,,64925,15,,,1,18,,64937,15,,,1,20,,64913,15,,,1,60,,64932,15,,,1,19,,64930,15,,,1,20,,64935,15,,,1,68,,64908,15,,,1,30,,64928,15,,,1,70,,64909,15,,,1,30,,64911,15,,,1,70,,64931,15,,,1,30,,64915,15,,,1,70,,64933,15,,,1,32,,64927,15,,,1,70,,64916,15,,,1,30,,64926,15,,,1,69,,64917,15,,,1,34,,64912,15,,,1,71,,64910,15,,,1,26,,64924,15,,,1,70,,64918,15,,,1,28,,64929,15,,,1,70,,64922,15,,,1,30,,64921,15,,,1
37100,'Samedi-0',817,,67718,38,,,1,101,,67722,38,,,1,100,,67717,38,,,1,102,,67723,38,,,1,100,,67719,38,,,1,100,,67720,38,,,1,100,,67721,38,,,1,103,,67724,38,,,1,100,,67725,38,,,1,100,,67726,38,,,1,99,,67727,38,,,1,98,,67728,38,,,1,100,,67729,38,,,1,98,,67730,38,,,1,100,,67731,38,,,1,99,,67732,38,,,1,98,,67733,38,,,1
37100,'Dimanche-11',817,,67734,38,,,1,101,,67736,38,,,1,100,,67738,38,,,1,102,,67739,38,,,1,100,,67746,38,,,1,100,,67735,38,,,1,100,,67740,38,,,1,103,,67737,38,,,1,100,,67742,38,,,1,100,,67744,38,,,1,99,,67745,38,,,1,98,,67743,38,,,1,100,,67741,38,,,1,98,,67747,38,,,1,100,,67748,38,,,1,99,,67749,38,,,1,98,,67750,38,,,1
37100,'Semaine-0',727,,65591,38,,,1,73,,65588,38,,,1,30,,65584,38,,,1,28,,65579,38,,,1,90,,65598,38,,,1,98,,65583,38,,,1,102,,65585,38,,,1,100,,65597,38,,,1,100,,65592,38,,,1,103,,65581,38,,,1,95,,65593,38,,,1,59,,65602,38,,,1,16,,65582,38,,,1,15,,65603,38,,,1,65,,65578,38,,,1,20,,65587,38,,,1,26,,65594,38,,,1,65,,65600,38,,,1,27,,65599,38,,,1,70,,65589,38,,,1,27,,65601,38,,,1,70,,65604,38,,,1,30,,65590,38,,,1,95,,65586,38,,,1,100,,65596,38,,,1,100,,65595,38,,,1,97,,65580,38,,,1
43700,'Semaine-0',745,,65832,33,0,9 14,1,2,,65833,29,0,9 14,2
