4100,'Semaine-0',1551,,64164,37,,,1,71,,64166,37,,,1,35,,64165,37,,,2,64,,64163,37,,,1,29,,64167,37,,,1
4700,'Semaine-0',1559,,64189,46,,,1,142,,64190,46,,,1,56,,64191,46,,,2
4901,'Semaine-0',634,,64243,45,,,1,89,,64248,45,,,1,31,,64264,45,,,1,73,,64260,45,,,1,30,,64258,45,,,1,66,,64268,45,,,1,28,,64250,45,,,1,69,,64266,45,,,1,29,,64262,45,,,1,72,,64237,45,,,1,30,,64259,45,,,1,70,,64238,45,,,1,30,,64244,45,,,1,70,,64246,45,,,1,30,,64251,45,,,1,69,,64267,45,,,1,32,,64249,45,,,1,71,,64269,45,,,1,25,,64265,45,,,1,52,,64252,45,,,1,15,,64239,45,,,1,15,,64255,45,,,1,70,,64245,45,,,1,26,,64247,45,,,1,29,,64263,45,,,1,66,,64257,45,,,1,30,,64261,45,,,1,94,,64240,45,,,1,80,,64256,45,,,1,101,,64254,45,,,1,95,,64241,45,,,1,100,,64253,45,,,1,96,,64242,45,,,1
5201,'Semaine-0',621,,64312,30,,,1,100,,64314,30,,,1,103,,64313,30,,,1,97,,64297,30,,,1,101,,64303,30,,,1,99,,64300,30,,,1,100,,64307,30,,,1,100,,64298,30,,,1,100,,64302,30,,,1,102,,64301,30,,,1,100,,64311,30,,,1,100,,64310,30,,,1,98,,64304,30,,,1,98,,64305,30,,,1,100,,64309,30,,,1,100,,64306,30,,,1,100,,64308,30,,,1,100,,64299,30,,,2
5500,'Semaine-0',653,,64323,38,,,1,104,,64339,38,,,1,69,,64322,38,,,1,96,,64358,38,,,1,28,,64359,38,,,1,70,,64328,38,,,1,30,,64338,38,,,1,69,,64342,38,,,1,33,,64364,38,,,1,70,,64324,38,,,1,30,,64363,38,,,1,69,,64341,38,,,1,30,,64356,38,,,1,70,,64350,38,,,1,25,,64357,38,,,1,56,,64343,38,,,1,14,,64321,38,,,1,17,,64362,38,,,1,17,,64332,38,,,1,55,,64365,38,,,1,13,,64353,38,,,1,10,,64325,38,,,1,13,,64336,38,,,1,18,,64368,38,,,1,49,,64361,38,,,1,11,,64327,38,,,1,11,,64344,38,,,1,10,,64337,38,,,1,11,,64366,38,,,1,52,,64351,38,,,1,7,,64331,38,,,1,12,,64326,38,,,1,10,,64367,38,,,1,11,,64335,38,,,1,11,,64330,38,,,1,50,,64340,38,,,1,30,,64355,38,,,1,69,,64360,38,,,1,30,,64347,38,,,1,70,,64333,38,,,1,30,,64354,38,,,1,68,,64345,38,,,1,28,,64348,38,,,1,29,,64334,38,,,1,70,,64349,38,,,1,29,,64346,38,,,1,69,,64329,38,,,1,30,,64352,38,,,1
5800,'Semaine-0',837,,64435,25,,,1,398,,64436,25,,,1,301,,64438,25,,,1,71,,64433,25,,,1,31,,64434,25,,,1,69,,64437,25,,,1,29,,64432,25,,,2,69,,64431,25,,,1
5900,'Semaine-0',620,,64453,38,,,1,98,,64488,38,,,1,88,,64493,38,,,1,48,,64469,38,,,1,82,,64465,38,,,1,68,,64486,38,,,1,30,,64462,38,,,1,70,,64485,38,,,1,30,,64476,38,,,1,70,,64470,38,,,1,33,,64478,38,,,1,70,,64461,38,,,1,30,,64489,38,,,1,70,,64452,38,,,1,31,,64483,38,,,1,14,,64454,38,,,1,58,,64487,38,,,1,31,,64447,38,,,1,14,,64491,38,,,1,55,,64446,38,,,1,8,,64481,38,,,1,17,,64477,38,,,1,7,,64490,33,,,1,6,,64464,38,,,1,53,,64448,38,,,1,6,,64492,33,,,1,6,,64449,38,,,1,12,,64457,38,,,1,9,,64484,38,,,1,12,,64473,38,,,1,11,,64460,38,,,1,49,,64482,38,,,1,10,,64468,38,,,1,12,,64480,38,,,1,9,,64450,38,,,1,11,,64455,38,,,1,71,,64475,38,,,1,29,,64466,38,,,1,70,,64471,38,,,1,30,,64459,38,,,1,70,,64467,38,,,1,30,,64472,38,,,1,67,,64479,38,,,1,30,,64456,38,,,1,70,,64474,38,,,1,28,,64463,38,,,1,70,,64451,38,,,1,28,,64458,38,,,1
54901,'Semaine-0',1555,,65839,38,,,1
64700,'Semaine-0',724,,65868,23,0,9 10,1
65500,'Semaine-0',735,,65872,31,0,9 10,1
80001,'Semaine-0',638,,65948,40,,,1,68,,65941,40,,,1,35,,65949,40,,,1,69,,65933,40,,,1,32,,65931,40,,,1,67,,65938,40,,,1,27,,65944,40,,,1,70,,65956,40,,,1,30,,65947,40,,,2,70,,65939,40,,,1,30,,65953,40,,,1,70,,65927,40,,,1,30,,65961,40,,,1,70,,65959,40,,,1,34,,65929,40,,,1,70,,65952,40,,,1,30,,65943,40,,,1,70,,65950,40,,,1,35,,65960,40,,,1,69,,65945,40,,,1,17,,65955,40,,,1,22,,65957,40,,,1,64,,65954,40,,,1,27,,65946,40,,,1,70,,65936,40,,,1,25,,65934,40,,,1,67,,65928,40,,,1,29,,65958,40,,,1,72,,65940,40,,,1,27,,65937,40,,,1,70,,65942,40,,,1,29,,65930,40,,,1,70,,65951,40,,,1,32,,65932,40,,,1,70,,65935,40,,,1
