6400,'Samedi-0',756,,67005,36,,,1,100,,67007,36,,,1,100,,67010,36,,,1,100,,67008,36,,,1,100,,67011,36,,,1,100,,67006,36,,,1,100,,67009,36,,,1,100,,67012,36,,,1,99,,67013,36,,,1,100,,67014,36,,,1,100,,67015,36,,,1,100,,67016,36,,,1
6400,'Samedi-10',756,,76959,36,,,1,100,,76961,36,,,1,100,,76964,36,,,1,100,,76962,36,,,1,100,,76965,36,,,1,100,,76960,36,,,1,100,,76963,36,,,1,100,,76966,36,,,1,99,,76967,36,,,1,100,,76968,36,,,1,100,,76969,36,,,1,100,,76970,36,,,1
6400,'Samedi-11',756,,70814,36,,,1,100,,70816,36,,,1,100,,70819,36,,,1,100,,70817,36,,,1,100,,70820,36,,,1,100,,70815,36,,,1,100,,70818,36,,,1,100,,70821,36,,,1,99,,70822,36,,,1,100,,70823,36,,,1,100,,70824,36,,,1,100,,70825,36,,,1
6400,'Dimanche-0',756,,68657,36,,,1,100,,68658,36,,,1,100,,68663,36,,,1,100,,68661,36,,,1,100,,68656,36,,,1,100,,68659,36,,,1,100,,68660,36,,,1,100,,68664,36,,,1,99,,68662,36,,,1,100,,68666,36,,,1,100,,68667,36,,,1,100,,68665,36,,,1
6400,'Dimanche-10',756,,69736,36,,,1,100,,69737,36,,,1,100,,69742,36,,,1,100,,69740,36,,,1,100,,69735,36,,,1,100,,69738,36,,,1,100,,69739,36,,,1,100,,69743,36,,,1,99,,69741,36,,,1,100,,69745,36,,,1,100,,69746,36,,,1,100,,69744,36,,,1
6400,'Dimanche-11',756,,67018,36,,,1,100,,67019,36,,,1,100,,67024,36,,,1,100,,67022,36,,,1,100,,67017,36,,,1,100,,67020,36,,,1,100,,67021,36,,,1,100,,67025,36,,,1,99,,67023,36,,,1,100,,67027,36,,,1,100,,67028,36,,,1,100,,67026,36,,,1
6400,'Semaine-0',709,,64638,36,,,1,34,,64635,36,,,1,70,,64630,36,,,1,30,,64634,36,,,1,100,,64636,36,,,1,100,,64641,36,,,1,100,,64640,36,,,1,100,,64633,36,,,1,100,,64646,36,,,1,100,,64642,36,,,1,95,,64643,36,,,1,85,,64648,36,,,1,87,,64647,36,,,1,100,,64644,36,,,1,95,,64645,36,,,1,100,,64637,36,,,2,99,,64631,36,,,2,100,,64639,36,,,1,100,,64632,36,,,1
6400,'Semaine-10',709,,72568,36,,,1,34,,72565,36,,,1,70,,72560,36,,,1,30,,72564,36,,,1,100,,72566,36,,,1,100,,72571,36,,,1,100,,72570,36,,,1,100,,72563,36,,,1,100,,72576,36,,,1,100,,72572,36,,,1,95,,72573,36,,,1,85,,72578,36,,,1,87,,72577,36,,,1,100,,72574,36,,,1,95,,72575,36,,,1,100,,72567,36,,,2,99,,72561,36,,,2,100,,72569,36,,,1,100,,72562,36,,,1
6400,'Semaine-11',709,,75099,36,,,1,34,,75096,36,,,1,70,,75091,36,,,1,30,,75095,36,,,1,100,,75097,36,,,1,100,,75102,36,,,1,100,,75101,36,,,1,100,,75094,36,,,1,100,,75107,36,,,1,100,,75103,36,,,1,95,,75104,36,,,1,85,,75109,36,,,1,87,,75108,36,,,1,100,,75105,36,,,1,95,,75106,36,,,1,100,,75098,36,,,2,99,,75092,36,,,2,100,,75100,36,,,1,100,,75093,36,,,1
6801,'Semaine-0',627,,64923,13,,,1,20,,64936,13,,,1,58,,64907,13,,,1,19,,64920,13,,,1,6,,64934,13,,,1,6,,64914,13,,,1,6,,64919,13,,,1,62,,64925,13,,,1,18,,64937,13,,,1,20,,64913,13,,,1,60,,64932,13,,,1,19,,64930,13,,,1,20,,64935,13,,,1,68,,64908,13,,,1,31,,64928,13,,,1,70,,64909,13,,,1,30,,64911,13,,,1,70,,64931,13,,,1,30,,64915,13,,,1,70,,64933,13,,,1,32,,64927,13,,,1,70,,64916,13,,,1,30,,64926,13,,,1,69,,64917,13,,,1,34,,64912,13,,,1,71,,64910,13,,,1,26,,64924,13,,,1,70,,64918,13,,,1,28,,64929,13,,,1,70,,64922,13,,,1,30,,64921,13,,,1
6801,'Semaine-10',627,,72853,13,,,1,20,,72866,13,,,1,58,,72837,13,,,1,19,,72850,13,,,1,6,,72864,13,,,1,6,,72844,13,,,1,6,,72849,13,,,1,62,,72855,13,,,1,18,,72867,13,,,1,20,,72843,13,,,1,60,,72862,13,,,1,19,,72860,13,,,1,20,,72865,13,,,1,68,,72838,13,,,1,31,,72858,13,,,1,70,,72839,13,,,1,30,,72841,13,,,1,70,,72861,13,,,1,30,,72845,13,,,1,70,,72863,13,,,1,32,,72857,13,,,1,70,,72846,13,,,1,30,,72856,13,,,1,69,,72847,13,,,1,34,,72842,13,,,1,71,,72840,13,,,1,26,,72854,13,,,1,70,,72848,13,,,1,28,,72859,13,,,1,70,,72852,13,,,1,30,,72851,13,,,1
6801,'Semaine-11',627,,75384,13,,,1,20,,75397,13,,,1,58,,75368,13,,,1,19,,75381,13,,,1,6,,75395,13,,,1,6,,75375,13,,,1,6,,75380,13,,,1,62,,75386,13,,,1,18,,75398,13,,,1,20,,75374,13,,,1,60,,75393,13,,,1,19,,75391,13,,,1,20,,75396,13,,,1,68,,75369,13,,,1,31,,75389,13,,,1,70,,75370,13,,,1,30,,75372,13,,,1,70,,75392,13,,,1,30,,75376,13,,,1,70,,75394,13,,,1,32,,75388,13,,,1,70,,75377,13,,,1,30,,75387,13,,,1,69,,75378,13,,,1,34,,75373,13,,,1,71,,75371,13,,,1,26,,75385,13,,,1,70,,75379,13,,,1,28,,75390,13,,,1,70,,75383,13,,,1,30,,75382,13,,,1
