6500,'Samedi-0',654,,67052,11,,,1,100,,67055,11,,,1,100,,67051,11,,,1,100,,67054,11,,,1,100,,67058,11,,,1,100,,67053,11,,,1,100,,67056,11,,,1,100,,67057,11,,,1,100,,67059,11,,,1,100,,67060,11,,,1,100,,67061,11,,,1,100,,67062,11,,,1,100,,67063,11,,,1,100,,67064,11,,,1,100,,67065,11,,,1,100,,67066,11,,,1,100,,67067,11,,,1
6500,'Samedi-11',654,,70838,11,,,1,100,,70841,11,,,1,100,,70837,11,,,1,100,,70840,11,,,1,100,,70844,11,,,1,100,,70839,11,,,1,100,,70842,11,,,1,100,,70843,11,,,1,100,,70845,11,,,1,100,,70846,11,,,1,100,,70847,11,,,1,100,,70848,11,,,1,100,,70849,11,,,1,100,,70850,11,,,1,100,,70851,11,,,1,100,,70852,11,,,1,100,,70853,11,,,1
6500,'Dimanche-0',654,,68682,11,,,1,100,,68685,11,,,1,100,,68680,11,,,1,100,,68681,11,,,1,100,,68688,11,,,1,100,,68686,11,,,1,100,,68679,11,,,1,100,,68683,11,,,1,100,,68684,11,,,1,100,,68689,11,,,1,100,,68687,11,,,1,100,,68691,11,,,1,100,,68692,11,,,1,100,,68690,11,,,1,100,,68693,11,,,1,100,,68694,11,,,1,100,,68695,11,,,1
6500,'Dimanche-10',654,,69761,11,,,1,100,,69764,11,,,1,100,,69759,11,,,1,100,,69760,11,,,1,100,,69767,11,,,1,100,,69765,11,,,1,100,,69758,11,,,1,100,,69762,11,,,1,100,,69763,11,,,1,100,,69768,11,,,1,100,,69766,11,,,1,100,,69770,11,,,1,100,,69771,11,,,1,100,,69769,11,,,1,100,,69772,11,,,1,100,,69773,11,,,1,100,,69774,11,,,1
6500,'Dimanche-11',654,,67071,11,,,1,100,,67074,11,,,1,100,,67069,11,,,1,100,,67070,11,,,1,100,,67077,11,,,1,100,,67075,11,,,1,100,,67068,11,,,1,100,,67072,11,,,1,100,,67073,11,,,1,100,,67078,11,,,1,100,,67076,11,,,1,100,,67080,11,,,1,100,,67081,11,,,1,100,,67079,11,,,1,100,,67082,11,,,1,100,,67083,11,,,1,100,,67084,11,,,1
6500,'Semaine-0',520,,64681,11,,,1,30,,64677,11,,,1,70,,64668,11,,,1,20,,64694,11,,,1,60,,64667,11,,,1,18,,64671,11,,,1,23,,64693,11,,,1,62,,64699,11,,,1,17,,64676,11,,,2,21,,64675,11,,,2,59,,64669,11,,,1,20,,64672,11,,,1,30,,64674,11,,,1,100,,64670,11,,,1,100,,64673,11,,,1,100,,64701,11,,,1,100,,64686,11,,,1,100,,64700,11,,,1,68,,64687,11,,,1,19,,64685,11,,,1,64,,64684,11,,,1,19,,64691,11,,,2,18,,64689,11,,,1,62,,64683,11,,,1,20,,64688,11,,,2,19,,64682,11,,,2,61,,64679,11,,,1,18,,64697,11,,,2,20,,64678,11,,,2,70,,64698,11,,,2,30,,64696,11,,,1,100,,64690,11,,,1,100,,64680,11,,,1,100,,64692,11,,,1,100,,64695,11,,,1
6500,'Semaine-10',520,,72611,11,,,1,30,,72607,11,,,1,70,,72598,11,,,1,20,,72624,11,,,1,60,,72597,11,,,1,18,,72601,11,,,1,23,,72623,11,,,1,62,,72629,11,,,1,17,,72606,11,,,2,21,,72605,11,,,2,59,,72599,11,,,1,20,,72602,11,,,1,30,,72604,11,,,1,100,,72600,11,,,1,100,,72603,11,,,1,100,,72631,11,,,1,100,,72616,11,,,1,100,,72630,11,,,1,68,,72617,11,,,1,19,,72615,11,,,1,64,,72614,11,,,1,19,,72621,11,,,2,18,,72619,11,,,1,62,,72613,11,,,1,20,,72618,11,,,2,19,,72612,11,,,2,61,,72609,11,,,1,18,,72627,11,,,2,20,,72608,11,,,2,70,,72628,11,,,2,30,,72626,11,,,1,100,,72620,11,,,1,100,,72610,11,,,1,100,,72622,11,,,1,100,,72625,11,,,1
8500,'Semaine-0',1547,,65367,31,,,1,54,,65362,31,,,2,15,,65359,31,,,1,17,,65368,31,,,2,14,,65358,31,,,1,53,,65361,31,,,1,16,,65366,31,,,1,14,,65364,31,,,1,18,,65363,31,,,2,61,,65360,31,,,1,17,,65365,31,,,2
8500,'Semaine-10',1547,,73297,31,,,1,54,,73292,31,,,2,15,,73289,31,,,1,17,,73298,31,,,2,14,,73288,31,,,1,53,,73291,31,,,1,16,,73296,31,,,1,14,,73294,31,,,1,18,,73293,31,,,2,61,,73290,31,,,1,17,,73295,31,,,2
57100,'Semaine-0',1546,,65853,34,0,5 6,1
57100,'Semaine-10',1546,,73783,34,0,5 6,1
