2701,'Semaine-0',632,,63511,34,,,1,85,,63512,34,,,1,91,,63509,34,,,1,26,,63510,34,,,2
2701,'Semaine-10',632,,71441,34,,,1,85,,71442,34,,,1,91,,71439,34,,,1,26,,71440,34,,,2
3301,'Samedi-0',733,,66097,36,,,1,100,,66098,36,,,1,100,,66099,36,,,1,100,,66100,36,,,1,100,,66101,36,,,1,101,,66102,36,,,1,100,,66103,36,,,1,100,,66104,36,,,1,102,,66105,36,,,1,98,,66106,36,,,1,100,,66107,36,,,1,96,,66108,36,,,1,100,,66109,36,,,1,100,,66110,36,,,1,100,,66111,36,,,1,100,,66112,36,,,1,100,,66113,36,,,1,100,,66114,36,,,1
3301,'Samedi-11',733,,70360,36,,,1,100,,70361,36,,,1,100,,70362,36,,,1,100,,70363,36,,,1,100,,70364,36,,,1,101,,70365,36,,,1,100,,70366,36,,,1,100,,70367,36,,,1,102,,70368,36,,,1,98,,70369,36,,,1,100,,70370,36,,,1,96,,70371,36,,,1,100,,70372,36,,,1,100,,70373,36,,,1,100,,70374,36,,,1,100,,70375,36,,,1,100,,70376,36,,,1,100,,70377,36,,,1
3301,'Dimanche-0',733,,68206,36,,,1,100,,68207,36,,,1,100,,68215,36,,,1,100,,68208,36,,,1,100,,68203,36,,,1,101,,68204,36,,,1,100,,68202,36,,,1,100,,68205,36,,,1,102,,68209,36,,,1,98,,68210,36,,,1,100,,68212,36,,,1,96,,68214,36,,,1,100,,68213,36,,,1,100,,68211,36,,,1,100,,68216,36,,,1,100,,68217,36,,,1,100,,68218,36,,,1,100,,68219,36,,,1
3301,'Dimanche-10',733,,69285,36,,,1,100,,69286,36,,,1,100,,69294,36,,,1,100,,69287,36,,,1,100,,69282,36,,,1,101,,69283,36,,,1,100,,69281,36,,,1,100,,69284,36,,,1,102,,69288,36,,,1,98,,69289,36,,,1,100,,69291,36,,,1,96,,69293,36,,,1,100,,69292,36,,,1,100,,69290,36,,,1,100,,69295,36,,,1,100,,69296,36,,,1,100,,69297,36,,,1,100,,69298,36,,,1
3301,'Dimanche-11',733,,66119,36,,,1,100,,66120,36,,,1,100,,66128,36,,,1,100,,66121,36,,,1,100,,66116,36,,,1,101,,66117,36,,,1,100,,66115,36,,,1,100,,66118,36,,,1,102,,66122,36,,,1,98,,66123,36,,,1,100,,66125,36,,,1,96,,66127,36,,,1,100,,66126,36,,,1,100,,66124,36,,,1,100,,66129,36,,,1,100,,66130,36,,,1,100,,66131,36,,,1,100,,66132,36,,,1
3301,'Semaine-0',619,,63781,36,,,1,20,,63789,36,,,1,18,,63766,36,,,1,55,,63786,36,,,1,21,,63782,36,,,1,10,,63777,36,,,1,11,,63797,36,,,1,53,,63795,36,,,1,15,,63784,36,,,1,12,,63772,36,,,1,10,,63788,36,,,1,14,,63762,36,,,1,70,,63774,36,,,1,30,,63780,36,,,1,70,,63770,36,,,1,30,,63791,36,,,1,70,,63775,36,,,1,30,,63767,36,,,1,70,,63769,36,,,1,16,,63787,36,,,1,15,,63796,36,,,1,66,,63778,36,,,1,29,,63768,36,,,1,70,,63773,36,,,1,33,,63776,36,,,1,62,,63798,36,,,1,19,,63779,36,,,1,18,,63783,36,,,1,63,,63764,36,,,1,20,,63794,36,,,1,61,,63771,36,,,1,27,,63761,36,,,1,29,,63758,36,,,1,72,,63792,36,,,1,30,,63765,36,,,1,70,,63760,36,,,1,100,,63763,36,,,1,74,,63785,36,,,1,100,,63790,36,,,2,100,,63759,36,,,1,100,,63793,36,,,1
3301,'Semaine-10',619,,71711,36,,,1,20,,71719,36,,,1,18,,71696,36,,,1,55,,71716,36,,,1,21,,71712,36,,,1,10,,71707,36,,,1,11,,71727,36,,,1,53,,71725,36,,,1,15,,71714,36,,,1,12,,71702,36,,,1,10,,71718,36,,,1,14,,71692,36,,,1,70,,71704,36,,,1,30,,71710,36,,,1,70,,71700,36,,,1,30,,71721,36,,,1,70,,71705,36,,,1,30,,71697,36,,,1,70,,71699,36,,,1,16,,71717,36,,,1,15,,71726,36,,,1,66,,71708,36,,,1,29,,71698,36,,,1,70,,71703,36,,,1,33,,71706,36,,,1,62,,71728,36,,,1,19,,71709,36,,,1,18,,71713,36,,,1,63,,71694,36,,,1,20,,71724,36,,,1,61,,71701,36,,,1,27,,71691,36,,,1,29,,71688,36,,,1,72,,71722,36,,,1,30,,71695,36,,,1,70,,71690,36,,,1,100,,71693,36,,,1,74,,71715,36,,,1,100,,71720,36,,,2,100,,71689,36,,,1,100,,71723,36,,,1
82500,'Semaine-0',1520,,65963,2,0,9 12 13,1
82500,'Semaine-10',1520,,73893,2,0,9 12 13,1
82900,'Semaine-0',1520,,65974,2,0,9 12 13,1
82900,'Semaine-10',1520,,73904,2,0,9 12 13,1
