6200,'Semaine-0',610,,64550,37,,,1,30,,64562,37,,,1,70,,64551,37,,,1,29,,64560,37,,,1,71,,64555,37,,,2,30,,64563,37,,,1,70,,64549,37,,,1,100,,64557,37,,,1,100,,64558,37,,,1,100,,64548,37,,,1,100,,64556,37,,,1,100,,64541,37,,,2,102,,64561,37,,,1,30,,64546,37,,,1,70,,64559,37,,,2,30,,64552,37,,,1,70,,64547,37,,,1,30,,64545,37,,,1,67,,64553,37,,,2,100,,64542,37,,,1,100,,64543,37,,,1,100,,64544,37,,,1,100,,64554,37,,,2
6200,'Semaine-10',610,,72480,37,,,1,30,,72492,37,,,1,70,,72481,37,,,1,29,,72490,37,,,1,71,,72485,37,,,2,30,,72493,37,,,1,70,,72479,37,,,1,100,,72487,37,,,1,100,,72488,37,,,1,100,,72478,37,,,1,100,,72486,37,,,1,100,,72471,37,,,2,102,,72491,37,,,1,30,,72476,37,,,1,70,,72489,37,,,2,30,,72482,37,,,1,70,,72477,37,,,1,30,,72475,37,,,1,67,,72483,37,,,2,100,,72472,37,,,1,100,,72473,37,,,1,100,,72474,37,,,1,100,,72484,37,,,2
7101,'Samedi-0',750,,67393,27,,,1,100,,67392,27,,,1,100,,67397,27,,,1,100,,67395,27,,,1,100,,67396,27,,,1,100,,67391,27,,,1,100,,67394,27,,,1,100,,67398,27,,,1,100,,67399,27,,,1,100,,67400,27,,,1,100,,67401,27,,,1,100,,67402,27,,,1,100,,67403,27,,,1,100,,67404,27,,,1,100,,67405,27,,,1,100,,67406,27,,,1
7101,'Samedi-11',750,,71009,27,,,1,100,,71008,27,,,1,100,,71013,27,,,1,100,,71011,27,,,1,100,,71012,27,,,1,100,,71007,27,,,1,100,,71010,27,,,1,100,,71014,27,,,1,100,,71015,27,,,1,100,,71016,27,,,1,100,,71017,27,,,1,100,,71018,27,,,1,100,,71019,27,,,1,100,,71020,27,,,1,100,,71021,27,,,1,100,,71022,27,,,1
7101,'Dimanche-0',750,,68852,27,,,1,100,,68851,27,,,1,100,,68850,27,,,1,100,,68849,27,,,1,100,,68853,27,,,1,100,,68854,27,,,1,100,,68858,27,,,1,100,,68855,27,,,1,100,,68856,27,,,1,100,,68857,27,,,1,100,,68861,27,,,1,100,,68860,27,,,1,100,,68859,27,,,1,100,,68862,27,,,1,100,,68863,27,,,1,100,,68864,27,,,1
7101,'Dimanche-10',750,,69931,27,,,1,100,,69930,27,,,1,100,,69929,27,,,1,100,,69928,27,,,1,100,,69932,27,,,1,100,,69933,27,,,1,100,,69937,27,,,1,100,,69934,27,,,1,100,,69935,27,,,1,100,,69936,27,,,1,100,,69940,27,,,1,100,,69939,27,,,1,100,,69938,27,,,1,100,,69941,27,,,1,100,,69942,27,,,1,100,,69943,27,,,1
7101,'Dimanche-11',750,,67410,27,,,1,100,,67409,27,,,1,100,,67408,27,,,1,100,,67407,27,,,1,100,,67411,27,,,1,100,,67412,27,,,1,100,,67416,27,,,1,100,,67413,27,,,1,100,,67414,27,,,1,100,,67415,27,,,1,100,,67419,27,,,1,100,,67418,27,,,1,100,,67417,27,,,1,100,,67420,27,,,1,100,,67421,27,,,1,100,,67422,27,,,1
7101,'Semaine-0',554,,65033,27,,,1,62,,65028,27,,,2,18,,65024,27,,,1,20,,65025,27,,,1,60,,65026,27,,,2,14,,65027,27,,,1,20,,65023,27,,,2,57,,65032,27,,,1,17,,65031,27,,,2,30,,65030,27,,,1,69,,65035,27,,,2,30,,65037,27,,,1,70,,65034,27,,,1,30,,65036,27,,,1,70,,65029,27,,,1,30,,65045,27,,,1,70,,65039,27,,,1,30,,65040,27,,,2,70,,65044,27,,,1,30,,65043,27,,,2,71,,65046,27,,,1,30,,65041,27,,,1,70,,65047,27,,,1,14,,65038,27,,,1,16,,65042,27,,,1,55,,65048,27,,,1,16,,65049,27,,,1,16,,65050,27,,,1,13,,65051,27,,,2,55,,65054,27,,,1,15,,65057,27,,,1,15,,65052,27,,,1,20,,65053,27,,,2,69,,65055,27,,,2,29,,65056,27,,,1,100,,65060,27,,,1,100,,65058,27,,,1,100,,65061,27,,,2,100,,65059,27,,,2,100,,65062,27,,,2
7101,'Semaine-10',554,,72963,27,,,1,62,,72958,27,,,2,18,,72954,27,,,1,20,,72955,27,,,1,60,,72956,27,,,2,14,,72957,27,,,1,20,,72953,27,,,2,57,,72962,27,,,1,17,,72961,27,,,2,30,,72960,27,,,1,69,,72965,27,,,2,30,,72967,27,,,1,70,,72964,27,,,1,30,,72966,27,,,1,70,,72959,27,,,1,30,,72975,27,,,1,70,,72969,27,,,1,30,,72970,27,,,2,70,,72974,27,,,1,30,,72973,27,,,2,71,,72976,27,,,1,30,,72971,27,,,1,70,,72977,27,,,1,14,,72968,27,,,1,16,,72972,27,,,1,55,,72978,27,,,1,16,,72979,27,,,1,16,,72980,27,,,1,13,,72981,27,,,2,55,,72984,27,,,1,15,,72987,27,,,1,15,,72982,27,,,1,20,,72983,27,,,2,69,,72985,27,,,2,29,,72986,27,,,1,100,,72990,27,,,1,100,,72988,27,,,1,100,,72991,27,,,2,100,,72989,27,,,2,100,,72992,27,,,2
7301,'Semaine-0',520,,65133,12,,,2,30,,65131,12,,,1,70,,65132,12,,,1,26,,65126,12,,,1,72,,65121,12,,,1,34,,65122,12,,,2,68,,65124,12,,,1,29,,65117,12,,,1,68,,65127,12,,,1,100,,65109,12,,,1,100,,65128,12,,,2,100,,65125,12,,,2,100,,65120,12,,,2,100,,65129,12,,,2,102,,65119,12,,,1,29,,65116,12,,,1,72,,65134,12,,,1,32,,65123,12,,,2,64,,65108,12,,,1,31,,65110,12,,,1,70,,65118,12,,,2,29,,65130,12,,,2,68,,65111,12,,,2,101,,65112,12,,,1,104,,65113,12,,,1,100,,65114,12,,,1,100,,65115,12,,,2
7301,'Semaine-10',520,,73063,12,,,2,30,,73061,12,,,1,70,,73062,12,,,1,26,,73056,12,,,1,72,,73051,12,,,1,34,,73052,12,,,2,68,,73054,12,,,1,29,,73047,12,,,1,68,,73057,12,,,1,100,,73039,12,,,1,100,,73058,12,,,2,100,,73055,12,,,2,100,,73050,12,,,2,100,,73059,12,,,2,102,,73049,12,,,1,29,,73046,12,,,1,72,,73064,12,,,1,32,,73053,12,,,2,64,,73038,12,,,1,31,,73040,12,,,1,70,,73048,12,,,2,29,,73060,12,,,2,68,,73041,12,,,2,101,,73042,12,,,1,104,,73043,12,,,1,100,,73044,12,,,1,100,,73045,12,,,2
