4100,'Semaine-0',1554,,64164,40,,,1,71,,64166,40,,,1,75,,64165,40,,,2,23,,64163,40,,,1,29,,64167,40,,,1
4100,'Semaine-10',1554,,72094,40,,,1,71,,72096,40,,,1,75,,72095,40,,,2,23,,72093,40,,,1,29,,72097,40,,,1
4100,'Semaine-11',1554,,74625,40,,,1,71,,74627,40,,,1,75,,74626,40,,,2,23,,74624,40,,,1,29,,74628,40,,,1
4901,'Samedi-0',752,,66600,48,,,1,100,,66599,48,,,1,100,,66601,48,,,1,102,,66597,48,,,1,100,,66602,48,,,1,102,,66598,48,,,1,100,,66603,48,,,1,100,,66604,48,,,1,100,,66605,48,,,1,100,,66606,48,,,1,100,,66607,48,,,1,97,,66608,48,,,1,100,,66609,48,,,1,100,,66610,48,,,1,100,,66611,48,,,1,98,,66612,48,,,1,100,,66613,48,,,1
4901,'Samedi-11',752,,70613,48,,,1,100,,70612,48,,,1,100,,70614,48,,,1,102,,70610,48,,,1,100,,70615,48,,,1,102,,70611,48,,,1,100,,70616,48,,,1,100,,70617,48,,,1,100,,70618,48,,,1,100,,70619,48,,,1,100,,70620,48,,,1,97,,70621,48,,,1,100,,70622,48,,,1,100,,70623,48,,,1,100,,70624,48,,,1,98,,70625,48,,,1,100,,70626,48,,,1
4901,'Dimanche-0',752,,68465,48,,,1,100,,68454,48,,,1,100,,68464,48,,,1,102,,68457,48,,,1,100,,68453,48,,,1,102,,68452,48,,,1,100,,68455,48,,,1,100,,68456,48,,,1,100,,68459,48,,,1,100,,68458,48,,,1,100,,68462,48,,,1,97,,68461,48,,,1,100,,68463,48,,,1,100,,68460,48,,,1,100,,68466,48,,,1,98,,68467,48,,,1,100,,68468,48,,,1
4901,'Dimanche-10',752,,69544,48,,,1,100,,69533,48,,,1,100,,69543,48,,,1,102,,69536,48,,,1,100,,69532,48,,,1,102,,69531,48,,,1,100,,69534,48,,,1,100,,69535,48,,,1,100,,69538,48,,,1,100,,69537,48,,,1,100,,69541,48,,,1,97,,69540,48,,,1,100,,69542,48,,,1,100,,69539,48,,,1,100,,69545,48,,,1,98,,69546,48,,,1,100,,69547,48,,,1
4901,'Dimanche-11',752,,66627,48,,,1,100,,66616,48,,,1,100,,66626,48,,,1,102,,66619,48,,,1,100,,66615,48,,,1,102,,66614,48,,,1,100,,66617,48,,,1,100,,66618,48,,,1,100,,66621,48,,,1,100,,66620,48,,,1,100,,66624,48,,,1,97,,66623,48,,,1,100,,66625,48,,,1,100,,66622,48,,,1,100,,66628,48,,,1,98,,66629,48,,,1,100,,66630,48,,,1
4901,'Semaine-0',636,,64243,48,,,1,89,,64248,48,,,1,31,,64264,48,,,1,73,,64260,48,,,1,30,,64258,48,,,1,66,,64268,48,,,1,28,,64250,48,,,1,69,,64266,48,,,1,30,,64262,48,,,1,71,,64237,48,,,1,30,,64259,48,,,1,70,,64238,48,,,1,30,,64244,48,,,1,70,,64246,48,,,1,30,,64251,48,,,1,69,,64267,48,,,1,32,,64249,48,,,1,72,,64269,48,,,1,25,,64265,48,,,1,52,,64252,48,,,1,15,,64239,48,,,1,15,,64255,48,,,1,70,,64245,48,,,1,26,,64247,48,,,1,28,,64263,48,,,1,66,,64257,48,,,1,30,,64261,48,,,1,94,,64240,48,,,1,80,,64256,48,,,1,101,,64254,48,,,1,95,,64241,48,,,1,100,,64253,48,,,1,96,,64242,48,,,1
4901,'Semaine-10',636,,72173,48,,,1,89,,72178,48,,,1,31,,72194,48,,,1,73,,72190,48,,,1,30,,72188,48,,,1,66,,72198,48,,,1,28,,72180,48,,,1,69,,72196,48,,,1,30,,72192,48,,,1,71,,72167,48,,,1,30,,72189,48,,,1,70,,72168,48,,,1,30,,72174,48,,,1,70,,72176,48,,,1,30,,72181,48,,,1,69,,72197,48,,,1,32,,72179,48,,,1,72,,72199,48,,,1,25,,72195,48,,,1,52,,72182,48,,,1,15,,72169,48,,,1,15,,72185,48,,,1,70,,72175,48,,,1,26,,72177,48,,,1,28,,72193,48,,,1,66,,72187,48,,,1,30,,72191,48,,,1,94,,72170,48,,,1,80,,72186,48,,,1,101,,72184,48,,,1,95,,72171,48,,,1,100,,72183,48,,,1,96,,72172,48,,,1
4901,'Semaine-11',636,,74704,48,,,1,89,,74709,48,,,1,31,,74725,48,,,1,73,,74721,48,,,1,30,,74719,48,,,1,66,,74729,48,,,1,28,,74711,48,,,1,69,,74727,48,,,1,30,,74723,48,,,1,71,,74698,48,,,1,30,,74720,48,,,1,70,,74699,48,,,1,30,,74705,48,,,1,70,,74707,48,,,1,30,,74712,48,,,1,69,,74728,48,,,1,32,,74710,48,,,1,72,,74730,48,,,1,25,,74726,48,,,1,52,,74713,48,,,1,15,,74700,48,,,1,15,,74716,48,,,1,70,,74706,48,,,1,26,,74708,48,,,1,28,,74724,48,,,1,66,,74718,48,,,1,30,,74722,48,,,1,94,,74701,48,,,1,80,,74717,48,,,1,101,,74715,48,,,1,95,,74702,48,,,1,100,,74714,48,,,1,96,,74703,48,,,1
64100,'Semaine-0',723,,65864,3,0,9 10,2
64100,'Semaine-10',723,,73794,3,0,9 10,2
64100,'Semaine-11',723,,76325,3,0,9 10,2
80001,'Samedi-0',645,,68111,43,,,1,101,,68113,43,,,1,101,,68114,43,,,1,100,,68117,43,,,1,101,,68112,43,,,1,100,,68115,43,,,1,102,,68118,43,,,1,100,,68116,43,,,1,100,,68119,43,,,1,100,,68120,43,,,1,100,,68121,43,,,2,102,,68122,43,,,1,97,,68125,43,,,1,99,,68123,43,,,1,100,,68124,43,,,1,100,,68126,43,,,1,97,,68127,43,,,1
80001,'Samedi-11',645,,71367,43,,,1,101,,71369,43,,,1,101,,71370,43,,,1,100,,71373,43,,,1,101,,71368,43,,,1,100,,71371,43,,,1,102,,71374,43,,,1,100,,71372,43,,,1,100,,71375,43,,,1,100,,71376,43,,,1,100,,71377,43,,,2,102,,71378,43,,,1,97,,71381,43,,,1,99,,71379,43,,,1,100,,71380,43,,,1,100,,71382,43,,,1,97,,71383,43,,,1
80001,'Dimanche-0',645,,69209,43,,,1,101,,69211,43,,,1,101,,69213,43,,,1,100,,69210,43,,,1,101,,69212,43,,,1,100,,69214,43,,,1,102,,69215,43,,,1,100,,69216,43,,,1,100,,69219,43,,,1,100,,69217,43,,,1,100,,69218,43,,,2,102,,69221,43,,,1,97,,69222,43,,,1,99,,69220,43,,,1,100,,69223,43,,,1,100,,69224,43,,,1,97,,69225,43,,,1
80001,'Dimanche-10',645,,70288,43,,,1,101,,70290,43,,,1,101,,70292,43,,,1,100,,70289,43,,,1,101,,70291,43,,,1,100,,70293,43,,,1,102,,70294,43,,,1,100,,70295,43,,,1,100,,70298,43,,,1,100,,70296,43,,,1,100,,70297,43,,,2,102,,70300,43,,,1,97,,70301,43,,,1,99,,70299,43,,,1,100,,70302,43,,,1,100,,70303,43,,,1,97,,70304,43,,,1
80001,'Dimanche-11',645,,68128,43,,,1,101,,68130,43,,,1,101,,68132,43,,,1,100,,68129,43,,,1,101,,68131,43,,,1,100,,68133,43,,,1,102,,68134,43,,,1,100,,68135,43,,,1,100,,68138,43,,,1,100,,68136,43,,,1,100,,68137,43,,,2,102,,68140,43,,,1,97,,68141,43,,,1,99,,68139,43,,,1,100,,68142,43,,,1,100,,68143,43,,,1,97,,68144,43,,,1
80001,'Semaine-0',640,,65948,43,,,1,68,,65941,43,,,1,35,,65949,43,,,1,69,,65933,43,,,1,32,,65931,43,,,1,67,,65938,43,,,1,27,,65944,43,,,1,70,,65956,43,,,1,30,,65947,43,,,2,70,,65939,43,,,1,30,,65953,43,,,1,70,,65927,43,,,1,30,,65961,43,,,1,70,,65959,43,,,1,34,,65929,43,,,1,70,,65952,43,,,1,30,,65943,43,,,1,70,,65950,43,,,1,35,,65960,43,,,1,69,,65945,43,,,1,17,,65955,43,,,1,22,,65957,43,,,1,64,,65954,43,,,1,27,,65946,43,,,1,70,,65936,43,,,1,25,,65934,43,,,1,67,,65928,43,,,1,29,,65958,43,,,1,71,,65940,43,,,1,27,,65937,43,,,1,70,,65942,43,,,1,29,,65930,43,,,1,70,,65951,43,,,1,32,,65932,43,,,1,70,,65935,43,,,1
80001,'Semaine-10',640,,73878,43,,,1,68,,73871,43,,,1,35,,73879,43,,,1,69,,73863,43,,,1,32,,73861,43,,,1,67,,73868,43,,,1,27,,73874,43,,,1,70,,73886,43,,,1,30,,73877,43,,,2,70,,73869,43,,,1,30,,73883,43,,,1,70,,73857,43,,,1,30,,73891,43,,,1,70,,73889,43,,,1,34,,73859,43,,,1,70,,73882,43,,,1,30,,73873,43,,,1,70,,73880,43,,,1,35,,73890,43,,,1,69,,73875,43,,,1,17,,73885,43,,,1,22,,73887,43,,,1,64,,73884,43,,,1,27,,73876,43,,,1,70,,73866,43,,,1,25,,73864,43,,,1,67,,73858,43,,,1,29,,73888,43,,,1,71,,73870,43,,,1,27,,73867,43,,,1,70,,73872,43,,,1,29,,73860,43,,,1,70,,73881,43,,,1,32,,73862,43,,,1,70,,73865,43,,,1
80001,'Semaine-11',640,,76409,43,,,1,68,,76402,43,,,1,35,,76410,43,,,1,69,,76394,43,,,1,32,,76392,43,,,1,67,,76399,43,,,1,27,,76405,43,,,1,70,,76417,43,,,1,30,,76408,43,,,2,70,,76400,43,,,1,30,,76414,43,,,1,70,,76388,43,,,1,30,,76422,43,,,1,70,,76420,43,,,1,34,,76390,43,,,1,70,,76413,43,,,1,30,,76404,43,,,1,70,,76411,43,,,1,35,,76421,43,,,1,69,,76406,43,,,1,17,,76416,43,,,1,22,,76418,43,,,1,64,,76415,43,,,1,27,,76407,43,,,1,70,,76397,43,,,1,25,,76395,43,,,1,67,,76389,43,,,1,29,,76419,43,,,1,71,,76401,43,,,1,27,,76398,43,,,1,70,,76403,43,,,1,29,,76391,43,,,1,70,,76412,43,,,1,32,,76393,43,,,1,70,,76396,43,,,1
