6201,'Semaine-0',512,,64565,2,,,1,30,,64574,2,,,1,70,,64583,2,,,1,30,,64580,2,,,1,70,,64567,2,,,2,32,,64566,2,,,1,69,,64564,2,,,1,99,,64573,2,,,1,100,,64585,2,,,1,100,,64568,2,,,1,100,,64572,2,,,1,100,,64582,2,,,2,100,,64570,2,,,1,100,,64579,2,,,1,32,,64569,2,,,1,68,,64571,2,,,1,30,,64578,2,,,1,70,,64584,2,,,2,30,,64586,2,,,2,100,,64581,2,,,2,100,,64576,2,,,1,100,,64577,2,,,1,100,,64575,2,,,1
6201,'Semaine-10',512,,72495,2,,,1,30,,72504,2,,,1,70,,72513,2,,,1,30,,72510,2,,,1,70,,72497,2,,,2,32,,72496,2,,,1,69,,72494,2,,,1,99,,72503,2,,,1,100,,72515,2,,,1,100,,72498,2,,,1,100,,72502,2,,,1,100,,72512,2,,,2,100,,72500,2,,,1,100,,72509,2,,,1,32,,72499,2,,,1,68,,72501,2,,,1,30,,72508,2,,,1,70,,72514,2,,,2,30,,72516,2,,,2,100,,72511,2,,,2,100,,72506,2,,,1,100,,72507,2,,,1,100,,72505,2,,,1
6201,'Semaine-11',512,,75026,2,,,1,30,,75035,2,,,1,70,,75044,2,,,1,30,,75041,2,,,1,70,,75028,2,,,2,32,,75027,2,,,1,69,,75025,2,,,1,99,,75034,2,,,1,100,,75046,2,,,1,100,,75029,2,,,1,100,,75033,2,,,1,100,,75043,2,,,2,100,,75031,2,,,1,100,,75040,2,,,1,32,,75030,2,,,1,68,,75032,2,,,1,30,,75039,2,,,1,70,,75045,2,,,2,30,,75047,2,,,2,100,,75042,2,,,2,100,,75037,2,,,1,100,,75038,2,,,1,100,,75036,2,,,1
7100,'Samedi-0',804,,67361,2,,,1,100,,67362,2,,,1,100,,67364,2,,,1,101,,67359,2,,,1,100,,67363,2,,,1,100,,67360,2,,,1,100,,67365,2,,,1,100,,67366,2,,,1,100,,67367,2,,,1,100,,67368,2,,,1,100,,67369,2,,,1,99,,67370,2,,,1,100,,67371,2,,,1,100,,67372,2,,,1,100,,67373,2,,,1,100,,67374,2,,,1
7100,'Samedi-11',804,,70993,2,,,1,100,,70994,2,,,1,100,,70996,2,,,1,101,,70991,2,,,1,100,,70995,2,,,1,100,,70992,2,,,1,100,,70997,2,,,1,100,,70998,2,,,1,100,,70999,2,,,1,100,,71000,2,,,1,100,,71001,2,,,1,99,,71002,2,,,1,100,,71003,2,,,1,100,,71004,2,,,1,100,,71005,2,,,1,100,,71006,2,,,1
7100,'Dimanche-0',804,,68836,2,,,1,100,,68835,2,,,1,100,,68834,2,,,1,101,,68833,2,,,1,100,,68837,2,,,1,100,,68838,2,,,1,100,,68839,2,,,1,100,,68840,2,,,1,100,,68841,2,,,1,100,,68845,2,,,1,100,,68844,2,,,1,99,,68842,2,,,1,100,,68843,2,,,1,100,,68846,2,,,1,100,,68847,2,,,1,100,,68848,2,,,1
7100,'Dimanche-10',804,,69915,2,,,1,100,,69914,2,,,1,100,,69913,2,,,1,101,,69912,2,,,1,100,,69916,2,,,1,100,,69917,2,,,1,100,,69918,2,,,1,100,,69919,2,,,1,100,,69920,2,,,1,100,,69924,2,,,1,100,,69923,2,,,1,99,,69921,2,,,1,100,,69922,2,,,1,100,,69925,2,,,1,100,,69926,2,,,1,100,,69927,2,,,1
7100,'Dimanche-11',804,,67378,2,,,1,100,,67377,2,,,1,100,,67376,2,,,1,101,,67375,2,,,1,100,,67379,2,,,1,100,,67380,2,,,1,100,,67381,2,,,1,100,,67382,2,,,1,100,,67383,2,,,1,100,,67387,2,,,1,100,,67386,2,,,1,99,,67384,2,,,1,100,,67385,2,,,1,100,,67388,2,,,1,100,,67389,2,,,1,100,,67390,2,,,1
7100,'Semaine-0',530,,65007,2,,,2,70,,65010,2,,,1,27,,65006,2,,,2,18,,65011,2,,,1,55,,65009,2,,,1,14,,65012,2,,,1,22,,65008,2,,,1,11,,65015,2,,,1,58,,65019,2,,,1,15,,65016,2,,,2,15,,65017,2,,,2,13,,65018,2,,,1,70,,65021,2,,,1,15,,65020,2,,,2,70,,65013,2,,,1,30,,65022,2,,,1,70,,65014,2,,,1,30,,64981,2,,,1,70,,64982,2,,,1,30,,64985,2,,,1,70,,64980,2,,,2,30,,64983,2,,,1,70,,64988,2,,,2,30,,64984,2,,,1,69,,64986,2,,,1,30,,64987,2,,,1,16,,64998,2,,,1,59,,64997,2,,,1,12,,64995,2,,,2,14,,64999,2,,,1,15,,64989,2,,,1,55,,64992,2,,,2,15,,64990,2,,,1,30,,64991,2,,,1,70,,64993,2,,,2,30,,64996,2,,,1,70,,65000,2,,,1,27,,64994,2,,,2,73,,65001,2,,,2,100,,65003,2,,,1,93,,65002,2,,,2,100,,65005,2,,,2,100,,65004,2,,,1
7100,'Semaine-10',530,,72937,2,,,2,70,,72940,2,,,1,27,,72936,2,,,2,18,,72941,2,,,1,55,,72939,2,,,1,14,,72942,2,,,1,22,,72938,2,,,1,11,,72945,2,,,1,58,,72949,2,,,1,15,,72946,2,,,2,15,,72947,2,,,2,13,,72948,2,,,1,70,,72951,2,,,1,15,,72950,2,,,2,70,,72943,2,,,1,30,,72952,2,,,1,70,,72944,2,,,1,30,,72911,2,,,1,70,,72912,2,,,1,30,,72915,2,,,1,70,,72910,2,,,2,30,,72913,2,,,1,70,,72918,2,,,2,30,,72914,2,,,1,69,,72916,2,,,1,30,,72917,2,,,1,16,,72928,2,,,1,59,,72927,2,,,1,12,,72925,2,,,2,14,,72929,2,,,1,15,,72919,2,,,1,55,,72922,2,,,2,15,,72920,2,,,1,30,,72921,2,,,1,70,,72923,2,,,2,30,,72926,2,,,1,70,,72930,2,,,1,27,,72924,2,,,2,73,,72931,2,,,2,100,,72933,2,,,1,93,,72932,2,,,2,100,,72935,2,,,2,100,,72934,2,,,1
7100,'Semaine-11',530,,75468,2,,,2,70,,75471,2,,,1,27,,75467,2,,,2,18,,75472,2,,,1,55,,75470,2,,,1,14,,75473,2,,,1,22,,75469,2,,,1,11,,75476,2,,,1,58,,75480,2,,,1,15,,75477,2,,,2,15,,75478,2,,,2,13,,75479,2,,,1,70,,75482,2,,,1,15,,75481,2,,,2,70,,75474,2,,,1,30,,75483,2,,,1,70,,75475,2,,,1,30,,75442,2,,,1,70,,75443,2,,,1,30,,75446,2,,,1,70,,75441,2,,,2,30,,75444,2,,,1,70,,75449,2,,,2,30,,75445,2,,,1,69,,75447,2,,,1,30,,75448,2,,,1,16,,75459,2,,,1,59,,75458,2,,,1,12,,75456,2,,,2,14,,75460,2,,,1,15,,75450,2,,,1,55,,75453,2,,,2,15,,75451,2,,,1,30,,75452,2,,,1,70,,75454,2,,,2,30,,75457,2,,,1,70,,75461,2,,,1,27,,75455,2,,,2,73,,75462,2,,,2,100,,75464,2,,,1,93,,75463,2,,,2,100,,75466,2,,,2,100,,75465,2,,,1
7300,'Semaine-0',613,,65098,2,,,1,30,,65096,2,,,1,70,,65099,2,,,2,29,,65106,2,,,1,71,,65100,2,,,1,29,,65101,2,,,1,100,,65103,2,,,1,100,,65087,2,,,2,100,,65084,2,,,2,100,,65085,2,,,2,100,,65086,2,,,2,101,,65088,2,,,1,67,,65089,2,,,1,31,,65107,2,,,1,73,,65104,2,,,2,24,,65105,2,,,1,74,,65102,2,,,1,30,,65090,2,,,2,70,,65091,2,,,2,31,,65092,2,,,2,100,,65093,2,,,1,105,,65094,2,,,1,100,,65095,2,,,1,100,,65097,2,,,2
7300,'Semaine-10',613,,73028,2,,,1,30,,73026,2,,,1,70,,73029,2,,,2,29,,73036,2,,,1,71,,73030,2,,,1,29,,73031,2,,,1,100,,73033,2,,,1,100,,73017,2,,,2,100,,73014,2,,,2,100,,73015,2,,,2,100,,73016,2,,,2,101,,73018,2,,,1,67,,73019,2,,,1,31,,73037,2,,,1,73,,73034,2,,,2,24,,73035,2,,,1,74,,73032,2,,,1,30,,73020,2,,,2,70,,73021,2,,,2,31,,73022,2,,,2,100,,73023,2,,,1,105,,73024,2,,,1,100,,73025,2,,,1,100,,73027,2,,,2
7300,'Semaine-11',613,,75559,2,,,1,30,,75557,2,,,1,70,,75560,2,,,2,29,,75567,2,,,1,71,,75561,2,,,1,29,,75562,2,,,1,100,,75564,2,,,1,100,,75548,2,,,2,100,,75545,2,,,2,100,,75546,2,,,2,100,,75547,2,,,2,101,,75549,2,,,1,67,,75550,2,,,1,31,,75568,2,,,1,73,,75565,2,,,2,24,,75566,2,,,1,74,,75563,2,,,1,30,,75551,2,,,2,70,,75552,2,,,2,31,,75553,2,,,2,100,,75554,2,,,1,105,,75555,2,,,1,100,,75556,2,,,1,100,,75558,2,,,2
