4001,'Semaine-0',620,,64160,33,,,1,30,,64159,33,,,1,72,,64162,33,,,1,32,,64158,33,,,2,68,,64157,33,,,1,27,,64161,33,,,1
4101,'Semaine-0',641,,64170,24,,,1,73,,64171,24,,,1,35,,64172,24,,,1,65,,64169,24,,,2,29,,64168,24,,,1
4701,'Semaine-0',621,,64194,20,,,2,85,,64193,20,,,1,49,,64192,20,,,1,67,,64195,20,,,1
5501,'Semaine-0',523,,64382,31,,,1,14,,64389,31,,,1,15,,64388,31,,,1,57,,64372,31,,,1,15,,64410,31,,,1,22,,64409,31,,,1,8,,64369,31,,,1,52,,64414,31,,,1,15,,64395,31,,,1,13,,64403,31,,,1,16,,64373,31,,,1,9,,64377,31,,,1,52,,64375,31,,,1,9,,64404,31,,,1,6,,64406,31,,,1,14,,64383,31,,,1,68,,64387,31,,,1,12,,64374,31,,,1,11,,64408,31,,,1,69,,64401,31,,,1,31,,64405,31,,,1,69,,64371,31,,,1,30,,64378,31,,,1,70,,64391,31,,,1,30,,64402,31,,,1,29,,64398,31,,,1,70,,64379,31,,,1,30,,64411,31,,,1,70,,64370,31,,,1,30,,64376,31,,,1,90,,64380,31,,,1,100,,64385,31,,,1,100,,64390,31,,,1,101,,64407,31,,,1,60,,64396,31,,,1,30,,64384,31,,,1,70,,64400,31,,,1,30,,64393,31,,,1,70,,64412,31,,,1,30,,64386,31,,,1,69,,64392,31,,,1,32,,64394,31,,,1,70,,64381,31,,,1,30,,64399,31,,,1,70,,64397,31,,,1
5801,'Semaine-0',601,,64441,19,,,1,32,,64445,19,,,1,70,,64443,19,,,1,30,,64442,19,,,1,70,,64439,19,,,1,30,,64444,19,,,1,800,,64440,19,,,1
5901,'Semaine-0',517,,64498,20,,,1,15,,64534,20,,,1,15,,64507,20,,,1,55,,64528,20,,,1,16,,64508,20,,,1,14,,64497,20,,,1,13,,64499,20,,,1,14,,64502,20,,,1,58,,64505,20,,,1,15,,64506,20,,,1,18,,64501,20,,,1,52,,64530,20,,,1,17,,64516,20,,,1,15,,64521,20,,,1,13,,64511,20,,,1,55,,64496,20,,,1,16,,64514,20,,,1,27,,64540,20,,,1,70,,64535,20,,,1,30,,64522,20,,,1,70,,64504,20,,,1,30,,64515,20,,,1,70,,64518,20,,,1,30,,64503,20,,,1,70,,64532,20,,,1,30,,64494,20,,,1,70,,64536,20,,,1,30,,64526,20,,,1,75,,64529,20,,,1,100,,64533,20,,,1,100,,64513,20,,,1,100,,64520,20,,,1,35,,64525,20,,,1,70,,64512,20,,,1,30,,64519,20,,,1,70,,64524,20,,,1,30,,64531,20,,,1,70,,64509,20,,,1,30,,64527,20,,,1,71,,64517,20,,,1,30,,64500,20,,,1,70,,64510,20,,,1,30,,64523,20,,,1
64701,'Semaine-0',1524,,65869,29,0,9 10,1
65501,'Semaine-0',1516,,65873,19,0,9 10,1
74001,'Semaine-0',823,,65882,34,0,5 11,2,2,,65883,34,0,5 11,1
75201,'Semaine-0',1505,,65887,6,0,9 18,1
80000,'Semaine-0',600,,65923,24,,,1,31,,65909,24,,,1,71,,65899,24,,,1,15,,65898,24,,,1,15,,65919,24,,,1,71,,65910,24,,,1,18,,65896,24,,,1,30,,65915,24,,,1,70,,65900,24,,,1,30,,65917,24,,,1,70,,65912,24,,,1,29,,65926,24,,,1,70,,65893,24,,,1,30,,65914,24,,,1,70,,65904,24,,,1,31,,65920,24,,,1,69,,65913,24,,,1,30,,65924,24,,,1,71,,65903,24,,,1,29,,65918,24,,,1,73,,65916,24,,,1,30,,65905,24,,,1,72,,65921,24,,,1,28,,65894,24,,,1,70,,65911,24,,,1,30,,65908,24,,,1,69,,65922,24,,,1,29,,65907,24,,,1,71,,65901,24,,,1,28,,65895,24,,,1,71,,65925,24,,,1,29,,65906,24,,,1,68,,65902,24,,,1,30,,65892,24,,,1,69,,65897,24,,,1,30,,65891,24,,,1
