6400,'Samedi-0',736,,67005,8,,,1,100,,67007,8,,,1,100,,67010,8,,,1,100,,67008,8,,,1,100,,67011,8,,,1,100,,67006,8,,,1,100,,67009,8,,,1,100,,67012,8,,,1,99,,67013,8,,,1,100,,67014,8,,,1,100,,67015,8,,,1,100,,67016,8,,,1
6400,'Samedi-10',736,,76959,8,,,1,100,,76961,8,,,1,100,,76964,8,,,1,100,,76962,8,,,1,100,,76965,8,,,1,100,,76960,8,,,1,100,,76963,8,,,1,100,,76966,8,,,1,99,,76967,8,,,1,100,,76968,8,,,1,100,,76969,8,,,1,100,,76970,8,,,1
6400,'Samedi-11',736,,70814,8,,,1,100,,70816,8,,,1,100,,70819,8,,,1,100,,70817,8,,,1,100,,70820,8,,,1,100,,70815,8,,,1,100,,70818,8,,,1,100,,70821,8,,,1,99,,70822,8,,,1,100,,70823,8,,,1,100,,70824,8,,,1,100,,70825,8,,,1
6400,'Dimanche-0',736,,68657,8,,,1,100,,68658,8,,,1,100,,68663,8,,,1,100,,68661,8,,,1,100,,68656,8,,,1,100,,68659,8,,,1,100,,68660,8,,,1,100,,68664,8,,,1,99,,68662,8,,,1,100,,68666,8,,,1,100,,68667,8,,,1,100,,68665,8,,,1
6400,'Dimanche-10',736,,69736,8,,,1,100,,69737,8,,,1,100,,69742,8,,,1,100,,69740,8,,,1,100,,69735,8,,,1,100,,69738,8,,,1,100,,69739,8,,,1,100,,69743,8,,,1,99,,69741,8,,,1,100,,69745,8,,,1,100,,69746,8,,,1,100,,69744,8,,,1
6400,'Dimanche-11',736,,67018,8,,,1,100,,67019,8,,,1,100,,67024,8,,,1,100,,67022,8,,,1,100,,67017,8,,,1,100,,67020,8,,,1,100,,67021,8,,,1,100,,67025,8,,,1,99,,67023,8,,,1,100,,67027,8,,,1,100,,67028,8,,,1,100,,67026,8,,,1
6400,'Semaine-0',646,,64638,8,,,1,74,,64635,8,,,1,30,,64630,8,,,1,70,,64634,8,,,1,100,,64636,8,,,1,100,,64641,8,,,1,100,,64640,8,,,1,100,,64633,8,,,1,100,,64646,8,,,1,100,,64642,8,,,1,95,,64643,8,,,1,85,,64648,8,,,1,47,,64647,8,,,1,103,,64644,8,,,1,95,,64645,8,,,1,100,,64637,8,,,2,100,,64631,8,,,2,100,,64639,8,,,1,100,,64632,8,,,1
6400,'Semaine-10',646,,72568,8,,,1,74,,72565,8,,,1,30,,72560,8,,,1,70,,72564,8,,,1,100,,72566,8,,,1,100,,72571,8,,,1,100,,72570,8,,,1,100,,72563,8,,,1,100,,72576,8,,,1,100,,72572,8,,,1,95,,72573,8,,,1,85,,72578,8,,,1,47,,72577,8,,,1,103,,72574,8,,,1,95,,72575,8,,,1,100,,72567,8,,,2,100,,72561,8,,,2,100,,72569,8,,,1,100,,72562,8,,,1
6400,'Semaine-11',646,,75099,8,,,1,74,,75096,8,,,1,30,,75091,8,,,1,70,,75095,8,,,1,100,,75097,8,,,1,100,,75102,8,,,1,100,,75101,8,,,1,100,,75094,8,,,1,100,,75107,8,,,1,100,,75103,8,,,1,95,,75104,8,,,1,85,,75109,8,,,1,47,,75108,8,,,1,103,,75105,8,,,1,95,,75106,8,,,1,100,,75098,8,,,2,100,,75092,8,,,2,100,,75100,8,,,1,100,,75093,8,,,1
56900,'Semaine-0',1539,,65851,15,0,5 6,2
56900,'Semaine-10',1539,,73781,15,0,5 6,2
56900,'Semaine-11',1539,,76312,15,0,5 6,2
