2601,'Semaine-0',545,,63500,1,,,1,70,,63502,1,,,2,30,,63503,1,,,2,70,,63501,1,,,1,30,,63499,1,,,2
2601,'Semaine-10',545,,71430,1,,,1,70,,71432,1,,,2,30,,71433,1,,,2,70,,71431,1,,,1,30,,71429,1,,,2
2801,'Semaine-0',636,,63517,3,,,1,73,,63518,3,,,2,100,,63516,3,,,2
2801,'Semaine-10',636,,71447,3,,,1,73,,71448,3,,,2,100,,71446,3,,,2
4800,'Semaine-0',1726,,64196,15,,,1
4800,'Semaine-10',1726,,72126,15,,,1
5001,'Semaine-0',1614,,64276,7,,,1,100,,64278,7,,,1,99,,64277,7,,,2
5001,'Semaine-10',1614,,72206,7,,,1,100,,72208,7,,,1,99,,72207,7,,,2
32600,'Semaine-0',1634,,65572,22,0,7 8,1
32600,'Semaine-10',1634,,73502,22,0,7 8,1
42600,'Semaine-0',717,,65820,1,0,9 14,1,1,,65821,1,0,9 14,1
42600,'Semaine-10',717,,73750,1,0,9 14,1,1,,73751,1,0,9 14,1
55001,'Semaine-0',1527,,65844,5,0,5 6,1
55001,'Semaine-10',1527,,73774,5,0,5 6,1
72901,'Semaine-0',800,,65878,1,0,5 11,2
72901,'Semaine-10',800,,73808,1,0,5 11,2
82600,'Semaine-0',1535,,65967,12,0,9 12 13,1
82600,'Semaine-10',1535,,73897,12,0,9 12 13,1
