2600,'Semaine-0',1614,,63496,37,,,1,32,,63495,37,,,1,68,,63494,37,,,2,30,,63497,37,,,1,67,,63498,37,,,2
2600,'Semaine-10',1614,,71426,37,,,1,32,,71425,37,,,1,68,,71424,37,,,2,30,,71427,37,,,1,67,,71428,37,,,2
2600,'Semaine-11',1614,,73957,37,,,1,32,,73956,37,,,1,68,,73955,37,,,2,30,,73958,37,,,1,67,,73959,37,,,2
32600,'Semaine-0',1639,,65572,28,0,7 8,1
32600,'Semaine-10',1639,,73502,28,0,7 8,1
32600,'Semaine-11',1639,,76033,28,0,7 8,1
72900,'Semaine-0',1650,,65877,35,0,5 11,2
72900,'Semaine-10',1650,,73807,35,0,5 11,2
72900,'Semaine-11',1650,,76338,35,0,5 11,2
82600,'Semaine-0',1541,,65967,18,0,9 12 13,1
82600,'Semaine-10',1541,,73897,18,0,9 12 13,1
82600,'Semaine-11',1541,,76429,18,0,9 12 13,1
