3201,'Semaine-0',506,,63711,1,,,1,20,,63710,1,,,1,20,,63702,1,,,1,60,,63712,1,,,2,10,,63692,1,,,1,8,,63713,1,,,1,11,,63693,1,,,1,10,,63694,1,,,1,8,,63686,1,,,1,49,,63689,1,,,1,8,,63715,1,,,1,8,,63695,1,,,1,8,,63690,1,,,1,9,,63703,1,,,1,8,,63685,1,,,1,7,,63696,1,,,1,8,,63714,1,,,2,48,,63684,1,,,1,10,,63683,1,,,1,10,,63688,1,,,1,10,,63691,1,,,1,10,,63697,1,,,1,62,,63671,1,,,2,30,,63681,1,,,1,70,,63674,1,,,1,30,,63677,1,,,1,70,,63670,1,,,1,30,,63680,1,,,1,70,,63675,1,,,1,30,,63682,1,,,1,70,,63664,1,,,1,30,,63669,1,,,1,70,,63676,1,,,1,30,,63687,1,,,1,70,,63704,1,,,1,30,,63705,1,,,2,70,,63706,1,,,1,30,,63707,1,,,1,70,,63708,1,,,2,30,,63709,1,,,1,70,,63667,1,,,1,30,,63665,1,,,2,72,,63678,1,,,2,30,,63673,1,,,1,69,,63668,1,,,1,31,,63666,1,,,2,70,,63679,1,,,1,30,,63672,1,,,1,68,,63699,1,,,1,32,,63698,1,,,1,70,,63700,1,,,1,30,,63701,1,,,1
3401,'Samedi-0',648,,66201,8,,,1,100,,66204,8,,,1,70,,66213,8,,,1,30,,66202,8,,,1,71,,66207,8,,,1,30,,66209,8,,,1,69,,66203,8,,,1,30,,66212,8,,,1,72,,66205,8,,,1,29,,66214,8,,,1,70,,66206,8,,,1,30,,66208,8,,,1,70,,66210,8,,,1,30,,66211,8,,,1,70,,66215,8,,,1,30,,66216,8,,,1,70,,66217,8,,,1,30,,66218,8,,,1,70,,66219,8,,,1,30,,66220,8,,,1,70,,66221,8,,,1,30,,66222,8,,,1,70,,66223,8,,,1,30,,66225,8,,,1,69,,66224,8,,,1,30,,66226,8,,,1,70,,66227,8,,,1,30,,66228,8,,,1,70,,66230,8,,,1,30,,66229,8,,,1,70,,66231,8,,,1,99,,66232,8,,,1
3401,'Dimanche-0',648,,68254,8,,,1,100,,68262,8,,,1,70,,68267,8,,,1,30,,68259,8,,,1,71,,68257,8,,,1,30,,68280,8,,,1,69,,68261,8,,,1,30,,68266,8,,,1,72,,68256,8,,,1,29,,68255,8,,,1,70,,68258,8,,,1,30,,68265,8,,,1,70,,68268,8,,,1,30,,68260,8,,,1,70,,68264,8,,,1,30,,68263,8,,,1,70,,68269,8,,,1,30,,68273,8,,,1,70,,68270,8,,,1,30,,68271,8,,,1,70,,68272,8,,,1,30,,68279,8,,,1,70,,68274,8,,,1,30,,68277,8,,,1,69,,68275,8,,,1,30,,68276,8,,,1,70,,68278,8,,,1,30,,68281,8,,,1,70,,68283,8,,,1,30,,68282,8,,,1,70,,68284,8,,,1,99,,68285,8,,,1
3401,'Dimanche-11',648,,66233,8,,,1,100,,66241,8,,,1,70,,66246,8,,,1,30,,66238,8,,,1,71,,66236,8,,,1,30,,66259,8,,,1,69,,66240,8,,,1,30,,66245,8,,,1,72,,66235,8,,,1,29,,66234,8,,,1,70,,66237,8,,,1,30,,66244,8,,,1,70,,66247,8,,,1,30,,66239,8,,,1,70,,66243,8,,,1,30,,66242,8,,,1,70,,66248,8,,,1,30,,66252,8,,,1,70,,66249,8,,,1,30,,66250,8,,,1,70,,66251,8,,,1,30,,66258,8,,,1,70,,66253,8,,,1,30,,66256,8,,,1,69,,66254,8,,,1,30,,66255,8,,,1,70,,66257,8,,,1,30,,66260,8,,,1,70,,66262,8,,,1,30,,66261,8,,,1,70,,66263,8,,,1,99,,66264,8,,,1
3401,'Semaine-0',853,,63856,8,,,1,71,,63836,8,,,2,30,,63840,8,,,1,70,,63860,8,,,1,30,,63833,8,,,1,70,,63837,8,,,1,30,,63841,8,,,1,70,,63831,8,,,1,30,,63834,8,,,1,70,,63838,8,,,1,29,,63842,8,,,2,71,,63835,8,,,1,29,,63857,8,,,1,69,,63832,8,,,1,33,,63858,8,,,1,67,,63859,8,,,1,30,,63853,8,,,1,70,,63849,8,,,1,30,,63839,8,,,1,71,,63846,8,,,1,30,,63855,8,,,1,72,,63843,8,,,1,30,,63845,8,,,1,70,,63847,8,,,1,30,,63851,8,,,2,70,,63844,8,,,1,30,,63850,8,,,1,70,,63848,8,,,1,30,,63852,8,,,1,70,,63854,8,,,1
4200,'Semaine-0',618,,64173,10,,,1,101,,64174,10,,,1,903,,64175,10,,,1,99,,64176,10,,,1
4900,'Samedi-0',727,,66565,24,,,1,100,,66566,24,,,1,102,,66563,24,,,1,100,,66567,24,,,1,100,,66564,24,,,1,101,,66568,24,,,1,98,,66569,24,,,1,102,,66570,24,,,1,100,,66571,24,,,1,100,,66572,24,,,1,100,,66573,24,,,1,97,,66574,24,,,1,100,,66575,24,,,1,100,,66576,24,,,1,100,,66577,24,,,1,100,,66578,24,,,1,98,,66579,24,,,1
4900,'Dimanche-0',727,,68435,24,,,1,100,,68448,24,,,1,102,,68436,24,,,1,100,,68447,24,,,1,100,,68439,24,,,1,101,,68438,24,,,1,98,,68442,24,,,1,102,,68437,24,,,1,100,,68441,24,,,1,100,,68440,24,,,1,100,,68444,24,,,1,97,,68446,24,,,1,100,,68443,24,,,1,100,,68445,24,,,1,100,,68449,24,,,1,100,,68450,24,,,1,98,,68451,24,,,1
4900,'Dimanche-11',727,,66580,24,,,1,100,,66593,24,,,1,102,,66581,24,,,1,100,,66592,24,,,1,100,,66584,24,,,1,101,,66583,24,,,1,98,,66587,24,,,1,102,,66582,24,,,1,100,,66586,24,,,1,100,,66585,24,,,1,100,,66589,24,,,1,97,,66591,24,,,1,100,,66588,24,,,1,100,,66590,24,,,1,100,,66594,24,,,1,100,,66595,24,,,1,98,,66596,24,,,1
4900,'Semaine-0',641,,64225,24,,,1,14,,64220,11,,,1,3,,64232,11,,,1,44,,64208,11,,,1,6,,64231,11,,,1,4,,64236,24,,,1,2,,64235,11,,,1,4,,64234,11,,,1,5,,64233,11,,,1,21,,64228,24,,,1,66,,64229,24,,,1,1,,64224,11,,,1,33,,64223,24,,,1,72,,64218,24,,,1,29,,64210,24,,,1,71,,64230,24,,,1,33,,64226,24,,,1,70,,64221,24,,,1,30,,64198,24,,,1,70,,64219,24,,,1,30,,64200,24,,,1,70,,64205,24,,,1,30,,64207,24,,,1,70,,64211,24,,,1,30,,64227,24,,,1,74,,64209,24,,,1,30,,64212,24,,,1,71,,64203,24,,,1,30,,64215,24,,,1,70,,64206,24,,,1,28,,64204,24,,,1,70,,64222,24,,,1,27,,64216,24,,,1,98,,64199,24,,,1,99,,64217,24,,,1,101,,64214,24,,,1,97,,64201,24,,,1,98,,64213,24,,,1,100,,64202,24,,,1
5000,'Semaine-0',647,,64273,21,,,1,61,,64271,21,,,1,31,,64274,21,,,2,70,,64270,21,,,1,109,,64275,21,,,1
5201,'Samedi-0',712,,66667,63,4,,1,100,,66668,63,4,,1,100,,66669,63,4,,1,100,,66670,63,4,,1,102,,66672,63,4,,1,100,,66671,63,4,,1,100,,66673,63,4,,1,100,,66674,63,4,,1,102,,66675,63,4,,1,98,,66676,63,4,,1,100,,66677,63,4,,1,100,,66678,63,4,,1,99,,66681,63,4,,1,100,,66679,63,4,,1,97,,66683,63,4,,1,101,,66680,63,4,,1,100,,66682,63,4,,1,101,,66684,63,4,,1
5201,'Dimanche-0',712,,68487,63,4,,1,100,,68488,63,4,,1,100,,68489,63,4,,1,100,,68492,63,4,,1,102,,68490,63,4,,1,100,,68494,63,4,,1,100,,68491,63,4,,1,100,,68496,63,4,,1,102,,68493,63,4,,1,98,,68495,63,4,,1,100,,68498,63,4,,1,100,,68500,63,4,,1,99,,68497,63,4,,1,100,,68499,63,4,,1,97,,68501,63,4,,1,101,,68502,63,4,,1,100,,68503,63,4,,1,101,,68504,63,4,,1
5201,'Dimanche-11',712,,66685,63,4,,1,100,,66686,63,4,,1,100,,66687,63,4,,1,100,,66690,63,4,,1,102,,66688,63,4,,1,100,,66692,63,4,,1,100,,66689,63,4,,1,100,,66694,63,4,,1,102,,66691,63,4,,1,98,,66693,63,4,,1,100,,66696,63,4,,1,100,,66698,63,4,,1,99,,66695,63,4,,1,100,,66697,63,4,,1,97,,66699,63,4,,1,101,,66700,63,4,,1,100,,66701,63,4,,1,101,,66702,63,4,,1
5201,'Semaine-0',645,,64312,63,4,,1,104,,64314,63,4,,1,102,,64313,63,4,,1,97,,64297,63,4,,1,102,,64303,63,4,,1,99,,64300,63,4,,1,100,,64307,63,4,,1,100,,64298,63,4,,1,100,,64302,63,4,,1,105,,64301,63,4,,1,100,,64311,63,4,,1,98,,64310,63,4,,1,98,,64304,63,4,,1,96,,64305,63,4,,1,99,,64309,63,4,,1,100,,64306,63,4,,1,100,,64308,63,4,,1,100,,64299,63,4,,2
44900,'Semaine-0',710,,65836,10,0,9 14,1
55000,'Semaine-0',702,,65840,21,0,5 6,1,2,,65841,21,0,5 6,1
63900,'Semaine-0',1510,,65857,8,0,9 10,1
