2301,'Semaine-0',623,,63480,17,,,1,30,,63477,17,,,2,70,,63481,17,,,1,34,,63479,17,,,2,67,,63478,17,,,1
2501,'Semaine-0',608,,63492,24,,,2,29,,63491,24,,,1,71,,63489,24,,,1,30,,63490,24,,,2,71,,63493,24,,,1,29,,63488,24,,,2
2601,'Semaine-0',559,,63500,18,,,1,72,,63502,18,,,2,70,,63503,18,,,2,30,,63501,18,,,1,69,,63499,18,,,2
2801,'Semaine-0',649,,63517,20,,,1,74,,63518,20,,,2,99,,63516,20,,,2
3401,'Samedi-0',703,,66201,29,,,1,100,,66204,29,,,1,30,,66213,29,,,1,70,,66202,29,,,1,31,,66207,29,,,1,70,,66209,29,,,1,29,,66203,29,,,1,70,,66212,29,,,1,32,,66205,29,,,1,69,,66214,29,,,1,31,,66206,29,,,1,70,,66208,29,,,1,30,,66210,29,,,1,70,,66211,29,,,1,30,,66215,29,,,1,71,,66216,29,,,1,30,,66217,29,,,1,70,,66218,29,,,1,30,,66219,29,,,1,68,,66220,29,,,1,30,,66221,29,,,1,70,,66222,29,,,1,30,,66223,29,,,1,70,,66225,29,,,1,29,,66224,29,,,1,70,,66226,29,,,1,30,,66227,29,,,1,70,,66228,29,,,1,30,,66230,29,,,1,70,,66229,29,,,1,30,,66231,29,,,1,96,,66232,29,,,1
3401,'Dimanche-11',703,,66233,29,,,1,100,,66241,29,,,1,30,,66246,29,,,1,70,,66238,29,,,1,31,,66236,29,,,1,70,,66259,29,,,1,29,,66240,29,,,1,70,,66245,29,,,1,32,,66235,29,,,1,69,,66234,29,,,1,31,,66237,29,,,1,70,,66244,29,,,1,30,,66247,29,,,1,70,,66239,29,,,1,30,,66243,29,,,1,71,,66242,29,,,1,30,,66248,29,,,1,70,,66252,29,,,1,30,,66249,29,,,1,68,,66250,29,,,1,30,,66251,29,,,1,70,,66258,29,,,1,30,,66253,29,,,1,70,,66256,29,,,1,29,,66254,29,,,1,70,,66255,29,,,1,30,,66257,29,,,1,70,,66260,29,,,1,30,,66262,29,,,1,70,,66261,29,,,1,30,,66263,29,,,1,96,,66264,29,,,1
3401,'Semaine-0',908,,63856,29,,,1,30,,63836,29,,,2,70,,63840,29,,,1,30,,63860,29,,,1,70,,63833,29,,,1,30,,63837,29,,,1,70,,63841,29,,,1,30,,63831,29,,,1,70,,63834,29,,,1,30,,63838,29,,,1,69,,63842,29,,,2,31,,63835,29,,,1,71,,63857,29,,,1,30,,63832,29,,,1,75,,63858,29,,,1,27,,63859,29,,,1,70,,63853,29,,,1,27,,63849,29,,,1,70,,63839,29,,,1,30,,63846,29,,,1,70,,63855,29,,,1,30,,63843,29,,,1,70,,63845,29,,,1,30,,63847,29,,,1,70,,63851,29,,,2,30,,63844,29,,,1,70,,63850,29,,,1,30,,63848,29,,,1,70,,63852,29,,,1,30,,63854,29,,,1
4900,'Samedi-0',740,,66565,43,,,1,100,,66566,43,,,1,102,,66563,43,,,1,100,,66567,43,,,1,100,,66564,43,,,1,101,,66568,43,,,1,98,,66569,43,,,1,102,,66570,43,,,1,100,,66571,43,,,1,100,,66572,43,,,1,100,,66573,43,,,1,97,,66574,43,,,1,100,,66575,43,,,1,100,,66576,43,,,1,100,,66577,43,,,1,100,,66578,43,,,1,98,,66579,43,,,1
4900,'Dimanche-11',740,,66580,43,,,1,100,,66593,43,,,1,102,,66581,43,,,1,100,,66592,43,,,1,100,,66584,43,,,1,101,,66583,43,,,1,98,,66587,43,,,1,102,,66582,43,,,1,100,,66586,43,,,1,100,,66585,43,,,1,100,,66589,43,,,1,97,,66591,43,,,1,100,,66588,43,,,1,100,,66590,43,,,1,100,,66594,43,,,1,100,,66595,43,,,1,98,,66596,43,,,1
4900,'Semaine-0',655,,64225,43,,,1,55,,64220,30,,,1,3,,64232,30,,,1,4,,64208,30,,,1,6,,64231,30,,,1,4,,64236,43,,,1,3,,64235,30,,,1,4,,64234,30,,,1,5,,64233,30,,,1,61,,64228,43,,,1,27,,64224,30,,,1,73,,64223,43,,,1,31,,64218,43,,,1,28,,64210,43,,,1,71,,64230,43,,,1,73,,64226,43,,,1,30,,64221,43,,,1,70,,64198,43,,,1,30,,64219,43,,,1,70,,64200,43,,,1,30,,64205,43,,,1,70,,64207,43,,,1,30,,64211,43,,,1,70,,64227,43,,,1,37,,64209,43,,,1,70,,64212,43,,,1,30,,64203,43,,,1,70,,64215,43,,,1,30,,64206,43,,,1,67,,64204,43,,,1,30,,64222,43,,,1,67,,64216,43,,,1,96,,64199,43,,,1,59,,64217,43,,,1,141,,64214,43,,,1,57,,64201,43,,,1,98,,64213,43,,,1,100,,64202,43,,,1
32501,'Semaine-0',824,,65570,24,0,7 8,1,3,,65571,24,0,7 8,1
42500,'Semaine-0',709,,65817,24,0,9 14,1,2,,65818,24,0,9 14,2
72501,'Semaine-0',821,,65875,24,0,5 11,2
82501,'Semaine-0',752,,65964,24,0,9 12 13,1,1,,65965,24,0,9 12 13,1
