7100,'Samedi-0',821,,67361,31,4,,1,100,,67362,31,4,,1,100,,67364,31,4,,1,104,,67359,31,4,,1,100,,67363,31,4,,1,100,,67360,31,4,,1,100,,67365,31,4,,1,100,,67366,31,4,,1,100,,67367,31,4,,1,100,,67368,31,4,,1,100,,67369,31,4,,1,97,,67370,31,4,,1,100,,67371,31,4,,1,100,,67372,31,4,,1,100,,67373,31,4,,1,100,,67374,31,4,,1
7100,'Samedi-10',821,,77138,31,4,,1,100,,77139,31,4,,1,100,,77141,31,4,,1,104,,77136,31,4,,1,100,,77140,31,4,,1,100,,77137,31,4,,1,100,,77142,31,4,,1,100,,77143,31,4,,1,100,,77144,31,4,,1,100,,77145,31,4,,1,100,,77146,31,4,,1,97,,77147,31,4,,1,100,,77148,31,4,,1,100,,77149,31,4,,1,100,,77150,31,4,,1,100,,77151,31,4,,1
7100,'Samedi-11',821,,70993,31,4,,1,100,,70994,31,4,,1,100,,70996,31,4,,1,104,,70991,31,4,,1,100,,70995,31,4,,1,100,,70992,31,4,,1,100,,70997,31,4,,1,100,,70998,31,4,,1,100,,70999,31,4,,1,100,,71000,31,4,,1,100,,71001,31,4,,1,97,,71002,31,4,,1,100,,71003,31,4,,1,100,,71004,31,4,,1,100,,71005,31,4,,1,100,,71006,31,4,,1
7100,'Dimanche-0',821,,68836,31,4,,1,100,,68835,31,4,,1,100,,68834,31,4,,1,104,,68833,31,4,,1,100,,68837,31,4,,1,100,,68838,31,4,,1,100,,68839,31,4,,1,100,,68840,31,4,,1,100,,68841,31,4,,1,100,,68845,31,4,,1,100,,68844,31,4,,1,97,,68842,31,4,,1,100,,68843,31,4,,1,100,,68846,31,4,,1,100,,68847,31,4,,1,100,,68848,31,4,,1
7100,'Dimanche-10',821,,69915,31,4,,1,100,,69914,31,4,,1,100,,69913,31,4,,1,104,,69912,31,4,,1,100,,69916,31,4,,1,100,,69917,31,4,,1,100,,69918,31,4,,1,100,,69919,31,4,,1,100,,69920,31,4,,1,100,,69924,31,4,,1,100,,69923,31,4,,1,97,,69921,31,4,,1,100,,69922,31,4,,1,100,,69925,31,4,,1,100,,69926,31,4,,1,100,,69927,31,4,,1
7100,'Dimanche-11',821,,67378,31,4,,1,100,,67377,31,4,,1,100,,67376,31,4,,1,104,,67375,31,4,,1,100,,67379,31,4,,1,100,,67380,31,4,,1,100,,67381,31,4,,1,100,,67382,31,4,,1,100,,67383,31,4,,1,100,,67387,31,4,,1,100,,67386,31,4,,1,97,,67384,31,4,,1,100,,67385,31,4,,1,100,,67388,31,4,,1,100,,67389,31,4,,1,100,,67390,31,4,,1
7100,'Semaine-0',551,,65007,31,4,,2,70,,65010,31,4,,1,27,,65006,31,4,,2,58,,65011,31,4,,1,17,,65009,31,4,,1,14,,65012,31,4,,1,20,,65008,31,4,,1,51,,65015,31,4,,1,18,,65019,31,4,,1,15,,65016,31,4,,2,15,,65017,31,4,,2,53,,65018,31,4,,1,30,,65021,31,4,,1,15,,65020,31,4,,2,71,,65013,31,4,,1,30,,65022,31,4,,1,70,,65014,31,4,,1,30,,64981,31,4,,1,70,,64982,31,4,,1,30,,64985,31,4,,1,69,,64980,31,4,,2,30,,64983,31,4,,1,75,,64988,31,4,,2,30,,64984,31,4,,1,69,,64986,31,4,,1,30,,64987,31,4,,1,56,,64998,31,4,,1,19,,64997,31,4,,1,12,,64995,31,4,,2,14,,64999,31,4,,1,55,,64989,31,4,,1,12,,64992,31,4,,2,15,,64990,31,4,,1,70,,64991,31,4,,1,27,,64993,31,4,,2,70,,64996,31,4,,1,30,,65000,31,4,,1,67,,64994,31,4,,2,33,,65001,31,4,,2,100,,65003,31,4,,1,93,,65002,31,4,,2,100,,65005,31,4,,2,100,,65004,31,4,,1
7100,'Semaine-10',551,,72937,31,4,,2,70,,72940,31,4,,1,27,,72936,31,4,,2,58,,72941,31,4,,1,17,,72939,31,4,,1,14,,72942,31,4,,1,20,,72938,31,4,,1,51,,72945,31,4,,1,18,,72949,31,4,,1,15,,72946,31,4,,2,15,,72947,31,4,,2,53,,72948,31,4,,1,30,,72951,31,4,,1,15,,72950,31,4,,2,71,,72943,31,4,,1,30,,72952,31,4,,1,70,,72944,31,4,,1,30,,72911,31,4,,1,70,,72912,31,4,,1,30,,72915,31,4,,1,69,,72910,31,4,,2,30,,72913,31,4,,1,75,,72918,31,4,,2,30,,72914,31,4,,1,69,,72916,31,4,,1,30,,72917,31,4,,1,56,,72928,31,4,,1,19,,72927,31,4,,1,12,,72925,31,4,,2,14,,72929,31,4,,1,55,,72919,31,4,,1,12,,72922,31,4,,2,15,,72920,31,4,,1,70,,72921,31,4,,1,27,,72923,31,4,,2,70,,72926,31,4,,1,30,,72930,31,4,,1,67,,72924,31,4,,2,33,,72931,31,4,,2,100,,72933,31,4,,1,93,,72932,31,4,,2,100,,72935,31,4,,2,100,,72934,31,4,,1
7100,'Semaine-11',551,,75468,31,4,,2,70,,75471,31,4,,1,27,,75467,31,4,,2,58,,75472,31,4,,1,17,,75470,31,4,,1,14,,75473,31,4,,1,20,,75469,31,4,,1,51,,75476,31,4,,1,18,,75480,31,4,,1,15,,75477,31,4,,2,15,,75478,31,4,,2,53,,75479,31,4,,1,30,,75482,31,4,,1,15,,75481,31,4,,2,71,,75474,31,4,,1,30,,75483,31,4,,1,70,,75475,31,4,,1,30,,75442,31,4,,1,70,,75443,31,4,,1,30,,75446,31,4,,1,69,,75441,31,4,,2,30,,75444,31,4,,1,75,,75449,31,4,,2,30,,75445,31,4,,1,69,,75447,31,4,,1,30,,75448,31,4,,1,56,,75459,31,4,,1,19,,75458,31,4,,1,12,,75456,31,4,,2,14,,75460,31,4,,1,55,,75450,31,4,,1,12,,75453,31,4,,2,15,,75451,31,4,,1,70,,75452,31,4,,1,27,,75454,31,4,,2,70,,75457,31,4,,1,30,,75461,31,4,,1,67,,75455,31,4,,2,33,,75462,31,4,,2,100,,75464,31,4,,1,93,,75463,31,4,,2,100,,75466,31,4,,2,100,,75465,31,4,,1
7200,'Samedi-0',711,,67427,13,4,,1,100,,67426,13,4,,1,100,,67425,13,4,,1,100,,67429,13,4,,1,100,,67423,13,4,,1,100,,67424,13,4,,1,100,,67428,13,4,,1,100,,67430,13,4,,1,101,,67431,13,4,,1,99,,67432,13,4,,1,100,,67433,13,4,,1,100,,67434,13,4,,1,100,,67435,13,4,,1,100,,67436,13,4,,1
7200,'Samedi-10',711,,77172,13,4,,1,100,,77171,13,4,,1,100,,77170,13,4,,1,100,,77174,13,4,,1,100,,77168,13,4,,1,100,,77169,13,4,,1,100,,77173,13,4,,1,100,,77175,13,4,,1,101,,77176,13,4,,1,99,,77177,13,4,,1,100,,77178,13,4,,1,100,,77179,13,4,,1,100,,77180,13,4,,1,100,,77181,13,4,,1
7200,'Samedi-11',711,,71027,13,4,,1,100,,71026,13,4,,1,100,,71025,13,4,,1,100,,71029,13,4,,1,100,,71023,13,4,,1,100,,71024,13,4,,1,100,,71028,13,4,,1,100,,71030,13,4,,1,101,,71031,13,4,,1,99,,71032,13,4,,1,100,,71033,13,4,,1,100,,71034,13,4,,1,100,,71035,13,4,,1,100,,71036,13,4,,1
7200,'Dimanche-0',711,,68867,13,4,,1,100,,68869,13,4,,1,100,,68866,13,4,,1,100,,68868,13,4,,1,100,,68872,13,4,,1,100,,68865,13,4,,1,100,,68873,13,4,,1,100,,68871,13,4,,1,101,,68870,13,4,,1,99,,68876,13,4,,1,100,,68874,13,4,,1,100,,68878,13,4,,1,100,,68877,13,4,,1,100,,68875,13,4,,1
7200,'Dimanche-10',711,,69946,13,4,,1,100,,69948,13,4,,1,100,,69945,13,4,,1,100,,69947,13,4,,1,100,,69951,13,4,,1,100,,69944,13,4,,1,100,,69952,13,4,,1,100,,69950,13,4,,1,101,,69949,13,4,,1,99,,69955,13,4,,1,100,,69953,13,4,,1,100,,69957,13,4,,1,100,,69956,13,4,,1,100,,69954,13,4,,1
7200,'Dimanche-11',711,,67439,13,4,,1,100,,67441,13,4,,1,100,,67438,13,4,,1,100,,67440,13,4,,1,100,,67444,13,4,,1,100,,67437,13,4,,1,100,,67445,13,4,,1,100,,67443,13,4,,1,101,,67442,13,4,,1,99,,67448,13,4,,1,100,,67446,13,4,,1,100,,67450,13,4,,1,100,,67449,13,4,,1,100,,67447,13,4,,1
7200,'Semaine-0',646,,65074,13,4,,1,70,,65083,13,4,,1,29,,65075,13,4,,2,75,,65072,13,4,,1,26,,65081,13,4,,1,70,,65079,13,4,,1,100,,65069,13,4,,1,100,,65064,13,4,,1,100,,65073,13,4,,1,100,,65068,13,4,,1,100,,65080,13,4,,1,97,,65066,13,4,,1,32,,65067,13,4,,1,71,,65076,13,4,,1,30,,65070,13,4,,1,70,,65082,13,4,,2,30,,65063,13,4,,2,70,,65065,13,4,,2,30,,65077,13,4,,2,65,,65071,13,4,,2,100,,65078,13,4,,1
7200,'Semaine-10',646,,73004,13,4,,1,70,,73013,13,4,,1,29,,73005,13,4,,2,75,,73002,13,4,,1,26,,73011,13,4,,1,70,,73009,13,4,,1,100,,72999,13,4,,1,100,,72994,13,4,,1,100,,73003,13,4,,1,100,,72998,13,4,,1,100,,73010,13,4,,1,97,,72996,13,4,,1,32,,72997,13,4,,1,71,,73006,13,4,,1,30,,73000,13,4,,1,70,,73012,13,4,,2,30,,72993,13,4,,2,70,,72995,13,4,,2,30,,73007,13,4,,2,65,,73001,13,4,,2,100,,73008,13,4,,1
7200,'Semaine-11',646,,75535,13,4,,1,70,,75544,13,4,,1,29,,75536,13,4,,2,75,,75533,13,4,,1,26,,75542,13,4,,1,70,,75540,13,4,,1,100,,75530,13,4,,1,100,,75525,13,4,,1,100,,75534,13,4,,1,100,,75529,13,4,,1,100,,75541,13,4,,1,97,,75527,13,4,,1,32,,75528,13,4,,1,71,,75537,13,4,,1,30,,75531,13,4,,1,70,,75543,13,4,,2,30,,75524,13,4,,2,70,,75526,13,4,,2,30,,75538,13,4,,2,65,,75532,13,4,,2,100,,75539,13,4,,1
7300,'Semaine-0',637,,65098,32,4,,1,70,,65096,32,4,,1,33,,65099,32,4,,2,69,,65106,32,4,,1,30,,65100,32,4,,1,68,,65101,32,4,,1,100,,65103,32,4,,1,100,,65087,32,4,,2,100,,65084,32,4,,2,100,,65085,32,4,,2,100,,65086,32,4,,2,101,,65088,32,4,,1,29,,65089,32,4,,1,72,,65107,32,4,,1,33,,65104,32,4,,2,64,,65105,32,4,,1,31,,65102,32,4,,1,70,,65090,32,4,,2,30,,65091,32,4,,2,68,,65092,32,4,,2,100,,65093,32,4,,1,105,,65094,32,4,,1,100,,65095,32,4,,1,100,,65097,32,4,,2
7300,'Semaine-10',637,,73028,32,4,,1,70,,73026,32,4,,1,33,,73029,32,4,,2,69,,73036,32,4,,1,30,,73030,32,4,,1,68,,73031,32,4,,1,100,,73033,32,4,,1,100,,73017,32,4,,2,100,,73014,32,4,,2,100,,73015,32,4,,2,100,,73016,32,4,,2,101,,73018,32,4,,1,29,,73019,32,4,,1,72,,73037,32,4,,1,33,,73034,32,4,,2,64,,73035,32,4,,1,31,,73032,32,4,,1,70,,73020,32,4,,2,30,,73021,32,4,,2,68,,73022,32,4,,2,100,,73023,32,4,,1,105,,73024,32,4,,1,100,,73025,32,4,,1,100,,73027,32,4,,2
7300,'Semaine-11',637,,75559,32,4,,1,70,,75557,32,4,,1,33,,75560,32,4,,2,69,,75567,32,4,,1,30,,75561,32,4,,1,68,,75562,32,4,,1,100,,75564,32,4,,1,100,,75548,32,4,,2,100,,75545,32,4,,2,100,,75546,32,4,,2,100,,75547,32,4,,2,101,,75549,32,4,,1,29,,75550,32,4,,1,72,,75568,32,4,,1,33,,75565,32,4,,2,64,,75566,32,4,,1,31,,75563,32,4,,1,70,,75551,32,4,,2,30,,75552,32,4,,2,68,,75553,32,4,,2,100,,75554,32,4,,1,105,,75555,32,4,,1,100,,75556,32,4,,1,100,,75558,32,4,,2
7600,'Samedi-0',748,,67524,23,4,,1,100,,67527,23,4,,1,100,,67526,23,4,,1,100,,67529,23,4,,1,100,,67528,23,4,,1,101,,67523,23,4,,1,99,,67525,23,4,,1,100,,67530,23,4,,1,100,,67531,23,4,,1,100,,67532,23,4,,1,100,,67533,23,4,,1,100,,67534,23,4,,1,100,,67535,23,4,,1,100,,67536,23,4,,1,100,,67537,23,4,,1,100,,67538,23,4,,1
7600,'Samedi-10',748,,77219,23,4,,1,100,,77222,23,4,,1,100,,77221,23,4,,1,100,,77224,23,4,,1,100,,77223,23,4,,1,101,,77218,23,4,,1,99,,77220,23,4,,1,100,,77225,23,4,,1,100,,77226,23,4,,1,100,,77227,23,4,,1,100,,77228,23,4,,1,100,,77229,23,4,,1,100,,77230,23,4,,1,100,,77231,23,4,,1,100,,77232,23,4,,1,100,,77233,23,4,,1
7600,'Samedi-11',748,,71074,23,4,,1,100,,71077,23,4,,1,100,,71076,23,4,,1,100,,71079,23,4,,1,100,,71078,23,4,,1,101,,71073,23,4,,1,99,,71075,23,4,,1,100,,71080,23,4,,1,100,,71081,23,4,,1,100,,71082,23,4,,1,100,,71083,23,4,,1,100,,71084,23,4,,1,100,,71085,23,4,,1,100,,71086,23,4,,1,100,,71087,23,4,,1,100,,71088,23,4,,1
7600,'Dimanche-0',748,,68918,23,4,,1,100,,68917,23,4,,1,100,,68916,23,4,,1,100,,68921,23,4,,1,100,,68915,23,4,,1,101,,68920,23,4,,1,99,,68919,23,4,,1,100,,68922,23,4,,1,100,,68923,23,4,,1,100,,68924,23,4,,1,100,,68927,23,4,,1,100,,68925,23,4,,1,100,,68926,23,4,,1,100,,68928,23,4,,1,100,,68929,23,4,,1,100,,68930,23,4,,1
7600,'Dimanche-10',748,,69997,23,4,,1,100,,69996,23,4,,1,100,,69995,23,4,,1,100,,70000,23,4,,1,100,,69994,23,4,,1,101,,69999,23,4,,1,99,,69998,23,4,,1,100,,70001,23,4,,1,100,,70002,23,4,,1,100,,70003,23,4,,1,100,,70006,23,4,,1,100,,70004,23,4,,1,100,,70005,23,4,,1,100,,70007,23,4,,1,100,,70008,23,4,,1,100,,70009,23,4,,1
7600,'Dimanche-11',748,,67542,23,4,,1,100,,67541,23,4,,1,100,,67540,23,4,,1,100,,67545,23,4,,1,100,,67539,23,4,,1,101,,67544,23,4,,1,99,,67543,23,4,,1,100,,67546,23,4,,1,100,,67547,23,4,,1,100,,67548,23,4,,1,100,,67551,23,4,,1,100,,67549,23,4,,1,100,,67550,23,4,,1,100,,67552,23,4,,1,100,,67553,23,4,,1,100,,67554,23,4,,1
7600,'Semaine-0',556,,65231,23,4,,1,70,,65228,23,4,,1,22,,65232,23,4,,1,58,,65229,23,4,,1,19,,65230,23,4,,2,24,,65233,23,4,,1,63,,65234,23,4,,1,14,,65242,23,4,,1,20,,65241,23,4,,1,63,,65236,23,4,,1,18,,65237,23,4,,2,25,,65235,23,4,,1,70,,65239,23,4,,1,30,,65238,23,4,,1,70,,65240,23,4,,2,28,,65208,23,4,,1,72,,65209,23,4,,1,30,,65210,23,4,,1,70,,65206,23,4,,1,30,,65213,23,4,,1,70,,65207,23,4,,1,33,,65211,23,4,,1,70,,65212,23,4,,1,34,,65205,23,4,,1,56,,65220,23,4,,1,17,,65214,23,4,,1,23,,65217,23,4,,2,60,,65221,23,4,,1,13,,65218,23,4,,2,20,,65222,23,4,,1,70,,65223,23,4,,1,30,,65219,23,4,,1,70,,65224,23,4,,1,86,,65215,23,4,,1,98,,65225,23,4,,2,100,,65226,23,4,,2,100,,65216,23,4,,2,100,,65227,23,4,,1
7600,'Semaine-10',556,,73161,23,4,,1,70,,73158,23,4,,1,22,,73162,23,4,,1,58,,73159,23,4,,1,19,,73160,23,4,,2,24,,73163,23,4,,1,63,,73164,23,4,,1,14,,73172,23,4,,1,20,,73171,23,4,,1,63,,73166,23,4,,1,18,,73167,23,4,,2,25,,73165,23,4,,1,70,,73169,23,4,,1,30,,73168,23,4,,1,70,,73170,23,4,,2,28,,73138,23,4,,1,72,,73139,23,4,,1,30,,73140,23,4,,1,70,,73136,23,4,,1,30,,73143,23,4,,1,70,,73137,23,4,,1,33,,73141,23,4,,1,70,,73142,23,4,,1,34,,73135,23,4,,1,56,,73150,23,4,,1,17,,73144,23,4,,1,23,,73147,23,4,,2,60,,73151,23,4,,1,13,,73148,23,4,,2,20,,73152,23,4,,1,70,,73153,23,4,,1,30,,73149,23,4,,1,70,,73154,23,4,,1,86,,73145,23,4,,1,98,,73155,23,4,,2,100,,73156,23,4,,2,100,,73146,23,4,,2,100,,73157,23,4,,1
7600,'Semaine-11',556,,75692,23,4,,1,70,,75689,23,4,,1,22,,75693,23,4,,1,58,,75690,23,4,,1,19,,75691,23,4,,2,24,,75694,23,4,,1,63,,75695,23,4,,1,14,,75703,23,4,,1,20,,75702,23,4,,1,63,,75697,23,4,,1,18,,75698,23,4,,2,25,,75696,23,4,,1,70,,75700,23,4,,1,30,,75699,23,4,,1,70,,75701,23,4,,2,28,,75669,23,4,,1,72,,75670,23,4,,1,30,,75671,23,4,,1,70,,75667,23,4,,1,30,,75674,23,4,,1,70,,75668,23,4,,1,33,,75672,23,4,,1,70,,75673,23,4,,1,34,,75666,23,4,,1,56,,75681,23,4,,1,17,,75675,23,4,,1,23,,75678,23,4,,2,60,,75682,23,4,,1,13,,75679,23,4,,2,20,,75683,23,4,,1,70,,75684,23,4,,1,30,,75680,23,4,,1,70,,75685,23,4,,1,86,,75676,23,4,,1,98,,75686,23,4,,2,100,,75687,23,4,,2,100,,75677,23,4,,2,100,,75688,23,4,,1
7900,'Semaine-0',1217,,65343,9,4,,1,33,,65346,28,4,,1,100,,65347,28,4,,1,175,,65344,28,4,,1,30,,65345,28,4,,1,72,,65348,28,4,,1,29,,65341,28,4,,1,67,,65349,28,4,,1,29,,65342,28,4,,2,85,,65350,28,4,,1,85,,65351,28,4,,1
7900,'Semaine-10',1217,,73273,9,4,,1,33,,73276,28,4,,1,100,,73277,28,4,,1,175,,73274,28,4,,1,30,,73275,28,4,,1,72,,73278,28,4,,1,29,,73271,28,4,,1,67,,73279,28,4,,1,29,,73272,28,4,,2,85,,73280,28,4,,1,85,,73281,28,4,,1
7900,'Semaine-11',1217,,75804,9,4,,1,33,,75807,28,4,,1,100,,75808,28,4,,1,175,,75805,28,4,,1,30,,75806,28,4,,1,72,,75809,28,4,,1,29,,75802,28,4,,1,67,,75810,28,4,,1,29,,75803,28,4,,2,85,,75811,28,4,,1,85,,75812,28,4,,1
57100,'Semaine-0',1613,,65853,68,4,,1
57100,'Semaine-10',1613,,73783,68,4,,1
57100,'Semaine-11',1613,,76314,68,4,,1
