2701,'Semaine-0',618,,63511,13,,,1,83,,63512,13,,,1,51,,63509,13,,,1,66,,63510,13,,,2
2701,'Semaine-10',618,,71441,13,,,1,83,,71442,13,,,1,51,,71439,13,,,1,66,,71440,13,,,2
2701,'Semaine-11',618,,73972,13,,,1,83,,73973,13,,,1,51,,73970,13,,,1,66,,73971,13,,,2
3300,'Samedi-0',813,,66061,44,,,1,100,,66062,44,,,1,101,,66063,44,,,1,100,,66064,44,,,1,103,,66065,44,,,1,100,,66066,44,,,1,100,,66067,44,,,1,100,,66068,44,,,1,100,,66069,44,,,1,100,,66070,44,,,1,100,,66071,44,,,1,98,,66072,44,,,1,99,,66073,44,,,1,100,,66074,44,,,1,100,,66075,44,,,1,100,,66076,44,,,1,99,,66077,44,,,1,98,,66078,44,,,1
3300,'Samedi-10',813,,76487,44,,,1,100,,76488,44,,,1,101,,76489,44,,,1,100,,76490,44,,,1,103,,76491,44,,,1,100,,76492,44,,,1,100,,76493,44,,,1,100,,76494,44,,,1,100,,76495,44,,,1,100,,76496,44,,,1,100,,76497,44,,,1,98,,76498,44,,,1,99,,76499,44,,,1,100,,76500,44,,,1,100,,76501,44,,,1,100,,76502,44,,,1,99,,76503,44,,,1,98,,76504,44,,,1
3300,'Samedi-11',813,,70342,44,,,1,100,,70343,44,,,1,101,,70344,44,,,1,100,,70345,44,,,1,103,,70346,44,,,1,100,,70347,44,,,1,100,,70348,44,,,1,100,,70349,44,,,1,100,,70350,44,,,1,100,,70351,44,,,1,100,,70352,44,,,1,98,,70353,44,,,1,99,,70354,44,,,1,100,,70355,44,,,1,100,,70356,44,,,1,100,,70357,44,,,1,99,,70358,44,,,1,98,,70359,44,,,1
3300,'Dimanche-0',813,,68185,44,,,1,100,,68190,44,,,1,101,,68196,44,,,1,100,,68187,44,,,1,103,,68189,44,,,1,100,,68186,44,,,1,100,,68188,44,,,1,100,,68184,44,,,1,100,,68192,44,,,1,100,,68191,44,,,1,100,,68194,44,,,1,98,,68193,44,,,1,99,,68195,44,,,1,100,,68197,44,,,1,100,,68198,44,,,1,100,,68199,44,,,1,99,,68200,44,,,1,98,,68201,44,,,1
3300,'Dimanche-10',813,,69264,44,,,1,100,,69269,44,,,1,101,,69275,44,,,1,100,,69266,44,,,1,103,,69268,44,,,1,100,,69265,44,,,1,100,,69267,44,,,1,100,,69263,44,,,1,100,,69271,44,,,1,100,,69270,44,,,1,100,,69273,44,,,1,98,,69272,44,,,1,99,,69274,44,,,1,100,,69276,44,,,1,100,,69277,44,,,1,100,,69278,44,,,1,99,,69279,44,,,1,98,,69280,44,,,1
3300,'Dimanche-11',813,,66080,44,,,1,100,,66085,44,,,1,101,,66091,44,,,1,100,,66082,44,,,1,103,,66084,44,,,1,100,,66081,44,,,1,100,,66083,44,,,1,100,,66079,44,,,1,100,,66087,44,,,1,100,,66086,44,,,1,100,,66089,44,,,1,98,,66088,44,,,1,99,,66090,44,,,1,100,,66092,44,,,1,100,,66093,44,,,1,100,,66094,44,,,1,99,,66095,44,,,1,98,,66096,44,,,1
3300,'Semaine-0',656,,63741,44,,,1,60,,63740,44,,,1,19,,63747,44,,,1,74,,63720,44,,,1,13,,63734,44,,,1,19,,63742,44,,,1,16,,63755,44,,,1,57,,63748,44,,,1,27,,63732,44,,,1,66,,63750,44,,,1,31,,63735,44,,,1,78,,63725,44,,,1,21,,63744,44,,,1,20,,63730,44,,,1,60,,63737,44,,,1,20,,63726,44,,,1,22,,63752,44,,,1,58,,63733,44,,,1,20,,63754,44,,,1,72,,63739,44,,,1,30,,63727,44,,,1,20,,63749,44,,,1,60,,63745,44,,,1,22,,63738,44,,,1,63,,63717,44,,,1,21,,63729,44,,,1,12,,63736,44,,,1,13,,63753,44,,,1,56,,63751,44,,,1,25,,63746,44,,,1,20,,63724,44,,,1,59,,63723,44,,,1,15,,63728,44,,,1,18,,63716,44,,,1,58,,63721,44,,,1,41,,63756,44,,,1,73,,63731,44,,,1,98,,63722,44,,,1,102,,63718,44,,,1,100,,63743,44,,,2,100,,63757,44,,,1,103,,63719,44,,,1
3300,'Semaine-10',656,,71671,44,,,1,60,,71670,44,,,1,19,,71677,44,,,1,74,,71650,44,,,1,13,,71664,44,,,1,19,,71672,44,,,1,16,,71685,44,,,1,57,,71678,44,,,1,27,,71662,44,,,1,66,,71680,44,,,1,31,,71665,44,,,1,78,,71655,44,,,1,21,,71674,44,,,1,20,,71660,44,,,1,60,,71667,44,,,1,20,,71656,44,,,1,22,,71682,44,,,1,58,,71663,44,,,1,20,,71684,44,,,1,72,,71669,44,,,1,30,,71657,44,,,1,20,,71679,44,,,1,60,,71675,44,,,1,22,,71668,44,,,1,63,,71647,44,,,1,21,,71659,44,,,1,12,,71666,44,,,1,13,,71683,44,,,1,56,,71681,44,,,1,25,,71676,44,,,1,20,,71654,44,,,1,59,,71653,44,,,1,15,,71658,44,,,1,18,,71646,44,,,1,58,,71651,44,,,1,41,,71686,44,,,1,73,,71661,44,,,1,98,,71652,44,,,1,102,,71648,44,,,1,100,,71673,44,,,2,100,,71687,44,,,1,103,,71649,44,,,1
3300,'Semaine-11',656,,74202,44,,,1,60,,74201,44,,,1,19,,74208,44,,,1,74,,74181,44,,,1,13,,74195,44,,,1,19,,74203,44,,,1,16,,74216,44,,,1,57,,74209,44,,,1,27,,74193,44,,,1,66,,74211,44,,,1,31,,74196,44,,,1,78,,74186,44,,,1,21,,74205,44,,,1,20,,74191,44,,,1,60,,74198,44,,,1,20,,74187,44,,,1,22,,74213,44,,,1,58,,74194,44,,,1,20,,74215,44,,,1,72,,74200,44,,,1,30,,74188,44,,,1,20,,74210,44,,,1,60,,74206,44,,,1,22,,74199,44,,,1,63,,74178,44,,,1,21,,74190,44,,,1,12,,74197,44,,,1,13,,74214,44,,,1,56,,74212,44,,,1,25,,74207,44,,,1,20,,74185,44,,,1,59,,74184,44,,,1,15,,74189,44,,,1,18,,74177,44,,,1,58,,74182,44,,,1,41,,74217,44,,,1,73,,74192,44,,,1,98,,74183,44,,,1,102,,74179,44,,,1,100,,74204,44,,,2,100,,74218,44,,,1,103,,74180,44,,,1
33100,'Semaine-0',836,,65576,35,0,7 8,1
33100,'Semaine-10',836,,73506,35,0,7 8,1
33100,'Semaine-11',836,,76037,35,0,7 8,1
43300,'Semaine-0',1510,,65830,22,0,9 14,2
43300,'Semaine-10',1510,,73760,22,0,9 14,2
43300,'Semaine-11',1510,,76291,22,0,9 14,2
56600,'Semaine-0',1536,,65849,23,0,5 6,1
56600,'Semaine-10',1536,,73779,23,0,5 6,1
56600,'Semaine-11',1536,,76310,23,0,5 6,1
73300,'Semaine-0',1648,,65879,40,,,1
73300,'Semaine-10',1648,,73809,40,,,1
73300,'Semaine-11',1648,,76340,40,,,1
82701,'Semaine-0',754,,65971,13,0,9 12 13,2
82701,'Semaine-10',754,,73901,13,0,9 12 13,2
82701,'Semaine-11',754,,76433,13,0,9 12 13,2
