3600,'Semaine-0',904,,63929,11,,,1,99,,63930,11,,,1,101,,63928,11,,,1,100,,63931,11,,,1,100,,63933,11,,,1,100,,63934,11,,,1,99,,63932,11,,,1
3600,'Semaine-10',904,,71859,11,,,1,99,,71860,11,,,1,101,,71858,11,,,1,100,,71861,11,,,1,100,,71863,11,,,1,100,,71864,11,,,1,99,,71862,11,,,1
3600,'Semaine-11',904,,74390,11,,,1,99,,74391,11,,,1,101,,74389,11,,,1,100,,74392,11,,,1,100,,74394,11,,,1,100,,74395,11,,,1,99,,74393,11,,,1
3700,'Samedi-0',727,,66265,11,,,1,100,,66266,11,,,1,100,,66268,11,,,1,101,,66269,11,,,1,100,,66267,11,,,1,100,,66270,11,,,1,100,,66271,11,,,1,100,,66272,11,,,1,100,,66273,11,,,1,100,,66274,11,,,1,100,,66275,11,,,1,100,,66276,11,,,1,99,,66277,11,,,1,100,,66278,11,,,1,100,,66279,11,,,1,100,,66280,11,,,1,100,,66281,11,,,1,100,,66282,11,,,1
3700,'Samedi-11',727,,70444,11,,,1,100,,70445,11,,,1,100,,70447,11,,,1,101,,70448,11,,,1,100,,70446,11,,,1,100,,70449,11,,,1,100,,70450,11,,,1,100,,70451,11,,,1,100,,70452,11,,,1,100,,70453,11,,,1,100,,70454,11,,,1,100,,70455,11,,,1,99,,70456,11,,,1,100,,70457,11,,,1,100,,70458,11,,,1,100,,70459,11,,,1,100,,70460,11,,,1,100,,70461,11,,,1
3700,'Dimanche-0',727,,68288,11,,,1,100,,68291,11,,,1,100,,68293,11,,,1,101,,68289,11,,,1,100,,68286,11,,,1,100,,68290,11,,,1,100,,68287,11,,,1,100,,68292,11,,,1,100,,68294,11,,,1,100,,68296,11,,,1,100,,68295,11,,,1,100,,68299,11,,,1,99,,68298,11,,,1,100,,68297,11,,,1,100,,68300,11,,,1,100,,68301,11,,,1,100,,68302,11,,,1,100,,68303,11,,,1
3700,'Dimanche-10',727,,69367,11,,,1,100,,69370,11,,,1,100,,69372,11,,,1,101,,69368,11,,,1,100,,69365,11,,,1,100,,69369,11,,,1,100,,69366,11,,,1,100,,69371,11,,,1,100,,69373,11,,,1,100,,69375,11,,,1,100,,69374,11,,,1,100,,69378,11,,,1,99,,69377,11,,,1,100,,69376,11,,,1,100,,69379,11,,,1,100,,69380,11,,,1,100,,69381,11,,,1,100,,69382,11,,,1
3700,'Dimanche-11',727,,66285,11,,,1,100,,66288,11,,,1,100,,66290,11,,,1,101,,66286,11,,,1,100,,66283,11,,,1,100,,66287,11,,,1,100,,66284,11,,,1,100,,66289,11,,,1,100,,66291,11,,,1,100,,66293,11,,,1,100,,66292,11,,,1,100,,66296,11,,,1,99,,66295,11,,,1,100,,66294,11,,,1,100,,66297,11,,,1,100,,66298,11,,,1,100,,66299,11,,,1,100,,66300,11,,,1
3700,'Semaine-0',644,,63963,11,,,1,81,,63969,11,,,1,34,,63960,11,,,1,68,,63944,11,,,1,29,,63958,11,,,1,89,,63950,11,,,1,100,,63946,11,,,1,100,,63947,11,,,1,100,,63948,11,,,1,100,,63949,11,,,1,100,,63955,11,,,1,87,,63956,11,,,1,16,,63957,11,,,1,55,,63943,11,,,1,15,,63965,11,,,1,25,,63952,11,,,1,70,,63961,11,,,1,23,,63951,11,,,1,68,,63945,11,,,1,30,,63942,11,,,1,69,,63953,11,,,1,29,,63968,11,,,1,69,,63959,11,,,1,36,,63970,11,,,1,100,,63966,11,,,1,100,,63954,11,,,1,100,,63964,11,,,1,100,,63967,11,,,1,15,,63962,11,,,1
3700,'Semaine-10',644,,71893,11,,,1,81,,71899,11,,,1,34,,71890,11,,,1,68,,71874,11,,,1,29,,71888,11,,,1,89,,71880,11,,,1,100,,71876,11,,,1,100,,71877,11,,,1,100,,71878,11,,,1,100,,71879,11,,,1,100,,71885,11,,,1,87,,71886,11,,,1,16,,71887,11,,,1,55,,71873,11,,,1,15,,71895,11,,,1,25,,71882,11,,,1,70,,71891,11,,,1,23,,71881,11,,,1,68,,71875,11,,,1,30,,71872,11,,,1,69,,71883,11,,,1,29,,71898,11,,,1,69,,71889,11,,,1,36,,71900,11,,,1,100,,71896,11,,,1,100,,71884,11,,,1,100,,71894,11,,,1,100,,71897,11,,,1,15,,71892,11,,,1
3700,'Semaine-11',644,,74424,11,,,1,81,,74430,11,,,1,34,,74421,11,,,1,68,,74405,11,,,1,29,,74419,11,,,1,89,,74411,11,,,1,100,,74407,11,,,1,100,,74408,11,,,1,100,,74409,11,,,1,100,,74410,11,,,1,100,,74416,11,,,1,87,,74417,11,,,1,16,,74418,11,,,1,55,,74404,11,,,1,15,,74426,11,,,1,25,,74413,11,,,1,70,,74422,11,,,1,23,,74412,11,,,1,68,,74406,11,,,1,30,,74403,11,,,1,69,,74414,11,,,1,29,,74429,11,,,1,69,,74420,11,,,1,36,,74431,11,,,1,100,,74427,11,,,1,100,,74415,11,,,1,100,,74425,11,,,1,100,,74428,11,,,1,15,,74423,11,,,1
37100,'Samedi-0',757,,67718,11,,,1,100,,67722,11,,,1,100,,67717,11,,,1,101,,67723,11,,,1,100,,67719,11,,,1,100,,67720,11,,,1,100,,67721,11,,,1,100,,67724,11,,,1,100,,67725,11,,,1,100,,67726,11,,,1,100,,67727,11,,,1,100,,67728,11,,,1,100,,67729,11,,,1,99,,67730,11,,,1,100,,67731,11,,,1,100,,67732,11,,,1,100,,67733,11,,,1
37100,'Samedi-11',757,,71171,11,,,1,100,,71175,11,,,1,100,,71170,11,,,1,101,,71176,11,,,1,100,,71172,11,,,1,100,,71173,11,,,1,100,,71174,11,,,1,100,,71177,11,,,1,100,,71178,11,,,1,100,,71179,11,,,1,100,,71180,11,,,1,100,,71181,11,,,1,100,,71182,11,,,1,99,,71183,11,,,1,100,,71184,11,,,1,100,,71185,11,,,1,100,,71186,11,,,1
37100,'Dimanche-0',757,,69012,11,,,1,100,,69014,11,,,1,100,,69016,11,,,1,101,,69017,11,,,1,100,,69024,11,,,1,100,,69013,11,,,1,100,,69018,11,,,1,100,,69015,11,,,1,100,,69020,11,,,1,100,,69022,11,,,1,100,,69023,11,,,1,100,,69021,11,,,1,100,,69019,11,,,1,99,,69025,11,,,1,100,,69026,11,,,1,100,,69027,11,,,1,100,,69028,11,,,1
37100,'Dimanche-10',757,,70091,11,,,1,100,,70093,11,,,1,100,,70095,11,,,1,101,,70096,11,,,1,100,,70103,11,,,1,100,,70092,11,,,1,100,,70097,11,,,1,100,,70094,11,,,1,100,,70099,11,,,1,100,,70101,11,,,1,100,,70102,11,,,1,100,,70100,11,,,1,100,,70098,11,,,1,99,,70104,11,,,1,100,,70105,11,,,1,100,,70106,11,,,1,100,,70107,11,,,1
37100,'Dimanche-11',757,,67734,11,,,1,100,,67736,11,,,1,100,,67738,11,,,1,101,,67739,11,,,1,100,,67746,11,,,1,100,,67735,11,,,1,100,,67740,11,,,1,100,,67737,11,,,1,100,,67742,11,,,1,100,,67744,11,,,1,100,,67745,11,,,1,100,,67743,11,,,1,100,,67741,11,,,1,99,,67747,11,,,1,100,,67748,11,,,1,100,,67749,11,,,1,100,,67750,11,,,1
37100,'Semaine-0',703,,65591,11,,,1,33,,65588,11,,,1,70,,65584,11,,,1,29,,65579,11,,,1,90,,65598,11,,,1,97,,65583,11,,,1,102,,65585,11,,,1,100,,65597,11,,,1,99,,65592,11,,,1,102,,65581,11,,,1,92,,65593,11,,,1,19,,65602,11,,,1,16,,65582,11,,,1,55,,65603,11,,,1,26,,65578,11,,,1,20,,65587,11,,,1,69,,65594,11,,,1,25,,65600,11,,,1,68,,65599,11,,,1,30,,65589,11,,,1,69,,65601,11,,,1,30,,65604,11,,,1,70,,65590,11,,,1,95,,65586,11,,,1,100,,65596,11,,,1,100,,65595,11,,,1,98,,65580,11,,,1
37100,'Semaine-10',703,,73521,11,,,1,33,,73518,11,,,1,70,,73514,11,,,1,29,,73509,11,,,1,90,,73528,11,,,1,97,,73513,11,,,1,102,,73515,11,,,1,100,,73527,11,,,1,99,,73522,11,,,1,102,,73511,11,,,1,92,,73523,11,,,1,19,,73532,11,,,1,16,,73512,11,,,1,55,,73533,11,,,1,26,,73508,11,,,1,20,,73517,11,,,1,69,,73524,11,,,1,25,,73530,11,,,1,68,,73529,11,,,1,30,,73519,11,,,1,69,,73531,11,,,1,30,,73534,11,,,1,70,,73520,11,,,1,95,,73516,11,,,1,100,,73526,11,,,1,100,,73525,11,,,1,98,,73510,11,,,1
37100,'Semaine-11',703,,76052,11,,,1,33,,76049,11,,,1,70,,76045,11,,,1,29,,76040,11,,,1,90,,76059,11,,,1,97,,76044,11,,,1,102,,76046,11,,,1,100,,76058,11,,,1,99,,76053,11,,,1,102,,76042,11,,,1,92,,76054,11,,,1,19,,76063,11,,,1,16,,76043,11,,,1,55,,76064,11,,,1,26,,76039,11,,,1,20,,76048,11,,,1,69,,76055,11,,,1,25,,76061,11,,,1,68,,76060,11,,,1,30,,76050,11,,,1,69,,76062,11,,,1,30,,76065,11,,,1,70,,76051,11,,,1,95,,76047,11,,,1,100,,76057,11,,,1,100,,76056,11,,,1,98,,76041,11,,,1
43700,'Semaine-0',723,,65832,7,0,9 14,1,2,,65833,3,0,9 14,2
43700,'Semaine-10',723,,73762,7,0,9 14,1,2,,73763,3,0,9 14,2
43700,'Semaine-11',723,,76293,7,0,9 14,1,2,,76294,3,0,9 14,2
82901,'Semaine-0',803,,65975,19,0,9 12 13,1,1,,65976,19,0,9 12 13,1,1,,65977,19,0,9 12 13,2
82901,'Semaine-10',803,,73905,19,0,9 12 13,1,1,,73906,19,0,9 12 13,1,1,,73907,19,0,9 12 13,2
82901,'Semaine-11',803,,76437,19,0,9 12 13,1,1,,76438,19,0,9 12 13,1,1,,76439,19,0,9 12 13,2
