2700,'Semaine-0',1626,,63506,43,,,1,30,,63504,43,,,2,67,,63508,43,,,1,28,,63505,43,,,2,69,,63507,43,,,2
2700,'Semaine-10',1626,,71436,43,,,1,30,,71434,43,,,2,67,,71438,43,,,1,28,,71435,43,,,2,69,,71437,43,,,2
3500,'Semaine-0',1540,,63876,52,,,2,112,,63881,52,,,1,70,,63885,52,,,1,93,,63868,52,,,1,92,,63895,52,,,1,126,,63874,52,,,1,100,,63888,52,,,1,100,,63892,52,,,1
3500,'Semaine-10',1540,,71806,52,,,2,112,,71811,52,,,1,70,,71815,52,,,1,93,,71798,52,,,1,92,,71825,52,,,1,126,,71804,52,,,1,100,,71818,52,,,1,100,,71822,52,,,1
33101,'Semaine-0',1633,,65577,25,0,7 8,1
33101,'Semaine-10',1633,,73507,25,0,7 8,1
43301,'Semaine-0',737,,65831,20,0,9 14,1
43301,'Semaine-10',737,,73761,20,0,9 14,1
82700,'Semaine-0',1546,,65970,33,0,9 12 13,2
82700,'Semaine-10',1546,,73900,33,0,9 12 13,2
