2300,'Semaine-0',1545,,63476,15,,,1,69,,63474,15,,,1,34,,63472,15,,,1,65,,63473,15,,,2,26,,63475,15,,,2,69,,63471,15,,,1
2300,'Semaine-10',1545,,71406,15,,,1,69,,71404,15,,,1,34,,71402,15,,,1,65,,71403,15,,,2,26,,71405,15,,,2,69,,71401,15,,,1
2500,'Semaine-0',1530,,63482,14,,,1,70,,63485,14,,,1,30,,63483,14,,,1,73,,63487,14,,,1,25,,63484,14,,,2,27,,63486,14,,,2
2500,'Semaine-10',1530,,71412,14,,,1,70,,71415,14,,,1,30,,71413,14,,,1,73,,71417,14,,,1,25,,71414,14,,,2,27,,71416,14,,,2
3500,'Semaine-0',641,,63886,22,0,15 16,1,78,,63861,22,0,15 16,2,23,,63871,22,0,15 16,1,63,,63889,22,0,15 16,1,15,,63879,22,0,15 16,1,20,,63894,22,0,15 16,1,60,,63891,22,0,15 16,1,23,,63884,22,0,15 16,1,21,,63890,22,0,15 16,1,70,,63869,22,0,15 16,1,26,,63882,22,0,15 16,1,74,,63863,22,0,15 16,1,28,,63867,22,0,15 16,1,70,,63877,22,0,15 16,2,32,,63862,22,0,15 16,1,70,,63872,22,0,15 16,1,30,,63893,22,0,15 16,2,70,,63880,22,0,15 16,1,30,,63864,22,0,15 16,2,74,,63876,22,,,2,33,,63878,22,0,15 16,1,58,,63870,15,0,15 16,1,19,,63881,22,,,1,13,,63875,15,0,15 16,1,18,,63885,22,,,1,65,,63887,22,0,15 16,1,29,,63868,22,,,1,64,,63866,22,0,15 16,1,28,,63895,22,,,1,66,,63883,22,0,15 16,1,30,,63873,15,0,15 16,1,70,,63874,22,,,1,100,,63888,22,,,1,100,,63892,22,,,1,100,,63865,22,0,15 16,1
3500,'Semaine-10',641,,71816,22,0,15 16,1,78,,71791,22,0,15 16,2,23,,71801,22,0,15 16,1,63,,71819,22,0,15 16,1,15,,71809,22,0,15 16,1,20,,71824,22,0,15 16,1,60,,71821,22,0,15 16,1,23,,71814,22,0,15 16,1,21,,71820,22,0,15 16,1,70,,71799,22,0,15 16,1,26,,71812,22,0,15 16,1,74,,71793,22,0,15 16,1,28,,71797,22,0,15 16,1,70,,71807,22,0,15 16,2,32,,71792,22,0,15 16,1,70,,71802,22,0,15 16,1,30,,71823,22,0,15 16,2,70,,71810,22,0,15 16,1,30,,71794,22,0,15 16,2,74,,71806,22,,,2,33,,71808,22,0,15 16,1,58,,71800,15,0,15 16,1,19,,71811,22,,,1,13,,71805,15,0,15 16,1,18,,71815,22,,,1,65,,71817,22,0,15 16,1,29,,71798,22,,,1,64,,71796,22,0,15 16,1,28,,71825,22,,,1,66,,71813,22,0,15 16,1,30,,71803,15,0,15 16,1,70,,71804,22,,,1,100,,71818,22,,,1,100,,71822,22,,,1,100,,71795,22,0,15 16,1
72500,'Semaine-0',1623,,65874,12,0,5 11,1
72500,'Semaine-10',1623,,73804,12,0,5 11,1
82500,'Semaine-0',1526,,65963,6,0,9 12 13,1
82500,'Semaine-10',1526,,73893,6,0,9 12 13,1
