2601,'Semaine-0',549,,63500,5,,,1,71,,63502,5,,,2,30,,63503,5,,,2,70,,63501,5,,,1,30,,63499,5,,,2
2601,'Semaine-10',549,,71430,5,,,1,71,,71432,5,,,2,30,,71433,5,,,2,70,,71431,5,,,1,30,,71429,5,,,2
32601,'Semaine-0',818,,65573,21,0,7 8,1
32601,'Semaine-10',818,,73503,21,0,7 8,1
42600,'Semaine-0',721,,65820,5,0,9 14,1,1,,65821,5,0,9 14,1
42600,'Semaine-10',721,,73750,5,0,9 14,1,1,,73751,5,0,9 14,1
72901,'Semaine-0',805,,65878,5,0,5 11,2
72901,'Semaine-10',805,,73808,5,0,5 11,2
82601,'Semaine-0',742,,65968,21,0,9 12 13,1,1,,65969,21,0,9 12 13,1
82601,'Semaine-10',742,,73898,21,0,9 12 13,1,1,,73899,21,0,9 12 13,1
