6701,'Samedi-0',640,,67245,22,,,1,101,,67251,22,,,1,100,,67247,22,,,1,101,,67246,22,,,1,70,,67249,22,,,1,30,,67254,22,,,1,71,,67255,22,,,1,30,,67248,22,,,1,70,,67250,22,,,1,30,,67253,22,,,1,70,,67256,22,,,1,30,,67257,22,,,1,70,,67252,22,,,1,30,,67258,22,,,1,71,,67259,22,,,1,30,,67260,22,,,1,70,,67261,22,,,1,28,,67262,22,,,1,72,,67263,22,,,1,29,,67264,22,,,1,70,,67265,22,,,1,28,,67266,22,,,1,71,,67267,22,,,1,100,,67268,22,,,1,100,,67269,22,,,1,100,,67271,22,,,1,99,,67270,22,,,1
6701,'Samedi-10',640,,77079,22,,,1,101,,77085,22,,,1,100,,77081,22,,,1,101,,77080,22,,,1,70,,77083,22,,,1,30,,77088,22,,,1,71,,77089,22,,,1,30,,77082,22,,,1,70,,77084,22,,,1,30,,77087,22,,,1,70,,77090,22,,,1,30,,77091,22,,,1,70,,77086,22,,,1,30,,77092,22,,,1,71,,77093,22,,,1,30,,77094,22,,,1,70,,77095,22,,,1,28,,77096,22,,,1,72,,77097,22,,,1,29,,77098,22,,,1,70,,77099,22,,,1,28,,77100,22,,,1,71,,77101,22,,,1,100,,77102,22,,,1,100,,77103,22,,,1,100,,77105,22,,,1,99,,77104,22,,,1
6701,'Samedi-11',640,,70934,22,,,1,101,,70940,22,,,1,100,,70936,22,,,1,101,,70935,22,,,1,70,,70938,22,,,1,30,,70943,22,,,1,71,,70944,22,,,1,30,,70937,22,,,1,70,,70939,22,,,1,30,,70942,22,,,1,70,,70945,22,,,1,30,,70946,22,,,1,70,,70941,22,,,1,30,,70947,22,,,1,71,,70948,22,,,1,30,,70949,22,,,1,70,,70950,22,,,1,28,,70951,22,,,1,72,,70952,22,,,1,29,,70953,22,,,1,70,,70954,22,,,1,28,,70955,22,,,1,71,,70956,22,,,1,100,,70957,22,,,1,100,,70958,22,,,1,100,,70960,22,,,1,99,,70959,22,,,1
6701,'Dimanche-0',640,,68776,22,,,1,101,,68779,22,,,1,100,,68781,22,,,1,101,,68784,22,,,1,70,,68790,22,,,1,30,,68778,22,,,1,71,,68791,22,,,1,30,,68782,22,,,1,70,,68785,22,,,1,30,,68783,22,,,1,70,,68777,22,,,1,30,,68787,22,,,1,70,,68788,22,,,1,30,,68780,22,,,1,71,,68786,22,,,1,30,,68793,22,,,1,70,,68789,22,,,1,28,,68796,22,,,1,72,,68797,22,,,1,29,,68794,22,,,1,70,,68799,22,,,1,28,,68792,22,,,1,71,,68798,22,,,1,100,,68795,22,,,1,100,,68800,22,,,1,100,,68801,22,,,1,99,,68802,22,,,1
6701,'Dimanche-10',640,,69855,22,,,1,101,,69858,22,,,1,100,,69860,22,,,1,101,,69863,22,,,1,70,,69869,22,,,1,30,,69857,22,,,1,71,,69870,22,,,1,30,,69861,22,,,1,70,,69864,22,,,1,30,,69862,22,,,1,70,,69856,22,,,1,30,,69866,22,,,1,70,,69867,22,,,1,30,,69859,22,,,1,71,,69865,22,,,1,30,,69872,22,,,1,70,,69868,22,,,1,28,,69875,22,,,1,72,,69876,22,,,1,29,,69873,22,,,1,70,,69878,22,,,1,28,,69871,22,,,1,71,,69877,22,,,1,100,,69874,22,,,1,100,,69879,22,,,1,100,,69880,22,,,1,99,,69881,22,,,1
6701,'Dimanche-11',640,,67272,22,,,1,101,,67275,22,,,1,100,,67277,22,,,1,101,,67280,22,,,1,70,,67286,22,,,1,30,,67274,22,,,1,71,,67287,22,,,1,30,,67278,22,,,1,70,,67281,22,,,1,30,,67279,22,,,1,70,,67273,22,,,1,30,,67283,22,,,1,70,,67284,22,,,1,30,,67276,22,,,1,71,,67282,22,,,1,30,,67289,22,,,1,70,,67285,22,,,1,28,,67292,22,,,1,72,,67293,22,,,1,29,,67290,22,,,1,70,,67295,22,,,1,28,,67288,22,,,1,71,,67294,22,,,1,100,,67291,22,,,1,100,,67296,22,,,1,100,,67297,22,,,1,99,,67298,22,,,1
6701,'Semaine-0',918,,64860,22,,,1,20,,64849,22,,,1,20,,64867,22,,,1,60,,64853,22,,,1,20,,64847,22,,,1,20,,64868,22,,,1,60,,64861,22,,,1,20,,64850,22,,,1,20,,64869,22,,,1,60,,64854,22,,,1,20,,64857,22,,,1,20,,64870,22,,,1,60,,64856,22,,,1,20,,64851,22,,,1,20,,64871,22,,,1,60,,64862,22,,,1,20,,64864,22,,,1,20,,64866,22,,,1,60,,64858,22,,,1,33,,64842,22,,,1,70,,64865,22,,,1,29,,64845,22,,,1,70,,64863,22,,,1,30,,64859,22,,,1,69,,64852,22,,,1,30,,64840,22,,,1,68,,64855,22,,,1,30,,64843,22,,,2,70,,64872,22,,,2,30,,64841,22,,,1,70,,64874,22,,,1,29,,64844,22,,,2,70,,64875,22,,,1,29,,64846,22,,,1,69,,64873,22,,,1,30,,64848,22,,,2
6701,'Semaine-10',918,,72790,22,,,1,20,,72779,22,,,1,20,,72797,22,,,1,60,,72783,22,,,1,20,,72777,22,,,1,20,,72798,22,,,1,60,,72791,22,,,1,20,,72780,22,,,1,20,,72799,22,,,1,60,,72784,22,,,1,20,,72787,22,,,1,20,,72800,22,,,1,60,,72786,22,,,1,20,,72781,22,,,1,20,,72801,22,,,1,60,,72792,22,,,1,20,,72794,22,,,1,20,,72796,22,,,1,60,,72788,22,,,1,33,,72772,22,,,1,70,,72795,22,,,1,29,,72775,22,,,1,70,,72793,22,,,1,30,,72789,22,,,1,69,,72782,22,,,1,30,,72770,22,,,1,68,,72785,22,,,1,30,,72773,22,,,2,70,,72802,22,,,2,30,,72771,22,,,1,70,,72804,22,,,1,29,,72774,22,,,2,70,,72805,22,,,1,29,,72776,22,,,1,69,,72803,22,,,1,30,,72778,22,,,2
6701,'Semaine-11',918,,75321,22,,,1,20,,75310,22,,,1,20,,75328,22,,,1,60,,75314,22,,,1,20,,75308,22,,,1,20,,75329,22,,,1,60,,75322,22,,,1,20,,75311,22,,,1,20,,75330,22,,,1,60,,75315,22,,,1,20,,75318,22,,,1,20,,75331,22,,,1,60,,75317,22,,,1,20,,75312,22,,,1,20,,75332,22,,,1,60,,75323,22,,,1,20,,75325,22,,,1,20,,75327,22,,,1,60,,75319,22,,,1,33,,75303,22,,,1,70,,75326,22,,,1,29,,75306,22,,,1,70,,75324,22,,,1,30,,75320,22,,,1,69,,75313,22,,,1,30,,75301,22,,,1,68,,75316,22,,,1,30,,75304,22,,,2,70,,75333,22,,,2,30,,75302,22,,,1,70,,75335,22,,,1,29,,75305,22,,,2,70,,75336,22,,,1,29,,75307,22,,,1,69,,75334,22,,,1,30,,75309,22,,,2
8501,'Semaine-0',539,,65369,26,,,1,70,,65371,26,,,1,25,,65374,26,,,1,15,,65373,26,,,1,58,,65378,26,,,1,14,,65370,26,,,2,16,,65376,26,,,1,16,,65372,26,,,2,54,,65377,26,,,1,20,,65375,26,,,1
8501,'Semaine-10',539,,73299,26,,,1,70,,73301,26,,,1,25,,73304,26,,,1,15,,73303,26,,,1,58,,73308,26,,,1,14,,73300,26,,,2,16,,73306,26,,,1,16,,73302,26,,,2,54,,73307,26,,,1,20,,73305,26,,,1
8501,'Semaine-11',539,,75830,26,,,1,70,,75832,26,,,1,25,,75835,26,,,1,15,,75834,26,,,1,58,,75839,26,,,1,14,,75831,26,,,2,16,,75837,26,,,1,16,,75833,26,,,2,54,,75838,26,,,1,20,,75836,26,,,1
8701,'Semaine-0',523,,65398,22,,,1,30,,65391,22,,,1,70,,65396,22,,,1,19,,65394,22,,,1,13,,65392,22,,,1,56,,65401,22,,,1,17,,65397,22,,,1,15,,65393,22,,,1,16,,65400,22,,,1,58,,65399,22,,,2,20,,65395,22,,,1,20,,65390,22,,,1
8701,'Semaine-10',523,,73328,22,,,1,30,,73321,22,,,1,70,,73326,22,,,1,19,,73324,22,,,1,13,,73322,22,,,1,56,,73331,22,,,1,17,,73327,22,,,1,15,,73323,22,,,1,16,,73330,22,,,1,58,,73329,22,,,2,20,,73325,22,,,1,20,,73320,22,,,1
8701,'Semaine-11',523,,75859,22,,,1,30,,75852,22,,,1,70,,75857,22,,,1,19,,75855,22,,,1,13,,75853,22,,,1,56,,75862,22,,,1,17,,75858,22,,,1,15,,75854,22,,,1,16,,75861,22,,,1,58,,75860,22,,,2,20,,75856,22,,,1,20,,75851,22,,,1
57101,'Semaine-0',712,,65854,49,0,5 6,2
57101,'Semaine-10',712,,73784,49,0,5 6,2
57101,'Semaine-11',712,,76315,49,0,5 6,2
