4000,'Semaine-0',1533,,64155,27,,,1,70,,64151,27,,,2,35,,64154,27,,,1,67,,64153,27,,,1,28,,64152,27,,,1,69,,64156,27,,,1
4000,'Semaine-10',1533,,72085,27,,,1,70,,72081,27,,,2,35,,72084,27,,,1,67,,72083,27,,,1,28,,72082,27,,,1,69,,72086,27,,,1
4100,'Semaine-0',1544,,64164,27,,,1,71,,64166,27,,,1,35,,64165,27,,,2,64,,64163,27,,,1,29,,64167,27,,,1
4100,'Semaine-10',1544,,72094,27,,,1,71,,72096,27,,,1,35,,72095,27,,,2,64,,72093,27,,,1,29,,72097,27,,,1
4700,'Semaine-0',1542,,64189,27,,,1,102,,64190,27,,,1,96,,64191,27,,,2
4700,'Semaine-10',1542,,72119,27,,,1,102,,72120,27,,,1,96,,72121,27,,,2
5500,'Samedi-0',712,,66706,28,,,1,30,,66703,28,,,1,70,,66704,28,,,1,30,,66707,28,,,1,70,,66705,28,,,1,30,,66712,28,,,1,73,,66709,28,,,1,30,,66710,28,,,1,69,,66715,28,,,1,31,,66714,28,,,1,70,,66708,28,,,1,30,,66711,28,,,1,70,,66713,28,,,1,30,,66716,28,,,1,70,,66717,28,,,1,30,,66718,28,,,1,70,,66719,28,,,1,30,,66720,28,,,1,70,,66721,28,,,1,31,,66722,28,,,1,70,,66723,28,,,1,30,,66724,28,,,1,70,,66725,28,,,1,30,,66726,28,,,1,68,,66728,28,,,1,30,,66727,28,,,1,70,,66729,28,,,1,30,,66731,28,,,1,70,,66730,28,,,1,30,,66732,28,,,1,69,,66733,28,,,1,30,,66736,28,,,1,70,,66738,28,,,1,30,,66735,28,,,1,70,,66734,28,,,1,28,,66737,28,,,1
5500,'Samedi-11',712,,70666,28,,,1,30,,70663,28,,,1,70,,70664,28,,,1,30,,70667,28,,,1,70,,70665,28,,,1,30,,70672,28,,,1,73,,70669,28,,,1,30,,70670,28,,,1,69,,70675,28,,,1,31,,70674,28,,,1,70,,70668,28,,,1,30,,70671,28,,,1,70,,70673,28,,,1,30,,70676,28,,,1,70,,70677,28,,,1,30,,70678,28,,,1,70,,70679,28,,,1,30,,70680,28,,,1,70,,70681,28,,,1,31,,70682,28,,,1,70,,70683,28,,,1,30,,70684,28,,,1,70,,70685,28,,,1,30,,70686,28,,,1,68,,70688,28,,,1,30,,70687,28,,,1,70,,70689,28,,,1,30,,70691,28,,,1,70,,70690,28,,,1,30,,70692,28,,,1,69,,70693,28,,,1,30,,70696,28,,,1,70,,70698,28,,,1,30,,70695,28,,,1,70,,70694,28,,,1,28,,70697,28,,,1
5500,'Dimanche-0',712,,68509,28,,,1,30,,68514,28,,,1,70,,68506,28,,,1,30,,68511,28,,,1,70,,68508,28,,,1,30,,68505,28,,,1,73,,68516,28,,,1,30,,68510,28,,,1,69,,68507,28,,,1,31,,68519,28,,,1,70,,68515,28,,,1,30,,68520,28,,,1,70,,68513,28,,,1,30,,68512,28,,,1,70,,68518,28,,,1,30,,68523,28,,,1,70,,68517,28,,,1,30,,68522,28,,,1,70,,68525,28,,,1,31,,68529,28,,,1,70,,68524,28,,,1,30,,68530,28,,,1,70,,68521,28,,,1,30,,68527,28,,,1,68,,68528,28,,,1,30,,68531,28,,,1,70,,68526,28,,,1,30,,68532,28,,,1,70,,68534,28,,,1,30,,68533,28,,,1,69,,68535,28,,,1,30,,68537,28,,,1,70,,68538,28,,,1,30,,68536,28,,,1,70,,68539,28,,,1,28,,68540,28,,,1
5500,'Dimanche-10',712,,69588,28,,,1,30,,69593,28,,,1,70,,69585,28,,,1,30,,69590,28,,,1,70,,69587,28,,,1,30,,69584,28,,,1,73,,69595,28,,,1,30,,69589,28,,,1,69,,69586,28,,,1,31,,69598,28,,,1,70,,69594,28,,,1,30,,69599,28,,,1,70,,69592,28,,,1,30,,69591,28,,,1,70,,69597,28,,,1,30,,69602,28,,,1,70,,69596,28,,,1,30,,69601,28,,,1,70,,69604,28,,,1,31,,69608,28,,,1,70,,69603,28,,,1,30,,69609,28,,,1,70,,69600,28,,,1,30,,69606,28,,,1,68,,69607,28,,,1,30,,69610,28,,,1,70,,69605,28,,,1,30,,69611,28,,,1,70,,69613,28,,,1,30,,69612,28,,,1,69,,69614,28,,,1,30,,69616,28,,,1,70,,69617,28,,,1,30,,69615,28,,,1,70,,69618,28,,,1,28,,69619,28,,,1
5500,'Dimanche-11',712,,66743,28,,,1,30,,66748,28,,,1,70,,66740,28,,,1,30,,66745,28,,,1,70,,66742,28,,,1,30,,66739,28,,,1,73,,66750,28,,,1,30,,66744,28,,,1,69,,66741,28,,,1,31,,66753,28,,,1,70,,66749,28,,,1,30,,66754,28,,,1,70,,66747,28,,,1,30,,66746,28,,,1,70,,66752,28,,,1,30,,66757,28,,,1,70,,66751,28,,,1,30,,66756,28,,,1,70,,66759,28,,,1,31,,66763,28,,,1,70,,66758,28,,,1,30,,66764,28,,,1,70,,66755,28,,,1,30,,66761,28,,,1,68,,66762,28,,,1,30,,66765,28,,,1,70,,66760,28,,,1,30,,66766,28,,,1,70,,66768,28,,,1,30,,66767,28,,,1,69,,66769,28,,,1,30,,66771,28,,,1,70,,66772,28,,,1,30,,66770,28,,,1,70,,66773,28,,,1,28,,66774,28,,,1
5500,'Semaine-0',646,,64323,28,,,1,103,,64339,28,,,1,69,,64322,28,,,1,97,,64358,28,,,1,28,,64359,28,,,1,70,,64328,28,,,1,30,,64338,28,,,1,69,,64342,28,,,1,32,,64364,28,,,1,70,,64324,28,,,1,30,,64363,28,,,1,69,,64341,28,,,1,30,,64356,28,,,1,70,,64350,28,,,1,25,,64357,28,,,1,16,,64343,28,,,1,54,,64321,28,,,1,17,,64362,28,,,1,17,,64332,28,,,1,15,,64365,28,,,1,53,,64353,28,,,1,10,,64325,28,,,1,13,,64336,28,,,1,18,,64368,28,,,1,49,,64361,28,,,1,11,,64327,28,,,1,11,,64344,28,,,1,10,,64337,28,,,1,11,,64366,28,,,1,12,,64351,28,,,1,48,,64331,28,,,1,12,,64326,28,,,1,10,,64367,28,,,1,11,,64335,28,,,1,11,,64330,28,,,1,10,,64340,28,,,1,70,,64355,28,,,1,29,,64360,28,,,1,70,,64347,28,,,1,30,,64333,28,,,1,70,,64354,28,,,1,28,,64345,28,,,1,69,,64348,28,,,1,29,,64334,28,,,1,70,,64349,28,,,1,30,,64346,28,,,1,69,,64329,28,,,1,30,,64352,28,,,1
5500,'Semaine-10',646,,72253,28,,,1,103,,72269,28,,,1,69,,72252,28,,,1,97,,72288,28,,,1,28,,72289,28,,,1,70,,72258,28,,,1,30,,72268,28,,,1,69,,72272,28,,,1,32,,72294,28,,,1,70,,72254,28,,,1,30,,72293,28,,,1,69,,72271,28,,,1,30,,72286,28,,,1,70,,72280,28,,,1,25,,72287,28,,,1,16,,72273,28,,,1,54,,72251,28,,,1,17,,72292,28,,,1,17,,72262,28,,,1,15,,72295,28,,,1,53,,72283,28,,,1,10,,72255,28,,,1,13,,72266,28,,,1,18,,72298,28,,,1,49,,72291,28,,,1,11,,72257,28,,,1,11,,72274,28,,,1,10,,72267,28,,,1,11,,72296,28,,,1,12,,72281,28,,,1,48,,72261,28,,,1,12,,72256,28,,,1,10,,72297,28,,,1,11,,72265,28,,,1,11,,72260,28,,,1,10,,72270,28,,,1,70,,72285,28,,,1,29,,72290,28,,,1,70,,72277,28,,,1,30,,72263,28,,,1,70,,72284,28,,,1,28,,72275,28,,,1,69,,72278,28,,,1,29,,72264,28,,,1,70,,72279,28,,,1,30,,72276,28,,,1,69,,72259,28,,,1,30,,72282,28,,,1
5800,'Semaine-0',829,,64435,15,,,1,399,,64436,15,,,1,300,,64438,15,,,1,31,,64433,15,,,1,71,,64434,15,,,1,29,,64437,15,,,1,69,,64432,15,,,2,29,,64431,15,,,1
5800,'Semaine-10',829,,72365,15,,,1,399,,72366,15,,,1,300,,72368,15,,,1,31,,72363,15,,,1,71,,72364,15,,,1,29,,72367,15,,,1,69,,72362,15,,,2,29,,72361,15,,,1
5900,'Samedi-0',728,,66845,28,,,1,30,,66848,28,,,1,70,,66841,28,,,1,30,,66847,28,,,1,70,,66844,28,,,1,30,,66849,28,,,1,70,,66853,28,,,1,30,,66854,28,,,1,70,,66843,28,,,1,30,,66842,28,,,1,71,,66852,28,,,1,71,,66846,28,,,1,30,,66850,28,,,1,71,,66855,28,,,1,30,,66851,28,,,1,70,,66856,28,,,1,30,,66857,28,,,1,69,,66858,28,,,1,30,,66859,28,,,1,73,,66860,28,,,1,28,,66861,28,,,1,70,,66862,28,,,1,29,,66863,28,,,1,70,,66864,28,,,1,30,,66865,28,,,1,28,,66867,28,,,1,70,,66866,28,,,1,30,,66869,28,,,1,70,,66868,28,,,1,29,,66870,28,,,1,71,,66871,28,,,1,30,,66873,28,,,1,70,,66872,28,,,1,30,,66874,28,,,1
5900,'Samedi-11',728,,70736,28,,,1,30,,70739,28,,,1,70,,70732,28,,,1,30,,70738,28,,,1,70,,70735,28,,,1,30,,70740,28,,,1,70,,70744,28,,,1,30,,70745,28,,,1,70,,70734,28,,,1,30,,70733,28,,,1,71,,70743,28,,,1,71,,70737,28,,,1,30,,70741,28,,,1,71,,70746,28,,,1,30,,70742,28,,,1,70,,70747,28,,,1,30,,70748,28,,,1,69,,70749,28,,,1,30,,70750,28,,,1,73,,70751,28,,,1,28,,70752,28,,,1,70,,70753,28,,,1,29,,70754,28,,,1,70,,70755,28,,,1,30,,70756,28,,,1,28,,70758,28,,,1,70,,70757,28,,,1,30,,70760,28,,,1,70,,70759,28,,,1,29,,70761,28,,,1,71,,70762,28,,,1,30,,70764,28,,,1,70,,70763,28,,,1,30,,70765,28,,,1
5900,'Dimanche-0',728,,68579,28,,,1,30,,68578,28,,,1,70,,68574,28,,,1,30,,68583,28,,,1,70,,68589,28,,,1,30,,68580,28,,,1,70,,68587,28,,,1,30,,68582,28,,,1,70,,68588,28,,,1,30,,68575,28,,,1,71,,68586,28,,,1,71,,68576,28,,,1,30,,68584,28,,,1,71,,68590,28,,,1,30,,68577,28,,,1,70,,68581,28,,,1,30,,68585,28,,,1,69,,68594,28,,,1,30,,68595,28,,,1,73,,68592,28,,,1,28,,68597,28,,,1,70,,68593,28,,,1,29,,68599,28,,,1,70,,68591,28,,,1,30,,68596,28,,,1,28,,68600,28,,,1,70,,68598,28,,,1,30,,68601,28,,,1,70,,68602,28,,,1,29,,68603,28,,,1,71,,68604,28,,,1,30,,68606,28,,,1,70,,68605,28,,,1,30,,68607,28,,,1
5900,'Dimanche-10',728,,69658,28,,,1,30,,69657,28,,,1,70,,69653,28,,,1,30,,69662,28,,,1,70,,69668,28,,,1,30,,69659,28,,,1,70,,69666,28,,,1,30,,69661,28,,,1,70,,69667,28,,,1,30,,69654,28,,,1,71,,69665,28,,,1,71,,69655,28,,,1,30,,69663,28,,,1,71,,69669,28,,,1,30,,69656,28,,,1,70,,69660,28,,,1,30,,69664,28,,,1,69,,69673,28,,,1,30,,69674,28,,,1,73,,69671,28,,,1,28,,69676,28,,,1,70,,69672,28,,,1,29,,69678,28,,,1,70,,69670,28,,,1,30,,69675,28,,,1,28,,69679,28,,,1,70,,69677,28,,,1,30,,69680,28,,,1,70,,69681,28,,,1,29,,69682,28,,,1,71,,69683,28,,,1,30,,69685,28,,,1,70,,69684,28,,,1,30,,69686,28,,,1
5900,'Dimanche-11',728,,66880,28,,,1,30,,66879,28,,,1,70,,66875,28,,,1,30,,66884,28,,,1,70,,66890,28,,,1,30,,66881,28,,,1,70,,66888,28,,,1,30,,66883,28,,,1,70,,66889,28,,,1,30,,66876,28,,,1,71,,66887,28,,,1,71,,66877,28,,,1,30,,66885,28,,,1,71,,66891,28,,,1,30,,66878,28,,,1,70,,66882,28,,,1,30,,66886,28,,,1,69,,66895,28,,,1,30,,66896,28,,,1,73,,66893,28,,,1,28,,66898,28,,,1,70,,66894,28,,,1,29,,66900,28,,,1,70,,66892,28,,,1,30,,66897,28,,,1,28,,66901,28,,,1,70,,66899,28,,,1,30,,66902,28,,,1,70,,66903,28,,,1,29,,66904,28,,,1,71,,66905,28,,,1,30,,66907,28,,,1,70,,66906,28,,,1,30,,66908,28,,,1
5900,'Semaine-0',614,,64453,28,,,1,98,,64488,28,,,1,47,,64493,28,,,1,88,,64469,28,,,1,82,,64465,28,,,1,28,,64486,28,,,1,70,,64462,28,,,1,30,,64485,28,,,1,70,,64476,28,,,1,30,,64470,28,,,1,73,,64478,28,,,1,70,,64461,28,,,1,30,,64489,28,,,1,70,,64452,28,,,1,31,,64483,28,,,1,14,,64454,28,,,1,58,,64487,28,,,1,31,,64447,28,,,1,14,,64491,28,,,1,55,,64446,28,,,1,8,,64481,28,,,1,17,,64477,28,,,1,7,,64490,23,,,1,6,,64464,28,,,1,13,,64448,28,,,1,46,,64492,23,,,1,6,,64449,28,,,1,12,,64457,28,,,1,9,,64484,28,,,1,12,,64473,28,,,1,11,,64460,28,,,1,9,,64482,28,,,1,51,,64468,28,,,1,12,,64480,28,,,1,9,,64450,28,,,1,10,,64455,28,,,1,71,,64475,28,,,1,29,,64466,28,,,1,70,,64471,28,,,1,30,,64459,28,,,1,70,,64467,28,,,1,30,,64472,28,,,1,69,,64479,28,,,1,30,,64456,28,,,1,70,,64474,28,,,1,29,,64463,28,,,1,70,,64451,28,,,1,28,,64458,28,,,1
5900,'Semaine-10',614,,72383,28,,,1,98,,72418,28,,,1,47,,72423,28,,,1,88,,72399,28,,,1,82,,72395,28,,,1,28,,72416,28,,,1,70,,72392,28,,,1,30,,72415,28,,,1,70,,72406,28,,,1,30,,72400,28,,,1,73,,72408,28,,,1,70,,72391,28,,,1,30,,72419,28,,,1,70,,72382,28,,,1,31,,72413,28,,,1,14,,72384,28,,,1,58,,72417,28,,,1,31,,72377,28,,,1,14,,72421,28,,,1,55,,72376,28,,,1,8,,72411,28,,,1,17,,72407,28,,,1,7,,72420,23,,,1,6,,72394,28,,,1,13,,72378,28,,,1,46,,72422,23,,,1,6,,72379,28,,,1,12,,72387,28,,,1,9,,72414,28,,,1,12,,72403,28,,,1,11,,72390,28,,,1,9,,72412,28,,,1,51,,72398,28,,,1,12,,72410,28,,,1,9,,72380,28,,,1,10,,72385,28,,,1,71,,72405,28,,,1,29,,72396,28,,,1,70,,72401,28,,,1,30,,72389,28,,,1,70,,72397,28,,,1,30,,72402,28,,,1,69,,72409,28,,,1,30,,72386,28,,,1,70,,72404,28,,,1,29,,72393,28,,,1,70,,72381,28,,,1,28,,72388,28,,,1
64700,'Semaine-0',711,,65868,4,0,9 10,1
64700,'Semaine-10',711,,73798,4,0,9 10,1
65500,'Semaine-0',728,,65872,21,0,9 10,1
65500,'Semaine-10',728,,73802,21,0,9 10,1
74000,'Semaine-0',1638,,65881,22,0,5 11,1
74000,'Semaine-10',1638,,73811,22,0,5 11,1
80001,'Samedi-0',636,,68111,30,,,1,101,,68113,30,,,1,101,,68114,30,,,1,100,,68117,30,,,1,101,,68112,30,,,1,100,,68115,30,,,1,101,,68118,30,,,1,100,,68116,30,,,1,100,,68119,30,,,1,100,,68120,30,,,1,100,,68121,30,,,2,102,,68122,30,,,1,97,,68125,30,,,1,99,,68123,30,,,1,100,,68124,30,,,1,100,,68126,30,,,1,99,,68127,30,,,1
80001,'Samedi-11',636,,71367,30,,,1,101,,71369,30,,,1,101,,71370,30,,,1,100,,71373,30,,,1,101,,71368,30,,,1,100,,71371,30,,,1,101,,71374,30,,,1,100,,71372,30,,,1,100,,71375,30,,,1,100,,71376,30,,,1,100,,71377,30,,,2,102,,71378,30,,,1,97,,71381,30,,,1,99,,71379,30,,,1,100,,71380,30,,,1,100,,71382,30,,,1,99,,71383,30,,,1
80001,'Dimanche-0',636,,69209,30,,,1,101,,69211,30,,,1,101,,69213,30,,,1,100,,69210,30,,,1,101,,69212,30,,,1,100,,69214,30,,,1,101,,69215,30,,,1,100,,69216,30,,,1,100,,69219,30,,,1,100,,69217,30,,,1,100,,69218,30,,,2,102,,69221,30,,,1,97,,69222,30,,,1,99,,69220,30,,,1,100,,69223,30,,,1,100,,69224,30,,,1,99,,69225,30,,,1
80001,'Dimanche-10',636,,70288,30,,,1,101,,70290,30,,,1,101,,70292,30,,,1,100,,70289,30,,,1,101,,70291,30,,,1,100,,70293,30,,,1,101,,70294,30,,,1,100,,70295,30,,,1,100,,70298,30,,,1,100,,70296,30,,,1,100,,70297,30,,,2,102,,70300,30,,,1,97,,70301,30,,,1,99,,70299,30,,,1,100,,70302,30,,,1,100,,70303,30,,,1,99,,70304,30,,,1
80001,'Dimanche-11',636,,68128,30,,,1,101,,68130,30,,,1,101,,68132,30,,,1,100,,68129,30,,,1,101,,68131,30,,,1,100,,68133,30,,,1,101,,68134,30,,,1,100,,68135,30,,,1,100,,68138,30,,,1,100,,68136,30,,,1,100,,68137,30,,,2,102,,68140,30,,,1,97,,68141,30,,,1,99,,68139,30,,,1,100,,68142,30,,,1,100,,68143,30,,,1,99,,68144,30,,,1
80001,'Semaine-0',629,,65948,30,,,1,28,,65941,30,,,1,73,,65949,30,,,1,70,,65933,30,,,1,33,,65931,30,,,1,68,,65938,30,,,1,26,,65944,30,,,1,30,,65956,30,,,1,70,,65947,30,,,2,30,,65939,30,,,1,70,,65953,30,,,1,30,,65927,30,,,1,71,,65961,30,,,1,29,,65959,30,,,1,74,,65929,30,,,1,70,,65952,30,,,1,30,,65943,30,,,1,70,,65950,30,,,1,34,,65960,30,,,1,69,,65945,30,,,1,17,,65955,30,,,1,22,,65957,30,,,1,64,,65954,30,,,1,27,,65946,30,,,1,70,,65936,30,,,1,27,,65934,30,,,1,27,,65928,30,,,1,69,,65958,30,,,1,32,,65940,30,,,1,67,,65937,30,,,1,30,,65942,30,,,1,69,,65930,30,,,1,30,,65951,30,,,1,74,,65932,30,,,1,30,,65935,30,,,1
80001,'Semaine-10',629,,73878,30,,,1,28,,73871,30,,,1,73,,73879,30,,,1,70,,73863,30,,,1,33,,73861,30,,,1,68,,73868,30,,,1,26,,73874,30,,,1,30,,73886,30,,,1,70,,73877,30,,,2,30,,73869,30,,,1,70,,73883,30,,,1,30,,73857,30,,,1,71,,73891,30,,,1,29,,73889,30,,,1,74,,73859,30,,,1,70,,73882,30,,,1,30,,73873,30,,,1,70,,73880,30,,,1,34,,73890,30,,,1,69,,73875,30,,,1,17,,73885,30,,,1,22,,73887,30,,,1,64,,73884,30,,,1,27,,73876,30,,,1,70,,73866,30,,,1,27,,73864,30,,,1,27,,73858,30,,,1,69,,73888,30,,,1,32,,73870,30,,,1,67,,73867,30,,,1,30,,73872,30,,,1,69,,73860,30,,,1,30,,73881,30,,,1,74,,73862,30,,,1,30,,73865,30,,,1
