3600,'Semaine-0',924,,63929,37,,,1,101,,63930,37,,,1,102,,63928,37,,,1,100,,63931,37,,,1,100,,63933,37,,,1,100,,63934,37,,,1,100,,63932,37,,,1
3600,'Semaine-10',924,,71859,37,,,1,101,,71860,37,,,1,102,,71858,37,,,1,100,,71861,37,,,1,100,,71863,37,,,1,100,,71864,37,,,1,100,,71862,37,,,1
3600,'Semaine-11',924,,74390,37,,,1,101,,74391,37,,,1,102,,74389,37,,,1,100,,74392,37,,,1,100,,74394,37,,,1,100,,74395,37,,,1,100,,74393,37,,,1
3700,'Samedi-0',741,,66265,29,,,1,100,,66266,29,,,1,100,,66268,29,,,1,103,,66269,29,,,1,100,,66267,29,,,1,101,,66270,29,,,1,100,,66271,29,,,1,100,,66272,29,,,1,100,,66273,29,,,1,100,,66274,29,,,1,100,,66275,29,,,1,100,,66276,29,,,1,97,,66277,29,,,1,100,,66278,29,,,1,100,,66279,29,,,1,100,,66280,29,,,1,98,,66281,29,,,1,100,,66282,29,,,1
3700,'Samedi-10',741,,76589,29,,,1,100,,76590,29,,,1,100,,76592,29,,,1,103,,76593,29,,,1,100,,76591,29,,,1,101,,76594,29,,,1,100,,76595,29,,,1,100,,76596,29,,,1,100,,76597,29,,,1,100,,76598,29,,,1,100,,76599,29,,,1,100,,76600,29,,,1,97,,76601,29,,,1,100,,76602,29,,,1,100,,76603,29,,,1,100,,76604,29,,,1,98,,76605,29,,,1,100,,76606,29,,,1
3700,'Samedi-11',741,,70444,29,,,1,100,,70445,29,,,1,100,,70447,29,,,1,103,,70448,29,,,1,100,,70446,29,,,1,101,,70449,29,,,1,100,,70450,29,,,1,100,,70451,29,,,1,100,,70452,29,,,1,100,,70453,29,,,1,100,,70454,29,,,1,100,,70455,29,,,1,97,,70456,29,,,1,100,,70457,29,,,1,100,,70458,29,,,1,100,,70459,29,,,1,98,,70460,29,,,1,100,,70461,29,,,1
3700,'Dimanche-0',741,,68288,29,,,1,100,,68291,29,,,1,100,,68293,29,,,1,103,,68289,29,,,1,100,,68286,29,,,1,101,,68290,29,,,1,100,,68287,29,,,1,100,,68292,29,,,1,100,,68294,29,,,1,100,,68296,29,,,1,100,,68295,29,,,1,100,,68299,29,,,1,97,,68298,29,,,1,100,,68297,29,,,1,100,,68300,29,,,1,100,,68301,29,,,1,98,,68302,29,,,1,100,,68303,29,,,1
3700,'Dimanche-10',741,,69367,29,,,1,100,,69370,29,,,1,100,,69372,29,,,1,103,,69368,29,,,1,100,,69365,29,,,1,101,,69369,29,,,1,100,,69366,29,,,1,100,,69371,29,,,1,100,,69373,29,,,1,100,,69375,29,,,1,100,,69374,29,,,1,100,,69378,29,,,1,97,,69377,29,,,1,100,,69376,29,,,1,100,,69379,29,,,1,100,,69380,29,,,1,98,,69381,29,,,1,100,,69382,29,,,1
3700,'Dimanche-11',741,,66285,29,,,1,100,,66288,29,,,1,100,,66290,29,,,1,103,,66286,29,,,1,100,,66283,29,,,1,101,,66287,29,,,1,100,,66284,29,,,1,100,,66289,29,,,1,100,,66291,29,,,1,100,,66293,29,,,1,100,,66292,29,,,1,100,,66296,29,,,1,97,,66295,29,,,1,100,,66294,29,,,1,100,,66297,29,,,1,100,,66298,29,,,1,98,,66299,29,,,1,100,,66300,29,,,1
3700,'Semaine-0',701,,63963,29,,,1,41,,63969,29,,,1,73,,63960,29,,,1,29,,63944,29,,,1,69,,63958,29,,,1,89,,63950,29,,,1,100,,63946,29,,,1,100,,63947,29,,,1,100,,63948,29,,,1,102,,63949,29,,,1,100,,63955,29,,,1,49,,63956,29,,,1,56,,63957,29,,,1,15,,63943,29,,,1,15,,63965,29,,,1,63,,63952,29,,,1,30,,63961,29,,,1,23,,63951,29,,,1,68,,63945,29,,,1,29,,63942,29,,,1,66,,63953,29,,,1,30,,63968,29,,,1,69,,63959,29,,,1,36,,63970,29,,,1,99,,63966,29,,,1,99,,63954,29,,,1,100,,63964,29,,,1,99,,63967,29,,,1,55,,63962,29,,,1
3700,'Semaine-10',701,,71893,29,,,1,41,,71899,29,,,1,73,,71890,29,,,1,29,,71874,29,,,1,69,,71888,29,,,1,89,,71880,29,,,1,100,,71876,29,,,1,100,,71877,29,,,1,100,,71878,29,,,1,102,,71879,29,,,1,100,,71885,29,,,1,49,,71886,29,,,1,56,,71887,29,,,1,15,,71873,29,,,1,15,,71895,29,,,1,63,,71882,29,,,1,30,,71891,29,,,1,23,,71881,29,,,1,68,,71875,29,,,1,29,,71872,29,,,1,66,,71883,29,,,1,30,,71898,29,,,1,69,,71889,29,,,1,36,,71900,29,,,1,99,,71896,29,,,1,99,,71884,29,,,1,100,,71894,29,,,1,99,,71897,29,,,1,55,,71892,29,,,1
3700,'Semaine-11',701,,74424,29,,,1,41,,74430,29,,,1,73,,74421,29,,,1,29,,74405,29,,,1,69,,74419,29,,,1,89,,74411,29,,,1,100,,74407,29,,,1,100,,74408,29,,,1,100,,74409,29,,,1,102,,74410,29,,,1,100,,74416,29,,,1,49,,74417,29,,,1,56,,74418,29,,,1,15,,74404,29,,,1,15,,74426,29,,,1,63,,74413,29,,,1,30,,74422,29,,,1,23,,74412,29,,,1,68,,74406,29,,,1,29,,74403,29,,,1,66,,74414,29,,,1,30,,74429,29,,,1,69,,74420,29,,,1,36,,74431,29,,,1,99,,74427,29,,,1,99,,74415,29,,,1,100,,74425,29,,,1,99,,74428,29,,,1,55,,74423,29,,,1
37100,'Samedi-0',811,,67718,30,,,1,101,,67722,30,,,1,100,,67717,30,,,1,102,,67723,30,,,1,100,,67719,30,,,1,100,,67720,30,,,1,100,,67721,30,,,1,103,,67724,30,,,1,100,,67725,30,,,1,100,,67726,30,,,1,99,,67727,30,,,1,98,,67728,30,,,1,100,,67729,30,,,1,98,,67730,30,,,1,100,,67731,30,,,1,100,,67732,30,,,1,98,,67733,30,,,1
37100,'Samedi-10',811,,77316,30,,,1,101,,77320,30,,,1,100,,77315,30,,,1,102,,77321,30,,,1,100,,77317,30,,,1,100,,77318,30,,,1,100,,77319,30,,,1,103,,77322,30,,,1,100,,77323,30,,,1,100,,77324,30,,,1,99,,77325,30,,,1,98,,77326,30,,,1,100,,77327,30,,,1,98,,77328,30,,,1,100,,77329,30,,,1,100,,77330,30,,,1,98,,77331,30,,,1
37100,'Samedi-11',811,,71171,30,,,1,101,,71175,30,,,1,100,,71170,30,,,1,102,,71176,30,,,1,100,,71172,30,,,1,100,,71173,30,,,1,100,,71174,30,,,1,103,,71177,30,,,1,100,,71178,30,,,1,100,,71179,30,,,1,99,,71180,30,,,1,98,,71181,30,,,1,100,,71182,30,,,1,98,,71183,30,,,1,100,,71184,30,,,1,100,,71185,30,,,1,98,,71186,30,,,1
37100,'Dimanche-0',811,,69012,30,,,1,101,,69014,30,,,1,100,,69016,30,,,1,102,,69017,30,,,1,100,,69024,30,,,1,100,,69013,30,,,1,100,,69018,30,,,1,103,,69015,30,,,1,100,,69020,30,,,1,100,,69022,30,,,1,99,,69023,30,,,1,98,,69021,30,,,1,100,,69019,30,,,1,98,,69025,30,,,1,100,,69026,30,,,1,100,,69027,30,,,1,98,,69028,30,,,1
37100,'Dimanche-10',811,,70091,30,,,1,101,,70093,30,,,1,100,,70095,30,,,1,102,,70096,30,,,1,100,,70103,30,,,1,100,,70092,30,,,1,100,,70097,30,,,1,103,,70094,30,,,1,100,,70099,30,,,1,100,,70101,30,,,1,99,,70102,30,,,1,98,,70100,30,,,1,100,,70098,30,,,1,98,,70104,30,,,1,100,,70105,30,,,1,100,,70106,30,,,1,98,,70107,30,,,1
37100,'Dimanche-11',811,,67734,30,,,1,101,,67736,30,,,1,100,,67738,30,,,1,102,,67739,30,,,1,100,,67746,30,,,1,100,,67735,30,,,1,100,,67740,30,,,1,103,,67737,30,,,1,100,,67742,30,,,1,100,,67744,30,,,1,99,,67745,30,,,1,98,,67743,30,,,1,100,,67741,30,,,1,98,,67747,30,,,1,100,,67748,30,,,1,100,,67749,30,,,1,98,,67750,30,,,1
37100,'Semaine-0',721,,65591,30,,,1,33,,65588,30,,,1,70,,65584,30,,,1,29,,65579,30,,,1,90,,65598,30,,,1,97,,65583,30,,,1,102,,65585,30,,,1,100,,65597,30,,,1,100,,65592,30,,,1,103,,65581,30,,,1,93,,65593,30,,,1,19,,65602,30,,,1,56,,65582,30,,,1,15,,65603,30,,,1,25,,65578,30,,,1,60,,65587,30,,,1,28,,65594,30,,,1,65,,65600,30,,,1,27,,65599,30,,,1,70,,65589,30,,,1,28,,65601,30,,,1,70,,65604,30,,,1,30,,65590,30,,,1,95,,65586,30,,,1,100,,65596,30,,,1,100,,65595,30,,,1,97,,65580,30,,,1
37100,'Semaine-10',721,,73521,30,,,1,33,,73518,30,,,1,70,,73514,30,,,1,29,,73509,30,,,1,90,,73528,30,,,1,97,,73513,30,,,1,102,,73515,30,,,1,100,,73527,30,,,1,100,,73522,30,,,1,103,,73511,30,,,1,93,,73523,30,,,1,19,,73532,30,,,1,56,,73512,30,,,1,15,,73533,30,,,1,25,,73508,30,,,1,60,,73517,30,,,1,28,,73524,30,,,1,65,,73530,30,,,1,27,,73529,30,,,1,70,,73519,30,,,1,28,,73531,30,,,1,70,,73534,30,,,1,30,,73520,30,,,1,95,,73516,30,,,1,100,,73526,30,,,1,100,,73525,30,,,1,97,,73510,30,,,1
37100,'Semaine-11',721,,76052,30,,,1,33,,76049,30,,,1,70,,76045,30,,,1,29,,76040,30,,,1,90,,76059,30,,,1,97,,76044,30,,,1,102,,76046,30,,,1,100,,76058,30,,,1,100,,76053,30,,,1,103,,76042,30,,,1,93,,76054,30,,,1,19,,76063,30,,,1,56,,76043,30,,,1,15,,76064,30,,,1,25,,76039,30,,,1,60,,76048,30,,,1,28,,76055,30,,,1,65,,76061,30,,,1,27,,76060,30,,,1,70,,76050,30,,,1,28,,76062,30,,,1,70,,76065,30,,,1,30,,76051,30,,,1,95,,76047,30,,,1,100,,76057,30,,,1,100,,76056,30,,,1,97,,76041,30,,,1
43700,'Semaine-0',740,,65832,25,0,9 14,1,2,,65833,21,0,9 14,2
43700,'Semaine-10',740,,73762,25,0,9 14,1,2,,73763,21,0,9 14,2
43700,'Semaine-11',740,,76293,25,0,9 14,1,2,,76294,21,0,9 14,2
