2701,'Semaine-0',632,,63511,35,,,1,86,,63512,35,,,1,91,,63509,35,,,1,26,,63510,35,,,2
2701,'Semaine-10',632,,71441,35,,,1,86,,71442,35,,,1,91,,71439,35,,,1,26,,71440,35,,,2
2701,'Semaine-11',632,,73972,35,,,1,86,,73973,35,,,1,91,,73970,35,,,1,26,,73971,35,,,2
3301,'Samedi-0',734,,66097,37,,,1,100,,66098,37,,,1,100,,66099,37,,,1,100,,66100,37,,,1,100,,66101,37,,,1,101,,66102,37,,,1,100,,66103,37,,,1,100,,66104,37,,,1,102,,66105,37,,,1,98,,66106,37,,,1,100,,66107,37,,,1,96,,66108,37,,,1,100,,66109,37,,,1,100,,66110,37,,,1,100,,66111,37,,,1,100,,66112,37,,,1,100,,66113,37,,,1,100,,66114,37,,,1
3301,'Samedi-10',734,,76505,37,,,1,100,,76506,37,,,1,100,,76507,37,,,1,100,,76508,37,,,1,100,,76509,37,,,1,101,,76510,37,,,1,100,,76511,37,,,1,100,,76512,37,,,1,102,,76513,37,,,1,98,,76514,37,,,1,100,,76515,37,,,1,96,,76516,37,,,1,100,,76517,37,,,1,100,,76518,37,,,1,100,,76519,37,,,1,100,,76520,37,,,1,100,,76521,37,,,1,100,,76522,37,,,1
3301,'Samedi-11',734,,70360,37,,,1,100,,70361,37,,,1,100,,70362,37,,,1,100,,70363,37,,,1,100,,70364,37,,,1,101,,70365,37,,,1,100,,70366,37,,,1,100,,70367,37,,,1,102,,70368,37,,,1,98,,70369,37,,,1,100,,70370,37,,,1,96,,70371,37,,,1,100,,70372,37,,,1,100,,70373,37,,,1,100,,70374,37,,,1,100,,70375,37,,,1,100,,70376,37,,,1,100,,70377,37,,,1
3301,'Dimanche-0',734,,68206,37,,,1,100,,68207,37,,,1,100,,68215,37,,,1,100,,68208,37,,,1,100,,68203,37,,,1,101,,68204,37,,,1,100,,68202,37,,,1,100,,68205,37,,,1,102,,68209,37,,,1,98,,68210,37,,,1,100,,68212,37,,,1,96,,68214,37,,,1,100,,68213,37,,,1,100,,68211,37,,,1,100,,68216,37,,,1,100,,68217,37,,,1,100,,68218,37,,,1,100,,68219,37,,,1
3301,'Dimanche-10',734,,69285,37,,,1,100,,69286,37,,,1,100,,69294,37,,,1,100,,69287,37,,,1,100,,69282,37,,,1,101,,69283,37,,,1,100,,69281,37,,,1,100,,69284,37,,,1,102,,69288,37,,,1,98,,69289,37,,,1,100,,69291,37,,,1,96,,69293,37,,,1,100,,69292,37,,,1,100,,69290,37,,,1,100,,69295,37,,,1,100,,69296,37,,,1,100,,69297,37,,,1,100,,69298,37,,,1
3301,'Dimanche-11',734,,66119,37,,,1,100,,66120,37,,,1,100,,66128,37,,,1,100,,66121,37,,,1,100,,66116,37,,,1,101,,66117,37,,,1,100,,66115,37,,,1,100,,66118,37,,,1,102,,66122,37,,,1,98,,66123,37,,,1,100,,66125,37,,,1,96,,66127,37,,,1,100,,66126,37,,,1,100,,66124,37,,,1,100,,66129,37,,,1,100,,66130,37,,,1,100,,66131,37,,,1,100,,66132,37,,,1
3301,'Semaine-0',620,,63781,37,,,1,20,,63789,37,,,1,18,,63766,37,,,1,55,,63786,37,,,1,21,,63782,37,,,1,10,,63777,37,,,1,11,,63797,37,,,1,53,,63795,37,,,1,15,,63784,37,,,1,12,,63772,37,,,1,10,,63788,37,,,1,14,,63762,37,,,1,70,,63774,37,,,1,30,,63780,37,,,1,70,,63770,37,,,1,30,,63791,37,,,1,70,,63775,37,,,1,30,,63767,37,,,1,70,,63769,37,,,1,16,,63787,37,,,1,55,,63796,37,,,1,26,,63778,37,,,1,29,,63768,37,,,1,70,,63773,37,,,1,33,,63776,37,,,1,62,,63798,37,,,1,19,,63779,37,,,1,18,,63783,37,,,1,63,,63764,37,,,1,20,,63794,37,,,1,61,,63771,37,,,1,27,,63761,37,,,1,29,,63758,37,,,1,72,,63792,37,,,1,30,,63765,37,,,1,70,,63760,37,,,1,100,,63763,37,,,1,74,,63785,37,,,1,100,,63790,37,,,2,100,,63759,37,,,1,100,,63793,37,,,1
3301,'Semaine-10',620,,71711,37,,,1,20,,71719,37,,,1,18,,71696,37,,,1,55,,71716,37,,,1,21,,71712,37,,,1,10,,71707,37,,,1,11,,71727,37,,,1,53,,71725,37,,,1,15,,71714,37,,,1,12,,71702,37,,,1,10,,71718,37,,,1,14,,71692,37,,,1,70,,71704,37,,,1,30,,71710,37,,,1,70,,71700,37,,,1,30,,71721,37,,,1,70,,71705,37,,,1,30,,71697,37,,,1,70,,71699,37,,,1,16,,71717,37,,,1,55,,71726,37,,,1,26,,71708,37,,,1,29,,71698,37,,,1,70,,71703,37,,,1,33,,71706,37,,,1,62,,71728,37,,,1,19,,71709,37,,,1,18,,71713,37,,,1,63,,71694,37,,,1,20,,71724,37,,,1,61,,71701,37,,,1,27,,71691,37,,,1,29,,71688,37,,,1,72,,71722,37,,,1,30,,71695,37,,,1,70,,71690,37,,,1,100,,71693,37,,,1,74,,71715,37,,,1,100,,71720,37,,,2,100,,71689,37,,,1,100,,71723,37,,,1
3301,'Semaine-11',620,,74242,37,,,1,20,,74250,37,,,1,18,,74227,37,,,1,55,,74247,37,,,1,21,,74243,37,,,1,10,,74238,37,,,1,11,,74258,37,,,1,53,,74256,37,,,1,15,,74245,37,,,1,12,,74233,37,,,1,10,,74249,37,,,1,14,,74223,37,,,1,70,,74235,37,,,1,30,,74241,37,,,1,70,,74231,37,,,1,30,,74252,37,,,1,70,,74236,37,,,1,30,,74228,37,,,1,70,,74230,37,,,1,16,,74248,37,,,1,55,,74257,37,,,1,26,,74239,37,,,1,29,,74229,37,,,1,70,,74234,37,,,1,33,,74237,37,,,1,62,,74259,37,,,1,19,,74240,37,,,1,18,,74244,37,,,1,63,,74225,37,,,1,20,,74255,37,,,1,61,,74232,37,,,1,27,,74222,37,,,1,29,,74219,37,,,1,72,,74253,37,,,1,30,,74226,37,,,1,70,,74221,37,,,1,100,,74224,37,,,1,74,,74246,37,,,1,100,,74251,37,,,2,100,,74220,37,,,1,100,,74254,37,,,1
82500,'Semaine-0',1521,,65963,3,0,9 12 13,1
82500,'Semaine-10',1521,,73893,3,0,9 12 13,1
82500,'Semaine-11',1521,,76425,3,0,9 12 13,1
82900,'Semaine-0',1521,,65974,3,0,9 12 13,1
82900,'Semaine-10',1521,,73904,3,0,9 12 13,1
82900,'Semaine-11',1521,,76436,3,0,9 12 13,1
