3100,'Samedi-0',657,,65987,2,,,1,145,,65988,2,,,1,100,,65989,2,,,1,100,,65990,2,,,1,102,,65991,2,,,1,100,,65992,2,,,1,101,,65993,2,,,1,100,,65994,2,,,1,100,,65995,2,,,1,102,,65996,2,,,1,100,,65997,2,,,1,100,,65998,2,,,1,96,,65999,2,,,1,100,,66000,2,,,1,100,,66001,2,,,1,100,,66002,2,,,1,101,,66003,2,,,1,101,,66004,2,,,1,100,,66005,2,,,1
3100,'Dimanche-11',657,,66010,2,,,1,145,,66012,2,,,1,100,,66011,2,,,1,100,,66019,2,,,1,102,,66014,2,,,1,100,,66006,2,,,1,101,,66009,2,,,1,100,,66008,2,,,1,100,,66007,2,,,1,102,,66013,2,,,1,100,,66015,2,,,1,100,,66016,2,,,1,96,,66018,2,,,1,100,,66017,2,,,1,100,,66020,2,,,1,100,,66021,2,,,1,101,,66022,2,,,1,101,,66023,2,,,1,100,,66024,2,,,1
3100,'Semaine-0',602,,63532,2,,,1,42,,63565,2,,,1,61,,63545,2,,,1,21,,63533,2,,,1,15,,63570,2,,,1,61,,63567,2,,,1,21,,63529,2,,,1,18,,63542,2,,,1,63,,63543,2,,,1,9,,63534,2,,,1,24,,63536,2,,,1,20,,63553,2,,,1,67,,63554,2,,,1,31,,63535,2,,,1,70,,63540,2,,,1,30,,63559,2,,,1,70,,63556,2,,,1,17,,63537,2,,,1,13,,63530,2,,,1,59,,63564,2,,,1,20,,63568,2,,,1,18,,63555,2,,,1,69,,63538,2,,,1,21,,63558,2,,,1,9,,63560,2,,,1,75,,63566,2,,,1,24,,63557,2,,,1,58,,63539,2,,,1,19,,63550,2,,,1,23,,63552,2,,,1,62,,63541,2,,,1,17,,63528,2,,,1,15,,63531,2,,,1,11,,63562,2,,,1,69,,63569,2,,,1,12,,63547,2,,,1,20,,63563,2,,,1,146,,63548,2,,,1,100,,63544,2,,,1,100,,63549,2,,,1,100,,63551,2,,,1,100,,63561,2,,,1,100,,63546,2,,,1
3200,'Semaine-0',612,,63658,2,,,1,30,,63657,2,,,1,71,,63653,2,,,1,30,,63655,2,,,1,70,,63654,2,,,2,30,,63656,2,,,1,70,,63629,2,,,2,30,,63624,2,,,1,70,,63625,2,,,2,30,,63636,2,,,1,70,,63630,2,,,1,30,,63616,2,,,1,70,,63617,2,,,1,30,,63628,2,,,1,70,,63631,2,,,1,30,,63637,2,,,1,70,,63618,2,,,1,29,,63663,2,,,1,14,,63615,2,,,2,53,,63645,2,,,1,10,,63635,2,,,1,11,,63641,2,,,2,10,,63642,2,,,1,10,,63660,2,,,1,50,,63661,2,,,1,10,,63662,2,,,2,13,,63659,2,,,2,7,,63632,2,,,1,10,,63643,2,,,1,10,,63651,2,,,2,50,,63644,2,,,2,10,,63621,2,,,1,10,,63652,2,,,1,10,,63638,2,,,2,9,,63640,2,,,1,10,,63639,2,,,1,61,,63633,2,,,2,25,,63627,2,,,1,70,,63622,2,,,1,30,,63619,2,,,2,70,,63634,2,,,2,30,,63626,2,,,1,73,,63623,2,,,1,27,,63620,2,,,2,70,,63646,2,,,1,30,,63647,2,,,1,70,,63648,2,,,1,30,,63649,2,,,1,70,,63650,2,,,1
3300,'Samedi-0',735,,66061,2,,,1,100,,66062,2,,,1,100,,66063,2,,,1,100,,66064,2,,,1,100,,66065,2,,,1,100,,66066,2,,,1,100,,66067,2,,,1,100,,66068,2,,,1,100,,66069,2,,,1,100,,66070,2,,,1,100,,66071,2,,,1,100,,66072,2,,,1,100,,66073,2,,,1,100,,66074,2,,,1,100,,66075,2,,,1,100,,66076,2,,,1,100,,66077,2,,,1,100,,66078,2,,,1
3300,'Dimanche-11',735,,66080,2,,,1,100,,66085,2,,,1,100,,66091,2,,,1,100,,66082,2,,,1,100,,66084,2,,,1,100,,66081,2,,,1,100,,66083,2,,,1,100,,66079,2,,,1,100,,66087,2,,,1,100,,66086,2,,,1,100,,66089,2,,,1,100,,66088,2,,,1,100,,66090,2,,,1,100,,66092,2,,,1,100,,66093,2,,,1,100,,66094,2,,,1,100,,66095,2,,,1,100,,66096,2,,,1
3300,'Semaine-0',609,,63741,2,,,1,20,,63740,2,,,1,16,,63747,2,,,1,74,,63720,2,,,1,13,,63734,2,,,1,21,,63742,2,,,1,56,,63755,2,,,1,17,,63748,2,,,1,28,,63732,2,,,1,69,,63750,2,,,1,32,,63735,2,,,1,78,,63725,2,,,1,21,,63744,2,,,1,60,,63730,2,,,1,20,,63737,2,,,1,20,,63726,2,,,1,62,,63752,2,,,1,18,,63733,2,,,1,20,,63754,2,,,1,72,,63739,2,,,1,28,,63727,2,,,1,60,,63749,2,,,1,20,,63745,2,,,1,18,,63738,2,,,1,63,,63717,2,,,1,21,,63729,2,,,1,12,,63736,2,,,1,55,,63753,2,,,1,17,,63751,2,,,1,25,,63746,2,,,1,60,,63724,2,,,1,20,,63723,2,,,1,16,,63728,2,,,1,59,,63716,2,,,1,18,,63721,2,,,1,41,,63756,2,,,1,73,,63731,2,,,1,100,,63722,2,,,1,102,,63718,2,,,1,100,,63743,2,,,2,100,,63757,2,,,1,103,,63719,2,,,1
3400,'Samedi-0',719,,66133,2,,,1,100,,66138,2,,,1,30,,66134,2,,,1,70,,66140,2,,,1,30,,66141,2,,,1,70,,66135,2,,,1,30,,66136,2,,,1,70,,66137,2,,,1,30,,66139,2,,,1,70,,66142,2,,,1,30,,66144,2,,,1,70,,66143,2,,,1,30,,66145,2,,,1,70,,66146,2,,,1,30,,66147,2,,,1,70,,66148,2,,,1,30,,66149,2,,,1,70,,66150,2,,,1,30,,66151,2,,,1,70,,66152,2,,,1,30,,66153,2,,,1,70,,66154,2,,,1,30,,66155,2,,,1,69,,66156,2,,,1,31,,66157,2,,,1,70,,66158,2,,,1,30,,66159,2,,,1,70,,66160,2,,,1,30,,66161,2,,,1,70,,66163,2,,,1,30,,66162,2,,,1,70,,66165,2,,,1,30,,66164,2,,,1,69,,66166,2,,,1
3400,'Dimanche-11',719,,66171,2,,,1,100,,66191,2,,,1,30,,66173,2,,,1,70,,66177,2,,,1,30,,66170,2,,,1,70,,66178,2,,,1,30,,66169,2,,,1,70,,66168,2,,,1,30,,66181,2,,,1,70,,66172,2,,,1,30,,66175,2,,,1,70,,66174,2,,,1,30,,66167,2,,,1,70,,66183,2,,,1,30,,66179,2,,,1,70,,66180,2,,,1,30,,66176,2,,,1,70,,66187,2,,,1,30,,66186,2,,,1,70,,66184,2,,,1,30,,66182,2,,,1,70,,66185,2,,,1,30,,66190,2,,,1,69,,66188,2,,,1,31,,66189,2,,,1,70,,66192,2,,,1,30,,66193,2,,,1,70,,66194,2,,,1,30,,66195,2,,,1,70,,66196,2,,,1,30,,66197,2,,,1,70,,66199,2,,,1,30,,66198,2,,,1,69,,66200,2,,,1
3400,'Semaine-0',557,,63829,2,,,1,67,,63814,2,,,1,31,,63808,2,,,1,74,,63812,2,,,1,30,,63803,2,,,2,70,,63823,2,,,1,30,,63809,2,,,1,69,,63799,2,,,1,30,,63804,2,,,1,70,,63805,2,,,1,30,,63810,2,,,1,70,,63800,2,,,1,30,,63830,2,,,1,70,,63806,2,,,1,30,,63811,2,,,1,70,,63801,2,,,1,30,,63827,2,,,1,70,,63802,2,,,1,24,,63828,2,,,1,348,,63826,2,,,1,20,,63815,2,,,1,30,,63807,2,,,1,70,,63819,2,,,1,30,,63825,2,,,1,71,,63816,2,,,1,29,,63818,2,,,1,70,,63820,2,,,1,30,,63813,2,,,1,70,,63822,2,,,1,30,,63817,2,,,1,70,,63821,2,,,1,30,,63824,2,,,1
3500,'Semaine-0',620,,63886,9,0,15 16,1,39,,63861,9,0,15 16,2,63,,63871,9,0,15 16,1,23,,63889,9,0,15 16,1,55,,63879,9,0,15 16,1,20,,63894,9,0,15 16,1,20,,63891,9,0,15 16,1,63,,63884,9,0,15 16,1,21,,63890,9,0,15 16,1,30,,63869,9,0,15 16,1,66,,63882,9,0,15 16,1,34,,63863,9,0,15 16,1,68,,63867,9,0,15 16,1,30,,63877,9,0,15 16,2,72,,63862,9,0,15 16,1,30,,63872,9,0,15 16,1,70,,63893,9,0,15 16,2,30,,63880,9,0,15 16,1,70,,63864,9,0,15 16,2,30,,63876,9,,,2,70,,63878,9,0,15 16,1,18,,63870,2,0,15 16,1,59,,63881,9,,,1,13,,63875,2,0,15 16,1,18,,63885,9,,,1,68,,63887,9,0,15 16,1,31,,63868,9,,,1,25,,63866,9,0,15 16,1,68,,63895,9,,,1,27,,63883,9,0,15 16,1,70,,63873,2,0,15 16,1,30,,63874,9,,,1,100,,63888,9,,,1,100,,63892,9,,,1,100,,63865,9,0,15 16,1
3600,'Semaine-0',847,,63929,2,,,1,100,,63930,2,,,1,100,,63928,2,,,1,100,,63931,2,,,1,100,,63933,2,,,1,100,,63934,2,,,1,99,,63932,2,,,1
3700,'Samedi-0',712,,66265,2,,,1,100,,66266,2,,,1,100,,66268,2,,,1,100,,66269,2,,,1,100,,66267,2,,,1,100,,66270,2,,,1,100,,66271,2,,,1,100,,66272,2,,,1,100,,66273,2,,,1,100,,66274,2,,,1,100,,66275,2,,,1,100,,66276,2,,,1,100,,66277,2,,,1,100,,66278,2,,,1,100,,66279,2,,,1,100,,66280,2,,,1,100,,66281,2,,,1,100,,66282,2,,,1
3700,'Dimanche-11',712,,66285,2,,,1,100,,66288,2,,,1,100,,66290,2,,,1,100,,66286,2,,,1,100,,66283,2,,,1,100,,66287,2,,,1,100,,66284,2,,,1,100,,66289,2,,,1,100,,66291,2,,,1,100,,66293,2,,,1,100,,66292,2,,,1,100,,66296,2,,,1,100,,66295,2,,,1,100,,66294,2,,,1,100,,66297,2,,,1,100,,66298,2,,,1,100,,66299,2,,,1,100,,66300,2,,,1
3700,'Semaine-0',627,,63963,2,,,1,81,,63969,2,,,1,34,,63960,2,,,1,66,,63944,2,,,1,31,,63958,2,,,1,89,,63950,2,,,1,100,,63946,2,,,1,99,,63947,2,,,1,101,,63948,2,,,1,100,,63949,2,,,1,99,,63955,2,,,1,85,,63956,2,,,1,16,,63957,2,,,1,15,,63943,2,,,1,15,,63965,2,,,1,65,,63952,2,,,1,30,,63961,2,,,1,65,,63951,2,,,1,30,,63945,2,,,1,70,,63942,2,,,1,30,,63953,2,,,1,70,,63968,2,,,1,28,,63959,2,,,1,76,,63970,2,,,1,100,,63966,2,,,1,100,,63954,2,,,1,100,,63964,2,,,1,100,,63967,2,,,1,15,,63962,2,,,1
3800,'Samedi-0',727,,66342,2,,,1,30,,66335,2,,,1,60,,66336,2,,,1,40,,66347,2,,,1,69,,66339,2,,,1,31,,66337,2,,,1,68,,66348,2,,,1,32,,66340,2,,,1,68,,66346,2,,,1,31,,66338,2,,,1,67,,66341,2,,,1,34,,66345,2,,,1,66,,66343,2,,,1,34,,66344,2,,,1,70,,66349,2,,,1,30,,66350,2,,,1,70,,66351,2,,,1,29,,66352,2,,,1,61,,66353,2,,,1,40,,66354,2,,,1,70,,66355,2,,,1,30,,66356,2,,,1,70,,66357,2,,,1,30,,66358,2,,,1,71,,66359,2,,,1,29,,66360,2,,,1,70,,66362,2,,,1,30,,66361,2,,,1,70,,66364,2,,,1,30,,66363,2,,,1,70,,66365,2,,,1,30,,66366,2,,,1,70,,66367,2,,,1
3800,'Dimanche-11',727,,66371,2,,,1,30,,66376,2,,,1,60,,66379,2,,,1,40,,66377,2,,,1,69,,66370,2,,,1,31,,66392,2,,,1,68,,66369,2,,,1,32,,66372,2,,,1,68,,66393,2,,,1,31,,66391,2,,,1,67,,66373,2,,,1,34,,66383,2,,,1,66,,66380,2,,,1,34,,66374,2,,,1,70,,66378,2,,,1,30,,66385,2,,,1,70,,66368,2,,,1,29,,66375,2,,,1,61,,66382,2,,,1,40,,66387,2,,,1,70,,66381,2,,,1,30,,66389,2,,,1,70,,66386,2,,,1,30,,66390,2,,,1,71,,66388,2,,,1,29,,66384,2,,,1,70,,66394,2,,,1,30,,66395,2,,,1,70,,66396,2,,,1,30,,66397,2,,,1,70,,66398,2,,,1,30,,66399,2,,,1,70,,66400,2,,,1
3800,'Semaine-0',637,,64012,2,,,1,19,,64028,2,,,1,72,,64023,2,,,1,30,,64036,2,,,1,70,,64033,2,,,1,30,,64009,2,,,1,60,,64005,2,,,1,20,,64016,2,,,1,20,,64001,2,,,1,60,,64025,2,,,1,20,,64010,2,,,1,20,,64006,2,,,1,60,,64017,2,,,1,20,,64002,2,,,1,20,,64024,2,,,1,60,,64035,2,,,1,20,,64007,2,,,1,20,,64018,2,,,1,60,,64026,2,,,1,20,,64037,2,,,1,20,,64011,2,,,1,60,,64008,2,,,1,20,,64019,2,,,1,70,,64032,2,,,1,30,,63997,2,,,1,70,,64021,2,,,1,35,,64030,2,,,1,64,,64020,2,,,1,31,,64034,2,,,1,69,,64000,2,,,1,30,,64031,2,,,1,69,,64014,2,,,1,31,,64022,2,,,1,72,,64027,2,,,1,28,,64029,2,,,1,70,,64013,2,,,1,30,,63999,2,,,1,70,,64015,2,,,1,30,,64003,2,,,1,70,,63998,2,,,1,30,,63996,2,,,1,70,,64004,2,,,1
5500,'Samedi-0',647,,66706,2,,,1,70,,66703,2,,,1,30,,66704,2,,,1,70,,66707,2,,,1,30,,66705,2,,,1,70,,66712,2,,,1,30,,66709,2,,,1,70,,66710,2,,,1,30,,66715,2,,,1,70,,66714,2,,,1,30,,66708,2,,,1,70,,66711,2,,,1,30,,66713,2,,,1,70,,66716,2,,,1,30,,66717,2,,,1,70,,66718,2,,,1,30,,66719,2,,,1,70,,66720,2,,,1,30,,66721,2,,,1,70,,66722,2,,,1,30,,66723,2,,,1,70,,66724,2,,,1,30,,66725,2,,,1,70,,66726,2,,,1,30,,66728,2,,,1,70,,66727,2,,,1,30,,66729,2,,,1,70,,66731,2,,,1,30,,66730,2,,,1,70,,66732,2,,,1,30,,66733,2,,,1,70,,66736,2,,,1,30,,66738,2,,,1,70,,66735,2,,,1,30,,66734,2,,,1,70,,66737,2,,,1
5500,'Dimanche-11',647,,66743,2,,,1,70,,66748,2,,,1,30,,66740,2,,,1,70,,66745,2,,,1,30,,66742,2,,,1,70,,66739,2,,,1,30,,66750,2,,,1,70,,66744,2,,,1,30,,66741,2,,,1,70,,66753,2,,,1,30,,66749,2,,,1,70,,66754,2,,,1,30,,66747,2,,,1,70,,66746,2,,,1,30,,66752,2,,,1,70,,66757,2,,,1,30,,66751,2,,,1,70,,66756,2,,,1,30,,66759,2,,,1,70,,66763,2,,,1,30,,66758,2,,,1,70,,66764,2,,,1,30,,66755,2,,,1,70,,66761,2,,,1,30,,66762,2,,,1,70,,66765,2,,,1,30,,66760,2,,,1,70,,66766,2,,,1,30,,66768,2,,,1,70,,66767,2,,,1,30,,66769,2,,,1,70,,66771,2,,,1,30,,66772,2,,,1,70,,66770,2,,,1,30,,66773,2,,,1,70,,66774,2,,,1
5500,'Semaine-0',619,,64323,2,,,1,99,,64339,2,,,1,29,,64322,2,,,1,99,,64358,2,,,1,70,,64359,2,,,1,29,,64328,2,,,1,70,,64338,2,,,1,30,,64342,2,,,1,70,,64364,2,,,1,30,,64324,2,,,1,70,,64363,2,,,1,30,,64341,2,,,1,70,,64356,2,,,1,30,,64350,2,,,1,62,,64357,2,,,1,15,,64343,2,,,1,14,,64321,2,,,1,13,,64362,2,,,1,56,,64332,2,,,1,15,,64365,2,,,1,13,,64353,2,,,1,10,,64325,2,,,1,13,,64336,2,,,1,58,,64368,2,,,1,9,,64361,2,,,1,11,,64327,2,,,1,11,,64344,2,,,1,12,,64337,2,,,1,52,,64366,2,,,1,13,,64351,2,,,1,11,,64331,2,,,1,12,,64326,2,,,1,10,,64367,2,,,1,51,,64335,2,,,1,12,,64330,2,,,1,10,,64340,2,,,1,30,,64355,2,,,1,70,,64360,2,,,1,30,,64347,2,,,1,70,,64333,2,,,1,30,,64354,2,,,1,70,,64345,2,,,1,30,,64348,2,,,1,70,,64334,2,,,1,30,,64349,2,,,1,70,,64346,2,,,1,30,,64329,2,,,1,70,,64352,2,,,1
5900,'Samedi-0',702,,66845,2,,,1,30,,66848,2,,,1,70,,66841,2,,,1,30,,66847,2,,,1,70,,66844,2,,,1,30,,66849,2,,,1,70,,66853,2,,,1,30,,66854,2,,,1,70,,66843,2,,,1,30,,66842,2,,,1,70,,66852,2,,,1,30,,66846,2,,,1,70,,66850,2,,,1,30,,66855,2,,,1,70,,66851,2,,,1,30,,66856,2,,,1,70,,66857,2,,,1,30,,66858,2,,,1,70,,66859,2,,,1,30,,66860,2,,,1,70,,66861,2,,,1,30,,66862,2,,,1,70,,66863,2,,,1,30,,66864,2,,,1,70,,66865,2,,,1,30,,66867,2,,,1,70,,66866,2,,,1,30,,66869,2,,,1,70,,66868,2,,,1,29,,66870,2,,,1,71,,66871,2,,,1,30,,66873,2,,,1,70,,66872,2,,,1,30,,66874,2,,,1
5900,'Dimanche-11',702,,66880,2,,,1,30,,66879,2,,,1,70,,66875,2,,,1,30,,66884,2,,,1,70,,66890,2,,,1,30,,66881,2,,,1,70,,66888,2,,,1,30,,66883,2,,,1,70,,66889,2,,,1,30,,66876,2,,,1,70,,66887,2,,,1,30,,66877,2,,,1,70,,66885,2,,,1,30,,66891,2,,,1,70,,66878,2,,,1,30,,66882,2,,,1,70,,66886,2,,,1,30,,66895,2,,,1,70,,66896,2,,,1,30,,66893,2,,,1,70,,66898,2,,,1,30,,66894,2,,,1,70,,66900,2,,,1,30,,66892,2,,,1,70,,66897,2,,,1,30,,66901,2,,,1,70,,66899,2,,,1,30,,66902,2,,,1,70,,66903,2,,,1,29,,66904,2,,,1,71,,66905,2,,,1,30,,66907,2,,,1,70,,66906,2,,,1,30,,66908,2,,,1
5900,'Semaine-0',548,,64453,2,,,1,95,,64488,2,,,1,86,,64493,2,,,1,88,,64469,2,,,1,84,,64465,2,,,1,30,,64486,2,,,1,70,,64462,2,,,1,30,,64485,2,,,1,70,,64476,2,,,1,30,,64470,2,,,1,70,,64478,2,,,1,30,,64461,2,,,1,70,,64489,2,,,1,30,,64452,2,,,1,70,,64483,2,,,1,14,,64454,2,,,1,16,,64487,2,,,1,28,,64447,2,,,1,54,,64491,2,,,1,15,,64446,2,,,1,8,,64481,2,,,1,14,,64477,2,,,1,53,,64464,2,,,1,13,,64448,2,,,1,12,,64449,2,,,1,12,,64457,2,,,1,12,,64484,2,,,1,52,,64473,2,,,1,11,,64460,2,,,1,12,,64482,2,,,1,12,,64468,2,,,1,12,,64480,2,,,1,49,,64450,2,,,1,13,,64455,2,,,1,31,,64475,2,,,1,70,,64466,2,,,1,30,,64471,2,,,1,70,,64459,2,,,1,30,,64467,2,,,1,70,,64472,2,,,1,30,,64479,2,,,1,70,,64456,2,,,1,30,,64474,2,,,1,70,,64463,2,,,1,30,,64451,2,,,1,70,,64458,2,,,1
6700,'Samedi-0',704,,67195,2,,,1,100,,67194,2,,,1,100,,67193,2,,,1,30,,67189,2,,,1,70,,67197,2,,,1,30,,67190,2,,,1,70,,67191,2,,,1,30,,67196,2,,,1,70,,67201,2,,,1,30,,67192,2,,,1,69,,67200,2,,,1,31,,67198,2,,,1,70,,67199,2,,,1,30,,67202,2,,,1,70,,67203,2,,,1,30,,67204,2,,,1,70,,67205,2,,,1,30,,67206,2,,,1,70,,67207,2,,,1,30,,67208,2,,,1,70,,67209,2,,,1,30,,67210,2,,,1,70,,67211,2,,,1,30,,67212,2,,,1,100,,67216,2,,,1,100,,67213,2,,,1,100,,67214,2,,,1,100,,67215,2,,,1
6700,'Dimanche-11',704,,67223,2,,,1,100,,67219,2,,,1,100,,67218,2,,,1,30,,67224,2,,,1,70,,67227,2,,,1,30,,67229,2,,,1,70,,67233,2,,,1,30,,67232,2,,,1,70,,67217,2,,,1,30,,67221,2,,,1,69,,67220,2,,,1,31,,67225,2,,,1,70,,67230,2,,,1,30,,67231,2,,,1,70,,67226,2,,,1,30,,67222,2,,,1,70,,67228,2,,,1,30,,67237,2,,,1,70,,67234,2,,,1,30,,67239,2,,,1,70,,67240,2,,,1,30,,67235,2,,,1,70,,67238,2,,,1,30,,67236,2,,,1,100,,67241,2,,,1,100,,67242,2,,,1,100,,67243,2,,,1,100,,67244,2,,,1
6700,'Semaine-0',602,,64809,2,,,1,30,,64803,2,,,1,70,,64811,2,,,1,22,,64820,2,,,1,21,,64804,2,,,1,58,,64829,2,,,1,29,,64814,2,,,1,70,,64822,2,,,1,20,,64812,2,,,1,20,,64832,2,,,1,60,,64830,2,,,1,20,,64817,2,,,2,20,,64833,2,,,1,60,,64823,2,,,1,20,,64826,2,,,1,20,,64834,2,,,1,60,,64831,2,,,1,20,,64818,2,,,1,20,,64835,2,,,1,60,,64824,2,,,1,20,,64827,2,,,1,20,,64836,2,,,1,60,,64816,2,,,1,20,,64819,2,,,1,20,,64837,2,,,1,365,,64839,2,,,1,15,,64813,2,,,1,20,,64838,2,,,1,60,,64821,2,,,1,30,,64801,2,,,1,72,,64825,2,,,1,28,,64805,2,,,2,70,,64828,2,,,2,30,,64802,2,,,1,70,,64810,2,,,1,30,,64806,2,,,2,73,,64815,2,,,1,27,,64808,2,,,1,70,,64807,2,,,2
8500,'Semaine-0',1510,,65367,2,,,1,16,,65362,2,,,2,15,,65359,2,,,1,15,,65368,2,,,2,56,,65358,2,,,1,15,,65361,2,,,1,16,,65366,2,,,1,15,,65364,2,,,1,59,,65363,2,,,2,21,,65360,2,,,1,19,,65365,2,,,2
8700,'Semaine-0',1503,,65388,6,,,1,15,,65387,6,,,2,15,,65380,6,,,1,15,,65382,6,,,2,55,,65379,6,,,1,18,,65389,6,,,1,12,,65385,6,,,1,15,,65386,6,,,2,59,,65381,6,,,1,21,,65384,6,,,1,19,,65383,6,,,1
20000,'Semaine-0',1502,,65504,2,,,1,5,,65505,2,,,1,8,,65528,2,,,1,5,,65506,2,,,1,5,,65507,2,,,1,5,,65533,2,,,1,5,,65508,2,,,1,5,,65510,2,,,1,5,,65511,2,,,1,5,,65512,2,,,1,5,,65514,2,,,1,45,,65515,2,,,1,5,,65509,2,,,1,5,,65532,2,,,1,5,,65513,2,,,1,7,,65516,2,,,1,4,,65517,2,,,1,5,,65518,2,,,1,4,,65519,2,,,1,5,,65531,2,,,1,5,,65520,2,,,1,5,,65529,2,,,1,5,,65521,2,,,1,45,,65522,2,,,1,5,,65524,2,,,1,5,,65523,2,,,1,5,,65525,2,,,1,5,,65526,2,,,1,5,,65527,2,,,1,5,,65530,2,,,1
37100,'Samedi-0',742,,67718,2,,,1,100,,67722,2,,,1,100,,67717,2,,,1,100,,67723,2,,,1,100,,67719,2,,,1,100,,67720,2,,,1,100,,67721,2,,,1,100,,67724,2,,,1,100,,67725,2,,,1,100,,67726,2,,,1,100,,67727,2,,,1,100,,67728,2,,,1,100,,67729,2,,,1,100,,67730,2,,,1,100,,67731,2,,,1,100,,67732,2,,,1,100,,67733,2,,,1
37100,'Dimanche-11',742,,67734,2,,,1,100,,67736,2,,,1,100,,67738,2,,,1,100,,67739,2,,,1,100,,67746,2,,,1,100,,67735,2,,,1,100,,67740,2,,,1,100,,67737,2,,,1,100,,67742,2,,,1,100,,67744,2,,,1,100,,67745,2,,,1,100,,67743,2,,,1,100,,67741,2,,,1,100,,67747,2,,,1,100,,67748,2,,,1,100,,67749,2,,,1,100,,67750,2,,,1
37100,'Semaine-0',647,,65591,2,,,1,72,,65588,2,,,1,30,,65584,2,,,1,69,,65579,2,,,1,90,,65598,2,,,1,99,,65583,2,,,1,100,,65585,2,,,1,100,,65597,2,,,1,100,,65592,2,,,1,100,,65581,2,,,1,51,,65593,2,,,1,59,,65602,2,,,1,16,,65582,2,,,1,15,,65603,2,,,1,65,,65578,2,,,1,20,,65587,2,,,1,70,,65594,2,,,1,25,,65600,2,,,1,29,,65599,2,,,1,70,,65589,2,,,1,30,,65601,2,,,1,70,,65604,2,,,1,30,,65590,2,,,1,95,,65586,2,,,1,100,,65596,2,,,1,100,,65595,2,,,1,100,,65580,2,,,1
40000,'Samedi-0',557,,67785,2,,,1,60,,67786,2,,,1,15,,67789,2,,,1,15,,67794,2,,,1,55,,67803,2,,,1,15,,67804,2,,,1,15,,67787,2,,,1,15,,67791,2,,,1,55,,67788,2,,,1,15,,67812,2,,,1,15,,67790,2,,,1,15,,67793,2,,,1,55,,67792,2,,,1,15,,67795,2,,,1,15,,67813,2,,,1,15,,67811,2,,,1,55,,67814,2,,,1,15,,67796,2,,,1,15,,67798,2,,,1,15,,67801,2,,,1,55,,67802,2,,,1,15,,67797,2,,,1,15,,67808,2,,,1,15,,67810,2,,,1,55,,67815,2,,,1,15,,67800,2,,,1,15,,67799,2,,,1,15,,67805,2,,,1,55,,67806,2,,,1,15,,67807,2,,,1,15,,67816,2,,,1,15,,67809,2,,,1,55,,67817,2,,,1,15,,67818,2,,,1,15,,67819,2,,,1,15,,67820,2,,,1,55,,67821,2,,,1,15,,67822,2,,,1,15,,67823,2,,,1,15,,67824,2,,,1,55,,67825,2,,,1,15,,67826,2,,,1,15,,67827,2,,,1,15,,67828,2,,,1,55,,67829,2,,,1,15,,67830,2,,,1,15,,67831,2,,,1,15,,67832,2,,,1,55,,67838,2,,,1,15,,67833,2,,,1,15,,67834,2,,,1,15,,67835,2,,,1,55,,67836,2,,,1,16,,67837,2,,,1,14,,67841,2,,,1,15,,67839,2,,,1,55,,67840,2,,,1,15,,67845,2,,,1,15,,67844,2,,,1,16,,67843,2,,,1,54,,67842,2,,,1,16,,67849,2,,,1,14,,67846,2,,,1,15,,67847,2,,,1,55,,67848,2,,,1,15,,67856,2,,,1,16,,67851,2,,,1,15,,67850,2,,,1,54,,67852,2,,,1,16,,67853,2,,,1,14,,67854,2,,,1,16,,67855,2,,,1,54,,67857,2,,,1
40000,'Dimanche-11',557,,67858,2,,,1,60,,67859,2,,,1,15,,67867,2,,,1,15,,67879,2,,,1,55,,67881,2,,,1,15,,67862,2,,,1,15,,67869,2,,,1,15,,67868,2,,,1,55,,67860,2,,,1,15,,67861,2,,,1,15,,67870,2,,,1,15,,67878,2,,,1,55,,67880,2,,,1,15,,67863,2,,,1,15,,67873,2,,,1,15,,67872,2,,,1,55,,67887,2,,,1,15,,67888,2,,,1,15,,67884,2,,,1,15,,67899,2,,,1,55,,67892,2,,,1,15,,67883,2,,,1,15,,67898,2,,,1,15,,67871,2,,,1,55,,67886,2,,,1,15,,67889,2,,,1,15,,67877,2,,,1,15,,67900,2,,,1,55,,67893,2,,,1,15,,67874,2,,,1,15,,67882,2,,,1,15,,67875,2,,,1,55,,67885,2,,,1,15,,67894,2,,,1,15,,67876,2,,,1,15,,67864,2,,,1,55,,67890,2,,,1,15,,67865,2,,,1,15,,67897,2,,,1,15,,67866,2,,,1,55,,67906,2,,,1,15,,67895,2,,,1,15,,67910,2,,,1,15,,67904,2,,,1,55,,67891,2,,,1,15,,67908,2,,,1,15,,67896,2,,,1,15,,67912,2,,,1,55,,67905,2,,,1,15,,67913,2,,,1,15,,67909,2,,,1,15,,67914,2,,,1,55,,67901,2,,,1,16,,67907,2,,,1,14,,67902,2,,,1,15,,67911,2,,,1,55,,67903,2,,,1,15,,67915,2,,,1,15,,67916,2,,,1,16,,67918,2,,,1,54,,67917,2,,,1,16,,67920,2,,,1,14,,67919,2,,,1,15,,67921,2,,,1,55,,67922,2,,,1,15,,67927,2,,,1,16,,67923,2,,,1,15,,67925,2,,,1,54,,67924,2,,,1,16,,67926,2,,,1,14,,67929,2,,,1,16,,67928,2,,,1,54,,67930,2,,,1
40000,'Semaine-0',532,,65630,2,,,1,15,,65636,2,,,1,55,,65659,2,,,1,14,,65674,2,,,1,16,,65664,2,,,1,15,,65722,2,,,1,9,,65694,2,,,1,50,,65646,2,,,1,10,,65693,2,,,1,17,,65688,2,,,1,13,,65689,2,,,1,10,,65644,2,,,1,52,,65666,2,,,1,12,,65668,2,,,1,12,,65715,2,,,1,12,,65685,2,,,1,12,,65639,2,,,1,53,,65648,2,,,1,9,,65634,2,,,1,10,,65637,2,,,1,10,,65690,2,,,1,10,,65656,2,,,1,10,,65669,2,,,1,50,,65662,2,,,1,10,,65663,2,,,1,10,,65695,2,,,1,10,,65675,2,,,1,10,,65686,2,,,1,11,,65640,2,,,1,49,,65649,2,,,1,10,,65638,2,,,1,11,,65716,2,,,1,9,,65691,2,,,1,10,,65657,2,,,1,10,,65670,2,,,1,51,,65661,2,,,1,10,,65653,2,,,1,9,,65682,2,,,1,11,,65665,2,,,1,4,,65676,2,,,1,5,,65687,2,,,1,11,,65641,2,,,1,50,,65651,2,,,1,10,,65643,2,,,1,10,,65633,2,,,1,10,,65692,2,,,1,10,,65673,2,,,1,10,,65671,2,,,1,46,,65683,2,,,1,6,,65660,2,,,1,6,,65652,2,,,1,6,,65700,2,,,1,6,,65701,2,,,1,4,,65702,2,,,1,6,,65703,2,,,1,2,,65704,2,,,1,8,,65714,2,,,1,5,,65720,2,,,1,2,,65705,2,,,1,278,,65706,2,,,1,5,,65707,2,,,1,5,,65708,2,,,1,5,,65709,2,,,1,5,,65721,2,,,1,5,,65710,2,,,1,48,,65711,2,,,1,8,,65712,2,,,1,12,,65713,2,,,1,12,,65677,2,,,1,12,,65678,2,,,1,52,,65672,2,,,1,12,,65698,2,,,1,12,,65681,2,,,1,12,,65667,2,,,1,12,,65645,2,,,1,52,,65717,2,,,1,12,,65650,2,,,1,13,,65718,2,,,1,11,,65658,2,,,1,12,,65679,2,,,1,52,,65719,2,,,1,14,,65655,2,,,1,15,,65699,2,,,1,15,,65697,2,,,1,55,,65642,2,,,1,15,,65631,2,,,1,15,,65647,2,,,1,15,,65680,2,,,1,55,,65654,2,,,1,15,,65684,2,,,1,15,,65696,2,,,1,15,,65635,2,,,1,55,,65632,2,,,1
