4500,'Semaine-0',1520,,64182,27,,,1,36,,64177,27,,,1,70,,64178,27,,,1,32,,64180,27,,,1,67,,64181,27,,,1,25,,64179,27,,,2
4500,'Semaine-10',1520,,72112,27,,,1,36,,72107,27,,,1,70,,72108,27,,,1,32,,72110,27,,,1,67,,72111,27,,,1,25,,72109,27,,,2
4500,'Semaine-11',1520,,74643,27,,,1,36,,74638,27,,,1,70,,74639,27,,,1,32,,74641,27,,,1,67,,74642,27,,,1,25,,74640,27,,,2
5200,'Samedi-0',636,,66631,13,,,1,100,,66632,13,,,1,100,,66633,13,,,1,101,,66634,13,,,1,100,,66635,13,,,1,101,,66636,13,,,1,101,,66637,13,,,1,100,,66638,13,,,1,99,,66639,13,,,1,100,,66640,13,,,1,100,,66641,13,,,1,100,,66642,13,,,1,99,,66643,13,,,1,100,,66646,13,,,1,100,,66644,13,,,1,100,,66645,13,,,1,98,,66647,13,,,1,100,,66648,13,,,1
5200,'Samedi-10',636,,76772,13,,,1,100,,76773,13,,,1,100,,76774,13,,,1,101,,76775,13,,,1,100,,76776,13,,,1,101,,76777,13,,,1,101,,76778,13,,,1,100,,76779,13,,,1,99,,76780,13,,,1,100,,76781,13,,,1,100,,76782,13,,,1,100,,76783,13,,,1,99,,76784,13,,,1,100,,76787,13,,,1,100,,76785,13,,,1,100,,76786,13,,,1,98,,76788,13,,,1,100,,76789,13,,,1
5200,'Samedi-11',636,,70627,13,,,1,100,,70628,13,,,1,100,,70629,13,,,1,101,,70630,13,,,1,100,,70631,13,,,1,101,,70632,13,,,1,101,,70633,13,,,1,100,,70634,13,,,1,99,,70635,13,,,1,100,,70636,13,,,1,100,,70637,13,,,1,100,,70638,13,,,1,99,,70639,13,,,1,100,,70642,13,,,1,100,,70640,13,,,1,100,,70641,13,,,1,98,,70643,13,,,1,100,,70644,13,,,1
5200,'Dimanche-0',636,,68470,13,,,1,100,,68469,13,,,1,100,,68471,13,,,1,101,,68474,13,,,1,100,,68472,13,,,1,101,,68473,13,,,1,101,,68477,13,,,1,100,,68476,13,,,1,99,,68478,13,,,1,100,,68475,13,,,1,100,,68479,13,,,1,100,,68481,13,,,1,99,,68482,13,,,1,100,,68480,13,,,1,100,,68483,13,,,1,100,,68484,13,,,1,98,,68485,13,,,1,100,,68486,13,,,1
5200,'Dimanche-10',636,,69549,13,,,1,100,,69548,13,,,1,100,,69550,13,,,1,101,,69553,13,,,1,100,,69551,13,,,1,101,,69552,13,,,1,101,,69556,13,,,1,100,,69555,13,,,1,99,,69557,13,,,1,100,,69554,13,,,1,100,,69558,13,,,1,100,,69560,13,,,1,99,,69561,13,,,1,100,,69559,13,,,1,100,,69562,13,,,1,100,,69563,13,,,1,98,,69564,13,,,1,100,,69565,13,,,1
5200,'Dimanche-11',636,,66650,13,,,1,100,,66649,13,,,1,100,,66651,13,,,1,101,,66654,13,,,1,100,,66652,13,,,1,101,,66653,13,,,1,101,,66657,13,,,1,100,,66656,13,,,1,99,,66658,13,,,1,100,,66655,13,,,1,100,,66659,13,,,1,100,,66661,13,,,1,99,,66662,13,,,1,100,,66660,13,,,1,100,,66663,13,,,1,100,,66664,13,,,1,98,,66665,13,,,1,100,,66666,13,,,1
5200,'Semaine-0',607,,64282,13,,,1,97,,64284,13,,,1,107,,64279,13,,,1,98,,64295,13,,,1,98,,64293,13,,,1,101,,64280,13,,,1,100,,64287,13,,,1,100,,64286,13,,,1,100,,64283,13,,,1,100,,64281,13,,,1,108,,64285,13,,,1,100,,64296,13,,,1,108,,64294,13,,,1,99,,64288,13,,,1,84,,64292,13,,,1,100,,64291,13,,,1,100,,64289,13,,,1,100,,64290,13,,,1
5200,'Semaine-10',607,,72212,13,,,1,97,,72214,13,,,1,107,,72209,13,,,1,98,,72225,13,,,1,98,,72223,13,,,1,101,,72210,13,,,1,100,,72217,13,,,1,100,,72216,13,,,1,100,,72213,13,,,1,100,,72211,13,,,1,108,,72215,13,,,1,100,,72226,13,,,1,108,,72224,13,,,1,99,,72218,13,,,1,84,,72222,13,,,1,100,,72221,13,,,1,100,,72219,13,,,1,100,,72220,13,,,1
5200,'Semaine-11',607,,74743,13,,,1,97,,74745,13,,,1,107,,74740,13,,,1,98,,74756,13,,,1,98,,74754,13,,,1,101,,74741,13,,,1,100,,74748,13,,,1,100,,74747,13,,,1,100,,74744,13,,,1,100,,74742,13,,,1,108,,74746,13,,,1,100,,74757,13,,,1,108,,74755,13,,,1,99,,74749,13,,,1,84,,74753,13,,,1,100,,74752,13,,,1,100,,74750,13,,,1,100,,74751,13,,,1
5601,'Semaine-0',1238,,64428,30,,,1,102,,64425,30,,,1,100,,64424,30,,,1,102,,64427,30,,,2,104,,64426,30,,,1,99,,64429,30,,,1,94,,64430,30,,,1
5601,'Semaine-10',1238,,72358,30,,,1,102,,72355,30,,,1,100,,72354,30,,,1,102,,72357,30,,,2,104,,72356,30,,,1,99,,72359,30,,,1,94,,72360,30,,,1
5601,'Semaine-11',1238,,74889,30,,,1,102,,74886,30,,,1,100,,74885,30,,,1,102,,74888,30,,,2,104,,74887,30,,,1,99,,74890,30,,,1,94,,74891,30,,,1
64500,'Semaine-0',705,,65866,4,0,9 10,1
64500,'Semaine-10',705,,73796,4,0,9 10,1
64500,'Semaine-11',705,,76327,4,0,9 10,1
