2501,'Semaine-0',553,,63492,5,,,2,69,,63491,5,,,1,30,,63489,5,,,1,70,,63490,5,,,2,31,,63493,5,,,1,69,,63488,5,,,2
2501,'Semaine-10',553,,71422,5,,,2,69,,71421,5,,,1,30,,71419,5,,,1,70,,71420,5,,,2,31,,71423,5,,,1,69,,71418,5,,,2
2501,'Semaine-11',553,,73953,5,,,2,69,,73952,5,,,1,30,,73950,5,,,1,70,,73951,5,,,2,31,,73954,5,,,1,69,,73949,5,,,2
32501,'Semaine-0',807,,65570,5,0,7 8,1,3,,65571,5,0,7 8,1
32501,'Semaine-10',807,,73500,5,0,7 8,1,3,,73501,5,0,7 8,1
32501,'Semaine-11',807,,76031,5,0,7 8,1,3,,76032,5,0,7 8,1
42500,'Semaine-0',656,,65817,5,0,9 14,1,2,,65818,5,0,9 14,2
42500,'Semaine-10',656,,73747,5,0,9 14,1,2,,73748,5,0,9 14,2
42500,'Semaine-11',656,,76278,5,0,9 14,1,2,,76279,5,0,9 14,2
72501,'Semaine-0',803,,65875,5,0,5 11,2
72501,'Semaine-10',803,,73805,5,0,5 11,2
72501,'Semaine-11',803,,76336,5,0,5 11,2
82501,'Semaine-0',736,,65964,5,0,9 12 13,1,1,,65965,5,0,9 12 13,1
82501,'Semaine-10',736,,73894,5,0,9 12 13,1,1,,73895,5,0,9 12 13,1
82501,'Semaine-11',736,,76426,5,0,9 12 13,1,1,,76427,5,0,9 12 13,1
