2300,'Semaine-0',1551,,63476,16,,,1,69,,63474,16,,,1,34,,63472,16,,,1,65,,63473,16,,,2,25,,63475,16,,,2,69,,63471,16,,,1
2300,'Semaine-10',1551,,71406,16,,,1,69,,71404,16,,,1,34,,71402,16,,,1,65,,71403,16,,,2,25,,71405,16,,,2,69,,71401,16,,,1
2300,'Semaine-11',1551,,73937,16,,,1,69,,73935,16,,,1,34,,73933,16,,,1,65,,73934,16,,,2,25,,73936,16,,,2,69,,73932,16,,,1
2500,'Semaine-0',1535,,63482,15,,,1,70,,63485,15,,,1,30,,63483,15,,,1,73,,63487,15,,,1,25,,63484,15,,,2,67,,63486,15,,,2
2500,'Semaine-10',1535,,71412,15,,,1,70,,71415,15,,,1,30,,71413,15,,,1,73,,71417,15,,,1,25,,71414,15,,,2,67,,71416,15,,,2
2500,'Semaine-11',1535,,73943,15,,,1,70,,73946,15,,,1,30,,73944,15,,,1,73,,73948,15,,,1,25,,73945,15,,,2,67,,73947,15,,,2
2600,'Semaine-0',1603,,63496,22,,,1,32,,63495,22,,,1,69,,63494,22,,,2,30,,63497,22,,,1,67,,63498,22,,,2
2600,'Semaine-10',1603,,71426,22,,,1,32,,71425,22,,,1,69,,71424,22,,,2,30,,71427,22,,,1,67,,71428,22,,,2
2600,'Semaine-11',1603,,73957,22,,,1,32,,73956,22,,,1,69,,73955,22,,,2,30,,73958,22,,,1,67,,73959,22,,,2
2800,'Semaine-0',1606,,63513,25,,,1,42,,63514,25,,,1,91,,63515,25,,,1
2800,'Semaine-10',1606,,71443,25,,,1,42,,71444,25,,,1,91,,71445,25,,,1
2800,'Semaine-11',1606,,73974,25,,,1,42,,73975,25,,,1,91,,73976,25,,,1
3200,'Semaine-0',636,,63658,23,,,1,71,,63657,23,,,1,32,,63653,23,,,1,72,,63655,23,,,1,28,,63654,23,,,2,70,,63656,23,,,1,28,,63629,23,,,2,70,,63624,23,,,1,30,,63625,23,,,2,70,,63636,23,,,1,30,,63630,23,,,1,72,,63616,23,,,1,30,,63617,23,,,1,69,,63628,23,,,1,30,,63631,23,,,1,70,,63637,23,,,1,31,,63618,23,,,1,69,,63663,23,,,1,15,,63615,23,,,2,16,,63645,23,,,1,10,,63635,23,,,1,51,,63641,23,,,2,10,,63642,23,,,1,10,,63660,23,,,1,10,,63661,23,,,1,10,,63662,23,,,2,13,,63659,23,,,2,47,,63632,23,,,1,10,,63643,23,,,1,10,,63651,23,,,2,10,,63644,23,,,2,8,,63621,23,,,1,10,,63652,23,,,1,10,,63638,23,,,2,48,,63640,23,,,1,10,,63639,23,,,1,19,,63633,23,,,2,65,,63627,23,,,1,30,,63622,23,,,1,70,,63619,23,,,2,29,,63634,23,,,2,30,,63626,23,,,1,73,,63623,23,,,1,26,,63620,23,,,2,70,,63646,23,,,1,29,,63647,23,,,1,68,,63648,23,,,1,30,,63649,23,,,1,70,,63650,23,,,1
3200,'Semaine-10',636,,71588,23,,,1,71,,71587,23,,,1,32,,71583,23,,,1,72,,71585,23,,,1,28,,71584,23,,,2,70,,71586,23,,,1,28,,71559,23,,,2,70,,71554,23,,,1,30,,71555,23,,,2,70,,71566,23,,,1,30,,71560,23,,,1,72,,71546,23,,,1,30,,71547,23,,,1,69,,71558,23,,,1,30,,71561,23,,,1,70,,71567,23,,,1,31,,71548,23,,,1,69,,71593,23,,,1,15,,71545,23,,,2,16,,71575,23,,,1,10,,71565,23,,,1,51,,71571,23,,,2,10,,71572,23,,,1,10,,71590,23,,,1,10,,71591,23,,,1,10,,71592,23,,,2,13,,71589,23,,,2,47,,71562,23,,,1,10,,71573,23,,,1,10,,71581,23,,,2,10,,71574,23,,,2,8,,71551,23,,,1,10,,71582,23,,,1,10,,71568,23,,,2,48,,71570,23,,,1,10,,71569,23,,,1,19,,71563,23,,,2,65,,71557,23,,,1,30,,71552,23,,,1,70,,71549,23,,,2,29,,71564,23,,,2,30,,71556,23,,,1,73,,71553,23,,,1,26,,71550,23,,,2,70,,71576,23,,,1,29,,71577,23,,,1,68,,71578,23,,,1,30,,71579,23,,,1,70,,71580,23,,,1
3200,'Semaine-11',636,,74119,23,,,1,71,,74118,23,,,1,32,,74114,23,,,1,72,,74116,23,,,1,28,,74115,23,,,2,70,,74117,23,,,1,28,,74090,23,,,2,70,,74085,23,,,1,30,,74086,23,,,2,70,,74097,23,,,1,30,,74091,23,,,1,72,,74077,23,,,1,30,,74078,23,,,1,69,,74089,23,,,1,30,,74092,23,,,1,70,,74098,23,,,1,31,,74079,23,,,1,69,,74124,23,,,1,15,,74076,23,,,2,16,,74106,23,,,1,10,,74096,23,,,1,51,,74102,23,,,2,10,,74103,23,,,1,10,,74121,23,,,1,10,,74122,23,,,1,10,,74123,23,,,2,13,,74120,23,,,2,47,,74093,23,,,1,10,,74104,23,,,1,10,,74112,23,,,2,10,,74105,23,,,2,8,,74082,23,,,1,10,,74113,23,,,1,10,,74099,23,,,2,48,,74101,23,,,1,10,,74100,23,,,1,19,,74094,23,,,2,65,,74088,23,,,1,30,,74083,23,,,1,70,,74080,23,,,2,29,,74095,23,,,2,30,,74087,23,,,1,73,,74084,23,,,1,26,,74081,23,,,2,70,,74107,23,,,1,29,,74108,23,,,1,68,,74109,23,,,1,30,,74110,23,,,1,70,,74111,23,,,1
3400,'Samedi-0',747,,66133,31,,,1,100,,66138,31,,,1,70,,66134,31,,,1,31,,66140,31,,,1,70,,66141,31,,,1,31,,66135,31,,,1,70,,66136,31,,,1,30,,66137,31,,,1,70,,66139,31,,,1,31,,66142,31,,,1,70,,66144,31,,,1,30,,66143,31,,,1,70,,66145,31,,,1,30,,66146,31,,,1,70,,66147,31,,,1,30,,66148,31,,,1,70,,66149,31,,,1,31,,66150,31,,,1,70,,66151,31,,,1,30,,66152,31,,,1,70,,66153,31,,,1,29,,66154,31,,,1,68,,66155,31,,,1,29,,66156,31,,,1,71,,66157,31,,,1,30,,66158,31,,,1,70,,66159,31,,,1,30,,66160,31,,,1,70,,66161,31,,,1,30,,66163,31,,,1,70,,66162,31,,,1,29,,66165,31,,,1,70,,66164,31,,,1,27,,66166,31,,,1
3400,'Samedi-10',747,,76523,31,,,1,100,,76528,31,,,1,70,,76524,31,,,1,31,,76530,31,,,1,70,,76531,31,,,1,31,,76525,31,,,1,70,,76526,31,,,1,30,,76527,31,,,1,70,,76529,31,,,1,31,,76532,31,,,1,70,,76534,31,,,1,30,,76533,31,,,1,70,,76535,31,,,1,30,,76536,31,,,1,70,,76537,31,,,1,30,,76538,31,,,1,70,,76539,31,,,1,31,,76540,31,,,1,70,,76541,31,,,1,30,,76542,31,,,1,70,,76543,31,,,1,29,,76544,31,,,1,68,,76545,31,,,1,29,,76546,31,,,1,71,,76547,31,,,1,30,,76548,31,,,1,70,,76549,31,,,1,30,,76550,31,,,1,70,,76551,31,,,1,30,,76553,31,,,1,70,,76552,31,,,1,29,,76555,31,,,1,70,,76554,31,,,1,27,,76556,31,,,1
3400,'Samedi-11',747,,70378,31,,,1,100,,70383,31,,,1,70,,70379,31,,,1,31,,70385,31,,,1,70,,70386,31,,,1,31,,70380,31,,,1,70,,70381,31,,,1,30,,70382,31,,,1,70,,70384,31,,,1,31,,70387,31,,,1,70,,70389,31,,,1,30,,70388,31,,,1,70,,70390,31,,,1,30,,70391,31,,,1,70,,70392,31,,,1,30,,70393,31,,,1,70,,70394,31,,,1,31,,70395,31,,,1,70,,70396,31,,,1,30,,70397,31,,,1,70,,70398,31,,,1,29,,70399,31,,,1,68,,70400,31,,,1,29,,70401,31,,,1,71,,70402,31,,,1,30,,70403,31,,,1,70,,70404,31,,,1,30,,70405,31,,,1,70,,70406,31,,,1,30,,70408,31,,,1,70,,70407,31,,,1,29,,70410,31,,,1,70,,70409,31,,,1,27,,70411,31,,,1
3400,'Dimanche-0',747,,68224,31,,,1,100,,68244,31,,,1,70,,68226,31,,,1,31,,68230,31,,,1,70,,68223,31,,,1,31,,68231,31,,,1,70,,68222,31,,,1,30,,68221,31,,,1,70,,68234,31,,,1,31,,68225,31,,,1,70,,68228,31,,,1,30,,68227,31,,,1,70,,68220,31,,,1,30,,68236,31,,,1,70,,68232,31,,,1,30,,68233,31,,,1,70,,68229,31,,,1,31,,68240,31,,,1,70,,68239,31,,,1,30,,68237,31,,,1,70,,68235,31,,,1,29,,68238,31,,,1,68,,68243,31,,,1,29,,68241,31,,,1,71,,68242,31,,,1,30,,68245,31,,,1,70,,68246,31,,,1,30,,68247,31,,,1,70,,68248,31,,,1,30,,68249,31,,,1,70,,68250,31,,,1,29,,68252,31,,,1,70,,68251,31,,,1,27,,68253,31,,,1
3400,'Dimanche-10',747,,69303,31,,,1,100,,69323,31,,,1,70,,69305,31,,,1,31,,69309,31,,,1,70,,69302,31,,,1,31,,69310,31,,,1,70,,69301,31,,,1,30,,69300,31,,,1,70,,69313,31,,,1,31,,69304,31,,,1,70,,69307,31,,,1,30,,69306,31,,,1,70,,69299,31,,,1,30,,69315,31,,,1,70,,69311,31,,,1,30,,69312,31,,,1,70,,69308,31,,,1,31,,69319,31,,,1,70,,69318,31,,,1,30,,69316,31,,,1,70,,69314,31,,,1,29,,69317,31,,,1,68,,69322,31,,,1,29,,69320,31,,,1,71,,69321,31,,,1,30,,69324,31,,,1,70,,69325,31,,,1,30,,69326,31,,,1,70,,69327,31,,,1,30,,69328,31,,,1,70,,69329,31,,,1,29,,69331,31,,,1,70,,69330,31,,,1,27,,69332,31,,,1
3400,'Dimanche-11',747,,66171,31,,,1,100,,66191,31,,,1,70,,66173,31,,,1,31,,66177,31,,,1,70,,66170,31,,,1,31,,66178,31,,,1,70,,66169,31,,,1,30,,66168,31,,,1,70,,66181,31,,,1,31,,66172,31,,,1,70,,66175,31,,,1,30,,66174,31,,,1,70,,66167,31,,,1,30,,66183,31,,,1,70,,66179,31,,,1,30,,66180,31,,,1,70,,66176,31,,,1,31,,66187,31,,,1,70,,66186,31,,,1,30,,66184,31,,,1,70,,66182,31,,,1,29,,66185,31,,,1,68,,66190,31,,,1,29,,66188,31,,,1,71,,66189,31,,,1,30,,66192,31,,,1,70,,66193,31,,,1,30,,66194,31,,,1,70,,66195,31,,,1,30,,66196,31,,,1,70,,66197,31,,,1,29,,66199,31,,,1,70,,66198,31,,,1,27,,66200,31,,,1
3400,'Semaine-0',625,,63829,31,,,1,28,,63814,31,,,1,74,,63808,31,,,1,74,,63812,31,,,1,31,,63803,31,,,2,68,,63823,31,,,1,30,,63809,31,,,1,27,,63799,31,,,1,70,,63804,31,,,1,30,,63805,31,,,1,70,,63810,31,,,1,30,,63800,31,,,1,71,,63830,31,,,1,30,,63806,31,,,1,70,,63811,31,,,1,30,,63801,31,,,1,72,,63827,31,,,1,70,,63802,31,,,1,26,,63828,31,,,1,305,,63826,31,,,1,20,,63815,31,,,1,68,,63807,31,,,1,30,,63819,31,,,1,70,,63825,31,,,1,31,,63816,31,,,1,68,,63818,31,,,1,30,,63820,31,,,1,70,,63813,31,,,1,30,,63822,31,,,1,69,,63817,31,,,1,29,,63821,31,,,1,70,,63824,31,,,1
3400,'Semaine-10',625,,71759,31,,,1,28,,71744,31,,,1,74,,71738,31,,,1,74,,71742,31,,,1,31,,71733,31,,,2,68,,71753,31,,,1,30,,71739,31,,,1,27,,71729,31,,,1,70,,71734,31,,,1,30,,71735,31,,,1,70,,71740,31,,,1,30,,71730,31,,,1,71,,71760,31,,,1,30,,71736,31,,,1,70,,71741,31,,,1,30,,71731,31,,,1,72,,71757,31,,,1,70,,71732,31,,,1,26,,71758,31,,,1,305,,71756,31,,,1,20,,71745,31,,,1,68,,71737,31,,,1,30,,71749,31,,,1,70,,71755,31,,,1,31,,71746,31,,,1,68,,71748,31,,,1,30,,71750,31,,,1,70,,71743,31,,,1,30,,71752,31,,,1,69,,71747,31,,,1,29,,71751,31,,,1,70,,71754,31,,,1
3400,'Semaine-11',625,,74290,31,,,1,28,,74275,31,,,1,74,,74269,31,,,1,74,,74273,31,,,1,31,,74264,31,,,2,68,,74284,31,,,1,30,,74270,31,,,1,27,,74260,31,,,1,70,,74265,31,,,1,30,,74266,31,,,1,70,,74271,31,,,1,30,,74261,31,,,1,71,,74291,31,,,1,30,,74267,31,,,1,70,,74272,31,,,1,30,,74262,31,,,1,72,,74288,31,,,1,70,,74263,31,,,1,26,,74289,31,,,1,305,,74287,31,,,1,20,,74276,31,,,1,68,,74268,31,,,1,30,,74280,31,,,1,70,,74286,31,,,1,31,,74277,31,,,1,68,,74279,31,,,1,30,,74281,31,,,1,70,,74274,31,,,1,30,,74283,31,,,1,69,,74278,31,,,1,29,,74282,31,,,1,70,,74285,31,,,1
3901,'Samedi-0',626,,66515,26,,,1,100,,66517,26,,,1,100,,66521,26,,,1,100,,66520,26,,,1,101,,66523,26,,,1,100,,66522,26,,,1,101,,66518,26,,,1,30,,66516,26,,,1,70,,66524,26,,,1,30,,66519,26,,,1,70,,66525,26,,,1,30,,66526,26,,,1,71,,66527,26,,,1,30,,66528,26,,,1,70,,66529,26,,,1,30,,66530,26,,,1,70,,66531,26,,,1,30,,66532,26,,,1,69,,66533,26,,,1,29,,66534,26,,,1,100,,66535,26,,,1,100,,66536,26,,,1,100,,66537,26,,,1,100,,66538,26,,,1
3901,'Samedi-10',626,,76714,26,,,1,100,,76716,26,,,1,100,,76720,26,,,1,100,,76719,26,,,1,101,,76722,26,,,1,100,,76721,26,,,1,101,,76717,26,,,1,30,,76715,26,,,1,70,,76723,26,,,1,30,,76718,26,,,1,70,,76724,26,,,1,30,,76725,26,,,1,71,,76726,26,,,1,30,,76727,26,,,1,70,,76728,26,,,1,30,,76729,26,,,1,70,,76730,26,,,1,30,,76731,26,,,1,69,,76732,26,,,1,29,,76733,26,,,1,100,,76734,26,,,1,100,,76735,26,,,1,100,,76736,26,,,1,100,,76737,26,,,1
3901,'Samedi-11',626,,70569,26,,,1,100,,70571,26,,,1,100,,70575,26,,,1,100,,70574,26,,,1,101,,70577,26,,,1,100,,70576,26,,,1,101,,70572,26,,,1,30,,70570,26,,,1,70,,70578,26,,,1,30,,70573,26,,,1,70,,70579,26,,,1,30,,70580,26,,,1,71,,70581,26,,,1,30,,70582,26,,,1,70,,70583,26,,,1,30,,70584,26,,,1,70,,70585,26,,,1,30,,70586,26,,,1,69,,70587,26,,,1,29,,70588,26,,,1,100,,70589,26,,,1,100,,70590,26,,,1,100,,70591,26,,,1,100,,70592,26,,,1
3901,'Dimanche-0',626,,68411,26,,,1,100,,68418,26,,,1,100,,68421,26,,,1,100,,68414,26,,,1,101,,68416,26,,,1,100,,68417,26,,,1,101,,68420,26,,,1,30,,68413,26,,,1,70,,68415,26,,,1,30,,68422,26,,,1,70,,68412,26,,,1,30,,68424,26,,,1,71,,68419,26,,,1,30,,68426,26,,,1,70,,68429,26,,,1,30,,68431,26,,,1,70,,68427,26,,,1,30,,68428,26,,,1,69,,68430,26,,,1,29,,68423,26,,,1,100,,68425,26,,,1,100,,68432,26,,,1,100,,68433,26,,,1,100,,68434,26,,,1
3901,'Dimanche-10',626,,69490,26,,,1,100,,69497,26,,,1,100,,69500,26,,,1,100,,69493,26,,,1,101,,69495,26,,,1,100,,69496,26,,,1,101,,69499,26,,,1,30,,69492,26,,,1,70,,69494,26,,,1,30,,69501,26,,,1,70,,69491,26,,,1,30,,69503,26,,,1,71,,69498,26,,,1,30,,69505,26,,,1,70,,69508,26,,,1,30,,69510,26,,,1,70,,69506,26,,,1,30,,69507,26,,,1,69,,69509,26,,,1,29,,69502,26,,,1,100,,69504,26,,,1,100,,69511,26,,,1,100,,69512,26,,,1,100,,69513,26,,,1
3901,'Dimanche-11',626,,66539,26,,,1,100,,66546,26,,,1,100,,66549,26,,,1,100,,66542,26,,,1,101,,66544,26,,,1,100,,66545,26,,,1,101,,66548,26,,,1,30,,66541,26,,,1,70,,66543,26,,,1,30,,66550,26,,,1,70,,66540,26,,,1,30,,66552,26,,,1,71,,66547,26,,,1,30,,66554,26,,,1,70,,66557,26,,,1,30,,66559,26,,,1,70,,66555,26,,,1,30,,66556,26,,,1,69,,66558,26,,,1,29,,66551,26,,,1,100,,66553,26,,,1,100,,66560,26,,,1,100,,66561,26,,,1,100,,66562,26,,,1
3901,'Semaine-0',649,,64138,26,,,1,66,,64127,26,,,1,37,,64128,26,,,1,73,,64124,26,,,1,32,,64130,26,,,1,70,,64132,26,,,2,30,,64139,26,,,1,70,,64150,26,,,1,30,,64145,26,,,2,70,,64140,26,,,1,30,,64125,26,,,1,71,,64134,26,,,1,31,,64141,26,,,1,68,,64126,26,,,2,30,,64123,26,,,1,74,,64142,26,,,1,69,,64135,26,,,1,32,,64116,26,,,1,71,,64143,26,,,2,29,,64121,26,,,1,71,,64118,26,,,1,30,,64146,26,,,1,67,,64131,26,,,1,32,,64137,26,,,2,70,,64122,26,,,2,31,,64144,26,,,1,25,,64117,26,,,2,66,,64147,26,,,1,30,,64120,26,,,1,70,,64136,26,,,1,32,,64148,26,,,1,70,,64119,26,,,1,32,,64129,26,,,1,69,,64149,26,,,1,30,,64133,26,,,1
3901,'Semaine-10',649,,72068,26,,,1,66,,72057,26,,,1,37,,72058,26,,,1,73,,72054,26,,,1,32,,72060,26,,,1,70,,72062,26,,,2,30,,72069,26,,,1,70,,72080,26,,,1,30,,72075,26,,,2,70,,72070,26,,,1,30,,72055,26,,,1,71,,72064,26,,,1,31,,72071,26,,,1,68,,72056,26,,,2,30,,72053,26,,,1,74,,72072,26,,,1,69,,72065,26,,,1,32,,72046,26,,,1,71,,72073,26,,,2,29,,72051,26,,,1,71,,72048,26,,,1,30,,72076,26,,,1,67,,72061,26,,,1,32,,72067,26,,,2,70,,72052,26,,,2,31,,72074,26,,,1,25,,72047,26,,,2,66,,72077,26,,,1,30,,72050,26,,,1,70,,72066,26,,,1,32,,72078,26,,,1,70,,72049,26,,,1,32,,72059,26,,,1,69,,72079,26,,,1,30,,72063,26,,,1
3901,'Semaine-11',649,,74599,26,,,1,66,,74588,26,,,1,37,,74589,26,,,1,73,,74585,26,,,1,32,,74591,26,,,1,70,,74593,26,,,2,30,,74600,26,,,1,70,,74611,26,,,1,30,,74606,26,,,2,70,,74601,26,,,1,30,,74586,26,,,1,71,,74595,26,,,1,31,,74602,26,,,1,68,,74587,26,,,2,30,,74584,26,,,1,74,,74603,26,,,1,69,,74596,26,,,1,32,,74577,26,,,1,71,,74604,26,,,2,29,,74582,26,,,1,71,,74579,26,,,1,30,,74607,26,,,1,67,,74592,26,,,1,32,,74598,26,,,2,70,,74583,26,,,2,31,,74605,26,,,1,25,,74578,26,,,2,66,,74608,26,,,1,30,,74581,26,,,1,70,,74597,26,,,1,32,,74609,26,,,1,70,,74580,26,,,1,32,,74590,26,,,1,69,,74610,26,,,1,30,,74594,26,,,1
4901,'Samedi-0',722,,66600,13,,,1,100,,66599,13,,,1,100,,66601,13,,,1,100,,66597,13,,,1,100,,66602,13,,,1,100,,66598,13,,,1,100,,66603,13,,,1,100,,66604,13,,,1,100,,66605,13,,,1,100,,66606,13,,,1,100,,66607,13,,,1,100,,66608,13,,,1,100,,66609,13,,,1,100,,66610,13,,,1,100,,66611,13,,,1,100,,66612,13,,,1,100,,66613,13,,,1
4901,'Samedi-10',722,,76758,13,,,1,100,,76757,13,,,1,100,,76759,13,,,1,100,,76755,13,,,1,100,,76760,13,,,1,100,,76756,13,,,1,100,,76761,13,,,1,100,,76762,13,,,1,100,,76763,13,,,1,100,,76764,13,,,1,100,,76765,13,,,1,100,,76766,13,,,1,100,,76767,13,,,1,100,,76768,13,,,1,100,,76769,13,,,1,100,,76770,13,,,1,100,,76771,13,,,1
4901,'Samedi-11',722,,70613,13,,,1,100,,70612,13,,,1,100,,70614,13,,,1,100,,70610,13,,,1,100,,70615,13,,,1,100,,70611,13,,,1,100,,70616,13,,,1,100,,70617,13,,,1,100,,70618,13,,,1,100,,70619,13,,,1,100,,70620,13,,,1,100,,70621,13,,,1,100,,70622,13,,,1,100,,70623,13,,,1,100,,70624,13,,,1,100,,70625,13,,,1,100,,70626,13,,,1
4901,'Dimanche-0',722,,68465,13,,,1,100,,68454,13,,,1,100,,68464,13,,,1,100,,68457,13,,,1,100,,68453,13,,,1,100,,68452,13,,,1,100,,68455,13,,,1,100,,68456,13,,,1,100,,68459,13,,,1,100,,68458,13,,,1,100,,68462,13,,,1,100,,68461,13,,,1,100,,68463,13,,,1,100,,68460,13,,,1,100,,68466,13,,,1,100,,68467,13,,,1,100,,68468,13,,,1
4901,'Dimanche-10',722,,69544,13,,,1,100,,69533,13,,,1,100,,69543,13,,,1,100,,69536,13,,,1,100,,69532,13,,,1,100,,69531,13,,,1,100,,69534,13,,,1,100,,69535,13,,,1,100,,69538,13,,,1,100,,69537,13,,,1,100,,69541,13,,,1,100,,69540,13,,,1,100,,69542,13,,,1,100,,69539,13,,,1,100,,69545,13,,,1,100,,69546,13,,,1,100,,69547,13,,,1
4901,'Dimanche-11',722,,66627,13,,,1,100,,66616,13,,,1,100,,66626,13,,,1,100,,66619,13,,,1,100,,66615,13,,,1,100,,66614,13,,,1,100,,66617,13,,,1,100,,66618,13,,,1,100,,66621,13,,,1,100,,66620,13,,,1,100,,66624,13,,,1,100,,66623,13,,,1,100,,66625,13,,,1,100,,66622,13,,,1,100,,66628,13,,,1,100,,66629,13,,,1,100,,66630,13,,,1
4901,'Semaine-0',604,,64243,13,,,1,47,,64248,13,,,1,70,,64264,13,,,1,31,,64260,13,,,1,69,,64258,13,,,1,29,,64268,13,,,1,70,,64250,13,,,1,30,,64266,13,,,1,70,,64262,13,,,1,30,,64237,13,,,1,70,,64259,13,,,1,30,,64238,13,,,1,70,,64244,13,,,1,30,,64246,13,,,1,70,,64251,13,,,1,29,,64267,13,,,1,71,,64249,13,,,1,30,,64269,13,,,1,62,,64265,13,,,1,11,,64252,13,,,1,15,,64239,13,,,1,15,,64255,13,,,1,70,,64245,13,,,1,29,,64247,13,,,1,69,,64263,13,,,1,29,,64257,13,,,1,70,,64261,13,,,1,95,,64240,13,,,1,40,,64256,13,,,1,101,,64254,13,,,1,99,,64241,13,,,1,100,,64253,13,,,1,98,,64242,13,,,1
4901,'Semaine-10',604,,72173,13,,,1,47,,72178,13,,,1,70,,72194,13,,,1,31,,72190,13,,,1,69,,72188,13,,,1,29,,72198,13,,,1,70,,72180,13,,,1,30,,72196,13,,,1,70,,72192,13,,,1,30,,72167,13,,,1,70,,72189,13,,,1,30,,72168,13,,,1,70,,72174,13,,,1,30,,72176,13,,,1,70,,72181,13,,,1,29,,72197,13,,,1,71,,72179,13,,,1,30,,72199,13,,,1,62,,72195,13,,,1,11,,72182,13,,,1,15,,72169,13,,,1,15,,72185,13,,,1,70,,72175,13,,,1,29,,72177,13,,,1,69,,72193,13,,,1,29,,72187,13,,,1,70,,72191,13,,,1,95,,72170,13,,,1,40,,72186,13,,,1,101,,72184,13,,,1,99,,72171,13,,,1,100,,72183,13,,,1,98,,72172,13,,,1
4901,'Semaine-11',604,,74704,13,,,1,47,,74709,13,,,1,70,,74725,13,,,1,31,,74721,13,,,1,69,,74719,13,,,1,29,,74729,13,,,1,70,,74711,13,,,1,30,,74727,13,,,1,70,,74723,13,,,1,30,,74698,13,,,1,70,,74720,13,,,1,30,,74699,13,,,1,70,,74705,13,,,1,30,,74707,13,,,1,70,,74712,13,,,1,29,,74728,13,,,1,71,,74710,13,,,1,30,,74730,13,,,1,62,,74726,13,,,1,11,,74713,13,,,1,15,,74700,13,,,1,15,,74716,13,,,1,70,,74706,13,,,1,29,,74708,13,,,1,69,,74724,13,,,1,29,,74718,13,,,1,70,,74722,13,,,1,95,,74701,13,,,1,40,,74717,13,,,1,101,,74715,13,,,1,99,,74702,13,,,1,100,,74714,13,,,1,98,,74703,13,,,1
32500,'Semaine-0',1635,,65569,23,0,7 8,1
32500,'Semaine-10',1635,,73499,23,0,7 8,1
32500,'Semaine-11',1635,,76030,23,0,7 8,1
42501,'Semaine-0',1505,,65819,9,0,9 14,1
42501,'Semaine-10',1505,,73749,9,0,9 14,1
42501,'Semaine-11',1505,,76280,9,0,9 14,1
44901,'Semaine-0',1507,,65837,9,0,9 14,1
44901,'Semaine-10',1507,,73767,9,0,9 14,1
44901,'Semaine-11',1507,,76298,9,0,9 14,1
54901,'Semaine-0',1527,,65839,6,,,1
54901,'Semaine-10',1527,,73769,6,,,1
54901,'Semaine-11',1527,,76300,6,,,1
63901,'Semaine-0',654,,65858,1,0,9 10,1
63901,'Semaine-10',654,,73788,1,0,9 10,1
63901,'Semaine-11',654,,76319,1,0,9 10,1
72500,'Semaine-0',1629,,65874,13,0,5 11,1
72500,'Semaine-10',1629,,73804,13,0,5 11,1
72500,'Semaine-11',1629,,76335,13,0,5 11,1
82500,'Semaine-0',1533,,65963,7,0,9 12 13,1
82500,'Semaine-10',1533,,73893,7,0,9 12 13,1
82500,'Semaine-11',1533,,76425,7,0,9 12 13,1
