4000,'Semaine-0',1533,,64155,26,,,1,70,,64151,26,,,2,35,,64154,26,,,1,67,,64153,26,,,1,28,,64152,26,,,1,69,,64156,26,,,1
4100,'Semaine-0',1544,,64164,26,,,1,71,,64166,26,,,1,35,,64165,26,,,2,64,,64163,26,,,1,29,,64167,26,,,1
4500,'Semaine-0',1519,,64182,26,,,1,35,,64177,26,,,1,70,,64178,26,,,1,32,,64180,26,,,1,67,,64181,26,,,1,26,,64179,26,,,2
4700,'Semaine-0',1541,,64189,26,,,1,102,,64190,26,,,1,96,,64191,26,,,2
5200,'Semaine-0',606,,64282,12,,,1,97,,64284,12,,,1,107,,64279,12,,,1,98,,64295,12,,,1,98,,64293,12,,,1,101,,64280,12,,,1,100,,64287,12,,,1,100,,64286,12,,,1,100,,64283,12,,,1,100,,64281,12,,,1,108,,64285,12,,,1,100,,64296,12,,,1,108,,64294,12,,,1,99,,64288,12,,,1,84,,64292,12,,,1,100,,64291,12,,,1,100,,64289,12,,,1,100,,64290,12,,,1
5500,'Semaine-0',646,,64323,27,,,1,102,,64339,27,,,1,69,,64322,27,,,1,98,,64358,27,,,1,28,,64359,27,,,1,69,,64328,27,,,1,30,,64338,27,,,1,69,,64342,27,,,1,32,,64364,27,,,1,70,,64324,27,,,1,30,,64363,27,,,1,69,,64341,27,,,1,30,,64356,27,,,1,70,,64350,27,,,1,25,,64357,27,,,1,16,,64343,27,,,1,54,,64321,27,,,1,17,,64362,27,,,1,17,,64332,27,,,1,15,,64365,27,,,1,53,,64353,27,,,1,10,,64325,27,,,1,13,,64336,27,,,1,18,,64368,27,,,1,9,,64361,27,,,1,51,,64327,27,,,1,11,,64344,27,,,1,10,,64337,27,,,1,11,,64366,27,,,1,12,,64351,27,,,1,48,,64331,27,,,1,12,,64326,27,,,1,10,,64367,27,,,1,11,,64335,27,,,1,11,,64330,27,,,1,10,,64340,27,,,1,70,,64355,27,,,1,29,,64360,27,,,1,70,,64347,27,,,1,30,,64333,27,,,1,70,,64354,27,,,1,28,,64345,27,,,1,70,,64348,27,,,1,29,,64334,27,,,1,70,,64349,27,,,1,30,,64346,27,,,1,69,,64329,27,,,1,30,,64352,27,,,1
5601,'Semaine-0',1237,,64428,29,,,1,102,,64425,29,,,1,100,,64424,29,,,1,101,,64427,29,,,2,104,,64426,29,,,1,99,,64429,29,,,1,95,,64430,29,,,1
5800,'Semaine-0',828,,64435,14,,,1,399,,64436,14,,,1,300,,64438,14,,,1,31,,64433,14,,,1,71,,64434,14,,,1,29,,64437,14,,,1,69,,64432,14,,,2,29,,64431,14,,,1
5900,'Semaine-0',614,,64453,27,,,1,98,,64488,27,,,1,47,,64493,27,,,1,88,,64469,27,,,1,82,,64465,27,,,1,28,,64486,27,,,1,70,,64462,27,,,1,30,,64485,27,,,1,70,,64476,27,,,1,30,,64470,27,,,1,72,,64478,27,,,1,30,,64461,27,,,1,70,,64489,27,,,1,30,,64452,27,,,1,71,,64483,27,,,1,14,,64454,27,,,1,58,,64487,27,,,1,31,,64447,27,,,1,14,,64491,27,,,1,55,,64446,27,,,1,8,,64481,27,,,1,17,,64477,27,,,1,7,,64490,22,,,1,6,,64464,27,,,1,13,,64448,27,,,1,6,,64492,22,,,1,46,,64449,27,,,1,12,,64457,27,,,1,9,,64484,27,,,1,12,,64473,27,,,1,11,,64460,27,,,1,9,,64482,27,,,1,52,,64468,27,,,1,12,,64480,27,,,1,9,,64450,27,,,1,10,,64455,27,,,1,71,,64475,27,,,1,29,,64466,27,,,1,70,,64471,27,,,1,29,,64459,27,,,1,70,,64467,27,,,1,30,,64472,27,,,1,70,,64479,27,,,1,30,,64456,27,,,1,70,,64474,27,,,1,29,,64463,27,,,1,70,,64451,27,,,1,28,,64458,27,,,1
64500,'Semaine-0',704,,65866,3,0,9 10,1
64700,'Semaine-0',710,,65868,3,0,9 10,1
65500,'Semaine-0',728,,65872,20,0,9 10,1
74000,'Semaine-0',1638,,65881,21,0,5 11,1
80001,'Semaine-0',629,,65948,29,,,1,28,,65941,29,,,1,73,,65949,29,,,1,70,,65933,29,,,1,33,,65931,29,,,1,68,,65938,29,,,1,26,,65944,29,,,1,30,,65956,29,,,1,70,,65947,29,,,2,30,,65939,29,,,1,70,,65953,29,,,1,30,,65927,29,,,1,71,,65961,29,,,1,29,,65959,29,,,1,74,,65929,29,,,1,70,,65952,29,,,1,30,,65943,29,,,1,70,,65950,29,,,1,33,,65960,29,,,1,69,,65945,29,,,1,17,,65955,29,,,1,22,,65957,29,,,1,64,,65954,29,,,1,27,,65946,29,,,1,70,,65936,29,,,1,28,,65934,29,,,1,27,,65928,29,,,1,69,,65958,29,,,1,32,,65940,29,,,1,67,,65937,29,,,1,30,,65942,29,,,1,69,,65930,29,,,1,30,,65951,29,,,1,74,,65932,29,,,1,30,,65935,29,,,1
