2700,'Semaine-0',1625,,63506,42,,,1,30,,63504,42,,,2,67,,63508,42,,,1,28,,63505,42,,,2,69,,63507,42,,,2
2700,'Semaine-10',1625,,71436,42,,,1,30,,71434,42,,,2,67,,71438,42,,,1,28,,71435,42,,,2,69,,71437,42,,,2
2700,'Semaine-11',1625,,73967,42,,,1,30,,73965,42,,,2,67,,73969,42,,,1,28,,73966,42,,,2,69,,73968,42,,,2
3500,'Semaine-0',1540,,63876,51,,,2,112,,63881,51,,,1,70,,63885,51,,,1,93,,63868,51,,,1,92,,63895,51,,,1,126,,63874,51,,,1,100,,63888,51,,,1,100,,63892,51,,,1
3500,'Semaine-10',1540,,71806,51,,,2,112,,71811,51,,,1,70,,71815,51,,,1,93,,71798,51,,,1,92,,71825,51,,,1,126,,71804,51,,,1,100,,71818,51,,,1,100,,71822,51,,,1
3500,'Semaine-11',1540,,74337,51,,,2,112,,74342,51,,,1,70,,74346,51,,,1,93,,74329,51,,,1,92,,74356,51,,,1,126,,74335,51,,,1,100,,74349,51,,,1,100,,74353,51,,,1
33101,'Semaine-0',1633,,65577,24,0,7 8,1
33101,'Semaine-10',1633,,73507,24,0,7 8,1
33101,'Semaine-11',1633,,76038,24,0,7 8,1
43301,'Semaine-0',737,,65831,19,0,9 14,1
43301,'Semaine-10',737,,73761,19,0,9 14,1
43301,'Semaine-11',737,,76292,19,0,9 14,1
82700,'Semaine-0',1545,,65970,32,0,9 12 13,2
82700,'Semaine-10',1545,,73900,32,0,9 12 13,2
82700,'Semaine-11',1545,,76432,32,0,9 12 13,2
