2601,'Semaine-0',608,,63500,27,,,1,31,,63502,27,,,2,70,,63503,27,,,2,30,,63501,27,,,1,69,,63499,27,,,2
2801,'Semaine-0',703,,63517,37,,,1,34,,63518,37,,,2,99,,63516,37,,,2
2901,'Semaine-0',721,,63524,13,,,2,30,,63527,13,,,1,69,,63525,13,,,1,33,,63526,13,,,2
3201,'Semaine-0',524,,63711,25,,,1,20,,63710,25,,,1,60,,63702,25,,,1,21,,63712,25,,,2,10,,63692,25,,,1,8,,63713,25,,,1,11,,63693,25,,,1,50,,63694,25,,,1,8,,63686,25,,,1,11,,63689,25,,,1,8,,63715,25,,,1,8,,63695,25,,,1,8,,63690,25,,,1,9,,63703,25,,,1,48,,63685,25,,,1,8,,63696,25,,,1,8,,63714,25,,,2,8,,63684,25,,,1,10,,63683,25,,,1,10,,63688,25,,,1,8,,63691,25,,,1,50,,63697,25,,,1,22,,63671,25,,,2,30,,63681,25,,,1,70,,63674,25,,,1,30,,63677,25,,,1,69,,63670,25,,,1,31,,63680,25,,,1,70,,63675,25,,,1,30,,63682,25,,,1,70,,63664,25,,,1,29,,63669,25,,,1,70,,63676,25,,,1,31,,63687,25,,,1,71,,63704,25,,,1,71,,63705,25,,,2,29,,63706,25,,,1,30,,63707,25,,,1,69,,63708,25,,,2,30,,63709,25,,,1,70,,63667,25,,,1,29,,63665,25,,,2,70,,63678,25,,,2,30,,63673,25,,,1,69,,63668,25,,,1,31,,63666,25,,,2,70,,63679,25,,,1,28,,63672,25,,,1,68,,63699,25,,,1,32,,63698,25,,,1,69,,63700,25,,,1,30,,63701,25,,,1
3401,'Semaine-0',922,,63856,46,,,1,30,,63836,46,,,2,70,,63840,46,,,1,30,,63860,46,,,1,70,,63833,46,,,1,30,,63837,46,,,1,70,,63841,46,,,1,30,,63831,46,,,1,70,,63834,46,,,1,30,,63838,46,,,1,70,,63842,46,,,2,31,,63835,46,,,1,70,,63857,46,,,1,31,,63832,46,,,1,75,,63858,46,,,1,27,,63859,46,,,1,69,,63853,46,,,1,27,,63849,46,,,1,70,,63839,46,,,1,29,,63846,46,,,1,69,,63855,46,,,1,30,,63843,46,,,1,70,,63845,46,,,1,30,,63847,46,,,1,70,,63851,46,,,2,30,,63844,46,,,1,70,,63850,46,,,1,29,,63848,46,,,1,70,,63852,46,,,1,30,,63854,46,,,1
4001,'Semaine-0',627,,64160,45,,,1,30,,64159,45,,,1,73,,64162,45,,,1,74,,64158,45,,,2,26,,64157,45,,,1,27,,64161,45,,,1
4101,'Semaine-0',649,,64170,36,,,1,73,,64171,36,,,1,36,,64172,36,,,1,66,,64169,36,,,2,28,,64168,36,,,1
4501,'Semaine-0',616,,64184,39,,,1,30,,64183,39,,,1,73,,64187,39,,,2,30,,64186,39,,,1,72,,64185,39,,,1,29,,64188,39,,,1
4701,'Semaine-0',628,,64194,32,,,2,87,,64193,32,,,1,89,,64192,32,,,1,27,,64195,32,,,1
5501,'Semaine-0',530,,64382,44,,,1,14,,64389,44,,,1,14,,64388,43,,,1,58,,64372,43,,,1,15,,64410,43,,,1,22,,64409,43,,,1,48,,64369,43,,,1,14,,64414,43,,,1,15,,64395,43,,,1,15,,64403,43,,,1,56,,64373,43,,,1,8,,64377,43,,,1,12,,64375,43,,,1,9,,64404,43,,,1,4,,64406,43,,,1,14,,64383,43,,,1,68,,64387,43,,,1,12,,64374,43,,,1,11,,64408,43,,,1,69,,64401,44,,,1,23,,64413,11,,,1,8,,64405,44,,,1,69,,64371,44,,,1,29,,64378,44,,,1,70,,64391,44,,,1,30,,64402,44,,,1,70,,64398,44,,,1,30,,64379,44,,,1,70,,64411,44,,,1,31,,64370,44,,,1,72,,64376,44,,,1,49,,64380,44,,,1,100,,64385,44,,,1,100,,64390,44,,,1,99,,64407,44,,,1,60,,64396,44,,,1,30,,64384,44,,,1,70,,64400,44,,,1,30,,64393,44,,,1,70,,64412,44,,,1,30,,64386,44,,,1,69,,64392,44,,,1,31,,64394,44,,,1,70,,64381,44,,,1,28,,64399,44,,,1,70,,64397,44,,,1
5901,'Semaine-0',525,,64498,33,,,1,15,,64534,33,,,1,15,,64507,33,,,1,55,,64528,32,,,1,16,,64508,32,,,1,14,,64497,32,,,1,13,,64499,32,,,1,55,,64502,32,,,1,10,,64537,10,,,1,8,,64505,32,,,1,7,,64538,10,,,1,8,,64506,32,,,1,7,,64539,10,,,1,11,,64501,32,,,1,47,,64495,10,,,1,5,,64530,32,,,1,19,,64516,32,,,1,12,,64521,32,,,1,13,,64511,32,,,1,55,,64496,32,,,1,16,,64514,32,,,1,27,,64540,32,,,1,70,,64535,33,,,1,30,,64522,33,,,1,70,,64504,33,,,1,30,,64515,33,,,1,70,,64518,33,,,1,30,,64503,33,,,1,70,,64532,33,,,1,30,,64494,33,,,1,70,,64536,33,,,1,30,,64526,33,,,1,76,,64529,33,,,1,100,,64533,33,,,1,100,,64513,33,,,1,99,,64520,33,,,1,75,,64525,33,,,1,30,,64512,33,,,1,70,,64519,33,,,1,30,,64524,33,,,1,70,,64531,33,,,1,30,,64509,33,,,1,70,,64527,33,,,1,29,,64517,33,,,1,70,,64500,33,,,1,30,,64510,33,,,1,70,,64523,33,,,1
32901,'Semaine-0',1654,,65575,40,0,7 8,1
42901,'Semaine-0',1517,,65825,21,0,9 14,1
65501,'Semaine-0',1524,,65873,32,0,9 10,1
72901,'Semaine-0',821,,65878,25,0,5 11,2
74001,'Semaine-0',831,,65882,46,0,5 11,2,2,,65883,46,0,5 11,1
80000,'Semaine-0',607,,65923,36,,,1,32,,65909,36,,,1,71,,65899,36,,,1,15,,65898,36,,,1,16,,65919,36,,,1,70,,65910,36,,,1,18,,65896,36,,,1,29,,65915,36,,,1,70,,65900,37,,,1,30,,65917,37,,,1,70,,65912,37,,,1,29,,65926,37,,,1,70,,65893,37,,,1,30,,65914,37,,,1,70,,65904,37,,,1,31,,65920,37,,,1,69,,65913,37,,,1,30,,65924,37,,,1,71,,65903,37,,,1,29,,65918,37,,,1,74,,65916,37,,,1,70,,65905,37,,,1,32,,65921,37,,,1,68,,65894,37,,,1,30,,65911,37,,,1,70,,65908,37,,,1,28,,65922,37,,,1,29,,65907,37,,,1,71,,65901,37,,,1,28,,65895,37,,,1,71,,65925,37,,,1,28,,65906,37,,,1,68,,65902,37,,,1,30,,65892,37,,,1,69,,65897,37,,,1,30,,65891,37,,,1
82901,'Semaine-0',757,,65975,13,0,9 12 13,1,1,,65976,13,0,9 12 13,1,1,,65977,13,0,9 12 13,2
