4000,'Semaine-0',1536,,64155,30,,,1,70,,64151,30,,,2,35,,64154,30,,,1,67,,64153,30,,,1,28,,64152,30,,,1,68,,64156,30,,,1
4100,'Semaine-0',1546,,64164,30,,,1,71,,64166,30,,,1,35,,64165,30,,,2,64,,64163,30,,,1,29,,64167,30,,,1
4700,'Semaine-0',1544,,64189,30,,,1,102,,64190,30,,,1,96,,64191,30,,,2
4901,'Samedi-0',744,,66600,38,,,1,100,,66599,38,,,1,100,,66601,38,,,1,102,,66597,38,,,1,100,,66602,38,,,1,102,,66598,38,,,1,100,,66603,38,,,1,100,,66604,38,,,1,100,,66605,38,,,1,100,,66606,38,,,1,100,,66607,38,,,1,97,,66608,38,,,1,100,,66609,38,,,1,100,,66610,38,,,1,100,,66611,38,,,1,100,,66612,38,,,1,100,,66613,38,,,1
4901,'Dimanche-11',744,,66627,38,,,1,100,,66616,38,,,1,100,,66626,38,,,1,102,,66619,38,,,1,100,,66615,38,,,1,102,,66614,38,,,1,100,,66617,38,,,1,100,,66618,38,,,1,100,,66621,38,,,1,100,,66620,38,,,1,100,,66624,38,,,1,97,,66623,38,,,1,100,,66625,38,,,1,100,,66622,38,,,1,100,,66628,38,,,1,100,,66629,38,,,1,100,,66630,38,,,1
4901,'Semaine-0',628,,64243,38,,,1,89,,64248,38,,,1,31,,64264,38,,,1,72,,64260,38,,,1,30,,64258,38,,,1,67,,64268,38,,,1,28,,64250,38,,,1,69,,64266,38,,,1,28,,64262,38,,,1,72,,64237,38,,,1,30,,64259,38,,,1,70,,64238,38,,,1,30,,64244,38,,,1,70,,64246,38,,,1,30,,64251,38,,,1,69,,64267,38,,,1,32,,64249,38,,,1,73,,64269,38,,,1,24,,64265,38,,,1,12,,64252,38,,,1,55,,64239,38,,,1,15,,64255,38,,,1,30,,64245,38,,,1,65,,64247,38,,,1,30,,64263,38,,,1,66,,64257,38,,,1,30,,64261,38,,,1,94,,64240,38,,,1,80,,64256,38,,,1,101,,64254,38,,,1,97,,64241,38,,,1,100,,64253,38,,,1,97,,64242,38,,,1
5500,'Samedi-0',714,,66706,31,,,1,30,,66703,31,,,1,70,,66704,31,,,1,30,,66707,31,,,1,70,,66705,31,,,1,30,,66712,31,,,1,73,,66709,31,,,1,30,,66710,31,,,1,69,,66715,31,,,1,31,,66714,31,,,1,70,,66708,31,,,1,30,,66711,31,,,1,70,,66713,31,,,1,30,,66716,31,,,1,70,,66717,31,,,1,30,,66718,31,,,1,70,,66719,31,,,1,30,,66720,31,,,1,70,,66721,31,,,1,31,,66722,31,,,1,70,,66723,31,,,1,30,,66724,31,,,1,70,,66725,31,,,1,30,,66726,31,,,1,68,,66728,31,,,1,30,,66727,31,,,1,70,,66729,31,,,1,30,,66731,31,,,1,70,,66730,31,,,1,30,,66732,31,,,1,69,,66733,31,,,1,30,,66736,31,,,1,70,,66738,31,,,1,30,,66735,31,,,1,70,,66734,31,,,1,27,,66737,31,,,1
5500,'Dimanche-11',714,,66743,31,,,1,30,,66748,31,,,1,70,,66740,31,,,1,30,,66745,31,,,1,70,,66742,31,,,1,30,,66739,31,,,1,73,,66750,31,,,1,30,,66744,31,,,1,69,,66741,31,,,1,31,,66753,31,,,1,70,,66749,31,,,1,30,,66754,31,,,1,70,,66747,31,,,1,30,,66746,31,,,1,70,,66752,31,,,1,30,,66757,31,,,1,70,,66751,31,,,1,30,,66756,31,,,1,70,,66759,31,,,1,31,,66763,31,,,1,70,,66758,31,,,1,30,,66764,31,,,1,70,,66755,31,,,1,30,,66761,31,,,1,68,,66762,31,,,1,30,,66765,31,,,1,70,,66760,31,,,1,30,,66766,31,,,1,70,,66768,31,,,1,30,,66767,31,,,1,69,,66769,31,,,1,30,,66771,31,,,1,70,,66772,31,,,1,30,,66770,31,,,1,70,,66773,31,,,1,27,,66774,31,,,1
5500,'Semaine-0',648,,64323,31,,,1,103,,64339,31,,,1,69,,64322,31,,,1,97,,64358,31,,,1,28,,64359,31,,,1,70,,64328,31,,,1,30,,64338,31,,,1,69,,64342,31,,,1,32,,64364,31,,,1,70,,64324,31,,,1,30,,64363,31,,,1,69,,64341,31,,,1,30,,64356,31,,,1,70,,64350,31,,,1,25,,64357,31,,,1,16,,64343,31,,,1,54,,64321,31,,,1,17,,64362,31,,,1,17,,64332,31,,,1,15,,64365,31,,,1,53,,64353,31,,,1,10,,64325,31,,,1,13,,64336,31,,,1,18,,64368,31,,,1,49,,64361,31,,,1,11,,64327,31,,,1,11,,64344,31,,,1,10,,64337,31,,,1,11,,64366,31,,,1,12,,64351,31,,,1,48,,64331,31,,,1,12,,64326,31,,,1,10,,64367,31,,,1,11,,64335,31,,,1,11,,64330,31,,,1,10,,64340,31,,,1,70,,64355,31,,,1,29,,64360,31,,,1,70,,64347,31,,,1,30,,64333,31,,,1,70,,64354,31,,,1,28,,64345,31,,,1,69,,64348,31,,,1,29,,64334,31,,,1,70,,64349,31,,,1,30,,64346,31,,,1,69,,64329,31,,,1,30,,64352,31,,,1
5800,'Semaine-0',831,,64435,18,,,1,399,,64436,18,,,1,300,,64438,18,,,1,71,,64433,18,,,1,31,,64434,18,,,1,69,,64437,18,,,1,29,,64432,18,,,2,29,,64431,18,,,1
5900,'Samedi-0',730,,66845,31,,,1,70,,66848,31,,,1,30,,66841,31,,,1,70,,66847,31,,,1,30,,66844,31,,,1,70,,66849,31,,,1,30,,66853,31,,,1,70,,66854,31,,,1,30,,66843,31,,,1,70,,66842,31,,,1,31,,66852,31,,,1,71,,66846,31,,,1,30,,66850,31,,,1,71,,66855,31,,,1,30,,66851,31,,,1,70,,66856,31,,,1,30,,66857,31,,,1,69,,66858,31,,,1,30,,66859,31,,,1,73,,66860,31,,,1,28,,66861,31,,,1,70,,66862,31,,,1,29,,66863,31,,,1,70,,66864,31,,,1,30,,66865,31,,,1,68,,66867,31,,,1,30,,66866,31,,,1,70,,66869,31,,,1,30,,66868,31,,,1,29,,66870,31,,,1,71,,66871,31,,,1,70,,66873,31,,,1,30,,66872,31,,,1,70,,66874,31,,,1
5900,'Dimanche-11',730,,66880,31,,,1,70,,66879,31,,,1,30,,66875,31,,,1,70,,66884,31,,,1,30,,66890,31,,,1,70,,66881,31,,,1,30,,66888,31,,,1,70,,66883,31,,,1,30,,66889,31,,,1,70,,66876,31,,,1,31,,66887,31,,,1,71,,66877,31,,,1,30,,66885,31,,,1,71,,66891,31,,,1,30,,66878,31,,,1,70,,66882,31,,,1,30,,66886,31,,,1,69,,66895,31,,,1,30,,66896,31,,,1,73,,66893,31,,,1,28,,66898,31,,,1,70,,66894,31,,,1,29,,66900,31,,,1,70,,66892,31,,,1,30,,66897,31,,,1,68,,66901,31,,,1,30,,66899,31,,,1,70,,66902,31,,,1,30,,66903,31,,,1,29,,66904,31,,,1,71,,66905,31,,,1,70,,66907,31,,,1,30,,66906,31,,,1,70,,66908,31,,,1
5900,'Semaine-0',616,,64453,31,,,1,98,,64488,31,,,1,87,,64493,31,,,1,48,,64469,31,,,1,82,,64465,31,,,1,28,,64486,31,,,1,70,,64462,31,,,1,30,,64485,31,,,1,70,,64476,31,,,1,30,,64470,31,,,1,73,,64478,31,,,1,70,,64461,31,,,1,30,,64489,31,,,1,70,,64452,31,,,1,31,,64483,31,,,1,14,,64454,31,,,1,58,,64487,31,,,1,31,,64447,31,,,1,14,,64491,31,,,1,55,,64446,31,,,1,8,,64481,31,,,1,17,,64477,31,,,1,7,,64490,26,,,1,6,,64464,31,,,1,13,,64448,31,,,1,46,,64492,26,,,1,6,,64449,31,,,1,12,,64457,31,,,1,9,,64484,31,,,1,12,,64473,31,,,1,11,,64460,31,,,1,49,,64482,31,,,1,11,,64468,31,,,1,12,,64480,31,,,1,9,,64450,31,,,1,10,,64455,31,,,1,71,,64475,31,,,1,29,,64466,31,,,1,70,,64471,31,,,1,30,,64459,31,,,1,70,,64467,31,,,1,30,,64472,31,,,1,69,,64479,31,,,1,30,,64456,31,,,1,70,,64474,31,,,1,28,,64463,31,,,1,70,,64451,31,,,1,28,,64458,31,,,1
54901,'Semaine-0',1550,,65839,31,,,1
64700,'Semaine-0',712,,65868,7,0,9 10,1
65500,'Semaine-0',730,,65872,24,0,9 10,1
74000,'Semaine-0',1640,,65881,25,0,5 11,1
75401,'Semaine-0',724,,65890,14,0,9 18,1
80001,'Samedi-0',637,,68111,33,,,1,101,,68113,33,,,1,101,,68114,33,,,1,100,,68117,33,,,1,101,,68112,33,,,1,100,,68115,33,,,1,102,,68118,33,,,1,100,,68116,33,,,1,100,,68119,33,,,1,100,,68120,33,,,1,100,,68121,33,,,2,102,,68122,33,,,1,97,,68125,33,,,1,99,,68123,33,,,1,100,,68124,33,,,1,100,,68126,33,,,1,98,,68127,33,,,1
80001,'Dimanche-11',637,,68128,33,,,1,101,,68130,33,,,1,101,,68132,33,,,1,100,,68129,33,,,1,101,,68131,33,,,1,100,,68133,33,,,1,102,,68134,33,,,1,100,,68135,33,,,1,100,,68138,33,,,1,100,,68136,33,,,1,100,,68137,33,,,2,102,,68140,33,,,1,97,,68141,33,,,1,99,,68139,33,,,1,100,,68142,33,,,1,100,,68143,33,,,1,98,,68144,33,,,1
80001,'Semaine-0',631,,65948,33,,,1,28,,65941,33,,,1,73,,65949,33,,,1,70,,65933,33,,,1,33,,65931,33,,,1,68,,65938,33,,,1,26,,65944,33,,,1,30,,65956,33,,,1,70,,65947,33,,,2,30,,65939,33,,,1,70,,65953,33,,,1,30,,65927,33,,,1,70,,65961,33,,,1,29,,65959,33,,,1,74,,65929,33,,,1,70,,65952,33,,,1,30,,65943,33,,,1,70,,65950,33,,,1,35,,65960,33,,,1,69,,65945,33,,,1,17,,65955,33,,,1,22,,65957,33,,,1,64,,65954,33,,,1,27,,65946,33,,,1,70,,65936,33,,,1,27,,65934,33,,,1,67,,65928,33,,,1,29,,65958,33,,,1,72,,65940,33,,,1,27,,65937,33,,,1,30,,65942,33,,,1,69,,65930,33,,,1,30,,65951,33,,,1,73,,65932,33,,,1,70,,65935,33,,,1
