3100,'Semaine-0',627,,63532,26,,,1,84,,63565,26,,,1,21,,63545,26,,,1,21,,63533,26,,,1,55,,63570,26,,,1,21,,63567,26,,,1,21,,63529,26,,,1,58,,63542,26,,,1,23,,63543,26,,,1,9,,63534,26,,,1,64,,63536,26,,,1,20,,63553,26,,,1,27,,63554,26,,,1,71,,63535,26,,,1,30,,63540,26,,,1,70,,63559,26,,,1,30,,63556,26,,,1,57,,63537,26,,,1,13,,63530,26,,,1,19,,63564,26,,,1,60,,63568,26,,,1,18,,63555,26,,,1,29,,63538,26,,,1,63,,63558,26,,,1,10,,63560,26,,,1,35,,63566,26,,,1,64,,63557,26,,,1,18,,63539,26,,,1,19,,63550,26,,,1,63,,63552,26,,,1,19,,63541,26,,,1,17,,63528,26,,,1,55,,63531,26,,,1,10,,63562,26,,,1,29,,63569,26,,,1,52,,63547,26,,,1,20,,63563,26,,,1,106,,63548,26,,,1,99,,63544,26,,,1,100,,63549,26,,,1,100,,63551,26,,,1,100,,63561,26,,,1,100,,63546,26,,,1
3300,'Semaine-0',633,,63741,22,,,1,20,,63740,22,,,1,59,,63747,22,,,1,34,,63720,22,,,1,13,,63734,22,,,1,61,,63742,22,,,1,16,,63755,22,,,1,17,,63748,22,,,1,68,,63732,22,,,1,28,,63750,22,,,1,72,,63735,22,,,1,38,,63725,22,,,1,61,,63744,22,,,1,20,,63730,22,,,1,60,,63737,22,,,1,20,,63726,22,,,1,22,,63752,22,,,1,58,,63733,22,,,1,20,,63754,22,,,1,32,,63739,22,,,1,69,,63727,22,,,1,20,,63749,22,,,1,60,,63745,22,,,1,20,,63738,22,,,1,23,,63717,22,,,1,61,,63729,22,,,1,12,,63736,22,,,1,15,,63753,22,,,1,17,,63751,22,,,1,65,,63746,22,,,1,20,,63724,22,,,1,19,,63723,22,,,1,55,,63728,22,,,1,18,,63716,22,,,1,18,,63721,22,,,1,81,,63756,22,,,1,33,,63731,22,,,1,98,,63722,22,,,1,102,,63718,22,,,1,100,,63743,22,,,2,100,,63757,22,,,1,143,,63719,22,,,1
3500,'Semaine-0',647,,63886,30,0,15 16,1,78,,63861,30,0,15 16,2,23,,63871,30,0,15 16,1,63,,63889,30,0,15 16,1,15,,63879,30,0,15 16,1,20,,63894,30,0,15 16,1,60,,63891,30,0,15 16,1,23,,63884,30,0,15 16,1,21,,63890,30,0,15 16,1,70,,63869,30,0,15 16,1,26,,63882,30,0,15 16,1,74,,63863,30,0,15 16,1,28,,63867,30,0,15 16,1,70,,63877,30,0,15 16,2,32,,63862,30,0,15 16,1,70,,63872,30,0,15 16,1,30,,63893,30,0,15 16,2,70,,63880,30,0,15 16,1,30,,63864,30,0,15 16,2,74,,63876,30,,,2,33,,63878,30,0,15 16,1,58,,63870,23,0,15 16,1,19,,63881,30,,,1,13,,63875,23,0,15 16,1,58,,63885,30,,,1,25,,63887,30,0,15 16,1,29,,63868,30,,,1,64,,63866,30,0,15 16,1,28,,63895,30,,,1,66,,63883,30,0,15 16,1,30,,63873,23,0,15 16,1,70,,63874,30,,,1,100,,63888,30,,,1,100,,63892,30,,,1,100,,63865,30,0,15 16,1
3600,'Semaine-0',914,,63929,24,,,1,100,,63930,24,,,1,102,,63928,24,,,1,100,,63931,24,,,1,100,,63933,24,,,1,100,,63934,24,,,1,99,,63932,24,,,1
3901,'Semaine-0',642,,64138,23,,,1,66,,64127,23,,,1,37,,64128,23,,,1,73,,64124,23,,,1,32,,64130,23,,,1,70,,64132,23,,,2,30,,64139,23,,,1,70,,64150,23,,,1,30,,64145,23,,,2,70,,64140,23,,,1,30,,64125,23,,,1,71,,64134,23,,,1,31,,64141,23,,,1,69,,64126,23,,,2,30,,64123,23,,,1,74,,64142,23,,,1,29,,64135,23,,,1,71,,64116,23,,,1,31,,64143,23,,,2,69,,64121,23,,,1,31,,64118,23,,,1,70,,64146,23,,,1,27,,64131,23,,,1,72,,64137,23,,,2,30,,64122,23,,,2,72,,64144,23,,,1,25,,64117,23,,,2,66,,64147,23,,,1,30,,64120,23,,,1,70,,64136,23,,,1,32,,64148,23,,,1,70,,64119,23,,,1,32,,64129,23,,,1,70,,64149,23,,,1,30,,64133,23,,,1
4900,'Semaine-0',703,,64225,51,,,1,17,,64220,38,,,1,3,,64232,38,,,1,4,,64208,38,,,1,6,,64231,38,,,1,4,,64236,51,,,1,3,,64235,38,,,1,4,,64234,38,,,1,5,,64233,38,,,1,61,,64228,51,,,1,26,,64224,38,,,1,1,,64229,51,,,1,72,,64223,51,,,1,30,,64218,51,,,1,68,,64210,51,,,1,31,,64230,51,,,1,73,,64226,51,,,1,30,,64221,51,,,1,70,,64198,51,,,1,30,,64219,51,,,1,70,,64200,51,,,1,30,,64205,51,,,1,70,,64207,51,,,1,30,,64211,51,,,1,70,,64227,51,,,1,37,,64209,51,,,1,70,,64212,51,,,1,30,,64203,51,,,1,70,,64215,51,,,1,30,,64206,51,,,1,67,,64204,51,,,1,30,,64222,51,,,1,66,,64216,51,,,1,96,,64199,51,,,1,99,,64217,51,,,1,101,,64214,51,,,1,97,,64201,51,,,1,97,,64213,51,,,1,100,,64202,51,,,1
32901,'Semaine-0',1636,,65575,25,0,7 8,1
43101,'Semaine-0',730,,65828,1,0,9 14,1
56600,'Semaine-0',1518,,65849,2,0,5 6,1
56900,'Semaine-0',1518,,65851,2,0,5 6,2
57600,'Semaine-0',1518,,65855,2,0,5 6,1
73300,'Semaine-0',1630,,65879,19,,,1
82600,'Semaine-0',1529,,65967,10,0,9 12 13,1
83100,'Semaine-0',1530,,65979,10,0,9 12 13,1
83300,'Semaine-0',1532,,65983,9,0,9 12 13,1
