4000,'Semaine-0',1532,,64155,25,,,1,70,,64151,25,,,2,35,,64154,25,,,1,67,,64153,25,,,1,28,,64152,25,,,1,69,,64156,25,,,1
4100,'Semaine-0',1543,,64164,25,,,1,71,,64166,25,,,1,35,,64165,25,,,2,64,,64163,25,,,1,29,,64167,25,,,1
4500,'Semaine-0',1518,,64182,25,,,1,35,,64177,25,,,1,70,,64178,25,,,1,32,,64180,25,,,1,67,,64181,25,,,1,26,,64179,25,,,2
4700,'Semaine-0',1540,,64189,25,,,1,102,,64190,25,,,1,96,,64191,25,,,2
5200,'Semaine-0',605,,64282,11,,,1,97,,64284,11,,,1,107,,64279,11,,,1,98,,64295,11,,,1,98,,64293,11,,,1,101,,64280,11,,,1,100,,64287,11,,,1,100,,64286,11,,,1,100,,64283,11,,,1,100,,64281,11,,,1,107,,64285,11,,,1,100,,64296,11,,,1,109,,64294,11,,,1,99,,64288,11,,,1,84,,64292,11,,,1,100,,64291,11,,,1,100,,64289,11,,,1,100,,64290,11,,,1
5500,'Semaine-0',645,,64323,26,,,1,102,,64339,26,,,1,69,,64322,26,,,1,98,,64358,26,,,1,28,,64359,26,,,1,69,,64328,26,,,1,30,,64338,26,,,1,69,,64342,26,,,1,32,,64364,26,,,1,70,,64324,26,,,1,30,,64363,26,,,1,69,,64341,26,,,1,30,,64356,26,,,1,70,,64350,26,,,1,25,,64357,26,,,1,16,,64343,26,,,1,54,,64321,26,,,1,17,,64362,26,,,1,17,,64332,26,,,1,15,,64365,26,,,1,53,,64353,26,,,1,10,,64325,26,,,1,13,,64336,26,,,1,18,,64368,26,,,1,9,,64361,26,,,1,51,,64327,26,,,1,11,,64344,26,,,1,10,,64337,26,,,1,11,,64366,26,,,1,12,,64351,26,,,1,48,,64331,26,,,1,12,,64326,26,,,1,10,,64367,26,,,1,11,,64335,26,,,1,11,,64330,26,,,1,10,,64340,26,,,1,70,,64355,26,,,1,29,,64360,26,,,1,70,,64347,26,,,1,30,,64333,26,,,1,70,,64354,26,,,1,28,,64345,26,,,1,70,,64348,26,,,1,29,,64334,26,,,1,70,,64349,26,,,1,30,,64346,26,,,1,69,,64329,26,,,1,30,,64352,26,,,1
5601,'Semaine-0',1236,,64428,28,,,1,102,,64425,28,,,1,100,,64424,28,,,1,101,,64427,28,,,2,104,,64426,28,,,1,99,,64429,28,,,1,95,,64430,28,,,1
5800,'Semaine-0',828,,64435,13,,,1,399,,64436,13,,,1,300,,64438,13,,,1,31,,64433,13,,,1,71,,64434,13,,,1,29,,64437,13,,,1,69,,64432,13,,,2,29,,64431,13,,,1
5900,'Semaine-0',613,,64453,26,,,1,98,,64488,26,,,1,47,,64493,26,,,1,88,,64469,26,,,1,82,,64465,26,,,1,28,,64486,26,,,1,70,,64462,26,,,1,30,,64485,26,,,1,70,,64476,26,,,1,30,,64470,26,,,1,72,,64478,26,,,1,30,,64461,26,,,1,70,,64489,26,,,1,30,,64452,26,,,1,71,,64483,26,,,1,14,,64454,26,,,1,58,,64487,26,,,1,31,,64447,26,,,1,14,,64491,26,,,1,55,,64446,26,,,1,8,,64481,26,,,1,17,,64477,26,,,1,7,,64490,21,,,1,6,,64464,26,,,1,13,,64448,26,,,1,6,,64492,21,,,1,46,,64449,26,,,1,12,,64457,26,,,1,9,,64484,26,,,1,12,,64473,26,,,1,11,,64460,26,,,1,9,,64482,26,,,1,52,,64468,26,,,1,12,,64480,26,,,1,9,,64450,26,,,1,10,,64455,26,,,1,71,,64475,26,,,1,29,,64466,26,,,1,70,,64471,26,,,1,29,,64459,26,,,1,70,,64467,26,,,1,30,,64472,26,,,1,70,,64479,26,,,1,30,,64456,26,,,1,70,,64474,26,,,1,29,,64463,26,,,1,70,,64451,26,,,1,28,,64458,26,,,1
64500,'Semaine-0',702,,65866,2,0,9 10,1
64700,'Semaine-0',710,,65868,2,0,9 10,1
65500,'Semaine-0',727,,65872,19,0,9 10,1
74000,'Semaine-0',1637,,65881,20,0,5 11,1
80001,'Semaine-0',628,,65948,28,,,1,28,,65941,28,,,1,73,,65949,28,,,1,30,,65933,28,,,1,73,,65931,28,,,1,68,,65938,28,,,1,26,,65944,28,,,1,30,,65956,28,,,1,70,,65947,28,,,2,30,,65939,28,,,1,70,,65953,28,,,1,30,,65927,28,,,1,71,,65961,28,,,1,29,,65959,28,,,1,74,,65929,28,,,1,70,,65952,28,,,1,30,,65943,28,,,1,70,,65950,28,,,1,33,,65960,28,,,1,69,,65945,28,,,1,17,,65955,28,,,1,22,,65957,28,,,1,64,,65954,28,,,1,27,,65946,28,,,1,70,,65936,28,,,1,28,,65934,28,,,1,27,,65928,28,,,1,69,,65958,28,,,1,32,,65940,28,,,1,67,,65937,28,,,1,30,,65942,28,,,1,69,,65930,28,,,1,30,,65951,28,,,1,74,,65932,28,,,1,30,,65935,28,,,1
