9500,'Semaine-0',1536,,65421,41,,,1,17,,65424,41,,,2,56,,65420,41,,,2,18,,65415,41,,,2,15,,65419,41,,,2,16,,65416,41,,,1,55,,65417,41,,,1,18,,65422,41,,,2,19,,65423,41,,,2,67,,65418,41,,,1
9500,'Semaine-10',1536,,73351,41,,,1,17,,73354,41,,,2,56,,73350,41,,,2,18,,73345,41,,,2,15,,73349,41,,,2,16,,73346,41,,,1,55,,73347,41,,,1,18,,73352,41,,,2,19,,73353,41,,,2,67,,73348,41,,,1
9500,'Semaine-11',1536,,75882,41,,,1,17,,75885,41,,,2,56,,75881,41,,,2,18,,75876,41,,,2,15,,75880,41,,,2,16,,75877,41,,,1,55,,75878,41,,,1,18,,75883,41,,,2,19,,75884,41,,,2,67,,75879,41,,,1
9700,'Samedi-0',854,,67653,53,,,1,100,,67656,53,,,1,100,,67651,53,,,1,100,,67652,53,,,1,101,,67655,53,,,1,99,,67654,53,,,1,100,,67657,53,,,1,101,,67658,53,,,1,100,,67659,53,,,1,101,,67660,53,,,1,100,,67665,53,,,1,100,,67661,53,,,1,100,,67662,53,,,1,100,,67663,53,,,1,99,,67664,53,,,1,98,,67666,53,,,1,100,,67667,53,,,1
9700,'Samedi-11',854,,71139,53,,,1,100,,71142,53,,,1,100,,71137,53,,,1,100,,71138,53,,,1,101,,71141,53,,,1,99,,71140,53,,,1,100,,71143,53,,,1,101,,71144,53,,,1,100,,71145,53,,,1,101,,71146,53,,,1,100,,71151,53,,,1,100,,71147,53,,,1,100,,71148,53,,,1,100,,71149,53,,,1,99,,71150,53,,,1,98,,71152,53,,,1,100,,71153,53,,,1
9700,'Dimanche-0',854,,68980,53,,,1,100,,68986,53,,,1,100,,68985,53,,,1,100,,68979,53,,,1,101,,68983,53,,,1,99,,68981,53,,,1,100,,68982,53,,,1,101,,68984,53,,,1,100,,68987,53,,,1,101,,68988,53,,,1,100,,68990,53,,,1,100,,68989,53,,,1,100,,68991,53,,,1,100,,68992,53,,,1,99,,68993,53,,,1,98,,68994,53,,,1,100,,68995,53,,,1
9700,'Dimanche-10',854,,70059,53,,,1,100,,70065,53,,,1,100,,70064,53,,,1,100,,70058,53,,,1,101,,70062,53,,,1,99,,70060,53,,,1,100,,70061,53,,,1,101,,70063,53,,,1,100,,70066,53,,,1,101,,70067,53,,,1,100,,70069,53,,,1,100,,70068,53,,,1,100,,70070,53,,,1,100,,70071,53,,,1,99,,70072,53,,,1,98,,70073,53,,,1,100,,70074,53,,,1
9700,'Dimanche-11',854,,67669,53,,,1,100,,67675,53,,,1,100,,67674,53,,,1,100,,67668,53,,,1,101,,67672,53,,,1,99,,67670,53,,,1,100,,67671,53,,,1,101,,67673,53,,,1,100,,67676,53,,,1,101,,67677,53,,,1,100,,67679,53,,,1,100,,67678,53,,,1,100,,67680,53,,,1,100,,67681,53,,,1,99,,67682,53,,,1,98,,67683,53,,,1,100,,67684,53,,,1
9700,'Semaine-0',721,,65433,53,,,1,35,,65434,53,,,2,94,,65435,53,,,1,100,,65436,53,,,1,100,,65437,53,,,1,100,,65438,53,,,1,100,,65439,53,,,1,100,,65440,53,,,1,100,,65441,53,,,1,100,,65442,53,,,1,102,,65443,53,,,1,101,,65450,57,,,1,99,,65451,57,,,1,67,,65452,57,,,1,31,,65444,53,,,1,100,,65445,53,,,1,99,,65446,53,,,1,101,,65447,53,,,1,98,,65448,53,,,2,100,,65449,53,,,1
9700,'Semaine-10',721,,73363,53,,,1,35,,73364,53,,,2,94,,73365,53,,,1,100,,73366,53,,,1,100,,73367,53,,,1,100,,73368,53,,,1,100,,73369,53,,,1,100,,73370,53,,,1,100,,73371,53,,,1,100,,73372,53,,,1,102,,73373,53,,,1,101,,73380,57,,,1,99,,73381,57,,,1,67,,73382,57,,,1,31,,73374,53,,,1,100,,73375,53,,,1,99,,73376,53,,,1,101,,73377,53,,,1,98,,73378,53,,,2,100,,73379,53,,,1
9700,'Semaine-11',721,,75894,53,,,1,35,,75895,53,,,2,94,,75896,53,,,1,100,,75897,53,,,1,100,,75898,53,,,1,100,,75899,53,,,1,100,,75900,53,,,1,100,,75901,53,,,1,100,,75902,53,,,1,100,,75903,53,,,1,102,,75904,53,,,1,101,,75911,57,,,1,99,,75912,57,,,1,67,,75913,57,,,1,31,,75905,53,,,1,100,,75906,53,,,1,99,,75907,53,,,1,101,,75908,53,,,1,98,,75909,53,,,2,100,,75910,53,,,1
