6600,'Samedi-0',731,,67121,34,,,1,100,,67124,34,,,1,100,,67122,34,,,1,100,,67125,34,,,1,100,,67119,34,,,1,100,,67120,34,,,1,100,,67123,34,,,1,100,,67126,34,,,1,100,,67127,34,,,1,100,,67128,34,,,1,100,,67129,34,,,1,100,,67130,34,,,1,100,,67132,34,,,1,100,,67131,34,,,1,100,,67133,34,,,1,100,,67134,34,,,1,100,,67135,34,,,1
6600,'Samedi-11',731,,70873,34,,,1,100,,70876,34,,,1,100,,70874,34,,,1,100,,70877,34,,,1,100,,70871,34,,,1,100,,70872,34,,,1,100,,70875,34,,,1,100,,70878,34,,,1,100,,70879,34,,,1,100,,70880,34,,,1,100,,70881,34,,,1,100,,70882,34,,,1,100,,70884,34,,,1,100,,70883,34,,,1,100,,70885,34,,,1,100,,70886,34,,,1,100,,70887,34,,,1
6600,'Dimanche-0',731,,68717,34,,,1,100,,68718,34,,,1,100,,68719,34,,,1,100,,68713,34,,,1,100,,68714,34,,,1,100,,68715,34,,,1,100,,68716,34,,,1,100,,68721,34,,,1,100,,68720,34,,,1,100,,68724,34,,,1,100,,68722,34,,,1,100,,68726,34,,,1,100,,68723,34,,,1,100,,68725,34,,,1,100,,68727,34,,,1,100,,68728,34,,,1,100,,68729,34,,,1
6600,'Dimanche-10',731,,69796,34,,,1,100,,69797,34,,,1,100,,69798,34,,,1,100,,69792,34,,,1,100,,69793,34,,,1,100,,69794,34,,,1,100,,69795,34,,,1,100,,69800,34,,,1,100,,69799,34,,,1,100,,69803,34,,,1,100,,69801,34,,,1,100,,69805,34,,,1,100,,69802,34,,,1,100,,69804,34,,,1,100,,69806,34,,,1,100,,69807,34,,,1,100,,69808,34,,,1
6600,'Dimanche-11',731,,67140,34,,,1,100,,67141,34,,,1,100,,67142,34,,,1,100,,67136,34,,,1,100,,67137,34,,,1,100,,67138,34,,,1,100,,67139,34,,,1,100,,67144,34,,,1,100,,67143,34,,,1,100,,67147,34,,,1,100,,67145,34,,,1,100,,67149,34,,,1,100,,67146,34,,,1,100,,67148,34,,,1,100,,67150,34,,,1,100,,67151,34,,,1,100,,67152,34,,,1
6600,'Semaine-0',618,,64745,34,,,2,20,,64751,34,,,2,20,,64746,34,,,1,63,,64738,34,,,2,19,,64750,34,,,1,19,,64743,34,,,1,61,,64757,34,,,1,18,,64737,34,,,1,18,,64748,34,,,1,60,,64758,34,,,1,100,,64747,34,,,1,100,,64739,34,,,1,100,,64762,34,,,1,100,,64763,34,,,1,101,,64749,34,,,2,100,,64759,34,,,1,23,,64752,34,,,1,62,,64735,34,,,1,20,,64754,34,,,1,18,,64760,34,,,1,60,,64765,34,,,1,19,,64736,34,,,2,24,,64755,34,,,2,60,,64753,34,,,1,18,,64741,34,,,1,22,,64761,34,,,2,94,,64742,34,,,2,100,,64740,34,,,1,96,,64744,34,,,1,100,,64756,34,,,1,100,,64764,34,,,1
6600,'Semaine-10',618,,72675,34,,,2,20,,72681,34,,,2,20,,72676,34,,,1,63,,72668,34,,,2,19,,72680,34,,,1,19,,72673,34,,,1,61,,72687,34,,,1,18,,72667,34,,,1,18,,72678,34,,,1,60,,72688,34,,,1,100,,72677,34,,,1,100,,72669,34,,,1,100,,72692,34,,,1,100,,72693,34,,,1,101,,72679,34,,,2,100,,72689,34,,,1,23,,72682,34,,,1,62,,72665,34,,,1,20,,72684,34,,,1,18,,72690,34,,,1,60,,72695,34,,,1,19,,72666,34,,,2,24,,72685,34,,,2,60,,72683,34,,,1,18,,72671,34,,,1,22,,72691,34,,,2,94,,72672,34,,,2,100,,72670,34,,,1,96,,72674,34,,,1,100,,72686,34,,,1,100,,72694,34,,,1
6600,'Semaine-11',618,,75206,34,,,2,20,,75212,34,,,2,20,,75207,34,,,1,63,,75199,34,,,2,19,,75211,34,,,1,19,,75204,34,,,1,61,,75218,34,,,1,18,,75198,34,,,1,18,,75209,34,,,1,60,,75219,34,,,1,100,,75208,34,,,1,100,,75200,34,,,1,100,,75223,34,,,1,100,,75224,34,,,1,101,,75210,34,,,2,100,,75220,34,,,1,23,,75213,34,,,1,62,,75196,34,,,1,20,,75215,34,,,1,18,,75221,34,,,1,60,,75226,34,,,1,19,,75197,34,,,2,24,,75216,34,,,2,60,,75214,34,,,1,18,,75202,34,,,1,22,,75222,34,,,2,94,,75203,34,,,2,100,,75201,34,,,1,96,,75205,34,,,1,100,,75217,34,,,1,100,,75225,34,,,1
56600,'Semaine-0',1558,,65849,51,0,5 6,1
56600,'Semaine-10',1558,,73779,51,0,5 6,1
56600,'Semaine-11',1558,,76310,51,0,5 6,1
