2600,'Semaine-0',1612,,63496,34,,,1,32,,63495,34,,,1,68,,63494,34,,,2,30,,63497,34,,,1,67,,63498,34,,,2
2600,'Semaine-10',1612,,71426,34,,,1,32,,71425,34,,,1,68,,71424,34,,,2,30,,71427,34,,,1,67,,71428,34,,,2
2600,'Semaine-11',1612,,73957,34,,,1,32,,73956,34,,,1,68,,73955,34,,,2,30,,73958,34,,,1,67,,73959,34,,,2
32600,'Semaine-0',1638,,65572,25,0,7 8,1
32600,'Semaine-10',1638,,73502,25,0,7 8,1
32600,'Semaine-11',1638,,76033,25,0,7 8,1
42601,'Semaine-0',1512,,65822,11,0,9 14,1
42601,'Semaine-10',1512,,73752,11,0,9 14,1
42601,'Semaine-11',1512,,76283,11,0,9 14,1
72601,'Semaine-0',1529,,65876,14,,,1
72601,'Semaine-10',1529,,73806,14,,,1
72601,'Semaine-11',1529,,76337,14,,,1
72900,'Semaine-0',1648,,65877,32,0,5 11,2
72900,'Semaine-10',1648,,73807,32,0,5 11,2
72900,'Semaine-11',1648,,76338,32,0,5 11,2
82600,'Semaine-0',1539,,65967,15,0,9 12 13,1
82600,'Semaine-10',1539,,73897,15,0,9 12 13,1
82600,'Semaine-11',1539,,76429,15,0,9 12 13,1
