1801,'Semaine-0',634,,63462,14,,,1,86,,63464,14,,,2,85,,63463,14,,,1
2600,'Semaine-0',1552,,63496,11,,,1,72,,63495,11,,,1,28,,63494,11,,,2,70,,63497,11,,,1,27,,63498,11,,,2
2900,'Semaine-0',1543,,63522,11,,,2,73,,63521,11,,,1,32,,63519,11,,,2,65,,63523,11,,,1,32,,63520,11,,,1
3200,'Semaine-0',626,,63658,12,,,1,32,,63657,12,,,1,71,,63653,12,,,1,72,,63655,12,,,1,30,,63654,12,,,2,69,,63656,12,,,1,29,,63629,12,,,2,30,,63624,12,,,1,70,,63625,12,,,2,30,,63636,12,,,1,70,,63630,12,,,1,30,,63616,12,,,1,70,,63617,12,,,1,30,,63628,12,,,1,70,,63631,12,,,1,30,,63637,12,,,1,70,,63618,12,,,1,30,,63663,12,,,1,55,,63615,12,,,2,16,,63645,12,,,1,10,,63635,12,,,1,11,,63641,12,,,2,50,,63642,12,,,1,10,,63660,12,,,1,10,,63661,12,,,1,10,,63662,12,,,2,13,,63659,12,,,2,7,,63632,12,,,1,50,,63643,12,,,1,10,,63651,12,,,2,10,,63644,12,,,2,8,,63621,12,,,1,10,,63652,12,,,1,10,,63638,12,,,2,8,,63640,12,,,1,50,,63639,12,,,1,19,,63633,12,,,2,24,,63627,12,,,1,71,,63622,12,,,1,30,,63619,12,,,2,69,,63634,12,,,2,30,,63626,12,,,1,73,,63623,12,,,1,27,,63620,12,,,2,70,,63646,12,,,1,30,,63647,12,,,1,68,,63648,12,,,1,30,,63649,12,,,1,70,,63650,12,,,1
3400,'Semaine-0',611,,63829,12,,,1,29,,63814,12,,,1,71,,63808,12,,,1,34,,63812,12,,,1,71,,63803,12,,,2,30,,63823,12,,,1,70,,63809,12,,,1,28,,63799,12,,,1,70,,63804,12,,,1,30,,63805,12,,,1,70,,63810,12,,,1,30,,63800,12,,,1,70,,63830,12,,,1,30,,63806,12,,,1,70,,63811,12,,,1,30,,63801,12,,,1,70,,63827,12,,,1,31,,63802,12,,,1,65,,63828,12,,,1,306,,63826,12,,,1,20,,63815,12,,,1,69,,63807,12,,,1,30,,63819,12,,,1,70,,63825,12,,,1,31,,63816,12,,,1,69,,63818,12,,,1,30,,63820,12,,,1,70,,63813,12,,,1,30,,63822,12,,,1,69,,63817,12,,,1,29,,63821,12,,,1,70,,63824,12,,,1
4000,'Semaine-0',1522,,64155,11,,,1,30,,64151,11,,,2,74,,64154,11,,,1,27,,64153,11,,,1,70,,64152,11,,,1,29,,64156,11,,,1
4100,'Semaine-0',1534,,64164,11,,,1,70,,64166,11,,,1,34,,64165,11,,,2,65,,64163,11,,,1,29,,64167,11,,,1
4500,'Semaine-0',1508,,64182,11,,,1,35,,64177,11,,,1,70,,64178,11,,,1,31,,64180,11,,,1,67,,64181,11,,,1,28,,64179,11,,,2
4700,'Semaine-0',1529,,64189,11,,,1,102,,64190,11,,,1,96,,64191,11,,,2
5500,'Semaine-0',634,,64323,12,,,1,101,,64339,12,,,1,69,,64322,12,,,1,99,,64358,12,,,1,28,,64359,12,,,1,69,,64328,12,,,1,30,,64338,12,,,1,70,,64342,12,,,1,31,,64364,12,,,1,70,,64324,12,,,1,31,,64363,12,,,1,69,,64341,12,,,1,30,,64356,12,,,1,70,,64350,12,,,1,23,,64357,12,,,1,16,,64343,12,,,1,14,,64321,12,,,1,56,,64362,12,,,1,17,,64332,12,,,1,15,,64365,12,,,1,13,,64353,12,,,1,50,,64325,12,,,1,13,,64336,12,,,1,18,,64368,12,,,1,9,,64361,12,,,1,11,,64327,12,,,1,51,,64344,12,,,1,10,,64337,12,,,1,11,,64366,12,,,1,13,,64351,12,,,1,8,,64331,12,,,1,52,,64326,12,,,1,10,,64367,12,,,1,11,,64335,12,,,1,12,,64330,12,,,1,10,,64340,12,,,1,70,,64355,12,,,1,29,,64360,12,,,1,70,,64347,12,,,1,30,,64333,12,,,1,70,,64354,12,,,1,29,,64345,12,,,1,70,,64348,12,,,1,30,,64334,12,,,1,70,,64349,12,,,1,30,,64346,12,,,1,69,,64329,12,,,1,30,,64352,12,,,1
5900,'Semaine-0',603,,64453,12,,,1,97,,64488,12,,,1,46,,64493,12,,,1,88,,64469,12,,,1,84,,64465,12,,,1,29,,64486,12,,,1,70,,64462,12,,,1,30,,64485,12,,,1,70,,64476,12,,,1,30,,64470,12,,,1,71,,64478,12,,,1,30,,64461,12,,,1,70,,64489,12,,,1,30,,64452,12,,,1,70,,64483,12,,,1,14,,64454,12,,,1,17,,64487,12,,,1,72,,64447,12,,,1,14,,64491,12,,,1,15,,64446,12,,,1,8,,64481,12,,,1,54,,64477,12,,,1,7,,64490,7,,,1,6,,64464,12,,,1,13,,64448,12,,,1,6,,64492,7,,,1,6,,64449,12,,,1,52,,64457,12,,,1,12,,64484,12,,,1,12,,64473,12,,,1,11,,64460,12,,,1,9,,64482,12,,,1,12,,64468,12,,,1,52,,64480,12,,,1,9,,64450,12,,,1,10,,64455,12,,,1,71,,64475,12,,,1,30,,64466,12,,,1,70,,64471,12,,,1,29,,64459,12,,,1,30,,64467,12,,,1,70,,64472,12,,,1,30,,64479,12,,,1,70,,64456,12,,,1,30,,64474,12,,,1,69,,64463,12,,,1,30,,64451,12,,,1,69,,64458,12,,,1
32900,'Semaine-0',807,,65574,4,0,7 8,1
65500,'Semaine-0',715,,65872,5,0,9 10,1
72900,'Semaine-0',1626,,65877,9,0,5 11,2
74000,'Semaine-0',1623,,65881,6,0,5 11,1
80001,'Semaine-0',617,,65948,14,,,1,28,,65941,14,,,1,72,,65949,14,,,1,28,,65933,14,,,1,75,,65931,14,,,1,29,,65938,14,,,1,67,,65944,14,,,1,30,,65956,14,,,1,70,,65947,14,,,2,30,,65939,14,,,1,70,,65953,14,,,1,30,,65927,14,,,1,70,,65961,14,,,1,29,,65959,14,,,1,74,,65929,14,,,1,30,,65952,14,,,1,70,,65943,14,,,1,30,,65950,14,,,1,72,,65960,14,,,1,29,,65945,14,,,1,57,,65955,14,,,1,22,,65957,14,,,1,24,,65954,14,,,1,67,,65946,14,,,1,30,,65936,14,,,1,69,,65934,14,,,1,28,,65928,14,,,1,69,,65958,14,,,1,32,,65940,14,,,1,67,,65937,14,,,1,30,,65942,14,,,1,69,,65930,14,,,1,30,,65951,14,,,1,74,,65932,14,,,1,31,,65935,14,,,1
82900,'Semaine-0',1532,,65974,9,0,9 12 13,1
