2801,'Semaine-0',638,,63517,5,,,1,74,,63518,5,,,2,100,,63516,5,,,2
2801,'Semaine-10',638,,71447,5,,,1,74,,71448,5,,,2,100,,71446,5,,,2
2801,'Semaine-11',638,,73978,5,,,1,74,,73979,5,,,2,100,,73977,5,,,2
3901,'Samedi-0',630,,66515,35,,,1,101,,66517,35,,,1,100,,66521,35,,,1,101,,66520,35,,,1,100,,66523,35,,,1,100,,66522,35,,,1,102,,66518,35,,,1,70,,66516,35,,,1,30,,66524,35,,,1,71,,66519,35,,,1,30,,66525,35,,,1,70,,66526,35,,,1,31,,66527,35,,,1,70,,66528,35,,,1,30,,66529,35,,,1,70,,66530,35,,,1,30,,66531,35,,,1,69,,66532,35,,,1,29,,66533,35,,,1,69,,66534,35,,,1,100,,66535,35,,,1,100,,66536,35,,,1,100,,66537,35,,,1,100,,66538,35,,,1
3901,'Samedi-10',630,,76714,35,,,1,101,,76716,35,,,1,100,,76720,35,,,1,101,,76719,35,,,1,100,,76722,35,,,1,100,,76721,35,,,1,102,,76717,35,,,1,70,,76715,35,,,1,30,,76723,35,,,1,71,,76718,35,,,1,30,,76724,35,,,1,70,,76725,35,,,1,31,,76726,35,,,1,70,,76727,35,,,1,30,,76728,35,,,1,70,,76729,35,,,1,30,,76730,35,,,1,69,,76731,35,,,1,29,,76732,35,,,1,69,,76733,35,,,1,100,,76734,35,,,1,100,,76735,35,,,1,100,,76736,35,,,1,100,,76737,35,,,1
3901,'Samedi-11',630,,70569,35,,,1,101,,70571,35,,,1,100,,70575,35,,,1,101,,70574,35,,,1,100,,70577,35,,,1,100,,70576,35,,,1,102,,70572,35,,,1,70,,70570,35,,,1,30,,70578,35,,,1,71,,70573,35,,,1,30,,70579,35,,,1,70,,70580,35,,,1,31,,70581,35,,,1,70,,70582,35,,,1,30,,70583,35,,,1,70,,70584,35,,,1,30,,70585,35,,,1,69,,70586,35,,,1,29,,70587,35,,,1,69,,70588,35,,,1,100,,70589,35,,,1,100,,70590,35,,,1,100,,70591,35,,,1,100,,70592,35,,,1
3901,'Dimanche-0',630,,68411,35,,,1,101,,68418,35,,,1,100,,68421,35,,,1,101,,68414,35,,,1,100,,68416,35,,,1,100,,68417,35,,,1,102,,68420,35,,,1,70,,68413,35,,,1,30,,68415,35,,,1,71,,68422,35,,,1,30,,68412,35,,,1,70,,68424,35,,,1,31,,68419,35,,,1,70,,68426,35,,,1,30,,68429,35,,,1,70,,68431,35,,,1,30,,68427,35,,,1,69,,68428,35,,,1,29,,68430,35,,,1,69,,68423,35,,,1,100,,68425,35,,,1,100,,68432,35,,,1,100,,68433,35,,,1,100,,68434,35,,,1
3901,'Dimanche-10',630,,69490,35,,,1,101,,69497,35,,,1,100,,69500,35,,,1,101,,69493,35,,,1,100,,69495,35,,,1,100,,69496,35,,,1,102,,69499,35,,,1,70,,69492,35,,,1,30,,69494,35,,,1,71,,69501,35,,,1,30,,69491,35,,,1,70,,69503,35,,,1,31,,69498,35,,,1,70,,69505,35,,,1,30,,69508,35,,,1,70,,69510,35,,,1,30,,69506,35,,,1,69,,69507,35,,,1,29,,69509,35,,,1,69,,69502,35,,,1,100,,69504,35,,,1,100,,69511,35,,,1,100,,69512,35,,,1,100,,69513,35,,,1
3901,'Dimanche-11',630,,66539,35,,,1,101,,66546,35,,,1,100,,66549,35,,,1,101,,66542,35,,,1,100,,66544,35,,,1,100,,66545,35,,,1,102,,66548,35,,,1,70,,66541,35,,,1,30,,66543,35,,,1,71,,66550,35,,,1,30,,66540,35,,,1,70,,66552,35,,,1,31,,66547,35,,,1,70,,66554,35,,,1,30,,66557,35,,,1,70,,66559,35,,,1,30,,66555,35,,,1,69,,66556,35,,,1,29,,66558,35,,,1,69,,66551,35,,,1,100,,66553,35,,,1,100,,66560,35,,,1,100,,66561,35,,,1,100,,66562,35,,,1
3901,'Semaine-0',654,,64138,35,,,1,68,,64127,35,,,1,37,,64128,35,,,1,73,,64124,35,,,1,70,,64130,35,,,1,30,,64132,35,,,2,70,,64139,35,,,1,30,,64150,35,,,1,70,,64145,35,,,2,30,,64140,35,,,1,70,,64125,35,,,1,32,,64134,35,,,1,70,,64141,35,,,1,29,,64126,35,,,2,70,,64123,35,,,1,34,,64142,35,,,1,70,,64135,35,,,1,32,,64116,35,,,1,71,,64143,35,,,2,31,,64121,35,,,1,69,,64118,35,,,1,30,,64146,35,,,1,67,,64131,35,,,1,32,,64137,35,,,2,69,,64122,35,,,2,31,,64144,35,,,1,65,,64117,35,,,2,26,,64147,35,,,1,70,,64120,35,,,1,30,,64136,35,,,1,72,,64148,35,,,1,30,,64119,35,,,1,72,,64129,35,,,1,28,,64149,35,,,1,70,,64133,35,,,1
3901,'Semaine-10',654,,72068,35,,,1,68,,72057,35,,,1,37,,72058,35,,,1,73,,72054,35,,,1,70,,72060,35,,,1,30,,72062,35,,,2,70,,72069,35,,,1,30,,72080,35,,,1,70,,72075,35,,,2,30,,72070,35,,,1,70,,72055,35,,,1,32,,72064,35,,,1,70,,72071,35,,,1,29,,72056,35,,,2,70,,72053,35,,,1,34,,72072,35,,,1,70,,72065,35,,,1,32,,72046,35,,,1,71,,72073,35,,,2,31,,72051,35,,,1,69,,72048,35,,,1,30,,72076,35,,,1,67,,72061,35,,,1,32,,72067,35,,,2,69,,72052,35,,,2,31,,72074,35,,,1,65,,72047,35,,,2,26,,72077,35,,,1,70,,72050,35,,,1,30,,72066,35,,,1,72,,72078,35,,,1,30,,72049,35,,,1,72,,72059,35,,,1,28,,72079,35,,,1,70,,72063,35,,,1
3901,'Semaine-11',654,,74599,35,,,1,68,,74588,35,,,1,37,,74589,35,,,1,73,,74585,35,,,1,70,,74591,35,,,1,30,,74593,35,,,2,70,,74600,35,,,1,30,,74611,35,,,1,70,,74606,35,,,2,30,,74601,35,,,1,70,,74586,35,,,1,32,,74595,35,,,1,70,,74602,35,,,1,29,,74587,35,,,2,70,,74584,35,,,1,34,,74603,35,,,1,70,,74596,35,,,1,32,,74577,35,,,1,71,,74604,35,,,2,31,,74582,35,,,1,69,,74579,35,,,1,30,,74607,35,,,1,67,,74592,35,,,1,32,,74598,35,,,2,69,,74583,35,,,2,31,,74605,35,,,1,65,,74578,35,,,2,26,,74608,35,,,1,70,,74581,35,,,1,30,,74597,35,,,1,72,,74609,35,,,1,30,,74580,35,,,1,72,,74590,35,,,1,28,,74610,35,,,1,70,,74594,35,,,1
5001,'Semaine-0',1618,,64276,9,,,1,100,,64278,9,,,1,99,,64277,9,,,2
5001,'Semaine-10',1618,,72206,9,,,1,100,,72208,9,,,1,99,,72207,9,,,2
5001,'Semaine-11',1618,,74737,9,,,1,100,,74739,9,,,1,99,,74738,9,,,2
55001,'Semaine-0',1531,,65844,7,0,5 6,1
55001,'Semaine-10',1531,,73774,7,0,5 6,1
55001,'Semaine-11',1531,,76305,7,0,5 6,1
63901,'Semaine-0',701,,65858,10,0,9 10,1
63901,'Semaine-10',701,,73788,10,0,9 10,1
63901,'Semaine-11',701,,76319,10,0,9 10,1
