1500,'Semaine-0',1649,,63456,12,,,2
1500,'Semaine-10',1649,,71386,12,,,2
1500,'Semaine-11',1649,,73917,12,,,2
6901,'Samedi-0',811,,67329,5,,,1,100,,67330,5,,,1,100,,67331,5,,,1,100,,67332,5,,,1,100,,67334,5,,,1,100,,67333,5,,,1,100,,67335,5,,,1,100,,67336,5,,,1,100,,67337,5,,,1,100,,67338,5,,,1,100,,67339,5,,,1,100,,67340,5,,,1,100,,67341,5,,,1,100,,67342,5,,,1,100,,67343,5,,,1
6901,'Samedi-11',811,,70976,5,,,1,100,,70977,5,,,1,100,,70978,5,,,1,100,,70979,5,,,1,100,,70981,5,,,1,100,,70980,5,,,1,100,,70982,5,,,1,100,,70983,5,,,1,100,,70984,5,,,1,100,,70985,5,,,1,100,,70986,5,,,1,100,,70987,5,,,1,100,,70988,5,,,1,100,,70989,5,,,1,100,,70990,5,,,1
6901,'Dimanche-0',811,,68822,5,,,1,100,,68823,5,,,1,100,,68824,5,,,1,100,,68825,5,,,1,100,,68818,5,,,1,100,,68821,5,,,1,100,,68819,5,,,1,100,,68820,5,,,1,100,,68828,5,,,1,100,,68829,5,,,1,100,,68826,5,,,1,100,,68827,5,,,1,100,,68830,5,,,1,100,,68831,5,,,1,100,,68832,5,,,1
6901,'Dimanche-10',811,,69901,5,,,1,100,,69902,5,,,1,100,,69903,5,,,1,100,,69904,5,,,1,100,,69897,5,,,1,100,,69900,5,,,1,100,,69898,5,,,1,100,,69899,5,,,1,100,,69907,5,,,1,100,,69908,5,,,1,100,,69905,5,,,1,100,,69906,5,,,1,100,,69909,5,,,1,100,,69910,5,,,1,100,,69911,5,,,1
6901,'Dimanche-11',811,,67348,5,,,1,100,,67349,5,,,1,100,,67350,5,,,1,100,,67351,5,,,1,100,,67344,5,,,1,100,,67347,5,,,1,100,,67345,5,,,1,100,,67346,5,,,1,100,,67354,5,,,1,100,,67355,5,,,1,100,,67352,5,,,1,100,,67353,5,,,1,100,,67356,5,,,1,100,,67357,5,,,1,100,,67358,5,,,1
6901,'Semaine-0',543,,64958,5,,,1,70,,64959,5,,,1,30,,64960,5,,,2,69,,64961,5,,,1,36,,64962,5,,,1,61,,64963,5,,,1,28,,64964,5,,,1,18,,64965,5,,,1,103,,64966,5,,,1,99,,64967,5,,,2,101,,64968,5,,,2,95,,64969,5,,,2,104,,64970,5,,,1,101,,64971,5,,,1,99,,64972,5,,,2,143,,64973,5,,,2,101,,64974,5,,,1,37,,64975,5,,,1,100,,64976,5,,,1,100,,64977,5,,,2,100,,64978,5,,,2,100,,64979,5,,,2
6901,'Semaine-10',543,,72888,5,,,1,70,,72889,5,,,1,30,,72890,5,,,2,69,,72891,5,,,1,36,,72892,5,,,1,61,,72893,5,,,1,28,,72894,5,,,1,18,,72895,5,,,1,103,,72896,5,,,1,99,,72897,5,,,2,101,,72898,5,,,2,95,,72899,5,,,2,104,,72900,5,,,1,101,,72901,5,,,1,99,,72902,5,,,2,143,,72903,5,,,2,101,,72904,5,,,1,37,,72905,5,,,1,100,,72906,5,,,1,100,,72907,5,,,2,100,,72908,5,,,2,100,,72909,5,,,2
6901,'Semaine-11',543,,75419,5,,,1,70,,75420,5,,,1,30,,75421,5,,,2,69,,75422,5,,,1,36,,75423,5,,,1,61,,75424,5,,,1,28,,75425,5,,,1,18,,75426,5,,,1,103,,75427,5,,,1,99,,75428,5,,,2,101,,75429,5,,,2,95,,75430,5,,,2,104,,75431,5,,,1,101,,75432,5,,,1,99,,75433,5,,,2,143,,75434,5,,,2,101,,75435,5,,,1,37,,75436,5,,,1,100,,75437,5,,,1,100,,75438,5,,,2,100,,75439,5,,,2,100,,75440,5,,,2
56600,'Semaine-0',1546,,65849,34,0,5 6,1
56600,'Semaine-10',1546,,73779,34,0,5 6,1
56600,'Semaine-11',1546,,76310,34,0,5 6,1
