7500,'Samedi-0',717,,67451,24,,,1,100,,67452,24,,,1,101,,67455,24,,,1,100,,67454,24,,,1,100,,67457,24,,,1,100,,67453,24,,,1,102,,67456,24,,,1,100,,67458,24,,,1,100,,67459,24,,,1,100,,67460,24,,,1,100,,67461,24,,,1,100,,67465,24,,,1,98,,67462,24,,,1,100,,67463,24,,,1,100,,67464,24,,,1,100,,67466,24,,,1,100,,67467,24,,,1,98,,67468,24,,,1
7500,'Samedi-10',717,,77182,24,,,1,100,,77183,24,,,1,101,,77186,24,,,1,100,,77185,24,,,1,100,,77188,24,,,1,100,,77184,24,,,1,102,,77187,24,,,1,100,,77189,24,,,1,100,,77190,24,,,1,100,,77191,24,,,1,100,,77192,24,,,1,100,,77196,24,,,1,98,,77193,24,,,1,100,,77194,24,,,1,100,,77195,24,,,1,100,,77197,24,,,1,100,,77198,24,,,1,98,,77199,24,,,1
7500,'Samedi-11',717,,71037,24,,,1,100,,71038,24,,,1,101,,71041,24,,,1,100,,71040,24,,,1,100,,71043,24,,,1,100,,71039,24,,,1,102,,71042,24,,,1,100,,71044,24,,,1,100,,71045,24,,,1,100,,71046,24,,,1,100,,71047,24,,,1,100,,71051,24,,,1,98,,71048,24,,,1,100,,71049,24,,,1,100,,71050,24,,,1,100,,71052,24,,,1,100,,71053,24,,,1,98,,71054,24,,,1
7500,'Dimanche-0',717,,68879,24,,,1,100,,68882,24,,,1,101,,68883,24,,,1,100,,68892,24,,,1,100,,68880,24,,,1,100,,68887,24,,,1,102,,68881,24,,,1,100,,68884,24,,,1,100,,68886,24,,,1,100,,68885,24,,,1,100,,68888,24,,,1,100,,68889,24,,,1,98,,68890,24,,,1,100,,68891,24,,,1,100,,68893,24,,,1,100,,68894,24,,,1,100,,68895,24,,,1,98,,68896,24,,,1
7500,'Dimanche-10',717,,69958,24,,,1,100,,69961,24,,,1,101,,69962,24,,,1,100,,69971,24,,,1,100,,69959,24,,,1,100,,69966,24,,,1,102,,69960,24,,,1,100,,69963,24,,,1,100,,69965,24,,,1,100,,69964,24,,,1,100,,69967,24,,,1,100,,69968,24,,,1,98,,69969,24,,,1,100,,69970,24,,,1,100,,69972,24,,,1,100,,69973,24,,,1,100,,69974,24,,,1,98,,69975,24,,,1
7500,'Dimanche-11',717,,67469,24,,,1,100,,67472,24,,,1,101,,67473,24,,,1,100,,67482,24,,,1,100,,67470,24,,,1,100,,67477,24,,,1,102,,67471,24,,,1,100,,67474,24,,,1,100,,67476,24,,,1,100,,67475,24,,,1,100,,67478,24,,,1,100,,67479,24,,,1,98,,67480,24,,,1,100,,67481,24,,,1,100,,67483,24,,,1,100,,67484,24,,,1,100,,67485,24,,,1,98,,67486,24,,,1
7500,'Semaine-0',632,,65159,24,,,1,100,,65144,24,,,1,85,,65167,24,,,2,108,,65170,24,,,1,77,,65168,24,,,1,30,,65163,24,,,1,70,,65151,24,,,1,30,,65150,24,,,1,70,,65158,24,,,1,30,,65160,24,,,1,70,,65161,24,,,1,30,,65156,24,,,1,70,,65148,24,,,1,30,,65169,24,,,1,73,,65149,24,,,1,30,,65155,24,,,1,19,,65147,24,,,1,61,,65162,24,,,1,20,,65166,24,,,1,23,,65153,24,,,1,57,,65146,24,,,2,20,,65154,24,,,1,18,,65171,24,,,1,60,,65165,24,,,1,25,,65145,24,,,1,80,,65152,24,,,2,100,,65143,24,,,2,98,,65141,24,,,2,100,,65142,24,,,2,100,,65164,24,,,2,100,,65157,24,,,2
7500,'Semaine-10',632,,73089,24,,,1,100,,73074,24,,,1,85,,73097,24,,,2,108,,73100,24,,,1,77,,73098,24,,,1,30,,73093,24,,,1,70,,73081,24,,,1,30,,73080,24,,,1,70,,73088,24,,,1,30,,73090,24,,,1,70,,73091,24,,,1,30,,73086,24,,,1,70,,73078,24,,,1,30,,73099,24,,,1,73,,73079,24,,,1,30,,73085,24,,,1,19,,73077,24,,,1,61,,73092,24,,,1,20,,73096,24,,,1,23,,73083,24,,,1,57,,73076,24,,,2,20,,73084,24,,,1,18,,73101,24,,,1,60,,73095,24,,,1,25,,73075,24,,,1,80,,73082,24,,,2,100,,73073,24,,,2,98,,73071,24,,,2,100,,73072,24,,,2,100,,73094,24,,,2,100,,73087,24,,,2
7500,'Semaine-11',632,,75620,24,,,1,100,,75605,24,,,1,85,,75628,24,,,2,108,,75631,24,,,1,77,,75629,24,,,1,30,,75624,24,,,1,70,,75612,24,,,1,30,,75611,24,,,1,70,,75619,24,,,1,30,,75621,24,,,1,70,,75622,24,,,1,30,,75617,24,,,1,70,,75609,24,,,1,30,,75630,24,,,1,73,,75610,24,,,1,30,,75616,24,,,1,19,,75608,24,,,1,61,,75623,24,,,1,20,,75627,24,,,1,23,,75614,24,,,1,57,,75607,24,,,2,20,,75615,24,,,1,18,,75632,24,,,1,60,,75626,24,,,1,25,,75606,24,,,1,80,,75613,24,,,2,100,,75604,24,,,2,98,,75602,24,,,2,100,,75603,24,,,2,100,,75625,24,,,2,100,,75618,24,,,2
7700,'Samedi-0',746,,67589,7,,,1,100,,67588,7,,,1,100,,67587,7,,,1,100,,67592,7,,,1,100,,67590,7,,,1,100,,67591,7,,,1,100,,67593,7,,,1,100,,67594,7,,,2,100,,67595,7,,,1,100,,67596,7,,,1,100,,67597,7,,,1,100,,67598,7,,,1,100,,67599,7,,,1,100,,67602,7,,,1,100,,67600,7,,,1,100,,67601,7,,,1
7700,'Samedi-10',746,,77252,7,,,1,100,,77251,7,,,1,100,,77250,7,,,1,100,,77255,7,,,1,100,,77253,7,,,1,100,,77254,7,,,1,100,,77256,7,,,1,100,,77257,7,,,2,100,,77258,7,,,1,100,,77259,7,,,1,100,,77260,7,,,1,100,,77261,7,,,1,100,,77262,7,,,1,100,,77265,7,,,1,100,,77263,7,,,1,100,,77264,7,,,1
7700,'Samedi-11',746,,71107,7,,,1,100,,71106,7,,,1,100,,71105,7,,,1,100,,71110,7,,,1,100,,71108,7,,,1,100,,71109,7,,,1,100,,71111,7,,,1,100,,71112,7,,,2,100,,71113,7,,,1,100,,71114,7,,,1,100,,71115,7,,,1,100,,71116,7,,,1,100,,71117,7,,,1,100,,71120,7,,,1,100,,71118,7,,,1,100,,71119,7,,,1
7700,'Dimanche-0',746,,68949,7,,,1,100,,68950,7,,,1,100,,68947,7,,,1,100,,68959,7,,,1,100,,68948,7,,,1,100,,68953,7,,,1,100,,68951,7,,,1,100,,68952,7,,,2,100,,68954,7,,,1,100,,68957,7,,,1,100,,68955,7,,,1,100,,68956,7,,,1,100,,68958,7,,,1,100,,68960,7,,,1,100,,68961,7,,,1,100,,68962,7,,,1
7700,'Dimanche-10',746,,70028,7,,,1,100,,70029,7,,,1,100,,70026,7,,,1,100,,70038,7,,,1,100,,70027,7,,,1,100,,70032,7,,,1,100,,70030,7,,,1,100,,70031,7,,,2,100,,70033,7,,,1,100,,70036,7,,,1,100,,70034,7,,,1,100,,70035,7,,,1,100,,70037,7,,,1,100,,70039,7,,,1,100,,70040,7,,,1,100,,70041,7,,,1
7700,'Dimanche-11',746,,67605,7,,,1,100,,67606,7,,,1,100,,67603,7,,,1,100,,67615,7,,,1,100,,67604,7,,,1,100,,67609,7,,,1,100,,67607,7,,,1,100,,67608,7,,,2,100,,67610,7,,,1,100,,67613,7,,,1,100,,67611,7,,,1,100,,67612,7,,,1,100,,67614,7,,,1,100,,67616,7,,,1,100,,67617,7,,,1,100,,67618,7,,,1
7700,'Semaine-0',525,,65300,7,,,1,29,,65285,7,,,1,70,,65287,7,,,1,30,,65277,7,,,1,70,,65288,7,,,1,34,,65299,7,,,2,66,,65284,7,,,2,26,,65289,7,,,2,70,,65304,7,,,2,30,,65290,7,,,1,70,,65305,7,,,1,30,,65291,7,,,1,70,,65306,7,,,1,30,,65292,7,,,1,70,,65303,7,,,1,30,,65293,7,,,1,70,,65302,7,,,1,30,,65294,7,,,1,70,,65301,7,,,1,30,,65276,7,,,1,71,,65296,7,,,1,30,,65281,7,,,1,70,,65295,7,,,1,30,,65279,7,,,1,70,,65297,7,,,1,29,,65280,7,,,1,70,,65286,7,,,1,30,,65298,7,,,1,100,,65282,7,,,1,100,,65283,7,,,1,100,,65278,7,,,1,100,,65275,7,,,1
7700,'Semaine-10',525,,73230,7,,,1,29,,73215,7,,,1,70,,73217,7,,,1,30,,73207,7,,,1,70,,73218,7,,,1,34,,73229,7,,,2,66,,73214,7,,,2,26,,73219,7,,,2,70,,73234,7,,,2,30,,73220,7,,,1,70,,73235,7,,,1,30,,73221,7,,,1,70,,73236,7,,,1,30,,73222,7,,,1,70,,73233,7,,,1,30,,73223,7,,,1,70,,73232,7,,,1,30,,73224,7,,,1,70,,73231,7,,,1,30,,73206,7,,,1,71,,73226,7,,,1,30,,73211,7,,,1,70,,73225,7,,,1,30,,73209,7,,,1,70,,73227,7,,,1,29,,73210,7,,,1,70,,73216,7,,,1,30,,73228,7,,,1,100,,73212,7,,,1,100,,73213,7,,,1,100,,73208,7,,,1,100,,73205,7,,,1
7700,'Semaine-11',525,,75761,7,,,1,29,,75746,7,,,1,70,,75748,7,,,1,30,,75738,7,,,1,70,,75749,7,,,1,34,,75760,7,,,2,66,,75745,7,,,2,26,,75750,7,,,2,70,,75765,7,,,2,30,,75751,7,,,1,70,,75766,7,,,1,30,,75752,7,,,1,70,,75767,7,,,1,30,,75753,7,,,1,70,,75764,7,,,1,30,,75754,7,,,1,70,,75763,7,,,1,30,,75755,7,,,1,70,,75762,7,,,1,30,,75737,7,,,1,71,,75757,7,,,1,30,,75742,7,,,1,70,,75756,7,,,1,30,,75740,7,,,1,70,,75758,7,,,1,29,,75741,7,,,1,70,,75747,7,,,1,30,,75759,7,,,1,100,,75743,7,,,1,100,,75744,7,,,1,100,,75739,7,,,1,100,,75736,7,,,1
7800,'Samedi-0',817,,67622,7,,,1,100,,67621,7,,,1,100,,67619,7,,,1,100,,67624,7,,,1,100,,67620,7,,,1,100,,67623,7,,,1,100,,67625,7,,,1,100,,67626,7,,,2,100,,67627,7,,,1,100,,67628,7,,,1,100,,67629,7,,,1,100,,67630,7,,,1,100,,67631,7,,,1,100,,67632,7,,,1,100,,67633,7,,,1,99,,67634,7,,,1
7800,'Samedi-10',817,,77269,7,,,1,100,,77268,7,,,1,100,,77266,7,,,1,100,,77271,7,,,1,100,,77267,7,,,1,100,,77270,7,,,1,100,,77272,7,,,1,100,,77273,7,,,2,100,,77274,7,,,1,100,,77275,7,,,1,100,,77276,7,,,1,100,,77277,7,,,1,100,,77278,7,,,1,100,,77279,7,,,1,100,,77280,7,,,1,99,,77281,7,,,1
7800,'Samedi-11',817,,71124,7,,,1,100,,71123,7,,,1,100,,71121,7,,,1,100,,71126,7,,,1,100,,71122,7,,,1,100,,71125,7,,,1,100,,71127,7,,,1,100,,71128,7,,,2,100,,71129,7,,,1,100,,71130,7,,,1,100,,71131,7,,,1,100,,71132,7,,,1,100,,71133,7,,,1,100,,71134,7,,,1,100,,71135,7,,,1,99,,71136,7,,,1
7800,'Dimanche-0',817,,68965,7,,,1,100,,68966,7,,,1,100,,68963,7,,,1,100,,68974,7,,,1,100,,68964,7,,,1,100,,68969,7,,,1,100,,68967,7,,,1,100,,68968,7,,,2,100,,68970,7,,,1,100,,68973,7,,,1,100,,68971,7,,,1,100,,68972,7,,,1,100,,68975,7,,,1,100,,68976,7,,,1,100,,68977,7,,,1,99,,68978,7,,,1
7800,'Dimanche-10',817,,70044,7,,,1,100,,70045,7,,,1,100,,70042,7,,,1,100,,70053,7,,,1,100,,70043,7,,,1,100,,70048,7,,,1,100,,70046,7,,,1,100,,70047,7,,,2,100,,70049,7,,,1,100,,70052,7,,,1,100,,70050,7,,,1,100,,70051,7,,,1,100,,70054,7,,,1,100,,70055,7,,,1,100,,70056,7,,,1,99,,70057,7,,,1
7800,'Dimanche-11',817,,67637,7,,,1,100,,67638,7,,,1,100,,67635,7,,,1,100,,67646,7,,,1,100,,67636,7,,,1,100,,67641,7,,,1,100,,67639,7,,,1,100,,67640,7,,,2,100,,67642,7,,,1,100,,67645,7,,,1,100,,67643,7,,,1,100,,67644,7,,,1,100,,67647,7,,,1,100,,67648,7,,,1,100,,67649,7,,,1,99,,67650,7,,,1
7800,'Semaine-0',448,,65319,7,,,1,60,,65320,7,,,1,30,,65309,7,,,1,71,,65321,7,,,1,30,,65307,7,,,1,67,,65322,7,,,2,37,,65331,7,,,2,67,,65312,7,,,1,26,,65323,7,,,2,70,,65324,7,,,1,30,,65335,7,,,1,70,,65325,7,,,1,30,,65336,7,,,1,70,,65326,7,,,1,30,,65337,7,,,1,70,,65327,7,,,1,30,,65338,7,,,1,70,,65328,7,,,1,30,,65339,7,,,1,70,,65329,7,,,1,30,,65314,7,,,1,70,,65330,7,,,1,29,,65308,7,,,1,73,,65317,7,,,1,28,,65332,7,,,1,70,,65316,7,,,1,30,,65340,7,,,1,70,,65333,7,,,1,30,,65310,7,,,1,85,,65334,7,,,1,100,,65315,7,,,1,100,,65318,7,,,1,100,,65311,7,,,1,100,,65313,7,,,1
7800,'Semaine-10',448,,73249,7,,,1,60,,73250,7,,,1,30,,73239,7,,,1,71,,73251,7,,,1,30,,73237,7,,,1,67,,73252,7,,,2,37,,73261,7,,,2,67,,73242,7,,,1,26,,73253,7,,,2,70,,73254,7,,,1,30,,73265,7,,,1,70,,73255,7,,,1,30,,73266,7,,,1,70,,73256,7,,,1,30,,73267,7,,,1,70,,73257,7,,,1,30,,73268,7,,,1,70,,73258,7,,,1,30,,73269,7,,,1,70,,73259,7,,,1,30,,73244,7,,,1,70,,73260,7,,,1,29,,73238,7,,,1,73,,73247,7,,,1,28,,73262,7,,,1,70,,73246,7,,,1,30,,73270,7,,,1,70,,73263,7,,,1,30,,73240,7,,,1,85,,73264,7,,,1,100,,73245,7,,,1,100,,73248,7,,,1,100,,73241,7,,,1,100,,73243,7,,,1
7800,'Semaine-11',448,,75780,7,,,1,60,,75781,7,,,1,30,,75770,7,,,1,71,,75782,7,,,1,30,,75768,7,,,1,67,,75783,7,,,2,37,,75792,7,,,2,67,,75773,7,,,1,26,,75784,7,,,2,70,,75785,7,,,1,30,,75796,7,,,1,70,,75786,7,,,1,30,,75797,7,,,1,70,,75787,7,,,1,30,,75798,7,,,1,70,,75788,7,,,1,30,,75799,7,,,1,70,,75789,7,,,1,30,,75800,7,,,1,70,,75790,7,,,1,30,,75775,7,,,1,70,,75791,7,,,1,29,,75769,7,,,1,73,,75778,7,,,1,28,,75793,7,,,1,70,,75777,7,,,1,30,,75801,7,,,1,70,,75794,7,,,1,30,,75771,7,,,1,85,,75795,7,,,1,100,,75776,7,,,1,100,,75779,7,,,1,100,,75772,7,,,1,100,,75774,7,,,1
