7100,'Samedi-0',815,,67361,23,,,1,100,,67362,23,,,1,100,,67364,23,,,1,104,,67359,23,,,1,100,,67363,23,,,1,100,,67360,23,,,1,100,,67365,23,,,1,100,,67366,23,,,1,100,,67367,23,,,1,100,,67368,23,,,1,100,,67369,23,,,1,97,,67370,23,,,1,100,,67371,23,,,1,100,,67372,23,,,1,100,,67373,23,,,1,100,,67374,23,,,1
7100,'Samedi-10',815,,77138,23,,,1,100,,77139,23,,,1,100,,77141,23,,,1,104,,77136,23,,,1,100,,77140,23,,,1,100,,77137,23,,,1,100,,77142,23,,,1,100,,77143,23,,,1,100,,77144,23,,,1,100,,77145,23,,,1,100,,77146,23,,,1,97,,77147,23,,,1,100,,77148,23,,,1,100,,77149,23,,,1,100,,77150,23,,,1,100,,77151,23,,,1
7100,'Samedi-11',815,,70993,23,,,1,100,,70994,23,,,1,100,,70996,23,,,1,104,,70991,23,,,1,100,,70995,23,,,1,100,,70992,23,,,1,100,,70997,23,,,1,100,,70998,23,,,1,100,,70999,23,,,1,100,,71000,23,,,1,100,,71001,23,,,1,97,,71002,23,,,1,100,,71003,23,,,1,100,,71004,23,,,1,100,,71005,23,,,1,100,,71006,23,,,1
7100,'Dimanche-0',815,,68836,23,,,1,100,,68835,23,,,1,100,,68834,23,,,1,104,,68833,23,,,1,100,,68837,23,,,1,100,,68838,23,,,1,100,,68839,23,,,1,100,,68840,23,,,1,100,,68841,23,,,1,100,,68845,23,,,1,100,,68844,23,,,1,97,,68842,23,,,1,100,,68843,23,,,1,100,,68846,23,,,1,100,,68847,23,,,1,100,,68848,23,,,1
7100,'Dimanche-10',815,,69915,23,,,1,100,,69914,23,,,1,100,,69913,23,,,1,104,,69912,23,,,1,100,,69916,23,,,1,100,,69917,23,,,1,100,,69918,23,,,1,100,,69919,23,,,1,100,,69920,23,,,1,100,,69924,23,,,1,100,,69923,23,,,1,97,,69921,23,,,1,100,,69922,23,,,1,100,,69925,23,,,1,100,,69926,23,,,1,100,,69927,23,,,1
7100,'Dimanche-11',815,,67378,23,,,1,100,,67377,23,,,1,100,,67376,23,,,1,104,,67375,23,,,1,100,,67379,23,,,1,100,,67380,23,,,1,100,,67381,23,,,1,100,,67382,23,,,1,100,,67383,23,,,1,100,,67387,23,,,1,100,,67386,23,,,1,97,,67384,23,,,1,100,,67385,23,,,1,100,,67388,23,,,1,100,,67389,23,,,1,100,,67390,23,,,1
7100,'Semaine-0',543,,65007,23,,,2,70,,65010,23,,,1,27,,65006,23,,,2,18,,65011,23,,,1,57,,65009,23,,,1,14,,65012,23,,,1,20,,65008,23,,,1,51,,65015,23,,,1,18,,65019,23,,,1,15,,65016,23,,,2,15,,65017,23,,,2,53,,65018,23,,,1,30,,65021,23,,,1,15,,65020,23,,,2,72,,65013,23,,,1,30,,65022,23,,,1,70,,65014,23,,,1,30,,64981,23,,,1,70,,64982,23,,,1,30,,64985,23,,,1,68,,64980,23,,,2,30,,64983,23,,,1,75,,64988,23,,,2,30,,64984,23,,,1,69,,64986,23,,,1,30,,64987,23,,,1,56,,64998,23,,,1,19,,64997,23,,,1,12,,64995,23,,,2,14,,64999,23,,,1,55,,64989,23,,,1,13,,64992,23,,,2,15,,64990,23,,,1,70,,64991,23,,,1,27,,64993,23,,,2,70,,64996,23,,,1,30,,65000,23,,,1,27,,64994,23,,,2,73,,65001,23,,,2,100,,65003,23,,,1,93,,65002,23,,,2,100,,65005,23,,,2,100,,65004,23,,,1
7100,'Semaine-10',543,,72937,23,,,2,70,,72940,23,,,1,27,,72936,23,,,2,18,,72941,23,,,1,57,,72939,23,,,1,14,,72942,23,,,1,20,,72938,23,,,1,51,,72945,23,,,1,18,,72949,23,,,1,15,,72946,23,,,2,15,,72947,23,,,2,53,,72948,23,,,1,30,,72951,23,,,1,15,,72950,23,,,2,72,,72943,23,,,1,30,,72952,23,,,1,70,,72944,23,,,1,30,,72911,23,,,1,70,,72912,23,,,1,30,,72915,23,,,1,68,,72910,23,,,2,30,,72913,23,,,1,75,,72918,23,,,2,30,,72914,23,,,1,69,,72916,23,,,1,30,,72917,23,,,1,56,,72928,23,,,1,19,,72927,23,,,1,12,,72925,23,,,2,14,,72929,23,,,1,55,,72919,23,,,1,13,,72922,23,,,2,15,,72920,23,,,1,70,,72921,23,,,1,27,,72923,23,,,2,70,,72926,23,,,1,30,,72930,23,,,1,27,,72924,23,,,2,73,,72931,23,,,2,100,,72933,23,,,1,93,,72932,23,,,2,100,,72935,23,,,2,100,,72934,23,,,1
7100,'Semaine-11',543,,75468,23,,,2,70,,75471,23,,,1,27,,75467,23,,,2,18,,75472,23,,,1,57,,75470,23,,,1,14,,75473,23,,,1,20,,75469,23,,,1,51,,75476,23,,,1,18,,75480,23,,,1,15,,75477,23,,,2,15,,75478,23,,,2,53,,75479,23,,,1,30,,75482,23,,,1,15,,75481,23,,,2,72,,75474,23,,,1,30,,75483,23,,,1,70,,75475,23,,,1,30,,75442,23,,,1,70,,75443,23,,,1,30,,75446,23,,,1,68,,75441,23,,,2,30,,75444,23,,,1,75,,75449,23,,,2,30,,75445,23,,,1,69,,75447,23,,,1,30,,75448,23,,,1,56,,75459,23,,,1,19,,75458,23,,,1,12,,75456,23,,,2,14,,75460,23,,,1,55,,75450,23,,,1,13,,75453,23,,,2,15,,75451,23,,,1,70,,75452,23,,,1,27,,75454,23,,,2,70,,75457,23,,,1,30,,75461,23,,,1,27,,75455,23,,,2,73,,75462,23,,,2,100,,75464,23,,,1,93,,75463,23,,,2,100,,75466,23,,,2,100,,75465,23,,,1
57100,'Semaine-0',1606,,65853,60,0,5 6,1
57100,'Semaine-10',1606,,73783,60,0,5 6,1
57100,'Semaine-11',1606,,76314,60,0,5 6,1
