2700,'Semaine-0',1620,,63506,37,,,1,30,,63504,37,,,2,67,,63508,37,,,1,28,,63505,37,,,2,69,,63507,37,,,2
2700,'Semaine-10',1620,,71436,37,,,1,30,,71434,37,,,2,67,,71438,37,,,1,28,,71435,37,,,2,69,,71437,37,,,2
2700,'Semaine-11',1620,,73967,37,,,1,30,,73965,37,,,2,67,,73969,37,,,1,28,,73966,37,,,2,69,,73968,37,,,2
3500,'Semaine-0',1537,,63876,46,,,2,112,,63881,46,,,1,70,,63885,46,,,1,93,,63868,46,,,1,92,,63895,46,,,1,126,,63874,46,,,1,100,,63888,46,,,1,100,,63892,46,,,1
3500,'Semaine-10',1537,,71806,46,,,2,112,,71811,46,,,1,70,,71815,46,,,1,93,,71798,46,,,1,92,,71825,46,,,1,126,,71804,46,,,1,100,,71818,46,,,1,100,,71822,46,,,1
3500,'Semaine-11',1537,,74337,46,,,2,112,,74342,46,,,1,70,,74346,46,,,1,93,,74329,46,,,1,92,,74356,46,,,1,126,,74335,46,,,1,100,,74349,46,,,1,100,,74353,46,,,1
33100,'Semaine-0',823,,65576,20,0,7 8,1
33100,'Semaine-10',823,,73506,20,0,7 8,1
33100,'Semaine-11',823,,76037,20,0,7 8,1
43300,'Semaine-0',1458,,65830,7,0,9 14,2
43300,'Semaine-10',1458,,73760,7,0,9 14,2
43300,'Semaine-11',1458,,76291,7,0,9 14,2
43301,'Semaine-0',732,,65831,14,0,9 14,1
43301,'Semaine-10',732,,73761,14,0,9 14,1
43301,'Semaine-11',732,,76292,14,0,9 14,1
82700,'Semaine-0',1540,,65970,27,0,9 12 13,2
82700,'Semaine-10',1540,,73900,27,0,9 12 13,2
82700,'Semaine-11',1540,,76432,27,0,9 12 13,2
