1800,'Semaine-0',1248,,63459,11,,,1,278,,63458,11,,,2,103,,63461,11,,,1,26,,63460,11,,,1
2601,'Semaine-0',611,,63500,30,,,1,31,,63502,30,,,2,70,,63503,30,,,2,30,,63501,30,,,1,69,,63499,30,,,2
2901,'Semaine-0',724,,63524,16,,,2,30,,63527,16,,,1,70,,63525,16,,,1,31,,63526,16,,,2
3201,'Semaine-0',527,,63711,28,,,1,20,,63710,28,,,1,60,,63702,28,,,1,21,,63712,28,,,2,10,,63692,28,,,1,8,,63713,28,,,1,11,,63693,28,,,1,50,,63694,28,,,1,8,,63686,28,,,1,11,,63689,28,,,1,8,,63715,28,,,1,8,,63695,28,,,1,8,,63690,28,,,1,9,,63703,28,,,1,48,,63685,28,,,1,8,,63696,28,,,1,8,,63714,28,,,2,8,,63684,28,,,1,10,,63683,28,,,1,10,,63688,28,,,1,8,,63691,28,,,1,50,,63697,28,,,1,22,,63671,28,,,2,69,,63681,28,,,1,30,,63674,28,,,1,70,,63677,28,,,1,30,,63670,28,,,1,70,,63680,28,,,1,30,,63675,28,,,1,70,,63682,28,,,1,30,,63664,28,,,1,29,,63669,28,,,1,70,,63676,28,,,1,71,,63687,28,,,1,32,,63704,28,,,1,71,,63705,28,,,2,29,,63706,28,,,1,70,,63707,28,,,1,28,,63708,28,,,2,70,,63709,28,,,1,30,,63667,28,,,1,70,,63665,28,,,2,29,,63678,28,,,2,30,,63673,28,,,1,69,,63668,28,,,1,31,,63666,28,,,2,70,,63679,28,,,1,28,,63672,28,,,1,68,,63699,28,,,1,32,,63698,28,,,1,69,,63700,28,,,1,30,,63701,28,,,1
3401,'Samedi-0',717,,66201,49,,,1,100,,66204,49,,,1,30,,66213,49,,,1,70,,66202,49,,,1,33,,66207,49,,,1,70,,66209,49,,,1,28,,66203,49,,,1,70,,66212,49,,,1,33,,66205,49,,,1,69,,66214,49,,,1,31,,66206,49,,,1,70,,66208,49,,,1,30,,66210,49,,,1,70,,66211,49,,,1,30,,66215,49,,,1,71,,66216,49,,,1,30,,66217,49,,,1,70,,66218,49,,,1,30,,66219,49,,,1,68,,66220,49,,,1,30,,66221,49,,,1,69,,66222,49,,,1,30,,66223,49,,,1,70,,66225,49,,,1,28,,66224,49,,,1,70,,66226,49,,,1,30,,66227,49,,,1,70,,66228,49,,,1,30,,66230,49,,,1,70,,66229,49,,,1,30,,66231,49,,,1,95,,66232,49,,,1
3401,'Dimanche-11',717,,66233,49,,,1,100,,66241,49,,,1,30,,66246,49,,,1,70,,66238,49,,,1,33,,66236,49,,,1,70,,66259,49,,,1,28,,66240,49,,,1,70,,66245,49,,,1,33,,66235,49,,,1,69,,66234,49,,,1,31,,66237,49,,,1,70,,66244,49,,,1,30,,66247,49,,,1,70,,66239,49,,,1,30,,66243,49,,,1,71,,66242,49,,,1,30,,66248,49,,,1,70,,66252,49,,,1,30,,66249,49,,,1,68,,66250,49,,,1,30,,66251,49,,,1,69,,66258,49,,,1,30,,66253,49,,,1,70,,66256,49,,,1,28,,66254,49,,,1,70,,66255,49,,,1,30,,66257,49,,,1,70,,66260,49,,,1,30,,66262,49,,,1,70,,66261,49,,,1,30,,66263,49,,,1,95,,66264,49,,,1
3401,'Semaine-0',924,,63856,49,,,1,31,,63836,49,,,2,70,,63840,49,,,1,30,,63860,49,,,1,70,,63833,49,,,1,30,,63837,49,,,1,70,,63841,49,,,1,30,,63831,49,,,1,70,,63834,49,,,1,30,,63838,49,,,1,70,,63842,49,,,2,31,,63835,49,,,1,70,,63857,49,,,1,31,,63832,49,,,1,75,,63858,49,,,1,27,,63859,49,,,1,70,,63853,49,,,1,26,,63849,49,,,1,70,,63839,49,,,1,29,,63846,49,,,1,69,,63855,49,,,1,29,,63843,49,,,1,70,,63845,49,,,1,30,,63847,49,,,1,70,,63851,49,,,2,30,,63844,49,,,1,70,,63850,49,,,1,29,,63848,49,,,1,70,,63852,49,,,1,30,,63854,49,,,1
4001,'Semaine-0',629,,64160,48,,,1,30,,64159,48,,,1,73,,64162,48,,,1,74,,64158,48,,,2,26,,64157,48,,,1,27,,64161,48,,,1
4101,'Semaine-0',651,,64170,39,,,1,73,,64171,39,,,1,76,,64172,39,,,1,26,,64169,39,,,2,28,,64168,39,,,1
4501,'Semaine-0',618,,64184,42,,,1,30,,64183,42,,,1,74,,64187,42,,,2,30,,64186,42,,,1,72,,64185,42,,,1,28,,64188,42,,,1
4701,'Semaine-0',630,,64194,35,,,2,87,,64193,35,,,1,90,,64192,35,,,1,27,,64195,35,,,1
5501,'Samedi-0',714,,66775,47,,,1,30,,66778,47,,,1,71,,66777,47,,,1,30,,66787,47,,,1,69,,66776,47,,,1,30,,66779,47,,,1,71,,66780,47,,,1,29,,66786,47,,,1,71,,66782,47,,,1,30,,66783,47,,,1,70,,66781,47,,,1,30,,66789,47,,,1,70,,66788,47,,,1,30,,66784,47,,,1,70,,66785,47,,,1,32,,66790,47,,,1,68,,66791,47,,,1,32,,66792,47,,,1,68,,66793,47,,,1,32,,66794,47,,,1,68,,66795,47,,,1,32,,66796,47,,,1,68,,66797,47,,,1,30,,66798,47,,,1,70,,66799,47,,,1,30,,66800,47,,,1,70,,66801,47,,,1,29,,66802,47,,,1,70,,66803,47,,,1,30,,66805,47,,,1,69,,66804,47,,,1,30,,66807,47,,,1,70,,66806,47,,,1
5501,'Dimanche-11',714,,66809,47,,,1,30,,66813,47,,,1,71,,66811,47,,,1,30,,66816,47,,,1,69,,66818,47,,,1,30,,66812,47,,,1,71,,66808,47,,,1,29,,66822,47,,,1,71,,66817,47,,,1,30,,66824,47,,,1,70,,66815,47,,,1,30,,66814,47,,,1,70,,66820,47,,,1,30,,66810,47,,,1,70,,66819,47,,,1,32,,66823,47,,,1,68,,66828,47,,,1,32,,66821,47,,,1,68,,66827,47,,,1,32,,66830,47,,,1,68,,66825,47,,,1,32,,66826,47,,,1,68,,66832,47,,,1,30,,66834,47,,,1,70,,66831,47,,,1,30,,66829,47,,,1,70,,66833,47,,,1,29,,66835,47,,,1,70,,66836,47,,,1,30,,66837,47,,,1,69,,66838,47,,,1,30,,66839,47,,,1,70,,66840,47,,,1
5501,'Semaine-0',532,,64382,47,,,1,14,,64389,47,,,1,54,,64388,46,,,1,18,,64372,46,,,1,15,,64410,46,,,1,22,,64409,46,,,1,48,,64369,46,,,1,14,,64414,46,,,1,15,,64395,46,,,1,15,,64403,46,,,1,56,,64373,46,,,1,8,,64377,46,,,1,12,,64375,46,,,1,9,,64404,46,,,1,4,,64406,46,,,1,14,,64383,46,,,1,68,,64387,46,,,1,12,,64374,46,,,1,11,,64408,46,,,1,70,,64401,47,,,1,23,,64413,14,,,1,8,,64405,47,,,1,69,,64371,47,,,1,29,,64378,47,,,1,70,,64391,47,,,1,30,,64402,47,,,1,70,,64398,47,,,1,30,,64379,47,,,1,70,,64411,47,,,1,30,,64370,47,,,1,72,,64376,47,,,1,90,,64380,47,,,1,99,,64385,47,,,1,100,,64390,47,,,1,99,,64407,47,,,1,20,,64396,47,,,1,30,,64384,47,,,1,70,,64400,47,,,1,30,,64393,47,,,1,70,,64412,47,,,1,30,,64386,47,,,1,69,,64392,47,,,1,31,,64394,47,,,1,70,,64381,47,,,1,28,,64399,47,,,1,70,,64397,47,,,1
5901,'Samedi-0',728,,66909,36,,,1,30,,66916,36,,,1,70,,66913,36,,,1,30,,66918,36,,,1,70,,66910,36,,,1,30,,66915,36,,,1,71,,66914,36,,,1,30,,66917,36,,,1,70,,66921,36,,,1,71,,66922,36,,,1,30,,66911,36,,,1,70,,66912,36,,,1,30,,66920,36,,,1,70,,66919,36,,,1,30,,66923,36,,,1,70,,66924,36,,,1,30,,66925,36,,,1,70,,66926,36,,,1,30,,66927,36,,,1,70,,66928,36,,,1,30,,66929,36,,,1,70,,66930,36,,,1,30,,66931,36,,,1,29,,66932,36,,,1,71,,66933,36,,,1,70,,66935,36,,,1,30,,66934,36,,,1,28,,66936,36,,,1,70,,66937,36,,,1,30,,66938,36,,,1,70,,66940,36,,,1,30,,66939,36,,,1
5901,'Dimanche-11',728,,66941,36,,,1,30,,66953,36,,,1,70,,66947,36,,,1,30,,66948,36,,,1,70,,66955,36,,,1,30,,66952,36,,,1,71,,66957,36,,,1,30,,66944,36,,,1,70,,66956,36,,,1,71,,66942,36,,,1,30,,66951,36,,,1,70,,66943,36,,,1,30,,66946,36,,,1,70,,66949,36,,,1,30,,66950,36,,,1,70,,66958,36,,,1,30,,66945,36,,,1,70,,66961,36,,,1,30,,66954,36,,,1,70,,66963,36,,,1,30,,66964,36,,,1,70,,66960,36,,,1,30,,66965,36,,,1,29,,66962,36,,,1,71,,66966,36,,,1,70,,66959,36,,,1,30,,66967,36,,,1,28,,66968,36,,,1,70,,66969,36,,,1,30,,66970,36,,,1,70,,66971,36,,,1,30,,66972,36,,,1
5901,'Semaine-0',527,,64498,36,,,1,15,,64534,36,,,1,15,,64507,36,,,1,55,,64528,35,,,1,16,,64508,35,,,1,14,,64497,35,,,1,13,,64499,35,,,1,55,,64502,35,,,1,11,,64537,13,,,1,8,,64505,35,,,1,7,,64538,13,,,1,8,,64506,35,,,1,7,,64539,13,,,1,51,,64501,35,,,1,7,,64495,13,,,1,5,,64530,35,,,1,19,,64516,35,,,1,11,,64521,35,,,1,13,,64511,35,,,1,55,,64496,35,,,1,16,,64514,35,,,1,27,,64540,35,,,1,70,,64535,36,,,1,30,,64522,36,,,1,70,,64504,36,,,1,30,,64515,36,,,1,70,,64518,36,,,1,30,,64503,36,,,1,70,,64532,36,,,1,30,,64494,36,,,1,70,,64536,36,,,1,30,,64526,36,,,1,76,,64529,36,,,1,100,,64533,36,,,1,100,,64513,36,,,1,99,,64520,36,,,1,75,,64525,36,,,1,30,,64512,36,,,1,70,,64519,36,,,1,30,,64524,36,,,1,70,,64531,36,,,1,30,,64509,36,,,1,70,,64527,36,,,1,29,,64517,36,,,1,70,,64500,36,,,1,30,,64510,36,,,1,70,,64523,36,,,1
32901,'Semaine-0',1656,,65575,43,0,7 8,1
65501,'Semaine-0',1526,,65873,35,0,9 10,1
72901,'Semaine-0',826,,65878,28,0,5 11,2
74001,'Semaine-0',833,,65882,49,0,5 11,2,2,,65883,49,0,5 11,1
80000,'Samedi-0',733,,68077,40,,,1,103,,68078,40,,,1,98,,68079,40,,,1,101,,68081,40,,,1,100,,68082,40,,,1,100,,68080,40,,,1,100,,68083,40,,,1,100,,68084,40,,,1,100,,68085,40,,,1,100,,68086,40,,,1,99,,68087,40,,,2,100,,68088,40,,,1,100,,68091,40,,,1,99,,68089,40,,,1,100,,68090,40,,,1,98,,68092,40,,,1,100,,68093,40,,,1
80000,'Dimanche-11',733,,68096,40,,,1,103,,68095,40,,,1,98,,68101,40,,,1,101,,68094,40,,,1,100,,68098,40,,,1,100,,68097,40,,,1,100,,68099,40,,,1,100,,68100,40,,,1,100,,68104,40,,,1,100,,68102,40,,,1,99,,68103,40,,,2,100,,68107,40,,,1,100,,68106,40,,,1,99,,68105,40,,,1,100,,68108,40,,,1,98,,68109,40,,,1,100,,68110,40,,,1
80000,'Semaine-0',609,,65923,39,,,1,32,,65909,39,,,1,71,,65899,39,,,1,15,,65898,39,,,1,17,,65919,39,,,1,70,,65910,39,,,1,18,,65896,39,,,1,68,,65915,39,,,1,30,,65900,40,,,1,70,,65917,40,,,1,30,,65912,40,,,1,70,,65926,40,,,1,30,,65893,40,,,1,29,,65914,40,,,1,70,,65904,40,,,1,71,,65920,40,,,1,29,,65913,40,,,1,30,,65924,40,,,1,72,,65903,40,,,1,28,,65918,40,,,1,74,,65916,40,,,1,71,,65905,40,,,1,32,,65921,40,,,1,68,,65894,40,,,1,30,,65911,40,,,1,70,,65908,40,,,1,28,,65922,40,,,1,68,,65907,40,,,1,31,,65901,40,,,1,69,,65895,40,,,1,30,,65925,40,,,1,28,,65906,40,,,1,68,,65902,40,,,1,30,,65892,40,,,1,69,,65897,40,,,1,30,,65891,40,,,1
82901,'Semaine-0',800,,65975,16,0,9 12 13,1,1,,65976,16,0,9 12 13,1,1,,65977,16,0,9 12 13,2
