2301,'Semaine-0',652,,63480,35,4,,1,70,,63477,35,4,,2,34,,63481,35,4,,1,74,,63479,35,4,,2,29,,63478,35,4,,1
2301,'Semaine-10',652,,71410,35,4,,1,70,,71407,35,4,,2,34,,71411,35,4,,1,74,,71409,35,4,,2,29,,71408,35,4,,1
2501,'Semaine-0',634,,63492,42,4,,2,69,,63491,42,4,,1,36,,63489,42,4,,1,80,,63490,42,4,,2,32,,63493,42,4,,1,62,,63488,42,4,,2
2501,'Semaine-10',634,,71422,42,4,,2,69,,71421,42,4,,1,36,,71419,42,4,,1,80,,71420,42,4,,2,32,,71423,42,4,,1,62,,71418,42,4,,2
2601,'Semaine-0',633,,63500,40,4,,1,72,,63502,40,4,,2,32,,63503,40,4,,2,70,,63501,40,4,,1,30,,63499,40,4,,2
2601,'Semaine-10',633,,71430,40,4,,1,72,,71432,40,4,,2,32,,71433,40,4,,2,70,,71431,40,4,,1,30,,71429,40,4,,2
2901,'Semaine-0',748,,63524,26,4,,2,74,,63527,26,4,,1,27,,63525,26,4,,1,69,,63526,26,4,,2
2901,'Semaine-10',748,,71454,26,4,,2,74,,71457,26,4,,1,27,,71455,26,4,,1,69,,71456,26,4,,2
4001,'Semaine-0',649,,64160,58,4,,1,70,,64159,58,4,,1,37,,64162,58,4,,1,75,,64158,58,4,,2,25,,64157,58,4,,1,67,,64161,58,4,,1
4001,'Semaine-10',649,,72090,58,4,,1,70,,72089,58,4,,1,37,,72092,58,4,,1,75,,72088,58,4,,2,25,,72087,58,4,,1,67,,72091,58,4,,1
4101,'Semaine-0',714,,64170,49,4,,1,34,,64171,49,4,,1,76,,64172,49,4,,1,26,,64169,49,4,,2,67,,64168,49,4,,1
4101,'Semaine-10',714,,72100,49,4,,1,34,,72101,49,4,,1,76,,72102,49,4,,1,26,,72099,49,4,,2,67,,72098,49,4,,1
4501,'Semaine-0',635,,64184,52,4,,1,71,,64183,52,4,,1,38,,64187,52,4,,2,70,,64186,52,4,,1,35,,64185,52,4,,1,64,,64188,52,4,,1
4501,'Semaine-10',635,,72114,52,4,,1,71,,72113,52,4,,1,38,,72117,52,4,,2,70,,72116,52,4,,1,35,,72115,52,4,,1,64,,72118,52,4,,1
4701,'Semaine-0',650,,64194,45,4,,2,87,,64193,45,4,,1,92,,64192,45,4,,1,27,,64195,45,4,,1
4701,'Semaine-10',650,,72124,45,4,,2,87,,72123,45,4,,1,92,,72122,45,4,,1,27,,72125,45,4,,1
4801,'Semaine-0',807,,64197,46,4,,1
4801,'Semaine-10',807,,72127,46,4,,1
