2601,'Semaine-0',606,,63500,25,,,1,31,,63502,25,,,2,70,,63503,25,,,2,30,,63501,25,,,1,69,,63499,25,,,2
2801,'Semaine-0',702,,63517,35,,,1,33,,63518,35,,,2,99,,63516,35,,,2
2901,'Semaine-0',719,,63524,11,,,2,30,,63527,11,,,1,70,,63525,11,,,1,32,,63526,11,,,2
3201,'Semaine-0',522,,63711,23,,,1,20,,63710,23,,,1,60,,63702,23,,,1,21,,63712,23,,,2,10,,63692,23,,,1,8,,63713,23,,,1,11,,63693,23,,,1,50,,63694,23,,,1,8,,63686,23,,,1,11,,63689,23,,,1,8,,63715,23,,,1,8,,63695,23,,,1,8,,63690,23,,,1,9,,63703,23,,,1,48,,63685,23,,,1,8,,63696,23,,,1,8,,63714,23,,,2,8,,63684,23,,,1,10,,63683,23,,,1,10,,63688,23,,,1,8,,63691,23,,,1,50,,63697,23,,,1,22,,63671,23,,,2,30,,63681,23,,,1,71,,63674,23,,,1,29,,63677,23,,,1,70,,63670,23,,,1,30,,63680,23,,,1,70,,63675,23,,,1,30,,63682,23,,,1,70,,63664,23,,,1,30,,63669,23,,,1,70,,63676,23,,,1,30,,63687,23,,,1,71,,63704,23,,,1,31,,63705,23,,,2,69,,63706,23,,,1,30,,63707,23,,,1,69,,63708,23,,,2,30,,63709,23,,,1,70,,63667,23,,,1,30,,63665,23,,,2,70,,63678,23,,,2,30,,63673,23,,,1,69,,63668,23,,,1,31,,63666,23,,,2,70,,63679,23,,,1,28,,63672,23,,,1,68,,63699,23,,,1,32,,63698,23,,,1,69,,63700,23,,,1,30,,63701,23,,,1
3401,'Semaine-0',920,,63856,44,,,1,30,,63836,44,,,2,70,,63840,44,,,1,30,,63860,44,,,1,70,,63833,44,,,1,30,,63837,44,,,1,70,,63841,44,,,1,30,,63831,44,,,1,70,,63834,44,,,1,30,,63838,44,,,1,70,,63842,44,,,2,31,,63835,44,,,1,70,,63857,44,,,1,31,,63832,44,,,1,75,,63858,44,,,1,27,,63859,44,,,1,69,,63853,44,,,1,27,,63849,44,,,1,70,,63839,44,,,1,29,,63846,44,,,1,69,,63855,44,,,1,30,,63843,44,,,1,70,,63845,44,,,1,30,,63847,44,,,1,70,,63851,44,,,2,30,,63844,44,,,1,70,,63850,44,,,1,29,,63848,44,,,1,70,,63852,44,,,1,30,,63854,44,,,1
5601,'Semaine-0',1227,,64428,18,,,1,102,,64425,18,,,1,100,,64424,18,,,1,101,,64427,18,,,2,104,,64426,18,,,1,97,,64429,18,,,1,97,,64430,18,,,1
32901,'Semaine-0',1652,,65575,38,0,7 8,1
42901,'Semaine-0',1516,,65825,19,0,9 14,1
55401,'Semaine-0',1535,,65848,16,0,5 6,1
72901,'Semaine-0',820,,65878,23,0,5 11,2
82901,'Semaine-0',755,,65975,11,0,9 12 13,1,1,,65976,11,0,9 12 13,1,1,,65977,11,0,9 12 13,2
