1800,'Semaine-0',1316,,63459,23,,,1,238,,63458,23,,,2,103,,63461,23,,,1,68,,63460,23,,,1
6800,'Semaine-0',629,,64885,22,,,1,30,,64895,22,,,1,69,,64893,22,,,1,31,,64902,22,,,1,70,,64899,22,,,1,30,,64876,22,,,1,70,,64900,22,,,1,30,,64877,22,,,1,70,,64882,22,,,1,30,,64901,22,,,1,70,,64887,22,,,1,30,,64880,22,,,1,75,,64897,22,,,1,75,,64888,22,,,1,30,,64896,22,,,1,70,,64889,22,,,1,30,,64883,22,,,1,69,,64886,22,,,1,18,,64894,22,,,1,20,,64904,22,,,1,67,,64890,22,,,1,20,,64898,22,,,1,20,,64892,22,,,1,60,,64906,22,,,1,16,,64903,22,,,1,10,,64891,22,,,1,10,,64905,22,,,1,60,,64879,22,,,1,30,,64884,22,,,1,70,,64881,22,,,1
9700,'Semaine-0',1706,,65450,3,,,1,99,,65451,3,,,1,30,,65452,3,,,1
10000,'Semaine-0',1542,,65486,19,,,1,9,,65488,19,,,1,51,,65473,19,,,1,8,,65474,19,,,1,7,,65475,19,,,1,9,,65487,19,,,1,8,,65476,19,,,1,10,,65477,19,,,1,9,,65478,19,,,1,50,,65479,19,,,1,10,,65480,19,,,1,9,,65481,19,,,1,12,,65482,19,,,1,10,,65483,19,,,1,8,,65484,19,,,1,52,,65485,19,,,1
20000,'Semaine-0',1542,,65504,15,,,1,5,,65505,15,,,1,8,,65528,15,,,1,45,,65506,15,,,1,5,,65507,15,,,1,5,,65533,15,,,1,5,,65508,15,,,1,5,,65510,15,,,1,5,,65511,15,,,1,5,,65512,15,,,1,5,,65514,15,,,1,5,,65515,15,,,1,5,,65509,15,,,1,5,,65532,15,,,1,5,,65513,15,,,1,47,,65516,15,,,1,4,,65517,15,,,1,5,,65518,15,,,1,4,,65519,15,,,1,5,,65531,15,,,1,5,,65520,15,,,1,5,,65529,15,,,1,5,,65521,15,,,1,5,,65522,15,,,1,5,,65524,15,,,1,5,,65523,15,,,1,5,,65525,15,,,1,3,,65526,15,,,1,45,,65527,15,,,1,5,,65530,15,,,1
40000,'Samedi-0',634,,67785,19,,,1,20,,67786,19,,,1,55,,67789,19,,,1,15,,67794,19,,,1,15,,67803,19,,,1,15,,67804,19,,,1,55,,67787,19,,,1,15,,67791,19,,,1,15,,67788,19,,,1,15,,67812,19,,,1,55,,67790,19,,,1,15,,67793,19,,,1,15,,67792,19,,,1,15,,67795,19,,,1,55,,67813,19,,,1,15,,67811,19,,,1,15,,67814,19,,,1,15,,67796,19,,,1,55,,67798,19,,,1,15,,67801,19,,,1,15,,67802,19,,,1,15,,67797,19,,,1,55,,67808,19,,,1,15,,67810,19,,,1,15,,67815,19,,,1,15,,67800,19,,,1,55,,67799,19,,,1,15,,67805,19,,,1,17,,67806,19,,,1,15,,67807,19,,,1,55,,67816,19,,,1,15,,67809,19,,,1,15,,67817,19,,,1,15,,67818,19,,,1,55,,67819,19,,,1,15,,67820,19,,,1,15,,67821,19,,,1,15,,67822,19,,,1,55,,67823,19,,,1,15,,67824,19,,,1,15,,67825,19,,,1,15,,67826,19,,,1,55,,67827,19,,,1,15,,67828,19,,,1,14,,67829,19,,,1,15,,67830,19,,,1,55,,67831,19,,,1,15,,67832,19,,,1,15,,67838,19,,,1,15,,67833,19,,,1,55,,67834,19,,,1,15,,67835,19,,,1,14,,67836,19,,,1,16,,67837,19,,,1,54,,67841,19,,,1,15,,67839,19,,,1,15,,67840,19,,,1,15,,67845,19,,,1,55,,67844,19,,,1,16,,67843,19,,,1,14,,67842,19,,,1,16,,67849,19,,,1,54,,67846,19,,,1,15,,67847,19,,,1,15,,67848,19,,,1,15,,67856,19,,,1,56,,67851,19,,,1,15,,67850,19,,,1,13,,67852,19,,,1,16,,67853,19,,,1,53,,67854,19,,,1,16,,67855,19,,,1,11,,67857,19,,,1
40000,'Dimanche-11',634,,67858,19,,,1,20,,67859,19,,,1,55,,67867,19,,,1,15,,67879,19,,,1,15,,67881,19,,,1,15,,67862,19,,,1,55,,67869,19,,,1,15,,67868,19,,,1,15,,67860,19,,,1,15,,67861,19,,,1,55,,67870,19,,,1,15,,67878,19,,,1,15,,67880,19,,,1,15,,67863,19,,,1,55,,67873,19,,,1,15,,67872,19,,,1,15,,67887,19,,,1,15,,67888,19,,,1,55,,67884,19,,,1,15,,67899,19,,,1,15,,67892,19,,,1,15,,67883,19,,,1,55,,67898,19,,,1,15,,67871,19,,,1,15,,67886,19,,,1,15,,67889,19,,,1,55,,67877,19,,,1,15,,67900,19,,,1,17,,67893,19,,,1,15,,67874,19,,,1,55,,67882,19,,,1,15,,67875,19,,,1,15,,67885,19,,,1,15,,67894,19,,,1,55,,67876,19,,,1,15,,67864,19,,,1,15,,67890,19,,,1,15,,67865,19,,,1,55,,67897,19,,,1,15,,67866,19,,,1,15,,67906,19,,,1,15,,67895,19,,,1,55,,67910,19,,,1,15,,67904,19,,,1,14,,67891,19,,,1,15,,67908,19,,,1,55,,67896,19,,,1,15,,67912,19,,,1,15,,67905,19,,,1,15,,67913,19,,,1,55,,67909,19,,,1,15,,67914,19,,,1,14,,67901,19,,,1,16,,67907,19,,,1,54,,67902,19,,,1,15,,67911,19,,,1,15,,67903,19,,,1,15,,67915,19,,,1,55,,67916,19,,,1,16,,67918,19,,,1,14,,67917,19,,,1,16,,67920,19,,,1,54,,67919,19,,,1,15,,67921,19,,,1,15,,67922,19,,,1,15,,67927,19,,,1,56,,67923,19,,,1,15,,67925,19,,,1,13,,67924,19,,,1,16,,67926,19,,,1,53,,67929,19,,,1,16,,67928,19,,,1,11,,67930,19,,,1
40000,'Semaine-0',608,,65630,19,,,1,15,,65636,19,,,1,15,,65659,19,,,1,14,,65674,19,,,1,56,,65664,19,,,1,18,,65722,19,,,1,9,,65694,19,,,1,10,,65646,19,,,1,10,,65693,19,,,1,58,,65688,19,,,1,13,,65689,19,,,1,10,,65644,19,,,1,12,,65666,19,,,1,52,,65668,19,,,1,12,,65715,19,,,1,11,,65685,19,,,1,10,,65639,19,,,1,13,,65648,19,,,1,9,,65634,19,,,1,49,,65637,19,,,1,10,,65690,19,,,1,10,,65656,19,,,1,10,,65669,19,,,1,10,,65662,19,,,1,10,,65663,19,,,1,50,,65695,19,,,1,10,,65675,19,,,1,10,,65686,19,,,1,11,,65640,19,,,1,9,,65649,19,,,1,10,,65638,19,,,1,51,,65716,19,,,1,9,,65691,19,,,1,10,,65657,19,,,1,10,,65670,19,,,1,11,,65661,19,,,1,10,,65653,19,,,1,49,,65682,19,,,1,11,,65665,19,,,1,4,,65676,19,,,1,5,,65687,19,,,1,11,,65641,19,,,1,10,,65651,19,,,1,10,,65643,19,,,1,50,,65633,19,,,1,10,,65692,19,,,1,10,,65673,19,,,1,10,,65671,19,,,1,7,,65683,19,,,1,6,,65660,19,,,1,8,,65652,19,,,1,46,,65700,19,,,1,6,,65701,19,,,1,4,,65702,19,,,1,6,,65703,19,,,1,2,,65704,19,,,1,11,,65714,19,,,1,5,,65720,19,,,1,2,,65705,19,,,1,275,,65706,19,,,1,5,,65707,19,,,1,5,,65708,19,,,1,5,,65709,19,,,1,5,,65721,19,,,1,5,,65710,19,,,1,6,,65711,19,,,1,8,,65712,19,,,1,52,,65713,19,,,1,12,,65677,19,,,1,12,,65678,19,,,1,10,,65672,19,,,1,12,,65698,19,,,1,52,,65681,19,,,1,12,,65667,19,,,1,12,,65645,19,,,1,12,,65717,19,,,1,12,,65650,19,,,1,53,,65718,19,,,1,11,,65658,19,,,1,12,,65679,19,,,1,12,,65719,19,,,1,14,,65655,19,,,1,53,,65699,19,,,1,15,,65697,19,,,1,15,,65642,19,,,1,15,,65631,19,,,1,55,,65647,19,,,1,13,,65680,19,,,1,15,,65654,19,,,1,15,,65684,19,,,1,55,,65696,19,,,1,15,,65635,19,,,1,15,,65632,19,,,1
80000,'Samedi-0',757,,68077,52,,,1,144,,68078,52,,,1,58,,68079,52,,,1,141,,68081,52,,,1,100,,68082,52,,,1,100,,68080,52,,,1,100,,68083,52,,,1,102,,68084,52,,,1,100,,68085,52,,,1,100,,68086,52,,,1,99,,68087,52,,,2,99,,68088,52,,,1,100,,68091,52,,,1,58,,68089,52,,,1,100,,68090,52,,,1,98,,68092,52,,,1,100,,68093,52,,,1
80000,'Dimanche-11',757,,68096,52,,,1,144,,68095,52,,,1,58,,68101,52,,,1,141,,68094,52,,,1,100,,68098,52,,,1,100,,68097,52,,,1,100,,68099,52,,,1,102,,68100,52,,,1,100,,68104,52,,,1,100,,68102,52,,,1,99,,68103,52,,,2,99,,68107,52,,,1,100,,68106,52,,,1,58,,68105,52,,,1,100,,68108,52,,,1,98,,68109,52,,,1,100,,68110,52,,,1
80000,'Semaine-0',637,,65923,51,,,1,74,,65909,51,,,1,31,,65899,51,,,1,15,,65898,51,,,1,56,,65919,51,,,1,30,,65910,51,,,1,57,,65896,51,,,1,29,,65915,51,,,1,29,,65900,52,,,1,70,,65917,52,,,1,30,,65912,52,,,1,70,,65926,52,,,1,30,,65893,52,,,1,70,,65914,52,,,1,30,,65904,52,,,1,69,,65920,52,,,1,31,,65913,52,,,1,70,,65924,52,,,1,72,,65903,52,,,1,28,,65918,52,,,1,74,,65916,52,,,1,32,,65905,52,,,1,74,,65921,52,,,1,26,,65894,52,,,1,70,,65911,52,,,1,30,,65908,52,,,1,67,,65922,52,,,1,28,,65907,52,,,1,29,,65901,52,,,1,69,,65895,52,,,1,30,,65925,52,,,1,69,,65906,52,,,1,26,,65902,52,,,1,70,,65892,52,,,1,30,,65897,52,,,1,69,,65891,52,,,1
