3401,'Samedi-0',644,,66201,6,,,1,100,,66204,6,,,1,70,,66213,6,,,1,30,,66202,6,,,1,70,,66207,6,,,1,30,,66209,6,,,1,69,,66203,6,,,1,30,,66212,6,,,1,72,,66205,6,,,1,29,,66214,6,,,1,70,,66206,6,,,1,30,,66208,6,,,1,70,,66210,6,,,1,30,,66211,6,,,1,70,,66215,6,,,1,31,,66216,6,,,1,70,,66217,6,,,1,30,,66218,6,,,1,70,,66219,6,,,1,30,,66220,6,,,1,70,,66221,6,,,1,30,,66222,6,,,1,70,,66223,6,,,1,30,,66225,6,,,1,69,,66224,6,,,1,30,,66226,6,,,1,70,,66227,6,,,1,30,,66228,6,,,1,70,,66230,6,,,1,30,,66229,6,,,1,70,,66231,6,,,1,99,,66232,6,,,1
3401,'Samedi-11',644,,70412,6,,,1,100,,70415,6,,,1,70,,70424,6,,,1,30,,70413,6,,,1,70,,70418,6,,,1,30,,70420,6,,,1,69,,70414,6,,,1,30,,70423,6,,,1,72,,70416,6,,,1,29,,70425,6,,,1,70,,70417,6,,,1,30,,70419,6,,,1,70,,70421,6,,,1,30,,70422,6,,,1,70,,70426,6,,,1,31,,70427,6,,,1,70,,70428,6,,,1,30,,70429,6,,,1,70,,70430,6,,,1,30,,70431,6,,,1,70,,70432,6,,,1,30,,70433,6,,,1,70,,70434,6,,,1,30,,70436,6,,,1,69,,70435,6,,,1,30,,70437,6,,,1,70,,70438,6,,,1,30,,70439,6,,,1,70,,70441,6,,,1,30,,70440,6,,,1,70,,70442,6,,,1,99,,70443,6,,,1
3401,'Dimanche-0',644,,68254,6,,,1,100,,68262,6,,,1,70,,68267,6,,,1,30,,68259,6,,,1,70,,68257,6,,,1,30,,68280,6,,,1,69,,68261,6,,,1,30,,68266,6,,,1,72,,68256,6,,,1,29,,68255,6,,,1,70,,68258,6,,,1,30,,68265,6,,,1,70,,68268,6,,,1,30,,68260,6,,,1,70,,68264,6,,,1,31,,68263,6,,,1,70,,68269,6,,,1,30,,68273,6,,,1,70,,68270,6,,,1,30,,68271,6,,,1,70,,68272,6,,,1,30,,68279,6,,,1,70,,68274,6,,,1,30,,68277,6,,,1,69,,68275,6,,,1,30,,68276,6,,,1,70,,68278,6,,,1,30,,68281,6,,,1,70,,68283,6,,,1,30,,68282,6,,,1,70,,68284,6,,,1,99,,68285,6,,,1
3401,'Dimanche-10',644,,69333,6,,,1,100,,69341,6,,,1,70,,69346,6,,,1,30,,69338,6,,,1,70,,69336,6,,,1,30,,69359,6,,,1,69,,69340,6,,,1,30,,69345,6,,,1,72,,69335,6,,,1,29,,69334,6,,,1,70,,69337,6,,,1,30,,69344,6,,,1,70,,69347,6,,,1,30,,69339,6,,,1,70,,69343,6,,,1,31,,69342,6,,,1,70,,69348,6,,,1,30,,69352,6,,,1,70,,69349,6,,,1,30,,69350,6,,,1,70,,69351,6,,,1,30,,69358,6,,,1,70,,69353,6,,,1,30,,69356,6,,,1,69,,69354,6,,,1,30,,69355,6,,,1,70,,69357,6,,,1,30,,69360,6,,,1,70,,69362,6,,,1,30,,69361,6,,,1,70,,69363,6,,,1,99,,69364,6,,,1
3401,'Dimanche-11',644,,66233,6,,,1,100,,66241,6,,,1,70,,66246,6,,,1,30,,66238,6,,,1,70,,66236,6,,,1,30,,66259,6,,,1,69,,66240,6,,,1,30,,66245,6,,,1,72,,66235,6,,,1,29,,66234,6,,,1,70,,66237,6,,,1,30,,66244,6,,,1,70,,66247,6,,,1,30,,66239,6,,,1,70,,66243,6,,,1,31,,66242,6,,,1,70,,66248,6,,,1,30,,66252,6,,,1,70,,66249,6,,,1,30,,66250,6,,,1,70,,66251,6,,,1,30,,66258,6,,,1,70,,66253,6,,,1,30,,66256,6,,,1,69,,66254,6,,,1,30,,66255,6,,,1,70,,66257,6,,,1,30,,66260,6,,,1,70,,66262,6,,,1,30,,66261,6,,,1,70,,66263,6,,,1,99,,66264,6,,,1
3401,'Semaine-0',848,,63856,6,,,1,71,,63836,6,,,2,30,,63840,6,,,1,70,,63860,6,,,1,30,,63833,6,,,1,70,,63837,6,,,1,30,,63841,6,,,1,70,,63831,6,,,1,30,,63834,6,,,1,70,,63838,6,,,1,30,,63842,6,,,2,71,,63835,6,,,1,28,,63857,6,,,1,69,,63832,6,,,1,33,,63858,6,,,1,67,,63859,6,,,1,30,,63853,6,,,1,70,,63849,6,,,1,30,,63839,6,,,1,72,,63846,6,,,1,30,,63855,6,,,1,71,,63843,6,,,1,30,,63845,6,,,1,70,,63847,6,,,1,30,,63851,6,,,2,71,,63844,6,,,1,30,,63850,6,,,1,70,,63848,6,,,1,30,,63852,6,,,1,70,,63854,6,,,1
5000,'Semaine-0',642,,64273,19,,,1,62,,64271,19,,,1,31,,64274,19,,,2,70,,64270,19,,,1,108,,64275,19,,,1
55000,'Semaine-0',657,,65840,19,0,5 6,1,2,,65841,19,0,5 6,1
63900,'Semaine-0',1505,,65857,6,0,9 10,1
65400,'Semaine-0',1505,,65870,6,0,9 10,2
