1800,'Semaine-0',1248,,63459,10,,,1,277,,63458,10,,,2,103,,63461,10,,,1,26,,63460,10,,,1
2601,'Semaine-0',611,,63500,29,,,1,31,,63502,29,,,2,70,,63503,29,,,2,30,,63501,29,,,1,69,,63499,29,,,2
2901,'Semaine-0',724,,63524,15,,,2,30,,63527,15,,,1,69,,63525,15,,,1,32,,63526,15,,,2
3201,'Semaine-0',526,,63711,27,,,1,20,,63710,27,,,1,60,,63702,27,,,1,21,,63712,27,,,2,10,,63692,27,,,1,8,,63713,27,,,1,11,,63693,27,,,1,50,,63694,27,,,1,8,,63686,27,,,1,11,,63689,27,,,1,8,,63715,27,,,1,8,,63695,27,,,1,8,,63690,27,,,1,9,,63703,27,,,1,48,,63685,27,,,1,8,,63696,27,,,1,8,,63714,27,,,2,8,,63684,27,,,1,10,,63683,27,,,1,10,,63688,27,,,1,8,,63691,27,,,1,50,,63697,27,,,1,22,,63671,27,,,2,70,,63681,27,,,1,30,,63674,27,,,1,70,,63677,27,,,1,29,,63670,27,,,1,71,,63680,27,,,1,30,,63675,27,,,1,70,,63682,27,,,1,30,,63664,27,,,1,29,,63669,27,,,1,70,,63676,27,,,1,71,,63687,27,,,1,31,,63704,27,,,1,71,,63705,27,,,2,29,,63706,27,,,1,70,,63707,27,,,1,29,,63708,27,,,2,70,,63709,27,,,1,30,,63667,27,,,1,29,,63665,27,,,2,70,,63678,27,,,2,30,,63673,27,,,1,69,,63668,27,,,1,31,,63666,27,,,2,70,,63679,27,,,1,28,,63672,27,,,1,68,,63699,27,,,1,32,,63698,27,,,1,69,,63700,27,,,1,30,,63701,27,,,1
3401,'Semaine-0',924,,63856,48,,,1,30,,63836,48,,,2,70,,63840,48,,,1,30,,63860,48,,,1,70,,63833,48,,,1,30,,63837,48,,,1,70,,63841,48,,,1,30,,63831,48,,,1,70,,63834,48,,,1,30,,63838,48,,,1,70,,63842,48,,,2,31,,63835,48,,,1,70,,63857,48,,,1,31,,63832,48,,,1,75,,63858,48,,,1,27,,63859,48,,,1,69,,63853,48,,,1,27,,63849,48,,,1,70,,63839,48,,,1,29,,63846,48,,,1,69,,63855,48,,,1,30,,63843,48,,,1,70,,63845,48,,,1,30,,63847,48,,,1,70,,63851,48,,,2,30,,63844,48,,,1,70,,63850,48,,,1,28,,63848,48,,,1,70,,63852,48,,,1,30,,63854,48,,,1
4001,'Semaine-0',629,,64160,47,,,1,30,,64159,47,,,1,73,,64162,47,,,1,74,,64158,47,,,2,25,,64157,47,,,1,28,,64161,47,,,1
4101,'Semaine-0',651,,64170,38,,,1,73,,64171,38,,,1,76,,64172,38,,,1,26,,64169,38,,,2,28,,64168,38,,,1
4501,'Semaine-0',618,,64184,41,,,1,30,,64183,41,,,1,73,,64187,41,,,2,30,,64186,41,,,1,72,,64185,41,,,1,29,,64188,41,,,1
4701,'Semaine-0',630,,64194,34,,,2,87,,64193,34,,,1,89,,64192,34,,,1,27,,64195,34,,,1
5501,'Semaine-0',531,,64382,46,,,1,15,,64389,46,,,1,54,,64388,45,,,1,18,,64372,45,,,1,15,,64410,45,,,1,22,,64409,45,,,1,48,,64369,45,,,1,14,,64414,45,,,1,15,,64395,45,,,1,15,,64403,45,,,1,56,,64373,45,,,1,8,,64377,45,,,1,12,,64375,45,,,1,9,,64404,45,,,1,4,,64406,45,,,1,14,,64383,45,,,1,68,,64387,45,,,1,12,,64374,45,,,1,11,,64408,45,,,1,69,,64401,46,,,1,23,,64413,13,,,1,8,,64405,46,,,1,69,,64371,46,,,1,29,,64378,46,,,1,70,,64391,46,,,1,30,,64402,46,,,1,70,,64398,46,,,1,30,,64379,46,,,1,70,,64411,46,,,1,31,,64370,46,,,1,72,,64376,46,,,1,89,,64380,46,,,1,99,,64385,46,,,1,100,,64390,46,,,1,100,,64407,46,,,1,20,,64396,46,,,1,30,,64384,46,,,1,70,,64400,46,,,1,30,,64393,46,,,1,70,,64412,46,,,1,30,,64386,46,,,1,69,,64392,46,,,1,30,,64394,46,,,1,70,,64381,46,,,1,28,,64399,46,,,1,70,,64397,46,,,1
5901,'Semaine-0',526,,64498,35,,,1,15,,64534,35,,,1,15,,64507,35,,,1,55,,64528,34,,,1,17,,64508,34,,,1,14,,64497,34,,,1,13,,64499,34,,,1,55,,64502,34,,,1,10,,64537,12,,,1,8,,64505,34,,,1,7,,64538,12,,,1,8,,64506,34,,,1,7,,64539,12,,,1,51,,64501,34,,,1,7,,64495,12,,,1,5,,64530,34,,,1,19,,64516,34,,,1,12,,64521,34,,,1,13,,64511,34,,,1,55,,64496,34,,,1,16,,64514,34,,,1,27,,64540,34,,,1,70,,64535,35,,,1,30,,64522,35,,,1,70,,64504,35,,,1,30,,64515,35,,,1,70,,64518,35,,,1,30,,64503,35,,,1,70,,64532,35,,,1,30,,64494,35,,,1,70,,64536,35,,,1,30,,64526,35,,,1,76,,64529,35,,,1,100,,64533,35,,,1,100,,64513,35,,,1,99,,64520,35,,,1,75,,64525,35,,,1,30,,64512,35,,,1,70,,64519,35,,,1,30,,64524,35,,,1,69,,64531,35,,,1,30,,64509,35,,,1,70,,64527,35,,,1,30,,64517,35,,,1,70,,64500,35,,,1,30,,64510,35,,,1,70,,64523,35,,,1
32901,'Semaine-0',1656,,65575,42,0,7 8,1
65501,'Semaine-0',1526,,65873,34,0,9 10,1
72901,'Semaine-0',825,,65878,27,0,5 11,2
74001,'Semaine-0',833,,65882,48,0,5 11,2,2,,65883,48,0,5 11,1
80000,'Semaine-0',609,,65923,38,,,1,32,,65909,38,,,1,71,,65899,38,,,1,15,,65898,38,,,1,16,,65919,38,,,1,70,,65910,38,,,1,18,,65896,38,,,1,69,,65915,38,,,1,30,,65900,39,,,1,70,,65917,39,,,1,30,,65912,39,,,1,29,,65926,39,,,1,70,,65893,39,,,1,30,,65914,39,,,1,70,,65904,39,,,1,71,,65920,39,,,1,29,,65913,39,,,1,30,,65924,39,,,1,71,,65903,39,,,1,29,,65918,39,,,1,74,,65916,39,,,1,70,,65905,39,,,1,32,,65921,39,,,1,68,,65894,39,,,1,30,,65911,39,,,1,70,,65908,39,,,1,28,,65922,39,,,1,69,,65907,39,,,1,31,,65901,39,,,1,28,,65895,39,,,1,71,,65925,39,,,1,28,,65906,39,,,1,68,,65902,39,,,1,29,,65892,39,,,1,69,,65897,39,,,1,30,,65891,39,,,1
82901,'Semaine-0',759,,65975,15,0,9 12 13,1,41,,65976,15,0,9 12 13,1,1,,65977,15,0,9 12 13,2
