5001,'Semaine-0',1631,,64276,23,,,1,102,,64278,23,,,1,96,,64277,23,,,2
5001,'Semaine-10',1631,,72206,23,,,1,102,,72208,23,,,1,96,,72207,23,,,2
5001,'Semaine-11',1631,,74737,23,,,1,102,,74739,23,,,1,96,,74738,23,,,2
44901,'Semaine-0',1520,,65837,25,0,9 14,1
44901,'Semaine-10',1520,,73767,25,0,9 14,1
44901,'Semaine-11',1520,,76298,25,0,9 14,1
54901,'Semaine-0',1541,,65839,26,,,1
54901,'Semaine-10',1541,,73769,26,,,1
54901,'Semaine-11',1541,,76300,26,,,1
55001,'Semaine-0',1543,,65844,21,0,5 6,1
55001,'Semaine-10',1543,,73774,21,0,5 6,1
55001,'Semaine-11',1543,,76305,21,0,5 6,1
63901,'Semaine-0',720,,65858,36,0,9 10,1
63901,'Semaine-10',720,,73788,36,0,9 10,1
63901,'Semaine-11',720,,76319,36,0,9 10,1
