4100,'Semaine-0',1602,,64164,52,,,1,32,,64166,52,,,1,76,,64165,52,,,2,23,,64163,52,,,1,69,,64167,52,,,1
4100,'Semaine-10',1602,,72094,52,,,1,32,,72096,52,,,1,76,,72095,52,,,2,23,,72093,52,,,1,69,,72097,52,,,1
4100,'Semaine-11',1602,,74625,52,,,1,32,,74627,52,,,1,76,,74626,52,,,2,23,,74624,52,,,1,69,,74628,52,,,1
64100,'Semaine-0',732,,65864,15,0,9 10,2
64100,'Semaine-10',732,,73794,15,0,9 10,2
64100,'Semaine-11',732,,76325,15,0,9 10,2
80001,'Samedi-0',652,,68111,55,,,1,101,,68113,55,,,1,101,,68114,55,,,1,100,,68117,55,,,1,102,,68112,55,,,1,100,,68115,55,,,1,102,,68118,55,,,1,101,,68116,55,,,1,100,,68119,55,,,1,100,,68120,55,,,1,100,,68121,55,,,2,142,,68122,55,,,1,56,,68125,55,,,1,98,,68123,55,,,1,100,,68124,55,,,1,100,,68126,55,,,1,97,,68127,55,,,1
80001,'Samedi-10',652,,77512,55,,,1,101,,77514,55,,,1,101,,77515,55,,,1,100,,77518,55,,,1,102,,77513,55,,,1,100,,77516,55,,,1,102,,77519,55,,,1,101,,77517,55,,,1,100,,77520,55,,,1,100,,77521,55,,,1,100,,77522,55,,,2,142,,77523,55,,,1,56,,77526,55,,,1,98,,77524,55,,,1,100,,77525,55,,,1,100,,77527,55,,,1,97,,77528,55,,,1
80001,'Samedi-11',652,,71367,55,,,1,101,,71369,55,,,1,101,,71370,55,,,1,100,,71373,55,,,1,102,,71368,55,,,1,100,,71371,55,,,1,102,,71374,55,,,1,101,,71372,55,,,1,100,,71375,55,,,1,100,,71376,55,,,1,100,,71377,55,,,2,142,,71378,55,,,1,56,,71381,55,,,1,98,,71379,55,,,1,100,,71380,55,,,1,100,,71382,55,,,1,97,,71383,55,,,1
80001,'Dimanche-0',652,,69209,55,,,1,101,,69211,55,,,1,101,,69213,55,,,1,100,,69210,55,,,1,102,,69212,55,,,1,100,,69214,55,,,1,102,,69215,55,,,1,101,,69216,55,,,1,100,,69219,55,,,1,100,,69217,55,,,1,100,,69218,55,,,2,142,,69221,55,,,1,56,,69222,55,,,1,98,,69220,55,,,1,100,,69223,55,,,1,100,,69224,55,,,1,97,,69225,55,,,1
80001,'Dimanche-10',652,,70288,55,,,1,101,,70290,55,,,1,101,,70292,55,,,1,100,,70289,55,,,1,102,,70291,55,,,1,100,,70293,55,,,1,102,,70294,55,,,1,101,,70295,55,,,1,100,,70298,55,,,1,100,,70296,55,,,1,100,,70297,55,,,2,142,,70300,55,,,1,56,,70301,55,,,1,98,,70299,55,,,1,100,,70302,55,,,1,100,,70303,55,,,1,97,,70304,55,,,1
80001,'Dimanche-11',652,,68128,55,,,1,101,,68130,55,,,1,101,,68132,55,,,1,100,,68129,55,,,1,102,,68131,55,,,1,100,,68133,55,,,1,102,,68134,55,,,1,101,,68135,55,,,1,100,,68138,55,,,1,100,,68136,55,,,1,100,,68137,55,,,2,142,,68140,55,,,1,56,,68141,55,,,1,98,,68139,55,,,1,100,,68142,55,,,1,100,,68143,55,,,1,97,,68144,55,,,1
80001,'Semaine-0',647,,65948,55,,,1,68,,65941,55,,,1,38,,65949,55,,,1,67,,65933,55,,,1,31,,65931,55,,,1,67,,65938,55,,,1,27,,65944,55,,,1,70,,65956,55,,,1,30,,65947,55,,,2,70,,65939,55,,,1,30,,65953,55,,,1,70,,65927,55,,,1,30,,65961,55,,,1,70,,65959,55,,,1,34,,65929,55,,,1,70,,65952,55,,,1,30,,65943,55,,,1,70,,65950,55,,,1,36,,65960,55,,,1,69,,65945,55,,,1,17,,65955,55,,,1,62,,65957,55,,,1,24,,65954,55,,,1,27,,65946,55,,,1,70,,65936,55,,,1,25,,65934,55,,,1,67,,65928,55,,,1,29,,65958,55,,,1,71,,65940,55,,,1,27,,65937,55,,,1,70,,65942,55,,,1,29,,65930,55,,,1,70,,65951,55,,,1,31,,65932,55,,,1,70,,65935,55,,,1
80001,'Semaine-10',647,,73878,55,,,1,68,,73871,55,,,1,38,,73879,55,,,1,67,,73863,55,,,1,31,,73861,55,,,1,67,,73868,55,,,1,27,,73874,55,,,1,70,,73886,55,,,1,30,,73877,55,,,2,70,,73869,55,,,1,30,,73883,55,,,1,70,,73857,55,,,1,30,,73891,55,,,1,70,,73889,55,,,1,34,,73859,55,,,1,70,,73882,55,,,1,30,,73873,55,,,1,70,,73880,55,,,1,36,,73890,55,,,1,69,,73875,55,,,1,17,,73885,55,,,1,62,,73887,55,,,1,24,,73884,55,,,1,27,,73876,55,,,1,70,,73866,55,,,1,25,,73864,55,,,1,67,,73858,55,,,1,29,,73888,55,,,1,71,,73870,55,,,1,27,,73867,55,,,1,70,,73872,55,,,1,29,,73860,55,,,1,70,,73881,55,,,1,31,,73862,55,,,1,70,,73865,55,,,1
80001,'Semaine-11',647,,76409,55,,,1,68,,76402,55,,,1,38,,76410,55,,,1,67,,76394,55,,,1,31,,76392,55,,,1,67,,76399,55,,,1,27,,76405,55,,,1,70,,76417,55,,,1,30,,76408,55,,,2,70,,76400,55,,,1,30,,76414,55,,,1,70,,76388,55,,,1,30,,76422,55,,,1,70,,76420,55,,,1,34,,76390,55,,,1,70,,76413,55,,,1,30,,76404,55,,,1,70,,76411,55,,,1,36,,76421,55,,,1,69,,76406,55,,,1,17,,76416,55,,,1,62,,76418,55,,,1,24,,76415,55,,,1,27,,76407,55,,,1,70,,76397,55,,,1,25,,76395,55,,,1,67,,76389,55,,,1,29,,76419,55,,,1,71,,76401,55,,,1,27,,76398,55,,,1,70,,76403,55,,,1,29,,76391,55,,,1,70,,76412,55,,,1,31,,76393,55,,,1,70,,76396,55,,,1
