4001,'Semaine-0',623,,64160,39,,,1,30,,64159,39,,,1,72,,64162,39,,,1,33,,64158,39,,,2,67,,64157,39,,,1,27,,64161,39,,,1
4101,'Semaine-0',645,,64170,30,,,1,73,,64171,30,,,1,35,,64172,30,,,1,65,,64169,30,,,2,29,,64168,30,,,1
4501,'Semaine-0',612,,64184,33,,,1,30,,64183,33,,,1,72,,64187,33,,,2,30,,64186,33,,,1,73,,64185,33,,,1,28,,64188,33,,,1
4701,'Semaine-0',625,,64194,26,,,2,85,,64193,26,,,1,49,,64192,26,,,1,67,,64195,26,,,1
5501,'Semaine-0',527,,64382,37,,,1,14,,64389,37,,,1,14,,64388,37,,,1,58,,64372,37,,,1,15,,64410,37,,,1,22,,64409,37,,,1,8,,64369,37,,,1,52,,64414,37,,,1,15,,64395,37,,,1,14,,64403,37,,,1,16,,64373,37,,,1,48,,64377,37,,,1,12,,64375,37,,,1,9,,64404,37,,,1,6,,64406,37,,,1,14,,64383,37,,,1,68,,64387,37,,,1,12,,64374,37,,,1,11,,64408,37,,,1,69,,64401,37,,,1,23,,64413,4,,,1,8,,64405,37,,,1,69,,64371,37,,,1,30,,64378,37,,,1,70,,64391,37,,,1,30,,64402,37,,,1,70,,64398,37,,,1,30,,64379,37,,,1,70,,64411,37,,,1,30,,64370,37,,,1,70,,64376,37,,,1,50,,64380,37,,,1,100,,64385,37,,,1,100,,64390,37,,,1,100,,64407,37,,,1,60,,64396,37,,,1,30,,64384,37,,,1,70,,64400,37,,,1,30,,64393,37,,,1,70,,64412,37,,,1,30,,64386,37,,,1,69,,64392,37,,,1,31,,64394,37,,,1,70,,64381,37,,,1,30,,64399,37,,,1,70,,64397,37,,,1
5600,'Semaine-0',640,,64421,24,,,1,64,,64419,24,,,1,6,,64423,24,,,1,31,,64422,24,,,1,71,,64416,24,,,1,100,,64415,24,,,1,109,,64417,24,,,1,98,,64420,24,,,2,100,,64418,24,,,1
5801,'Semaine-0',604,,64441,25,,,1,32,,64445,25,,,1,71,,64443,25,,,1,31,,64442,25,,,1,70,,64439,25,,,1,30,,64444,25,,,1,800,,64440,25,,,1
5901,'Semaine-0',521,,64498,26,,,1,15,,64534,26,,,1,15,,64507,26,,,1,55,,64528,26,,,1,15,,64508,26,,,1,14,,64497,26,,,1,13,,64499,26,,,1,55,,64502,26,,,1,10,,64537,4,,,1,8,,64505,26,,,1,7,,64538,4,,,1,8,,64506,26,,,1,7,,64539,4,,,1,11,,64501,26,,,1,47,,64495,4,,,1,5,,64530,26,,,1,19,,64516,26,,,1,13,,64521,26,,,1,13,,64511,26,,,1,55,,64496,26,,,1,16,,64514,26,,,1,27,,64540,26,,,1,70,,64535,26,,,1,30,,64522,26,,,1,70,,64504,26,,,1,30,,64515,26,,,1,70,,64518,26,,,1,30,,64503,26,,,1,70,,64532,26,,,1,30,,64494,26,,,1,70,,64536,26,,,1,30,,64526,26,,,1,75,,64529,26,,,1,100,,64533,26,,,1,100,,64513,26,,,1,100,,64520,26,,,1,35,,64525,26,,,1,70,,64512,26,,,1,30,,64519,26,,,1,70,,64524,26,,,1,30,,64531,26,,,1,70,,64509,26,,,1,30,,64527,26,,,1,70,,64517,26,,,1,30,,64500,26,,,1,70,,64510,26,,,1,30,,64523,26,,,1
55400,'Semaine-0',703,,65846,14,0,5 6,2
65501,'Semaine-0',1520,,65873,25,0,9 10,1
74001,'Semaine-0',827,,65882,40,0,5 11,2,2,,65883,40,0,5 11,1
80000,'Semaine-0',603,,65923,30,,,1,31,,65909,30,,,1,71,,65899,30,,,1,15,,65898,30,,,1,15,,65919,30,,,1,71,,65910,30,,,1,18,,65896,30,,,1,30,,65915,30,,,1,70,,65900,30,,,1,30,,65917,30,,,1,70,,65912,30,,,1,29,,65926,30,,,1,70,,65893,30,,,1,30,,65914,30,,,1,70,,65904,30,,,1,31,,65920,30,,,1,69,,65913,30,,,1,30,,65924,30,,,1,71,,65903,30,,,1,29,,65918,30,,,1,73,,65916,30,,,1,30,,65905,30,,,1,72,,65921,30,,,1,28,,65894,30,,,1,70,,65911,30,,,1,30,,65908,30,,,1,69,,65922,30,,,1,29,,65907,30,,,1,71,,65901,30,,,1,28,,65895,30,,,1,71,,65925,30,,,1,29,,65906,30,,,1,68,,65902,30,,,1,30,,65892,30,,,1,69,,65897,30,,,1,30,,65891,30,,,1
