3300,'Semaine-0',643,,63741,28,,,1,60,,63740,28,,,1,19,,63747,28,,,1,34,,63720,28,,,1,53,,63734,28,,,1,20,,63742,28,,,1,16,,63755,28,,,1,57,,63748,28,,,1,27,,63732,28,,,1,27,,63750,28,,,1,71,,63735,28,,,1,78,,63725,28,,,1,21,,63744,28,,,1,20,,63730,28,,,1,60,,63737,28,,,1,20,,63726,28,,,1,22,,63752,28,,,1,58,,63733,28,,,1,20,,63754,28,,,1,32,,63739,28,,,1,70,,63727,28,,,1,20,,63749,28,,,1,60,,63745,28,,,1,21,,63738,28,,,1,23,,63717,28,,,1,61,,63729,28,,,1,12,,63736,28,,,1,13,,63753,28,,,1,17,,63751,28,,,1,65,,63746,28,,,1,20,,63724,28,,,1,19,,63723,28,,,1,55,,63728,28,,,1,18,,63716,28,,,1,18,,63721,28,,,1,81,,63756,28,,,1,73,,63731,28,,,1,98,,63722,28,,,1,102,,63718,28,,,1,100,,63743,28,,,2,100,,63757,28,,,1,103,,63719,28,,,1
3500,'Semaine-0',653,,63886,37,0,15 16,1,77,,63861,37,0,15 16,2,23,,63871,37,0,15 16,1,63,,63889,37,0,15 16,1,15,,63879,37,0,15 16,1,20,,63894,37,0,15 16,1,60,,63891,37,0,15 16,1,23,,63884,37,0,15 16,1,21,,63890,37,0,15 16,1,70,,63869,37,0,15 16,1,26,,63882,37,0,15 16,1,74,,63863,37,0,15 16,1,28,,63867,37,0,15 16,1,70,,63877,37,0,15 16,2,32,,63862,37,0,15 16,1,70,,63872,37,0,15 16,1,30,,63893,37,0,15 16,2,70,,63880,37,0,15 16,1,30,,63864,37,0,15 16,2,76,,63876,37,,,2,74,,63878,37,0,15 16,1,19,,63870,30,0,15 16,1,19,,63881,37,,,1,13,,63875,30,0,15 16,1,57,,63885,37,,,1,23,,63887,37,0,15 16,1,70,,63868,37,,,1,24,,63866,37,0,15 16,1,28,,63895,37,,,1,66,,63883,37,0,15 16,1,30,,63873,30,0,15 16,1,70,,63874,37,,,1,100,,63888,37,,,1,100,,63892,37,,,1,100,,63865,37,0,15 16,1
4900,'Semaine-0',710,,64225,57,,,1,17,,64220,44,,,1,3,,64232,44,,,1,4,,64208,44,,,1,7,,64231,44,,,1,3,,64236,57,,,1,5,,64235,44,,,1,4,,64234,44,,,1,5,,64233,44,,,1,60,,64228,57,,,1,24,,64224,44,,,1,1,,64229,57,,,1,72,,64223,57,,,1,30,,64218,57,,,1,68,,64210,57,,,1,31,,64230,57,,,1,73,,64226,57,,,1,30,,64221,57,,,1,70,,64198,57,,,1,30,,64219,57,,,1,70,,64200,57,,,1,30,,64205,57,,,1,70,,64207,57,,,1,30,,64211,57,,,1,70,,64227,57,,,1,38,,64209,57,,,1,70,,64212,57,,,1,30,,64203,57,,,1,70,,64215,57,,,1,30,,64206,57,,,1,66,,64204,57,,,1,30,,64222,57,,,1,66,,64216,57,,,1,96,,64199,57,,,1,99,,64217,57,,,1,100,,64214,57,,,1,97,,64201,57,,,1,97,,64213,57,,,1,100,,64202,57,,,1
5000,'Semaine-0',709,,64273,45,,,1,26,,64271,45,,,1,8,,64272,24,,,2,65,,64274,45,,,2,30,,64270,45,,,1,105,,64275,45,,,1
5600,'Semaine-0',706,,64421,48,,,1,31,,64419,48,,,1,6,,64423,48,,,1,65,,64422,48,,,1,31,,64416,48,,,1,100,,64415,48,,,1,105,,64417,48,,,1,100,,64420,48,,,2,100,,64418,48,,,1
42500,'Semaine-0',733,,65817,34,0,9 14,1,2,,65818,34,0,9 14,2
42600,'Semaine-0',736,,65820,15,0,9 14,1,1,,65821,15,0,9 14,1
42900,'Semaine-0',737,,65823,21,0,9 14,1,2,,65824,21,0,9 14,2
44900,'Semaine-0',739,,65836,35,0,9 14,1
56600,'Semaine-0',1525,,65849,8,0,5 6,1
73300,'Semaine-0',1637,,65879,25,,,1
83300,'Semaine-0',1539,,65983,15,0,9 12 13,1
