4100,'Semaine-0',1552,,64164,39,,,1,71,,64166,39,,,1,35,,64165,39,,,2,64,,64163,39,,,1,29,,64167,39,,,1
4901,'Samedi-0',751,,66600,47,,,1,100,,66599,47,,,1,100,,66601,47,,,1,102,,66597,47,,,1,100,,66602,47,,,1,102,,66598,47,,,1,100,,66603,47,,,1,100,,66604,47,,,1,100,,66605,47,,,1,100,,66606,47,,,1,100,,66607,47,,,1,97,,66608,47,,,1,100,,66609,47,,,1,100,,66610,47,,,1,100,,66611,47,,,1,98,,66612,47,,,1,100,,66613,47,,,1
4901,'Dimanche-0',751,,68465,47,,,1,100,,68454,47,,,1,100,,68464,47,,,1,102,,68457,47,,,1,100,,68453,47,,,1,102,,68452,47,,,1,100,,68455,47,,,1,100,,68456,47,,,1,100,,68459,47,,,1,100,,68458,47,,,1,100,,68462,47,,,1,97,,68461,47,,,1,100,,68463,47,,,1,100,,68460,47,,,1,100,,68466,47,,,1,98,,68467,47,,,1,100,,68468,47,,,1
4901,'Dimanche-11',751,,66627,47,,,1,100,,66616,47,,,1,100,,66626,47,,,1,102,,66619,47,,,1,100,,66615,47,,,1,102,,66614,47,,,1,100,,66617,47,,,1,100,,66618,47,,,1,100,,66621,47,,,1,100,,66620,47,,,1,100,,66624,47,,,1,97,,66623,47,,,1,100,,66625,47,,,1,100,,66622,47,,,1,100,,66628,47,,,1,98,,66629,47,,,1,100,,66630,47,,,1
4901,'Semaine-0',635,,64243,47,,,1,89,,64248,47,,,1,31,,64264,47,,,1,73,,64260,47,,,1,30,,64258,47,,,1,66,,64268,47,,,1,28,,64250,47,,,1,69,,64266,47,,,1,29,,64262,47,,,1,72,,64237,47,,,1,30,,64259,47,,,1,70,,64238,47,,,1,30,,64244,47,,,1,70,,64246,47,,,1,30,,64251,47,,,1,69,,64267,47,,,1,32,,64249,47,,,1,71,,64269,47,,,1,25,,64265,47,,,1,52,,64252,47,,,1,15,,64239,47,,,1,15,,64255,47,,,1,70,,64245,47,,,1,26,,64247,47,,,1,29,,64263,47,,,1,66,,64257,47,,,1,30,,64261,47,,,1,94,,64240,47,,,1,80,,64256,47,,,1,101,,64254,47,,,1,95,,64241,47,,,1,100,,64253,47,,,1,96,,64242,47,,,1
5900,'Samedi-0',736,,66845,40,,,1,70,,66848,40,,,1,30,,66841,40,,,1,70,,66847,40,,,1,30,,66844,40,,,1,70,,66849,40,,,1,30,,66853,40,,,1,70,,66854,40,,,1,30,,66843,40,,,1,70,,66842,40,,,1,31,,66852,40,,,1,71,,66846,40,,,1,30,,66850,40,,,1,71,,66855,40,,,1,30,,66851,40,,,1,70,,66856,40,,,1,30,,66857,40,,,1,69,,66858,40,,,1,30,,66859,40,,,1,73,,66860,40,,,1,28,,66861,40,,,1,70,,66862,40,,,1,29,,66863,40,,,1,70,,66864,40,,,1,30,,66865,40,,,1,68,,66867,40,,,1,30,,66866,40,,,1,70,,66869,40,,,1,30,,66868,40,,,1,69,,66870,40,,,1,30,,66871,40,,,1,70,,66873,40,,,1,30,,66872,40,,,1,70,,66874,40,,,1
5900,'Dimanche-0',736,,68579,40,,,1,70,,68578,40,,,1,30,,68574,40,,,1,70,,68583,40,,,1,30,,68589,40,,,1,70,,68580,40,,,1,30,,68587,40,,,1,70,,68582,40,,,1,30,,68588,40,,,1,70,,68575,40,,,1,31,,68586,40,,,1,71,,68576,40,,,1,30,,68584,40,,,1,71,,68590,40,,,1,30,,68577,40,,,1,70,,68581,40,,,1,30,,68585,40,,,1,69,,68594,40,,,1,30,,68595,40,,,1,73,,68592,40,,,1,28,,68597,40,,,1,70,,68593,40,,,1,29,,68599,40,,,1,70,,68591,40,,,1,30,,68596,40,,,1,68,,68600,40,,,1,30,,68598,40,,,1,70,,68601,40,,,1,30,,68602,40,,,1,69,,68603,40,,,1,30,,68604,40,,,1,70,,68606,40,,,1,30,,68605,40,,,1,70,,68607,40,,,1
5900,'Dimanche-11',736,,66880,40,,,1,70,,66879,40,,,1,30,,66875,40,,,1,70,,66884,40,,,1,30,,66890,40,,,1,70,,66881,40,,,1,30,,66888,40,,,1,70,,66883,40,,,1,30,,66889,40,,,1,70,,66876,40,,,1,31,,66887,40,,,1,71,,66877,40,,,1,30,,66885,40,,,1,71,,66891,40,,,1,30,,66878,40,,,1,70,,66882,40,,,1,30,,66886,40,,,1,69,,66895,40,,,1,30,,66896,40,,,1,73,,66893,40,,,1,28,,66898,40,,,1,70,,66894,40,,,1,29,,66900,40,,,1,70,,66892,40,,,1,30,,66897,40,,,1,68,,66901,40,,,1,30,,66899,40,,,1,70,,66902,40,,,1,30,,66903,40,,,1,69,,66904,40,,,1,30,,66905,40,,,1,70,,66907,40,,,1,30,,66906,40,,,1,70,,66908,40,,,1
5900,'Semaine-0',621,,64453,40,,,1,98,,64488,40,,,1,88,,64493,40,,,1,48,,64469,40,,,1,82,,64465,40,,,1,68,,64486,40,,,1,30,,64462,40,,,1,70,,64485,40,,,1,30,,64476,40,,,1,70,,64470,40,,,1,33,,64478,40,,,1,70,,64461,40,,,1,30,,64489,40,,,1,70,,64452,40,,,1,31,,64483,40,,,1,14,,64454,40,,,1,58,,64487,40,,,1,31,,64447,40,,,1,14,,64491,40,,,1,55,,64446,40,,,1,8,,64481,40,,,1,17,,64477,40,,,1,7,,64490,35,,,1,6,,64464,40,,,1,53,,64448,40,,,1,6,,64492,35,,,1,6,,64449,40,,,1,12,,64457,40,,,1,9,,64484,40,,,1,12,,64473,40,,,1,11,,64460,40,,,1,49,,64482,40,,,1,10,,64468,40,,,1,12,,64480,40,,,1,9,,64450,40,,,1,11,,64455,40,,,1,71,,64475,40,,,1,29,,64466,40,,,1,70,,64471,40,,,1,30,,64459,40,,,1,70,,64467,40,,,1,30,,64472,40,,,1,67,,64479,40,,,1,30,,64456,40,,,1,70,,64474,40,,,1,28,,64463,40,,,1,70,,64451,40,,,1,28,,64458,40,,,1
64100,'Semaine-0',722,,65864,2,0,9 10,2
80001,'Samedi-0',644,,68111,42,,,1,101,,68113,42,,,1,101,,68114,42,,,1,100,,68117,42,,,1,101,,68112,42,,,1,100,,68115,42,,,1,102,,68118,42,,,1,100,,68116,42,,,1,100,,68119,42,,,1,100,,68120,42,,,1,100,,68121,42,,,2,102,,68122,42,,,1,97,,68125,42,,,1,99,,68123,42,,,1,100,,68124,42,,,1,100,,68126,42,,,1,97,,68127,42,,,1
80001,'Dimanche-0',644,,69209,42,,,1,101,,69211,42,,,1,101,,69213,42,,,1,100,,69210,42,,,1,101,,69212,42,,,1,100,,69214,42,,,1,102,,69215,42,,,1,100,,69216,42,,,1,100,,69219,42,,,1,100,,69217,42,,,1,100,,69218,42,,,2,102,,69221,42,,,1,97,,69222,42,,,1,99,,69220,42,,,1,100,,69223,42,,,1,100,,69224,42,,,1,97,,69225,42,,,1
80001,'Dimanche-11',644,,68128,42,,,1,101,,68130,42,,,1,101,,68132,42,,,1,100,,68129,42,,,1,101,,68131,42,,,1,100,,68133,42,,,1,102,,68134,42,,,1,100,,68135,42,,,1,100,,68138,42,,,1,100,,68136,42,,,1,100,,68137,42,,,2,102,,68140,42,,,1,97,,68141,42,,,1,99,,68139,42,,,1,100,,68142,42,,,1,100,,68143,42,,,1,97,,68144,42,,,1
80001,'Semaine-0',639,,65948,42,,,1,68,,65941,42,,,1,35,,65949,42,,,1,69,,65933,42,,,1,32,,65931,42,,,1,67,,65938,42,,,1,27,,65944,42,,,1,70,,65956,42,,,1,30,,65947,42,,,2,70,,65939,42,,,1,30,,65953,42,,,1,70,,65927,42,,,1,30,,65961,42,,,1,70,,65959,42,,,1,34,,65929,42,,,1,70,,65952,42,,,1,30,,65943,42,,,1,70,,65950,42,,,1,35,,65960,42,,,1,69,,65945,42,,,1,17,,65955,42,,,1,22,,65957,42,,,1,64,,65954,42,,,1,27,,65946,42,,,1,70,,65936,42,,,1,25,,65934,42,,,1,67,,65928,42,,,1,29,,65958,42,,,1,72,,65940,42,,,1,27,,65937,42,,,1,70,,65942,42,,,1,29,,65930,42,,,1,70,,65951,42,,,1,32,,65932,42,,,1,70,,65935,42,,,1
