6601,'Samedi-0',641,,67153,2,,,1,100,,67155,2,,,1,100,,67159,2,,,1,100,,67156,2,,,1,100,,67160,2,,,1,100,,67154,2,,,1,100,,67157,2,,,1,100,,67158,2,,,1,100,,67161,2,,,1,100,,67162,2,,,1,100,,67163,2,,,1,100,,67164,2,,,1,100,,67165,2,,,1,100,,67167,2,,,1,100,,67166,2,,,1,100,,67168,2,,,1,100,,67169,2,,,1,100,,67170,2,,,1
6601,'Samedi-11',641,,70888,2,,,1,100,,70890,2,,,1,100,,70894,2,,,1,100,,70891,2,,,1,100,,70895,2,,,1,100,,70889,2,,,1,100,,70892,2,,,1,100,,70893,2,,,1,100,,70896,2,,,1,100,,70897,2,,,1,100,,70898,2,,,1,100,,70899,2,,,1,100,,70900,2,,,1,100,,70902,2,,,1,100,,70901,2,,,1,100,,70903,2,,,1,100,,70904,2,,,1,100,,70905,2,,,1
6601,'Dimanche-0',641,,68731,2,,,1,100,,68735,2,,,1,100,,68736,2,,,1,100,,68737,2,,,1,100,,68730,2,,,1,100,,68732,2,,,1,100,,68733,2,,,1,100,,68734,2,,,1,100,,68739,2,,,1,100,,68738,2,,,1,100,,68742,2,,,1,100,,68740,2,,,1,100,,68743,2,,,1,100,,68741,2,,,1,100,,68744,2,,,1,100,,68745,2,,,1,100,,68746,2,,,1,100,,68747,2,,,1
6601,'Dimanche-10',641,,69810,2,,,1,100,,69814,2,,,1,100,,69815,2,,,1,100,,69816,2,,,1,100,,69809,2,,,1,100,,69811,2,,,1,100,,69812,2,,,1,100,,69813,2,,,1,100,,69818,2,,,1,100,,69817,2,,,1,100,,69821,2,,,1,100,,69819,2,,,1,100,,69822,2,,,1,100,,69820,2,,,1,100,,69823,2,,,1,100,,69824,2,,,1,100,,69825,2,,,1,100,,69826,2,,,1
6601,'Dimanche-11',641,,67172,2,,,1,100,,67176,2,,,1,100,,67177,2,,,1,100,,67178,2,,,1,100,,67171,2,,,1,100,,67173,2,,,1,100,,67174,2,,,1,100,,67175,2,,,1,100,,67180,2,,,1,100,,67179,2,,,1,100,,67183,2,,,1,100,,67181,2,,,1,100,,67184,2,,,1,100,,67182,2,,,1,100,,67185,2,,,1,100,,67186,2,,,1,100,,67187,2,,,1,100,,67188,2,,,1
6601,'Semaine-0',532,,64775,2,,,2,20,,64768,2,,,1,58,,64777,2,,,1,21,,64783,2,,,2,20,,64778,2,,,2,61,,64769,2,,,1,23,,64781,2,,,2,19,,64774,2,,,1,58,,64790,2,,,1,21,,64767,2,,,1,19,,64780,2,,,1,58,,64791,2,,,1,20,,64799,2,,,1,100,,64779,2,,,1,100,,64771,2,,,1,100,,64795,2,,,1,100,,64796,2,,,1,100,,64782,2,,,2,22,,64770,2,,,1,59,,64787,2,,,2,19,,64784,2,,,1,24,,64797,2,,,1,62,,64766,2,,,1,19,,64792,2,,,1,20,,64785,2,,,1,60,,64798,2,,,1,18,,64788,2,,,2,24,,64793,2,,,2,60,,64786,2,,,1,18,,64794,2,,,1,21,,64800,2,,,2,94,,64773,2,,,2,100,,64772,2,,,1,95,,64776,2,,,1,100,,64789,2,,,1
6601,'Semaine-10',532,,72705,2,,,2,20,,72698,2,,,1,58,,72707,2,,,1,21,,72713,2,,,2,20,,72708,2,,,2,61,,72699,2,,,1,23,,72711,2,,,2,19,,72704,2,,,1,58,,72720,2,,,1,21,,72697,2,,,1,19,,72710,2,,,1,58,,72721,2,,,1,20,,72729,2,,,1,100,,72709,2,,,1,100,,72701,2,,,1,100,,72725,2,,,1,100,,72726,2,,,1,100,,72712,2,,,2,22,,72700,2,,,1,59,,72717,2,,,2,19,,72714,2,,,1,24,,72727,2,,,1,62,,72696,2,,,1,19,,72722,2,,,1,20,,72715,2,,,1,60,,72728,2,,,1,18,,72718,2,,,2,24,,72723,2,,,2,60,,72716,2,,,1,18,,72724,2,,,1,21,,72730,2,,,2,94,,72703,2,,,2,100,,72702,2,,,1,95,,72706,2,,,1,100,,72719,2,,,1
6601,'Semaine-11',532,,75236,2,,,2,20,,75229,2,,,1,58,,75238,2,,,1,21,,75244,2,,,2,20,,75239,2,,,2,61,,75230,2,,,1,23,,75242,2,,,2,19,,75235,2,,,1,58,,75251,2,,,1,21,,75228,2,,,1,19,,75241,2,,,1,58,,75252,2,,,1,20,,75260,2,,,1,100,,75240,2,,,1,100,,75232,2,,,1,100,,75256,2,,,1,100,,75257,2,,,1,100,,75243,2,,,2,22,,75231,2,,,1,59,,75248,2,,,2,19,,75245,2,,,1,24,,75258,2,,,1,62,,75227,2,,,1,19,,75253,2,,,1,20,,75246,2,,,1,60,,75259,2,,,1,18,,75249,2,,,2,24,,75254,2,,,2,60,,75247,2,,,1,18,,75255,2,,,1,21,,75261,2,,,2,94,,75234,2,,,2,100,,75233,2,,,1,95,,75237,2,,,1,100,,75250,2,,,1
8500,'Semaine-0',1537,,65367,22,,,1,16,,65362,22,,,2,55,,65359,22,,,1,17,,65368,22,,,2,14,,65358,22,,,1,14,,65361,22,,,1,57,,65366,22,,,1,14,,65364,22,,,1,18,,65363,22,,,2,61,,65360,22,,,1,17,,65365,22,,,2
8500,'Semaine-10',1537,,73297,22,,,1,16,,73292,22,,,2,55,,73289,22,,,1,17,,73298,22,,,2,14,,73288,22,,,1,14,,73291,22,,,1,57,,73296,22,,,1,14,,73294,22,,,1,18,,73293,22,,,2,61,,73290,22,,,1,17,,73295,22,,,2
8500,'Semaine-11',1537,,75828,22,,,1,16,,75823,22,,,2,55,,75820,22,,,1,17,,75829,22,,,2,14,,75819,22,,,1,14,,75822,22,,,1,57,,75827,22,,,1,14,,75825,22,,,1,18,,75824,22,,,2,61,,75821,22,,,1,17,,75826,22,,,2
57100,'Semaine-0',1539,,65853,26,0,5 6,1
57100,'Semaine-10',1539,,73783,26,0,5 6,1
57100,'Semaine-11',1539,,76314,26,0,5 6,1
