2001,'Semaine-0',1550,,63468,18,,,1,100,,63470,18,,,1,100,,63469,18,,,1
2001,'Semaine-10',1550,,71398,18,,,1,100,,71400,18,,,1,100,,71399,18,,,1
3501,'Semaine-0',555,,63918,25,,,1,80,,63896,25,,,2,22,,63926,25,,,1,63,,63927,36,,,1,15,,63915,25,,,1,20,,63920,36,,,1,60,,63899,25,,,1,23,,63916,25,,,1,62,,63921,25,,,1,30,,63903,25,,,1,70,,63905,25,,,1,30,,63898,25,,,1,28,,63902,25,,,1,70,,63911,25,,,2,72,,63897,25,,,1,30,,63909,25,,,1,70,,63910,25,,,2,30,,63913,25,,,1,70,,63901,25,,,2,31,,63922,25,,,2,69,,63912,25,,,1,35,,63900,25,,,1,72,,63924,25,,,1,28,,63919,25,,,1,71,,63904,25,,,1,26,,63907,25,,,1,70,,63925,25,,,1,27,,63914,25,,,1,100,,63908,25,,,1,100,,63906,25,,,1,100,,63923,25,,,1,100,,63917,25,,,1
3501,'Semaine-10',555,,71848,25,,,1,80,,71826,25,,,2,22,,71856,25,,,1,63,,71857,36,,,1,15,,71845,25,,,1,20,,71850,36,,,1,60,,71829,25,,,1,23,,71846,25,,,1,62,,71851,25,,,1,30,,71833,25,,,1,70,,71835,25,,,1,30,,71828,25,,,1,28,,71832,25,,,1,70,,71841,25,,,2,72,,71827,25,,,1,30,,71839,25,,,1,70,,71840,25,,,2,30,,71843,25,,,1,70,,71831,25,,,2,31,,71852,25,,,2,69,,71842,25,,,1,35,,71830,25,,,1,72,,71854,25,,,1,28,,71849,25,,,1,71,,71834,25,,,1,26,,71837,25,,,1,70,,71855,25,,,1,27,,71844,25,,,1,100,,71838,25,,,1,100,,71836,25,,,1,100,,71853,25,,,1,100,,71847,25,,,1
3801,'Samedi-0',723,,66405,21,,,1,30,,66401,21,,,1,70,,66413,21,,,1,30,,66406,21,,,1,70,,66402,21,,,1,31,,66414,21,,,1,68,,66407,21,,,1,32,,66411,21,,,1,70,,66403,21,,,1,30,,66408,21,,,1,70,,66412,21,,,1,30,,66404,21,,,1,71,,66409,21,,,1,30,,66410,21,,,1,70,,66415,21,,,1,30,,66416,21,,,1,71,,66417,21,,,1,30,,66418,21,,,1,69,,66419,21,,,1,30,,66420,21,,,1,70,,66421,21,,,1,30,,66422,21,,,1,67,,66423,21,,,1,32,,66425,21,,,1,70,,66424,21,,,1,30,,66427,21,,,1,70,,66426,21,,,1,30,,66428,21,,,1,69,,66429,21,,,1,30,,66433,21,,,1,70,,66430,21,,,1,30,,66431,21,,,1,70,,66432,21,,,1
3801,'Samedi-11',723,,70516,21,,,1,30,,70512,21,,,1,70,,70524,21,,,1,30,,70517,21,,,1,70,,70513,21,,,1,31,,70525,21,,,1,68,,70518,21,,,1,32,,70522,21,,,1,70,,70514,21,,,1,30,,70519,21,,,1,70,,70523,21,,,1,30,,70515,21,,,1,71,,70520,21,,,1,30,,70521,21,,,1,70,,70526,21,,,1,30,,70527,21,,,1,71,,70528,21,,,1,30,,70529,21,,,1,69,,70530,21,,,1,30,,70531,21,,,1,70,,70532,21,,,1,30,,70533,21,,,1,67,,70534,21,,,1,32,,70536,21,,,1,70,,70535,21,,,1,30,,70538,21,,,1,70,,70537,21,,,1,30,,70539,21,,,1,69,,70540,21,,,1,30,,70544,21,,,1,70,,70541,21,,,1,30,,70542,21,,,1,70,,70543,21,,,1
3801,'Dimanche-0',723,,68362,21,,,1,30,,68364,21,,,1,70,,68357,21,,,1,30,,68356,21,,,1,70,,68378,21,,,1,31,,68367,21,,,1,68,,68358,21,,,1,32,,68380,21,,,1,70,,68377,21,,,1,30,,68359,21,,,1,70,,68379,21,,,1,30,,68366,21,,,1,71,,68360,21,,,1,30,,68363,21,,,1,70,,68365,21,,,1,30,,68355,21,,,1,71,,68361,21,,,1,30,,68354,21,,,1,69,,68371,21,,,1,30,,68372,21,,,1,70,,68374,21,,,1,30,,68370,21,,,1,67,,68376,21,,,1,32,,68373,21,,,1,70,,68368,21,,,1,30,,68375,21,,,1,70,,68369,21,,,1,30,,68381,21,,,1,69,,68382,21,,,1,30,,68383,21,,,1,70,,68384,21,,,1,30,,68385,21,,,1,70,,68386,21,,,1
3801,'Dimanche-10',723,,69441,21,,,1,30,,69443,21,,,1,70,,69436,21,,,1,30,,69435,21,,,1,70,,69457,21,,,1,31,,69446,21,,,1,68,,69437,21,,,1,32,,69459,21,,,1,70,,69456,21,,,1,30,,69438,21,,,1,70,,69458,21,,,1,30,,69445,21,,,1,71,,69439,21,,,1,30,,69442,21,,,1,70,,69444,21,,,1,30,,69434,21,,,1,71,,69440,21,,,1,30,,69433,21,,,1,69,,69450,21,,,1,30,,69451,21,,,1,70,,69453,21,,,1,30,,69449,21,,,1,67,,69455,21,,,1,32,,69452,21,,,1,70,,69447,21,,,1,30,,69454,21,,,1,70,,69448,21,,,1,30,,69460,21,,,1,69,,69461,21,,,1,30,,69462,21,,,1,70,,69463,21,,,1,30,,69464,21,,,1,70,,69465,21,,,1
3801,'Dimanche-11',723,,66442,21,,,1,30,,66444,21,,,1,70,,66437,21,,,1,30,,66436,21,,,1,70,,66458,21,,,1,31,,66447,21,,,1,68,,66438,21,,,1,32,,66460,21,,,1,70,,66457,21,,,1,30,,66439,21,,,1,70,,66459,21,,,1,30,,66446,21,,,1,71,,66440,21,,,1,30,,66443,21,,,1,70,,66445,21,,,1,30,,66435,21,,,1,71,,66441,21,,,1,30,,66434,21,,,1,69,,66451,21,,,1,30,,66452,21,,,1,70,,66454,21,,,1,30,,66450,21,,,1,67,,66456,21,,,1,32,,66453,21,,,1,70,,66448,21,,,1,30,,66455,21,,,1,70,,66449,21,,,1,30,,66461,21,,,1,69,,66462,21,,,1,30,,66463,21,,,1,70,,66464,21,,,1,30,,66465,21,,,1,70,,66466,21,,,1
3801,'Semaine-0',628,,64066,21,,,1,30,,64038,21,,,1,70,,64065,21,,,1,20,,64076,21,,,1,58,,64072,21,,,1,23,,64054,21,,,1,30,,64074,21,,,1,71,,64061,21,,,1,19,,64044,21,,,1,60,,64070,21,,,1,20,,64055,21,,,1,20,,64047,21,,,1,61,,64062,21,,,1,20,,64045,21,,,1,20,,64069,21,,,1,60,,64075,21,,,1,22,,64048,21,,,1,20,,64077,21,,,1,60,,64063,21,,,1,20,,64068,21,,,1,18,,64056,21,,,1,60,,64049,21,,,1,20,,64064,21,,,1,21,,64078,21,,,1,62,,64051,21,,,1,21,,64057,21,,,1,70,,64071,21,,,1,30,,64046,21,,,1,71,,64053,21,,,1,27,,64043,21,,,1,69,,64079,21,,,1,20,,64040,21,,,1,20,,64073,21,,,1,69,,64042,21,,,1,29,,64052,21,,,1,71,,64060,21,,,1,30,,64067,21,,,1,70,,64050,21,,,1,28,,64058,21,,,1,71,,64059,21,,,1,29,,64039,21,,,1,85,,64041,21,,,1
3801,'Semaine-10',628,,71996,21,,,1,30,,71968,21,,,1,70,,71995,21,,,1,20,,72006,21,,,1,58,,72002,21,,,1,23,,71984,21,,,1,30,,72004,21,,,1,71,,71991,21,,,1,19,,71974,21,,,1,60,,72000,21,,,1,20,,71985,21,,,1,20,,71977,21,,,1,61,,71992,21,,,1,20,,71975,21,,,1,20,,71999,21,,,1,60,,72005,21,,,1,22,,71978,21,,,1,20,,72007,21,,,1,60,,71993,21,,,1,20,,71998,21,,,1,18,,71986,21,,,1,60,,71979,21,,,1,20,,71994,21,,,1,21,,72008,21,,,1,62,,71981,21,,,1,21,,71987,21,,,1,70,,72001,21,,,1,30,,71976,21,,,1,71,,71983,21,,,1,27,,71973,21,,,1,69,,72009,21,,,1,20,,71970,21,,,1,20,,72003,21,,,1,69,,71972,21,,,1,29,,71982,21,,,1,71,,71990,21,,,1,30,,71997,21,,,1,70,,71980,21,,,1,28,,71988,21,,,1,71,,71989,21,,,1,29,,71969,21,,,1,85,,71971,21,,,1
40001,'Samedi-0',642,,67931,13,,,1,15,,67934,13,,,1,55,,67936,13,,,1,15,,67932,13,,,1,15,,67933,13,,,1,15,,67935,13,,,1,55,,67941,13,,,1,15,,67948,13,,,1,15,,67939,13,,,1,15,,67959,13,,,1,55,,67937,13,,,1,16,,67938,13,,,1,15,,67947,13,,,1,15,,67940,13,,,1,55,,67942,13,,,1,15,,67950,13,,,1,15,,67951,13,,,1,15,,67952,13,,,1,55,,67958,13,,,1,15,,67957,13,,,1,15,,67961,13,,,1,15,,67944,13,,,1,56,,67943,13,,,1,15,,67946,13,,,1,15,,67949,13,,,1,15,,67945,13,,,1,55,,67954,13,,,1,15,,67956,13,,,1,15,,67962,13,,,1,15,,67953,13,,,1,55,,67955,13,,,1,15,,67960,13,,,1,15,,67963,13,,,1,15,,67964,13,,,1,55,,67965,13,,,1,15,,67966,13,,,1,15,,67967,13,,,1,15,,67968,13,,,1,55,,67969,13,,,1,15,,67970,13,,,1,16,,67971,13,,,1,14,,67972,13,,,1,55,,67973,13,,,1,15,,67974,13,,,1,15,,67975,13,,,1,15,,67976,13,,,1,55,,67977,13,,,1,15,,67980,13,,,1,13,,67978,13,,,1,16,,67979,13,,,1,56,,67982,13,,,1,15,,67981,13,,,1,15,,67986,13,,,1,15,,67984,13,,,1,54,,67985,13,,,1,15,,67983,13,,,1,15,,67987,13,,,1,15,,67989,13,,,1,55,,67990,13,,,1,15,,67991,13,,,1,15,,67988,13,,,1,15,,67994,13,,,1,55,,67993,13,,,1,15,,67992,13,,,1,15,,67995,13,,,1,15,,67996,13,,,1,55,,67997,13,,,1,15,,67998,13,,,1,15,,68000,13,,,1,15,,67999,13,,,1,55,,68002,13,,,1,15,,68001,13,,,1,15,,68003,13,,,1
40001,'Samedi-11',642,,71277,13,,,1,15,,71280,13,,,1,55,,71282,13,,,1,15,,71278,13,,,1,15,,71279,13,,,1,15,,71281,13,,,1,55,,71287,13,,,1,15,,71294,13,,,1,15,,71285,13,,,1,15,,71305,13,,,1,55,,71283,13,,,1,16,,71284,13,,,1,15,,71293,13,,,1,15,,71286,13,,,1,55,,71288,13,,,1,15,,71296,13,,,1,15,,71297,13,,,1,15,,71298,13,,,1,55,,71304,13,,,1,15,,71303,13,,,1,15,,71307,13,,,1,15,,71290,13,,,1,56,,71289,13,,,1,15,,71292,13,,,1,15,,71295,13,,,1,15,,71291,13,,,1,55,,71300,13,,,1,15,,71302,13,,,1,15,,71308,13,,,1,15,,71299,13,,,1,55,,71301,13,,,1,15,,71306,13,,,1,15,,71309,13,,,1,15,,71310,13,,,1,55,,71311,13,,,1,15,,71312,13,,,1,15,,71313,13,,,1,15,,71314,13,,,1,55,,71315,13,,,1,15,,71316,13,,,1,16,,71317,13,,,1,14,,71318,13,,,1,55,,71319,13,,,1,15,,71320,13,,,1,15,,71321,13,,,1,15,,71322,13,,,1,55,,71323,13,,,1,15,,71326,13,,,1,13,,71324,13,,,1,16,,71325,13,,,1,56,,71328,13,,,1,15,,71327,13,,,1,15,,71332,13,,,1,15,,71330,13,,,1,54,,71331,13,,,1,15,,71329,13,,,1,15,,71333,13,,,1,15,,71335,13,,,1,55,,71336,13,,,1,15,,71337,13,,,1,15,,71334,13,,,1,15,,71340,13,,,1,55,,71339,13,,,1,15,,71338,13,,,1,15,,71341,13,,,1,15,,71342,13,,,1,55,,71343,13,,,1,15,,71344,13,,,1,15,,71346,13,,,1,15,,71345,13,,,1,55,,71348,13,,,1,15,,71347,13,,,1,15,,71349,13,,,1
40001,'Dimanche-0',642,,69119,13,,,1,15,,69126,13,,,1,55,,69127,13,,,1,15,,69121,13,,,1,15,,69120,13,,,1,15,,69125,13,,,1,55,,69136,13,,,1,15,,69139,13,,,1,15,,69122,13,,,1,15,,69131,13,,,1,55,,69128,13,,,1,16,,69145,13,,,1,15,,69148,13,,,1,15,,69129,13,,,1,55,,69137,13,,,1,15,,69152,13,,,1,15,,69141,13,,,1,15,,69157,13,,,1,55,,69130,13,,,1,15,,69146,13,,,1,15,,69147,13,,,1,15,,69142,13,,,1,56,,69158,13,,,1,15,,69151,13,,,1,15,,69132,13,,,1,15,,69140,13,,,1,55,,69134,13,,,1,15,,69144,13,,,1,15,,69153,13,,,1,15,,69138,13,,,1,55,,69133,13,,,1,15,,69150,13,,,1,15,,69123,13,,,1,15,,69155,13,,,1,55,,69124,13,,,1,15,,69143,13,,,1,15,,69154,13,,,1,15,,69135,13,,,1,55,,69163,13,,,1,15,,69149,13,,,1,16,,69166,13,,,1,14,,69156,13,,,1,55,,69170,13,,,1,15,,69164,13,,,1,15,,69172,13,,,1,15,,69168,13,,,1,55,,69174,13,,,1,15,,69159,13,,,1,13,,69165,13,,,1,16,,69160,13,,,1,56,,69169,13,,,1,15,,69162,13,,,1,15,,69171,13,,,1,15,,69167,13,,,1,54,,69173,13,,,1,15,,69161,13,,,1,15,,69175,13,,,1,15,,69177,13,,,1,55,,69176,13,,,1,15,,69179,13,,,1,15,,69178,13,,,1,15,,69180,13,,,1,55,,69181,13,,,1,15,,69182,13,,,1,15,,69183,13,,,1,15,,69184,13,,,1,55,,69185,13,,,1,15,,69186,13,,,1,15,,69187,13,,,1,15,,69188,13,,,1,55,,69189,13,,,1,15,,69190,13,,,1,15,,69191,13,,,1
40001,'Dimanche-10',642,,70198,13,,,1,15,,70205,13,,,1,55,,70206,13,,,1,15,,70200,13,,,1,15,,70199,13,,,1,15,,70204,13,,,1,55,,70215,13,,,1,15,,70218,13,,,1,15,,70201,13,,,1,15,,70210,13,,,1,55,,70207,13,,,1,16,,70224,13,,,1,15,,70227,13,,,1,15,,70208,13,,,1,55,,70216,13,,,1,15,,70231,13,,,1,15,,70220,13,,,1,15,,70236,13,,,1,55,,70209,13,,,1,15,,70225,13,,,1,15,,70226,13,,,1,15,,70221,13,,,1,56,,70237,13,,,1,15,,70230,13,,,1,15,,70211,13,,,1,15,,70219,13,,,1,55,,70213,13,,,1,15,,70223,13,,,1,15,,70232,13,,,1,15,,70217,13,,,1,55,,70212,13,,,1,15,,70229,13,,,1,15,,70202,13,,,1,15,,70234,13,,,1,55,,70203,13,,,1,15,,70222,13,,,1,15,,70233,13,,,1,15,,70214,13,,,1,55,,70242,13,,,1,15,,70228,13,,,1,16,,70245,13,,,1,14,,70235,13,,,1,55,,70249,13,,,1,15,,70243,13,,,1,15,,70251,13,,,1,15,,70247,13,,,1,55,,70253,13,,,1,15,,70238,13,,,1,13,,70244,13,,,1,16,,70239,13,,,1,56,,70248,13,,,1,15,,70241,13,,,1,15,,70250,13,,,1,15,,70246,13,,,1,54,,70252,13,,,1,15,,70240,13,,,1,15,,70254,13,,,1,15,,70256,13,,,1,55,,70255,13,,,1,15,,70258,13,,,1,15,,70257,13,,,1,15,,70259,13,,,1,55,,70260,13,,,1,15,,70261,13,,,1,15,,70262,13,,,1,15,,70263,13,,,1,55,,70264,13,,,1,15,,70265,13,,,1,15,,70266,13,,,1,15,,70267,13,,,1,55,,70268,13,,,1,15,,70269,13,,,1,15,,70270,13,,,1
40001,'Dimanche-11',642,,68004,13,,,1,15,,68011,13,,,1,55,,68012,13,,,1,15,,68006,13,,,1,15,,68005,13,,,1,15,,68010,13,,,1,55,,68021,13,,,1,15,,68024,13,,,1,15,,68007,13,,,1,15,,68016,13,,,1,55,,68013,13,,,1,16,,68030,13,,,1,15,,68033,13,,,1,15,,68014,13,,,1,55,,68022,13,,,1,15,,68037,13,,,1,15,,68026,13,,,1,15,,68042,13,,,1,55,,68015,13,,,1,15,,68031,13,,,1,15,,68032,13,,,1,15,,68027,13,,,1,56,,68043,13,,,1,15,,68036,13,,,1,15,,68017,13,,,1,15,,68025,13,,,1,55,,68019,13,,,1,15,,68029,13,,,1,15,,68038,13,,,1,15,,68023,13,,,1,55,,68018,13,,,1,15,,68035,13,,,1,15,,68008,13,,,1,15,,68040,13,,,1,55,,68009,13,,,1,15,,68028,13,,,1,15,,68039,13,,,1,15,,68020,13,,,1,55,,68048,13,,,1,15,,68034,13,,,1,16,,68051,13,,,1,14,,68041,13,,,1,55,,68055,13,,,1,15,,68049,13,,,1,15,,68057,13,,,1,15,,68053,13,,,1,55,,68059,13,,,1,15,,68044,13,,,1,13,,68050,13,,,1,16,,68045,13,,,1,56,,68054,13,,,1,15,,68047,13,,,1,15,,68056,13,,,1,15,,68052,13,,,1,54,,68058,13,,,1,15,,68046,13,,,1,15,,68060,13,,,1,15,,68062,13,,,1,55,,68061,13,,,1,15,,68064,13,,,1,15,,68063,13,,,1,15,,68065,13,,,1,55,,68066,13,,,1,15,,68067,13,,,1,15,,68068,13,,,1,15,,68069,13,,,1,55,,68070,13,,,1,15,,68071,13,,,1,15,,68072,13,,,1,15,,68073,13,,,1,55,,68074,13,,,1,15,,68075,13,,,1,15,,68076,13,,,1
40001,'Semaine-0',513,,65793,13,,,1,10,,65794,13,,,1,10,,65795,13,,,1,10,,65796,13,,,1,10,,65797,13,,,1,52,,65798,13,,,1,5,,65799,13,,,1,5,,65800,13,,,1,4,,65801,13,,,1,6,,65807,13,,,1,230,,65802,13,,,1,49,,65803,11,,,1,6,,65804,13,,,1,11,,65805,13,,,1,11,,65806,13,,,1,10,,65752,13,,,1,9,,65737,13,,,1,51,,65762,13,,,1,11,,65763,13,,,1,9,,65809,13,,,1,10,,65727,13,,,1,10,,65810,13,,,1,10,,65725,13,,,1,50,,65759,13,,,1,10,,65779,13,,,1,10,,65746,13,,,1,10,,65754,13,,,1,10,,65751,13,,,1,10,,65729,13,,,1,50,,65790,13,,,1,10,,65764,13,,,1,10,,65776,13,,,1,10,,65728,13,,,1,10,,65738,13,,,1,10,,65731,13,,,1,50,,65747,13,,,1,10,,65780,13,,,1,10,,65761,13,,,1,10,,65755,13,,,1,10,,65750,13,,,1,10,,65743,13,,,1,50,,65786,13,,,1,10,,65765,13,,,1,10,,65777,13,,,1,10,,65792,13,,,1,11,,65740,13,,,1,10,,65723,13,,,1,50,,65782,13,,,1,10,,65781,13,,,1,10,,65766,13,,,1,10,,65756,13,,,1,6,,65748,9,,,1,6,,65733,13,,,1,12,,65784,13,,,1,53,,65791,13,,,1,7,,65808,9,,,1,5,,65778,13,,,1,14,,65813,13,,,1,10,,65758,13,,,1,12,,65787,13,,,1,52,,65811,13,,,1,12,,65771,13,,,1,13,,65749,13,,,1,11,,65734,13,,,1,12,,65739,13,,,1,52,,65812,13,,,1,12,,65741,13,,,1,12,,65767,13,,,1,10,,65757,13,,,1,12,,65788,13,,,1,51,,65774,13,,,1,12,,65753,13,,,1,10,,65735,13,,,1,13,,65775,13,,,1,12,,65815,13,,,1,51,,65814,13,,,1,12,,65742,13,,,1,12,,65768,13,,,1,12,,65745,13,,,1,12,,65789,13,,,1,52,,65772,13,,,1,15,,65730,13,,,1,13,,65816,13,,,1,17,,65736,13,,,1,55,,65732,13,,,1,15,,65783,13,,,1,12,,65769,13,,,1,15,,65744,13,,,1,55,,65773,13,,,1,15,,65785,13,,,1,15,,65726,13,,,1,15,,65724,13,,,1,55,,65760,13,,,1,30,,65770,13,,,1
40001,'Semaine-10',513,,73723,13,,,1,10,,73724,13,,,1,10,,73725,13,,,1,10,,73726,13,,,1,10,,73727,13,,,1,52,,73728,13,,,1,5,,73729,13,,,1,5,,73730,13,,,1,4,,73731,13,,,1,6,,73737,13,,,1,230,,73732,13,,,1,49,,73733,11,,,1,6,,73734,13,,,1,11,,73735,13,,,1,11,,73736,13,,,1,10,,73682,13,,,1,9,,73667,13,,,1,51,,73692,13,,,1,11,,73693,13,,,1,9,,73739,13,,,1,10,,73657,13,,,1,10,,73740,13,,,1,10,,73655,13,,,1,50,,73689,13,,,1,10,,73709,13,,,1,10,,73676,13,,,1,10,,73684,13,,,1,10,,73681,13,,,1,10,,73659,13,,,1,50,,73720,13,,,1,10,,73694,13,,,1,10,,73706,13,,,1,10,,73658,13,,,1,10,,73668,13,,,1,10,,73661,13,,,1,50,,73677,13,,,1,10,,73710,13,,,1,10,,73691,13,,,1,10,,73685,13,,,1,10,,73680,13,,,1,10,,73673,13,,,1,50,,73716,13,,,1,10,,73695,13,,,1,10,,73707,13,,,1,10,,73722,13,,,1,11,,73670,13,,,1,10,,73653,13,,,1,50,,73712,13,,,1,10,,73711,13,,,1,10,,73696,13,,,1,10,,73686,13,,,1,6,,73678,9,,,1,6,,73663,13,,,1,12,,73714,13,,,1,53,,73721,13,,,1,7,,73738,9,,,1,5,,73708,13,,,1,14,,73743,13,,,1,10,,73688,13,,,1,12,,73717,13,,,1,52,,73741,13,,,1,12,,73701,13,,,1,13,,73679,13,,,1,11,,73664,13,,,1,12,,73669,13,,,1,52,,73742,13,,,1,12,,73671,13,,,1,12,,73697,13,,,1,10,,73687,13,,,1,12,,73718,13,,,1,51,,73704,13,,,1,12,,73683,13,,,1,10,,73665,13,,,1,13,,73705,13,,,1,12,,73745,13,,,1,51,,73744,13,,,1,12,,73672,13,,,1,12,,73698,13,,,1,12,,73675,13,,,1,12,,73719,13,,,1,52,,73702,13,,,1,15,,73660,13,,,1,13,,73746,13,,,1,17,,73666,13,,,1,55,,73662,13,,,1,15,,73713,13,,,1,12,,73699,13,,,1,15,,73674,13,,,1,55,,73703,13,,,1,15,,73715,13,,,1,15,,73656,13,,,1,15,,73654,13,,,1,55,,73690,13,,,1,30,,73700,13,,,1
