6600,'Samedi-0',716,,67121,8,,,1,100,,67124,8,,,1,100,,67122,8,,,1,100,,67125,8,,,1,100,,67119,8,,,1,100,,67120,8,,,1,100,,67123,8,,,1,100,,67126,8,,,1,100,,67127,8,,,1,100,,67128,8,,,1,100,,67129,8,,,1,100,,67130,8,,,1,100,,67132,8,,,1,100,,67131,8,,,1,100,,67133,8,,,1,100,,67134,8,,,1,100,,67135,8,,,1
6600,'Samedi-11',716,,70873,8,,,1,100,,70876,8,,,1,100,,70874,8,,,1,100,,70877,8,,,1,100,,70871,8,,,1,100,,70872,8,,,1,100,,70875,8,,,1,100,,70878,8,,,1,100,,70879,8,,,1,100,,70880,8,,,1,100,,70881,8,,,1,100,,70882,8,,,1,100,,70884,8,,,1,100,,70883,8,,,1,100,,70885,8,,,1,100,,70886,8,,,1,100,,70887,8,,,1
6600,'Dimanche-0',716,,68717,8,,,1,100,,68718,8,,,1,100,,68719,8,,,1,100,,68713,8,,,1,100,,68714,8,,,1,100,,68715,8,,,1,100,,68716,8,,,1,100,,68721,8,,,1,100,,68720,8,,,1,100,,68724,8,,,1,100,,68722,8,,,1,100,,68726,8,,,1,100,,68723,8,,,1,100,,68725,8,,,1,100,,68727,8,,,1,100,,68728,8,,,1,100,,68729,8,,,1
6600,'Dimanche-10',716,,69796,8,,,1,100,,69797,8,,,1,100,,69798,8,,,1,100,,69792,8,,,1,100,,69793,8,,,1,100,,69794,8,,,1,100,,69795,8,,,1,100,,69800,8,,,1,100,,69799,8,,,1,100,,69803,8,,,1,100,,69801,8,,,1,100,,69805,8,,,1,100,,69802,8,,,1,100,,69804,8,,,1,100,,69806,8,,,1,100,,69807,8,,,1,100,,69808,8,,,1
6600,'Dimanche-11',716,,67140,8,,,1,100,,67141,8,,,1,100,,67142,8,,,1,100,,67136,8,,,1,100,,67137,8,,,1,100,,67138,8,,,1,100,,67139,8,,,1,100,,67144,8,,,1,100,,67143,8,,,1,100,,67147,8,,,1,100,,67145,8,,,1,100,,67149,8,,,1,100,,67146,8,,,1,100,,67148,8,,,1,100,,67150,8,,,1,100,,67151,8,,,1,100,,67152,8,,,1
6600,'Semaine-0',602,,64745,8,,,2,20,,64751,8,,,2,20,,64746,8,,,1,63,,64738,8,,,2,19,,64750,8,,,1,19,,64743,8,,,1,61,,64757,8,,,1,18,,64737,8,,,1,18,,64748,8,,,1,60,,64758,8,,,1,100,,64747,8,,,1,100,,64739,8,,,1,100,,64762,8,,,1,100,,64763,8,,,1,101,,64749,8,,,2,100,,64759,8,,,1,23,,64752,8,,,1,22,,64735,8,,,1,60,,64754,8,,,1,18,,64760,8,,,1,20,,64765,8,,,1,59,,64736,8,,,2,24,,64755,8,,,2,20,,64753,8,,,1,58,,64741,8,,,1,22,,64761,8,,,2,94,,64742,8,,,2,100,,64740,8,,,1,98,,64744,8,,,1,100,,64756,8,,,1,100,,64764,8,,,1
6600,'Semaine-10',602,,72675,8,,,2,20,,72681,8,,,2,20,,72676,8,,,1,63,,72668,8,,,2,19,,72680,8,,,1,19,,72673,8,,,1,61,,72687,8,,,1,18,,72667,8,,,1,18,,72678,8,,,1,60,,72688,8,,,1,100,,72677,8,,,1,100,,72669,8,,,1,100,,72692,8,,,1,100,,72693,8,,,1,101,,72679,8,,,2,100,,72689,8,,,1,23,,72682,8,,,1,22,,72665,8,,,1,60,,72684,8,,,1,18,,72690,8,,,1,20,,72695,8,,,1,59,,72666,8,,,2,24,,72685,8,,,2,20,,72683,8,,,1,58,,72671,8,,,1,22,,72691,8,,,2,94,,72672,8,,,2,100,,72670,8,,,1,98,,72674,8,,,1,100,,72686,8,,,1,100,,72694,8,,,1
6600,'Semaine-11',602,,75206,8,,,2,20,,75212,8,,,2,20,,75207,8,,,1,63,,75199,8,,,2,19,,75211,8,,,1,19,,75204,8,,,1,61,,75218,8,,,1,18,,75198,8,,,1,18,,75209,8,,,1,60,,75219,8,,,1,100,,75208,8,,,1,100,,75200,8,,,1,100,,75223,8,,,1,100,,75224,8,,,1,101,,75210,8,,,2,100,,75220,8,,,1,23,,75213,8,,,1,22,,75196,8,,,1,60,,75215,8,,,1,18,,75221,8,,,1,20,,75226,8,,,1,59,,75197,8,,,2,24,,75216,8,,,2,20,,75214,8,,,1,58,,75202,8,,,1,22,,75222,8,,,2,94,,75203,8,,,2,100,,75201,8,,,1,98,,75205,8,,,1,100,,75217,8,,,1,100,,75225,8,,,1
56901,'Semaine-0',702,,65852,12,0,5 6,1
56901,'Semaine-10',702,,73782,12,0,5 6,1
56901,'Semaine-11',702,,76313,12,0,5 6,1
