4001,'Semaine-0',627,,64160,44,,,1,30,,64159,44,,,1,72,,64162,44,,,1,74,,64158,44,,,2,26,,64157,44,,,1,27,,64161,44,,,1
4101,'Semaine-0',649,,64170,35,,,1,73,,64171,35,,,1,35,,64172,35,,,1,66,,64169,35,,,2,28,,64168,35,,,1
4501,'Semaine-0',616,,64184,38,,,1,30,,64183,38,,,1,72,,64187,38,,,2,30,,64186,38,,,1,73,,64185,38,,,1,28,,64188,38,,,1
4701,'Semaine-0',628,,64194,31,,,2,86,,64193,31,,,1,89,,64192,31,,,1,27,,64195,31,,,1
5501,'Semaine-0',530,,64382,43,,,1,14,,64389,43,,,1,14,,64388,42,,,1,58,,64372,42,,,1,15,,64410,42,,,1,22,,64409,42,,,1,48,,64369,42,,,1,13,,64414,42,,,1,15,,64395,42,,,1,15,,64403,42,,,1,56,,64373,42,,,1,8,,64377,42,,,1,12,,64375,42,,,1,9,,64404,42,,,1,5,,64406,42,,,1,14,,64383,42,,,1,68,,64387,42,,,1,12,,64374,42,,,1,11,,64408,42,,,1,69,,64401,43,,,1,23,,64413,10,,,1,8,,64405,43,,,1,69,,64371,43,,,1,29,,64378,43,,,1,70,,64391,43,,,1,30,,64402,43,,,1,70,,64398,43,,,1,30,,64379,43,,,1,70,,64411,43,,,1,31,,64370,43,,,1,71,,64376,43,,,1,49,,64380,43,,,1,100,,64385,43,,,1,100,,64390,43,,,1,100,,64407,43,,,1,60,,64396,43,,,1,30,,64384,43,,,1,70,,64400,43,,,1,30,,64393,43,,,1,70,,64412,43,,,1,30,,64386,43,,,1,69,,64392,43,,,1,31,,64394,43,,,1,70,,64381,43,,,1,28,,64399,43,,,1,70,,64397,43,,,1
5600,'Semaine-0',644,,64421,29,,,1,65,,64419,29,,,1,6,,64423,29,,,1,31,,64422,29,,,1,71,,64416,29,,,1,100,,64415,29,,,1,108,,64417,29,,,1,98,,64420,29,,,2,100,,64418,29,,,1
5901,'Semaine-0',525,,64498,32,,,1,15,,64534,32,,,1,15,,64507,32,,,1,55,,64528,31,,,1,15,,64508,31,,,1,14,,64497,31,,,1,13,,64499,31,,,1,55,,64502,31,,,1,10,,64537,9,,,1,8,,64505,31,,,1,7,,64538,9,,,1,8,,64506,31,,,1,7,,64539,9,,,1,11,,64501,31,,,1,47,,64495,9,,,1,5,,64530,31,,,1,19,,64516,31,,,1,13,,64521,31,,,1,13,,64511,31,,,1,55,,64496,31,,,1,16,,64514,31,,,1,27,,64540,31,,,1,70,,64535,32,,,1,30,,64522,32,,,1,70,,64504,32,,,1,30,,64515,32,,,1,70,,64518,32,,,1,30,,64503,32,,,1,70,,64532,32,,,1,30,,64494,32,,,1,70,,64536,32,,,1,30,,64526,32,,,1,75,,64529,32,,,1,100,,64533,32,,,1,100,,64513,32,,,1,100,,64520,32,,,1,75,,64525,32,,,1,30,,64512,32,,,1,70,,64519,32,,,1,30,,64524,32,,,1,70,,64531,32,,,1,30,,64509,32,,,1,70,,64527,32,,,1,29,,64517,32,,,1,70,,64500,32,,,1,30,,64510,32,,,1,70,,64523,32,,,1
55400,'Semaine-0',708,,65846,19,0,5 6,2
65501,'Semaine-0',1524,,65873,31,0,9 10,1
74001,'Semaine-0',831,,65882,45,0,5 11,2,2,,65883,45,0,5 11,1
80000,'Semaine-0',607,,65923,35,,,1,31,,65909,35,,,1,71,,65899,35,,,1,15,,65898,35,,,1,16,,65919,35,,,1,70,,65910,35,,,1,18,,65896,35,,,1,30,,65915,35,,,1,70,,65900,36,,,1,30,,65917,36,,,1,70,,65912,36,,,1,29,,65926,36,,,1,70,,65893,36,,,1,30,,65914,36,,,1,70,,65904,36,,,1,31,,65920,36,,,1,69,,65913,36,,,1,30,,65924,36,,,1,71,,65903,36,,,1,29,,65918,36,,,1,73,,65916,36,,,1,70,,65905,36,,,1,32,,65921,36,,,1,68,,65894,36,,,1,30,,65911,36,,,1,70,,65908,36,,,1,29,,65922,36,,,1,29,,65907,36,,,1,71,,65901,36,,,1,28,,65895,36,,,1,71,,65925,36,,,1,28,,65906,36,,,1,68,,65902,36,,,1,30,,65892,36,,,1,69,,65897,36,,,1,30,,65891,36,,,1
