4001,'Semaine-0',616,,64160,29,,,1,30,,64159,29,,,1,72,,64162,29,,,1,32,,64158,29,,,2,68,,64157,29,,,1,27,,64161,29,,,1
4101,'Semaine-0',637,,64170,20,,,1,73,,64171,20,,,1,35,,64172,20,,,1,65,,64169,20,,,2,29,,64168,20,,,1
4900,'Semaine-0',632,,64225,17,,,1,14,,64220,4,,,1,3,,64232,4,,,1,4,,64208,4,,,1,6,,64231,4,,,1,44,,64236,17,,,1,1,,64235,4,,,1,4,,64234,4,,,1,5,,64233,4,,,1,21,,64228,17,,,1,66,,64229,17,,,1,1,,64224,4,,,1,32,,64223,17,,,1,74,,64218,17,,,1,29,,64210,17,,,1,70,,64230,17,,,1,33,,64226,17,,,1,70,,64221,17,,,1,30,,64198,17,,,1,70,,64219,17,,,1,30,,64200,17,,,1,70,,64205,17,,,1,30,,64207,17,,,1,71,,64211,17,,,1,30,,64227,17,,,1,71,,64209,17,,,1,30,,64212,17,,,1,70,,64203,17,,,1,30,,64215,17,,,1,70,,64206,17,,,1,30,,64204,17,,,1,70,,64222,17,,,1,28,,64216,17,,,1,100,,64199,17,,,1,99,,64217,17,,,1,101,,64214,17,,,1,98,,64201,17,,,1,98,,64213,17,,,1,100,,64202,17,,,1
5501,'Semaine-0',521,,64382,27,,,1,14,,64389,27,,,1,15,,64388,27,,,1,56,,64372,27,,,1,15,,64410,27,,,1,21,,64409,27,,,1,8,,64369,27,,,1,52,,64414,27,,,1,15,,64395,27,,,1,13,,64403,27,,,1,16,,64373,27,,,1,9,,64377,27,,,1,52,,64375,27,,,1,9,,64404,27,,,1,6,,64406,27,,,1,14,,64383,27,,,1,68,,64387,27,,,1,12,,64374,27,,,1,11,,64408,27,,,1,30,,64401,27,,,1,71,,64405,27,,,1,28,,64371,27,,,1,70,,64378,27,,,1,30,,64391,27,,,1,70,,64402,27,,,1,30,,64398,27,,,1,70,,64379,27,,,1,30,,64411,27,,,1,70,,64370,27,,,1,30,,64376,27,,,1,89,,64380,27,,,1,100,,64385,27,,,1,100,,64390,27,,,1,101,,64407,27,,,1,60,,64396,27,,,1,30,,64384,27,,,1,72,,64400,27,,,1,30,,64393,27,,,1,70,,64412,27,,,1,30,,64386,27,,,1,69,,64392,27,,,1,32,,64394,27,,,1,70,,64381,27,,,1,30,,64399,27,,,1,70,,64397,27,,,1
5801,'Semaine-0',558,,64441,15,,,1,71,,64445,15,,,1,30,,64443,15,,,1,70,,64442,15,,,1,30,,64439,15,,,1,70,,64444,15,,,1,800,,64440,15,,,1
5901,'Semaine-0',515,,64498,16,,,1,15,,64534,16,,,1,15,,64507,16,,,1,55,,64528,16,,,1,15,,64508,16,,,1,14,,64497,16,,,1,13,,64499,16,,,1,13,,64502,16,,,1,58,,64505,16,,,1,15,,64506,16,,,1,18,,64501,16,,,1,12,,64530,16,,,1,58,,64516,16,,,1,15,,64521,16,,,1,13,,64511,16,,,1,15,,64496,16,,,1,56,,64514,16,,,1,27,,64540,16,,,1,70,,64535,16,,,1,30,,64522,16,,,1,70,,64504,16,,,1,30,,64515,16,,,1,70,,64518,16,,,1,30,,64503,16,,,1,70,,64532,16,,,1,30,,64494,16,,,1,70,,64536,16,,,1,30,,64526,16,,,1,74,,64529,16,,,1,100,,64533,16,,,1,100,,64513,16,,,1,100,,64520,16,,,1,37,,64525,16,,,1,70,,64512,16,,,1,30,,64519,16,,,1,70,,64524,16,,,1,30,,64531,16,,,1,70,,64509,16,,,1,30,,64527,16,,,1,71,,64517,16,,,1,30,,64500,16,,,1,70,,64510,16,,,1,30,,64523,16,,,1
65501,'Semaine-0',1512,,65873,15,0,9 10,1
74001,'Semaine-0',817,,65882,30,0,5 11,2,2,,65883,30,0,5 11,1
75201,'Semaine-0',1501,,65887,2,0,9 18,1
75400,'Semaine-0',1500,,65889,2,0,9 18,1
80000,'Semaine-0',556,,65923,20,,,1,71,,65909,20,,,1,31,,65899,20,,,1,55,,65898,20,,,1,15,,65919,20,,,1,31,,65910,20,,,1,58,,65896,20,,,1,30,,65915,20,,,1,70,,65900,20,,,1,30,,65917,20,,,1,70,,65912,20,,,1,29,,65926,20,,,1,70,,65893,20,,,1,30,,65914,20,,,1,70,,65904,20,,,1,31,,65920,20,,,1,69,,65913,20,,,1,30,,65924,20,,,1,71,,65903,20,,,1,29,,65918,20,,,1,72,,65916,20,,,1,31,,65905,20,,,1,71,,65921,20,,,1,29,,65894,20,,,1,69,,65911,20,,,1,30,,65908,20,,,1,70,,65922,20,,,1,29,,65907,20,,,1,71,,65901,20,,,1,28,,65895,20,,,1,71,,65925,20,,,1,29,,65906,20,,,1,69,,65902,20,,,1,30,,65892,20,,,1,69,,65897,20,,,1,30,,65891,20,,,1
