4100,'Semaine-0',1600,,64164,49,,,1,31,,64166,49,,,1,76,,64165,49,,,2,23,,64163,49,,,1,29,,64167,49,,,1
4100,'Semaine-10',1600,,72094,49,,,1,31,,72096,49,,,1,76,,72095,49,,,2,23,,72093,49,,,1,29,,72097,49,,,1
4100,'Semaine-11',1600,,74625,49,,,1,31,,74627,49,,,1,76,,74626,49,,,2,23,,74624,49,,,1,29,,74628,49,,,1
64100,'Semaine-0',730,,65864,12,0,9 10,2
64100,'Semaine-10',730,,73794,12,0,9 10,2
64100,'Semaine-11',730,,76325,12,0,9 10,2
80001,'Samedi-0',650,,68111,52,,,1,101,,68113,52,,,1,101,,68114,52,,,1,100,,68117,52,,,1,102,,68112,52,,,1,100,,68115,52,,,1,102,,68118,52,,,1,100,,68116,52,,,1,100,,68119,52,,,1,100,,68120,52,,,1,100,,68121,52,,,2,102,,68122,52,,,1,97,,68125,52,,,1,98,,68123,52,,,1,100,,68124,52,,,1,100,,68126,52,,,1,97,,68127,52,,,1
80001,'Samedi-10',650,,77512,52,,,1,101,,77514,52,,,1,101,,77515,52,,,1,100,,77518,52,,,1,102,,77513,52,,,1,100,,77516,52,,,1,102,,77519,52,,,1,100,,77517,52,,,1,100,,77520,52,,,1,100,,77521,52,,,1,100,,77522,52,,,2,102,,77523,52,,,1,97,,77526,52,,,1,98,,77524,52,,,1,100,,77525,52,,,1,100,,77527,52,,,1,97,,77528,52,,,1
80001,'Samedi-11',650,,71367,52,,,1,101,,71369,52,,,1,101,,71370,52,,,1,100,,71373,52,,,1,102,,71368,52,,,1,100,,71371,52,,,1,102,,71374,52,,,1,100,,71372,52,,,1,100,,71375,52,,,1,100,,71376,52,,,1,100,,71377,52,,,2,102,,71378,52,,,1,97,,71381,52,,,1,98,,71379,52,,,1,100,,71380,52,,,1,100,,71382,52,,,1,97,,71383,52,,,1
80001,'Dimanche-0',650,,69209,52,,,1,101,,69211,52,,,1,101,,69213,52,,,1,100,,69210,52,,,1,102,,69212,52,,,1,100,,69214,52,,,1,102,,69215,52,,,1,100,,69216,52,,,1,100,,69219,52,,,1,100,,69217,52,,,1,100,,69218,52,,,2,102,,69221,52,,,1,97,,69222,52,,,1,98,,69220,52,,,1,100,,69223,52,,,1,100,,69224,52,,,1,97,,69225,52,,,1
80001,'Dimanche-10',650,,70288,52,,,1,101,,70290,52,,,1,101,,70292,52,,,1,100,,70289,52,,,1,102,,70291,52,,,1,100,,70293,52,,,1,102,,70294,52,,,1,100,,70295,52,,,1,100,,70298,52,,,1,100,,70296,52,,,1,100,,70297,52,,,2,102,,70300,52,,,1,97,,70301,52,,,1,98,,70299,52,,,1,100,,70302,52,,,1,100,,70303,52,,,1,97,,70304,52,,,1
80001,'Dimanche-11',650,,68128,52,,,1,101,,68130,52,,,1,101,,68132,52,,,1,100,,68129,52,,,1,102,,68131,52,,,1,100,,68133,52,,,1,102,,68134,52,,,1,100,,68135,52,,,1,100,,68138,52,,,1,100,,68136,52,,,1,100,,68137,52,,,2,102,,68140,52,,,1,97,,68141,52,,,1,98,,68139,52,,,1,100,,68142,52,,,1,100,,68143,52,,,1,97,,68144,52,,,1
80001,'Semaine-0',645,,65948,52,,,1,68,,65941,52,,,1,37,,65949,52,,,1,67,,65933,52,,,1,32,,65931,52,,,1,67,,65938,52,,,1,27,,65944,52,,,1,70,,65956,52,,,1,30,,65947,52,,,2,70,,65939,52,,,1,30,,65953,52,,,1,70,,65927,52,,,1,30,,65961,52,,,1,70,,65959,52,,,1,34,,65929,52,,,1,70,,65952,52,,,1,30,,65943,52,,,1,70,,65950,52,,,1,35,,65960,52,,,1,69,,65945,52,,,1,17,,65955,52,,,1,62,,65957,52,,,1,24,,65954,52,,,1,27,,65946,52,,,1,70,,65936,52,,,1,25,,65934,52,,,1,67,,65928,52,,,1,29,,65958,52,,,1,71,,65940,52,,,1,27,,65937,52,,,1,70,,65942,52,,,1,29,,65930,52,,,1,70,,65951,52,,,1,32,,65932,52,,,1,70,,65935,52,,,1
80001,'Semaine-10',645,,73878,52,,,1,68,,73871,52,,,1,37,,73879,52,,,1,67,,73863,52,,,1,32,,73861,52,,,1,67,,73868,52,,,1,27,,73874,52,,,1,70,,73886,52,,,1,30,,73877,52,,,2,70,,73869,52,,,1,30,,73883,52,,,1,70,,73857,52,,,1,30,,73891,52,,,1,70,,73889,52,,,1,34,,73859,52,,,1,70,,73882,52,,,1,30,,73873,52,,,1,70,,73880,52,,,1,35,,73890,52,,,1,69,,73875,52,,,1,17,,73885,52,,,1,62,,73887,52,,,1,24,,73884,52,,,1,27,,73876,52,,,1,70,,73866,52,,,1,25,,73864,52,,,1,67,,73858,52,,,1,29,,73888,52,,,1,71,,73870,52,,,1,27,,73867,52,,,1,70,,73872,52,,,1,29,,73860,52,,,1,70,,73881,52,,,1,32,,73862,52,,,1,70,,73865,52,,,1
80001,'Semaine-11',645,,76409,52,,,1,68,,76402,52,,,1,37,,76410,52,,,1,67,,76394,52,,,1,32,,76392,52,,,1,67,,76399,52,,,1,27,,76405,52,,,1,70,,76417,52,,,1,30,,76408,52,,,2,70,,76400,52,,,1,30,,76414,52,,,1,70,,76388,52,,,1,30,,76422,52,,,1,70,,76420,52,,,1,34,,76390,52,,,1,70,,76413,52,,,1,30,,76404,52,,,1,70,,76411,52,,,1,35,,76421,52,,,1,69,,76406,52,,,1,17,,76416,52,,,1,62,,76418,52,,,1,24,,76415,52,,,1,27,,76407,52,,,1,70,,76397,52,,,1,25,,76395,52,,,1,67,,76389,52,,,1,29,,76419,52,,,1,71,,76401,52,,,1,27,,76398,52,,,1,70,,76403,52,,,1,29,,76391,52,,,1,70,,76412,52,,,1,32,,76393,52,,,1,70,,76396,52,,,1
