6400,'Samedi-0',745,,67005,23,,,1,100,,67007,23,,,1,100,,67010,23,,,1,100,,67008,23,,,1,100,,67011,23,,,1,100,,67006,23,,,1,100,,67009,23,,,1,100,,67012,23,,,1,99,,67013,23,,,1,100,,67014,23,,,1,100,,67015,23,,,1,100,,67016,23,,,1
6400,'Samedi-10',745,,76959,23,,,1,100,,76961,23,,,1,100,,76964,23,,,1,100,,76962,23,,,1,100,,76965,23,,,1,100,,76960,23,,,1,100,,76963,23,,,1,100,,76966,23,,,1,99,,76967,23,,,1,100,,76968,23,,,1,100,,76969,23,,,1,100,,76970,23,,,1
6400,'Samedi-11',745,,70814,23,,,1,100,,70816,23,,,1,100,,70819,23,,,1,100,,70817,23,,,1,100,,70820,23,,,1,100,,70815,23,,,1,100,,70818,23,,,1,100,,70821,23,,,1,99,,70822,23,,,1,100,,70823,23,,,1,100,,70824,23,,,1,100,,70825,23,,,1
6400,'Dimanche-0',745,,68657,23,,,1,100,,68658,23,,,1,100,,68663,23,,,1,100,,68661,23,,,1,100,,68656,23,,,1,100,,68659,23,,,1,100,,68660,23,,,1,100,,68664,23,,,1,99,,68662,23,,,1,100,,68666,23,,,1,100,,68667,23,,,1,100,,68665,23,,,1
6400,'Dimanche-10',745,,69736,23,,,1,100,,69737,23,,,1,100,,69742,23,,,1,100,,69740,23,,,1,100,,69735,23,,,1,100,,69738,23,,,1,100,,69739,23,,,1,100,,69743,23,,,1,99,,69741,23,,,1,100,,69745,23,,,1,100,,69746,23,,,1,100,,69744,23,,,1
6400,'Dimanche-11',745,,67018,23,,,1,100,,67019,23,,,1,100,,67024,23,,,1,100,,67022,23,,,1,100,,67017,23,,,1,100,,67020,23,,,1,100,,67021,23,,,1,100,,67025,23,,,1,99,,67023,23,,,1,100,,67027,23,,,1,100,,67028,23,,,1,100,,67026,23,,,1
6400,'Semaine-0',657,,64638,23,,,1,74,,64635,23,,,1,70,,64630,23,,,1,30,,64634,23,,,1,100,,64636,23,,,1,100,,64641,23,,,1,100,,64640,23,,,1,100,,64633,23,,,1,100,,64646,23,,,1,100,,64642,23,,,1,95,,64643,23,,,1,85,,64648,23,,,1,47,,64647,23,,,1,101,,64644,23,,,1,95,,64645,23,,,1,100,,64637,23,,,2,99,,64631,23,,,2,100,,64639,23,,,1,100,,64632,23,,,1
6400,'Semaine-10',657,,72568,23,,,1,74,,72565,23,,,1,70,,72560,23,,,1,30,,72564,23,,,1,100,,72566,23,,,1,100,,72571,23,,,1,100,,72570,23,,,1,100,,72563,23,,,1,100,,72576,23,,,1,100,,72572,23,,,1,95,,72573,23,,,1,85,,72578,23,,,1,47,,72577,23,,,1,101,,72574,23,,,1,95,,72575,23,,,1,100,,72567,23,,,2,99,,72561,23,,,2,100,,72569,23,,,1,100,,72562,23,,,1
6400,'Semaine-11',657,,75099,23,,,1,74,,75096,23,,,1,70,,75091,23,,,1,30,,75095,23,,,1,100,,75097,23,,,1,100,,75102,23,,,1,100,,75101,23,,,1,100,,75094,23,,,1,100,,75107,23,,,1,100,,75103,23,,,1,95,,75104,23,,,1,85,,75109,23,,,1,47,,75108,23,,,1,101,,75105,23,,,1,95,,75106,23,,,1,100,,75098,23,,,2,99,,75092,23,,,2,100,,75100,23,,,1,100,,75093,23,,,1
6600,'Samedi-0',725,,67121,22,,,1,100,,67124,22,,,1,100,,67122,22,,,1,100,,67125,22,,,1,100,,67119,22,,,1,100,,67120,22,,,1,100,,67123,22,,,1,100,,67126,22,,,1,100,,67127,22,,,1,100,,67128,22,,,1,100,,67129,22,,,1,100,,67130,22,,,1,100,,67132,22,,,1,100,,67131,22,,,1,100,,67133,22,,,1,100,,67134,22,,,1,100,,67135,22,,,1
6600,'Samedi-10',725,,77018,22,,,1,100,,77021,22,,,1,100,,77019,22,,,1,100,,77022,22,,,1,100,,77016,22,,,1,100,,77017,22,,,1,100,,77020,22,,,1,100,,77023,22,,,1,100,,77024,22,,,1,100,,77025,22,,,1,100,,77026,22,,,1,100,,77027,22,,,1,100,,77029,22,,,1,100,,77028,22,,,1,100,,77030,22,,,1,100,,77031,22,,,1,100,,77032,22,,,1
6600,'Samedi-11',725,,70873,22,,,1,100,,70876,22,,,1,100,,70874,22,,,1,100,,70877,22,,,1,100,,70871,22,,,1,100,,70872,22,,,1,100,,70875,22,,,1,100,,70878,22,,,1,100,,70879,22,,,1,100,,70880,22,,,1,100,,70881,22,,,1,100,,70882,22,,,1,100,,70884,22,,,1,100,,70883,22,,,1,100,,70885,22,,,1,100,,70886,22,,,1,100,,70887,22,,,1
6600,'Dimanche-0',725,,68717,22,,,1,100,,68718,22,,,1,100,,68719,22,,,1,100,,68713,22,,,1,100,,68714,22,,,1,100,,68715,22,,,1,100,,68716,22,,,1,100,,68721,22,,,1,100,,68720,22,,,1,100,,68724,22,,,1,100,,68722,22,,,1,100,,68726,22,,,1,100,,68723,22,,,1,100,,68725,22,,,1,100,,68727,22,,,1,100,,68728,22,,,1,100,,68729,22,,,1
6600,'Dimanche-10',725,,69796,22,,,1,100,,69797,22,,,1,100,,69798,22,,,1,100,,69792,22,,,1,100,,69793,22,,,1,100,,69794,22,,,1,100,,69795,22,,,1,100,,69800,22,,,1,100,,69799,22,,,1,100,,69803,22,,,1,100,,69801,22,,,1,100,,69805,22,,,1,100,,69802,22,,,1,100,,69804,22,,,1,100,,69806,22,,,1,100,,69807,22,,,1,100,,69808,22,,,1
6600,'Dimanche-11',725,,67140,22,,,1,100,,67141,22,,,1,100,,67142,22,,,1,100,,67136,22,,,1,100,,67137,22,,,1,100,,67138,22,,,1,100,,67139,22,,,1,100,,67144,22,,,1,100,,67143,22,,,1,100,,67147,22,,,1,100,,67145,22,,,1,100,,67149,22,,,1,100,,67146,22,,,1,100,,67148,22,,,1,100,,67150,22,,,1,100,,67151,22,,,1,100,,67152,22,,,1
6600,'Semaine-0',611,,64745,22,,,2,20,,64751,22,,,2,20,,64746,22,,,1,63,,64738,22,,,2,19,,64750,22,,,1,19,,64743,22,,,1,61,,64757,22,,,1,18,,64737,22,,,1,18,,64748,22,,,1,60,,64758,22,,,1,100,,64747,22,,,1,100,,64739,22,,,1,100,,64762,22,,,1,100,,64763,22,,,1,101,,64749,22,,,2,100,,64759,22,,,1,23,,64752,22,,,1,22,,64735,22,,,1,60,,64754,22,,,1,18,,64760,22,,,1,20,,64765,22,,,1,59,,64736,22,,,2,24,,64755,22,,,2,20,,64753,22,,,1,58,,64741,22,,,1,22,,64761,22,,,2,94,,64742,22,,,2,100,,64740,22,,,1,97,,64744,22,,,1,100,,64756,22,,,1,100,,64764,22,,,1
6600,'Semaine-10',611,,72675,22,,,2,20,,72681,22,,,2,20,,72676,22,,,1,63,,72668,22,,,2,19,,72680,22,,,1,19,,72673,22,,,1,61,,72687,22,,,1,18,,72667,22,,,1,18,,72678,22,,,1,60,,72688,22,,,1,100,,72677,22,,,1,100,,72669,22,,,1,100,,72692,22,,,1,100,,72693,22,,,1,101,,72679,22,,,2,100,,72689,22,,,1,23,,72682,22,,,1,22,,72665,22,,,1,60,,72684,22,,,1,18,,72690,22,,,1,20,,72695,22,,,1,59,,72666,22,,,2,24,,72685,22,,,2,20,,72683,22,,,1,58,,72671,22,,,1,22,,72691,22,,,2,94,,72672,22,,,2,100,,72670,22,,,1,97,,72674,22,,,1,100,,72686,22,,,1,100,,72694,22,,,1
6600,'Semaine-11',611,,75206,22,,,2,20,,75212,22,,,2,20,,75207,22,,,1,63,,75199,22,,,2,19,,75211,22,,,1,19,,75204,22,,,1,61,,75218,22,,,1,18,,75198,22,,,1,18,,75209,22,,,1,60,,75219,22,,,1,100,,75208,22,,,1,100,,75200,22,,,1,100,,75223,22,,,1,100,,75224,22,,,1,101,,75210,22,,,2,100,,75220,22,,,1,23,,75213,22,,,1,22,,75196,22,,,1,60,,75215,22,,,1,18,,75221,22,,,1,20,,75226,22,,,1,59,,75197,22,,,2,24,,75216,22,,,2,20,,75214,22,,,1,58,,75202,22,,,1,22,,75222,22,,,2,94,,75203,22,,,2,100,,75201,22,,,1,97,,75205,22,,,1,100,,75217,22,,,1,100,,75225,22,,,1
