6400,'Samedi-0',742,,67005,18,,,1,100,,67007,18,,,1,100,,67010,18,,,1,100,,67008,18,,,1,100,,67011,18,,,1,100,,67006,18,,,1,100,,67009,18,,,1,100,,67012,18,,,1,99,,67013,18,,,1,100,,67014,18,,,1,100,,67015,18,,,1,100,,67016,18,,,1
6400,'Samedi-11',742,,70814,18,,,1,100,,70816,18,,,1,100,,70819,18,,,1,100,,70817,18,,,1,100,,70820,18,,,1,100,,70815,18,,,1,100,,70818,18,,,1,100,,70821,18,,,1,99,,70822,18,,,1,100,,70823,18,,,1,100,,70824,18,,,1,100,,70825,18,,,1
6400,'Dimanche-0',742,,68657,18,,,1,100,,68658,18,,,1,100,,68663,18,,,1,100,,68661,18,,,1,100,,68656,18,,,1,100,,68659,18,,,1,100,,68660,18,,,1,100,,68664,18,,,1,99,,68662,18,,,1,100,,68666,18,,,1,100,,68667,18,,,1,100,,68665,18,,,1
6400,'Dimanche-10',742,,69736,18,,,1,100,,69737,18,,,1,100,,69742,18,,,1,100,,69740,18,,,1,100,,69735,18,,,1,100,,69738,18,,,1,100,,69739,18,,,1,100,,69743,18,,,1,99,,69741,18,,,1,100,,69745,18,,,1,100,,69746,18,,,1,100,,69744,18,,,1
6400,'Dimanche-11',742,,67018,18,,,1,100,,67019,18,,,1,100,,67024,18,,,1,100,,67022,18,,,1,100,,67017,18,,,1,100,,67020,18,,,1,100,,67021,18,,,1,100,,67025,18,,,1,99,,67023,18,,,1,100,,67027,18,,,1,100,,67028,18,,,1,100,,67026,18,,,1
6400,'Semaine-0',654,,64638,18,,,1,74,,64635,18,,,1,30,,64630,18,,,1,70,,64634,18,,,1,100,,64636,18,,,1,100,,64641,18,,,1,100,,64640,18,,,1,100,,64633,18,,,1,100,,64646,18,,,1,100,,64642,18,,,1,95,,64643,18,,,1,85,,64648,18,,,1,47,,64647,18,,,1,101,,64644,18,,,1,95,,64645,18,,,1,100,,64637,18,,,2,100,,64631,18,,,2,100,,64639,18,,,1,100,,64632,18,,,1
6600,'Samedi-0',722,,67121,17,,,1,100,,67124,17,,,1,100,,67122,17,,,1,100,,67125,17,,,1,100,,67119,17,,,1,100,,67120,17,,,1,100,,67123,17,,,1,100,,67126,17,,,1,100,,67127,17,,,1,100,,67128,17,,,1,100,,67129,17,,,1,100,,67130,17,,,1,100,,67132,17,,,1,100,,67131,17,,,1,100,,67133,17,,,1,100,,67134,17,,,1,100,,67135,17,,,1
6600,'Samedi-11',722,,70873,17,,,1,100,,70876,17,,,1,100,,70874,17,,,1,100,,70877,17,,,1,100,,70871,17,,,1,100,,70872,17,,,1,100,,70875,17,,,1,100,,70878,17,,,1,100,,70879,17,,,1,100,,70880,17,,,1,100,,70881,17,,,1,100,,70882,17,,,1,100,,70884,17,,,1,100,,70883,17,,,1,100,,70885,17,,,1,100,,70886,17,,,1,100,,70887,17,,,1
6600,'Dimanche-0',722,,68717,17,,,1,100,,68718,17,,,1,100,,68719,17,,,1,100,,68713,17,,,1,100,,68714,17,,,1,100,,68715,17,,,1,100,,68716,17,,,1,100,,68721,17,,,1,100,,68720,17,,,1,100,,68724,17,,,1,100,,68722,17,,,1,100,,68726,17,,,1,100,,68723,17,,,1,100,,68725,17,,,1,100,,68727,17,,,1,100,,68728,17,,,1,100,,68729,17,,,1
6600,'Dimanche-10',722,,69796,17,,,1,100,,69797,17,,,1,100,,69798,17,,,1,100,,69792,17,,,1,100,,69793,17,,,1,100,,69794,17,,,1,100,,69795,17,,,1,100,,69800,17,,,1,100,,69799,17,,,1,100,,69803,17,,,1,100,,69801,17,,,1,100,,69805,17,,,1,100,,69802,17,,,1,100,,69804,17,,,1,100,,69806,17,,,1,100,,69807,17,,,1,100,,69808,17,,,1
6600,'Dimanche-11',722,,67140,17,,,1,100,,67141,17,,,1,100,,67142,17,,,1,100,,67136,17,,,1,100,,67137,17,,,1,100,,67138,17,,,1,100,,67139,17,,,1,100,,67144,17,,,1,100,,67143,17,,,1,100,,67147,17,,,1,100,,67145,17,,,1,100,,67149,17,,,1,100,,67146,17,,,1,100,,67148,17,,,1,100,,67150,17,,,1,100,,67151,17,,,1,100,,67152,17,,,1
6600,'Semaine-0',608,,64745,17,,,2,20,,64751,17,,,2,20,,64746,17,,,1,63,,64738,17,,,2,19,,64750,17,,,1,19,,64743,17,,,1,61,,64757,17,,,1,18,,64737,17,,,1,18,,64748,17,,,1,60,,64758,17,,,1,100,,64747,17,,,1,100,,64739,17,,,1,100,,64762,17,,,1,100,,64763,17,,,1,101,,64749,17,,,2,100,,64759,17,,,1,23,,64752,17,,,1,22,,64735,17,,,1,60,,64754,17,,,1,18,,64760,17,,,1,20,,64765,17,,,1,59,,64736,17,,,2,24,,64755,17,,,2,20,,64753,17,,,1,58,,64741,17,,,1,22,,64761,17,,,2,94,,64742,17,,,2,100,,64740,17,,,1,97,,64744,17,,,1,100,,64756,17,,,1,100,,64764,17,,,1
56600,'Semaine-0',1601,,65849,56,0,5 6,1
