2301,'Semaine-0',634,,63480,25,,,1,70,,63477,25,,,2,32,,63481,25,,,1,75,,63479,25,,,2,25,,63478,25,,,1
2301,'Semaine-10',634,,71410,25,,,1,70,,71407,25,,,2,32,,71411,25,,,1,75,,71409,25,,,2,25,,71408,25,,,1
2501,'Semaine-0',617,,63492,32,,,2,29,,63491,32,,,1,73,,63489,32,,,1,36,,63490,32,,,2,69,,63493,32,,,1,29,,63488,32,,,2
2501,'Semaine-10',617,,71422,32,,,2,29,,71421,32,,,1,73,,71419,32,,,1,36,,71420,32,,,2,69,,71423,32,,,1,29,,71418,32,,,2
9301,'Semaine-0',646,,65412,50,,,2,60,,65410,50,,,1,21,,65409,50,,,1,76,,65413,50,,,1,30,,65411,50,,,2
9301,'Semaine-10',646,,73342,50,,,2,60,,73340,50,,,1,21,,73339,50,,,1,76,,73343,50,,,1,30,,73341,50,,,2
9401,'Semaine-0',609,,65414,40,,,1
9401,'Semaine-10',609,,73344,40,,,1
9501,'Semaine-0',638,,65429,63,,,1,15,,65425,63,,,1,53,,65427,63,,,1,20,,65432,63,,,1,17,,65428,63,,,2,57,,65430,63,,,2,14,,65431,63,,,2,16,,65426,63,,,2
9501,'Semaine-10',638,,73359,63,,,1,15,,73355,63,,,1,53,,73357,63,,,1,20,,73362,63,,,1,17,,73358,63,,,2,57,,73360,63,,,2,14,,73361,63,,,2,16,,73356,63,,,2
9801,'Semaine-0',553,,65470,53,,,2,50,,65471,53,,,1,10,,65472,53,,,1
9801,'Semaine-10',553,,73400,53,,,2,50,,73401,53,,,1,10,,73402,53,,,1
10001,'Semaine-0',630,,65493,12,,,1,10,,65491,12,,,1,10,,65490,12,,,1,50,,65489,12,,,1,9,,65492,12,,,1,11,,65494,12,,,1,10,,65495,12,,,1,10,,65496,12,,,1,9,,65497,12,,,1,51,,65498,12,,,1,14,,65499,12,,,1,10,,65500,12,,,1,9,,65501,12,,,1,8,,65502,12,,,1,10,,65503,12,,,1
10001,'Semaine-10',630,,73423,12,,,1,10,,73421,12,,,1,10,,73420,12,,,1,50,,73419,12,,,1,9,,73422,12,,,1,11,,73424,12,,,1,10,,73425,12,,,1,10,,73426,12,,,1,9,,73427,12,,,1,51,,73428,12,,,1,14,,73429,12,,,1,10,,73430,12,,,1,9,,73431,12,,,1,8,,73432,12,,,1,10,,73433,12,,,1
72501,'Semaine-0',835,,65875,32,0,5 11,2
72501,'Semaine-10',835,,73805,32,0,5 11,2
80401,'Samedi-11',1330,,71384,11,,,1
80401,'Dimanche-11',1730,,68145,11,,,1
