4001,'Semaine-0',619,,64160,32,,,1,30,,64159,32,,,1,72,,64162,32,,,1,32,,64158,32,,,2,68,,64157,32,,,1,27,,64161,32,,,1
4101,'Semaine-0',640,,64170,23,,,1,73,,64171,23,,,1,35,,64172,23,,,1,65,,64169,23,,,2,29,,64168,23,,,1
4701,'Semaine-0',620,,64194,19,,,2,85,,64193,19,,,1,49,,64192,19,,,1,67,,64195,19,,,1
4900,'Semaine-0',634,,64225,20,,,1,14,,64220,7,,,1,3,,64232,7,,,1,4,,64208,7,,,1,46,,64231,7,,,1,4,,64236,20,,,1,1,,64235,7,,,1,4,,64234,7,,,1,5,,64233,7,,,1,21,,64228,20,,,1,66,,64229,20,,,1,1,,64224,7,,,1,32,,64223,20,,,1,74,,64218,20,,,1,29,,64210,20,,,1,70,,64230,20,,,1,33,,64226,20,,,1,70,,64221,20,,,1,30,,64198,20,,,1,70,,64219,20,,,1,30,,64200,20,,,1,70,,64205,20,,,1,30,,64207,20,,,1,71,,64211,20,,,1,30,,64227,20,,,1,71,,64209,20,,,1,30,,64212,20,,,1,70,,64203,20,,,1,30,,64215,20,,,1,70,,64206,20,,,1,30,,64204,20,,,1,70,,64222,20,,,1,28,,64216,20,,,1,100,,64199,20,,,1,99,,64217,20,,,1,101,,64214,20,,,1,98,,64201,20,,,1,98,,64213,20,,,1,100,,64202,20,,,1
5501,'Semaine-0',523,,64382,30,,,1,14,,64389,30,,,1,15,,64388,30,,,1,56,,64372,30,,,1,15,,64410,30,,,1,22,,64409,30,,,1,8,,64369,30,,,1,52,,64414,30,,,1,15,,64395,30,,,1,13,,64403,30,,,1,16,,64373,30,,,1,9,,64377,30,,,1,52,,64375,30,,,1,9,,64404,30,,,1,6,,64406,30,,,1,14,,64383,30,,,1,68,,64387,30,,,1,12,,64374,30,,,1,11,,64408,30,,,1,29,,64401,30,,,1,71,,64405,30,,,1,29,,64371,30,,,1,70,,64378,30,,,1,30,,64391,30,,,1,70,,64402,30,,,1,29,,64398,30,,,1,70,,64379,30,,,1,30,,64411,30,,,1,70,,64370,30,,,1,30,,64376,30,,,1,90,,64380,30,,,1,100,,64385,30,,,1,100,,64390,30,,,1,101,,64407,30,,,1,60,,64396,30,,,1,30,,64384,30,,,1,71,,64400,30,,,1,30,,64393,30,,,1,70,,64412,30,,,1,30,,64386,30,,,1,69,,64392,30,,,1,32,,64394,30,,,1,70,,64381,30,,,1,30,,64399,30,,,1,70,,64397,30,,,1
5801,'Semaine-0',600,,64441,18,,,1,32,,64445,18,,,1,70,,64443,18,,,1,30,,64442,18,,,1,70,,64439,18,,,1,30,,64444,18,,,1,800,,64440,18,,,1
5901,'Semaine-0',517,,64498,19,,,1,15,,64534,19,,,1,15,,64507,19,,,1,55,,64528,19,,,1,15,,64508,19,,,1,14,,64497,19,,,1,13,,64499,19,,,1,14,,64502,19,,,1,58,,64505,19,,,1,15,,64506,19,,,1,18,,64501,19,,,1,52,,64530,19,,,1,17,,64516,19,,,1,15,,64521,19,,,1,13,,64511,19,,,1,55,,64496,19,,,1,16,,64514,19,,,1,27,,64540,19,,,1,70,,64535,19,,,1,30,,64522,19,,,1,70,,64504,19,,,1,30,,64515,19,,,1,70,,64518,19,,,1,30,,64503,19,,,1,70,,64532,19,,,1,30,,64494,19,,,1,70,,64536,19,,,1,30,,64526,19,,,1,75,,64529,19,,,1,100,,64533,19,,,1,100,,64513,19,,,1,100,,64520,19,,,1,36,,64525,19,,,1,70,,64512,19,,,1,30,,64519,19,,,1,70,,64524,19,,,1,30,,64531,19,,,1,70,,64509,19,,,1,30,,64527,19,,,1,71,,64517,19,,,1,30,,64500,19,,,1,70,,64510,19,,,1,30,,64523,19,,,1
64701,'Semaine-0',1524,,65869,28,0,9 10,1
65501,'Semaine-0',1515,,65873,18,0,9 10,1
74001,'Semaine-0',822,,65882,33,0,5 11,2,2,,65883,33,0,5 11,1
75201,'Semaine-0',1505,,65887,5,0,9 18,1
75400,'Semaine-0',1503,,65889,5,0,9 18,1
80000,'Semaine-0',559,,65923,23,,,1,71,,65909,23,,,1,71,,65899,23,,,1,15,,65898,23,,,1,15,,65919,23,,,1,71,,65910,23,,,1,18,,65896,23,,,1,30,,65915,23,,,1,70,,65900,23,,,1,30,,65917,23,,,1,70,,65912,23,,,1,29,,65926,23,,,1,70,,65893,23,,,1,30,,65914,23,,,1,70,,65904,23,,,1,31,,65920,23,,,1,69,,65913,23,,,1,30,,65924,23,,,1,71,,65903,23,,,1,29,,65918,23,,,1,73,,65916,23,,,1,30,,65905,23,,,1,72,,65921,23,,,1,28,,65894,23,,,1,70,,65911,23,,,1,30,,65908,23,,,1,70,,65922,23,,,1,28,,65907,23,,,1,71,,65901,23,,,1,28,,65895,23,,,1,71,,65925,23,,,1,29,,65906,23,,,1,68,,65902,23,,,1,30,,65892,23,,,1,70,,65897,23,,,1,30,,65891,23,,,1
