9500,'Semaine-0',1530,,65421,35,,,1,17,,65424,35,,,2,56,,65420,35,,,2,18,,65415,35,,,2,15,,65419,35,,,2,16,,65416,35,,,1,55,,65417,35,,,1,18,,65422,35,,,2,20,,65423,35,,,2,67,,65418,35,,,1
9500,'Semaine-10',1530,,73351,35,,,1,17,,73354,35,,,2,56,,73350,35,,,2,18,,73345,35,,,2,15,,73349,35,,,2,16,,73346,35,,,1,55,,73347,35,,,1,18,,73352,35,,,2,20,,73353,35,,,2,67,,73348,35,,,1
9700,'Samedi-0',849,,67653,47,,,1,100,,67656,47,,,1,100,,67651,47,,,1,100,,67652,47,,,1,101,,67655,47,,,1,99,,67654,47,,,1,100,,67657,47,,,1,101,,67658,47,,,1,100,,67659,47,,,1,101,,67660,47,,,1,100,,67665,47,,,1,100,,67661,47,,,1,100,,67662,47,,,1,100,,67663,47,,,1,99,,67664,47,,,1,98,,67666,47,,,1,100,,67667,47,,,1
9700,'Samedi-11',849,,71139,47,,,1,100,,71142,47,,,1,100,,71137,47,,,1,100,,71138,47,,,1,101,,71141,47,,,1,99,,71140,47,,,1,100,,71143,47,,,1,101,,71144,47,,,1,100,,71145,47,,,1,101,,71146,47,,,1,100,,71151,47,,,1,100,,71147,47,,,1,100,,71148,47,,,1,100,,71149,47,,,1,99,,71150,47,,,1,98,,71152,47,,,1,100,,71153,47,,,1
9700,'Dimanche-0',849,,68980,47,,,1,100,,68986,47,,,1,100,,68985,47,,,1,100,,68979,47,,,1,101,,68983,47,,,1,99,,68981,47,,,1,100,,68982,47,,,1,101,,68984,47,,,1,100,,68987,47,,,1,101,,68988,47,,,1,100,,68990,47,,,1,100,,68989,47,,,1,100,,68991,47,,,1,100,,68992,47,,,1,99,,68993,47,,,1,98,,68994,47,,,1,100,,68995,47,,,1
9700,'Dimanche-10',849,,70059,47,,,1,100,,70065,47,,,1,100,,70064,47,,,1,100,,70058,47,,,1,101,,70062,47,,,1,99,,70060,47,,,1,100,,70061,47,,,1,101,,70063,47,,,1,100,,70066,47,,,1,101,,70067,47,,,1,100,,70069,47,,,1,100,,70068,47,,,1,100,,70070,47,,,1,100,,70071,47,,,1,99,,70072,47,,,1,98,,70073,47,,,1,100,,70074,47,,,1
9700,'Dimanche-11',849,,67669,47,,,1,100,,67675,47,,,1,100,,67674,47,,,1,100,,67668,47,,,1,101,,67672,47,,,1,99,,67670,47,,,1,100,,67671,47,,,1,101,,67673,47,,,1,100,,67676,47,,,1,101,,67677,47,,,1,100,,67679,47,,,1,100,,67678,47,,,1,100,,67680,47,,,1,100,,67681,47,,,1,99,,67682,47,,,1,98,,67683,47,,,1,100,,67684,47,,,1
9700,'Semaine-0',717,,65433,47,,,1,32,,65434,47,,,2,96,,65435,47,,,1,100,,65436,47,,,1,100,,65437,47,,,1,100,,65438,47,,,1,101,,65439,47,,,1,100,,65440,47,,,1,100,,65441,47,,,1,100,,65442,47,,,1,101,,65443,47,,,1,101,,65450,51,,,1,99,,65451,51,,,1,68,,65452,51,,,1,31,,65444,47,,,1,100,,65445,47,,,1,99,,65446,47,,,1,101,,65447,47,,,1,98,,65448,47,,,2,100,,65449,47,,,1
9700,'Semaine-10',717,,73363,47,,,1,32,,73364,47,,,2,96,,73365,47,,,1,100,,73366,47,,,1,100,,73367,47,,,1,100,,73368,47,,,1,101,,73369,47,,,1,100,,73370,47,,,1,100,,73371,47,,,1,100,,73372,47,,,1,101,,73373,47,,,1,101,,73380,51,,,1,99,,73381,51,,,1,68,,73382,51,,,1,31,,73374,47,,,1,100,,73375,47,,,1,99,,73376,47,,,1,101,,73377,47,,,1,98,,73378,47,,,2,100,,73379,47,,,1
29700,'Semaine-0',751,,65564,43,0,19,2,2,,65565,43,0,19,1
29700,'Semaine-10',751,,73494,43,0,19,2,2,,73495,43,0,19,1
