2301,'Semaine-0',634,,63480,26,,,1,70,,63477,26,,,2,33,,63481,26,,,1,75,,63479,26,,,2,25,,63478,26,,,1
2301,'Semaine-10',634,,71410,26,,,1,70,,71407,26,,,2,33,,71411,26,,,1,75,,71409,26,,,2,25,,71408,26,,,1
2301,'Semaine-11',634,,73941,26,,,1,70,,73938,26,,,2,33,,73942,26,,,1,75,,73940,26,,,2,25,,73939,26,,,1
2501,'Semaine-0',618,,63492,33,,,2,29,,63491,33,,,1,73,,63489,33,,,1,36,,63490,33,,,2,69,,63493,33,,,1,29,,63488,33,,,2
2501,'Semaine-10',618,,71422,33,,,2,29,,71421,33,,,1,73,,71419,33,,,1,36,,71420,33,,,2,69,,71423,33,,,1,29,,71418,33,,,2
2501,'Semaine-11',618,,73953,33,,,2,29,,73952,33,,,1,73,,73950,33,,,1,36,,73951,33,,,2,69,,73954,33,,,1,29,,73949,33,,,2
2701,'Semaine-0',633,,63511,36,,,1,86,,63512,36,,,1,91,,63509,36,,,1,27,,63510,36,,,2
2701,'Semaine-10',633,,71441,36,,,1,86,,71442,36,,,1,91,,71439,36,,,1,27,,71440,36,,,2
2701,'Semaine-11',633,,73972,36,,,1,86,,73973,36,,,1,91,,73970,36,,,1,27,,73971,36,,,2
3301,'Samedi-0',735,,66097,38,,,1,100,,66098,38,,,1,100,,66099,38,,,1,100,,66100,38,,,1,100,,66101,38,,,1,101,,66102,38,,,1,100,,66103,38,,,1,100,,66104,38,,,1,102,,66105,38,,,1,98,,66106,38,,,1,100,,66107,38,,,1,96,,66108,38,,,1,100,,66109,38,,,1,100,,66110,38,,,1,100,,66111,38,,,1,100,,66112,38,,,1,100,,66113,38,,,1,100,,66114,38,,,1
3301,'Samedi-10',735,,76505,38,,,1,100,,76506,38,,,1,100,,76507,38,,,1,100,,76508,38,,,1,100,,76509,38,,,1,101,,76510,38,,,1,100,,76511,38,,,1,100,,76512,38,,,1,102,,76513,38,,,1,98,,76514,38,,,1,100,,76515,38,,,1,96,,76516,38,,,1,100,,76517,38,,,1,100,,76518,38,,,1,100,,76519,38,,,1,100,,76520,38,,,1,100,,76521,38,,,1,100,,76522,38,,,1
3301,'Samedi-11',735,,70360,38,,,1,100,,70361,38,,,1,100,,70362,38,,,1,100,,70363,38,,,1,100,,70364,38,,,1,101,,70365,38,,,1,100,,70366,38,,,1,100,,70367,38,,,1,102,,70368,38,,,1,98,,70369,38,,,1,100,,70370,38,,,1,96,,70371,38,,,1,100,,70372,38,,,1,100,,70373,38,,,1,100,,70374,38,,,1,100,,70375,38,,,1,100,,70376,38,,,1,100,,70377,38,,,1
3301,'Dimanche-0',735,,68206,38,,,1,100,,68207,38,,,1,100,,68215,38,,,1,100,,68208,38,,,1,100,,68203,38,,,1,101,,68204,38,,,1,100,,68202,38,,,1,100,,68205,38,,,1,102,,68209,38,,,1,98,,68210,38,,,1,100,,68212,38,,,1,96,,68214,38,,,1,100,,68213,38,,,1,100,,68211,38,,,1,100,,68216,38,,,1,100,,68217,38,,,1,100,,68218,38,,,1,100,,68219,38,,,1
3301,'Dimanche-10',735,,69285,38,,,1,100,,69286,38,,,1,100,,69294,38,,,1,100,,69287,38,,,1,100,,69282,38,,,1,101,,69283,38,,,1,100,,69281,38,,,1,100,,69284,38,,,1,102,,69288,38,,,1,98,,69289,38,,,1,100,,69291,38,,,1,96,,69293,38,,,1,100,,69292,38,,,1,100,,69290,38,,,1,100,,69295,38,,,1,100,,69296,38,,,1,100,,69297,38,,,1,100,,69298,38,,,1
3301,'Dimanche-11',735,,66119,38,,,1,100,,66120,38,,,1,100,,66128,38,,,1,100,,66121,38,,,1,100,,66116,38,,,1,101,,66117,38,,,1,100,,66115,38,,,1,100,,66118,38,,,1,102,,66122,38,,,1,98,,66123,38,,,1,100,,66125,38,,,1,96,,66127,38,,,1,100,,66126,38,,,1,100,,66124,38,,,1,100,,66129,38,,,1,100,,66130,38,,,1,100,,66131,38,,,1,100,,66132,38,,,1
3301,'Semaine-0',621,,63781,38,,,1,20,,63789,38,,,1,18,,63766,38,,,1,55,,63786,38,,,1,21,,63782,38,,,1,10,,63777,38,,,1,11,,63797,38,,,1,53,,63795,38,,,1,15,,63784,38,,,1,12,,63772,38,,,1,10,,63788,38,,,1,54,,63762,38,,,1,30,,63774,38,,,1,70,,63780,38,,,1,30,,63770,38,,,1,70,,63791,38,,,1,30,,63775,38,,,1,70,,63767,38,,,1,30,,63769,38,,,1,16,,63787,38,,,1,55,,63796,38,,,1,26,,63778,38,,,1,29,,63768,38,,,1,70,,63773,38,,,1,33,,63776,38,,,1,62,,63798,38,,,1,19,,63779,38,,,1,18,,63783,38,,,1,63,,63764,38,,,1,20,,63794,38,,,1,61,,63771,38,,,1,27,,63761,38,,,1,29,,63758,38,,,1,72,,63792,38,,,1,70,,63765,38,,,1,30,,63760,38,,,1,100,,63763,38,,,1,74,,63785,38,,,1,100,,63790,38,,,2,100,,63759,38,,,1,100,,63793,38,,,1
3301,'Semaine-10',621,,71711,38,,,1,20,,71719,38,,,1,18,,71696,38,,,1,55,,71716,38,,,1,21,,71712,38,,,1,10,,71707,38,,,1,11,,71727,38,,,1,53,,71725,38,,,1,15,,71714,38,,,1,12,,71702,38,,,1,10,,71718,38,,,1,54,,71692,38,,,1,30,,71704,38,,,1,70,,71710,38,,,1,30,,71700,38,,,1,70,,71721,38,,,1,30,,71705,38,,,1,70,,71697,38,,,1,30,,71699,38,,,1,16,,71717,38,,,1,55,,71726,38,,,1,26,,71708,38,,,1,29,,71698,38,,,1,70,,71703,38,,,1,33,,71706,38,,,1,62,,71728,38,,,1,19,,71709,38,,,1,18,,71713,38,,,1,63,,71694,38,,,1,20,,71724,38,,,1,61,,71701,38,,,1,27,,71691,38,,,1,29,,71688,38,,,1,72,,71722,38,,,1,70,,71695,38,,,1,30,,71690,38,,,1,100,,71693,38,,,1,74,,71715,38,,,1,100,,71720,38,,,2,100,,71689,38,,,1,100,,71723,38,,,1
3301,'Semaine-11',621,,74242,38,,,1,20,,74250,38,,,1,18,,74227,38,,,1,55,,74247,38,,,1,21,,74243,38,,,1,10,,74238,38,,,1,11,,74258,38,,,1,53,,74256,38,,,1,15,,74245,38,,,1,12,,74233,38,,,1,10,,74249,38,,,1,54,,74223,38,,,1,30,,74235,38,,,1,70,,74241,38,,,1,30,,74231,38,,,1,70,,74252,38,,,1,30,,74236,38,,,1,70,,74228,38,,,1,30,,74230,38,,,1,16,,74248,38,,,1,55,,74257,38,,,1,26,,74239,38,,,1,29,,74229,38,,,1,70,,74234,38,,,1,33,,74237,38,,,1,62,,74259,38,,,1,19,,74240,38,,,1,18,,74244,38,,,1,63,,74225,38,,,1,20,,74255,38,,,1,61,,74232,38,,,1,27,,74222,38,,,1,29,,74219,38,,,1,72,,74253,38,,,1,70,,74226,38,,,1,30,,74221,38,,,1,100,,74224,38,,,1,74,,74246,38,,,1,100,,74251,38,,,2,100,,74220,38,,,1,100,,74254,38,,,1
