3600,'Semaine-0',907,,63929,15,,,1,100,,63930,15,,,1,101,,63928,15,,,1,100,,63931,15,,,1,100,,63933,15,,,1,100,,63934,15,,,1,99,,63932,15,,,1
3600,'Semaine-10',907,,71859,15,,,1,100,,71860,15,,,1,101,,71858,15,,,1,100,,71861,15,,,1,100,,71863,15,,,1,100,,71864,15,,,1,99,,71862,15,,,1
3600,'Semaine-11',907,,74390,15,,,1,100,,74391,15,,,1,101,,74389,15,,,1,100,,74392,15,,,1,100,,74394,15,,,1,100,,74395,15,,,1,99,,74393,15,,,1
3700,'Samedi-0',730,,66265,15,,,1,100,,66266,15,,,1,100,,66268,15,,,1,101,,66269,15,,,1,100,,66267,15,,,1,100,,66270,15,,,1,100,,66271,15,,,1,100,,66272,15,,,1,100,,66273,15,,,1,100,,66274,15,,,1,100,,66275,15,,,1,100,,66276,15,,,1,99,,66277,15,,,1,100,,66278,15,,,1,100,,66279,15,,,1,100,,66280,15,,,1,99,,66281,15,,,1,100,,66282,15,,,1
3700,'Samedi-10',730,,76589,15,,,1,100,,76590,15,,,1,100,,76592,15,,,1,101,,76593,15,,,1,100,,76591,15,,,1,100,,76594,15,,,1,100,,76595,15,,,1,100,,76596,15,,,1,100,,76597,15,,,1,100,,76598,15,,,1,100,,76599,15,,,1,100,,76600,15,,,1,99,,76601,15,,,1,100,,76602,15,,,1,100,,76603,15,,,1,100,,76604,15,,,1,99,,76605,15,,,1,100,,76606,15,,,1
3700,'Samedi-11',730,,70444,15,,,1,100,,70445,15,,,1,100,,70447,15,,,1,101,,70448,15,,,1,100,,70446,15,,,1,100,,70449,15,,,1,100,,70450,15,,,1,100,,70451,15,,,1,100,,70452,15,,,1,100,,70453,15,,,1,100,,70454,15,,,1,100,,70455,15,,,1,99,,70456,15,,,1,100,,70457,15,,,1,100,,70458,15,,,1,100,,70459,15,,,1,99,,70460,15,,,1,100,,70461,15,,,1
3700,'Dimanche-0',730,,68288,15,,,1,100,,68291,15,,,1,100,,68293,15,,,1,101,,68289,15,,,1,100,,68286,15,,,1,100,,68290,15,,,1,100,,68287,15,,,1,100,,68292,15,,,1,100,,68294,15,,,1,100,,68296,15,,,1,100,,68295,15,,,1,100,,68299,15,,,1,99,,68298,15,,,1,100,,68297,15,,,1,100,,68300,15,,,1,100,,68301,15,,,1,99,,68302,15,,,1,100,,68303,15,,,1
3700,'Dimanche-10',730,,69367,15,,,1,100,,69370,15,,,1,100,,69372,15,,,1,101,,69368,15,,,1,100,,69365,15,,,1,100,,69369,15,,,1,100,,69366,15,,,1,100,,69371,15,,,1,100,,69373,15,,,1,100,,69375,15,,,1,100,,69374,15,,,1,100,,69378,15,,,1,99,,69377,15,,,1,100,,69376,15,,,1,100,,69379,15,,,1,100,,69380,15,,,1,99,,69381,15,,,1,100,,69382,15,,,1
3700,'Dimanche-11',730,,66285,15,,,1,100,,66288,15,,,1,100,,66290,15,,,1,101,,66286,15,,,1,100,,66283,15,,,1,100,,66287,15,,,1,100,,66284,15,,,1,100,,66289,15,,,1,100,,66291,15,,,1,100,,66293,15,,,1,100,,66292,15,,,1,100,,66296,15,,,1,99,,66295,15,,,1,100,,66294,15,,,1,100,,66297,15,,,1,100,,66298,15,,,1,99,,66299,15,,,1,100,,66300,15,,,1
3700,'Semaine-0',648,,63963,15,,,1,81,,63969,15,,,1,74,,63960,15,,,1,28,,63944,15,,,1,69,,63958,15,,,1,49,,63950,15,,,1,100,,63946,15,,,1,100,,63947,15,,,1,100,,63948,15,,,1,100,,63949,15,,,1,100,,63955,15,,,1,88,,63956,15,,,1,16,,63957,15,,,1,55,,63943,15,,,1,15,,63965,15,,,1,25,,63952,15,,,1,70,,63961,15,,,1,23,,63951,15,,,1,68,,63945,15,,,1,29,,63942,15,,,1,68,,63953,15,,,1,30,,63968,15,,,1,69,,63959,15,,,1,36,,63970,15,,,1,99,,63966,15,,,1,100,,63954,15,,,1,100,,63964,15,,,1,99,,63967,15,,,1,15,,63962,15,,,1
3700,'Semaine-10',648,,71893,15,,,1,81,,71899,15,,,1,74,,71890,15,,,1,28,,71874,15,,,1,69,,71888,15,,,1,49,,71880,15,,,1,100,,71876,15,,,1,100,,71877,15,,,1,100,,71878,15,,,1,100,,71879,15,,,1,100,,71885,15,,,1,88,,71886,15,,,1,16,,71887,15,,,1,55,,71873,15,,,1,15,,71895,15,,,1,25,,71882,15,,,1,70,,71891,15,,,1,23,,71881,15,,,1,68,,71875,15,,,1,29,,71872,15,,,1,68,,71883,15,,,1,30,,71898,15,,,1,69,,71889,15,,,1,36,,71900,15,,,1,99,,71896,15,,,1,100,,71884,15,,,1,100,,71894,15,,,1,99,,71897,15,,,1,15,,71892,15,,,1
3700,'Semaine-11',648,,74424,15,,,1,81,,74430,15,,,1,74,,74421,15,,,1,28,,74405,15,,,1,69,,74419,15,,,1,49,,74411,15,,,1,100,,74407,15,,,1,100,,74408,15,,,1,100,,74409,15,,,1,100,,74410,15,,,1,100,,74416,15,,,1,88,,74417,15,,,1,16,,74418,15,,,1,55,,74404,15,,,1,15,,74426,15,,,1,25,,74413,15,,,1,70,,74422,15,,,1,23,,74412,15,,,1,68,,74406,15,,,1,29,,74403,15,,,1,68,,74414,15,,,1,30,,74429,15,,,1,69,,74420,15,,,1,36,,74431,15,,,1,99,,74427,15,,,1,100,,74415,15,,,1,100,,74425,15,,,1,99,,74428,15,,,1,15,,74423,15,,,1
3800,'Samedi-0',742,,66342,13,,,1,72,,66335,13,,,1,20,,66336,13,,,1,80,,66347,13,,,1,29,,66339,13,,,1,71,,66337,13,,,1,28,,66348,13,,,1,72,,66340,13,,,1,28,,66346,13,,,1,71,,66338,13,,,1,27,,66341,13,,,1,74,,66345,13,,,1,26,,66343,13,,,1,74,,66344,13,,,1,30,,66349,13,,,1,71,,66350,13,,,1,30,,66351,13,,,1,69,,66352,13,,,1,21,,66353,13,,,1,79,,66354,13,,,1,30,,66355,13,,,1,70,,66356,13,,,1,30,,66357,13,,,1,70,,66358,13,,,1,31,,66359,13,,,1,69,,66360,13,,,1,30,,66362,13,,,1,70,,66361,13,,,1,29,,66364,13,,,1,70,,66363,13,,,1,30,,66365,13,,,1,70,,66366,13,,,1,30,,66367,13,,,1
3800,'Samedi-10',742,,76631,13,,,1,72,,76624,13,,,1,20,,76625,13,,,1,80,,76636,13,,,1,29,,76628,13,,,1,71,,76626,13,,,1,28,,76637,13,,,1,72,,76629,13,,,1,28,,76635,13,,,1,71,,76627,13,,,1,27,,76630,13,,,1,74,,76634,13,,,1,26,,76632,13,,,1,74,,76633,13,,,1,30,,76638,13,,,1,71,,76639,13,,,1,30,,76640,13,,,1,69,,76641,13,,,1,21,,76642,13,,,1,79,,76643,13,,,1,30,,76644,13,,,1,70,,76645,13,,,1,30,,76646,13,,,1,70,,76647,13,,,1,31,,76648,13,,,1,69,,76649,13,,,1,30,,76651,13,,,1,70,,76650,13,,,1,29,,76653,13,,,1,70,,76652,13,,,1,30,,76654,13,,,1,70,,76655,13,,,1,30,,76656,13,,,1
3800,'Samedi-11',742,,70486,13,,,1,72,,70479,13,,,1,20,,70480,13,,,1,80,,70491,13,,,1,29,,70483,13,,,1,71,,70481,13,,,1,28,,70492,13,,,1,72,,70484,13,,,1,28,,70490,13,,,1,71,,70482,13,,,1,27,,70485,13,,,1,74,,70489,13,,,1,26,,70487,13,,,1,74,,70488,13,,,1,30,,70493,13,,,1,71,,70494,13,,,1,30,,70495,13,,,1,69,,70496,13,,,1,21,,70497,13,,,1,79,,70498,13,,,1,30,,70499,13,,,1,70,,70500,13,,,1,30,,70501,13,,,1,70,,70502,13,,,1,31,,70503,13,,,1,69,,70504,13,,,1,30,,70506,13,,,1,70,,70505,13,,,1,29,,70508,13,,,1,70,,70507,13,,,1,30,,70509,13,,,1,70,,70510,13,,,1,30,,70511,13,,,1
3800,'Dimanche-0',742,,68324,13,,,1,72,,68329,13,,,1,20,,68332,13,,,1,80,,68330,13,,,1,29,,68323,13,,,1,71,,68345,13,,,1,28,,68322,13,,,1,72,,68325,13,,,1,28,,68346,13,,,1,71,,68344,13,,,1,27,,68326,13,,,1,74,,68336,13,,,1,26,,68333,13,,,1,74,,68327,13,,,1,30,,68331,13,,,1,71,,68338,13,,,1,30,,68321,13,,,1,69,,68328,13,,,1,21,,68335,13,,,1,79,,68340,13,,,1,30,,68334,13,,,1,70,,68342,13,,,1,30,,68339,13,,,1,70,,68343,13,,,1,31,,68341,13,,,1,69,,68337,13,,,1,30,,68347,13,,,1,70,,68348,13,,,1,29,,68349,13,,,1,70,,68350,13,,,1,30,,68351,13,,,1,70,,68352,13,,,1,30,,68353,13,,,1
3800,'Dimanche-10',742,,69403,13,,,1,72,,69408,13,,,1,20,,69411,13,,,1,80,,69409,13,,,1,29,,69402,13,,,1,71,,69424,13,,,1,28,,69401,13,,,1,72,,69404,13,,,1,28,,69425,13,,,1,71,,69423,13,,,1,27,,69405,13,,,1,74,,69415,13,,,1,26,,69412,13,,,1,74,,69406,13,,,1,30,,69410,13,,,1,71,,69417,13,,,1,30,,69400,13,,,1,69,,69407,13,,,1,21,,69414,13,,,1,79,,69419,13,,,1,30,,69413,13,,,1,70,,69421,13,,,1,30,,69418,13,,,1,70,,69422,13,,,1,31,,69420,13,,,1,69,,69416,13,,,1,30,,69426,13,,,1,70,,69427,13,,,1,29,,69428,13,,,1,70,,69429,13,,,1,30,,69430,13,,,1,70,,69431,13,,,1,30,,69432,13,,,1
3800,'Dimanche-11',742,,66371,13,,,1,72,,66376,13,,,1,20,,66379,13,,,1,80,,66377,13,,,1,29,,66370,13,,,1,71,,66392,13,,,1,28,,66369,13,,,1,72,,66372,13,,,1,28,,66393,13,,,1,71,,66391,13,,,1,27,,66373,13,,,1,74,,66383,13,,,1,26,,66380,13,,,1,74,,66374,13,,,1,30,,66378,13,,,1,71,,66385,13,,,1,30,,66368,13,,,1,69,,66375,13,,,1,21,,66382,13,,,1,79,,66387,13,,,1,30,,66381,13,,,1,70,,66389,13,,,1,30,,66386,13,,,1,70,,66390,13,,,1,31,,66388,13,,,1,69,,66384,13,,,1,30,,66394,13,,,1,70,,66395,13,,,1,29,,66396,13,,,1,70,,66397,13,,,1,30,,66398,13,,,1,70,,66399,13,,,1,30,,66400,13,,,1
3800,'Semaine-0',654,,64012,13,,,1,59,,64028,13,,,1,32,,64023,13,,,1,70,,64036,13,,,1,30,,64033,13,,,1,70,,64009,13,,,1,20,,64005,13,,,1,20,,64016,13,,,1,60,,64001,13,,,1,20,,64025,13,,,1,20,,64010,13,,,1,61,,64006,13,,,1,20,,64017,13,,,1,20,,64002,13,,,1,60,,64024,13,,,1,20,,64035,13,,,1,20,,64007,13,,,1,60,,64018,13,,,1,20,,64026,13,,,1,20,,64037,13,,,1,60,,64011,13,,,1,21,,64008,13,,,1,21,,64019,13,,,1,70,,64032,13,,,1,72,,63997,13,,,1,30,,64021,13,,,1,74,,64030,13,,,1,24,,64020,13,,,1,28,,64034,13,,,1,69,,64000,13,,,1,29,,64031,13,,,1,69,,64014,13,,,1,31,,64022,13,,,1,71,,64027,13,,,1,28,,64029,13,,,1,70,,64013,13,,,1,30,,63999,13,,,1,70,,64015,13,,,1,30,,64003,13,,,1,70,,63998,13,,,1,30,,63996,13,,,1,68,,64004,13,,,1
3800,'Semaine-10',654,,71942,13,,,1,59,,71958,13,,,1,32,,71953,13,,,1,70,,71966,13,,,1,30,,71963,13,,,1,70,,71939,13,,,1,20,,71935,13,,,1,20,,71946,13,,,1,60,,71931,13,,,1,20,,71955,13,,,1,20,,71940,13,,,1,61,,71936,13,,,1,20,,71947,13,,,1,20,,71932,13,,,1,60,,71954,13,,,1,20,,71965,13,,,1,20,,71937,13,,,1,60,,71948,13,,,1,20,,71956,13,,,1,20,,71967,13,,,1,60,,71941,13,,,1,21,,71938,13,,,1,21,,71949,13,,,1,70,,71962,13,,,1,72,,71927,13,,,1,30,,71951,13,,,1,74,,71960,13,,,1,24,,71950,13,,,1,28,,71964,13,,,1,69,,71930,13,,,1,29,,71961,13,,,1,69,,71944,13,,,1,31,,71952,13,,,1,71,,71957,13,,,1,28,,71959,13,,,1,70,,71943,13,,,1,30,,71929,13,,,1,70,,71945,13,,,1,30,,71933,13,,,1,70,,71928,13,,,1,30,,71926,13,,,1,68,,71934,13,,,1
3800,'Semaine-11',654,,74473,13,,,1,59,,74489,13,,,1,32,,74484,13,,,1,70,,74497,13,,,1,30,,74494,13,,,1,70,,74470,13,,,1,20,,74466,13,,,1,20,,74477,13,,,1,60,,74462,13,,,1,20,,74486,13,,,1,20,,74471,13,,,1,61,,74467,13,,,1,20,,74478,13,,,1,20,,74463,13,,,1,60,,74485,13,,,1,20,,74496,13,,,1,20,,74468,13,,,1,60,,74479,13,,,1,20,,74487,13,,,1,20,,74498,13,,,1,60,,74472,13,,,1,21,,74469,13,,,1,21,,74480,13,,,1,70,,74493,13,,,1,72,,74458,13,,,1,30,,74482,13,,,1,74,,74491,13,,,1,24,,74481,13,,,1,28,,74495,13,,,1,69,,74461,13,,,1,29,,74492,13,,,1,69,,74475,13,,,1,31,,74483,13,,,1,71,,74488,13,,,1,28,,74490,13,,,1,70,,74474,13,,,1,30,,74460,13,,,1,70,,74476,13,,,1,30,,74464,13,,,1,70,,74459,13,,,1,30,,74457,13,,,1,68,,74465,13,,,1
37100,'Samedi-0',800,,67718,15,,,1,100,,67722,15,,,1,100,,67717,15,,,1,101,,67723,15,,,1,100,,67719,15,,,1,100,,67720,15,,,1,100,,67721,15,,,1,100,,67724,15,,,1,100,,67725,15,,,1,100,,67726,15,,,1,100,,67727,15,,,1,100,,67728,15,,,1,100,,67729,15,,,1,99,,67730,15,,,1,100,,67731,15,,,1,100,,67732,15,,,1,59,,67733,15,,,1
37100,'Samedi-10',800,,77316,15,,,1,100,,77320,15,,,1,100,,77315,15,,,1,101,,77321,15,,,1,100,,77317,15,,,1,100,,77318,15,,,1,100,,77319,15,,,1,100,,77322,15,,,1,100,,77323,15,,,1,100,,77324,15,,,1,100,,77325,15,,,1,100,,77326,15,,,1,100,,77327,15,,,1,99,,77328,15,,,1,100,,77329,15,,,1,100,,77330,15,,,1,59,,77331,15,,,1
37100,'Samedi-11',800,,71171,15,,,1,100,,71175,15,,,1,100,,71170,15,,,1,101,,71176,15,,,1,100,,71172,15,,,1,100,,71173,15,,,1,100,,71174,15,,,1,100,,71177,15,,,1,100,,71178,15,,,1,100,,71179,15,,,1,100,,71180,15,,,1,100,,71181,15,,,1,100,,71182,15,,,1,99,,71183,15,,,1,100,,71184,15,,,1,100,,71185,15,,,1,59,,71186,15,,,1
37100,'Dimanche-0',800,,69012,15,,,1,100,,69014,15,,,1,100,,69016,15,,,1,101,,69017,15,,,1,100,,69024,15,,,1,100,,69013,15,,,1,100,,69018,15,,,1,100,,69015,15,,,1,100,,69020,15,,,1,100,,69022,15,,,1,100,,69023,15,,,1,100,,69021,15,,,1,100,,69019,15,,,1,99,,69025,15,,,1,100,,69026,15,,,1,100,,69027,15,,,1,59,,69028,15,,,1
37100,'Dimanche-10',800,,70091,15,,,1,100,,70093,15,,,1,100,,70095,15,,,1,101,,70096,15,,,1,100,,70103,15,,,1,100,,70092,15,,,1,100,,70097,15,,,1,100,,70094,15,,,1,100,,70099,15,,,1,100,,70101,15,,,1,100,,70102,15,,,1,100,,70100,15,,,1,100,,70098,15,,,1,99,,70104,15,,,1,100,,70105,15,,,1,100,,70106,15,,,1,59,,70107,15,,,1
37100,'Dimanche-11',800,,67734,15,,,1,100,,67736,15,,,1,100,,67738,15,,,1,101,,67739,15,,,1,100,,67746,15,,,1,100,,67735,15,,,1,100,,67740,15,,,1,100,,67737,15,,,1,100,,67742,15,,,1,100,,67744,15,,,1,100,,67745,15,,,1,100,,67743,15,,,1,100,,67741,15,,,1,99,,67747,15,,,1,100,,67748,15,,,1,100,,67749,15,,,1,59,,67750,15,,,1
37100,'Semaine-0',707,,65591,15,,,1,33,,65588,15,,,1,70,,65584,15,,,1,29,,65579,15,,,1,90,,65598,15,,,1,98,,65583,15,,,1,101,,65585,15,,,1,100,,65597,15,,,1,100,,65592,15,,,1,103,,65581,15,,,1,91,,65593,15,,,1,19,,65602,15,,,1,16,,65582,15,,,1,55,,65603,15,,,1,26,,65578,15,,,1,20,,65587,15,,,1,68,,65594,15,,,1,25,,65600,15,,,1,68,,65599,15,,,1,30,,65589,15,,,1,69,,65601,15,,,1,30,,65604,15,,,1,70,,65590,15,,,1,95,,65586,15,,,1,100,,65596,15,,,1,100,,65595,15,,,1,98,,65580,15,,,1
37100,'Semaine-10',707,,73521,15,,,1,33,,73518,15,,,1,70,,73514,15,,,1,29,,73509,15,,,1,90,,73528,15,,,1,98,,73513,15,,,1,101,,73515,15,,,1,100,,73527,15,,,1,100,,73522,15,,,1,103,,73511,15,,,1,91,,73523,15,,,1,19,,73532,15,,,1,16,,73512,15,,,1,55,,73533,15,,,1,26,,73508,15,,,1,20,,73517,15,,,1,68,,73524,15,,,1,25,,73530,15,,,1,68,,73529,15,,,1,30,,73519,15,,,1,69,,73531,15,,,1,30,,73534,15,,,1,70,,73520,15,,,1,95,,73516,15,,,1,100,,73526,15,,,1,100,,73525,15,,,1,98,,73510,15,,,1
37100,'Semaine-11',707,,76052,15,,,1,33,,76049,15,,,1,70,,76045,15,,,1,29,,76040,15,,,1,90,,76059,15,,,1,98,,76044,15,,,1,101,,76046,15,,,1,100,,76058,15,,,1,100,,76053,15,,,1,103,,76042,15,,,1,91,,76054,15,,,1,19,,76063,15,,,1,16,,76043,15,,,1,55,,76064,15,,,1,26,,76039,15,,,1,20,,76048,15,,,1,68,,76055,15,,,1,25,,76061,15,,,1,68,,76060,15,,,1,30,,76050,15,,,1,69,,76062,15,,,1,30,,76065,15,,,1,70,,76051,15,,,1,95,,76047,15,,,1,100,,76057,15,,,1,100,,76056,15,,,1,98,,76041,15,,,1
43700,'Semaine-0',726,,65832,11,0,9 14,1,2,,65833,7,0,9 14,2
43700,'Semaine-10',726,,73762,11,0,9 14,1,2,,73763,7,0,9 14,2
43700,'Semaine-11',726,,76293,11,0,9 14,1,2,,76294,7,0,9 14,2
