2001,'Semaine-0',1603,,63468,25,4,,1,99,,63470,25,4,,1,100,,63469,25,4,,1
2001,'Semaine-10',1603,,71398,25,4,,1,99,,71400,25,4,,1,100,,71399,25,4,,1
2701,'Semaine-0',646,,63511,45,4,,1,89,,63512,45,4,,1,91,,63509,45,4,,1,28,,63510,45,4,,2
2701,'Semaine-10',646,,71441,45,4,,1,89,,71442,45,4,,1,91,,71439,45,4,,1,28,,71440,45,4,,2
9301,'Semaine-0',656,,65412,58,4,,2,60,,65410,58,4,,1,22,,65409,58,4,,1,77,,65413,58,4,,1,30,,65411,58,4,,2
9301,'Semaine-10',656,,73342,58,4,,2,60,,73340,58,4,,1,22,,73339,58,4,,1,77,,73343,58,4,,1,30,,73341,58,4,,2
9401,'Semaine-0',616,,65414,48,4,,1
9401,'Semaine-10',616,,73344,48,4,,1
9501,'Semaine-0',647,,65429,71,4,,1,55,,65425,71,4,,1,13,,65427,71,4,,1,22,,65432,71,4,,1,20,,65428,71,4,,2,55,,65430,71,4,,2,14,,65431,71,4,,2,16,,65426,71,4,,2
9501,'Semaine-10',647,,73359,71,4,,1,55,,73355,71,4,,1,13,,73357,71,4,,1,22,,73362,71,4,,1,20,,73358,71,4,,2,55,,73360,71,4,,2,14,,73361,71,4,,2,16,,73356,71,4,,2
9801,'Semaine-0',602,,65470,61,4,,2,10,,65471,61,4,,1,10,,65472,61,4,,1
9801,'Semaine-10',602,,73400,61,4,,2,10,,73401,61,4,,1,10,,73402,61,4,,1
