9700,'Samedi-0',835,,67653,24,,,1,100,,67656,24,,,1,100,,67651,24,,,1,100,,67652,24,,,1,101,,67655,24,,,1,99,,67654,24,,,1,100,,67657,24,,,1,100,,67658,24,,,1,100,,67659,24,,,1,101,,67660,24,,,1,100,,67665,24,,,1,100,,67661,24,,,1,100,,67662,24,,,1,100,,67663,24,,,1,99,,67664,24,,,1,100,,67666,24,,,1,100,,67667,24,,,1
9700,'Samedi-11',835,,71139,24,,,1,100,,71142,24,,,1,100,,71137,24,,,1,100,,71138,24,,,1,101,,71141,24,,,1,99,,71140,24,,,1,100,,71143,24,,,1,100,,71144,24,,,1,100,,71145,24,,,1,101,,71146,24,,,1,100,,71151,24,,,1,100,,71147,24,,,1,100,,71148,24,,,1,100,,71149,24,,,1,99,,71150,24,,,1,100,,71152,24,,,1,100,,71153,24,,,1
9700,'Dimanche-0',835,,68980,24,,,1,100,,68986,24,,,1,100,,68985,24,,,1,100,,68979,24,,,1,101,,68983,24,,,1,99,,68981,24,,,1,100,,68982,24,,,1,100,,68984,24,,,1,100,,68987,24,,,1,101,,68988,24,,,1,100,,68990,24,,,1,100,,68989,24,,,1,100,,68991,24,,,1,100,,68992,24,,,1,99,,68993,24,,,1,100,,68994,24,,,1,100,,68995,24,,,1
9700,'Dimanche-10',835,,70059,24,,,1,100,,70065,24,,,1,100,,70064,24,,,1,100,,70058,24,,,1,101,,70062,24,,,1,99,,70060,24,,,1,100,,70061,24,,,1,100,,70063,24,,,1,100,,70066,24,,,1,101,,70067,24,,,1,100,,70069,24,,,1,100,,70068,24,,,1,100,,70070,24,,,1,100,,70071,24,,,1,99,,70072,24,,,1,100,,70073,24,,,1,100,,70074,24,,,1
9700,'Dimanche-11',835,,67669,24,,,1,100,,67675,24,,,1,100,,67674,24,,,1,100,,67668,24,,,1,101,,67672,24,,,1,99,,67670,24,,,1,100,,67671,24,,,1,100,,67673,24,,,1,100,,67676,24,,,1,101,,67677,24,,,1,100,,67679,24,,,1,100,,67678,24,,,1,100,,67680,24,,,1,100,,67681,24,,,1,99,,67682,24,,,1,100,,67683,24,,,1,100,,67684,24,,,1
9700,'Semaine-0',702,,65433,24,,,1,31,,65434,24,,,2,99,,65435,24,,,1,100,,65436,24,,,1,100,,65437,24,,,1,99,,65438,24,,,1,101,,65439,24,,,1,100,,65440,24,,,1,101,,65441,24,,,1,100,,65442,24,,,1,101,,65443,24,,,1,101,,65450,28,,,1,98,,65451,28,,,1,70,,65452,28,,,1,30,,65444,24,,,1,100,,65445,24,,,1,98,,65446,24,,,1,102,,65447,24,,,1,98,,65448,24,,,2,100,,65449,24,,,1
9700,'Semaine-10',702,,73363,24,,,1,31,,73364,24,,,2,99,,73365,24,,,1,100,,73366,24,,,1,100,,73367,24,,,1,99,,73368,24,,,1,101,,73369,24,,,1,100,,73370,24,,,1,101,,73371,24,,,1,100,,73372,24,,,1,101,,73373,24,,,1,101,,73380,28,,,1,98,,73381,28,,,1,70,,73382,28,,,1,30,,73374,24,,,1,100,,73375,24,,,1,98,,73376,24,,,1,102,,73377,24,,,1,98,,73378,24,,,2,100,,73379,24,,,1
9700,'Semaine-11',702,,75894,24,,,1,31,,75895,24,,,2,99,,75896,24,,,1,100,,75897,24,,,1,100,,75898,24,,,1,99,,75899,24,,,1,101,,75900,24,,,1,100,,75901,24,,,1,101,,75902,24,,,1,100,,75903,24,,,1,101,,75904,24,,,1,101,,75911,28,,,1,98,,75912,28,,,1,70,,75913,28,,,1,30,,75905,24,,,1,100,,75906,24,,,1,98,,75907,24,,,1,102,,75908,24,,,1,98,,75909,24,,,2,100,,75910,24,,,1
29700,'Semaine-0',735,,65564,20,0,19,2,2,,65565,20,0,19,1
29700,'Semaine-10',735,,73494,20,0,19,2,2,,73495,20,0,19,1
29700,'Semaine-11',735,,76025,20,0,19,2,2,,76026,20,0,19,1
