3101,'Semaine-0',522,,63574,3,,,1,36,,63608,3,,,1,73,,63588,3,,,1,70,,63575,3,,,1,16,,63611,3,,,1,17,,63571,3,,,1,15,,63613,3,,,1,52,,63585,3,,,1,15,,63586,3,,,1,15,,63605,3,,,1,15,,63576,3,,,1,60,,63578,3,,,1,20,,63603,3,,,1,20,,63595,3,,,1,60,,63604,3,,,1,20,,63577,3,,,1,20,,63579,3,,,1,60,,63599,3,,,1,20,,63609,3,,,1,20,,63598,3,,,1,60,,63580,3,,,1,20,,63572,3,,,1,20,,63602,3,,,1,60,,63612,3,,,1,20,,63597,3,,,1,20,,63581,3,,,1,57,,63600,3,,,1,23,,63601,3,,,1,20,,63610,3,,,1,60,,63596,3,,,1,19,,63582,3,,,1,21,,63593,3,,,1,61,,63594,3,,,1,20,,63583,3,,,1,20,,63589,3,,,1,60,,63573,3,,,1,20,,63606,3,,,1,19,,63614,3,,,1,65,,63584,3,,,1,100,,63607,3,,,1,100,,63590,3,,,1,100,,63587,3,,,1,100,,63591,3,,,1,100,,63592,3,,,1
3300,'Semaine-0',648,,63741,32,,,1,60,,63740,32,,,1,19,,63747,32,,,1,74,,63720,32,,,1,13,,63734,32,,,1,19,,63742,32,,,1,16,,63755,32,,,1,57,,63748,32,,,1,27,,63732,32,,,1,26,,63750,32,,,1,71,,63735,32,,,1,78,,63725,32,,,1,21,,63744,32,,,1,20,,63730,32,,,1,60,,63737,32,,,1,20,,63726,32,,,1,22,,63752,32,,,1,58,,63733,32,,,1,20,,63754,32,,,1,72,,63739,32,,,1,29,,63727,32,,,1,20,,63749,32,,,1,60,,63745,32,,,1,22,,63738,32,,,1,23,,63717,32,,,1,61,,63729,32,,,1,12,,63736,32,,,1,13,,63753,32,,,1,17,,63751,32,,,1,65,,63746,32,,,1,20,,63724,32,,,1,59,,63723,32,,,1,15,,63728,32,,,1,18,,63716,32,,,1,18,,63721,32,,,1,81,,63756,32,,,1,73,,63731,32,,,1,98,,63722,32,,,1,102,,63718,32,,,1,100,,63743,32,,,2,100,,63757,32,,,1,103,,63719,32,,,1
3500,'Semaine-0',1535,,63876,41,,,2,112,,63881,41,,,1,70,,63885,41,,,1,93,,63868,41,,,1,92,,63895,41,,,1,126,,63874,41,,,1,100,,63888,41,,,1,100,,63892,41,,,1
33100,'Semaine-0',820,,65576,15,0,7 8,1
42500,'Semaine-0',736,,65817,37,0,9 14,1,2,,65818,37,0,9 14,2
42600,'Semaine-0',739,,65820,18,0,9 14,1,1,,65821,18,0,9 14,1
42900,'Semaine-0',740,,65823,24,0,9 14,1,2,,65824,24,0,9 14,2
43100,'Semaine-0',1456,,65827,2,0,9 14,1
43300,'Semaine-0',1456,,65830,2,0,9 14,2
43700,'Semaine-0',749,,65832,39,0,9 14,1,2,,65833,35,0,9 14,2
44900,'Semaine-0',742,,65836,38,0,9 14,1
56600,'Semaine-0',1527,,65849,11,0,5 6,1
73300,'Semaine-0',1639,,65879,28,,,1
83101,'Semaine-0',754,,65980,3,0,9 12 13,2,2,,65981,3,0,9 12 13,1
