2001,'Semaine-0',1534,,63468,5,,,1,100,,63470,5,,,1,100,,63469,5,,,1
2001,'Semaine-10',1534,,71398,5,,,1,100,,71400,5,,,1,100,,71399,5,,,1
2701,'Semaine-0',623,,63511,21,,,1,85,,63512,21,,,1,51,,63509,21,,,1,65,,63510,21,,,2
2701,'Semaine-10',623,,71441,21,,,1,85,,71442,21,,,1,51,,71439,21,,,1,65,,71440,21,,,2
3901,'Samedi-0',609,,66515,5,,,1,100,,66517,5,,,1,100,,66521,5,,,1,100,,66520,5,,,1,100,,66523,5,,,1,100,,66522,5,,,1,100,,66518,5,,,1,30,,66516,5,,,1,70,,66524,5,,,1,30,,66519,5,,,1,70,,66525,5,,,1,30,,66526,5,,,1,70,,66527,5,,,1,30,,66528,5,,,1,70,,66529,5,,,1,30,,66530,5,,,1,70,,66531,5,,,1,30,,66532,5,,,1,70,,66533,5,,,1,30,,66534,5,,,1,100,,66535,5,,,1,100,,66536,5,,,1,100,,66537,5,,,1,100,,66538,5,,,1
3901,'Samedi-11',609,,70569,5,,,1,100,,70571,5,,,1,100,,70575,5,,,1,100,,70574,5,,,1,100,,70577,5,,,1,100,,70576,5,,,1,100,,70572,5,,,1,30,,70570,5,,,1,70,,70578,5,,,1,30,,70573,5,,,1,70,,70579,5,,,1,30,,70580,5,,,1,70,,70581,5,,,1,30,,70582,5,,,1,70,,70583,5,,,1,30,,70584,5,,,1,70,,70585,5,,,1,30,,70586,5,,,1,70,,70587,5,,,1,30,,70588,5,,,1,100,,70589,5,,,1,100,,70590,5,,,1,100,,70591,5,,,1,100,,70592,5,,,1
3901,'Dimanche-0',609,,68411,5,,,1,100,,68418,5,,,1,100,,68421,5,,,1,100,,68414,5,,,1,100,,68416,5,,,1,100,,68417,5,,,1,100,,68420,5,,,1,30,,68413,5,,,1,70,,68415,5,,,1,30,,68422,5,,,1,70,,68412,5,,,1,30,,68424,5,,,1,70,,68419,5,,,1,30,,68426,5,,,1,70,,68429,5,,,1,30,,68431,5,,,1,70,,68427,5,,,1,30,,68428,5,,,1,70,,68430,5,,,1,30,,68423,5,,,1,100,,68425,5,,,1,100,,68432,5,,,1,100,,68433,5,,,1,100,,68434,5,,,1
3901,'Dimanche-10',609,,69490,5,,,1,100,,69497,5,,,1,100,,69500,5,,,1,100,,69493,5,,,1,100,,69495,5,,,1,100,,69496,5,,,1,100,,69499,5,,,1,30,,69492,5,,,1,70,,69494,5,,,1,30,,69501,5,,,1,70,,69491,5,,,1,30,,69503,5,,,1,70,,69498,5,,,1,30,,69505,5,,,1,70,,69508,5,,,1,30,,69510,5,,,1,70,,69506,5,,,1,30,,69507,5,,,1,70,,69509,5,,,1,30,,69502,5,,,1,100,,69504,5,,,1,100,,69511,5,,,1,100,,69512,5,,,1,100,,69513,5,,,1
3901,'Dimanche-11',609,,66539,5,,,1,100,,66546,5,,,1,100,,66549,5,,,1,100,,66542,5,,,1,100,,66544,5,,,1,100,,66545,5,,,1,100,,66548,5,,,1,30,,66541,5,,,1,70,,66543,5,,,1,30,,66550,5,,,1,70,,66540,5,,,1,30,,66552,5,,,1,70,,66547,5,,,1,30,,66554,5,,,1,70,,66557,5,,,1,30,,66559,5,,,1,70,,66555,5,,,1,30,,66556,5,,,1,70,,66558,5,,,1,30,,66551,5,,,1,100,,66553,5,,,1,100,,66560,5,,,1,100,,66561,5,,,1,100,,66562,5,,,1
3901,'Semaine-0',629,,64138,5,,,1,26,,64127,5,,,1,78,,64128,5,,,1,73,,64124,5,,,1,32,,64130,5,,,1,70,,64132,5,,,2,30,,64139,5,,,1,70,,64150,5,,,1,30,,64145,5,,,2,70,,64140,5,,,1,30,,64125,5,,,1,69,,64134,5,,,1,31,,64141,5,,,1,70,,64126,5,,,2,30,,64123,5,,,1,72,,64142,5,,,1,29,,64135,5,,,1,70,,64116,5,,,1,31,,64143,5,,,2,68,,64121,5,,,1,31,,64118,5,,,1,71,,64146,5,,,1,28,,64131,5,,,1,72,,64137,5,,,2,32,,64122,5,,,2,72,,64144,5,,,1,25,,64117,5,,,2,66,,64147,5,,,1,30,,64120,5,,,1,70,,64136,5,,,1,32,,64148,5,,,1,70,,64119,5,,,1,32,,64129,5,,,1,71,,64149,5,,,1,30,,64133,5,,,1
3901,'Semaine-10',629,,72068,5,,,1,26,,72057,5,,,1,78,,72058,5,,,1,73,,72054,5,,,1,32,,72060,5,,,1,70,,72062,5,,,2,30,,72069,5,,,1,70,,72080,5,,,1,30,,72075,5,,,2,70,,72070,5,,,1,30,,72055,5,,,1,69,,72064,5,,,1,31,,72071,5,,,1,70,,72056,5,,,2,30,,72053,5,,,1,72,,72072,5,,,1,29,,72065,5,,,1,70,,72046,5,,,1,31,,72073,5,,,2,68,,72051,5,,,1,31,,72048,5,,,1,71,,72076,5,,,1,28,,72061,5,,,1,72,,72067,5,,,2,32,,72052,5,,,2,72,,72074,5,,,1,25,,72047,5,,,2,66,,72077,5,,,1,30,,72050,5,,,1,70,,72066,5,,,1,32,,72078,5,,,1,70,,72049,5,,,1,32,,72059,5,,,1,71,,72079,5,,,1,30,,72063,5,,,1
6800,'Semaine-0',610,,64885,13,,,1,30,,64895,13,,,1,69,,64893,13,,,1,31,,64902,13,,,1,70,,64899,13,,,1,30,,64876,13,,,1,70,,64900,13,,,1,30,,64877,13,,,1,70,,64882,13,,,1,30,,64901,13,,,1,70,,64887,13,,,1,30,,64880,13,,,1,75,,64897,13,,,1,35,,64888,13,,,1,70,,64896,13,,,1,30,,64889,13,,,1,70,,64883,13,,,1,29,,64886,13,,,1,58,,64894,13,,,1,20,,64904,13,,,1,25,,64890,13,,,1,60,,64898,13,,,1,20,,64892,13,,,1,20,,64906,13,,,1,57,,64903,13,,,1,10,,64891,13,,,1,10,,64905,13,,,1,20,,64879,13,,,1,70,,64884,13,,,1,30,,64881,13,,,1
6800,'Semaine-10',610,,72815,13,,,1,30,,72825,13,,,1,69,,72823,13,,,1,31,,72832,13,,,1,70,,72829,13,,,1,30,,72806,13,,,1,70,,72830,13,,,1,30,,72807,13,,,1,70,,72812,13,,,1,30,,72831,13,,,1,70,,72817,13,,,1,30,,72810,13,,,1,75,,72827,13,,,1,35,,72818,13,,,1,70,,72826,13,,,1,30,,72819,13,,,1,70,,72813,13,,,1,29,,72816,13,,,1,58,,72824,13,,,1,20,,72834,13,,,1,25,,72820,13,,,1,60,,72828,13,,,1,20,,72822,13,,,1,20,,72836,13,,,1,57,,72833,13,,,1,10,,72821,13,,,1,10,,72835,13,,,1,20,,72809,13,,,1,70,,72814,13,,,1,30,,72811,13,,,1
82701,'Semaine-0',801,,65971,21,0,9 12 13,2
82701,'Semaine-10',801,,73901,21,0,9 12 13,2
