4500,'Semaine-0',1533,,64182,43,,,1,76,,64177,43,,,1,30,,64178,43,,,1,72,,64180,43,,,1,27,,64181,43,,,1,65,,64179,43,,,2
4500,'Semaine-10',1533,,72112,43,,,1,76,,72107,43,,,1,30,,72108,43,,,1,72,,72110,43,,,1,27,,72111,43,,,1,65,,72109,43,,,2
4500,'Semaine-11',1533,,74643,43,,,1,76,,74638,43,,,1,30,,74639,43,,,1,72,,74641,43,,,1,27,,74642,43,,,1,65,,74640,43,,,2
5200,'Samedi-0',645,,66631,29,,,1,100,,66632,29,,,1,101,,66633,29,,,1,100,,66634,29,,,1,100,,66635,29,,,1,102,,66636,29,,,1,100,,66637,29,,,1,100,,66638,29,,,1,99,,66639,29,,,1,100,,66640,29,,,1,100,,66641,29,,,1,100,,66642,29,,,1,99,,66643,29,,,1,100,,66646,29,,,1,100,,66644,29,,,1,99,,66645,29,,,1,98,,66647,29,,,1,100,,66648,29,,,1
5200,'Samedi-10',645,,76772,29,,,1,100,,76773,29,,,1,101,,76774,29,,,1,100,,76775,29,,,1,100,,76776,29,,,1,102,,76777,29,,,1,100,,76778,29,,,1,100,,76779,29,,,1,99,,76780,29,,,1,100,,76781,29,,,1,100,,76782,29,,,1,100,,76783,29,,,1,99,,76784,29,,,1,100,,76787,29,,,1,100,,76785,29,,,1,99,,76786,29,,,1,98,,76788,29,,,1,100,,76789,29,,,1
5200,'Samedi-11',645,,70627,29,,,1,100,,70628,29,,,1,101,,70629,29,,,1,100,,70630,29,,,1,100,,70631,29,,,1,102,,70632,29,,,1,100,,70633,29,,,1,100,,70634,29,,,1,99,,70635,29,,,1,100,,70636,29,,,1,100,,70637,29,,,1,100,,70638,29,,,1,99,,70639,29,,,1,100,,70642,29,,,1,100,,70640,29,,,1,99,,70641,29,,,1,98,,70643,29,,,1,100,,70644,29,,,1
5200,'Dimanche-0',645,,68470,29,,,1,100,,68469,29,,,1,101,,68471,29,,,1,100,,68474,29,,,1,100,,68472,29,,,1,102,,68473,29,,,1,100,,68477,29,,,1,100,,68476,29,,,1,99,,68478,29,,,1,100,,68475,29,,,1,100,,68479,29,,,1,100,,68481,29,,,1,99,,68482,29,,,1,100,,68480,29,,,1,100,,68483,29,,,1,99,,68484,29,,,1,98,,68485,29,,,1,100,,68486,29,,,1
5200,'Dimanche-10',645,,69549,29,,,1,100,,69548,29,,,1,101,,69550,29,,,1,100,,69553,29,,,1,100,,69551,29,,,1,102,,69552,29,,,1,100,,69556,29,,,1,100,,69555,29,,,1,99,,69557,29,,,1,100,,69554,29,,,1,100,,69558,29,,,1,100,,69560,29,,,1,99,,69561,29,,,1,100,,69559,29,,,1,100,,69562,29,,,1,99,,69563,29,,,1,98,,69564,29,,,1,100,,69565,29,,,1
5200,'Dimanche-11',645,,66650,29,,,1,100,,66649,29,,,1,101,,66651,29,,,1,100,,66654,29,,,1,100,,66652,29,,,1,102,,66653,29,,,1,100,,66657,29,,,1,100,,66656,29,,,1,99,,66658,29,,,1,100,,66655,29,,,1,100,,66659,29,,,1,100,,66661,29,,,1,99,,66662,29,,,1,100,,66660,29,,,1,100,,66663,29,,,1,99,,66664,29,,,1,98,,66665,29,,,1,100,,66666,29,,,1
5200,'Semaine-0',616,,64282,29,,,1,98,,64284,29,,,1,109,,64279,29,,,1,96,,64295,29,,,1,98,,64293,29,,,1,101,,64280,29,,,1,100,,64287,29,,,1,100,,64286,29,,,1,100,,64283,29,,,1,101,,64281,29,,,1,108,,64285,29,,,1,100,,64296,29,,,1,106,,64294,29,,,1,99,,64288,29,,,1,84,,64292,29,,,1,100,,64291,29,,,1,100,,64289,29,,,1,100,,64290,29,,,1
5200,'Semaine-10',616,,72212,29,,,1,98,,72214,29,,,1,109,,72209,29,,,1,96,,72225,29,,,1,98,,72223,29,,,1,101,,72210,29,,,1,100,,72217,29,,,1,100,,72216,29,,,1,100,,72213,29,,,1,101,,72211,29,,,1,108,,72215,29,,,1,100,,72226,29,,,1,106,,72224,29,,,1,99,,72218,29,,,1,84,,72222,29,,,1,100,,72221,29,,,1,100,,72219,29,,,1,100,,72220,29,,,1
5200,'Semaine-11',616,,74743,29,,,1,98,,74745,29,,,1,109,,74740,29,,,1,96,,74756,29,,,1,98,,74754,29,,,1,101,,74741,29,,,1,100,,74748,29,,,1,100,,74747,29,,,1,100,,74744,29,,,1,101,,74742,29,,,1,108,,74746,29,,,1,100,,74757,29,,,1,106,,74755,29,,,1,99,,74749,29,,,1,84,,74753,29,,,1,100,,74752,29,,,1,100,,74750,29,,,1,100,,74751,29,,,1
5601,'Semaine-0',1246,,64428,40,,,1,101,,64425,40,,,1,101,,64424,40,,,1,103,,64427,40,,,2,104,,64426,40,,,1,99,,64429,40,,,1,94,,64430,40,,,1
5601,'Semaine-10',1246,,72358,40,,,1,101,,72355,40,,,1,101,,72354,40,,,1,103,,72357,40,,,2,104,,72356,40,,,1,99,,72359,40,,,1,94,,72360,40,,,1
5601,'Semaine-11',1246,,74889,40,,,1,101,,74886,40,,,1,101,,74885,40,,,1,103,,74888,40,,,2,104,,74887,40,,,1,99,,74890,40,,,1,94,,74891,40,,,1
64500,'Semaine-0',718,,65866,20,0,9 10,1
64500,'Semaine-10',718,,73796,20,0,9 10,1
64500,'Semaine-11',718,,76327,20,0,9 10,1
75200,'Semaine-0',719,,65885,13,0,9 18,1,2,,65884,13,0,9 18,2
75200,'Semaine-10',719,,73815,13,0,9 18,1,2,,73814,13,0,9 18,2
75200,'Semaine-11',719,,76346,13,0,9 18,1,2,,76345,13,0,9 18,2
