6400,'Samedi-0',743,,67005,19,,,1,100,,67007,19,,,1,100,,67010,19,,,1,100,,67008,19,,,1,100,,67011,19,,,1,100,,67006,19,,,1,100,,67009,19,,,1,100,,67012,19,,,1,99,,67013,19,,,1,100,,67014,19,,,1,100,,67015,19,,,1,100,,67016,19,,,1
6400,'Samedi-11',743,,70814,19,,,1,100,,70816,19,,,1,100,,70819,19,,,1,100,,70817,19,,,1,100,,70820,19,,,1,100,,70815,19,,,1,100,,70818,19,,,1,100,,70821,19,,,1,99,,70822,19,,,1,100,,70823,19,,,1,100,,70824,19,,,1,100,,70825,19,,,1
6400,'Dimanche-0',743,,68657,19,,,1,100,,68658,19,,,1,100,,68663,19,,,1,100,,68661,19,,,1,100,,68656,19,,,1,100,,68659,19,,,1,100,,68660,19,,,1,100,,68664,19,,,1,99,,68662,19,,,1,100,,68666,19,,,1,100,,68667,19,,,1,100,,68665,19,,,1
6400,'Dimanche-10',743,,69736,19,,,1,100,,69737,19,,,1,100,,69742,19,,,1,100,,69740,19,,,1,100,,69735,19,,,1,100,,69738,19,,,1,100,,69739,19,,,1,100,,69743,19,,,1,99,,69741,19,,,1,100,,69745,19,,,1,100,,69746,19,,,1,100,,69744,19,,,1
6400,'Dimanche-11',743,,67018,19,,,1,100,,67019,19,,,1,100,,67024,19,,,1,100,,67022,19,,,1,100,,67017,19,,,1,100,,67020,19,,,1,100,,67021,19,,,1,100,,67025,19,,,1,99,,67023,19,,,1,100,,67027,19,,,1,100,,67028,19,,,1,100,,67026,19,,,1
6400,'Semaine-0',654,,64638,19,,,1,74,,64635,19,,,1,30,,64630,19,,,1,70,,64634,19,,,1,100,,64636,19,,,1,100,,64641,19,,,1,100,,64640,19,,,1,100,,64633,19,,,1,100,,64646,19,,,1,100,,64642,19,,,1,95,,64643,19,,,1,85,,64648,19,,,1,47,,64647,19,,,1,102,,64644,19,,,1,95,,64645,19,,,1,100,,64637,19,,,2,99,,64631,19,,,2,100,,64639,19,,,1,100,,64632,19,,,1
6600,'Samedi-0',722,,67121,18,,,1,100,,67124,18,,,1,100,,67122,18,,,1,100,,67125,18,,,1,100,,67119,18,,,1,100,,67120,18,,,1,100,,67123,18,,,1,100,,67126,18,,,1,100,,67127,18,,,1,100,,67128,18,,,1,100,,67129,18,,,1,100,,67130,18,,,1,100,,67132,18,,,1,100,,67131,18,,,1,100,,67133,18,,,1,100,,67134,18,,,1,100,,67135,18,,,1
6600,'Samedi-11',722,,70873,18,,,1,100,,70876,18,,,1,100,,70874,18,,,1,100,,70877,18,,,1,100,,70871,18,,,1,100,,70872,18,,,1,100,,70875,18,,,1,100,,70878,18,,,1,100,,70879,18,,,1,100,,70880,18,,,1,100,,70881,18,,,1,100,,70882,18,,,1,100,,70884,18,,,1,100,,70883,18,,,1,100,,70885,18,,,1,100,,70886,18,,,1,100,,70887,18,,,1
6600,'Dimanche-0',722,,68717,18,,,1,100,,68718,18,,,1,100,,68719,18,,,1,100,,68713,18,,,1,100,,68714,18,,,1,100,,68715,18,,,1,100,,68716,18,,,1,100,,68721,18,,,1,100,,68720,18,,,1,100,,68724,18,,,1,100,,68722,18,,,1,100,,68726,18,,,1,100,,68723,18,,,1,100,,68725,18,,,1,100,,68727,18,,,1,100,,68728,18,,,1,100,,68729,18,,,1
6600,'Dimanche-10',722,,69796,18,,,1,100,,69797,18,,,1,100,,69798,18,,,1,100,,69792,18,,,1,100,,69793,18,,,1,100,,69794,18,,,1,100,,69795,18,,,1,100,,69800,18,,,1,100,,69799,18,,,1,100,,69803,18,,,1,100,,69801,18,,,1,100,,69805,18,,,1,100,,69802,18,,,1,100,,69804,18,,,1,100,,69806,18,,,1,100,,69807,18,,,1,100,,69808,18,,,1
6600,'Dimanche-11',722,,67140,18,,,1,100,,67141,18,,,1,100,,67142,18,,,1,100,,67136,18,,,1,100,,67137,18,,,1,100,,67138,18,,,1,100,,67139,18,,,1,100,,67144,18,,,1,100,,67143,18,,,1,100,,67147,18,,,1,100,,67145,18,,,1,100,,67149,18,,,1,100,,67146,18,,,1,100,,67148,18,,,1,100,,67150,18,,,1,100,,67151,18,,,1,100,,67152,18,,,1
6600,'Semaine-0',608,,64745,18,,,2,20,,64751,18,,,2,20,,64746,18,,,1,63,,64738,18,,,2,19,,64750,18,,,1,19,,64743,18,,,1,61,,64757,18,,,1,18,,64737,18,,,1,18,,64748,18,,,1,60,,64758,18,,,1,100,,64747,18,,,1,100,,64739,18,,,1,100,,64762,18,,,1,100,,64763,18,,,1,101,,64749,18,,,2,100,,64759,18,,,1,23,,64752,18,,,1,22,,64735,18,,,1,60,,64754,18,,,1,18,,64760,18,,,1,20,,64765,18,,,1,59,,64736,18,,,2,24,,64755,18,,,2,20,,64753,18,,,1,58,,64741,18,,,1,22,,64761,18,,,2,94,,64742,18,,,2,100,,64740,18,,,1,98,,64744,18,,,1,100,,64756,18,,,1,100,,64764,18,,,1
56600,'Semaine-0',1602,,65849,57,0,5 6,1
