7101,'Samedi-0',742,,67393,13,,,1,100,,67392,13,,,1,100,,67397,13,,,1,100,,67395,13,,,1,100,,67396,13,,,1,100,,67391,13,,,1,100,,67394,13,,,1,100,,67398,13,,,1,100,,67399,13,,,1,100,,67400,13,,,1,100,,67401,13,,,1,100,,67402,13,,,1,100,,67403,13,,,1,100,,67404,13,,,1,100,,67405,13,,,1,100,,67406,13,,,1
7101,'Samedi-11',742,,71009,13,,,1,100,,71008,13,,,1,100,,71013,13,,,1,100,,71011,13,,,1,100,,71012,13,,,1,100,,71007,13,,,1,100,,71010,13,,,1,100,,71014,13,,,1,100,,71015,13,,,1,100,,71016,13,,,1,100,,71017,13,,,1,100,,71018,13,,,1,100,,71019,13,,,1,100,,71020,13,,,1,100,,71021,13,,,1,100,,71022,13,,,1
7101,'Dimanche-0',742,,68852,13,,,1,100,,68851,13,,,1,100,,68850,13,,,1,100,,68849,13,,,1,100,,68853,13,,,1,100,,68854,13,,,1,100,,68858,13,,,1,100,,68855,13,,,1,100,,68856,13,,,1,100,,68857,13,,,1,100,,68861,13,,,1,100,,68860,13,,,1,100,,68859,13,,,1,100,,68862,13,,,1,100,,68863,13,,,1,100,,68864,13,,,1
7101,'Dimanche-10',742,,69931,13,,,1,100,,69930,13,,,1,100,,69929,13,,,1,100,,69928,13,,,1,100,,69932,13,,,1,100,,69933,13,,,1,100,,69937,13,,,1,100,,69934,13,,,1,100,,69935,13,,,1,100,,69936,13,,,1,100,,69940,13,,,1,100,,69939,13,,,1,100,,69938,13,,,1,100,,69941,13,,,1,100,,69942,13,,,1,100,,69943,13,,,1
7101,'Dimanche-11',742,,67410,13,,,1,100,,67409,13,,,1,100,,67408,13,,,1,100,,67407,13,,,1,100,,67411,13,,,1,100,,67412,13,,,1,100,,67416,13,,,1,100,,67413,13,,,1,100,,67414,13,,,1,100,,67415,13,,,1,100,,67419,13,,,1,100,,67418,13,,,1,100,,67417,13,,,1,100,,67420,13,,,1,100,,67421,13,,,1,100,,67422,13,,,1
7101,'Semaine-0',544,,65033,13,,,1,62,,65028,13,,,2,16,,65024,13,,,1,20,,65025,13,,,1,60,,65026,13,,,2,14,,65027,13,,,1,20,,65023,13,,,2,17,,65032,13,,,1,57,,65031,13,,,2,30,,65030,13,,,1,70,,65035,13,,,2,30,,65037,13,,,1,70,,65034,13,,,1,30,,65036,13,,,1,70,,65029,13,,,1,30,,65045,13,,,1,70,,65039,13,,,1,30,,65040,13,,,2,70,,65044,13,,,1,30,,65043,13,,,2,71,,65046,13,,,1,30,,65041,13,,,1,70,,65047,13,,,1,14,,65038,13,,,1,16,,65042,13,,,1,15,,65048,13,,,1,56,,65049,13,,,1,16,,65050,13,,,1,13,,65051,13,,,2,15,,65054,13,,,1,55,,65057,13,,,1,15,,65052,13,,,1,20,,65053,13,,,2,70,,65055,13,,,2,29,,65056,13,,,1,100,,65060,13,,,1,100,,65058,13,,,1,100,,65061,13,,,2,100,,65059,13,,,2,100,,65062,13,,,2
7101,'Semaine-10',544,,72963,13,,,1,62,,72958,13,,,2,16,,72954,13,,,1,20,,72955,13,,,1,60,,72956,13,,,2,14,,72957,13,,,1,20,,72953,13,,,2,17,,72962,13,,,1,57,,72961,13,,,2,30,,72960,13,,,1,70,,72965,13,,,2,30,,72967,13,,,1,70,,72964,13,,,1,30,,72966,13,,,1,70,,72959,13,,,1,30,,72975,13,,,1,70,,72969,13,,,1,30,,72970,13,,,2,70,,72974,13,,,1,30,,72973,13,,,2,71,,72976,13,,,1,30,,72971,13,,,1,70,,72977,13,,,1,14,,72968,13,,,1,16,,72972,13,,,1,15,,72978,13,,,1,56,,72979,13,,,1,16,,72980,13,,,1,13,,72981,13,,,2,15,,72984,13,,,1,55,,72987,13,,,1,15,,72982,13,,,1,20,,72983,13,,,2,70,,72985,13,,,2,29,,72986,13,,,1,100,,72990,13,,,1,100,,72988,13,,,1,100,,72991,13,,,2,100,,72989,13,,,2,100,,72992,13,,,2
7101,'Semaine-11',544,,75494,13,,,1,62,,75489,13,,,2,16,,75485,13,,,1,20,,75486,13,,,1,60,,75487,13,,,2,14,,75488,13,,,1,20,,75484,13,,,2,17,,75493,13,,,1,57,,75492,13,,,2,30,,75491,13,,,1,70,,75496,13,,,2,30,,75498,13,,,1,70,,75495,13,,,1,30,,75497,13,,,1,70,,75490,13,,,1,30,,75506,13,,,1,70,,75500,13,,,1,30,,75501,13,,,2,70,,75505,13,,,1,30,,75504,13,,,2,71,,75507,13,,,1,30,,75502,13,,,1,70,,75508,13,,,1,14,,75499,13,,,1,16,,75503,13,,,1,15,,75509,13,,,1,56,,75510,13,,,1,16,,75511,13,,,1,13,,75512,13,,,2,15,,75515,13,,,1,55,,75518,13,,,1,15,,75513,13,,,1,20,,75514,13,,,2,70,,75516,13,,,2,29,,75517,13,,,1,100,,75521,13,,,1,100,,75519,13,,,1,100,,75522,13,,,2,100,,75520,13,,,2,100,,75523,13,,,2
57101,'Semaine-0',643,,65854,13,0,5 6,2
57101,'Semaine-10',643,,73784,13,0,5 6,2
57101,'Semaine-11',643,,76315,13,0,5 6,2
