2601,'Semaine-0',605,,63500,24,,,1,31,,63502,24,,,2,70,,63503,24,,,2,30,,63501,24,,,1,69,,63499,24,,,2
2601,'Semaine-10',605,,71430,24,,,1,31,,71432,24,,,2,70,,71433,24,,,2,30,,71431,24,,,1,69,,71429,24,,,2
2601,'Semaine-11',605,,73961,24,,,1,31,,73963,24,,,2,70,,73964,24,,,2,30,,73962,24,,,1,69,,73960,24,,,2
2801,'Semaine-0',701,,63517,34,,,1,33,,63518,34,,,2,99,,63516,34,,,2
2801,'Semaine-10',701,,71447,34,,,1,33,,71448,34,,,2,99,,71446,34,,,2
2801,'Semaine-11',701,,73978,34,,,1,33,,73979,34,,,2,99,,73977,34,,,2
2901,'Semaine-0',718,,63524,10,,,2,30,,63527,10,,,1,69,,63525,10,,,1,33,,63526,10,,,2
2901,'Semaine-10',718,,71454,10,,,2,30,,71457,10,,,1,69,,71455,10,,,1,33,,71456,10,,,2
2901,'Semaine-11',718,,73985,10,,,2,30,,73988,10,,,1,69,,73986,10,,,1,33,,73987,10,,,2
3201,'Semaine-0',521,,63711,22,,,1,20,,63710,22,,,1,60,,63702,22,,,1,21,,63712,22,,,2,10,,63692,22,,,1,8,,63713,22,,,1,11,,63693,22,,,1,50,,63694,22,,,1,8,,63686,22,,,1,11,,63689,22,,,1,8,,63715,22,,,1,8,,63695,22,,,1,8,,63690,22,,,1,9,,63703,22,,,1,48,,63685,22,,,1,8,,63696,22,,,1,8,,63714,22,,,2,8,,63684,22,,,1,10,,63683,22,,,1,10,,63688,22,,,1,8,,63691,22,,,1,50,,63697,22,,,1,22,,63671,22,,,2,30,,63681,22,,,1,71,,63674,22,,,1,29,,63677,22,,,1,70,,63670,22,,,1,30,,63680,22,,,1,70,,63675,22,,,1,30,,63682,22,,,1,70,,63664,22,,,1,30,,63669,22,,,1,70,,63676,22,,,1,30,,63687,22,,,1,71,,63704,22,,,1,31,,63705,22,,,2,69,,63706,22,,,1,30,,63707,22,,,1,69,,63708,22,,,2,30,,63709,22,,,1,70,,63667,22,,,1,30,,63665,22,,,2,70,,63678,22,,,2,30,,63673,22,,,1,69,,63668,22,,,1,31,,63666,22,,,2,70,,63679,22,,,1,28,,63672,22,,,1,68,,63699,22,,,1,32,,63698,22,,,1,69,,63700,22,,,1,30,,63701,22,,,1
3201,'Semaine-10',521,,71641,22,,,1,20,,71640,22,,,1,60,,71632,22,,,1,21,,71642,22,,,2,10,,71622,22,,,1,8,,71643,22,,,1,11,,71623,22,,,1,50,,71624,22,,,1,8,,71616,22,,,1,11,,71619,22,,,1,8,,71645,22,,,1,8,,71625,22,,,1,8,,71620,22,,,1,9,,71633,22,,,1,48,,71615,22,,,1,8,,71626,22,,,1,8,,71644,22,,,2,8,,71614,22,,,1,10,,71613,22,,,1,10,,71618,22,,,1,8,,71621,22,,,1,50,,71627,22,,,1,22,,71601,22,,,2,30,,71611,22,,,1,71,,71604,22,,,1,29,,71607,22,,,1,70,,71600,22,,,1,30,,71610,22,,,1,70,,71605,22,,,1,30,,71612,22,,,1,70,,71594,22,,,1,30,,71599,22,,,1,70,,71606,22,,,1,30,,71617,22,,,1,71,,71634,22,,,1,31,,71635,22,,,2,69,,71636,22,,,1,30,,71637,22,,,1,69,,71638,22,,,2,30,,71639,22,,,1,70,,71597,22,,,1,30,,71595,22,,,2,70,,71608,22,,,2,30,,71603,22,,,1,69,,71598,22,,,1,31,,71596,22,,,2,70,,71609,22,,,1,28,,71602,22,,,1,68,,71629,22,,,1,32,,71628,22,,,1,69,,71630,22,,,1,30,,71631,22,,,1
3201,'Semaine-11',521,,74172,22,,,1,20,,74171,22,,,1,60,,74163,22,,,1,21,,74173,22,,,2,10,,74153,22,,,1,8,,74174,22,,,1,11,,74154,22,,,1,50,,74155,22,,,1,8,,74147,22,,,1,11,,74150,22,,,1,8,,74176,22,,,1,8,,74156,22,,,1,8,,74151,22,,,1,9,,74164,22,,,1,48,,74146,22,,,1,8,,74157,22,,,1,8,,74175,22,,,2,8,,74145,22,,,1,10,,74144,22,,,1,10,,74149,22,,,1,8,,74152,22,,,1,50,,74158,22,,,1,22,,74132,22,,,2,30,,74142,22,,,1,71,,74135,22,,,1,29,,74138,22,,,1,70,,74131,22,,,1,30,,74141,22,,,1,70,,74136,22,,,1,30,,74143,22,,,1,70,,74125,22,,,1,30,,74130,22,,,1,70,,74137,22,,,1,30,,74148,22,,,1,71,,74165,22,,,1,31,,74166,22,,,2,69,,74167,22,,,1,30,,74168,22,,,1,69,,74169,22,,,2,30,,74170,22,,,1,70,,74128,22,,,1,30,,74126,22,,,2,70,,74139,22,,,2,30,,74134,22,,,1,69,,74129,22,,,1,31,,74127,22,,,2,70,,74140,22,,,1,28,,74133,22,,,1,68,,74160,22,,,1,32,,74159,22,,,1,69,,74161,22,,,1,30,,74162,22,,,1
3401,'Samedi-0',712,,66201,43,,,1,100,,66204,43,,,1,30,,66213,43,,,1,70,,66202,43,,,1,33,,66207,43,,,1,70,,66209,43,,,1,28,,66203,43,,,1,70,,66212,43,,,1,33,,66205,43,,,1,69,,66214,43,,,1,31,,66206,43,,,1,70,,66208,43,,,1,30,,66210,43,,,1,70,,66211,43,,,1,30,,66215,43,,,1,71,,66216,43,,,1,30,,66217,43,,,1,70,,66218,43,,,1,30,,66219,43,,,1,68,,66220,43,,,1,30,,66221,43,,,1,69,,66222,43,,,1,30,,66223,43,,,1,70,,66225,43,,,1,28,,66224,43,,,1,70,,66226,43,,,1,30,,66227,43,,,1,70,,66228,43,,,1,30,,66230,43,,,1,70,,66229,43,,,1,30,,66231,43,,,1,96,,66232,43,,,1
3401,'Samedi-10',712,,76557,43,,,1,100,,76560,43,,,1,30,,76569,43,,,1,70,,76558,43,,,1,33,,76563,43,,,1,70,,76565,43,,,1,28,,76559,43,,,1,70,,76568,43,,,1,33,,76561,43,,,1,69,,76570,43,,,1,31,,76562,43,,,1,70,,76564,43,,,1,30,,76566,43,,,1,70,,76567,43,,,1,30,,76571,43,,,1,71,,76572,43,,,1,30,,76573,43,,,1,70,,76574,43,,,1,30,,76575,43,,,1,68,,76576,43,,,1,30,,76577,43,,,1,69,,76578,43,,,1,30,,76579,43,,,1,70,,76581,43,,,1,28,,76580,43,,,1,70,,76582,43,,,1,30,,76583,43,,,1,70,,76584,43,,,1,30,,76586,43,,,1,70,,76585,43,,,1,30,,76587,43,,,1,96,,76588,43,,,1
3401,'Samedi-11',712,,70412,43,,,1,100,,70415,43,,,1,30,,70424,43,,,1,70,,70413,43,,,1,33,,70418,43,,,1,70,,70420,43,,,1,28,,70414,43,,,1,70,,70423,43,,,1,33,,70416,43,,,1,69,,70425,43,,,1,31,,70417,43,,,1,70,,70419,43,,,1,30,,70421,43,,,1,70,,70422,43,,,1,30,,70426,43,,,1,71,,70427,43,,,1,30,,70428,43,,,1,70,,70429,43,,,1,30,,70430,43,,,1,68,,70431,43,,,1,30,,70432,43,,,1,69,,70433,43,,,1,30,,70434,43,,,1,70,,70436,43,,,1,28,,70435,43,,,1,70,,70437,43,,,1,30,,70438,43,,,1,70,,70439,43,,,1,30,,70441,43,,,1,70,,70440,43,,,1,30,,70442,43,,,1,96,,70443,43,,,1
3401,'Dimanche-0',712,,68254,43,,,1,100,,68262,43,,,1,30,,68267,43,,,1,70,,68259,43,,,1,33,,68257,43,,,1,70,,68280,43,,,1,28,,68261,43,,,1,70,,68266,43,,,1,33,,68256,43,,,1,69,,68255,43,,,1,31,,68258,43,,,1,70,,68265,43,,,1,30,,68268,43,,,1,70,,68260,43,,,1,30,,68264,43,,,1,71,,68263,43,,,1,30,,68269,43,,,1,70,,68273,43,,,1,30,,68270,43,,,1,68,,68271,43,,,1,30,,68272,43,,,1,69,,68279,43,,,1,30,,68274,43,,,1,70,,68277,43,,,1,28,,68275,43,,,1,70,,68276,43,,,1,30,,68278,43,,,1,70,,68281,43,,,1,30,,68283,43,,,1,70,,68282,43,,,1,30,,68284,43,,,1,96,,68285,43,,,1
3401,'Dimanche-10',712,,69333,43,,,1,100,,69341,43,,,1,30,,69346,43,,,1,70,,69338,43,,,1,33,,69336,43,,,1,70,,69359,43,,,1,28,,69340,43,,,1,70,,69345,43,,,1,33,,69335,43,,,1,69,,69334,43,,,1,31,,69337,43,,,1,70,,69344,43,,,1,30,,69347,43,,,1,70,,69339,43,,,1,30,,69343,43,,,1,71,,69342,43,,,1,30,,69348,43,,,1,70,,69352,43,,,1,30,,69349,43,,,1,68,,69350,43,,,1,30,,69351,43,,,1,69,,69358,43,,,1,30,,69353,43,,,1,70,,69356,43,,,1,28,,69354,43,,,1,70,,69355,43,,,1,30,,69357,43,,,1,70,,69360,43,,,1,30,,69362,43,,,1,70,,69361,43,,,1,30,,69363,43,,,1,96,,69364,43,,,1
3401,'Dimanche-11',712,,66233,43,,,1,100,,66241,43,,,1,30,,66246,43,,,1,70,,66238,43,,,1,33,,66236,43,,,1,70,,66259,43,,,1,28,,66240,43,,,1,70,,66245,43,,,1,33,,66235,43,,,1,69,,66234,43,,,1,31,,66237,43,,,1,70,,66244,43,,,1,30,,66247,43,,,1,70,,66239,43,,,1,30,,66243,43,,,1,71,,66242,43,,,1,30,,66248,43,,,1,70,,66252,43,,,1,30,,66249,43,,,1,68,,66250,43,,,1,30,,66251,43,,,1,69,,66258,43,,,1,30,,66253,43,,,1,70,,66256,43,,,1,28,,66254,43,,,1,70,,66255,43,,,1,30,,66257,43,,,1,70,,66260,43,,,1,30,,66262,43,,,1,70,,66261,43,,,1,30,,66263,43,,,1,96,,66264,43,,,1
3401,'Semaine-0',919,,63856,43,,,1,30,,63836,43,,,2,70,,63840,43,,,1,30,,63860,43,,,1,70,,63833,43,,,1,30,,63837,43,,,1,70,,63841,43,,,1,30,,63831,43,,,1,70,,63834,43,,,1,30,,63838,43,,,1,70,,63842,43,,,2,31,,63835,43,,,1,70,,63857,43,,,1,31,,63832,43,,,1,75,,63858,43,,,1,27,,63859,43,,,1,69,,63853,43,,,1,27,,63849,43,,,1,70,,63839,43,,,1,29,,63846,43,,,1,70,,63855,43,,,1,30,,63843,43,,,1,70,,63845,43,,,1,30,,63847,43,,,1,70,,63851,43,,,2,30,,63844,43,,,1,70,,63850,43,,,1,29,,63848,43,,,1,70,,63852,43,,,1,30,,63854,43,,,1
3401,'Semaine-10',919,,71786,43,,,1,30,,71766,43,,,2,70,,71770,43,,,1,30,,71790,43,,,1,70,,71763,43,,,1,30,,71767,43,,,1,70,,71771,43,,,1,30,,71761,43,,,1,70,,71764,43,,,1,30,,71768,43,,,1,70,,71772,43,,,2,31,,71765,43,,,1,70,,71787,43,,,1,31,,71762,43,,,1,75,,71788,43,,,1,27,,71789,43,,,1,69,,71783,43,,,1,27,,71779,43,,,1,70,,71769,43,,,1,29,,71776,43,,,1,70,,71785,43,,,1,30,,71773,43,,,1,70,,71775,43,,,1,30,,71777,43,,,1,70,,71781,43,,,2,30,,71774,43,,,1,70,,71780,43,,,1,29,,71778,43,,,1,70,,71782,43,,,1,30,,71784,43,,,1
3401,'Semaine-11',919,,74317,43,,,1,30,,74297,43,,,2,70,,74301,43,,,1,30,,74321,43,,,1,70,,74294,43,,,1,30,,74298,43,,,1,70,,74302,43,,,1,30,,74292,43,,,1,70,,74295,43,,,1,30,,74299,43,,,1,70,,74303,43,,,2,31,,74296,43,,,1,70,,74318,43,,,1,31,,74293,43,,,1,75,,74319,43,,,1,27,,74320,43,,,1,69,,74314,43,,,1,27,,74310,43,,,1,70,,74300,43,,,1,29,,74307,43,,,1,70,,74316,43,,,1,30,,74304,43,,,1,70,,74306,43,,,1,30,,74308,43,,,1,70,,74312,43,,,2,30,,74305,43,,,1,70,,74311,43,,,1,29,,74309,43,,,1,70,,74313,43,,,1,30,,74315,43,,,1
5601,'Semaine-0',1225,,64428,17,,,1,103,,64425,17,,,1,100,,64424,17,,,1,101,,64427,17,,,2,104,,64426,17,,,1,97,,64429,17,,,1,96,,64430,17,,,1
5601,'Semaine-10',1225,,72358,17,,,1,103,,72355,17,,,1,100,,72354,17,,,1,101,,72357,17,,,2,104,,72356,17,,,1,97,,72359,17,,,1,96,,72360,17,,,1
5601,'Semaine-11',1225,,74889,17,,,1,103,,74886,17,,,1,100,,74885,17,,,1,101,,74888,17,,,2,104,,74887,17,,,1,97,,74890,17,,,1,96,,74891,17,,,1
32901,'Semaine-0',1651,,65575,37,0,7 8,1
32901,'Semaine-10',1651,,73505,37,0,7 8,1
32901,'Semaine-11',1651,,76036,37,0,7 8,1
42901,'Semaine-0',1514,,65825,18,0,9 14,1
42901,'Semaine-10',1514,,73755,18,0,9 14,1
42901,'Semaine-11',1514,,76286,18,0,9 14,1
55401,'Semaine-0',1533,,65848,15,0,5 6,1
55401,'Semaine-10',1533,,73778,15,0,5 6,1
55401,'Semaine-11',1533,,76309,15,0,5 6,1
72901,'Semaine-0',819,,65878,22,0,5 11,2
72901,'Semaine-10',819,,73808,22,0,5 11,2
72901,'Semaine-11',819,,76339,22,0,5 11,2
82901,'Semaine-0',754,,65975,10,0,9 12 13,1,1,,65976,10,0,9 12 13,1,1,,65977,10,0,9 12 13,2
82901,'Semaine-10',754,,73905,10,0,9 12 13,1,1,,73906,10,0,9 12 13,1,1,,73907,10,0,9 12 13,2
82901,'Semaine-11',754,,76437,10,0,9 12 13,1,1,,76438,10,0,9 12 13,1,1,,76439,10,0,9 12 13,2
