6601,'Samedi-0',651,,67153,16,,,1,100,,67155,16,,,1,100,,67159,16,,,1,100,,67156,16,,,1,100,,67160,16,,,1,100,,67154,16,,,1,100,,67157,16,,,1,100,,67158,16,,,1,100,,67161,16,,,1,100,,67162,16,,,1,100,,67163,16,,,1,100,,67164,16,,,1,100,,67165,16,,,1,100,,67167,16,,,1,100,,67166,16,,,1,100,,67168,16,,,1,100,,67169,16,,,1,100,,67170,16,,,1
6601,'Samedi-10',651,,77033,16,,,1,100,,77035,16,,,1,100,,77039,16,,,1,100,,77036,16,,,1,100,,77040,16,,,1,100,,77034,16,,,1,100,,77037,16,,,1,100,,77038,16,,,1,100,,77041,16,,,1,100,,77042,16,,,1,100,,77043,16,,,1,100,,77044,16,,,1,100,,77045,16,,,1,100,,77047,16,,,1,100,,77046,16,,,1,100,,77048,16,,,1,100,,77049,16,,,1,100,,77050,16,,,1
6601,'Samedi-11',651,,70888,16,,,1,100,,70890,16,,,1,100,,70894,16,,,1,100,,70891,16,,,1,100,,70895,16,,,1,100,,70889,16,,,1,100,,70892,16,,,1,100,,70893,16,,,1,100,,70896,16,,,1,100,,70897,16,,,1,100,,70898,16,,,1,100,,70899,16,,,1,100,,70900,16,,,1,100,,70902,16,,,1,100,,70901,16,,,1,100,,70903,16,,,1,100,,70904,16,,,1,100,,70905,16,,,1
6601,'Dimanche-0',651,,68731,16,,,1,100,,68735,16,,,1,100,,68736,16,,,1,100,,68737,16,,,1,100,,68730,16,,,1,100,,68732,16,,,1,100,,68733,16,,,1,100,,68734,16,,,1,100,,68739,16,,,1,100,,68738,16,,,1,100,,68742,16,,,1,100,,68740,16,,,1,100,,68743,16,,,1,100,,68741,16,,,1,100,,68744,16,,,1,100,,68745,16,,,1,100,,68746,16,,,1,100,,68747,16,,,1
6601,'Dimanche-10',651,,69810,16,,,1,100,,69814,16,,,1,100,,69815,16,,,1,100,,69816,16,,,1,100,,69809,16,,,1,100,,69811,16,,,1,100,,69812,16,,,1,100,,69813,16,,,1,100,,69818,16,,,1,100,,69817,16,,,1,100,,69821,16,,,1,100,,69819,16,,,1,100,,69822,16,,,1,100,,69820,16,,,1,100,,69823,16,,,1,100,,69824,16,,,1,100,,69825,16,,,1,100,,69826,16,,,1
6601,'Dimanche-11',651,,67172,16,,,1,100,,67176,16,,,1,100,,67177,16,,,1,100,,67178,16,,,1,100,,67171,16,,,1,100,,67173,16,,,1,100,,67174,16,,,1,100,,67175,16,,,1,100,,67180,16,,,1,100,,67179,16,,,1,100,,67183,16,,,1,100,,67181,16,,,1,100,,67184,16,,,1,100,,67182,16,,,1,100,,67185,16,,,1,100,,67186,16,,,1,100,,67187,16,,,1,100,,67188,16,,,1
6601,'Semaine-0',541,,64775,16,,,2,60,,64768,16,,,1,18,,64777,16,,,1,21,,64783,16,,,2,60,,64778,16,,,2,21,,64769,16,,,1,23,,64781,16,,,2,59,,64774,16,,,1,18,,64790,16,,,1,21,,64767,16,,,1,59,,64780,16,,,1,18,,64791,16,,,1,20,,64799,16,,,1,102,,64779,16,,,1,100,,64771,16,,,1,100,,64795,16,,,1,100,,64796,16,,,1,100,,64782,16,,,2,62,,64770,16,,,1,19,,64787,16,,,2,19,,64784,16,,,1,64,,64797,16,,,1,22,,64766,16,,,1,19,,64792,16,,,1,60,,64785,16,,,1,20,,64798,16,,,1,18,,64788,16,,,2,64,,64793,16,,,2,20,,64786,16,,,1,18,,64794,16,,,1,60,,64800,16,,,2,94,,64773,16,,,2,100,,64772,16,,,1,55,,64776,16,,,1,100,,64789,16,,,1
6601,'Semaine-10',541,,72705,16,,,2,60,,72698,16,,,1,18,,72707,16,,,1,21,,72713,16,,,2,60,,72708,16,,,2,21,,72699,16,,,1,23,,72711,16,,,2,59,,72704,16,,,1,18,,72720,16,,,1,21,,72697,16,,,1,59,,72710,16,,,1,18,,72721,16,,,1,20,,72729,16,,,1,102,,72709,16,,,1,100,,72701,16,,,1,100,,72725,16,,,1,100,,72726,16,,,1,100,,72712,16,,,2,62,,72700,16,,,1,19,,72717,16,,,2,19,,72714,16,,,1,64,,72727,16,,,1,22,,72696,16,,,1,19,,72722,16,,,1,60,,72715,16,,,1,20,,72728,16,,,1,18,,72718,16,,,2,64,,72723,16,,,2,20,,72716,16,,,1,18,,72724,16,,,1,60,,72730,16,,,2,94,,72703,16,,,2,100,,72702,16,,,1,55,,72706,16,,,1,100,,72719,16,,,1
6601,'Semaine-11',541,,75236,16,,,2,60,,75229,16,,,1,18,,75238,16,,,1,21,,75244,16,,,2,60,,75239,16,,,2,21,,75230,16,,,1,23,,75242,16,,,2,59,,75235,16,,,1,18,,75251,16,,,1,21,,75228,16,,,1,59,,75241,16,,,1,18,,75252,16,,,1,20,,75260,16,,,1,102,,75240,16,,,1,100,,75232,16,,,1,100,,75256,16,,,1,100,,75257,16,,,1,100,,75243,16,,,2,62,,75231,16,,,1,19,,75248,16,,,2,19,,75245,16,,,1,64,,75258,16,,,1,22,,75227,16,,,1,19,,75253,16,,,1,60,,75246,16,,,1,20,,75259,16,,,1,18,,75249,16,,,2,64,,75254,16,,,2,20,,75247,16,,,1,18,,75255,16,,,1,60,,75261,16,,,2,94,,75234,16,,,2,100,,75233,16,,,1,55,,75237,16,,,1,100,,75250,16,,,1
56601,'Semaine-0',648,,65850,14,0,5 6,1
56601,'Semaine-10',648,,73780,14,0,5 6,1
56601,'Semaine-11',648,,76311,14,0,5 6,1
