2301,'Semaine-0',635,,63480,28,,,1,70,,63477,28,,,2,33,,63481,28,,,1,75,,63479,28,,,2,25,,63478,28,,,1
2301,'Semaine-10',635,,71410,28,,,1,70,,71407,28,,,2,33,,71411,28,,,1,75,,71409,28,,,2,25,,71408,28,,,1
2301,'Semaine-11',635,,73941,28,,,1,70,,73938,28,,,2,33,,73942,28,,,1,75,,73940,28,,,2,25,,73939,28,,,1
2501,'Semaine-0',620,,63492,35,,,2,29,,63491,35,,,1,73,,63489,35,,,1,36,,63490,35,,,2,69,,63493,35,,,1,28,,63488,35,,,2
2501,'Semaine-10',620,,71422,35,,,2,29,,71421,35,,,1,73,,71419,35,,,1,36,,71420,35,,,2,69,,71423,35,,,1,28,,71418,35,,,2
2501,'Semaine-11',620,,73953,35,,,2,29,,73952,35,,,1,73,,73950,35,,,1,36,,73951,35,,,2,69,,73954,35,,,1,28,,73949,35,,,2
2701,'Semaine-0',635,,63511,38,,,1,86,,63512,38,,,1,91,,63509,38,,,1,27,,63510,38,,,2
2701,'Semaine-10',635,,71441,38,,,1,86,,71442,38,,,1,91,,71439,38,,,1,27,,71440,38,,,2
2701,'Semaine-11',635,,73972,38,,,1,86,,73973,38,,,1,91,,73970,38,,,1,27,,73971,38,,,2
3301,'Samedi-0',737,,66097,40,,,1,100,,66098,40,,,1,100,,66099,40,,,1,100,,66100,40,,,1,100,,66101,40,,,1,101,,66102,40,,,1,100,,66103,40,,,1,100,,66104,40,,,1,102,,66105,40,,,1,98,,66106,40,,,1,100,,66107,40,,,1,96,,66108,40,,,1,100,,66109,40,,,1,100,,66110,40,,,1,100,,66111,40,,,1,100,,66112,40,,,1,100,,66113,40,,,1,100,,66114,40,,,1
3301,'Samedi-10',737,,76505,40,,,1,100,,76506,40,,,1,100,,76507,40,,,1,100,,76508,40,,,1,100,,76509,40,,,1,101,,76510,40,,,1,100,,76511,40,,,1,100,,76512,40,,,1,102,,76513,40,,,1,98,,76514,40,,,1,100,,76515,40,,,1,96,,76516,40,,,1,100,,76517,40,,,1,100,,76518,40,,,1,100,,76519,40,,,1,100,,76520,40,,,1,100,,76521,40,,,1,100,,76522,40,,,1
3301,'Samedi-11',737,,70360,40,,,1,100,,70361,40,,,1,100,,70362,40,,,1,100,,70363,40,,,1,100,,70364,40,,,1,101,,70365,40,,,1,100,,70366,40,,,1,100,,70367,40,,,1,102,,70368,40,,,1,98,,70369,40,,,1,100,,70370,40,,,1,96,,70371,40,,,1,100,,70372,40,,,1,100,,70373,40,,,1,100,,70374,40,,,1,100,,70375,40,,,1,100,,70376,40,,,1,100,,70377,40,,,1
3301,'Dimanche-0',737,,68206,40,,,1,100,,68207,40,,,1,100,,68215,40,,,1,100,,68208,40,,,1,100,,68203,40,,,1,101,,68204,40,,,1,100,,68202,40,,,1,100,,68205,40,,,1,102,,68209,40,,,1,98,,68210,40,,,1,100,,68212,40,,,1,96,,68214,40,,,1,100,,68213,40,,,1,100,,68211,40,,,1,100,,68216,40,,,1,100,,68217,40,,,1,100,,68218,40,,,1,100,,68219,40,,,1
3301,'Dimanche-10',737,,69285,40,,,1,100,,69286,40,,,1,100,,69294,40,,,1,100,,69287,40,,,1,100,,69282,40,,,1,101,,69283,40,,,1,100,,69281,40,,,1,100,,69284,40,,,1,102,,69288,40,,,1,98,,69289,40,,,1,100,,69291,40,,,1,96,,69293,40,,,1,100,,69292,40,,,1,100,,69290,40,,,1,100,,69295,40,,,1,100,,69296,40,,,1,100,,69297,40,,,1,100,,69298,40,,,1
3301,'Dimanche-11',737,,66119,40,,,1,100,,66120,40,,,1,100,,66128,40,,,1,100,,66121,40,,,1,100,,66116,40,,,1,101,,66117,40,,,1,100,,66115,40,,,1,100,,66118,40,,,1,102,,66122,40,,,1,98,,66123,40,,,1,100,,66125,40,,,1,96,,66127,40,,,1,100,,66126,40,,,1,100,,66124,40,,,1,100,,66129,40,,,1,100,,66130,40,,,1,100,,66131,40,,,1,100,,66132,40,,,1
3301,'Semaine-0',623,,63781,40,,,1,20,,63789,40,,,1,58,,63766,40,,,1,15,,63786,40,,,1,21,,63782,40,,,1,10,,63777,40,,,1,11,,63797,40,,,1,53,,63795,40,,,1,15,,63784,40,,,1,12,,63772,40,,,1,10,,63788,40,,,1,54,,63762,40,,,1,30,,63774,40,,,1,70,,63780,40,,,1,30,,63770,40,,,1,70,,63791,40,,,1,30,,63775,40,,,1,70,,63767,40,,,1,30,,63769,40,,,1,16,,63787,40,,,1,55,,63796,40,,,1,26,,63778,40,,,1,29,,63768,40,,,1,70,,63773,40,,,1,73,,63776,40,,,1,22,,63798,40,,,1,19,,63779,40,,,1,58,,63783,40,,,1,23,,63764,40,,,1,20,,63794,40,,,1,61,,63771,40,,,1,27,,63761,40,,,1,69,,63758,40,,,1,32,,63792,40,,,1,70,,63765,40,,,1,30,,63760,40,,,1,100,,63763,40,,,1,74,,63785,40,,,1,100,,63790,40,,,2,100,,63759,40,,,1,100,,63793,40,,,1
3301,'Semaine-10',623,,71711,40,,,1,20,,71719,40,,,1,58,,71696,40,,,1,15,,71716,40,,,1,21,,71712,40,,,1,10,,71707,40,,,1,11,,71727,40,,,1,53,,71725,40,,,1,15,,71714,40,,,1,12,,71702,40,,,1,10,,71718,40,,,1,54,,71692,40,,,1,30,,71704,40,,,1,70,,71710,40,,,1,30,,71700,40,,,1,70,,71721,40,,,1,30,,71705,40,,,1,70,,71697,40,,,1,30,,71699,40,,,1,16,,71717,40,,,1,55,,71726,40,,,1,26,,71708,40,,,1,29,,71698,40,,,1,70,,71703,40,,,1,73,,71706,40,,,1,22,,71728,40,,,1,19,,71709,40,,,1,58,,71713,40,,,1,23,,71694,40,,,1,20,,71724,40,,,1,61,,71701,40,,,1,27,,71691,40,,,1,69,,71688,40,,,1,32,,71722,40,,,1,70,,71695,40,,,1,30,,71690,40,,,1,100,,71693,40,,,1,74,,71715,40,,,1,100,,71720,40,,,2,100,,71689,40,,,1,100,,71723,40,,,1
3301,'Semaine-11',623,,74242,40,,,1,20,,74250,40,,,1,58,,74227,40,,,1,15,,74247,40,,,1,21,,74243,40,,,1,10,,74238,40,,,1,11,,74258,40,,,1,53,,74256,40,,,1,15,,74245,40,,,1,12,,74233,40,,,1,10,,74249,40,,,1,54,,74223,40,,,1,30,,74235,40,,,1,70,,74241,40,,,1,30,,74231,40,,,1,70,,74252,40,,,1,30,,74236,40,,,1,70,,74228,40,,,1,30,,74230,40,,,1,16,,74248,40,,,1,55,,74257,40,,,1,26,,74239,40,,,1,29,,74229,40,,,1,70,,74234,40,,,1,73,,74237,40,,,1,22,,74259,40,,,1,19,,74240,40,,,1,58,,74244,40,,,1,23,,74225,40,,,1,20,,74255,40,,,1,61,,74232,40,,,1,27,,74222,40,,,1,69,,74219,40,,,1,32,,74253,40,,,1,70,,74226,40,,,1,30,,74221,40,,,1,100,,74224,40,,,1,74,,74246,40,,,1,100,,74251,40,,,2,100,,74220,40,,,1,100,,74254,40,,,1
