3100,'Semaine-0',603,,63532,3,,,1,42,,63565,3,,,1,61,,63545,3,,,1,21,,63533,3,,,1,15,,63570,3,,,1,61,,63567,3,,,1,21,,63529,3,,,1,18,,63542,3,,,1,63,,63543,3,,,1,9,,63534,3,,,1,24,,63536,3,,,1,20,,63553,3,,,1,67,,63554,3,,,1,31,,63535,3,,,1,70,,63540,3,,,1,30,,63559,3,,,1,70,,63556,3,,,1,17,,63537,3,,,1,13,,63530,3,,,1,59,,63564,3,,,1,20,,63568,3,,,1,18,,63555,3,,,1,69,,63538,3,,,1,21,,63558,3,,,1,9,,63560,3,,,1,75,,63566,3,,,1,24,,63557,3,,,1,58,,63539,3,,,1,19,,63550,3,,,1,23,,63552,3,,,1,62,,63541,3,,,1,17,,63528,3,,,1,15,,63531,3,,,1,11,,63562,3,,,1,69,,63569,3,,,1,12,,63547,3,,,1,20,,63563,3,,,1,146,,63548,3,,,1,100,,63544,3,,,1,100,,63549,3,,,1,100,,63551,3,,,1,100,,63561,3,,,1,100,,63546,3,,,1
3200,'Semaine-0',613,,63658,3,,,1,31,,63657,3,,,1,71,,63653,3,,,1,30,,63655,3,,,1,70,,63654,3,,,2,30,,63656,3,,,1,70,,63629,3,,,2,30,,63624,3,,,1,70,,63625,3,,,2,30,,63636,3,,,1,70,,63630,3,,,1,30,,63616,3,,,1,70,,63617,3,,,1,30,,63628,3,,,1,70,,63631,3,,,1,30,,63637,3,,,1,70,,63618,3,,,1,29,,63663,3,,,1,14,,63615,3,,,2,52,,63645,3,,,1,10,,63635,3,,,1,11,,63641,3,,,2,10,,63642,3,,,1,10,,63660,3,,,1,50,,63661,3,,,1,10,,63662,3,,,2,13,,63659,3,,,2,7,,63632,3,,,1,10,,63643,3,,,1,10,,63651,3,,,2,50,,63644,3,,,2,10,,63621,3,,,1,10,,63652,3,,,1,10,,63638,3,,,2,10,,63640,3,,,1,10,,63639,3,,,1,61,,63633,3,,,2,25,,63627,3,,,1,70,,63622,3,,,1,30,,63619,3,,,2,70,,63634,3,,,2,30,,63626,3,,,1,73,,63623,3,,,1,27,,63620,3,,,2,70,,63646,3,,,1,29,,63647,3,,,1,70,,63648,3,,,1,30,,63649,3,,,1,70,,63650,3,,,1
3300,'Semaine-0',610,,63741,3,,,1,20,,63740,3,,,1,17,,63747,3,,,1,74,,63720,3,,,1,13,,63734,3,,,1,20,,63742,3,,,1,56,,63755,3,,,1,17,,63748,3,,,1,28,,63732,3,,,1,69,,63750,3,,,1,32,,63735,3,,,1,78,,63725,3,,,1,21,,63744,3,,,1,60,,63730,3,,,1,20,,63737,3,,,1,20,,63726,3,,,1,62,,63752,3,,,1,18,,63733,3,,,1,20,,63754,3,,,1,72,,63739,3,,,1,29,,63727,3,,,1,60,,63749,3,,,1,20,,63745,3,,,1,17,,63738,3,,,1,63,,63717,3,,,1,21,,63729,3,,,1,12,,63736,3,,,1,55,,63753,3,,,1,17,,63751,3,,,1,25,,63746,3,,,1,60,,63724,3,,,1,20,,63723,3,,,1,17,,63728,3,,,1,58,,63716,3,,,1,18,,63721,3,,,1,81,,63756,3,,,1,33,,63731,3,,,1,100,,63722,3,,,1,102,,63718,3,,,1,100,,63743,3,,,2,100,,63757,3,,,1,103,,63719,3,,,1
3400,'Semaine-0',559,,63829,3,,,1,67,,63814,3,,,1,31,,63808,3,,,1,73,,63812,3,,,1,70,,63803,3,,,2,30,,63823,3,,,1,70,,63809,3,,,1,30,,63799,3,,,1,70,,63804,3,,,1,30,,63805,3,,,1,70,,63810,3,,,1,30,,63800,3,,,1,70,,63830,3,,,1,30,,63806,3,,,1,70,,63811,3,,,1,30,,63801,3,,,1,70,,63827,3,,,1,30,,63802,3,,,1,23,,63828,3,,,1,349,,63826,3,,,1,20,,63815,3,,,1,30,,63807,3,,,1,70,,63819,3,,,1,30,,63825,3,,,1,71,,63816,3,,,1,29,,63818,3,,,1,70,,63820,3,,,1,30,,63813,3,,,1,70,,63822,3,,,1,30,,63817,3,,,1,69,,63821,3,,,1,30,,63824,3,,,1
3500,'Semaine-0',622,,63886,10,0,15 16,1,78,,63861,10,0,15 16,2,23,,63871,10,0,15 16,1,23,,63889,10,0,15 16,1,55,,63879,10,0,15 16,1,20,,63894,10,0,15 16,1,20,,63891,10,0,15 16,1,63,,63884,10,0,15 16,1,21,,63890,10,0,15 16,1,30,,63869,10,0,15 16,1,66,,63882,10,0,15 16,1,34,,63863,10,0,15 16,1,68,,63867,10,0,15 16,1,30,,63877,10,0,15 16,2,72,,63862,10,0,15 16,1,30,,63872,10,0,15 16,1,70,,63893,10,0,15 16,2,30,,63880,10,0,15 16,1,70,,63864,10,0,15 16,2,31,,63876,10,,,2,70,,63878,10,0,15 16,1,18,,63870,3,0,15 16,1,59,,63881,10,,,1,13,,63875,3,0,15 16,1,18,,63885,10,,,1,68,,63887,10,0,15 16,1,31,,63868,10,,,1,24,,63866,10,0,15 16,1,68,,63895,10,,,1,27,,63883,10,0,15 16,1,70,,63873,3,0,15 16,1,30,,63874,10,,,1,100,,63888,10,,,1,100,,63892,10,,,1,100,,63865,10,0,15 16,1
3600,'Semaine-0',849,,63929,3,,,1,100,,63930,3,,,1,100,,63928,3,,,1,100,,63931,3,,,1,100,,63933,3,,,1,100,,63934,3,,,1,99,,63932,3,,,1
3700,'Semaine-0',629,,63963,3,,,1,81,,63969,3,,,1,33,,63960,3,,,1,66,,63944,3,,,1,31,,63958,3,,,1,89,,63950,3,,,1,100,,63946,3,,,1,100,,63947,3,,,1,100,,63948,3,,,1,100,,63949,3,,,1,100,,63955,3,,,1,85,,63956,3,,,1,16,,63957,3,,,1,15,,63943,3,,,1,55,,63965,3,,,1,25,,63952,3,,,1,30,,63961,3,,,1,64,,63951,3,,,1,30,,63945,3,,,1,70,,63942,3,,,1,30,,63953,3,,,1,70,,63968,3,,,1,29,,63959,3,,,1,76,,63970,3,,,1,100,,63966,3,,,1,100,,63954,3,,,1,100,,63964,3,,,1,99,,63967,3,,,1,15,,63962,3,,,1
3800,'Semaine-0',639,,64012,3,,,1,19,,64028,3,,,1,71,,64023,3,,,1,30,,64036,3,,,1,70,,64033,3,,,1,30,,64009,3,,,1,60,,64005,3,,,1,20,,64016,3,,,1,20,,64001,3,,,1,60,,64025,3,,,1,20,,64010,3,,,1,20,,64006,3,,,1,60,,64017,3,,,1,20,,64002,3,,,1,20,,64024,3,,,1,60,,64035,3,,,1,20,,64007,3,,,1,20,,64018,3,,,1,60,,64026,3,,,1,20,,64037,3,,,1,20,,64011,3,,,1,60,,64008,3,,,1,20,,64019,3,,,1,70,,64032,3,,,1,31,,63997,3,,,1,70,,64021,3,,,1,35,,64030,3,,,1,64,,64020,3,,,1,31,,64034,3,,,1,69,,64000,3,,,1,30,,64031,3,,,1,69,,64014,3,,,1,31,,64022,3,,,1,72,,64027,3,,,1,28,,64029,3,,,1,70,,64013,3,,,1,30,,63999,3,,,1,70,,64015,3,,,1,30,,64003,3,,,1,70,,63998,3,,,1,30,,63996,3,,,1,70,,64004,3,,,1
5500,'Semaine-0',620,,64323,3,,,1,99,,64339,3,,,1,29,,64322,3,,,1,99,,64358,3,,,1,70,,64359,3,,,1,30,,64328,3,,,1,70,,64338,3,,,1,30,,64342,3,,,1,70,,64364,3,,,1,30,,64324,3,,,1,70,,64363,3,,,1,30,,64341,3,,,1,70,,64356,3,,,1,30,,64350,3,,,1,62,,64357,3,,,1,15,,64343,3,,,1,14,,64321,3,,,1,12,,64362,3,,,1,56,,64332,3,,,1,15,,64365,3,,,1,14,,64353,3,,,1,10,,64325,3,,,1,13,,64336,3,,,1,58,,64368,3,,,1,9,,64361,3,,,1,11,,64327,3,,,1,11,,64344,3,,,1,12,,64337,3,,,1,52,,64366,3,,,1,13,,64351,3,,,1,10,,64331,3,,,1,12,,64326,3,,,1,10,,64367,3,,,1,51,,64335,3,,,1,13,,64330,3,,,1,10,,64340,3,,,1,70,,64355,3,,,1,30,,64360,3,,,1,70,,64347,3,,,1,30,,64333,3,,,1,70,,64354,3,,,1,30,,64345,3,,,1,70,,64348,3,,,1,30,,64334,3,,,1,70,,64349,3,,,1,30,,64346,3,,,1,29,,64329,3,,,1,70,,64352,3,,,1
5900,'Semaine-0',549,,64453,3,,,1,95,,64488,3,,,1,86,,64493,3,,,1,88,,64469,3,,,1,84,,64465,3,,,1,30,,64486,3,,,1,70,,64462,3,,,1,30,,64485,3,,,1,70,,64476,3,,,1,30,,64470,3,,,1,70,,64478,3,,,1,30,,64461,3,,,1,70,,64489,3,,,1,30,,64452,3,,,1,70,,64483,3,,,1,14,,64454,3,,,1,16,,64487,3,,,1,69,,64447,3,,,1,14,,64491,3,,,1,15,,64446,3,,,1,8,,64481,3,,,1,14,,64477,3,,,1,53,,64464,3,,,1,13,,64448,3,,,1,12,,64449,3,,,1,12,,64457,3,,,1,12,,64484,3,,,1,52,,64473,3,,,1,11,,64460,3,,,1,12,,64482,3,,,1,12,,64468,3,,,1,12,,64480,3,,,1,49,,64450,3,,,1,12,,64455,3,,,1,31,,64475,3,,,1,70,,64466,3,,,1,30,,64471,3,,,1,70,,64459,3,,,1,30,,64467,3,,,1,70,,64472,3,,,1,30,,64479,3,,,1,70,,64456,3,,,1,30,,64474,3,,,1,70,,64463,3,,,1,30,,64451,3,,,1,70,,64458,3,,,1
6700,'Semaine-0',603,,64809,3,,,1,31,,64803,3,,,1,70,,64811,3,,,1,22,,64820,3,,,1,21,,64804,3,,,1,58,,64829,3,,,1,29,,64814,3,,,1,70,,64822,3,,,1,20,,64812,3,,,1,19,,64832,3,,,1,60,,64830,3,,,1,21,,64817,3,,,2,20,,64833,3,,,1,60,,64823,3,,,1,20,,64826,3,,,1,20,,64834,3,,,1,60,,64831,3,,,1,20,,64818,3,,,1,20,,64835,3,,,1,60,,64824,3,,,1,20,,64827,3,,,1,20,,64836,3,,,1,60,,64816,3,,,1,20,,64819,3,,,1,20,,64837,3,,,1,365,,64839,3,,,1,15,,64813,3,,,1,20,,64838,3,,,1,59,,64821,3,,,1,30,,64801,3,,,1,72,,64825,3,,,1,28,,64805,3,,,2,70,,64828,3,,,2,30,,64802,3,,,1,70,,64810,3,,,1,30,,64806,3,,,2,73,,64815,3,,,1,27,,64808,3,,,1,70,,64807,3,,,2
8500,'Semaine-0',1511,,65367,3,,,1,16,,65362,3,,,2,15,,65359,3,,,1,15,,65368,3,,,2,56,,65358,3,,,1,15,,65361,3,,,1,16,,65366,3,,,1,15,,65364,3,,,1,60,,65363,3,,,2,21,,65360,3,,,1,19,,65365,3,,,2
8700,'Semaine-0',1504,,65388,7,,,1,16,,65387,7,,,2,15,,65380,7,,,1,15,,65382,7,,,2,55,,65379,7,,,1,18,,65389,7,,,1,12,,65385,7,,,1,15,,65386,7,,,2,59,,65381,7,,,1,20,,65384,7,,,1,20,,65383,7,,,1
20000,'Semaine-0',1503,,65504,3,,,1,5,,65505,3,,,1,8,,65528,3,,,1,5,,65506,3,,,1,5,,65507,3,,,1,5,,65533,3,,,1,5,,65508,3,,,1,5,,65510,3,,,1,5,,65511,3,,,1,5,,65512,3,,,1,5,,65514,3,,,1,45,,65515,3,,,1,5,,65509,3,,,1,5,,65532,3,,,1,5,,65513,3,,,1,7,,65516,3,,,1,4,,65517,3,,,1,5,,65518,3,,,1,4,,65519,3,,,1,5,,65531,3,,,1,5,,65520,3,,,1,5,,65529,3,,,1,5,,65521,3,,,1,45,,65522,3,,,1,5,,65524,3,,,1,5,,65523,3,,,1,5,,65525,3,,,1,5,,65526,3,,,1,5,,65527,3,,,1,5,,65530,3,,,1
37100,'Semaine-0',649,,65591,3,,,1,71,,65588,3,,,1,30,,65584,3,,,1,69,,65579,3,,,1,90,,65598,3,,,1,100,,65583,3,,,1,100,,65585,3,,,1,100,,65597,3,,,1,100,,65592,3,,,1,100,,65581,3,,,1,50,,65593,3,,,1,59,,65602,3,,,1,16,,65582,3,,,1,15,,65603,3,,,1,66,,65578,3,,,1,20,,65587,3,,,1,69,,65594,3,,,1,25,,65600,3,,,1,30,,65599,3,,,1,70,,65589,3,,,1,30,,65601,3,,,1,70,,65604,3,,,1,30,,65590,3,,,1,95,,65586,3,,,1,100,,65596,3,,,1,100,,65595,3,,,1,100,,65580,3,,,1
40000,'Semaine-0',533,,65630,3,,,1,15,,65636,3,,,1,55,,65659,3,,,1,14,,65674,3,,,1,16,,65664,3,,,1,15,,65722,3,,,1,9,,65694,3,,,1,50,,65646,3,,,1,10,,65693,3,,,1,17,,65688,3,,,1,13,,65689,3,,,1,10,,65644,3,,,1,52,,65666,3,,,1,12,,65668,3,,,1,12,,65715,3,,,1,12,,65685,3,,,1,12,,65639,3,,,1,53,,65648,3,,,1,9,,65634,3,,,1,10,,65637,3,,,1,10,,65690,3,,,1,10,,65656,3,,,1,10,,65669,3,,,1,50,,65662,3,,,1,10,,65663,3,,,1,10,,65695,3,,,1,10,,65675,3,,,1,10,,65686,3,,,1,51,,65640,3,,,1,9,,65649,3,,,1,10,,65638,3,,,1,11,,65716,3,,,1,9,,65691,3,,,1,10,,65657,3,,,1,10,,65670,3,,,1,51,,65661,3,,,1,10,,65653,3,,,1,9,,65682,3,,,1,11,,65665,3,,,1,4,,65676,3,,,1,5,,65687,3,,,1,51,,65641,3,,,1,10,,65651,3,,,1,10,,65643,3,,,1,10,,65633,3,,,1,10,,65692,3,,,1,10,,65673,3,,,1,50,,65671,3,,,1,6,,65683,3,,,1,6,,65660,3,,,1,6,,65652,3,,,1,6,,65700,3,,,1,6,,65701,3,,,1,4,,65702,3,,,1,6,,65703,3,,,1,2,,65704,3,,,1,8,,65714,3,,,1,5,,65720,3,,,1,2,,65705,3,,,1,278,,65706,3,,,1,5,,65707,3,,,1,5,,65708,3,,,1,5,,65709,3,,,1,5,,65721,3,,,1,45,,65710,3,,,1,8,,65711,3,,,1,8,,65712,3,,,1,12,,65713,3,,,1,12,,65677,3,,,1,12,,65678,3,,,1,52,,65672,3,,,1,12,,65698,3,,,1,12,,65681,3,,,1,12,,65667,3,,,1,12,,65645,3,,,1,52,,65717,3,,,1,12,,65650,3,,,1,13,,65718,3,,,1,11,,65658,3,,,1,12,,65679,3,,,1,52,,65719,3,,,1,14,,65655,3,,,1,14,,65699,3,,,1,15,,65697,3,,,1,55,,65642,3,,,1,15,,65631,3,,,1,15,,65647,3,,,1,15,,65680,3,,,1,55,,65654,3,,,1,15,,65684,3,,,1,15,,65696,3,,,1,15,,65635,3,,,1,55,,65632,3,,,1
