2800,'Semaine-0',1624,,63513,47,,,1,82,,63514,47,,,1,48,,63515,47,,,1
3301,'Semaine-0',611,,63781,25,,,1,20,,63789,25,,,1,18,,63766,25,,,1,55,,63786,25,,,1,19,,63782,25,,,1,10,,63777,25,,,1,11,,63797,25,,,1,13,,63795,25,,,1,55,,63784,25,,,1,12,,63772,25,,,1,11,,63788,25,,,1,14,,63762,25,,,1,70,,63774,25,,,1,30,,63780,25,,,1,70,,63770,25,,,1,30,,63791,25,,,1,70,,63775,25,,,1,30,,63767,25,,,1,70,,63769,25,,,1,16,,63787,25,,,1,15,,63796,25,,,1,66,,63778,25,,,1,28,,63768,25,,,1,70,,63773,25,,,1,33,,63776,25,,,1,61,,63798,25,,,1,19,,63779,25,,,1,18,,63783,25,,,1,63,,63764,25,,,1,20,,63794,25,,,1,21,,63771,25,,,1,67,,63761,25,,,1,31,,63758,25,,,1,72,,63792,25,,,1,30,,63765,25,,,1,70,,63760,25,,,1,100,,63763,25,,,1,34,,63785,25,,,1,101,,63790,25,,,2,100,,63759,25,,,1,100,,63793,25,,,1
3900,'Semaine-0',639,,64097,33,,,1,64,,64083,33,,,1,34,,64102,33,,,1,69,,64095,33,,,1,32,,64096,33,,,1,70,,64094,33,,,1,32,,64091,33,,,1,70,,64108,33,,,2,30,,64103,33,,,1,71,,64115,33,,,1,30,,64100,33,,,2,70,,64104,33,,,1,30,,64092,33,,,1,71,,64090,33,,,1,30,,64105,33,,,1,69,,64093,33,,,2,30,,64080,33,,,1,74,,64106,33,,,1,33,,64087,33,,,1,70,,64089,33,,,1,32,,64107,33,,,2,72,,64086,33,,,1,28,,64081,33,,,1,69,,64109,33,,,1,25,,64088,33,,,1,71,,64082,33,,,2,29,,64110,33,,,2,72,,64085,33,,,1,25,,64101,33,,,2,66,,64111,33,,,1,30,,64084,33,,,1,70,,64099,33,,,1,29,,64112,33,,,1,70,,64098,33,,,1,32,,64114,33,,,1,68,,64113,33,,,1
4801,'Semaine-0',743,,64197,35,,,1
4901,'Semaine-0',556,,64243,7,,,1,87,,64248,7,,,1,70,,64264,7,,,1,30,,64260,7,,,1,70,,64258,7,,,1,29,,64268,7,,,1,70,,64250,7,,,1,30,,64266,7,,,1,70,,64262,7,,,1,30,,64237,7,,,1,70,,64259,7,,,1,30,,64238,7,,,1,70,,64244,7,,,1,30,,64246,7,,,1,70,,64251,7,,,1,29,,64267,7,,,1,71,,64249,7,,,1,30,,64269,7,,,1,61,,64265,7,,,1,10,,64252,7,,,1,15,,64239,7,,,1,15,,64255,7,,,1,70,,64245,7,,,1,30,,64247,7,,,1,69,,64263,7,,,1,30,,64257,7,,,1,70,,64261,7,,,1,95,,64240,7,,,1,40,,64256,7,,,1,101,,64254,7,,,1,99,,64241,7,,,1,100,,64253,7,,,1,99,,64242,7,,,1
32501,'Semaine-0',833,,65570,30,0,7 8,1,3,,65571,30,0,7 8,1
32601,'Semaine-0',829,,65573,27,0,7 8,1
32900,'Semaine-0',828,,65574,24,0,7 8,1
55000,'Semaine-0',727,,65840,41,0,5 6,1,2,,65841,41,0,5 6,1
55400,'Semaine-0',724,,65846,34,0,5 6,2
56601,'Semaine-0',728,,65850,59,0,5 6,1
82601,'Semaine-0',756,,65968,27,0,9 12 13,1,1,,65969,27,0,9 12 13,1
83301,'Semaine-0',751,,65984,7,0,9 12 13,1
