2501,'Semaine-0',555,,63492,7,,,2,69,,63491,7,,,1,30,,63489,7,,,1,70,,63490,7,,,2,31,,63493,7,,,1,69,,63488,7,,,2
2501,'Semaine-10',555,,71422,7,,,2,69,,71421,7,,,1,30,,71419,7,,,1,70,,71420,7,,,2,31,,71423,7,,,1,69,,71418,7,,,2
32501,'Semaine-0',808,,65570,7,0,7 8,1,3,,65571,7,0,7 8,1
32501,'Semaine-10',808,,73500,7,0,7 8,1,3,,73501,7,0,7 8,1
42500,'Semaine-0',657,,65817,7,0,9 14,1,2,,65818,7,0,9 14,2
42500,'Semaine-10',657,,73747,7,0,9 14,1,2,,73748,7,0,9 14,2
72501,'Semaine-0',805,,65875,7,0,5 11,2
72501,'Semaine-10',805,,73805,7,0,5 11,2
82501,'Semaine-0',738,,65964,7,0,9 12 13,1,1,,65965,7,0,9 12 13,1
82501,'Semaine-10',738,,73894,7,0,9 12 13,1,1,,73895,7,0,9 12 13,1
