3300,'Samedi-0',755,,66061,17,,,1,100,,66062,17,,,1,101,,66063,17,,,1,100,,66064,17,,,1,101,,66065,17,,,1,100,,66066,17,,,1,100,,66067,17,,,1,100,,66068,17,,,1,100,,66069,17,,,1,100,,66070,17,,,1,100,,66071,17,,,1,99,,66072,17,,,1,99,,66073,17,,,1,100,,66074,17,,,1,100,,66075,17,,,1,100,,66076,17,,,1,100,,66077,17,,,1,99,,66078,17,,,1
3300,'Samedi-11',755,,70342,17,,,1,100,,70343,17,,,1,101,,70344,17,,,1,100,,70345,17,,,1,101,,70346,17,,,1,100,,70347,17,,,1,100,,70348,17,,,1,100,,70349,17,,,1,100,,70350,17,,,1,100,,70351,17,,,1,100,,70352,17,,,1,99,,70353,17,,,1,99,,70354,17,,,1,100,,70355,17,,,1,100,,70356,17,,,1,100,,70357,17,,,1,100,,70358,17,,,1,99,,70359,17,,,1
3300,'Dimanche-0',755,,68185,17,,,1,100,,68190,17,,,1,101,,68196,17,,,1,100,,68187,17,,,1,101,,68189,17,,,1,100,,68186,17,,,1,100,,68188,17,,,1,100,,68184,17,,,1,100,,68192,17,,,1,100,,68191,17,,,1,100,,68194,17,,,1,99,,68193,17,,,1,99,,68195,17,,,1,100,,68197,17,,,1,100,,68198,17,,,1,100,,68199,17,,,1,100,,68200,17,,,1,99,,68201,17,,,1
3300,'Dimanche-10',755,,69264,17,,,1,100,,69269,17,,,1,101,,69275,17,,,1,100,,69266,17,,,1,101,,69268,17,,,1,100,,69265,17,,,1,100,,69267,17,,,1,100,,69263,17,,,1,100,,69271,17,,,1,100,,69270,17,,,1,100,,69273,17,,,1,99,,69272,17,,,1,99,,69274,17,,,1,100,,69276,17,,,1,100,,69277,17,,,1,100,,69278,17,,,1,100,,69279,17,,,1,99,,69280,17,,,1
3300,'Dimanche-11',755,,66080,17,,,1,100,,66085,17,,,1,101,,66091,17,,,1,100,,66082,17,,,1,101,,66084,17,,,1,100,,66081,17,,,1,100,,66083,17,,,1,100,,66079,17,,,1,100,,66087,17,,,1,100,,66086,17,,,1,100,,66089,17,,,1,99,,66088,17,,,1,99,,66090,17,,,1,100,,66092,17,,,1,100,,66093,17,,,1,100,,66094,17,,,1,100,,66095,17,,,1,99,,66096,17,,,1
3300,'Semaine-0',630,,63741,17,,,1,20,,63740,17,,,1,59,,63747,17,,,1,34,,63720,17,,,1,13,,63734,17,,,1,60,,63742,17,,,1,16,,63755,17,,,1,17,,63748,17,,,1,68,,63732,17,,,1,28,,63750,17,,,1,72,,63735,17,,,1,38,,63725,17,,,1,61,,63744,17,,,1,20,,63730,17,,,1,20,,63737,17,,,1,60,,63726,17,,,1,22,,63752,17,,,1,18,,63733,17,,,1,60,,63754,17,,,1,32,,63739,17,,,1,69,,63727,17,,,1,20,,63749,17,,,1,20,,63745,17,,,1,60,,63738,17,,,1,23,,63717,17,,,1,61,,63729,17,,,1,12,,63736,17,,,1,15,,63753,17,,,1,17,,63751,17,,,1,65,,63746,17,,,1,20,,63724,17,,,1,19,,63723,17,,,1,55,,63728,17,,,1,18,,63716,17,,,1,18,,63721,17,,,1,81,,63756,17,,,1,33,,63731,17,,,1,99,,63722,17,,,1,102,,63718,17,,,1,100,,63743,17,,,2,100,,63757,17,,,1,103,,63719,17,,,1
3300,'Semaine-10',630,,71671,17,,,1,20,,71670,17,,,1,59,,71677,17,,,1,34,,71650,17,,,1,13,,71664,17,,,1,60,,71672,17,,,1,16,,71685,17,,,1,17,,71678,17,,,1,68,,71662,17,,,1,28,,71680,17,,,1,72,,71665,17,,,1,38,,71655,17,,,1,61,,71674,17,,,1,20,,71660,17,,,1,20,,71667,17,,,1,60,,71656,17,,,1,22,,71682,17,,,1,18,,71663,17,,,1,60,,71684,17,,,1,32,,71669,17,,,1,69,,71657,17,,,1,20,,71679,17,,,1,20,,71675,17,,,1,60,,71668,17,,,1,23,,71647,17,,,1,61,,71659,17,,,1,12,,71666,17,,,1,15,,71683,17,,,1,17,,71681,17,,,1,65,,71676,17,,,1,20,,71654,17,,,1,19,,71653,17,,,1,55,,71658,17,,,1,18,,71646,17,,,1,18,,71651,17,,,1,81,,71686,17,,,1,33,,71661,17,,,1,99,,71652,17,,,1,102,,71648,17,,,1,100,,71673,17,,,2,100,,71687,17,,,1,103,,71649,17,,,1
3300,'Semaine-11',630,,74202,17,,,1,20,,74201,17,,,1,59,,74208,17,,,1,34,,74181,17,,,1,13,,74195,17,,,1,60,,74203,17,,,1,16,,74216,17,,,1,17,,74209,17,,,1,68,,74193,17,,,1,28,,74211,17,,,1,72,,74196,17,,,1,38,,74186,17,,,1,61,,74205,17,,,1,20,,74191,17,,,1,20,,74198,17,,,1,60,,74187,17,,,1,22,,74213,17,,,1,18,,74194,17,,,1,60,,74215,17,,,1,32,,74200,17,,,1,69,,74188,17,,,1,20,,74210,17,,,1,20,,74206,17,,,1,60,,74199,17,,,1,23,,74178,17,,,1,61,,74190,17,,,1,12,,74197,17,,,1,15,,74214,17,,,1,17,,74212,17,,,1,65,,74207,17,,,1,20,,74185,17,,,1,19,,74184,17,,,1,55,,74189,17,,,1,18,,74177,17,,,1,18,,74182,17,,,1,81,,74217,17,,,1,33,,74192,17,,,1,99,,74183,17,,,1,102,,74179,17,,,1,100,,74204,17,,,2,100,,74218,17,,,1,103,,74180,17,,,1
3600,'Semaine-0',910,,63929,19,,,1,100,,63930,19,,,1,101,,63928,19,,,1,100,,63931,19,,,1,100,,63933,19,,,1,100,,63934,19,,,1,99,,63932,19,,,1
3600,'Semaine-10',910,,71859,19,,,1,100,,71860,19,,,1,101,,71858,19,,,1,100,,71861,19,,,1,100,,71863,19,,,1,100,,71864,19,,,1,99,,71862,19,,,1
3600,'Semaine-11',910,,74390,19,,,1,100,,74391,19,,,1,101,,74389,19,,,1,100,,74392,19,,,1,100,,74394,19,,,1,100,,74395,19,,,1,99,,74393,19,,,1
3700,'Samedi-0',732,,66265,19,,,1,100,,66266,19,,,1,100,,66268,19,,,1,102,,66269,19,,,1,100,,66267,19,,,1,101,,66270,19,,,1,100,,66271,19,,,1,100,,66272,19,,,1,100,,66273,19,,,1,100,,66274,19,,,1,100,,66275,19,,,1,100,,66276,19,,,1,98,,66277,19,,,1,100,,66278,19,,,1,100,,66279,19,,,1,100,,66280,19,,,1,98,,66281,19,,,1,100,,66282,19,,,1
3700,'Samedi-11',732,,70444,19,,,1,100,,70445,19,,,1,100,,70447,19,,,1,102,,70448,19,,,1,100,,70446,19,,,1,101,,70449,19,,,1,100,,70450,19,,,1,100,,70451,19,,,1,100,,70452,19,,,1,100,,70453,19,,,1,100,,70454,19,,,1,100,,70455,19,,,1,98,,70456,19,,,1,100,,70457,19,,,1,100,,70458,19,,,1,100,,70459,19,,,1,98,,70460,19,,,1,100,,70461,19,,,1
3700,'Dimanche-0',732,,68288,19,,,1,100,,68291,19,,,1,100,,68293,19,,,1,102,,68289,19,,,1,100,,68286,19,,,1,101,,68290,19,,,1,100,,68287,19,,,1,100,,68292,19,,,1,100,,68294,19,,,1,100,,68296,19,,,1,100,,68295,19,,,1,100,,68299,19,,,1,98,,68298,19,,,1,100,,68297,19,,,1,100,,68300,19,,,1,100,,68301,19,,,1,98,,68302,19,,,1,100,,68303,19,,,1
3700,'Dimanche-10',732,,69367,19,,,1,100,,69370,19,,,1,100,,69372,19,,,1,102,,69368,19,,,1,100,,69365,19,,,1,101,,69369,19,,,1,100,,69366,19,,,1,100,,69371,19,,,1,100,,69373,19,,,1,100,,69375,19,,,1,100,,69374,19,,,1,100,,69378,19,,,1,98,,69377,19,,,1,100,,69376,19,,,1,100,,69379,19,,,1,100,,69380,19,,,1,98,,69381,19,,,1,100,,69382,19,,,1
3700,'Dimanche-11',732,,66285,19,,,1,100,,66288,19,,,1,100,,66290,19,,,1,102,,66286,19,,,1,100,,66283,19,,,1,101,,66287,19,,,1,100,,66284,19,,,1,100,,66289,19,,,1,100,,66291,19,,,1,100,,66293,19,,,1,100,,66292,19,,,1,100,,66296,19,,,1,98,,66295,19,,,1,100,,66294,19,,,1,100,,66297,19,,,1,100,,66298,19,,,1,98,,66299,19,,,1,100,,66300,19,,,1
3700,'Semaine-0',651,,63963,19,,,1,81,,63969,19,,,1,74,,63960,19,,,1,28,,63944,19,,,1,69,,63958,19,,,1,49,,63950,19,,,1,100,,63946,19,,,1,100,,63947,19,,,1,100,,63948,19,,,1,101,,63949,19,,,1,100,,63955,19,,,1,88,,63956,19,,,1,16,,63957,19,,,1,55,,63943,19,,,1,15,,63965,19,,,1,24,,63952,19,,,1,70,,63961,19,,,1,23,,63951,19,,,1,68,,63945,19,,,1,29,,63942,19,,,1,68,,63953,19,,,1,30,,63968,19,,,1,69,,63959,19,,,1,36,,63970,19,,,1,99,,63966,19,,,1,99,,63954,19,,,1,100,,63964,19,,,1,99,,63967,19,,,1,15,,63962,19,,,1
3700,'Semaine-10',651,,71893,19,,,1,81,,71899,19,,,1,74,,71890,19,,,1,28,,71874,19,,,1,69,,71888,19,,,1,49,,71880,19,,,1,100,,71876,19,,,1,100,,71877,19,,,1,100,,71878,19,,,1,101,,71879,19,,,1,100,,71885,19,,,1,88,,71886,19,,,1,16,,71887,19,,,1,55,,71873,19,,,1,15,,71895,19,,,1,24,,71882,19,,,1,70,,71891,19,,,1,23,,71881,19,,,1,68,,71875,19,,,1,29,,71872,19,,,1,68,,71883,19,,,1,30,,71898,19,,,1,69,,71889,19,,,1,36,,71900,19,,,1,99,,71896,19,,,1,99,,71884,19,,,1,100,,71894,19,,,1,99,,71897,19,,,1,15,,71892,19,,,1
3700,'Semaine-11',651,,74424,19,,,1,81,,74430,19,,,1,74,,74421,19,,,1,28,,74405,19,,,1,69,,74419,19,,,1,49,,74411,19,,,1,100,,74407,19,,,1,100,,74408,19,,,1,100,,74409,19,,,1,101,,74410,19,,,1,100,,74416,19,,,1,88,,74417,19,,,1,16,,74418,19,,,1,55,,74404,19,,,1,15,,74426,19,,,1,24,,74413,19,,,1,70,,74422,19,,,1,23,,74412,19,,,1,68,,74406,19,,,1,29,,74403,19,,,1,68,,74414,19,,,1,30,,74429,19,,,1,69,,74420,19,,,1,36,,74431,19,,,1,99,,74427,19,,,1,99,,74415,19,,,1,100,,74425,19,,,1,99,,74428,19,,,1,15,,74423,19,,,1
3800,'Samedi-0',744,,66342,17,,,1,72,,66335,17,,,1,20,,66336,17,,,1,80,,66347,17,,,1,29,,66339,17,,,1,71,,66337,17,,,1,29,,66348,17,,,1,72,,66340,17,,,1,29,,66346,17,,,1,71,,66338,17,,,1,27,,66341,17,,,1,74,,66345,17,,,1,26,,66343,17,,,1,74,,66344,17,,,1,30,,66349,17,,,1,71,,66350,17,,,1,30,,66351,17,,,1,69,,66352,17,,,1,21,,66353,17,,,1,78,,66354,17,,,1,30,,66355,17,,,1,70,,66356,17,,,1,30,,66357,17,,,1,70,,66358,17,,,1,30,,66359,17,,,1,69,,66360,17,,,1,30,,66362,17,,,1,70,,66361,17,,,1,29,,66364,17,,,1,70,,66363,17,,,1,30,,66365,17,,,1,70,,66366,17,,,1,30,,66367,17,,,1
3800,'Samedi-11',744,,70486,17,,,1,72,,70479,17,,,1,20,,70480,17,,,1,80,,70491,17,,,1,29,,70483,17,,,1,71,,70481,17,,,1,29,,70492,17,,,1,72,,70484,17,,,1,29,,70490,17,,,1,71,,70482,17,,,1,27,,70485,17,,,1,74,,70489,17,,,1,26,,70487,17,,,1,74,,70488,17,,,1,30,,70493,17,,,1,71,,70494,17,,,1,30,,70495,17,,,1,69,,70496,17,,,1,21,,70497,17,,,1,78,,70498,17,,,1,30,,70499,17,,,1,70,,70500,17,,,1,30,,70501,17,,,1,70,,70502,17,,,1,30,,70503,17,,,1,69,,70504,17,,,1,30,,70506,17,,,1,70,,70505,17,,,1,29,,70508,17,,,1,70,,70507,17,,,1,30,,70509,17,,,1,70,,70510,17,,,1,30,,70511,17,,,1
3800,'Dimanche-0',744,,68324,17,,,1,72,,68329,17,,,1,20,,68332,17,,,1,80,,68330,17,,,1,29,,68323,17,,,1,71,,68345,17,,,1,29,,68322,17,,,1,72,,68325,17,,,1,29,,68346,17,,,1,71,,68344,17,,,1,27,,68326,17,,,1,74,,68336,17,,,1,26,,68333,17,,,1,74,,68327,17,,,1,30,,68331,17,,,1,71,,68338,17,,,1,30,,68321,17,,,1,69,,68328,17,,,1,21,,68335,17,,,1,78,,68340,17,,,1,30,,68334,17,,,1,70,,68342,17,,,1,30,,68339,17,,,1,70,,68343,17,,,1,30,,68341,17,,,1,69,,68337,17,,,1,30,,68347,17,,,1,70,,68348,17,,,1,29,,68349,17,,,1,70,,68350,17,,,1,30,,68351,17,,,1,70,,68352,17,,,1,30,,68353,17,,,1
3800,'Dimanche-10',744,,69403,17,,,1,72,,69408,17,,,1,20,,69411,17,,,1,80,,69409,17,,,1,29,,69402,17,,,1,71,,69424,17,,,1,29,,69401,17,,,1,72,,69404,17,,,1,29,,69425,17,,,1,71,,69423,17,,,1,27,,69405,17,,,1,74,,69415,17,,,1,26,,69412,17,,,1,74,,69406,17,,,1,30,,69410,17,,,1,71,,69417,17,,,1,30,,69400,17,,,1,69,,69407,17,,,1,21,,69414,17,,,1,78,,69419,17,,,1,30,,69413,17,,,1,70,,69421,17,,,1,30,,69418,17,,,1,70,,69422,17,,,1,30,,69420,17,,,1,69,,69416,17,,,1,30,,69426,17,,,1,70,,69427,17,,,1,29,,69428,17,,,1,70,,69429,17,,,1,30,,69430,17,,,1,70,,69431,17,,,1,30,,69432,17,,,1
3800,'Dimanche-11',744,,66371,17,,,1,72,,66376,17,,,1,20,,66379,17,,,1,80,,66377,17,,,1,29,,66370,17,,,1,71,,66392,17,,,1,29,,66369,17,,,1,72,,66372,17,,,1,29,,66393,17,,,1,71,,66391,17,,,1,27,,66373,17,,,1,74,,66383,17,,,1,26,,66380,17,,,1,74,,66374,17,,,1,30,,66378,17,,,1,71,,66385,17,,,1,30,,66368,17,,,1,69,,66375,17,,,1,21,,66382,17,,,1,78,,66387,17,,,1,30,,66381,17,,,1,70,,66389,17,,,1,30,,66386,17,,,1,70,,66390,17,,,1,30,,66388,17,,,1,69,,66384,17,,,1,30,,66394,17,,,1,70,,66395,17,,,1,29,,66396,17,,,1,70,,66397,17,,,1,30,,66398,17,,,1,70,,66399,17,,,1,30,,66400,17,,,1
3800,'Semaine-0',658,,64012,17,,,1,59,,64028,17,,,1,32,,64023,17,,,1,70,,64036,17,,,1,30,,64033,17,,,1,70,,64009,17,,,1,20,,64005,17,,,1,20,,64016,17,,,1,60,,64001,17,,,1,20,,64025,17,,,1,20,,64010,17,,,1,61,,64006,17,,,1,20,,64017,17,,,1,60,,64002,17,,,1,20,,64024,17,,,1,20,,64035,17,,,1,60,,64007,17,,,1,20,,64018,17,,,1,20,,64026,17,,,1,60,,64037,17,,,1,20,,64011,17,,,1,21,,64008,17,,,1,61,,64019,17,,,1,30,,64032,17,,,1,72,,63997,17,,,1,30,,64021,17,,,1,74,,64030,17,,,1,24,,64020,17,,,1,27,,64034,17,,,1,69,,64000,17,,,1,29,,64031,17,,,1,69,,64014,17,,,1,31,,64022,17,,,1,71,,64027,17,,,1,28,,64029,17,,,1,70,,64013,17,,,1,30,,63999,17,,,1,70,,64015,17,,,1,30,,64003,17,,,1,70,,63998,17,,,1,30,,63996,17,,,1,68,,64004,17,,,1
3800,'Semaine-10',658,,71942,17,,,1,59,,71958,17,,,1,32,,71953,17,,,1,70,,71966,17,,,1,30,,71963,17,,,1,70,,71939,17,,,1,20,,71935,17,,,1,20,,71946,17,,,1,60,,71931,17,,,1,20,,71955,17,,,1,20,,71940,17,,,1,61,,71936,17,,,1,20,,71947,17,,,1,60,,71932,17,,,1,20,,71954,17,,,1,20,,71965,17,,,1,60,,71937,17,,,1,20,,71948,17,,,1,20,,71956,17,,,1,60,,71967,17,,,1,20,,71941,17,,,1,21,,71938,17,,,1,61,,71949,17,,,1,30,,71962,17,,,1,72,,71927,17,,,1,30,,71951,17,,,1,74,,71960,17,,,1,24,,71950,17,,,1,27,,71964,17,,,1,69,,71930,17,,,1,29,,71961,17,,,1,69,,71944,17,,,1,31,,71952,17,,,1,71,,71957,17,,,1,28,,71959,17,,,1,70,,71943,17,,,1,30,,71929,17,,,1,70,,71945,17,,,1,30,,71933,17,,,1,70,,71928,17,,,1,30,,71926,17,,,1,68,,71934,17,,,1
3800,'Semaine-11',658,,74473,17,,,1,59,,74489,17,,,1,32,,74484,17,,,1,70,,74497,17,,,1,30,,74494,17,,,1,70,,74470,17,,,1,20,,74466,17,,,1,20,,74477,17,,,1,60,,74462,17,,,1,20,,74486,17,,,1,20,,74471,17,,,1,61,,74467,17,,,1,20,,74478,17,,,1,60,,74463,17,,,1,20,,74485,17,,,1,20,,74496,17,,,1,60,,74468,17,,,1,20,,74479,17,,,1,20,,74487,17,,,1,60,,74498,17,,,1,20,,74472,17,,,1,21,,74469,17,,,1,61,,74480,17,,,1,30,,74493,17,,,1,72,,74458,17,,,1,30,,74482,17,,,1,74,,74491,17,,,1,24,,74481,17,,,1,27,,74495,17,,,1,69,,74461,17,,,1,29,,74492,17,,,1,69,,74475,17,,,1,31,,74483,17,,,1,71,,74488,17,,,1,28,,74490,17,,,1,70,,74474,17,,,1,30,,74460,17,,,1,70,,74476,17,,,1,30,,74464,17,,,1,70,,74459,17,,,1,30,,74457,17,,,1,68,,74465,17,,,1
32900,'Semaine-0',833,,65574,32,0,7 8,1
32900,'Semaine-10',833,,73504,32,0,7 8,1
32900,'Semaine-11',833,,76035,32,0,7 8,1
37100,'Samedi-0',802,,67718,19,,,1,101,,67722,19,,,1,100,,67717,19,,,1,101,,67723,19,,,1,100,,67719,19,,,1,100,,67720,19,,,1,100,,67721,19,,,1,101,,67724,19,,,1,100,,67725,19,,,1,100,,67726,19,,,1,99,,67727,19,,,1,99,,67728,19,,,1,100,,67729,19,,,1,99,,67730,19,,,1,100,,67731,19,,,1,100,,67732,19,,,1,99,,67733,19,,,1
37100,'Samedi-11',802,,71171,19,,,1,101,,71175,19,,,1,100,,71170,19,,,1,101,,71176,19,,,1,100,,71172,19,,,1,100,,71173,19,,,1,100,,71174,19,,,1,101,,71177,19,,,1,100,,71178,19,,,1,100,,71179,19,,,1,99,,71180,19,,,1,99,,71181,19,,,1,100,,71182,19,,,1,99,,71183,19,,,1,100,,71184,19,,,1,100,,71185,19,,,1,99,,71186,19,,,1
37100,'Dimanche-0',802,,69012,19,,,1,101,,69014,19,,,1,100,,69016,19,,,1,101,,69017,19,,,1,100,,69024,19,,,1,100,,69013,19,,,1,100,,69018,19,,,1,101,,69015,19,,,1,100,,69020,19,,,1,100,,69022,19,,,1,99,,69023,19,,,1,99,,69021,19,,,1,100,,69019,19,,,1,99,,69025,19,,,1,100,,69026,19,,,1,100,,69027,19,,,1,99,,69028,19,,,1
37100,'Dimanche-10',802,,70091,19,,,1,101,,70093,19,,,1,100,,70095,19,,,1,101,,70096,19,,,1,100,,70103,19,,,1,100,,70092,19,,,1,100,,70097,19,,,1,101,,70094,19,,,1,100,,70099,19,,,1,100,,70101,19,,,1,99,,70102,19,,,1,99,,70100,19,,,1,100,,70098,19,,,1,99,,70104,19,,,1,100,,70105,19,,,1,100,,70106,19,,,1,99,,70107,19,,,1
37100,'Dimanche-11',802,,67734,19,,,1,101,,67736,19,,,1,100,,67738,19,,,1,101,,67739,19,,,1,100,,67746,19,,,1,100,,67735,19,,,1,100,,67740,19,,,1,101,,67737,19,,,1,100,,67742,19,,,1,100,,67744,19,,,1,99,,67745,19,,,1,99,,67743,19,,,1,100,,67741,19,,,1,99,,67747,19,,,1,100,,67748,19,,,1,100,,67749,19,,,1,99,,67750,19,,,1
37100,'Semaine-0',710,,65591,19,,,1,33,,65588,19,,,1,70,,65584,19,,,1,29,,65579,19,,,1,90,,65598,19,,,1,98,,65583,19,,,1,102,,65585,19,,,1,100,,65597,19,,,1,100,,65592,19,,,1,102,,65581,19,,,1,92,,65593,19,,,1,19,,65602,19,,,1,56,,65582,19,,,1,15,,65603,19,,,1,25,,65578,19,,,1,60,,65587,19,,,1,28,,65594,19,,,1,25,,65600,19,,,1,68,,65599,19,,,1,30,,65589,19,,,1,68,,65601,19,,,1,30,,65604,19,,,1,70,,65590,19,,,1,95,,65586,19,,,1,100,,65596,19,,,1,100,,65595,19,,,1,98,,65580,19,,,1
37100,'Semaine-10',710,,73521,19,,,1,33,,73518,19,,,1,70,,73514,19,,,1,29,,73509,19,,,1,90,,73528,19,,,1,98,,73513,19,,,1,102,,73515,19,,,1,100,,73527,19,,,1,100,,73522,19,,,1,102,,73511,19,,,1,92,,73523,19,,,1,19,,73532,19,,,1,56,,73512,19,,,1,15,,73533,19,,,1,25,,73508,19,,,1,60,,73517,19,,,1,28,,73524,19,,,1,25,,73530,19,,,1,68,,73529,19,,,1,30,,73519,19,,,1,68,,73531,19,,,1,30,,73534,19,,,1,70,,73520,19,,,1,95,,73516,19,,,1,100,,73526,19,,,1,100,,73525,19,,,1,98,,73510,19,,,1
37100,'Semaine-11',710,,76052,19,,,1,33,,76049,19,,,1,70,,76045,19,,,1,29,,76040,19,,,1,90,,76059,19,,,1,98,,76044,19,,,1,102,,76046,19,,,1,100,,76058,19,,,1,100,,76053,19,,,1,102,,76042,19,,,1,92,,76054,19,,,1,19,,76063,19,,,1,56,,76043,19,,,1,15,,76064,19,,,1,25,,76039,19,,,1,60,,76048,19,,,1,28,,76055,19,,,1,25,,76061,19,,,1,68,,76060,19,,,1,30,,76050,19,,,1,68,,76062,19,,,1,30,,76065,19,,,1,70,,76051,19,,,1,95,,76047,19,,,1,100,,76057,19,,,1,100,,76056,19,,,1,98,,76041,19,,,1
43700,'Semaine-0',729,,65832,15,0,9 14,1,2,,65833,11,0,9 14,2
43700,'Semaine-10',729,,73762,15,0,9 14,1,2,,73763,11,0,9 14,2
43700,'Semaine-11',729,,76293,15,0,9 14,1,2,,76294,11,0,9 14,2
56901,'Semaine-0',723,,65852,30,0,5 6,1
56901,'Semaine-10',723,,73782,30,0,5 6,1
56901,'Semaine-11',723,,76313,30,0,5 6,1
57601,'Semaine-0',732,,65856,29,0,5 6,1
57601,'Semaine-10',732,,73786,29,0,5 6,1
57601,'Semaine-11',732,,76317,29,0,5 6,1
73300,'Semaine-0',1625,,65879,14,,,1
73300,'Semaine-10',1625,,73809,14,,,1
73300,'Semaine-11',1625,,76340,14,,,1
83300,'Semaine-0',1527,,65983,4,0,9 12 13,1
83300,'Semaine-10',1527,,73913,4,0,9 12 13,1
83300,'Semaine-11',1527,,76445,4,0,9 12 13,1
