2301,'Semaine-0',614,,63480,6,,,1,30,,63477,6,,,2,70,,63481,6,,,1,34,,63479,6,,,2,67,,63478,6,,,1
3201,'Semaine-0',511,,63711,9,,,1,20,,63710,9,,,1,20,,63702,9,,,1,61,,63712,9,,,2,10,,63692,9,,,1,8,,63713,9,,,1,11,,63693,9,,,1,10,,63694,9,,,1,8,,63686,9,,,1,49,,63689,9,,,1,8,,63715,9,,,1,8,,63695,9,,,1,8,,63690,9,,,1,9,,63703,9,,,1,8,,63685,9,,,1,7,,63696,9,,,1,48,,63714,9,,,2,8,,63684,9,,,1,10,,63683,9,,,1,10,,63688,9,,,1,10,,63691,9,,,1,10,,63697,9,,,1,62,,63671,9,,,2,30,,63681,9,,,1,70,,63674,9,,,1,30,,63677,9,,,1,70,,63670,9,,,1,30,,63680,9,,,1,70,,63675,9,,,1,30,,63682,9,,,1,70,,63664,9,,,1,30,,63669,9,,,1,70,,63676,9,,,1,30,,63687,9,,,1,70,,63704,9,,,1,30,,63705,9,,,2,70,,63706,9,,,1,30,,63707,9,,,1,70,,63708,9,,,2,30,,63709,9,,,1,70,,63667,9,,,1,30,,63665,9,,,2,70,,63678,9,,,2,30,,63673,9,,,1,69,,63668,9,,,1,31,,63666,9,,,2,70,,63679,9,,,1,30,,63672,9,,,1,68,,63699,9,,,1,32,,63698,9,,,1,70,,63700,9,,,1,30,,63701,9,,,1
3401,'Semaine-0',859,,63856,16,,,1,70,,63836,16,,,2,30,,63840,16,,,1,70,,63860,16,,,1,30,,63833,16,,,1,70,,63837,16,,,1,30,,63841,16,,,1,70,,63831,16,,,1,30,,63834,16,,,1,70,,63838,16,,,1,29,,63842,16,,,2,71,,63835,16,,,1,30,,63857,16,,,1,69,,63832,16,,,1,73,,63858,16,,,1,27,,63859,16,,,1,30,,63853,16,,,1,70,,63849,16,,,1,30,,63839,16,,,1,71,,63846,16,,,1,30,,63855,16,,,1,70,,63843,16,,,1,30,,63845,16,,,1,70,,63847,16,,,1,30,,63851,16,,,2,70,,63844,16,,,1,30,,63850,16,,,1,70,,63848,16,,,1,30,,63852,16,,,1,70,,63854,16,,,1
3900,'Semaine-0',620,,64097,15,,,1,22,,64083,15,,,1,71,,64102,15,,,1,28,,64095,15,,,1,76,,64096,15,,,1,32,,64094,15,,,1,72,,64091,15,,,1,30,,64108,15,,,2,70,,64103,15,,,1,30,,64115,15,,,1,70,,64100,15,,,2,30,,64104,15,,,1,70,,64092,15,,,1,31,,64090,15,,,1,70,,64105,15,,,1,29,,64093,15,,,2,70,,64080,15,,,1,34,,64106,15,,,1,73,,64087,15,,,1,29,,64089,15,,,1,72,,64107,15,,,2,72,,64086,15,,,1,28,,64081,15,,,1,29,,64109,15,,,1,67,,64088,15,,,1,31,,64082,15,,,2,69,,64110,15,,,2,32,,64085,15,,,1,65,,64101,15,,,2,26,,64111,15,,,1,70,,64084,15,,,1,30,,64099,15,,,1,69,,64112,15,,,1,30,,64098,15,,,1,72,,64114,15,,,1,28,,64113,15,,,1
4900,'Semaine-0',646,,64225,32,,,1,55,,64220,19,,,1,3,,64232,19,,,1,4,,64208,19,,,1,6,,64231,19,,,1,4,,64236,32,,,1,3,,64235,19,,,1,4,,64234,19,,,1,5,,64233,19,,,1,21,,64228,32,,,1,66,,64229,32,,,1,1,,64224,19,,,1,33,,64223,32,,,1,71,,64218,32,,,1,28,,64210,32,,,1,71,,64230,32,,,1,33,,64226,32,,,1,70,,64221,32,,,1,30,,64198,32,,,1,70,,64219,32,,,1,30,,64200,32,,,1,70,,64205,32,,,1,30,,64207,32,,,1,70,,64211,32,,,1,30,,64227,32,,,1,77,,64209,32,,,1,70,,64212,32,,,1,30,,64203,32,,,1,70,,64215,32,,,1,30,,64206,32,,,1,27,,64204,32,,,1,70,,64222,32,,,1,27,,64216,32,,,1,97,,64199,32,,,1,99,,64217,32,,,1,101,,64214,32,,,1,97,,64201,32,,,1,98,,64213,32,,,1,100,,64202,32,,,1
5000,'Semaine-0',655,,64273,31,,,1,62,,64271,31,,,1,8,,64272,10,,,2,25,,64274,31,,,2,70,,64270,31,,,1,106,,64275,31,,,1
32601,'Semaine-0',806,,65573,7,0,7 8,1
44900,'Semaine-0',716,,65836,18,0,9 14,1
55000,'Semaine-0',711,,65840,31,0,5 6,1,2,,65841,31,0,5 6,1
63900,'Semaine-0',1523,,65857,28,0,9 10,1
72601,'Semaine-0',1515,,65876,1,,,1
82601,'Semaine-0',732,,65968,7,0,9 12 13,1,1,,65969,7,0,9 12 13,1
