4000,'Semaine-0',1537,,64155,32,,,1,70,,64151,32,,,2,35,,64154,32,,,1,67,,64153,32,,,1,28,,64152,32,,,1,69,,64156,32,,,1
4100,'Semaine-0',1548,,64164,32,,,1,71,,64166,32,,,1,35,,64165,32,,,2,64,,64163,32,,,1,29,,64167,32,,,1
4901,'Samedi-0',746,,66600,40,,,1,100,,66599,40,,,1,100,,66601,40,,,1,102,,66597,40,,,1,100,,66602,40,,,1,102,,66598,40,,,1,100,,66603,40,,,1,100,,66604,40,,,1,100,,66605,40,,,1,100,,66606,40,,,1,100,,66607,40,,,1,97,,66608,40,,,1,100,,66609,40,,,1,100,,66610,40,,,1,100,,66611,40,,,1,100,,66612,40,,,1,100,,66613,40,,,1
4901,'Dimanche-11',746,,66627,40,,,1,100,,66616,40,,,1,100,,66626,40,,,1,102,,66619,40,,,1,100,,66615,40,,,1,102,,66614,40,,,1,100,,66617,40,,,1,100,,66618,40,,,1,100,,66621,40,,,1,100,,66620,40,,,1,100,,66624,40,,,1,97,,66623,40,,,1,100,,66625,40,,,1,100,,66622,40,,,1,100,,66628,40,,,1,100,,66629,40,,,1,100,,66630,40,,,1
4901,'Semaine-0',630,,64243,40,,,1,89,,64248,40,,,1,31,,64264,40,,,1,72,,64260,40,,,1,30,,64258,40,,,1,66,,64268,40,,,1,28,,64250,40,,,1,69,,64266,40,,,1,29,,64262,40,,,1,72,,64237,40,,,1,30,,64259,40,,,1,70,,64238,40,,,1,30,,64244,40,,,1,70,,64246,40,,,1,30,,64251,40,,,1,69,,64267,40,,,1,32,,64249,40,,,1,72,,64269,40,,,1,25,,64265,40,,,1,12,,64252,40,,,1,55,,64239,40,,,1,15,,64255,40,,,1,30,,64245,40,,,1,65,,64247,40,,,1,29,,64263,40,,,1,66,,64257,40,,,1,30,,64261,40,,,1,94,,64240,40,,,1,80,,64256,40,,,1,101,,64254,40,,,1,97,,64241,40,,,1,100,,64253,40,,,1,97,,64242,40,,,1
5500,'Samedi-0',716,,66706,33,,,1,30,,66703,33,,,1,70,,66704,33,,,1,30,,66707,33,,,1,70,,66705,33,,,1,30,,66712,33,,,1,73,,66709,33,,,1,30,,66710,33,,,1,68,,66715,33,,,1,32,,66714,33,,,1,70,,66708,33,,,1,30,,66711,33,,,1,70,,66713,33,,,1,30,,66716,33,,,1,70,,66717,33,,,1,30,,66718,33,,,1,70,,66719,33,,,1,30,,66720,33,,,1,70,,66721,33,,,1,31,,66722,33,,,1,70,,66723,33,,,1,30,,66724,33,,,1,70,,66725,33,,,1,30,,66726,33,,,1,68,,66728,33,,,1,30,,66727,33,,,1,70,,66729,33,,,1,30,,66731,33,,,1,70,,66730,33,,,1,30,,66732,33,,,1,69,,66733,33,,,1,30,,66736,33,,,1,70,,66738,33,,,1,30,,66735,33,,,1,69,,66734,33,,,1,27,,66737,33,,,1
5500,'Dimanche-11',716,,66743,33,,,1,30,,66748,33,,,1,70,,66740,33,,,1,30,,66745,33,,,1,70,,66742,33,,,1,30,,66739,33,,,1,73,,66750,33,,,1,30,,66744,33,,,1,68,,66741,33,,,1,32,,66753,33,,,1,70,,66749,33,,,1,30,,66754,33,,,1,70,,66747,33,,,1,30,,66746,33,,,1,70,,66752,33,,,1,30,,66757,33,,,1,70,,66751,33,,,1,30,,66756,33,,,1,70,,66759,33,,,1,31,,66763,33,,,1,70,,66758,33,,,1,30,,66764,33,,,1,70,,66755,33,,,1,30,,66761,33,,,1,68,,66762,33,,,1,30,,66765,33,,,1,70,,66760,33,,,1,30,,66766,33,,,1,70,,66768,33,,,1,30,,66767,33,,,1,69,,66769,33,,,1,30,,66771,33,,,1,70,,66772,33,,,1,30,,66770,33,,,1,69,,66773,33,,,1,27,,66774,33,,,1
5500,'Semaine-0',650,,64323,33,,,1,103,,64339,33,,,1,69,,64322,33,,,1,97,,64358,33,,,1,28,,64359,33,,,1,70,,64328,33,,,1,30,,64338,33,,,1,69,,64342,33,,,1,32,,64364,33,,,1,70,,64324,33,,,1,30,,64363,33,,,1,69,,64341,33,,,1,30,,64356,33,,,1,70,,64350,33,,,1,25,,64357,33,,,1,16,,64343,33,,,1,54,,64321,33,,,1,17,,64362,33,,,1,17,,64332,33,,,1,55,,64365,33,,,1,13,,64353,33,,,1,10,,64325,33,,,1,13,,64336,33,,,1,18,,64368,33,,,1,49,,64361,33,,,1,11,,64327,33,,,1,11,,64344,33,,,1,10,,64337,33,,,1,11,,64366,33,,,1,12,,64351,33,,,1,48,,64331,33,,,1,12,,64326,33,,,1,10,,64367,33,,,1,11,,64335,33,,,1,11,,64330,33,,,1,50,,64340,33,,,1,30,,64355,33,,,1,69,,64360,33,,,1,30,,64347,33,,,1,70,,64333,33,,,1,30,,64354,33,,,1,28,,64345,33,,,1,69,,64348,33,,,1,29,,64334,33,,,1,70,,64349,33,,,1,29,,64346,33,,,1,69,,64329,33,,,1,30,,64352,33,,,1
5800,'Semaine-0',833,,64435,20,,,1,399,,64436,20,,,1,300,,64438,20,,,1,71,,64433,20,,,1,31,,64434,20,,,1,69,,64437,20,,,1,29,,64432,20,,,2,69,,64431,20,,,1
5900,'Samedi-0',732,,66845,33,,,1,70,,66848,33,,,1,30,,66841,33,,,1,70,,66847,33,,,1,30,,66844,33,,,1,70,,66849,33,,,1,30,,66853,33,,,1,70,,66854,33,,,1,30,,66843,33,,,1,70,,66842,33,,,1,31,,66852,33,,,1,71,,66846,33,,,1,30,,66850,33,,,1,71,,66855,33,,,1,30,,66851,33,,,1,70,,66856,33,,,1,30,,66857,33,,,1,69,,66858,33,,,1,30,,66859,33,,,1,73,,66860,33,,,1,28,,66861,33,,,1,70,,66862,33,,,1,29,,66863,33,,,1,70,,66864,33,,,1,30,,66865,33,,,1,68,,66867,33,,,1,30,,66866,33,,,1,70,,66869,33,,,1,30,,66868,33,,,1,69,,66870,33,,,1,31,,66871,33,,,1,70,,66873,33,,,1,30,,66872,33,,,1,70,,66874,33,,,1
5900,'Dimanche-11',732,,66880,33,,,1,70,,66879,33,,,1,30,,66875,33,,,1,70,,66884,33,,,1,30,,66890,33,,,1,70,,66881,33,,,1,30,,66888,33,,,1,70,,66883,33,,,1,30,,66889,33,,,1,70,,66876,33,,,1,31,,66887,33,,,1,71,,66877,33,,,1,30,,66885,33,,,1,71,,66891,33,,,1,30,,66878,33,,,1,70,,66882,33,,,1,30,,66886,33,,,1,69,,66895,33,,,1,30,,66896,33,,,1,73,,66893,33,,,1,28,,66898,33,,,1,70,,66894,33,,,1,29,,66900,33,,,1,70,,66892,33,,,1,30,,66897,33,,,1,68,,66901,33,,,1,30,,66899,33,,,1,70,,66902,33,,,1,30,,66903,33,,,1,69,,66904,33,,,1,31,,66905,33,,,1,70,,66907,33,,,1,30,,66906,33,,,1,70,,66908,33,,,1
5900,'Semaine-0',618,,64453,33,,,1,98,,64488,33,,,1,87,,64493,33,,,1,48,,64469,33,,,1,82,,64465,33,,,1,68,,64486,33,,,1,30,,64462,33,,,1,70,,64485,33,,,1,30,,64476,33,,,1,70,,64470,33,,,1,33,,64478,33,,,1,70,,64461,33,,,1,30,,64489,33,,,1,70,,64452,33,,,1,31,,64483,33,,,1,14,,64454,33,,,1,58,,64487,33,,,1,31,,64447,33,,,1,14,,64491,33,,,1,55,,64446,33,,,1,8,,64481,33,,,1,17,,64477,33,,,1,7,,64490,28,,,1,6,,64464,33,,,1,13,,64448,33,,,1,46,,64492,28,,,1,6,,64449,33,,,1,12,,64457,33,,,1,9,,64484,33,,,1,12,,64473,33,,,1,11,,64460,33,,,1,49,,64482,33,,,1,11,,64468,33,,,1,12,,64480,33,,,1,9,,64450,33,,,1,10,,64455,33,,,1,71,,64475,33,,,1,29,,64466,33,,,1,70,,64471,33,,,1,30,,64459,33,,,1,70,,64467,33,,,1,30,,64472,33,,,1,68,,64479,33,,,1,30,,64456,33,,,1,70,,64474,33,,,1,28,,64463,33,,,1,70,,64451,33,,,1,28,,64458,33,,,1
54901,'Semaine-0',1552,,65839,33,,,1
65500,'Semaine-0',732,,65872,26,0,9 10,1
74000,'Semaine-0',1642,,65881,27,0,5 11,1
75401,'Semaine-0',727,,65890,16,0,9 18,1
80001,'Samedi-0',639,,68111,35,,,1,101,,68113,35,,,1,101,,68114,35,,,1,100,,68117,35,,,1,101,,68112,35,,,1,100,,68115,35,,,1,102,,68118,35,,,1,100,,68116,35,,,1,100,,68119,35,,,1,100,,68120,35,,,1,100,,68121,35,,,2,102,,68122,35,,,1,97,,68125,35,,,1,99,,68123,35,,,1,100,,68124,35,,,1,100,,68126,35,,,1,98,,68127,35,,,1
80001,'Dimanche-11',639,,68128,35,,,1,101,,68130,35,,,1,101,,68132,35,,,1,100,,68129,35,,,1,101,,68131,35,,,1,100,,68133,35,,,1,102,,68134,35,,,1,100,,68135,35,,,1,100,,68138,35,,,1,100,,68136,35,,,1,100,,68137,35,,,2,102,,68140,35,,,1,97,,68141,35,,,1,99,,68139,35,,,1,100,,68142,35,,,1,100,,68143,35,,,1,98,,68144,35,,,1
80001,'Semaine-0',633,,65948,35,,,1,68,,65941,35,,,1,34,,65949,35,,,1,69,,65933,35,,,1,33,,65931,35,,,1,68,,65938,35,,,1,26,,65944,35,,,1,70,,65956,35,,,1,30,,65947,35,,,2,70,,65939,35,,,1,30,,65953,35,,,1,70,,65927,35,,,1,30,,65961,35,,,1,69,,65959,35,,,1,34,,65929,35,,,1,70,,65952,35,,,1,30,,65943,35,,,1,70,,65950,35,,,1,35,,65960,35,,,1,69,,65945,35,,,1,17,,65955,35,,,1,22,,65957,35,,,1,64,,65954,35,,,1,27,,65946,35,,,1,70,,65936,35,,,1,27,,65934,35,,,1,67,,65928,35,,,1,29,,65958,35,,,1,72,,65940,35,,,1,27,,65937,35,,,1,70,,65942,35,,,1,29,,65930,35,,,1,30,,65951,35,,,1,73,,65932,35,,,1,70,,65935,35,,,1
