2301,'Semaine-0',616,,63480,9,,,1,30,,63477,9,,,2,70,,63481,9,,,1,34,,63479,9,,,2,67,,63478,9,,,1
2501,'Semaine-0',602,,63492,16,,,2,30,,63491,16,,,1,70,,63489,16,,,1,30,,63490,16,,,2,71,,63493,16,,,1,28,,63488,16,,,2
2801,'Semaine-0',643,,63517,12,,,1,74,,63518,12,,,2,100,,63516,12,,,2
3201,'Semaine-0',512,,63711,12,,,1,21,,63710,12,,,1,20,,63702,12,,,1,61,,63712,12,,,2,10,,63692,12,,,1,8,,63713,12,,,1,11,,63693,12,,,1,10,,63694,12,,,1,48,,63686,12,,,1,9,,63689,12,,,1,8,,63715,12,,,1,8,,63695,12,,,1,8,,63690,12,,,1,9,,63703,12,,,1,8,,63685,12,,,1,8,,63696,12,,,1,48,,63714,12,,,2,8,,63684,12,,,1,10,,63683,12,,,1,10,,63688,12,,,1,9,,63691,12,,,1,10,,63697,12,,,1,62,,63671,12,,,2,30,,63681,12,,,1,70,,63674,12,,,1,30,,63677,12,,,1,70,,63670,12,,,1,30,,63680,12,,,1,70,,63675,12,,,1,30,,63682,12,,,1,70,,63664,12,,,1,30,,63669,12,,,1,70,,63676,12,,,1,30,,63687,12,,,1,70,,63704,12,,,1,31,,63705,12,,,2,69,,63706,12,,,1,30,,63707,12,,,1,70,,63708,12,,,2,30,,63709,12,,,1,70,,63667,12,,,1,30,,63665,12,,,2,70,,63678,12,,,2,30,,63673,12,,,1,69,,63668,12,,,1,31,,63666,12,,,2,70,,63679,12,,,1,29,,63672,12,,,1,68,,63699,12,,,1,32,,63698,12,,,1,70,,63700,12,,,1,30,,63701,12,,,1
3401,'Semaine-0',900,,63856,19,,,1,30,,63836,19,,,2,70,,63840,19,,,1,30,,63860,19,,,1,70,,63833,19,,,1,30,,63837,19,,,1,70,,63841,19,,,1,30,,63831,19,,,1,70,,63834,19,,,1,30,,63838,19,,,1,29,,63842,19,,,2,71,,63835,19,,,1,71,,63857,19,,,1,29,,63832,19,,,1,74,,63858,19,,,1,27,,63859,19,,,1,70,,63853,19,,,1,29,,63849,19,,,1,70,,63839,19,,,1,30,,63846,19,,,1,70,,63855,19,,,1,30,,63843,19,,,1,70,,63845,19,,,1,30,,63847,19,,,1,70,,63851,19,,,2,30,,63844,19,,,1,70,,63850,19,,,1,30,,63848,19,,,1,70,,63852,19,,,1,30,,63854,19,,,1
4900,'Semaine-0',648,,64225,35,,,1,55,,64220,22,,,1,3,,64232,22,,,1,4,,64208,22,,,1,6,,64231,22,,,1,4,,64236,35,,,1,3,,64235,22,,,1,4,,64234,22,,,1,5,,64233,22,,,1,21,,64228,35,,,1,67,,64224,22,,,1,33,,64223,35,,,1,71,,64218,35,,,1,28,,64210,35,,,1,71,,64230,35,,,1,33,,64226,35,,,1,70,,64221,35,,,1,30,,64198,35,,,1,70,,64219,35,,,1,30,,64200,35,,,1,70,,64205,35,,,1,30,,64207,35,,,1,70,,64211,35,,,1,30,,64227,35,,,1,77,,64209,35,,,1,70,,64212,35,,,1,30,,64203,35,,,1,70,,64215,35,,,1,30,,64206,35,,,1,67,,64204,35,,,1,30,,64222,35,,,1,27,,64216,35,,,1,97,,64199,35,,,1,99,,64217,35,,,1,101,,64214,35,,,1,97,,64201,35,,,1,98,,64213,35,,,1,100,,64202,35,,,1
32501,'Semaine-0',817,,65570,16,0,7 8,1,3,,65571,16,0,7 8,1
32601,'Semaine-0',808,,65573,10,0,7 8,1
42500,'Semaine-0',704,,65817,16,0,9 14,1,2,,65818,16,0,9 14,2
44900,'Semaine-0',718,,65836,21,0,9 14,1
72501,'Semaine-0',813,,65875,16,0,5 11,2
72601,'Semaine-0',1521,,65876,4,,,1
82501,'Semaine-0',745,,65964,16,0,9 12 13,1,1,,65965,16,0,9 12 13,1
82601,'Semaine-0',733,,65968,10,0,9 12 13,1,1,,65969,10,0,9 12 13,1
