4101,'Semaine-0',632,,64170,13,,,1,73,,64171,13,,,1,34,,64172,13,,,1,66,,64169,13,,,2,30,,64168,13,,,1
4900,'Samedi-0',715,,66565,10,,,1,100,,66566,10,,,1,100,,66563,10,,,1,100,,66567,10,,,1,100,,66564,10,,,1,100,,66568,10,,,1,98,,66569,10,,,1,102,,66570,10,,,1,100,,66571,10,,,1,100,,66572,10,,,1,100,,66573,10,,,1,100,,66574,10,,,1,100,,66575,10,,,1,100,,66576,10,,,1,100,,66577,10,,,1,100,,66578,10,,,1,99,,66579,10,,,1
4900,'Dimanche-0',715,,68435,10,,,1,100,,68448,10,,,1,100,,68436,10,,,1,100,,68447,10,,,1,100,,68439,10,,,1,100,,68438,10,,,1,98,,68442,10,,,1,102,,68437,10,,,1,100,,68441,10,,,1,100,,68440,10,,,1,100,,68444,10,,,1,100,,68446,10,,,1,100,,68443,10,,,1,100,,68445,10,,,1,100,,68449,10,,,1,100,,68450,10,,,1,99,,68451,10,,,1
4900,'Dimanche-11',715,,66580,10,,,1,100,,66593,10,,,1,100,,66581,10,,,1,100,,66592,10,,,1,100,,66584,10,,,1,100,,66583,10,,,1,98,,66587,10,,,1,102,,66582,10,,,1,100,,66586,10,,,1,100,,66585,10,,,1,100,,66589,10,,,1,100,,66591,10,,,1,100,,66588,10,,,1,100,,66590,10,,,1,100,,66594,10,,,1,100,,66595,10,,,1,99,,66596,10,,,1
4900,'Semaine-0',626,,64225,10,,,1,31,,64236,10,,,1,71,,64228,10,,,1,25,,64229,10,,,1,74,,64223,10,,,1,74,,64218,10,,,1,29,,64210,10,,,1,71,,64230,10,,,1,33,,64226,10,,,1,70,,64221,10,,,1,30,,64198,10,,,1,70,,64219,10,,,1,30,,64200,10,,,1,70,,64205,10,,,1,30,,64207,10,,,1,71,,64211,10,,,1,30,,64227,10,,,1,70,,64209,10,,,1,30,,64212,10,,,1,70,,64203,10,,,1,30,,64215,10,,,1,70,,64206,10,,,1,30,,64204,10,,,1,70,,64222,10,,,1,29,,64216,10,,,1,100,,64199,10,,,1,99,,64217,10,,,1,101,,64214,10,,,1,100,,64201,10,,,1,98,,64213,10,,,1,100,,64202,10,,,1
64101,'Semaine-0',1519,,65865,16,0,9 10,1
80000,'Samedi-0',717,,68077,13,,,1,102,,68078,13,,,1,98,,68079,13,,,1,100,,68081,13,,,1,100,,68082,13,,,1,100,,68080,13,,,1,100,,68083,13,,,1,100,,68084,13,,,1,100,,68085,13,,,1,100,,68086,13,,,1,100,,68087,13,,,2,100,,68088,13,,,1,100,,68091,13,,,1,100,,68089,13,,,1,100,,68090,13,,,1,99,,68092,13,,,1,100,,68093,13,,,1
80000,'Dimanche-0',717,,69194,13,,,1,102,,69193,13,,,1,98,,69199,13,,,1,100,,69192,13,,,1,100,,69196,13,,,1,100,,69195,13,,,1,100,,69197,13,,,1,100,,69198,13,,,1,100,,69202,13,,,1,100,,69200,13,,,1,100,,69201,13,,,2,100,,69205,13,,,1,100,,69204,13,,,1,100,,69203,13,,,1,100,,69206,13,,,1,99,,69207,13,,,1,100,,69208,13,,,1
80000,'Dimanche-11',717,,68096,13,,,1,102,,68095,13,,,1,98,,68101,13,,,1,100,,68094,13,,,1,100,,68098,13,,,1,100,,68097,13,,,1,100,,68099,13,,,1,100,,68100,13,,,1,100,,68104,13,,,1,100,,68102,13,,,1,100,,68103,13,,,2,100,,68107,13,,,1,100,,68106,13,,,1,100,,68105,13,,,1,100,,68108,13,,,1,99,,68109,13,,,1,100,,68110,13,,,1
80000,'Semaine-0',551,,65923,13,,,1,70,,65909,13,,,1,30,,65899,13,,,1,55,,65898,13,,,1,15,,65919,13,,,1,31,,65910,13,,,1,59,,65896,13,,,1,30,,65915,13,,,1,70,,65900,13,,,1,30,,65917,13,,,1,70,,65912,13,,,1,30,,65926,13,,,1,70,,65893,13,,,1,30,,65914,13,,,1,70,,65904,13,,,1,31,,65920,13,,,1,69,,65913,13,,,1,30,,65924,13,,,1,70,,65903,13,,,1,28,,65918,13,,,1,72,,65916,13,,,1,31,,65905,13,,,1,70,,65921,13,,,1,30,,65894,13,,,1,69,,65911,13,,,1,30,,65908,13,,,1,70,,65922,13,,,1,30,,65907,13,,,1,71,,65901,13,,,1,29,,65895,13,,,1,71,,65925,13,,,1,29,,65906,13,,,1,70,,65902,13,,,1,30,,65892,13,,,1,69,,65897,13,,,1,30,,65891,13,,,1
