1801,'Semaine-0',611,,63462,5,,,1,45,,63464,5,,,2,85,,63463,5,,,1
10001,'Semaine-0',612,,65493,5,,,1,10,,65491,5,,,1,10,,65490,5,,,1,10,,65489,5,,,1,9,,65492,5,,,1,51,,65494,5,,,1,10,,65495,5,,,1,10,,65496,5,,,1,9,,65497,5,,,1,11,,65498,5,,,1,14,,65499,5,,,1,49,,65500,5,,,1,10,,65501,5,,,1,8,,65502,5,,,1,10,,65503,5,,,1
40001,'Samedi-0',622,,67931,5,,,1,15,,67934,5,,,1,15,,67936,5,,,1,55,,67932,5,,,1,15,,67933,5,,,1,15,,67935,5,,,1,15,,67941,5,,,1,55,,67948,5,,,1,15,,67939,5,,,1,14,,67959,5,,,1,15,,67937,5,,,1,54,,67938,5,,,1,15,,67947,5,,,1,15,,67940,5,,,1,15,,67942,5,,,1,55,,67950,5,,,1,15,,67951,5,,,1,15,,67952,5,,,1,15,,67958,5,,,1,55,,67957,5,,,1,15,,67961,5,,,1,15,,67944,5,,,1,15,,67943,5,,,1,55,,67946,5,,,1,15,,67949,5,,,1,15,,67945,5,,,1,15,,67954,5,,,1,55,,67956,5,,,1,15,,67962,5,,,1,15,,67953,5,,,1,15,,67955,5,,,1,55,,67960,5,,,1,15,,67963,5,,,1,15,,67964,5,,,1,15,,67965,5,,,1,55,,67966,5,,,1,15,,67967,5,,,1,15,,67968,5,,,1,15,,67969,5,,,1,55,,67970,5,,,1,16,,67971,5,,,1,14,,67972,5,,,1,15,,67973,5,,,1,55,,67974,5,,,1,15,,67975,5,,,1,15,,67976,5,,,1,15,,67977,5,,,1,55,,67980,5,,,1,15,,67978,5,,,1,16,,67979,5,,,1,16,,67982,5,,,1,55,,67981,5,,,1,15,,67986,5,,,1,15,,67984,5,,,1,15,,67985,5,,,1,55,,67983,5,,,1,15,,67987,5,,,1,15,,67989,5,,,1,15,,67990,5,,,1,55,,67991,5,,,1,15,,67988,5,,,1,15,,67994,5,,,1,15,,67993,5,,,1,55,,67992,5,,,1,15,,67995,5,,,1,15,,67996,5,,,1,15,,67997,5,,,1,55,,67998,5,,,1,15,,68000,5,,,1,15,,67999,5,,,1,15,,68002,5,,,1,55,,68001,5,,,1,15,,68003,5,,,1
40001,'Dimanche-0',622,,69119,5,,,1,15,,69126,5,,,1,15,,69127,5,,,1,55,,69121,5,,,1,15,,69120,5,,,1,15,,69125,5,,,1,15,,69136,5,,,1,55,,69139,5,,,1,15,,69122,5,,,1,14,,69131,5,,,1,15,,69128,5,,,1,54,,69145,5,,,1,15,,69148,5,,,1,15,,69129,5,,,1,15,,69137,5,,,1,55,,69152,5,,,1,15,,69141,5,,,1,15,,69157,5,,,1,15,,69130,5,,,1,55,,69146,5,,,1,15,,69147,5,,,1,15,,69142,5,,,1,15,,69158,5,,,1,55,,69151,5,,,1,15,,69132,5,,,1,15,,69140,5,,,1,15,,69134,5,,,1,55,,69144,5,,,1,15,,69153,5,,,1,15,,69138,5,,,1,15,,69133,5,,,1,55,,69150,5,,,1,15,,69123,5,,,1,15,,69155,5,,,1,15,,69124,5,,,1,55,,69143,5,,,1,15,,69154,5,,,1,15,,69135,5,,,1,15,,69163,5,,,1,55,,69149,5,,,1,16,,69166,5,,,1,14,,69156,5,,,1,15,,69170,5,,,1,55,,69164,5,,,1,15,,69172,5,,,1,15,,69168,5,,,1,15,,69174,5,,,1,55,,69159,5,,,1,15,,69165,5,,,1,16,,69160,5,,,1,16,,69169,5,,,1,55,,69162,5,,,1,15,,69171,5,,,1,15,,69167,5,,,1,15,,69173,5,,,1,55,,69161,5,,,1,15,,69175,5,,,1,15,,69177,5,,,1,15,,69176,5,,,1,55,,69179,5,,,1,15,,69178,5,,,1,15,,69180,5,,,1,15,,69181,5,,,1,55,,69182,5,,,1,15,,69183,5,,,1,15,,69184,5,,,1,15,,69185,5,,,1,55,,69186,5,,,1,15,,69187,5,,,1,15,,69188,5,,,1,15,,69189,5,,,1,55,,69190,5,,,1,15,,69191,5,,,1
40001,'Dimanche-10',622,,70198,5,,,1,15,,70205,5,,,1,15,,70206,5,,,1,55,,70200,5,,,1,15,,70199,5,,,1,15,,70204,5,,,1,15,,70215,5,,,1,55,,70218,5,,,1,15,,70201,5,,,1,14,,70210,5,,,1,15,,70207,5,,,1,54,,70224,5,,,1,15,,70227,5,,,1,15,,70208,5,,,1,15,,70216,5,,,1,55,,70231,5,,,1,15,,70220,5,,,1,15,,70236,5,,,1,15,,70209,5,,,1,55,,70225,5,,,1,15,,70226,5,,,1,15,,70221,5,,,1,15,,70237,5,,,1,55,,70230,5,,,1,15,,70211,5,,,1,15,,70219,5,,,1,15,,70213,5,,,1,55,,70223,5,,,1,15,,70232,5,,,1,15,,70217,5,,,1,15,,70212,5,,,1,55,,70229,5,,,1,15,,70202,5,,,1,15,,70234,5,,,1,15,,70203,5,,,1,55,,70222,5,,,1,15,,70233,5,,,1,15,,70214,5,,,1,15,,70242,5,,,1,55,,70228,5,,,1,16,,70245,5,,,1,14,,70235,5,,,1,15,,70249,5,,,1,55,,70243,5,,,1,15,,70251,5,,,1,15,,70247,5,,,1,15,,70253,5,,,1,55,,70238,5,,,1,15,,70244,5,,,1,16,,70239,5,,,1,16,,70248,5,,,1,55,,70241,5,,,1,15,,70250,5,,,1,15,,70246,5,,,1,15,,70252,5,,,1,55,,70240,5,,,1,15,,70254,5,,,1,15,,70256,5,,,1,15,,70255,5,,,1,55,,70258,5,,,1,15,,70257,5,,,1,15,,70259,5,,,1,15,,70260,5,,,1,55,,70261,5,,,1,15,,70262,5,,,1,15,,70263,5,,,1,15,,70264,5,,,1,55,,70265,5,,,1,15,,70266,5,,,1,15,,70267,5,,,1,15,,70268,5,,,1,55,,70269,5,,,1,15,,70270,5,,,1
40001,'Dimanche-11',622,,68004,5,,,1,15,,68011,5,,,1,15,,68012,5,,,1,55,,68006,5,,,1,15,,68005,5,,,1,15,,68010,5,,,1,15,,68021,5,,,1,55,,68024,5,,,1,15,,68007,5,,,1,14,,68016,5,,,1,15,,68013,5,,,1,54,,68030,5,,,1,15,,68033,5,,,1,15,,68014,5,,,1,15,,68022,5,,,1,55,,68037,5,,,1,15,,68026,5,,,1,15,,68042,5,,,1,15,,68015,5,,,1,55,,68031,5,,,1,15,,68032,5,,,1,15,,68027,5,,,1,15,,68043,5,,,1,55,,68036,5,,,1,15,,68017,5,,,1,15,,68025,5,,,1,15,,68019,5,,,1,55,,68029,5,,,1,15,,68038,5,,,1,15,,68023,5,,,1,15,,68018,5,,,1,55,,68035,5,,,1,15,,68008,5,,,1,15,,68040,5,,,1,15,,68009,5,,,1,55,,68028,5,,,1,15,,68039,5,,,1,15,,68020,5,,,1,15,,68048,5,,,1,55,,68034,5,,,1,16,,68051,5,,,1,14,,68041,5,,,1,15,,68055,5,,,1,55,,68049,5,,,1,15,,68057,5,,,1,15,,68053,5,,,1,15,,68059,5,,,1,55,,68044,5,,,1,15,,68050,5,,,1,16,,68045,5,,,1,16,,68054,5,,,1,55,,68047,5,,,1,15,,68056,5,,,1,15,,68052,5,,,1,15,,68058,5,,,1,55,,68046,5,,,1,15,,68060,5,,,1,15,,68062,5,,,1,15,,68061,5,,,1,55,,68064,5,,,1,15,,68063,5,,,1,15,,68065,5,,,1,15,,68066,5,,,1,55,,68067,5,,,1,15,,68068,5,,,1,15,,68069,5,,,1,15,,68070,5,,,1,55,,68071,5,,,1,15,,68072,5,,,1,15,,68073,5,,,1,15,,68074,5,,,1,55,,68075,5,,,1,15,,68076,5,,,1
40001,'Semaine-0',455,,65793,5,,,1,50,,65794,5,,,1,10,,65795,5,,,1,10,,65796,5,,,1,10,,65797,5,,,1,10,,65798,5,,,1,5,,65799,5,,,1,5,,65800,5,,,1,4,,65801,5,,,1,46,,65807,5,,,1,230,,65802,5,,,1,9,,65803,3,,,1,6,,65804,5,,,1,50,,65805,5,,,1,11,,65806,5,,,1,10,,65752,5,,,1,9,,65737,5,,,1,11,,65762,5,,,1,11,,65763,5,,,1,49,,65809,5,,,1,10,,65727,5,,,1,10,,65810,5,,,1,10,,65725,5,,,1,10,,65759,5,,,1,10,,65779,5,,,1,50,,65746,5,,,1,10,,65754,5,,,1,10,,65751,5,,,1,10,,65729,5,,,1,10,,65790,5,,,1,10,,65764,5,,,1,50,,65776,5,,,1,10,,65728,5,,,1,10,,65738,5,,,1,10,,65731,5,,,1,10,,65747,5,,,1,10,,65780,5,,,1,50,,65761,5,,,1,10,,65755,5,,,1,10,,65750,5,,,1,10,,65743,5,,,1,9,,65786,5,,,1,10,,65765,5,,,1,50,,65777,5,,,1,10,,65792,5,,,1,10,,65740,5,,,1,10,,65723,5,,,1,10,,65782,5,,,1,10,,65781,5,,,1,50,,65766,5,,,1,9,,65756,5,,,1,6,,65748,1,,,1,6,,65733,5,,,1,12,,65784,5,,,1,13,,65791,5,,,1,7,,65808,1,,,1,5,,65778,5,,,1,53,,65813,5,,,1,10,,65758,5,,,1,12,,65787,5,,,1,12,,65811,5,,,1,12,,65771,5,,,1,53,,65749,5,,,1,11,,65734,5,,,1,12,,65739,5,,,1,12,,65812,5,,,1,12,,65741,5,,,1,52,,65767,5,,,1,12,,65757,5,,,1,12,,65788,5,,,1,12,,65774,5,,,1,12,,65753,5,,,1,50,,65735,5,,,1,14,,65775,5,,,1,12,,65815,5,,,1,12,,65814,5,,,1,12,,65742,5,,,1,52,,65768,5,,,1,12,,65745,5,,,1,12,,65789,5,,,1,12,,65772,5,,,1,55,,65730,5,,,1,13,,65816,5,,,1,17,,65736,5,,,1,15,,65732,5,,,1,55,,65783,5,,,1,13,,65769,5,,,1,15,,65744,5,,,1,15,,65773,5,,,1,15,,65785,5,,,1,55,,65726,5,,,1,15,,65724,5,,,1,15,,65760,5,,,1,70,,65770,5,,,1
80001,'Samedi-0',605,,68111,5,,,1,101,,68113,5,,,1,100,,68114,5,,,1,100,,68117,5,,,1,100,,68112,5,,,1,100,,68115,5,,,1,100,,68118,5,,,1,100,,68116,5,,,1,100,,68119,5,,,1,100,,68120,5,,,1,100,,68121,5,,,2,100,,68122,5,,,1,100,,68125,5,,,1,100,,68123,5,,,1,100,,68124,5,,,1,100,,68126,5,,,1,100,,68127,5,,,1
80001,'Dimanche-0',605,,69209,5,,,1,101,,69211,5,,,1,100,,69213,5,,,1,100,,69210,5,,,1,100,,69212,5,,,1,100,,69214,5,,,1,100,,69215,5,,,1,100,,69216,5,,,1,100,,69219,5,,,1,100,,69217,5,,,1,100,,69218,5,,,2,100,,69221,5,,,1,100,,69222,5,,,1,100,,69220,5,,,1,100,,69223,5,,,1,100,,69224,5,,,1,100,,69225,5,,,1
80001,'Dimanche-10',605,,70288,5,,,1,101,,70290,5,,,1,100,,70292,5,,,1,100,,70289,5,,,1,100,,70291,5,,,1,100,,70293,5,,,1,100,,70294,5,,,1,100,,70295,5,,,1,100,,70298,5,,,1,100,,70296,5,,,1,100,,70297,5,,,2,100,,70300,5,,,1,100,,70301,5,,,1,100,,70299,5,,,1,100,,70302,5,,,1,100,,70303,5,,,1,100,,70304,5,,,1
80001,'Dimanche-11',605,,68128,5,,,1,101,,68130,5,,,1,100,,68132,5,,,1,100,,68129,5,,,1,100,,68131,5,,,1,100,,68133,5,,,1,100,,68134,5,,,1,100,,68135,5,,,1,100,,68138,5,,,1,100,,68136,5,,,1,100,,68137,5,,,2,100,,68140,5,,,1,100,,68141,5,,,1,100,,68139,5,,,1,100,,68142,5,,,1,100,,68143,5,,,1,100,,68144,5,,,1
80001,'Semaine-0',555,,65948,5,,,1,68,,65941,5,,,1,31,,65949,5,,,1,68,,65933,5,,,1,35,,65931,5,,,1,69,,65938,5,,,1,27,,65944,5,,,1,70,,65956,5,,,1,30,,65947,5,,,2,70,,65939,5,,,1,30,,65953,5,,,1,70,,65927,5,,,1,30,,65961,5,,,1,69,,65959,5,,,1,34,,65929,5,,,1,70,,65952,5,,,1,29,,65943,5,,,1,70,,65950,5,,,1,32,,65960,5,,,1,67,,65945,5,,,1,17,,65955,5,,,1,62,,65957,5,,,1,24,,65954,5,,,1,26,,65946,5,,,1,71,,65936,5,,,1,31,,65934,5,,,1,68,,65928,5,,,1,29,,65958,5,,,1,74,,65940,5,,,1,27,,65937,5,,,1,70,,65942,5,,,1,29,,65930,5,,,1,70,,65951,5,,,1,34,,65932,5,,,1,72,,65935,5,,,1
