4000,'Semaine-0',1540,,64155,36,,,1,70,,64151,36,,,2,35,,64154,36,,,1,67,,64153,36,,,1,28,,64152,36,,,1,68,,64156,36,,,1
4000,'Semaine-10',1540,,72085,36,,,1,70,,72081,36,,,2,35,,72084,36,,,1,67,,72083,36,,,1,28,,72082,36,,,1,68,,72086,36,,,1
5200,'Samedi-0',651,,66631,35,,,1,100,,66632,35,,,1,101,,66633,35,,,1,100,,66634,35,,,1,100,,66635,35,,,1,102,,66636,35,,,1,100,,66637,35,,,1,100,,66638,35,,,1,99,,66639,35,,,1,100,,66640,35,,,1,100,,66641,35,,,1,100,,66642,35,,,1,99,,66643,35,,,1,100,,66646,35,,,1,100,,66644,35,,,1,99,,66645,35,,,1,98,,66647,35,,,1,100,,66648,35,,,1
5200,'Samedi-11',651,,70627,35,,,1,100,,70628,35,,,1,101,,70629,35,,,1,100,,70630,35,,,1,100,,70631,35,,,1,102,,70632,35,,,1,100,,70633,35,,,1,100,,70634,35,,,1,99,,70635,35,,,1,100,,70636,35,,,1,100,,70637,35,,,1,100,,70638,35,,,1,99,,70639,35,,,1,100,,70642,35,,,1,100,,70640,35,,,1,99,,70641,35,,,1,98,,70643,35,,,1,100,,70644,35,,,1
5200,'Dimanche-0',651,,68470,35,,,1,100,,68469,35,,,1,101,,68471,35,,,1,100,,68474,35,,,1,100,,68472,35,,,1,102,,68473,35,,,1,100,,68477,35,,,1,100,,68476,35,,,1,99,,68478,35,,,1,100,,68475,35,,,1,100,,68479,35,,,1,100,,68481,35,,,1,99,,68482,35,,,1,100,,68480,35,,,1,100,,68483,35,,,1,99,,68484,35,,,1,98,,68485,35,,,1,100,,68486,35,,,1
5200,'Dimanche-10',651,,69549,35,,,1,100,,69548,35,,,1,101,,69550,35,,,1,100,,69553,35,,,1,100,,69551,35,,,1,102,,69552,35,,,1,100,,69556,35,,,1,100,,69555,35,,,1,99,,69557,35,,,1,100,,69554,35,,,1,100,,69558,35,,,1,100,,69560,35,,,1,99,,69561,35,,,1,100,,69559,35,,,1,100,,69562,35,,,1,99,,69563,35,,,1,98,,69564,35,,,1,100,,69565,35,,,1
5200,'Dimanche-11',651,,66650,35,,,1,100,,66649,35,,,1,101,,66651,35,,,1,100,,66654,35,,,1,100,,66652,35,,,1,102,,66653,35,,,1,100,,66657,35,,,1,100,,66656,35,,,1,99,,66658,35,,,1,100,,66655,35,,,1,100,,66659,35,,,1,100,,66661,35,,,1,99,,66662,35,,,1,100,,66660,35,,,1,100,,66663,35,,,1,99,,66664,35,,,1,98,,66665,35,,,1,100,,66666,35,,,1
5200,'Semaine-0',622,,64282,35,,,1,98,,64284,35,,,1,109,,64279,35,,,1,96,,64295,35,,,1,98,,64293,35,,,1,101,,64280,35,,,1,100,,64287,35,,,1,100,,64286,35,,,1,100,,64283,35,,,1,101,,64281,35,,,1,108,,64285,35,,,1,100,,64296,35,,,1,106,,64294,35,,,1,99,,64288,35,,,1,84,,64292,35,,,1,100,,64291,35,,,1,99,,64289,35,,,1,100,,64290,35,,,1
5200,'Semaine-10',622,,72212,35,,,1,98,,72214,35,,,1,109,,72209,35,,,1,96,,72225,35,,,1,98,,72223,35,,,1,101,,72210,35,,,1,100,,72217,35,,,1,100,,72216,35,,,1,100,,72213,35,,,1,101,,72211,35,,,1,108,,72215,35,,,1,100,,72226,35,,,1,106,,72224,35,,,1,99,,72218,35,,,1,84,,72222,35,,,1,100,,72221,35,,,1,99,,72219,35,,,1,100,,72220,35,,,1
74000,'Semaine-0',1643,,65881,31,0,5 11,1
74000,'Semaine-10',1643,,73811,31,0,5 11,1
