3600,'Semaine-0',922,,63929,33,,,1,100,,63930,33,,,1,102,,63928,33,,,1,100,,63931,33,,,1,100,,63933,33,,,1,100,,63934,33,,,1,100,,63932,33,,,1
3700,'Samedi-0',738,,66265,25,,,1,100,,66266,25,,,1,100,,66268,25,,,1,102,,66269,25,,,1,100,,66267,25,,,1,101,,66270,25,,,1,100,,66271,25,,,1,100,,66272,25,,,1,100,,66273,25,,,1,100,,66274,25,,,1,100,,66275,25,,,1,100,,66276,25,,,1,98,,66277,25,,,1,100,,66278,25,,,1,100,,66279,25,,,1,100,,66280,25,,,1,98,,66281,25,,,1,100,,66282,25,,,1
3700,'Dimanche-11',738,,66285,25,,,1,100,,66288,25,,,1,100,,66290,25,,,1,102,,66286,25,,,1,100,,66283,25,,,1,101,,66287,25,,,1,100,,66284,25,,,1,100,,66289,25,,,1,100,,66291,25,,,1,100,,66293,25,,,1,100,,66292,25,,,1,100,,66296,25,,,1,98,,66295,25,,,1,100,,66294,25,,,1,100,,66297,25,,,1,100,,66298,25,,,1,98,,66299,25,,,1,100,,66300,25,,,1
3700,'Semaine-0',658,,63963,25,,,1,81,,63969,25,,,1,73,,63960,25,,,1,29,,63944,25,,,1,69,,63958,25,,,1,49,,63950,25,,,1,100,,63946,25,,,1,100,,63947,25,,,1,100,,63948,25,,,1,141,,63949,25,,,1,100,,63955,25,,,1,49,,63956,25,,,1,56,,63957,25,,,1,15,,63943,25,,,1,15,,63965,25,,,1,23,,63952,25,,,1,70,,63961,25,,,1,23,,63951,25,,,1,68,,63945,25,,,1,29,,63942,25,,,1,66,,63953,25,,,1,30,,63968,25,,,1,69,,63959,25,,,1,36,,63970,25,,,1,99,,63966,25,,,1,99,,63954,25,,,1,100,,63964,25,,,1,99,,63967,25,,,1,55,,63962,25,,,1
3800,'Samedi-0',749,,66342,23,,,1,72,,66335,23,,,1,20,,66336,23,,,1,80,,66347,23,,,1,29,,66339,23,,,1,71,,66337,23,,,1,29,,66348,23,,,1,72,,66340,23,,,1,30,,66346,23,,,1,71,,66338,23,,,1,27,,66341,23,,,1,74,,66345,23,,,1,26,,66343,23,,,1,74,,66344,23,,,1,30,,66349,23,,,1,71,,66350,23,,,1,30,,66351,23,,,1,69,,66352,23,,,1,21,,66353,23,,,1,78,,66354,23,,,1,30,,66355,23,,,1,70,,66356,23,,,1,30,,66357,23,,,1,70,,66358,23,,,1,29,,66359,23,,,1,69,,66360,23,,,1,30,,66362,23,,,1,70,,66361,23,,,1,29,,66364,23,,,1,70,,66363,23,,,1,30,,66365,23,,,1,70,,66366,23,,,1,30,,66367,23,,,1
3800,'Dimanche-11',749,,66371,23,,,1,72,,66376,23,,,1,20,,66379,23,,,1,80,,66377,23,,,1,29,,66370,23,,,1,71,,66392,23,,,1,29,,66369,23,,,1,72,,66372,23,,,1,30,,66393,23,,,1,71,,66391,23,,,1,27,,66373,23,,,1,74,,66383,23,,,1,26,,66380,23,,,1,74,,66374,23,,,1,30,,66378,23,,,1,71,,66385,23,,,1,30,,66368,23,,,1,69,,66375,23,,,1,21,,66382,23,,,1,78,,66387,23,,,1,30,,66381,23,,,1,70,,66389,23,,,1,30,,66386,23,,,1,70,,66390,23,,,1,29,,66388,23,,,1,69,,66384,23,,,1,30,,66394,23,,,1,70,,66395,23,,,1,29,,66396,23,,,1,70,,66397,23,,,1,30,,66398,23,,,1,70,,66399,23,,,1,30,,66400,23,,,1
3800,'Semaine-0',703,,64012,23,,,1,19,,64028,23,,,1,32,,64023,23,,,1,70,,64036,23,,,1,30,,64033,23,,,1,70,,64009,23,,,1,20,,64005,23,,,1,60,,64016,23,,,1,20,,64001,23,,,1,20,,64025,23,,,1,60,,64010,23,,,1,22,,64006,23,,,1,20,,64017,23,,,1,60,,64002,23,,,1,20,,64024,23,,,1,20,,64035,23,,,1,60,,64007,23,,,1,20,,64018,23,,,1,20,,64026,23,,,1,60,,64037,23,,,1,20,,64011,23,,,1,21,,64008,23,,,1,62,,64019,23,,,1,30,,64032,23,,,1,72,,63997,23,,,1,31,,64021,23,,,1,73,,64030,23,,,1,24,,64020,23,,,1,67,,64034,23,,,1,28,,64000,23,,,1,69,,64031,23,,,1,29,,64014,23,,,1,71,,64022,23,,,1,30,,64027,23,,,1,68,,64029,23,,,1,30,,64013,23,,,1,70,,63999,23,,,1,30,,64015,23,,,1,70,,64003,23,,,1,30,,63998,23,,,1,70,,63996,23,,,1,26,,64004,23,,,1
32501,'Semaine-0',838,,65570,38,0,7 8,1,3,,65571,38,0,7 8,1
32601,'Semaine-0',834,,65573,35,0,7 8,1
32900,'Semaine-0',840,,65574,38,0,7 8,1
43700,'Semaine-0',737,,65832,21,0,9 14,1,2,,65833,17,0,9 14,2
