1501,'Semaine-0',659,,63457,7,,,1
1501,'Semaine-10',659,,71387,7,,,1
1501,'Semaine-11',659,,73918,7,,,1
6900,'Samedi-0',857,,67300,24,,,1,100,,67299,24,,,1,100,,67301,24,,,1,100,,67303,24,,,1,100,,67302,24,,,1,100,,67304,24,,,1,100,,67305,24,,,1,100,,67306,24,,,1,100,,67307,24,,,1,100,,67308,24,,,1,100,,67309,24,,,1,100,,67310,24,,,1,100,,67311,24,,,1,100,,67312,24,,,1,100,,67313,24,,,1
6900,'Samedi-10',857,,77107,24,,,1,100,,77106,24,,,1,100,,77108,24,,,1,100,,77110,24,,,1,100,,77109,24,,,1,100,,77111,24,,,1,100,,77112,24,,,1,100,,77113,24,,,1,100,,77114,24,,,1,100,,77115,24,,,1,100,,77116,24,,,1,100,,77117,24,,,1,100,,77118,24,,,1,100,,77119,24,,,1,100,,77120,24,,,1
6900,'Samedi-11',857,,70962,24,,,1,100,,70961,24,,,1,100,,70963,24,,,1,100,,70965,24,,,1,100,,70964,24,,,1,100,,70966,24,,,1,100,,70967,24,,,1,100,,70968,24,,,1,100,,70969,24,,,1,100,,70970,24,,,1,100,,70971,24,,,1,100,,70972,24,,,1,100,,70973,24,,,1,100,,70974,24,,,1,100,,70975,24,,,1
6900,'Dimanche-0',857,,68807,24,,,1,100,,68808,24,,,1,100,,68809,24,,,1,100,,68803,24,,,1,100,,68805,24,,,1,100,,68806,24,,,1,100,,68804,24,,,1,100,,68812,24,,,1,100,,68813,24,,,1,100,,68810,24,,,1,100,,68811,24,,,1,100,,68814,24,,,1,100,,68815,24,,,1,100,,68816,24,,,1,100,,68817,24,,,1
6900,'Dimanche-10',857,,69886,24,,,1,100,,69887,24,,,1,100,,69888,24,,,1,100,,69882,24,,,1,100,,69884,24,,,1,100,,69885,24,,,1,100,,69883,24,,,1,100,,69891,24,,,1,100,,69892,24,,,1,100,,69889,24,,,1,100,,69890,24,,,1,100,,69893,24,,,1,100,,69894,24,,,1,100,,69895,24,,,1,100,,69896,24,,,1
6900,'Dimanche-11',857,,67318,24,,,1,100,,67319,24,,,1,100,,67320,24,,,1,100,,67314,24,,,1,100,,67316,24,,,1,100,,67317,24,,,1,100,,67315,24,,,1,100,,67323,24,,,1,100,,67324,24,,,1,100,,67321,24,,,1,100,,67322,24,,,1,100,,67325,24,,,1,100,,67326,24,,,1,100,,67327,24,,,1,100,,67328,24,,,1
6900,'Semaine-0',843,,64938,24,,,1,103,,64939,24,,,1,99,,64940,24,,,2,101,,64941,24,,,2,95,,64942,24,,,2,104,,64943,24,,,1,101,,64944,24,,,1,70,,64945,24,,,1,30,,64946,24,,,2,73,,64947,24,,,1,29,,64948,24,,,2,68,,64949,24,,,1,33,,64950,24,,,1,67,,64951,24,,,1,28,,64952,24,,,1,82,,64953,24,,,1,100,,64954,24,,,2,100,,64955,24,,,2,100,,64956,24,,,2,100,,64957,24,,,2
6900,'Semaine-10',843,,72868,24,,,1,103,,72869,24,,,1,99,,72870,24,,,2,101,,72871,24,,,2,95,,72872,24,,,2,104,,72873,24,,,1,101,,72874,24,,,1,70,,72875,24,,,1,30,,72876,24,,,2,73,,72877,24,,,1,29,,72878,24,,,2,68,,72879,24,,,1,33,,72880,24,,,1,67,,72881,24,,,1,28,,72882,24,,,1,82,,72883,24,,,1,100,,72884,24,,,2,100,,72885,24,,,2,100,,72886,24,,,2,100,,72887,24,,,2
6900,'Semaine-11',843,,75399,24,,,1,103,,75400,24,,,1,99,,75401,24,,,2,101,,75402,24,,,2,95,,75403,24,,,2,104,,75404,24,,,1,101,,75405,24,,,1,70,,75406,24,,,1,30,,75407,24,,,2,73,,75408,24,,,1,29,,75409,24,,,2,68,,75410,24,,,1,33,,75411,24,,,1,67,,75412,24,,,1,28,,75413,24,,,1,82,,75414,24,,,1,100,,75415,24,,,2,100,,75416,24,,,2,100,,75417,24,,,2,100,,75418,24,,,2
56601,'Semaine-0',700,,65850,29,0,5 6,1
56601,'Semaine-10',700,,73780,29,0,5 6,1
56601,'Semaine-11',700,,76311,29,0,5 6,1
