6501,'Samedi-0',749,,67091,22,,,1,100,,67089,22,,,1,100,,67088,22,,,1,100,,67086,22,,,1,100,,67085,22,,,1,100,,67087,22,,,1,100,,67090,22,,,1,100,,67092,22,,,1,100,,67093,22,,,1,100,,67094,22,,,1,100,,67095,22,,,1,100,,67099,22,,,1,100,,67096,22,,,1,100,,67097,22,,,1,100,,67098,22,,,1,100,,67100,22,,,1,100,,67101,22,,,1
6501,'Samedi-10',749,,77005,22,,,1,100,,77003,22,,,1,100,,77002,22,,,1,100,,77000,22,,,1,100,,76999,22,,,1,100,,77001,22,,,1,100,,77004,22,,,1,100,,77006,22,,,1,100,,77007,22,,,1,100,,77008,22,,,1,100,,77009,22,,,1,100,,77013,22,,,1,100,,77010,22,,,1,100,,77011,22,,,1,100,,77012,22,,,1,100,,77014,22,,,1,100,,77015,22,,,1
6501,'Samedi-11',749,,70860,22,,,1,100,,70858,22,,,1,100,,70857,22,,,1,100,,70855,22,,,1,100,,70854,22,,,1,100,,70856,22,,,1,100,,70859,22,,,1,100,,70861,22,,,1,100,,70862,22,,,1,100,,70863,22,,,1,100,,70864,22,,,1,100,,70868,22,,,1,100,,70865,22,,,1,100,,70866,22,,,1,100,,70867,22,,,1,100,,70869,22,,,1,100,,70870,22,,,1
6501,'Dimanche-0',749,,68699,22,,,1,100,,68700,22,,,1,100,,68696,22,,,1,100,,68697,22,,,1,100,,68698,22,,,1,100,,68701,22,,,1,100,,68703,22,,,1,100,,68702,22,,,1,100,,68707,22,,,1,100,,68704,22,,,1,100,,68706,22,,,1,100,,68708,22,,,1,100,,68705,22,,,1,100,,68709,22,,,1,100,,68710,22,,,1,100,,68711,22,,,1,100,,68712,22,,,1
6501,'Dimanche-10',749,,69778,22,,,1,100,,69779,22,,,1,100,,69775,22,,,1,100,,69776,22,,,1,100,,69777,22,,,1,100,,69780,22,,,1,100,,69782,22,,,1,100,,69781,22,,,1,100,,69786,22,,,1,100,,69783,22,,,1,100,,69785,22,,,1,100,,69787,22,,,1,100,,69784,22,,,1,100,,69788,22,,,1,100,,69789,22,,,1,100,,69790,22,,,1,100,,69791,22,,,1
6501,'Dimanche-11',749,,67105,22,,,1,100,,67106,22,,,1,100,,67102,22,,,1,100,,67103,22,,,1,100,,67104,22,,,1,100,,67107,22,,,1,100,,67109,22,,,1,100,,67108,22,,,1,100,,67113,22,,,1,100,,67110,22,,,1,100,,67112,22,,,1,100,,67114,22,,,1,100,,67111,22,,,1,100,,67115,22,,,1,100,,67116,22,,,1,100,,67117,22,,,1,100,,67118,22,,,1
6501,'Semaine-0',547,,64714,22,,,1,70,,64727,22,,,1,32,,64731,22,,,1,60,,64716,22,,,1,19,,64717,22,,,1,21,,64730,22,,,1,62,,64715,22,,,2,19,,64713,22,,,1,19,,64724,22,,,2,60,,64703,22,,,2,20,,64719,22,,,1,26,,64710,22,,,1,70,,64712,22,,,1,100,,64720,22,,,1,102,,64707,22,,,1,100,,64722,22,,,1,100,,64704,22,,,1,100,,64708,22,,,1,73,,64721,22,,,2,21,,64706,22,,,1,14,,64728,22,,,2,22,,64725,22,,,1,60,,64709,22,,,2,14,,64702,22,,,1,20,,64723,22,,,2,60,,64726,22,,,2,17,,64711,22,,,1,20,,64705,22,,,2,60,,64733,22,,,2,97,,64729,22,,,1,100,,64732,22,,,1,100,,64734,22,,,1,100,,64718,22,,,1
6501,'Semaine-10',547,,72644,22,,,1,70,,72657,22,,,1,32,,72661,22,,,1,60,,72646,22,,,1,19,,72647,22,,,1,21,,72660,22,,,1,62,,72645,22,,,2,19,,72643,22,,,1,19,,72654,22,,,2,60,,72633,22,,,2,20,,72649,22,,,1,26,,72640,22,,,1,70,,72642,22,,,1,100,,72650,22,,,1,102,,72637,22,,,1,100,,72652,22,,,1,100,,72634,22,,,1,100,,72638,22,,,1,73,,72651,22,,,2,21,,72636,22,,,1,14,,72658,22,,,2,22,,72655,22,,,1,60,,72639,22,,,2,14,,72632,22,,,1,20,,72653,22,,,2,60,,72656,22,,,2,17,,72641,22,,,1,20,,72635,22,,,2,60,,72663,22,,,2,97,,72659,22,,,1,100,,72662,22,,,1,100,,72664,22,,,1,100,,72648,22,,,1
6501,'Semaine-11',547,,75175,22,,,1,70,,75188,22,,,1,32,,75192,22,,,1,60,,75177,22,,,1,19,,75178,22,,,1,21,,75191,22,,,1,62,,75176,22,,,2,19,,75174,22,,,1,19,,75185,22,,,2,60,,75164,22,,,2,20,,75180,22,,,1,26,,75171,22,,,1,70,,75173,22,,,1,100,,75181,22,,,1,102,,75168,22,,,1,100,,75183,22,,,1,100,,75165,22,,,1,100,,75169,22,,,1,73,,75182,22,,,2,21,,75167,22,,,1,14,,75189,22,,,2,22,,75186,22,,,1,60,,75170,22,,,2,14,,75163,22,,,1,20,,75184,22,,,2,60,,75187,22,,,2,17,,75172,22,,,1,20,,75166,22,,,2,60,,75194,22,,,2,97,,75190,22,,,1,100,,75193,22,,,1,100,,75195,22,,,1,100,,75179,22,,,1
57101,'Semaine-0',706,,65854,42,0,5 6,2
57101,'Semaine-10',706,,73784,42,0,5 6,2
57101,'Semaine-11',706,,76315,42,0,5 6,2
