4001,'Semaine-0',609,,64160,18,,,1,29,,64159,18,,,1,71,,64162,18,,,1,32,,64158,18,,,2,68,,64157,18,,,1,29,,64161,18,,,1
4001,'Semaine-10',609,,72090,18,,,1,29,,72089,18,,,1,71,,72092,18,,,1,32,,72088,18,,,2,68,,72087,18,,,1,29,,72091,18,,,1
4001,'Semaine-11',609,,74621,18,,,1,29,,74620,18,,,1,71,,74623,18,,,1,32,,74619,18,,,2,68,,74618,18,,,1,29,,74622,18,,,1
5201,'Samedi-0',644,,66667,19,,,1,100,,66668,19,,,1,99,,66669,19,,,1,100,,66670,19,,,1,101,,66672,19,,,1,100,,66671,19,,,1,100,,66673,19,,,1,100,,66674,19,,,1,101,,66675,19,,,1,99,,66676,19,,,1,100,,66677,19,,,1,100,,66678,19,,,1,99,,66681,19,,,1,100,,66679,19,,,1,99,,66683,19,,,1,100,,66680,19,,,1,100,,66682,19,,,1,101,,66684,19,,,1
5201,'Samedi-10',644,,76790,19,,,1,100,,76791,19,,,1,99,,76792,19,,,1,100,,76793,19,,,1,101,,76795,19,,,1,100,,76794,19,,,1,100,,76796,19,,,1,100,,76797,19,,,1,101,,76798,19,,,1,99,,76799,19,,,1,100,,76800,19,,,1,100,,76801,19,,,1,99,,76804,19,,,1,100,,76802,19,,,1,99,,76806,19,,,1,100,,76803,19,,,1,100,,76805,19,,,1,101,,76807,19,,,1
5201,'Samedi-11',644,,70645,19,,,1,100,,70646,19,,,1,99,,70647,19,,,1,100,,70648,19,,,1,101,,70650,19,,,1,100,,70649,19,,,1,100,,70651,19,,,1,100,,70652,19,,,1,101,,70653,19,,,1,99,,70654,19,,,1,100,,70655,19,,,1,100,,70656,19,,,1,99,,70659,19,,,1,100,,70657,19,,,1,99,,70661,19,,,1,100,,70658,19,,,1,100,,70660,19,,,1,101,,70662,19,,,1
5201,'Dimanche-0',644,,68487,19,,,1,100,,68488,19,,,1,99,,68489,19,,,1,100,,68492,19,,,1,101,,68490,19,,,1,100,,68494,19,,,1,100,,68491,19,,,1,100,,68496,19,,,1,101,,68493,19,,,1,99,,68495,19,,,1,100,,68498,19,,,1,100,,68500,19,,,1,99,,68497,19,,,1,100,,68499,19,,,1,99,,68501,19,,,1,100,,68502,19,,,1,100,,68503,19,,,1,101,,68504,19,,,1
5201,'Dimanche-10',644,,69566,19,,,1,100,,69567,19,,,1,99,,69568,19,,,1,100,,69571,19,,,1,101,,69569,19,,,1,100,,69573,19,,,1,100,,69570,19,,,1,100,,69575,19,,,1,101,,69572,19,,,1,99,,69574,19,,,1,100,,69577,19,,,1,100,,69579,19,,,1,99,,69576,19,,,1,100,,69578,19,,,1,99,,69580,19,,,1,100,,69581,19,,,1,100,,69582,19,,,1,101,,69583,19,,,1
5201,'Dimanche-11',644,,66685,19,,,1,100,,66686,19,,,1,99,,66687,19,,,1,100,,66690,19,,,1,101,,66688,19,,,1,100,,66692,19,,,1,100,,66689,19,,,1,100,,66694,19,,,1,101,,66691,19,,,1,99,,66693,19,,,1,100,,66696,19,,,1,100,,66698,19,,,1,99,,66695,19,,,1,100,,66697,19,,,1,99,,66699,19,,,1,100,,66700,19,,,1,100,,66701,19,,,1,101,,66702,19,,,1
5201,'Semaine-0',615,,64312,19,,,1,100,,64314,19,,,1,103,,64313,19,,,1,97,,64297,19,,,1,101,,64303,19,,,1,99,,64300,19,,,1,100,,64307,19,,,1,100,,64298,19,,,1,99,,64302,19,,,1,102,,64301,19,,,1,100,,64311,19,,,1,100,,64310,19,,,1,99,,64304,19,,,1,98,,64305,19,,,1,100,,64309,19,,,1,100,,64306,19,,,1,100,,64308,19,,,1,100,,64299,19,,,2
5201,'Semaine-10',615,,72242,19,,,1,100,,72244,19,,,1,103,,72243,19,,,1,97,,72227,19,,,1,101,,72233,19,,,1,99,,72230,19,,,1,100,,72237,19,,,1,100,,72228,19,,,1,99,,72232,19,,,1,102,,72231,19,,,1,100,,72241,19,,,1,100,,72240,19,,,1,99,,72234,19,,,1,98,,72235,19,,,1,100,,72239,19,,,1,100,,72236,19,,,1,100,,72238,19,,,1,100,,72229,19,,,2
5201,'Semaine-11',615,,74773,19,,,1,100,,74775,19,,,1,103,,74774,19,,,1,97,,74758,19,,,1,101,,74764,19,,,1,99,,74761,19,,,1,100,,74768,19,,,1,100,,74759,19,,,1,99,,74763,19,,,1,102,,74762,19,,,1,100,,74772,19,,,1,100,,74771,19,,,1,99,,74765,19,,,1,98,,74766,19,,,1,100,,74770,19,,,1,100,,74767,19,,,1,100,,74769,19,,,1,100,,74760,19,,,2
74001,'Semaine-0',808,,65882,19,0,5 11,2,2,,65883,19,0,5 11,1
74001,'Semaine-10',808,,73812,19,0,5 11,2,2,,73813,19,0,5 11,1
74001,'Semaine-11',808,,76343,19,0,5 11,2,2,,76344,19,0,5 11,1
