55000,'Semaine-0',728,,65840,43,4,,1,2,,65841,43,4,,1
55000,'Semaine-10',728,,73770,43,4,,1,2,,73771,43,4,,1
55000,'Semaine-11',728,,76301,43,4,,1,2,,76302,43,4,,1
55400,'Semaine-0',725,,65846,36,4,,2
55400,'Semaine-10',725,,73776,36,4,,2
55400,'Semaine-11',725,,76307,36,4,,2
56601,'Semaine-0',730,,65850,61,4,,1
56601,'Semaine-10',730,,73780,61,4,,1
56601,'Semaine-11',730,,76311,61,4,,1
56901,'Semaine-0',730,,65852,37,4,,1
56901,'Semaine-10',730,,73782,37,4,,1
56901,'Semaine-11',730,,76313,37,4,,1
57101,'Semaine-0',729,,65854,61,4,,2
57101,'Semaine-10',729,,73784,61,4,,2
57101,'Semaine-11',729,,76315,61,4,,2
57601,'Semaine-0',739,,65856,36,4,,1
57601,'Semaine-10',739,,73786,36,4,,1
57601,'Semaine-11',739,,76317,36,4,,1
