2800,'Semaine-0',1621,,63513,46,,,1,82,,63514,46,,,1,49,,63515,46,,,1
2800,'Semaine-10',1621,,71443,46,,,1,82,,71444,46,,,1,49,,71445,46,,,1
2800,'Semaine-11',1621,,73974,46,,,1,82,,73975,46,,,1,49,,73976,46,,,1
4801,'Semaine-0',739,,64197,34,,,1
4801,'Semaine-10',739,,72127,34,,,1
4801,'Semaine-11',739,,74658,34,,,1
5000,'Semaine-0',703,,64273,40,,,1,22,,64271,40,,,1,8,,64272,19,,,2,25,,64274,40,,,2,70,,64270,40,,,1,106,,64275,40,,,1
5000,'Semaine-10',703,,72203,40,,,1,22,,72201,40,,,1,8,,72202,19,,,2,25,,72204,40,,,2,70,,72200,40,,,1,106,,72205,40,,,1
5000,'Semaine-11',703,,74734,40,,,1,22,,74732,40,,,1,8,,74733,19,,,2,25,,74735,40,,,2,70,,74731,40,,,1,106,,74736,40,,,1
32601,'Semaine-0',823,,65573,26,0,7 8,1
32601,'Semaine-10',823,,73503,26,0,7 8,1
32601,'Semaine-11',823,,76034,26,0,7 8,1
42600,'Semaine-0',725,,65820,10,0,9 14,1,1,,65821,10,0,9 14,1
42600,'Semaine-10',725,,73750,10,0,9 14,1,1,,73751,10,0,9 14,1
42600,'Semaine-11',725,,76281,10,0,9 14,1,1,,76282,10,0,9 14,1
55000,'Semaine-0',721,,65840,40,0,5 6,1,2,,65841,40,0,5 6,1
55000,'Semaine-10',721,,73770,40,0,5 6,1,2,,73771,40,0,5 6,1
55000,'Semaine-11',721,,76301,40,0,5 6,1,2,,76302,40,0,5 6,1
72601,'Semaine-0',1536,,65876,20,4,,1
72601,'Semaine-10',1536,,73806,20,4,,1
72601,'Semaine-11',1536,,76337,20,4,,1
72901,'Semaine-0',811,,65878,11,0,5 11,2
72901,'Semaine-10',811,,73808,11,0,5 11,2
72901,'Semaine-11',811,,76339,11,0,5 11,2
82601,'Semaine-0',748,,65968,26,0,9 12 13,1,1,,65969,26,0,9 12 13,1
82601,'Semaine-10',748,,73898,26,0,9 12 13,1,1,,73899,26,0,9 12 13,1
82601,'Semaine-11',748,,76430,26,0,9 12 13,1,1,,76431,26,0,9 12 13,1
