6201,'Semaine-0',517,,64565,8,,,1,30,,64574,8,,,1,70,,64583,8,,,1,30,,64580,8,,,1,70,,64567,8,,,2,32,,64566,8,,,1,69,,64564,8,,,1,99,,64573,8,,,1,100,,64585,8,,,1,100,,64568,8,,,1,100,,64572,8,,,1,100,,64582,8,,,2,101,,64570,8,,,1,100,,64579,8,,,1,32,,64569,8,,,1,68,,64571,8,,,1,30,,64578,8,,,1,70,,64584,8,,,2,30,,64586,8,,,2,99,,64581,8,,,2,100,,64576,8,,,1,100,,64577,8,,,1,100,,64575,8,,,1
6201,'Semaine-10',517,,72495,8,,,1,30,,72504,8,,,1,70,,72513,8,,,1,30,,72510,8,,,1,70,,72497,8,,,2,32,,72496,8,,,1,69,,72494,8,,,1,99,,72503,8,,,1,100,,72515,8,,,1,100,,72498,8,,,1,100,,72502,8,,,1,100,,72512,8,,,2,101,,72500,8,,,1,100,,72509,8,,,1,32,,72499,8,,,1,68,,72501,8,,,1,30,,72508,8,,,1,70,,72514,8,,,2,30,,72516,8,,,2,99,,72511,8,,,2,100,,72506,8,,,1,100,,72507,8,,,1,100,,72505,8,,,1
6201,'Semaine-11',517,,75026,8,,,1,30,,75035,8,,,1,70,,75044,8,,,1,30,,75041,8,,,1,70,,75028,8,,,2,32,,75027,8,,,1,69,,75025,8,,,1,99,,75034,8,,,1,100,,75046,8,,,1,100,,75029,8,,,1,100,,75033,8,,,1,100,,75043,8,,,2,101,,75031,8,,,1,100,,75040,8,,,1,32,,75030,8,,,1,68,,75032,8,,,1,30,,75039,8,,,1,70,,75045,8,,,2,30,,75047,8,,,2,99,,75042,8,,,2,100,,75037,8,,,1,100,,75038,8,,,1,100,,75036,8,,,1
7100,'Samedi-0',807,,67361,8,,,1,100,,67362,8,,,1,100,,67364,8,,,1,102,,67359,8,,,1,100,,67363,8,,,1,100,,67360,8,,,1,100,,67365,8,,,1,100,,67366,8,,,1,100,,67367,8,,,1,100,,67368,8,,,1,100,,67369,8,,,1,98,,67370,8,,,1,100,,67371,8,,,1,100,,67372,8,,,1,100,,67373,8,,,1,100,,67374,8,,,1
7100,'Samedi-11',807,,70993,8,,,1,100,,70994,8,,,1,100,,70996,8,,,1,102,,70991,8,,,1,100,,70995,8,,,1,100,,70992,8,,,1,100,,70997,8,,,1,100,,70998,8,,,1,100,,70999,8,,,1,100,,71000,8,,,1,100,,71001,8,,,1,98,,71002,8,,,1,100,,71003,8,,,1,100,,71004,8,,,1,100,,71005,8,,,1,100,,71006,8,,,1
7100,'Dimanche-0',807,,68836,8,,,1,100,,68835,8,,,1,100,,68834,8,,,1,102,,68833,8,,,1,100,,68837,8,,,1,100,,68838,8,,,1,100,,68839,8,,,1,100,,68840,8,,,1,100,,68841,8,,,1,100,,68845,8,,,1,100,,68844,8,,,1,98,,68842,8,,,1,100,,68843,8,,,1,100,,68846,8,,,1,100,,68847,8,,,1,100,,68848,8,,,1
7100,'Dimanche-10',807,,69915,8,,,1,100,,69914,8,,,1,100,,69913,8,,,1,102,,69912,8,,,1,100,,69916,8,,,1,100,,69917,8,,,1,100,,69918,8,,,1,100,,69919,8,,,1,100,,69920,8,,,1,100,,69924,8,,,1,100,,69923,8,,,1,98,,69921,8,,,1,100,,69922,8,,,1,100,,69925,8,,,1,100,,69926,8,,,1,100,,69927,8,,,1
7100,'Dimanche-11',807,,67378,8,,,1,100,,67377,8,,,1,100,,67376,8,,,1,102,,67375,8,,,1,100,,67379,8,,,1,100,,67380,8,,,1,100,,67381,8,,,1,100,,67382,8,,,1,100,,67383,8,,,1,100,,67387,8,,,1,100,,67386,8,,,1,98,,67384,8,,,1,100,,67385,8,,,1,100,,67388,8,,,1,100,,67389,8,,,1,100,,67390,8,,,1
7100,'Semaine-0',533,,65007,8,,,2,70,,65010,8,,,1,27,,65006,8,,,2,18,,65011,8,,,1,56,,65009,8,,,1,14,,65012,8,,,1,21,,65008,8,,,1,11,,65015,8,,,1,58,,65019,8,,,1,15,,65016,8,,,2,15,,65017,8,,,2,13,,65018,8,,,1,70,,65021,8,,,1,15,,65020,8,,,2,72,,65013,8,,,1,30,,65022,8,,,1,70,,65014,8,,,1,30,,64981,8,,,1,70,,64982,8,,,1,30,,64985,8,,,1,69,,64980,8,,,2,30,,64983,8,,,1,72,,64988,8,,,2,30,,64984,8,,,1,69,,64986,8,,,1,30,,64987,8,,,1,16,,64998,8,,,1,59,,64997,8,,,1,12,,64995,8,,,2,14,,64999,8,,,1,15,,64989,8,,,1,54,,64992,8,,,2,15,,64990,8,,,1,30,,64991,8,,,1,68,,64993,8,,,2,30,,64996,8,,,1,70,,65000,8,,,1,27,,64994,8,,,2,73,,65001,8,,,2,100,,65003,8,,,1,93,,65002,8,,,2,100,,65005,8,,,2,100,,65004,8,,,1
7100,'Semaine-10',533,,72937,8,,,2,70,,72940,8,,,1,27,,72936,8,,,2,18,,72941,8,,,1,56,,72939,8,,,1,14,,72942,8,,,1,21,,72938,8,,,1,11,,72945,8,,,1,58,,72949,8,,,1,15,,72946,8,,,2,15,,72947,8,,,2,13,,72948,8,,,1,70,,72951,8,,,1,15,,72950,8,,,2,72,,72943,8,,,1,30,,72952,8,,,1,70,,72944,8,,,1,30,,72911,8,,,1,70,,72912,8,,,1,30,,72915,8,,,1,69,,72910,8,,,2,30,,72913,8,,,1,72,,72918,8,,,2,30,,72914,8,,,1,69,,72916,8,,,1,30,,72917,8,,,1,16,,72928,8,,,1,59,,72927,8,,,1,12,,72925,8,,,2,14,,72929,8,,,1,15,,72919,8,,,1,54,,72922,8,,,2,15,,72920,8,,,1,30,,72921,8,,,1,68,,72923,8,,,2,30,,72926,8,,,1,70,,72930,8,,,1,27,,72924,8,,,2,73,,72931,8,,,2,100,,72933,8,,,1,93,,72932,8,,,2,100,,72935,8,,,2,100,,72934,8,,,1
7100,'Semaine-11',533,,75468,8,,,2,70,,75471,8,,,1,27,,75467,8,,,2,18,,75472,8,,,1,56,,75470,8,,,1,14,,75473,8,,,1,21,,75469,8,,,1,11,,75476,8,,,1,58,,75480,8,,,1,15,,75477,8,,,2,15,,75478,8,,,2,13,,75479,8,,,1,70,,75482,8,,,1,15,,75481,8,,,2,72,,75474,8,,,1,30,,75483,8,,,1,70,,75475,8,,,1,30,,75442,8,,,1,70,,75443,8,,,1,30,,75446,8,,,1,69,,75441,8,,,2,30,,75444,8,,,1,72,,75449,8,,,2,30,,75445,8,,,1,69,,75447,8,,,1,30,,75448,8,,,1,16,,75459,8,,,1,59,,75458,8,,,1,12,,75456,8,,,2,14,,75460,8,,,1,15,,75450,8,,,1,54,,75453,8,,,2,15,,75451,8,,,1,30,,75452,8,,,1,68,,75454,8,,,2,30,,75457,8,,,1,70,,75461,8,,,1,27,,75455,8,,,2,73,,75462,8,,,2,100,,75464,8,,,1,93,,75463,8,,,2,100,,75466,8,,,2,100,,75465,8,,,1
