3100,'Samedi-0',723,,65987,33,,,1,105,,65988,33,,,1,103,,65989,33,,,1,100,,65990,33,,,1,102,,65991,33,,,1,102,,65992,33,,,1,101,,65993,33,,,1,100,,65994,33,,,1,100,,65995,33,,,1,102,,65996,33,,,1,100,,65997,33,,,1,100,,65998,33,,,1,93,,65999,33,,,1,101,,66000,33,,,1,100,,66001,33,,,1,100,,66002,33,,,1,101,,66003,33,,,1,99,,66004,33,,,1,100,,66005,33,,,1
3100,'Samedi-10',723,,76450,33,,,1,105,,76451,33,,,1,103,,76452,33,,,1,100,,76453,33,,,1,102,,76454,33,,,1,102,,76455,33,,,1,101,,76456,33,,,1,100,,76457,33,,,1,100,,76458,33,,,1,102,,76459,33,,,1,100,,76460,33,,,1,100,,76461,33,,,1,93,,76462,33,,,1,101,,76463,33,,,1,100,,76464,33,,,1,100,,76465,33,,,1,101,,76466,33,,,1,99,,76467,33,,,1,100,,76468,33,,,1
3100,'Samedi-11',723,,70305,33,,,1,105,,70306,33,,,1,103,,70307,33,,,1,100,,70308,33,,,1,102,,70309,33,,,1,102,,70310,33,,,1,101,,70311,33,,,1,100,,70312,33,,,1,100,,70313,33,,,1,102,,70314,33,,,1,100,,70315,33,,,1,100,,70316,33,,,1,93,,70317,33,,,1,101,,70318,33,,,1,100,,70319,33,,,1,100,,70320,33,,,1,101,,70321,33,,,1,99,,70322,33,,,1,100,,70323,33,,,1
3100,'Dimanche-0',723,,68151,33,,,1,105,,68153,33,,,1,103,,68152,33,,,1,100,,68160,33,,,1,102,,68155,33,,,1,102,,68147,33,,,1,101,,68150,33,,,1,100,,68149,33,,,1,100,,68148,33,,,1,102,,68154,33,,,1,100,,68156,33,,,1,100,,68157,33,,,1,93,,68159,33,,,1,101,,68158,33,,,1,100,,68161,33,,,1,100,,68162,33,,,1,101,,68163,33,,,1,99,,68164,33,,,1,100,,68165,33,,,1
3100,'Dimanche-10',723,,69230,33,,,1,105,,69232,33,,,1,103,,69231,33,,,1,100,,69239,33,,,1,102,,69234,33,,,1,102,,69226,33,,,1,101,,69229,33,,,1,100,,69228,33,,,1,100,,69227,33,,,1,102,,69233,33,,,1,100,,69235,33,,,1,100,,69236,33,,,1,93,,69238,33,,,1,101,,69237,33,,,1,100,,69240,33,,,1,100,,69241,33,,,1,101,,69242,33,,,1,99,,69243,33,,,1,100,,69244,33,,,1
3100,'Dimanche-11',723,,66010,33,,,1,105,,66012,33,,,1,103,,66011,33,,,1,100,,66019,33,,,1,102,,66014,33,,,1,102,,66006,33,,,1,101,,66009,33,,,1,100,,66008,33,,,1,100,,66007,33,,,1,102,,66013,33,,,1,100,,66015,33,,,1,100,,66016,33,,,1,93,,66018,33,,,1,101,,66017,33,,,1,100,,66020,33,,,1,100,,66021,33,,,1,101,,66022,33,,,1,99,,66023,33,,,1,100,,66024,33,,,1
3100,'Semaine-0',633,,63532,33,,,1,84,,63565,33,,,1,21,,63545,33,,,1,21,,63533,33,,,1,55,,63570,33,,,1,21,,63567,33,,,1,21,,63529,33,,,1,58,,63542,33,,,1,23,,63543,33,,,1,9,,63534,33,,,1,64,,63536,33,,,1,20,,63553,33,,,1,27,,63554,33,,,1,71,,63535,33,,,1,30,,63540,33,,,1,70,,63559,33,,,1,30,,63556,33,,,1,57,,63537,33,,,1,13,,63530,33,,,1,19,,63564,33,,,1,60,,63568,33,,,1,18,,63555,33,,,1,29,,63538,33,,,1,63,,63558,33,,,1,11,,63560,33,,,1,75,,63566,33,,,1,24,,63557,33,,,1,18,,63539,33,,,1,59,,63550,33,,,1,23,,63552,33,,,1,18,,63541,33,,,1,57,,63528,33,,,1,15,,63531,33,,,1,10,,63562,33,,,1,28,,63569,33,,,1,52,,63547,33,,,1,20,,63563,33,,,1,106,,63548,33,,,1,99,,63544,33,,,1,100,,63549,33,,,1,100,,63551,33,,,1,100,,63561,33,,,1,100,,63546,33,,,1
3100,'Semaine-10',633,,71462,33,,,1,84,,71495,33,,,1,21,,71475,33,,,1,21,,71463,33,,,1,55,,71500,33,,,1,21,,71497,33,,,1,21,,71459,33,,,1,58,,71472,33,,,1,23,,71473,33,,,1,9,,71464,33,,,1,64,,71466,33,,,1,20,,71483,33,,,1,27,,71484,33,,,1,71,,71465,33,,,1,30,,71470,33,,,1,70,,71489,33,,,1,30,,71486,33,,,1,57,,71467,33,,,1,13,,71460,33,,,1,19,,71494,33,,,1,60,,71498,33,,,1,18,,71485,33,,,1,29,,71468,33,,,1,63,,71488,33,,,1,11,,71490,33,,,1,75,,71496,33,,,1,24,,71487,33,,,1,18,,71469,33,,,1,59,,71480,33,,,1,23,,71482,33,,,1,18,,71471,33,,,1,57,,71458,33,,,1,15,,71461,33,,,1,10,,71492,33,,,1,28,,71499,33,,,1,52,,71477,33,,,1,20,,71493,33,,,1,106,,71478,33,,,1,99,,71474,33,,,1,100,,71479,33,,,1,100,,71481,33,,,1,100,,71491,33,,,1,100,,71476,33,,,1
3100,'Semaine-11',633,,73993,33,,,1,84,,74026,33,,,1,21,,74006,33,,,1,21,,73994,33,,,1,55,,74031,33,,,1,21,,74028,33,,,1,21,,73990,33,,,1,58,,74003,33,,,1,23,,74004,33,,,1,9,,73995,33,,,1,64,,73997,33,,,1,20,,74014,33,,,1,27,,74015,33,,,1,71,,73996,33,,,1,30,,74001,33,,,1,70,,74020,33,,,1,30,,74017,33,,,1,57,,73998,33,,,1,13,,73991,33,,,1,19,,74025,33,,,1,60,,74029,33,,,1,18,,74016,33,,,1,29,,73999,33,,,1,63,,74019,33,,,1,11,,74021,33,,,1,75,,74027,33,,,1,24,,74018,33,,,1,18,,74000,33,,,1,59,,74011,33,,,1,23,,74013,33,,,1,18,,74002,33,,,1,57,,73989,33,,,1,15,,73992,33,,,1,10,,74023,33,,,1,28,,74030,33,,,1,52,,74008,33,,,1,20,,74024,33,,,1,106,,74009,33,,,1,99,,74005,33,,,1,100,,74010,33,,,1,100,,74012,33,,,1,100,,74022,33,,,1,100,,74007,33,,,1
33100,'Semaine-0',814,,65576,7,0,7 8,1
33100,'Semaine-10',814,,73506,7,0,7 8,1
33100,'Semaine-11',814,,76037,7,0,7 8,1
43101,'Semaine-0',736,,65828,8,0,9 14,1
43101,'Semaine-10',736,,73758,8,0,9 14,1
43101,'Semaine-11',736,,76289,8,0,9 14,1
83100,'Semaine-0',1537,,65979,16,0,9 12 13,1
83100,'Semaine-10',1537,,73909,16,0,9 12 13,1
83100,'Semaine-11',1537,,76441,16,0,9 12 13,1
