4001,'Semaine-0',621,,64160,35,,,1,30,,64159,35,,,1,72,,64162,35,,,1,33,,64158,35,,,2,67,,64157,35,,,1,27,,64161,35,,,1
4101,'Semaine-0',643,,64170,26,,,1,73,,64171,26,,,1,35,,64172,26,,,1,65,,64169,26,,,2,29,,64168,26,,,1
4501,'Semaine-0',610,,64184,29,,,1,30,,64183,29,,,1,72,,64187,29,,,2,30,,64186,29,,,1,73,,64185,29,,,1,28,,64188,29,,,1
4701,'Semaine-0',623,,64194,22,,,2,85,,64193,22,,,1,49,,64192,22,,,1,67,,64195,22,,,1
5201,'Semaine-0',635,,64312,53,,,1,103,,64314,53,,,1,102,,64313,53,,,1,97,,64297,53,,,1,102,,64303,53,,,1,99,,64300,53,,,1,100,,64307,53,,,1,100,,64298,53,,,1,100,,64302,53,,,1,102,,64301,53,,,1,100,,64311,53,,,1,100,,64310,53,,,1,98,,64304,53,,,1,96,,64305,53,,,1,100,,64309,53,,,1,100,,64306,53,,,1,100,,64308,53,,,1,100,,64299,53,,,2
5501,'Semaine-0',525,,64382,33,,,1,14,,64389,33,,,1,14,,64388,33,,,1,57,,64372,33,,,1,15,,64410,33,,,1,23,,64409,33,,,1,8,,64369,33,,,1,52,,64414,33,,,1,15,,64395,33,,,1,13,,64403,33,,,1,16,,64373,33,,,1,49,,64377,33,,,1,12,,64375,33,,,1,9,,64404,33,,,1,6,,64406,33,,,1,14,,64383,33,,,1,68,,64387,33,,,1,12,,64374,33,,,1,11,,64408,33,,,1,69,,64401,33,,,1,31,,64405,33,,,1,69,,64371,33,,,1,29,,64378,33,,,1,70,,64391,33,,,1,30,,64402,33,,,1,70,,64398,33,,,1,30,,64379,33,,,1,70,,64411,33,,,1,30,,64370,33,,,1,70,,64376,33,,,1,50,,64380,33,,,1,100,,64385,33,,,1,100,,64390,33,,,1,101,,64407,33,,,1,60,,64396,33,,,1,30,,64384,33,,,1,70,,64400,33,,,1,30,,64393,33,,,1,70,,64412,33,,,1,30,,64386,33,,,1,69,,64392,33,,,1,31,,64394,33,,,1,70,,64381,33,,,1,30,,64399,33,,,1,70,,64397,33,,,1
5600,'Semaine-0',638,,64421,20,,,1,64,,64419,20,,,1,6,,64423,20,,,1,31,,64422,20,,,1,71,,64416,20,,,1,100,,64415,20,,,1,109,,64417,20,,,1,98,,64420,20,,,2,100,,64418,20,,,1
5801,'Semaine-0',602,,64441,21,,,1,32,,64445,21,,,1,71,,64443,21,,,1,30,,64442,21,,,1,70,,64439,21,,,1,30,,64444,21,,,1,800,,64440,21,,,1
5901,'Semaine-0',519,,64498,22,,,1,15,,64534,22,,,1,15,,64507,22,,,1,55,,64528,22,,,1,15,,64508,22,,,1,14,,64497,22,,,1,13,,64499,22,,,1,55,,64502,22,,,1,18,,64505,22,,,1,15,,64506,22,,,1,18,,64501,22,,,1,52,,64530,22,,,1,18,,64516,22,,,1,14,,64521,22,,,1,13,,64511,22,,,1,55,,64496,22,,,1,16,,64514,22,,,1,27,,64540,22,,,1,69,,64535,22,,,1,30,,64522,22,,,1,70,,64504,22,,,1,30,,64515,22,,,1,70,,64518,22,,,1,30,,64503,22,,,1,70,,64532,22,,,1,30,,64494,22,,,1,70,,64536,22,,,1,30,,64526,22,,,1,76,,64529,22,,,1,100,,64533,22,,,1,100,,64513,22,,,1,100,,64520,22,,,1,35,,64525,22,,,1,70,,64512,22,,,1,30,,64519,22,,,1,70,,64524,22,,,1,30,,64531,22,,,1,70,,64509,22,,,1,30,,64527,22,,,1,70,,64517,22,,,1,30,,64500,22,,,1,70,,64510,22,,,1,30,,64523,22,,,1
55400,'Semaine-0',700,,65846,10,0,5 6,2
64501,'Semaine-0',1527,,65867,38,0,9 10,1
64701,'Semaine-0',1526,,65869,31,0,9 10,1
65501,'Semaine-0',1518,,65873,21,0,9 10,1
74001,'Semaine-0',825,,65882,36,0,5 11,2,2,,65883,36,0,5 11,1
75201,'Semaine-0',1507,,65887,8,0,9 18,1
80000,'Semaine-0',601,,65923,26,,,1,31,,65909,26,,,1,71,,65899,26,,,1,15,,65898,26,,,1,15,,65919,26,,,1,71,,65910,26,,,1,18,,65896,26,,,1,30,,65915,26,,,1,70,,65900,26,,,1,30,,65917,26,,,1,70,,65912,26,,,1,29,,65926,26,,,1,70,,65893,26,,,1,30,,65914,26,,,1,70,,65904,26,,,1,31,,65920,26,,,1,69,,65913,26,,,1,30,,65924,26,,,1,71,,65903,26,,,1,29,,65918,26,,,1,73,,65916,26,,,1,30,,65905,26,,,1,72,,65921,26,,,1,28,,65894,26,,,1,70,,65911,26,,,1,30,,65908,26,,,1,69,,65922,26,,,1,29,,65907,26,,,1,71,,65901,26,,,1,28,,65895,26,,,1,71,,65925,26,,,1,29,,65906,26,,,1,68,,65902,26,,,1,30,,65892,26,,,1,69,,65897,26,,,1,30,,65891,26,,,1
