6400,'Samedi-0',735,,67005,6,,,1,100,,67007,6,,,1,100,,67010,6,,,1,100,,67008,6,,,1,100,,67011,6,,,1,100,,67006,6,,,1,100,,67009,6,,,1,100,,67012,6,,,1,99,,67013,6,,,1,100,,67014,6,,,1,100,,67015,6,,,1,100,,67016,6,,,1
6400,'Dimanche-0',735,,68657,6,,,1,100,,68658,6,,,1,100,,68663,6,,,1,100,,68661,6,,,1,100,,68656,6,,,1,100,,68659,6,,,1,100,,68660,6,,,1,100,,68664,6,,,1,99,,68662,6,,,1,100,,68666,6,,,1,100,,68667,6,,,1,100,,68665,6,,,1
6400,'Dimanche-10',735,,69736,6,,,1,100,,69737,6,,,1,100,,69742,6,,,1,100,,69740,6,,,1,100,,69735,6,,,1,100,,69738,6,,,1,100,,69739,6,,,1,100,,69743,6,,,1,99,,69741,6,,,1,100,,69745,6,,,1,100,,69746,6,,,1,100,,69744,6,,,1
6400,'Dimanche-11',735,,67018,6,,,1,100,,67019,6,,,1,100,,67024,6,,,1,100,,67022,6,,,1,100,,67017,6,,,1,100,,67020,6,,,1,100,,67021,6,,,1,100,,67025,6,,,1,99,,67023,6,,,1,100,,67027,6,,,1,100,,67028,6,,,1,100,,67026,6,,,1
6400,'Semaine-0',645,,64638,6,,,1,74,,64635,6,,,1,30,,64630,6,,,1,70,,64634,6,,,1,100,,64636,6,,,1,100,,64641,6,,,1,100,,64640,6,,,1,100,,64633,6,,,1,100,,64646,6,,,1,100,,64642,6,,,1,95,,64643,6,,,1,45,,64648,6,,,1,87,,64647,6,,,1,103,,64644,6,,,1,95,,64645,6,,,1,100,,64637,6,,,2,100,,64631,6,,,2,100,,64639,6,,,1,100,,64632,6,,,1
6600,'Samedi-0',714,,67121,6,,,1,100,,67124,6,,,1,100,,67122,6,,,1,100,,67125,6,,,1,100,,67119,6,,,1,100,,67120,6,,,1,100,,67123,6,,,1,100,,67126,6,,,1,100,,67127,6,,,1,100,,67128,6,,,1,100,,67129,6,,,1,100,,67130,6,,,1,100,,67132,6,,,1,100,,67131,6,,,1,100,,67133,6,,,1,100,,67134,6,,,1,100,,67135,6,,,1
6600,'Dimanche-0',714,,68717,6,,,1,100,,68718,6,,,1,100,,68719,6,,,1,100,,68713,6,,,1,100,,68714,6,,,1,100,,68715,6,,,1,100,,68716,6,,,1,100,,68721,6,,,1,100,,68720,6,,,1,100,,68724,6,,,1,100,,68722,6,,,1,100,,68726,6,,,1,100,,68723,6,,,1,100,,68725,6,,,1,100,,68727,6,,,1,100,,68728,6,,,1,100,,68729,6,,,1
6600,'Dimanche-10',714,,69796,6,,,1,100,,69797,6,,,1,100,,69798,6,,,1,100,,69792,6,,,1,100,,69793,6,,,1,100,,69794,6,,,1,100,,69795,6,,,1,100,,69800,6,,,1,100,,69799,6,,,1,100,,69803,6,,,1,100,,69801,6,,,1,100,,69805,6,,,1,100,,69802,6,,,1,100,,69804,6,,,1,100,,69806,6,,,1,100,,69807,6,,,1,100,,69808,6,,,1
6600,'Dimanche-11',714,,67140,6,,,1,100,,67141,6,,,1,100,,67142,6,,,1,100,,67136,6,,,1,100,,67137,6,,,1,100,,67138,6,,,1,100,,67139,6,,,1,100,,67144,6,,,1,100,,67143,6,,,1,100,,67147,6,,,1,100,,67145,6,,,1,100,,67149,6,,,1,100,,67146,6,,,1,100,,67148,6,,,1,100,,67150,6,,,1,100,,67151,6,,,1,100,,67152,6,,,1
6600,'Semaine-0',600,,64745,6,,,2,20,,64751,6,,,2,20,,64746,6,,,1,63,,64738,6,,,2,19,,64750,6,,,1,19,,64743,6,,,1,61,,64757,6,,,1,18,,64737,6,,,1,18,,64748,6,,,1,20,,64758,6,,,1,100,,64747,6,,,1,100,,64739,6,,,1,100,,64762,6,,,1,100,,64763,6,,,1,101,,64749,6,,,2,100,,64759,6,,,1,63,,64752,6,,,1,22,,64735,6,,,1,60,,64754,6,,,1,18,,64760,6,,,1,20,,64765,6,,,1,59,,64736,6,,,2,24,,64755,6,,,2,20,,64753,6,,,1,58,,64741,6,,,1,22,,64761,6,,,2,94,,64742,6,,,2,100,,64740,6,,,1,99,,64744,6,,,1,100,,64756,6,,,1,100,,64764,6,,,1
56900,'Semaine-0',1538,,65851,13,0,5 6,2
