4500,'Semaine-0',1532,,64182,42,,,1,76,,64177,42,,,1,30,,64178,42,,,1,72,,64180,42,,,1,27,,64181,42,,,1,65,,64179,42,,,2
4500,'Semaine-10',1532,,72112,42,,,1,76,,72107,42,,,1,30,,72108,42,,,1,72,,72110,42,,,1,27,,72111,42,,,1,65,,72109,42,,,2
4500,'Semaine-11',1532,,74643,42,,,1,76,,74638,42,,,1,30,,74639,42,,,1,72,,74641,42,,,1,27,,74642,42,,,1,65,,74640,42,,,2
5200,'Samedi-0',645,,66631,28,,,1,100,,66632,28,,,1,100,,66633,28,,,1,101,,66634,28,,,1,100,,66635,28,,,1,101,,66636,28,,,1,100,,66637,28,,,1,100,,66638,28,,,1,99,,66639,28,,,1,101,,66640,28,,,1,100,,66641,28,,,1,100,,66642,28,,,1,99,,66643,28,,,1,100,,66646,28,,,1,100,,66644,28,,,1,99,,66645,28,,,1,98,,66647,28,,,1,100,,66648,28,,,1
5200,'Samedi-11',645,,70627,28,,,1,100,,70628,28,,,1,100,,70629,28,,,1,101,,70630,28,,,1,100,,70631,28,,,1,101,,70632,28,,,1,100,,70633,28,,,1,100,,70634,28,,,1,99,,70635,28,,,1,101,,70636,28,,,1,100,,70637,28,,,1,100,,70638,28,,,1,99,,70639,28,,,1,100,,70642,28,,,1,100,,70640,28,,,1,99,,70641,28,,,1,98,,70643,28,,,1,100,,70644,28,,,1
5200,'Dimanche-0',645,,68470,28,,,1,100,,68469,28,,,1,100,,68471,28,,,1,101,,68474,28,,,1,100,,68472,28,,,1,101,,68473,28,,,1,100,,68477,28,,,1,100,,68476,28,,,1,99,,68478,28,,,1,101,,68475,28,,,1,100,,68479,28,,,1,100,,68481,28,,,1,99,,68482,28,,,1,100,,68480,28,,,1,100,,68483,28,,,1,99,,68484,28,,,1,98,,68485,28,,,1,100,,68486,28,,,1
5200,'Dimanche-10',645,,69549,28,,,1,100,,69548,28,,,1,100,,69550,28,,,1,101,,69553,28,,,1,100,,69551,28,,,1,101,,69552,28,,,1,100,,69556,28,,,1,100,,69555,28,,,1,99,,69557,28,,,1,101,,69554,28,,,1,100,,69558,28,,,1,100,,69560,28,,,1,99,,69561,28,,,1,100,,69559,28,,,1,100,,69562,28,,,1,99,,69563,28,,,1,98,,69564,28,,,1,100,,69565,28,,,1
5200,'Dimanche-11',645,,66650,28,,,1,100,,66649,28,,,1,100,,66651,28,,,1,101,,66654,28,,,1,100,,66652,28,,,1,101,,66653,28,,,1,100,,66657,28,,,1,100,,66656,28,,,1,99,,66658,28,,,1,101,,66655,28,,,1,100,,66659,28,,,1,100,,66661,28,,,1,99,,66662,28,,,1,100,,66660,28,,,1,100,,66663,28,,,1,99,,66664,28,,,1,98,,66665,28,,,1,100,,66666,28,,,1
5200,'Semaine-0',616,,64282,28,,,1,98,,64284,28,,,1,108,,64279,28,,,1,97,,64295,28,,,1,97,,64293,28,,,1,101,,64280,28,,,1,100,,64287,28,,,1,100,,64286,28,,,1,100,,64283,28,,,1,101,,64281,28,,,1,108,,64285,28,,,1,100,,64296,28,,,1,107,,64294,28,,,1,99,,64288,28,,,1,84,,64292,28,,,1,100,,64291,28,,,1,100,,64289,28,,,1,100,,64290,28,,,1
5200,'Semaine-10',616,,72212,28,,,1,98,,72214,28,,,1,108,,72209,28,,,1,97,,72225,28,,,1,97,,72223,28,,,1,101,,72210,28,,,1,100,,72217,28,,,1,100,,72216,28,,,1,100,,72213,28,,,1,101,,72211,28,,,1,108,,72215,28,,,1,100,,72226,28,,,1,107,,72224,28,,,1,99,,72218,28,,,1,84,,72222,28,,,1,100,,72221,28,,,1,100,,72219,28,,,1,100,,72220,28,,,1
5200,'Semaine-11',616,,74743,28,,,1,98,,74745,28,,,1,108,,74740,28,,,1,97,,74756,28,,,1,97,,74754,28,,,1,101,,74741,28,,,1,100,,74748,28,,,1,100,,74747,28,,,1,100,,74744,28,,,1,101,,74742,28,,,1,108,,74746,28,,,1,100,,74757,28,,,1,107,,74755,28,,,1,99,,74749,28,,,1,84,,74753,28,,,1,100,,74752,28,,,1,100,,74750,28,,,1,100,,74751,28,,,1
5601,'Semaine-0',1245,,64428,39,,,1,102,,64425,39,,,1,100,,64424,39,,,1,103,,64427,39,,,2,104,,64426,39,,,1,99,,64429,39,,,1,94,,64430,39,,,1
5601,'Semaine-10',1245,,72358,39,,,1,102,,72355,39,,,1,100,,72354,39,,,1,103,,72357,39,,,2,104,,72356,39,,,1,99,,72359,39,,,1,94,,72360,39,,,1
5601,'Semaine-11',1245,,74889,39,,,1,102,,74886,39,,,1,100,,74885,39,,,1,103,,74888,39,,,2,104,,74887,39,,,1,99,,74890,39,,,1,94,,74891,39,,,1
64500,'Semaine-0',717,,65866,19,0,9 10,1
64500,'Semaine-10',717,,73796,19,0,9 10,1
64500,'Semaine-11',717,,76327,19,0,9 10,1
75200,'Semaine-0',718,,65885,12,0,9 18,1,2,,65884,12,0,9 18,2
75200,'Semaine-10',718,,73815,12,0,9 18,1,2,,73814,12,0,9 18,2
75200,'Semaine-11',718,,76346,12,0,9 18,1,2,,76345,12,0,9 18,2
