3101,'Samedi-0',649,,66025,11,,,1,100,,66026,11,,,1,100,,66027,11,,,1,100,,66028,11,,,1,100,,66029,11,,,1,100,,66030,11,,,1,100,,66031,11,,,1,100,,66032,11,,,1,100,,66033,11,,,1,100,,66034,11,,,1,100,,66035,11,,,1,100,,66036,11,,,1,100,,66037,11,,,1,99,,66038,11,,,1,100,,66039,11,,,1,100,,66040,11,,,1,100,,66041,11,,,1,100,,66042,11,,,1
3101,'Samedi-11',649,,70324,11,,,1,100,,70325,11,,,1,100,,70326,11,,,1,100,,70327,11,,,1,100,,70328,11,,,1,100,,70329,11,,,1,100,,70330,11,,,1,100,,70331,11,,,1,100,,70332,11,,,1,100,,70333,11,,,1,100,,70334,11,,,1,100,,70335,11,,,1,100,,70336,11,,,1,99,,70337,11,,,1,100,,70338,11,,,1,100,,70339,11,,,1,100,,70340,11,,,1,100,,70341,11,,,1
3101,'Dimanche-0',649,,68167,11,,,1,100,,68172,11,,,1,100,,68179,11,,,1,100,,68169,11,,,1,100,,68171,11,,,1,100,,68168,11,,,1,100,,68170,11,,,1,100,,68166,11,,,1,100,,68173,11,,,1,100,,68176,11,,,1,100,,68175,11,,,1,100,,68174,11,,,1,100,,68178,11,,,1,99,,68177,11,,,1,100,,68180,11,,,1,100,,68181,11,,,1,100,,68182,11,,,1,100,,68183,11,,,1
3101,'Dimanche-10',649,,69246,11,,,1,100,,69251,11,,,1,100,,69258,11,,,1,100,,69248,11,,,1,100,,69250,11,,,1,100,,69247,11,,,1,100,,69249,11,,,1,100,,69245,11,,,1,100,,69252,11,,,1,100,,69255,11,,,1,100,,69254,11,,,1,100,,69253,11,,,1,100,,69257,11,,,1,99,,69256,11,,,1,100,,69259,11,,,1,100,,69260,11,,,1,100,,69261,11,,,1,100,,69262,11,,,1
3101,'Dimanche-11',649,,66044,11,,,1,100,,66049,11,,,1,100,,66056,11,,,1,100,,66046,11,,,1,100,,66048,11,,,1,100,,66045,11,,,1,100,,66047,11,,,1,100,,66043,11,,,1,100,,66050,11,,,1,100,,66053,11,,,1,100,,66052,11,,,1,100,,66051,11,,,1,100,,66055,11,,,1,99,,66054,11,,,1,100,,66057,11,,,1,100,,66058,11,,,1,100,,66059,11,,,1,100,,66060,11,,,1
3101,'Semaine-0',528,,63574,11,,,1,76,,63608,11,,,1,33,,63588,11,,,1,70,,63575,11,,,1,16,,63611,11,,,1,17,,63571,11,,,1,15,,63613,11,,,1,52,,63585,11,,,1,15,,63586,11,,,1,15,,63605,11,,,1,15,,63576,11,,,1,60,,63578,11,,,1,20,,63603,11,,,1,20,,63595,11,,,1,61,,63604,11,,,1,20,,63577,11,,,1,20,,63579,11,,,1,60,,63599,11,,,1,20,,63609,11,,,1,20,,63598,11,,,1,60,,63580,11,,,1,20,,63572,11,,,1,20,,63602,11,,,1,60,,63612,11,,,1,20,,63597,11,,,1,20,,63581,11,,,1,57,,63600,11,,,1,23,,63601,11,,,1,20,,63610,11,,,1,60,,63596,11,,,1,19,,63582,11,,,1,21,,63593,11,,,1,62,,63594,11,,,1,20,,63583,11,,,1,20,,63589,11,,,1,60,,63573,11,,,1,20,,63606,11,,,1,18,,63614,11,,,1,65,,63584,11,,,1,99,,63607,11,,,1,100,,63590,11,,,1,100,,63587,11,,,1,99,,63591,11,,,1,100,,63592,11,,,1
3101,'Semaine-10',528,,71504,11,,,1,76,,71538,11,,,1,33,,71518,11,,,1,70,,71505,11,,,1,16,,71541,11,,,1,17,,71501,11,,,1,15,,71543,11,,,1,52,,71515,11,,,1,15,,71516,11,,,1,15,,71535,11,,,1,15,,71506,11,,,1,60,,71508,11,,,1,20,,71533,11,,,1,20,,71525,11,,,1,61,,71534,11,,,1,20,,71507,11,,,1,20,,71509,11,,,1,60,,71529,11,,,1,20,,71539,11,,,1,20,,71528,11,,,1,60,,71510,11,,,1,20,,71502,11,,,1,20,,71532,11,,,1,60,,71542,11,,,1,20,,71527,11,,,1,20,,71511,11,,,1,57,,71530,11,,,1,23,,71531,11,,,1,20,,71540,11,,,1,60,,71526,11,,,1,19,,71512,11,,,1,21,,71523,11,,,1,62,,71524,11,,,1,20,,71513,11,,,1,20,,71519,11,,,1,60,,71503,11,,,1,20,,71536,11,,,1,18,,71544,11,,,1,65,,71514,11,,,1,99,,71537,11,,,1,100,,71520,11,,,1,100,,71517,11,,,1,99,,71521,11,,,1,100,,71522,11,,,1
3101,'Semaine-11',528,,74035,11,,,1,76,,74069,11,,,1,33,,74049,11,,,1,70,,74036,11,,,1,16,,74072,11,,,1,17,,74032,11,,,1,15,,74074,11,,,1,52,,74046,11,,,1,15,,74047,11,,,1,15,,74066,11,,,1,15,,74037,11,,,1,60,,74039,11,,,1,20,,74064,11,,,1,20,,74056,11,,,1,61,,74065,11,,,1,20,,74038,11,,,1,20,,74040,11,,,1,60,,74060,11,,,1,20,,74070,11,,,1,20,,74059,11,,,1,60,,74041,11,,,1,20,,74033,11,,,1,20,,74063,11,,,1,60,,74073,11,,,1,20,,74058,11,,,1,20,,74042,11,,,1,57,,74061,11,,,1,23,,74062,11,,,1,20,,74071,11,,,1,60,,74057,11,,,1,19,,74043,11,,,1,21,,74054,11,,,1,62,,74055,11,,,1,20,,74044,11,,,1,20,,74050,11,,,1,60,,74034,11,,,1,20,,74067,11,,,1,18,,74075,11,,,1,65,,74045,11,,,1,99,,74068,11,,,1,100,,74051,11,,,1,100,,74048,11,,,1,99,,74052,11,,,1,100,,74053,11,,,1
33101,'Semaine-0',1644,,65577,39,0,7 8,1
33101,'Semaine-10',1644,,73507,39,0,7 8,1
33101,'Semaine-11',1644,,76038,39,0,7 8,1
43100,'Semaine-0',1503,,65827,10,0,9 14,1
43100,'Semaine-10',1503,,73757,10,0,9 14,1
43100,'Semaine-11',1503,,76288,10,0,9 14,1
83101,'Semaine-0',801,,65980,11,0,9 12 13,2,2,,65981,11,0,9 12 13,1
83101,'Semaine-10',801,,73910,11,0,9 12 13,2,2,,73911,11,0,9 12 13,1
83101,'Semaine-11',801,,76442,11,0,9 12 13,2,2,,76443,11,0,9 12 13,1
