32501,'Semaine-0',850,,65570,49,4,,1,3,,65571,49,4,,1
32501,'Semaine-10',850,,73500,49,4,,1,3,,73501,49,4,,1
32501,'Semaine-11',850,,76031,49,4,,1,3,,76032,49,4,,1
32601,'Semaine-0',847,,65573,46,4,,1
32601,'Semaine-10',847,,73503,46,4,,1
32601,'Semaine-11',847,,76034,46,4,,1
32900,'Semaine-0',850,,65574,49,4,,1
32900,'Semaine-10',850,,73504,49,4,,1
32900,'Semaine-11',850,,76035,49,4,,1
33100,'Semaine-0',847,,65576,45,4,,1
33100,'Semaine-10',847,,73506,45,4,,1
33100,'Semaine-11',847,,76037,45,4,,1
