2500,'Semaine-0',1556,,63482,40,,,1,70,,63485,40,,,1,31,,63483,40,,,1,73,,63487,40,,,1,24,,63484,40,,,2,65,,63486,40,,,2
2500,'Semaine-10',1556,,71412,40,,,1,70,,71415,40,,,1,31,,71413,40,,,1,73,,71417,40,,,1,24,,71414,40,,,2,65,,71416,40,,,2
2500,'Semaine-11',1556,,73943,40,,,1,70,,73946,40,,,1,31,,73944,40,,,1,73,,73948,40,,,1,24,,73945,40,,,2,65,,73947,40,,,2
5001,'Semaine-0',1625,,64276,18,,,1,101,,64278,18,,,1,97,,64277,18,,,2
5001,'Semaine-10',1625,,72206,18,,,1,101,,72208,18,,,1,97,,72207,18,,,2
5001,'Semaine-11',1625,,74737,18,,,1,101,,74739,18,,,1,97,,74738,18,,,2
32500,'Semaine-0',1652,,65569,48,0,7 8,1
32500,'Semaine-10',1652,,73499,48,0,7 8,1
32500,'Semaine-11',1652,,76030,48,0,7 8,1
42501,'Semaine-0',1521,,65819,34,0,9 14,1
42501,'Semaine-10',1521,,73749,34,0,9 14,1
42501,'Semaine-11',1521,,76280,34,0,9 14,1
55001,'Semaine-0',1538,,65844,16,0,5 6,1
55001,'Semaine-10',1538,,73774,16,0,5 6,1
55001,'Semaine-11',1538,,76305,16,0,5 6,1
72500,'Semaine-0',1649,,65874,38,0,5 11,1
72500,'Semaine-10',1649,,73804,38,0,5 11,1
72500,'Semaine-11',1649,,76335,38,0,5 11,1
82500,'Semaine-0',1554,,65963,32,0,9 12 13,1
82500,'Semaine-10',1554,,73893,32,0,9 12 13,1
82500,'Semaine-11',1554,,76425,32,0,9 12 13,1
