6601,'Samedi-0',650,,67153,13,,,1,100,,67155,13,,,1,100,,67159,13,,,1,100,,67156,13,,,1,100,,67160,13,,,1,100,,67154,13,,,1,100,,67157,13,,,1,100,,67158,13,,,1,100,,67161,13,,,1,100,,67162,13,,,1,100,,67163,13,,,1,100,,67164,13,,,1,100,,67165,13,,,1,100,,67167,13,,,1,100,,67166,13,,,1,100,,67168,13,,,1,100,,67169,13,,,1,100,,67170,13,,,1
6601,'Samedi-10',650,,77033,13,,,1,100,,77035,13,,,1,100,,77039,13,,,1,100,,77036,13,,,1,100,,77040,13,,,1,100,,77034,13,,,1,100,,77037,13,,,1,100,,77038,13,,,1,100,,77041,13,,,1,100,,77042,13,,,1,100,,77043,13,,,1,100,,77044,13,,,1,100,,77045,13,,,1,100,,77047,13,,,1,100,,77046,13,,,1,100,,77048,13,,,1,100,,77049,13,,,1,100,,77050,13,,,1
6601,'Samedi-11',650,,70888,13,,,1,100,,70890,13,,,1,100,,70894,13,,,1,100,,70891,13,,,1,100,,70895,13,,,1,100,,70889,13,,,1,100,,70892,13,,,1,100,,70893,13,,,1,100,,70896,13,,,1,100,,70897,13,,,1,100,,70898,13,,,1,100,,70899,13,,,1,100,,70900,13,,,1,100,,70902,13,,,1,100,,70901,13,,,1,100,,70903,13,,,1,100,,70904,13,,,1,100,,70905,13,,,1
6601,'Dimanche-0',650,,68731,13,,,1,100,,68735,13,,,1,100,,68736,13,,,1,100,,68737,13,,,1,100,,68730,13,,,1,100,,68732,13,,,1,100,,68733,13,,,1,100,,68734,13,,,1,100,,68739,13,,,1,100,,68738,13,,,1,100,,68742,13,,,1,100,,68740,13,,,1,100,,68743,13,,,1,100,,68741,13,,,1,100,,68744,13,,,1,100,,68745,13,,,1,100,,68746,13,,,1,100,,68747,13,,,1
6601,'Dimanche-10',650,,69810,13,,,1,100,,69814,13,,,1,100,,69815,13,,,1,100,,69816,13,,,1,100,,69809,13,,,1,100,,69811,13,,,1,100,,69812,13,,,1,100,,69813,13,,,1,100,,69818,13,,,1,100,,69817,13,,,1,100,,69821,13,,,1,100,,69819,13,,,1,100,,69822,13,,,1,100,,69820,13,,,1,100,,69823,13,,,1,100,,69824,13,,,1,100,,69825,13,,,1,100,,69826,13,,,1
6601,'Dimanche-11',650,,67172,13,,,1,100,,67176,13,,,1,100,,67177,13,,,1,100,,67178,13,,,1,100,,67171,13,,,1,100,,67173,13,,,1,100,,67174,13,,,1,100,,67175,13,,,1,100,,67180,13,,,1,100,,67179,13,,,1,100,,67183,13,,,1,100,,67181,13,,,1,100,,67184,13,,,1,100,,67182,13,,,1,100,,67185,13,,,1,100,,67186,13,,,1,100,,67187,13,,,1,100,,67188,13,,,1
6601,'Semaine-0',540,,64775,13,,,2,60,,64768,13,,,1,18,,64777,13,,,1,21,,64783,13,,,2,20,,64778,13,,,2,61,,64769,13,,,1,23,,64781,13,,,2,59,,64774,13,,,1,18,,64790,13,,,1,21,,64767,13,,,1,59,,64780,13,,,1,18,,64791,13,,,1,20,,64799,13,,,1,102,,64779,13,,,1,100,,64771,13,,,1,100,,64795,13,,,1,100,,64796,13,,,1,100,,64782,13,,,2,62,,64770,13,,,1,19,,64787,13,,,2,19,,64784,13,,,1,64,,64797,13,,,1,22,,64766,13,,,1,19,,64792,13,,,1,60,,64785,13,,,1,20,,64798,13,,,1,18,,64788,13,,,2,64,,64793,13,,,2,20,,64786,13,,,1,18,,64794,13,,,1,60,,64800,13,,,2,54,,64773,13,,,2,100,,64772,13,,,1,95,,64776,13,,,1,100,,64789,13,,,1
6601,'Semaine-10',540,,72705,13,,,2,60,,72698,13,,,1,18,,72707,13,,,1,21,,72713,13,,,2,20,,72708,13,,,2,61,,72699,13,,,1,23,,72711,13,,,2,59,,72704,13,,,1,18,,72720,13,,,1,21,,72697,13,,,1,59,,72710,13,,,1,18,,72721,13,,,1,20,,72729,13,,,1,102,,72709,13,,,1,100,,72701,13,,,1,100,,72725,13,,,1,100,,72726,13,,,1,100,,72712,13,,,2,62,,72700,13,,,1,19,,72717,13,,,2,19,,72714,13,,,1,64,,72727,13,,,1,22,,72696,13,,,1,19,,72722,13,,,1,60,,72715,13,,,1,20,,72728,13,,,1,18,,72718,13,,,2,64,,72723,13,,,2,20,,72716,13,,,1,18,,72724,13,,,1,60,,72730,13,,,2,54,,72703,13,,,2,100,,72702,13,,,1,95,,72706,13,,,1,100,,72719,13,,,1
6601,'Semaine-11',540,,75236,13,,,2,60,,75229,13,,,1,18,,75238,13,,,1,21,,75244,13,,,2,20,,75239,13,,,2,61,,75230,13,,,1,23,,75242,13,,,2,59,,75235,13,,,1,18,,75251,13,,,1,21,,75228,13,,,1,59,,75241,13,,,1,18,,75252,13,,,1,20,,75260,13,,,1,102,,75240,13,,,1,100,,75232,13,,,1,100,,75256,13,,,1,100,,75257,13,,,1,100,,75243,13,,,2,62,,75231,13,,,1,19,,75248,13,,,2,19,,75245,13,,,1,64,,75258,13,,,1,22,,75227,13,,,1,19,,75253,13,,,1,60,,75246,13,,,1,20,,75259,13,,,1,18,,75249,13,,,2,64,,75254,13,,,2,20,,75247,13,,,1,18,,75255,13,,,1,60,,75261,13,,,2,54,,75234,13,,,2,100,,75233,13,,,1,95,,75237,13,,,1,100,,75250,13,,,1
56601,'Semaine-0',647,,65850,11,0,5 6,1
56601,'Semaine-10',647,,73780,11,0,5 6,1
56601,'Semaine-11',647,,76311,11,0,5 6,1
