3201,'Semaine-0',1004,,63681,32,,,1,30,,63674,32,,,1,70,,63677,32,,,1,30,,63670,32,,,1,70,,63680,32,,,1,30,,63675,32,,,1,70,,63682,32,,,1,30,,63664,32,,,1,69,,63669,32,,,1,30,,63676,32,,,1,71,,63687,32,,,1,33,,63704,32,,,1,71,,63705,32,,,2,29,,63706,32,,,1,70,,63707,32,,,1,27,,63708,32,,,2,70,,63709,32,,,1,30,,63667,32,,,1,70,,63665,32,,,2,29,,63678,32,,,2,70,,63673,32,,,1,29,,63668,32,,,1,71,,63666,32,,,2,30,,63679,32,,,1,68,,63672,32,,,1,28,,63699,32,,,1,72,,63698,32,,,1,29,,63700,32,,,1,70,,63701,32,,,1
3401,'Samedi-0',721,,66201,53,,,1,100,,66204,53,,,1,30,,66213,53,,,1,70,,66202,53,,,1,33,,66207,53,,,1,70,,66209,53,,,1,28,,66203,53,,,1,70,,66212,53,,,1,34,,66205,53,,,1,69,,66214,53,,,1,31,,66206,53,,,1,70,,66208,53,,,1,30,,66210,53,,,1,70,,66211,53,,,1,30,,66215,53,,,1,71,,66216,53,,,1,30,,66217,53,,,1,70,,66218,53,,,1,30,,66219,53,,,1,68,,66220,53,,,1,30,,66221,53,,,1,68,,66222,53,,,1,30,,66223,53,,,1,70,,66225,53,,,1,28,,66224,53,,,1,70,,66226,53,,,1,30,,66227,53,,,1,70,,66228,53,,,1,30,,66230,53,,,1,70,,66229,53,,,1,30,,66231,53,,,1,95,,66232,53,,,1
3401,'Dimanche-0',721,,68254,53,,,1,100,,68262,53,,,1,30,,68267,53,,,1,70,,68259,53,,,1,33,,68257,53,,,1,70,,68280,53,,,1,28,,68261,53,,,1,70,,68266,53,,,1,34,,68256,53,,,1,69,,68255,53,,,1,31,,68258,53,,,1,70,,68265,53,,,1,30,,68268,53,,,1,70,,68260,53,,,1,30,,68264,53,,,1,71,,68263,53,,,1,30,,68269,53,,,1,70,,68273,53,,,1,30,,68270,53,,,1,68,,68271,53,,,1,30,,68272,53,,,1,68,,68279,53,,,1,30,,68274,53,,,1,70,,68277,53,,,1,28,,68275,53,,,1,70,,68276,53,,,1,30,,68278,53,,,1,70,,68281,53,,,1,30,,68283,53,,,1,70,,68282,53,,,1,30,,68284,53,,,1,95,,68285,53,,,1
3401,'Dimanche-11',721,,66233,53,,,1,100,,66241,53,,,1,30,,66246,53,,,1,70,,66238,53,,,1,33,,66236,53,,,1,70,,66259,53,,,1,28,,66240,53,,,1,70,,66245,53,,,1,34,,66235,53,,,1,69,,66234,53,,,1,31,,66237,53,,,1,70,,66244,53,,,1,30,,66247,53,,,1,70,,66239,53,,,1,30,,66243,53,,,1,71,,66242,53,,,1,30,,66248,53,,,1,70,,66252,53,,,1,30,,66249,53,,,1,68,,66250,53,,,1,30,,66251,53,,,1,68,,66258,53,,,1,30,,66253,53,,,1,70,,66256,53,,,1,28,,66254,53,,,1,70,,66255,53,,,1,30,,66257,53,,,1,70,,66260,53,,,1,30,,66262,53,,,1,70,,66261,53,,,1,30,,66263,53,,,1,95,,66264,53,,,1
3401,'Semaine-0',1029,,63840,53,,,1,30,,63860,53,,,1,70,,63833,53,,,1,30,,63837,53,,,1,70,,63841,53,,,1,30,,63831,53,,,1,70,,63834,53,,,1,30,,63838,53,,,1,70,,63842,53,,,2,71,,63835,53,,,1,31,,63857,53,,,1,71,,63832,53,,,1,36,,63858,53,,,1,67,,63859,53,,,1,30,,63853,53,,,1,66,,63849,53,,,1,28,,63839,53,,,1,29,,63846,53,,,1,69,,63855,53,,,1,29,,63843,53,,,1,70,,63845,53,,,1,30,,63847,53,,,1,70,,63851,53,,,2,30,,63844,53,,,1,70,,63850,53,,,1,28,,63848,53,,,1,70,,63852,53,,,1,30,,63854,53,,,1
3601,'Semaine-0',1000,,63935,42,,,1,100,,63938,42,,,1,101,,63936,42,,,1,100,,63941,42,,,1,100,,63940,42,,,1,101,,63939,42,,,1
3701,'Samedi-0',708,,66302,34,,,1,100,,66307,34,,,1,100,,66301,34,,,1,102,,66306,34,,,1,100,,66303,34,,,1,100,,66304,34,,,1,100,,66308,34,,,1,102,,66305,34,,,1,100,,66309,34,,,1,100,,66310,34,,,1,100,,66311,34,,,1,98,,66312,34,,,1,100,,66313,34,,,1,100,,66314,34,,,1,100,,66315,34,,,1,97,,66316,34,,,1,100,,66317,34,,,1
3701,'Dimanche-0',708,,68305,34,,,1,100,,68306,34,,,1,100,,68308,34,,,1,102,,68309,34,,,1,100,,68317,34,,,1,100,,68304,34,,,1,100,,68310,34,,,1,102,,68307,34,,,1,100,,68312,34,,,1,100,,68313,34,,,1,100,,68315,34,,,1,98,,68314,34,,,1,100,,68311,34,,,1,100,,68316,34,,,1,100,,68318,34,,,1,97,,68319,34,,,1,100,,68320,34,,,1
3701,'Dimanche-11',708,,66319,34,,,1,100,,66320,34,,,1,100,,66322,34,,,1,102,,66323,34,,,1,100,,66331,34,,,1,100,,66318,34,,,1,100,,66324,34,,,1,102,,66321,34,,,1,100,,66326,34,,,1,100,,66327,34,,,1,100,,66329,34,,,1,98,,66328,34,,,1,100,,66325,34,,,1,100,,66330,34,,,1,100,,66332,34,,,1,97,,66333,34,,,1,100,,66334,34,,,1
3701,'Semaine-0',1041,,63980,34,,,1,100,,63974,34,,,1,100,,63972,34,,,1,100,,63977,34,,,1,102,,63988,34,,,1,101,,63971,34,,,1,70,,63987,34,,,1,31,,63990,34,,,1,69,,63985,34,,,1,29,,63991,34,,,1,69,,63995,34,,,1,45,,63979,34,,,1,99,,63989,34,,,1,100,,63981,34,,,1,102,,63978,34,,,1,90,,63983,34,,,1
5501,'Samedi-0',717,,66775,51,,,1,30,,66778,51,,,1,71,,66777,51,,,1,30,,66787,51,,,1,69,,66776,51,,,1,31,,66779,51,,,1,71,,66780,51,,,1,29,,66786,51,,,1,71,,66782,51,,,1,30,,66783,51,,,1,70,,66781,51,,,1,30,,66789,51,,,1,70,,66788,51,,,1,30,,66784,51,,,1,70,,66785,51,,,1,32,,66790,51,,,1,68,,66791,51,,,1,32,,66792,51,,,1,68,,66793,51,,,1,32,,66794,51,,,1,68,,66795,51,,,1,32,,66796,51,,,1,68,,66797,51,,,1,29,,66798,51,,,1,70,,66799,51,,,1,30,,66800,51,,,1,70,,66801,51,,,1,29,,66802,51,,,1,70,,66803,51,,,1,30,,66805,51,,,1,69,,66804,51,,,1,30,,66807,51,,,1,70,,66806,51,,,1
5501,'Dimanche-0',717,,68542,51,,,1,30,,68546,51,,,1,71,,68544,51,,,1,30,,68549,51,,,1,69,,68551,51,,,1,31,,68545,51,,,1,71,,68541,51,,,1,29,,68555,51,,,1,71,,68550,51,,,1,30,,68557,51,,,1,70,,68548,51,,,1,30,,68547,51,,,1,70,,68553,51,,,1,30,,68543,51,,,1,70,,68552,51,,,1,32,,68556,51,,,1,68,,68561,51,,,1,32,,68554,51,,,1,68,,68560,51,,,1,32,,68563,51,,,1,68,,68558,51,,,1,32,,68559,51,,,1,68,,68565,51,,,1,29,,68567,51,,,1,70,,68564,51,,,1,30,,68562,51,,,1,70,,68566,51,,,1,29,,68568,51,,,1,70,,68569,51,,,1,30,,68570,51,,,1,69,,68571,51,,,1,30,,68572,51,,,1,70,,68573,51,,,1
5501,'Dimanche-11',717,,66809,51,,,1,30,,66813,51,,,1,71,,66811,51,,,1,30,,66816,51,,,1,69,,66818,51,,,1,31,,66812,51,,,1,71,,66808,51,,,1,29,,66822,51,,,1,71,,66817,51,,,1,30,,66824,51,,,1,70,,66815,51,,,1,30,,66814,51,,,1,70,,66820,51,,,1,30,,66810,51,,,1,70,,66819,51,,,1,32,,66823,51,,,1,68,,66828,51,,,1,32,,66821,51,,,1,68,,66827,51,,,1,32,,66830,51,,,1,68,,66825,51,,,1,32,,66826,51,,,1,68,,66832,51,,,1,29,,66834,51,,,1,70,,66831,51,,,1,30,,66829,51,,,1,70,,66833,51,,,1,29,,66835,51,,,1,70,,66836,51,,,1,30,,66837,51,,,1,69,,66838,51,,,1,30,,66839,51,,,1,70,,66840,51,,,1
5501,'Semaine-0',535,,64382,51,,,1,15,,64389,51,,,1,466,,64401,51,,,1,23,,64413,18,,,1,8,,64405,51,,,1,69,,64371,51,,,1,28,,64378,51,,,1,70,,64391,51,,,1,30,,64402,51,,,1,70,,64398,51,,,1,30,,64379,51,,,1,70,,64411,51,,,1,30,,64370,51,,,1,73,,64376,51,,,1,90,,64380,51,,,1,98,,64385,51,,,1,100,,64390,51,,,1,99,,64407,51,,,1,20,,64396,51,,,1,30,,64384,51,,,1,70,,64400,51,,,1,30,,64393,51,,,1,70,,64412,51,,,1,30,,64386,51,,,1,69,,64392,51,,,1,30,,64394,51,,,1,70,,64381,51,,,1,28,,64399,51,,,1,70,,64397,51,,,1
5901,'Samedi-0',732,,66909,40,,,1,70,,66916,40,,,1,30,,66913,40,,,1,70,,66918,40,,,1,30,,66910,40,,,1,70,,66915,40,,,1,31,,66914,40,,,1,70,,66917,40,,,1,30,,66921,40,,,1,71,,66922,40,,,1,30,,66911,40,,,1,70,,66912,40,,,1,30,,66920,40,,,1,70,,66919,40,,,1,30,,66923,40,,,1,70,,66924,40,,,1,30,,66925,40,,,1,70,,66926,40,,,1,30,,66927,40,,,1,70,,66928,40,,,1,30,,66929,40,,,1,70,,66930,40,,,1,30,,66931,40,,,1,68,,66932,40,,,1,31,,66933,40,,,1,71,,66935,40,,,1,30,,66934,40,,,1,68,,66936,40,,,1,30,,66937,40,,,1,70,,66938,40,,,1,30,,66940,40,,,1,70,,66939,40,,,1
5901,'Dimanche-0',732,,68608,40,,,1,70,,68620,40,,,1,30,,68614,40,,,1,70,,68615,40,,,1,30,,68622,40,,,1,70,,68619,40,,,1,31,,68624,40,,,1,70,,68611,40,,,1,30,,68623,40,,,1,71,,68609,40,,,1,30,,68618,40,,,1,70,,68610,40,,,1,30,,68613,40,,,1,70,,68616,40,,,1,30,,68617,40,,,1,70,,68625,40,,,1,30,,68612,40,,,1,70,,68628,40,,,1,30,,68621,40,,,1,70,,68630,40,,,1,30,,68631,40,,,1,70,,68627,40,,,1,30,,68632,40,,,1,68,,68629,40,,,1,31,,68633,40,,,1,71,,68626,40,,,1,30,,68634,40,,,1,68,,68635,40,,,1,30,,68636,40,,,1,70,,68637,40,,,1,30,,68638,40,,,1,70,,68639,40,,,1
5901,'Dimanche-11',732,,66941,40,,,1,70,,66953,40,,,1,30,,66947,40,,,1,70,,66948,40,,,1,30,,66955,40,,,1,70,,66952,40,,,1,31,,66957,40,,,1,70,,66944,40,,,1,30,,66956,40,,,1,71,,66942,40,,,1,30,,66951,40,,,1,70,,66943,40,,,1,30,,66946,40,,,1,70,,66949,40,,,1,30,,66950,40,,,1,70,,66958,40,,,1,30,,66945,40,,,1,70,,66961,40,,,1,30,,66954,40,,,1,70,,66963,40,,,1,30,,66964,40,,,1,70,,66960,40,,,1,30,,66965,40,,,1,68,,66962,40,,,1,31,,66966,40,,,1,71,,66959,40,,,1,30,,66967,40,,,1,68,,66968,40,,,1,30,,66969,40,,,1,70,,66970,40,,,1,30,,66971,40,,,1,70,,66972,40,,,1
5901,'Semaine-0',530,,64498,40,,,1,15,,64534,40,,,1,55,,64507,40,,,1,429,,64535,40,,,1,30,,64522,40,,,1,70,,64504,40,,,1,30,,64515,40,,,1,70,,64518,40,,,1,30,,64503,40,,,1,70,,64532,40,,,1,30,,64494,40,,,1,70,,64536,40,,,1,30,,64526,40,,,1,78,,64529,40,,,1,100,,64533,40,,,1,100,,64513,40,,,1,98,,64520,40,,,1,74,,64525,40,,,1,30,,64512,40,,,1,70,,64519,40,,,1,30,,64524,40,,,1,69,,64531,40,,,1,30,,64509,40,,,1,70,,64527,40,,,1,30,,64517,40,,,1,70,,64500,40,,,1,30,,64510,40,,,1,70,,64523,40,,,1
32901,'Semaine-0',1700,,65575,47,0,7 8,1
37101,'Samedi-0',738,,67752,35,,,1,100,,67751,35,,,1,101,,67755,35,,,1,100,,67754,35,,,1,100,,67756,35,,,1,101,,67753,35,,,1,100,,67757,35,,,1,98,,67758,35,,,1,101,,67759,35,,,1,100,,67760,35,,,1,98,,67761,35,,,1,105,,67762,35,,,1,95,,67763,35,,,1,99,,67764,35,,,1,100,,67765,35,,,1,99,,67766,35,,,1,100,,67767,35,,,1
37101,'Dimanche-0',738,,69042,35,,,1,100,,69031,35,,,1,101,,69032,35,,,1,100,,69029,35,,,1,100,,69034,35,,,1,101,,69030,35,,,1,100,,69033,35,,,1,98,,69036,35,,,1,101,,69035,35,,,1,100,,69037,35,,,1,98,,69041,35,,,1,105,,69040,35,,,1,95,,69038,35,,,1,99,,69039,35,,,1,100,,69043,35,,,1,99,,69044,35,,,1,100,,69045,35,,,1
37101,'Dimanche-11',738,,67781,35,,,1,100,,67770,35,,,1,101,,67771,35,,,1,100,,67768,35,,,1,100,,67773,35,,,1,101,,67769,35,,,1,100,,67772,35,,,1,98,,67775,35,,,1,101,,67774,35,,,1,100,,67776,35,,,1,98,,67780,35,,,1,105,,67779,35,,,1,95,,67777,35,,,1,99,,67778,35,,,1,100,,67782,35,,,1,99,,67783,35,,,1,100,,67784,35,,,1
37101,'Semaine-0',546,,65621,35,,,1,474,,65614,35,,,1,100,,65612,35,,,1,102,,65613,35,,,1,100,,65627,35,,,1,100,,65610,35,,,1,101,,65611,35,,,1,31,,65608,35,,,1,70,,65615,35,,,1,29,,65625,35,,,1,69,,65626,35,,,1,30,,65605,35,,,1,80,,65609,35,,,1,94,,65620,35,,,1,100,,65622,35,,,1,100,,65606,35,,,1,99,,65616,35,,,1,183,,65618,35,,,1
43701,'Semaine-0',1522,,65835,35,0,9 14,1
65501,'Semaine-0',1530,,65873,39,0,9 10,1
72901,'Semaine-0',832,,65878,32,0,5 11,2
