5401,'Semaine-0',649,,64319,2,,,2,96,,64318,2,,,1,104,,64320,2,,,1
5401,'Semaine-10',649,,72249,2,,,2,96,,72248,2,,,1,104,,72250,2,,,1
5401,'Semaine-11',649,,74780,2,,,2,96,,74779,2,,,1,104,,74781,2,,,1
55400,'Semaine-0',645,,65846,2,0,5 6,2
55400,'Semaine-10',645,,73776,2,0,5 6,2
55400,'Semaine-11',645,,76307,2,0,5 6,2
55401,'Semaine-0',1552,,65848,29,0,5 6,1
55401,'Semaine-10',1552,,73778,29,0,5 6,1
55401,'Semaine-11',1552,,76309,29,0,5 6,1
65401,'Semaine-0',702,,65871,2,0,9 10,1
65401,'Semaine-10',702,,73801,2,0,9 10,1
65401,'Semaine-11',702,,76332,2,0,9 10,1
75401,'Semaine-0',703,,65890,2,0,9 18,1
75401,'Semaine-10',703,,73820,2,0,9 18,1
75401,'Semaine-11',703,,76351,2,0,9 18,1
