5501,'Samedi-0',711,,66775,41,,,1,30,,66778,41,,,1,71,,66777,41,,,1,30,,66787,41,,,1,69,,66776,41,,,1,30,,66779,41,,,1,71,,66780,41,,,1,29,,66786,41,,,1,70,,66782,41,,,1,30,,66783,41,,,1,70,,66781,41,,,1,30,,66789,41,,,1,70,,66788,41,,,1,30,,66784,41,,,1,70,,66785,41,,,1,32,,66790,41,,,1,68,,66791,41,,,1,32,,66792,41,,,1,68,,66793,41,,,1,32,,66794,41,,,1,68,,66795,41,,,1,32,,66796,41,,,1,68,,66797,41,,,1,30,,66798,41,,,1,70,,66799,41,,,1,30,,66800,41,,,1,70,,66801,41,,,1,30,,66802,41,,,1,70,,66803,41,,,1,30,,66805,41,,,1,69,,66804,41,,,1,30,,66807,41,,,1,70,,66806,41,,,1
5501,'Dimanche-11',711,,66809,41,,,1,30,,66813,41,,,1,71,,66811,41,,,1,30,,66816,41,,,1,69,,66818,41,,,1,30,,66812,41,,,1,71,,66808,41,,,1,29,,66822,41,,,1,70,,66817,41,,,1,30,,66824,41,,,1,70,,66815,41,,,1,30,,66814,41,,,1,70,,66820,41,,,1,30,,66810,41,,,1,70,,66819,41,,,1,32,,66823,41,,,1,68,,66828,41,,,1,32,,66821,41,,,1,68,,66827,41,,,1,32,,66830,41,,,1,68,,66825,41,,,1,32,,66826,41,,,1,68,,66832,41,,,1,30,,66834,41,,,1,70,,66831,41,,,1,30,,66829,41,,,1,70,,66833,41,,,1,30,,66835,41,,,1,70,,66836,41,,,1,30,,66837,41,,,1,69,,66838,41,,,1,30,,66839,41,,,1,70,,66840,41,,,1
5501,'Semaine-0',529,,64382,41,,,1,14,,64389,41,,,1,464,,64401,41,,,1,23,,64413,8,,,1,8,,64405,41,,,1,69,,64371,41,,,1,29,,64378,41,,,1,70,,64391,41,,,1,30,,64402,41,,,1,70,,64398,41,,,1,30,,64379,41,,,1,70,,64411,41,,,1,31,,64370,41,,,1,71,,64376,41,,,1,49,,64380,41,,,1,100,,64385,41,,,1,100,,64390,41,,,1,100,,64407,41,,,1,60,,64396,41,,,1,30,,64384,41,,,1,70,,64400,41,,,1,30,,64393,41,,,1,70,,64412,41,,,1,30,,64386,41,,,1,69,,64392,41,,,1,31,,64394,41,,,1,70,,64381,41,,,1,28,,64399,41,,,1,70,,64397,41,,,1
5801,'Semaine-0',1642,,64440,29,,,1
5901,'Samedi-0',725,,66909,30,,,1,30,,66916,30,,,1,70,,66913,30,,,1,30,,66918,30,,,1,70,,66910,30,,,1,30,,66915,30,,,1,71,,66914,30,,,1,30,,66917,30,,,1,70,,66921,30,,,1,30,,66922,30,,,1,70,,66911,30,,,1,30,,66912,30,,,1,70,,66920,30,,,1,30,,66919,30,,,1,70,,66923,30,,,1,30,,66924,30,,,1,70,,66925,30,,,1,30,,66926,30,,,1,70,,66927,30,,,1,30,,66928,30,,,1,70,,66929,30,,,1,30,,66930,30,,,1,70,,66931,30,,,1,30,,66932,30,,,1,70,,66933,30,,,1,30,,66935,30,,,1,70,,66934,30,,,1,29,,66936,30,,,1,70,,66937,30,,,1,30,,66938,30,,,1,70,,66940,30,,,1,30,,66939,30,,,1
5901,'Dimanche-11',725,,66941,30,,,1,30,,66953,30,,,1,70,,66947,30,,,1,30,,66948,30,,,1,70,,66955,30,,,1,30,,66952,30,,,1,71,,66957,30,,,1,30,,66944,30,,,1,70,,66956,30,,,1,30,,66942,30,,,1,70,,66951,30,,,1,30,,66943,30,,,1,70,,66946,30,,,1,30,,66949,30,,,1,70,,66950,30,,,1,30,,66958,30,,,1,70,,66945,30,,,1,30,,66961,30,,,1,70,,66954,30,,,1,30,,66963,30,,,1,70,,66964,30,,,1,30,,66960,30,,,1,70,,66965,30,,,1,30,,66962,30,,,1,70,,66966,30,,,1,30,,66959,30,,,1,70,,66967,30,,,1,29,,66968,30,,,1,70,,66969,30,,,1,30,,66970,30,,,1,70,,66971,30,,,1,30,,66972,30,,,1
5901,'Semaine-0',524,,64498,30,,,1,15,,64534,30,,,1,15,,64507,30,,,1,468,,64535,30,,,1,30,,64522,30,,,1,70,,64504,30,,,1,30,,64515,30,,,1,70,,64518,30,,,1,30,,64503,30,,,1,70,,64532,30,,,1,30,,64494,30,,,1,70,,64536,30,,,1,30,,64526,30,,,1,75,,64529,30,,,1,100,,64533,30,,,1,100,,64513,30,,,1,100,,64520,30,,,1,75,,64525,30,,,1,30,,64512,30,,,1,70,,64519,30,,,1,30,,64524,30,,,1,70,,64531,30,,,1,30,,64509,30,,,1,70,,64527,30,,,1,29,,64517,30,,,1,70,,64500,30,,,1,30,,64510,30,,,1,70,,64523,30,,,1
65501,'Semaine-0',1523,,65873,29,0,9 10,1
80000,'Samedi-0',730,,68077,34,,,1,102,,68078,34,,,1,98,,68079,34,,,1,101,,68081,34,,,1,100,,68082,34,,,1,100,,68080,34,,,1,100,,68083,34,,,1,100,,68084,34,,,1,100,,68085,34,,,1,100,,68086,34,,,1,100,,68087,34,,,2,100,,68088,34,,,1,100,,68091,34,,,1,99,,68089,34,,,1,100,,68090,34,,,1,98,,68092,34,,,1,100,,68093,34,,,1
80000,'Dimanche-11',730,,68096,34,,,1,102,,68095,34,,,1,98,,68101,34,,,1,101,,68094,34,,,1,100,,68098,34,,,1,100,,68097,34,,,1,100,,68099,34,,,1,100,,68100,34,,,1,100,,68104,34,,,1,100,,68102,34,,,1,100,,68103,34,,,2,100,,68107,34,,,1,100,,68106,34,,,1,99,,68105,34,,,1,100,,68108,34,,,1,98,,68109,34,,,1,100,,68110,34,,,1
80000,'Semaine-0',927,,65900,34,,,1,30,,65917,34,,,1,70,,65912,34,,,1,29,,65926,34,,,1,70,,65893,34,,,1,30,,65914,34,,,1,70,,65904,34,,,1,31,,65920,34,,,1,69,,65913,34,,,1,30,,65924,34,,,1,71,,65903,34,,,1,29,,65918,34,,,1,73,,65916,34,,,1,30,,65905,34,,,1,72,,65921,34,,,1,28,,65894,34,,,1,70,,65911,34,,,1,30,,65908,34,,,1,69,,65922,34,,,1,29,,65907,34,,,1,71,,65901,34,,,1,28,,65895,34,,,1,71,,65925,34,,,1,28,,65906,34,,,1,68,,65902,34,,,1,30,,65892,34,,,1,69,,65897,34,,,1,30,,65891,34,,,1
