6201,'Semaine-0',528,,64565,26,,,1,30,,64574,26,,,1,70,,64583,26,,,1,30,,64580,26,,,1,70,,64567,26,,,2,72,,64566,26,,,1,29,,64564,26,,,1,99,,64573,26,,,1,100,,64585,26,,,1,100,,64568,26,,,1,100,,64572,26,,,1,100,,64582,26,,,2,102,,64570,26,,,1,100,,64579,26,,,1,72,,64569,26,,,1,28,,64571,26,,,1,70,,64578,26,,,1,30,,64584,26,,,2,70,,64586,26,,,2,58,,64581,26,,,2,100,,64576,26,,,1,100,,64577,26,,,1,100,,64575,26,,,1
6201,'Semaine-10',528,,72495,26,,,1,30,,72504,26,,,1,70,,72513,26,,,1,30,,72510,26,,,1,70,,72497,26,,,2,72,,72496,26,,,1,29,,72494,26,,,1,99,,72503,26,,,1,100,,72515,26,,,1,100,,72498,26,,,1,100,,72502,26,,,1,100,,72512,26,,,2,102,,72500,26,,,1,100,,72509,26,,,1,72,,72499,26,,,1,28,,72501,26,,,1,70,,72508,26,,,1,30,,72514,26,,,2,70,,72516,26,,,2,58,,72511,26,,,2,100,,72506,26,,,1,100,,72507,26,,,1,100,,72505,26,,,1
6201,'Semaine-11',528,,75026,26,,,1,30,,75035,26,,,1,70,,75044,26,,,1,30,,75041,26,,,1,70,,75028,26,,,2,72,,75027,26,,,1,29,,75025,26,,,1,99,,75034,26,,,1,100,,75046,26,,,1,100,,75029,26,,,1,100,,75033,26,,,1,100,,75043,26,,,2,102,,75031,26,,,1,100,,75040,26,,,1,72,,75030,26,,,1,28,,75032,26,,,1,70,,75039,26,,,1,30,,75045,26,,,2,70,,75047,26,,,2,58,,75042,26,,,2,100,,75037,26,,,1,100,,75038,26,,,1,100,,75036,26,,,1
6500,'Samedi-0',652,,67052,8,,,1,100,,67055,8,,,1,100,,67051,8,,,1,100,,67054,8,,,1,100,,67058,8,,,1,100,,67053,8,,,1,100,,67056,8,,,1,100,,67057,8,,,1,100,,67059,8,,,1,100,,67060,8,,,1,100,,67061,8,,,1,100,,67062,8,,,1,100,,67063,8,,,1,100,,67064,8,,,1,100,,67065,8,,,1,100,,67066,8,,,1,100,,67067,8,,,1
6500,'Samedi-10',652,,76983,8,,,1,100,,76986,8,,,1,100,,76982,8,,,1,100,,76985,8,,,1,100,,76989,8,,,1,100,,76984,8,,,1,100,,76987,8,,,1,100,,76988,8,,,1,100,,76990,8,,,1,100,,76991,8,,,1,100,,76992,8,,,1,100,,76993,8,,,1,100,,76994,8,,,1,100,,76995,8,,,1,100,,76996,8,,,1,100,,76997,8,,,1,100,,76998,8,,,1
6500,'Samedi-11',652,,70838,8,,,1,100,,70841,8,,,1,100,,70837,8,,,1,100,,70840,8,,,1,100,,70844,8,,,1,100,,70839,8,,,1,100,,70842,8,,,1,100,,70843,8,,,1,100,,70845,8,,,1,100,,70846,8,,,1,100,,70847,8,,,1,100,,70848,8,,,1,100,,70849,8,,,1,100,,70850,8,,,1,100,,70851,8,,,1,100,,70852,8,,,1,100,,70853,8,,,1
6500,'Dimanche-0',652,,68682,8,,,1,100,,68685,8,,,1,100,,68680,8,,,1,100,,68681,8,,,1,100,,68688,8,,,1,100,,68686,8,,,1,100,,68679,8,,,1,100,,68683,8,,,1,100,,68684,8,,,1,100,,68689,8,,,1,100,,68687,8,,,1,100,,68691,8,,,1,100,,68692,8,,,1,100,,68690,8,,,1,100,,68693,8,,,1,100,,68694,8,,,1,100,,68695,8,,,1
6500,'Dimanche-10',652,,69761,8,,,1,100,,69764,8,,,1,100,,69759,8,,,1,100,,69760,8,,,1,100,,69767,8,,,1,100,,69765,8,,,1,100,,69758,8,,,1,100,,69762,8,,,1,100,,69763,8,,,1,100,,69768,8,,,1,100,,69766,8,,,1,100,,69770,8,,,1,100,,69771,8,,,1,100,,69769,8,,,1,100,,69772,8,,,1,100,,69773,8,,,1,100,,69774,8,,,1
6500,'Dimanche-11',652,,67071,8,,,1,100,,67074,8,,,1,100,,67069,8,,,1,100,,67070,8,,,1,100,,67077,8,,,1,100,,67075,8,,,1,100,,67068,8,,,1,100,,67072,8,,,1,100,,67073,8,,,1,100,,67078,8,,,1,100,,67076,8,,,1,100,,67080,8,,,1,100,,67081,8,,,1,100,,67079,8,,,1,100,,67082,8,,,1,100,,67083,8,,,1,100,,67084,8,,,1
6500,'Semaine-0',517,,64681,8,,,1,30,,64677,8,,,1,70,,64668,8,,,1,20,,64694,8,,,1,20,,64667,8,,,1,58,,64671,8,,,1,23,,64693,8,,,1,62,,64699,8,,,1,17,,64676,8,,,2,21,,64675,8,,,2,19,,64669,8,,,1,60,,64672,8,,,1,30,,64674,8,,,1,100,,64670,8,,,1,100,,64673,8,,,1,100,,64701,8,,,1,100,,64686,8,,,1,100,,64700,8,,,1,68,,64687,8,,,1,19,,64685,8,,,1,24,,64684,8,,,1,59,,64691,8,,,2,18,,64689,8,,,1,22,,64683,8,,,1,60,,64688,8,,,2,19,,64682,8,,,2,21,,64679,8,,,1,59,,64697,8,,,2,20,,64678,8,,,2,70,,64698,8,,,2,30,,64696,8,,,1,100,,64690,8,,,1,100,,64680,8,,,1,100,,64692,8,,,1,100,,64695,8,,,1
6500,'Semaine-10',517,,72611,8,,,1,30,,72607,8,,,1,70,,72598,8,,,1,20,,72624,8,,,1,20,,72597,8,,,1,58,,72601,8,,,1,23,,72623,8,,,1,62,,72629,8,,,1,17,,72606,8,,,2,21,,72605,8,,,2,19,,72599,8,,,1,60,,72602,8,,,1,30,,72604,8,,,1,100,,72600,8,,,1,100,,72603,8,,,1,100,,72631,8,,,1,100,,72616,8,,,1,100,,72630,8,,,1,68,,72617,8,,,1,19,,72615,8,,,1,24,,72614,8,,,1,59,,72621,8,,,2,18,,72619,8,,,1,22,,72613,8,,,1,60,,72618,8,,,2,19,,72612,8,,,2,21,,72609,8,,,1,59,,72627,8,,,2,20,,72608,8,,,2,70,,72628,8,,,2,30,,72626,8,,,1,100,,72620,8,,,1,100,,72610,8,,,1,100,,72622,8,,,1,100,,72625,8,,,1
6500,'Semaine-11',517,,75142,8,,,1,30,,75138,8,,,1,70,,75129,8,,,1,20,,75155,8,,,1,20,,75128,8,,,1,58,,75132,8,,,1,23,,75154,8,,,1,62,,75160,8,,,1,17,,75137,8,,,2,21,,75136,8,,,2,19,,75130,8,,,1,60,,75133,8,,,1,30,,75135,8,,,1,100,,75131,8,,,1,100,,75134,8,,,1,100,,75162,8,,,1,100,,75147,8,,,1,100,,75161,8,,,1,68,,75148,8,,,1,19,,75146,8,,,1,24,,75145,8,,,1,59,,75152,8,,,2,18,,75150,8,,,1,22,,75144,8,,,1,60,,75149,8,,,2,19,,75143,8,,,2,21,,75140,8,,,1,59,,75158,8,,,2,20,,75139,8,,,2,70,,75159,8,,,2,30,,75157,8,,,1,100,,75151,8,,,1,100,,75141,8,,,1,100,,75153,8,,,1,100,,75156,8,,,1
57100,'Semaine-0',1544,,65853,31,0,5 6,1
57100,'Semaine-10',1544,,73783,31,0,5 6,1
57100,'Semaine-11',1544,,76314,31,0,5 6,1
