3301,'Samedi-0',722,,66097,24,,,1,100,,66098,24,,,1,100,,66099,24,,,1,100,,66100,24,,,1,99,,66101,24,,,1,101,,66102,24,,,1,100,,66103,24,,,1,100,,66104,24,,,1,101,,66105,24,,,1,99,,66106,24,,,1,100,,66107,24,,,1,98,,66108,24,,,1,100,,66109,24,,,1,100,,66110,24,,,1,100,,66111,24,,,1,100,,66112,24,,,1,100,,66113,24,,,1,100,,66114,24,,,1
3301,'Dimanche-0',722,,68206,24,,,1,100,,68207,24,,,1,100,,68215,24,,,1,100,,68208,24,,,1,99,,68203,24,,,1,101,,68204,24,,,1,100,,68202,24,,,1,100,,68205,24,,,1,101,,68209,24,,,1,99,,68210,24,,,1,100,,68212,24,,,1,98,,68214,24,,,1,100,,68213,24,,,1,100,,68211,24,,,1,100,,68216,24,,,1,100,,68217,24,,,1,100,,68218,24,,,1,100,,68219,24,,,1
3301,'Dimanche-11',722,,66119,24,,,1,100,,66120,24,,,1,100,,66128,24,,,1,100,,66121,24,,,1,99,,66116,24,,,1,101,,66117,24,,,1,100,,66115,24,,,1,100,,66118,24,,,1,101,,66122,24,,,1,99,,66123,24,,,1,100,,66125,24,,,1,98,,66127,24,,,1,100,,66126,24,,,1,100,,66124,24,,,1,100,,66129,24,,,1,100,,66130,24,,,1,100,,66131,24,,,1,100,,66132,24,,,1
3301,'Semaine-0',608,,63781,24,,,1,20,,63789,24,,,1,18,,63766,24,,,1,55,,63786,24,,,1,19,,63782,24,,,1,10,,63777,24,,,1,11,,63797,24,,,1,13,,63795,24,,,1,55,,63784,24,,,1,12,,63772,24,,,1,11,,63788,24,,,1,14,,63762,24,,,1,70,,63774,24,,,1,31,,63780,24,,,1,70,,63770,24,,,1,30,,63791,24,,,1,70,,63775,24,,,1,30,,63767,24,,,1,70,,63769,24,,,1,16,,63787,24,,,1,15,,63796,24,,,1,66,,63778,24,,,1,28,,63768,24,,,1,70,,63773,24,,,1,32,,63776,24,,,1,61,,63798,24,,,1,19,,63779,24,,,1,18,,63783,24,,,1,63,,63764,24,,,1,20,,63794,24,,,1,21,,63771,24,,,1,67,,63761,24,,,1,31,,63758,24,,,1,73,,63792,24,,,1,30,,63765,24,,,1,70,,63760,24,,,1,100,,63763,24,,,1,33,,63785,24,,,1,101,,63790,24,,,2,100,,63759,24,,,1,100,,63793,24,,,1
4901,'Samedi-0',714,,66600,6,,,1,100,,66599,6,,,1,100,,66601,6,,,1,100,,66597,6,,,1,100,,66602,6,,,1,100,,66598,6,,,1,100,,66603,6,,,1,100,,66604,6,,,1,100,,66605,6,,,1,100,,66606,6,,,1,100,,66607,6,,,1,100,,66608,6,,,1,100,,66609,6,,,1,100,,66610,6,,,1,100,,66611,6,,,1,100,,66612,6,,,1,100,,66613,6,,,1
4901,'Dimanche-0',714,,68465,6,,,1,100,,68454,6,,,1,100,,68464,6,,,1,100,,68457,6,,,1,100,,68453,6,,,1,100,,68452,6,,,1,100,,68455,6,,,1,100,,68456,6,,,1,100,,68459,6,,,1,100,,68458,6,,,1,100,,68462,6,,,1,100,,68461,6,,,1,100,,68463,6,,,1,100,,68460,6,,,1,100,,68466,6,,,1,100,,68467,6,,,1,100,,68468,6,,,1
4901,'Dimanche-11',714,,66627,6,,,1,100,,66616,6,,,1,100,,66626,6,,,1,100,,66619,6,,,1,100,,66615,6,,,1,100,,66614,6,,,1,100,,66617,6,,,1,100,,66618,6,,,1,100,,66621,6,,,1,100,,66620,6,,,1,100,,66624,6,,,1,100,,66623,6,,,1,100,,66625,6,,,1,100,,66622,6,,,1,100,,66628,6,,,1,100,,66629,6,,,1,100,,66630,6,,,1
4901,'Semaine-0',554,,64243,6,,,1,86,,64248,6,,,1,70,,64264,6,,,1,30,,64260,6,,,1,70,,64258,6,,,1,29,,64268,6,,,1,70,,64250,6,,,1,30,,64266,6,,,1,70,,64262,6,,,1,30,,64237,6,,,1,70,,64259,6,,,1,30,,64238,6,,,1,70,,64244,6,,,1,30,,64246,6,,,1,70,,64251,6,,,1,29,,64267,6,,,1,71,,64249,6,,,1,30,,64269,6,,,1,61,,64265,6,,,1,10,,64252,6,,,1,15,,64239,6,,,1,15,,64255,6,,,1,70,,64245,6,,,1,30,,64247,6,,,1,69,,64263,6,,,1,30,,64257,6,,,1,70,,64261,6,,,1,95,,64240,6,,,1,40,,64256,6,,,1,101,,64254,6,,,1,99,,64241,6,,,1,100,,64253,6,,,1,100,,64242,6,,,1
5001,'Semaine-0',1611,,64276,6,,,1,100,,64278,6,,,1,99,,64277,6,,,2
5601,'Semaine-0',1214,,64428,6,,,1,100,,64425,6,,,1,100,,64424,6,,,1,100,,64427,6,,,2,103,,64426,6,,,1,98,,64429,6,,,1,99,,64430,6,,,1
42501,'Semaine-0',1501,,65819,7,0,9 14,1
42601,'Semaine-0',1503,,65822,7,0,9 14,1
42901,'Semaine-0',1502,,65825,7,0,9 14,1
44901,'Semaine-0',1502,,65837,7,0,9 14,1
56601,'Semaine-0',726,,65850,58,0,5 6,1
83301,'Semaine-0',748,,65984,6,0,9 12 13,1
