3101,'Samedi-0',704,,66025,27,,,1,100,,66026,27,,,1,100,,66027,27,,,1,101,,66028,27,,,1,100,,66029,27,,,1,100,,66030,27,,,1,100,,66031,27,,,1,100,,66032,27,,,1,100,,66033,27,,,1,100,,66034,27,,,1,100,,66035,27,,,1,100,,66036,27,,,1,99,,66037,27,,,1,98,,66038,27,,,1,100,,66039,27,,,1,100,,66040,27,,,1,100,,66041,27,,,1,100,,66042,27,,,1
3101,'Samedi-11',704,,70324,27,,,1,100,,70325,27,,,1,100,,70326,27,,,1,101,,70327,27,,,1,100,,70328,27,,,1,100,,70329,27,,,1,100,,70330,27,,,1,100,,70331,27,,,1,100,,70332,27,,,1,100,,70333,27,,,1,100,,70334,27,,,1,100,,70335,27,,,1,99,,70336,27,,,1,98,,70337,27,,,1,100,,70338,27,,,1,100,,70339,27,,,1,100,,70340,27,,,1,100,,70341,27,,,1
3101,'Dimanche-0',704,,68167,27,,,1,100,,68172,27,,,1,100,,68179,27,,,1,101,,68169,27,,,1,100,,68171,27,,,1,100,,68168,27,,,1,100,,68170,27,,,1,100,,68166,27,,,1,100,,68173,27,,,1,100,,68176,27,,,1,100,,68175,27,,,1,100,,68174,27,,,1,99,,68178,27,,,1,98,,68177,27,,,1,100,,68180,27,,,1,100,,68181,27,,,1,100,,68182,27,,,1,100,,68183,27,,,1
3101,'Dimanche-10',704,,69246,27,,,1,100,,69251,27,,,1,100,,69258,27,,,1,101,,69248,27,,,1,100,,69250,27,,,1,100,,69247,27,,,1,100,,69249,27,,,1,100,,69245,27,,,1,100,,69252,27,,,1,100,,69255,27,,,1,100,,69254,27,,,1,100,,69253,27,,,1,99,,69257,27,,,1,98,,69256,27,,,1,100,,69259,27,,,1,100,,69260,27,,,1,100,,69261,27,,,1,100,,69262,27,,,1
3101,'Dimanche-11',704,,66044,27,,,1,100,,66049,27,,,1,100,,66056,27,,,1,101,,66046,27,,,1,100,,66048,27,,,1,100,,66045,27,,,1,100,,66047,27,,,1,100,,66043,27,,,1,100,,66050,27,,,1,100,,66053,27,,,1,100,,66052,27,,,1,100,,66051,27,,,1,99,,66055,27,,,1,98,,66054,27,,,1,100,,66057,27,,,1,100,,66058,27,,,1,100,,66059,27,,,1,100,,66060,27,,,1
3101,'Semaine-0',543,,63574,27,,,1,76,,63608,27,,,1,33,,63588,27,,,1,73,,63575,27,,,1,16,,63611,27,,,1,17,,63571,27,,,1,55,,63613,27,,,1,11,,63585,27,,,1,15,,63586,27,,,1,14,,63605,27,,,1,55,,63576,27,,,1,19,,63578,27,,,1,20,,63603,27,,,1,60,,63595,27,,,1,21,,63604,27,,,1,20,,63577,27,,,1,60,,63579,27,,,1,20,,63599,27,,,1,20,,63609,27,,,1,60,,63598,27,,,1,20,,63580,27,,,1,20,,63572,27,,,1,60,,63602,27,,,1,20,,63612,27,,,1,20,,63597,27,,,1,60,,63581,27,,,1,17,,63600,27,,,1,23,,63601,27,,,1,61,,63610,27,,,1,22,,63596,27,,,1,19,,63582,27,,,1,63,,63593,27,,,1,20,,63594,27,,,1,20,,63583,27,,,1,59,,63589,27,,,1,20,,63573,27,,,1,19,,63606,27,,,1,58,,63614,27,,,1,24,,63584,27,,,1,98,,63607,27,,,1,100,,63590,27,,,1,100,,63587,27,,,1,98,,63591,27,,,1,100,,63592,27,,,1
3101,'Semaine-10',543,,71504,27,,,1,76,,71538,27,,,1,33,,71518,27,,,1,73,,71505,27,,,1,16,,71541,27,,,1,17,,71501,27,,,1,55,,71543,27,,,1,11,,71515,27,,,1,15,,71516,27,,,1,14,,71535,27,,,1,55,,71506,27,,,1,19,,71508,27,,,1,20,,71533,27,,,1,60,,71525,27,,,1,21,,71534,27,,,1,20,,71507,27,,,1,60,,71509,27,,,1,20,,71529,27,,,1,20,,71539,27,,,1,60,,71528,27,,,1,20,,71510,27,,,1,20,,71502,27,,,1,60,,71532,27,,,1,20,,71542,27,,,1,20,,71527,27,,,1,60,,71511,27,,,1,17,,71530,27,,,1,23,,71531,27,,,1,61,,71540,27,,,1,22,,71526,27,,,1,19,,71512,27,,,1,63,,71523,27,,,1,20,,71524,27,,,1,20,,71513,27,,,1,59,,71519,27,,,1,20,,71503,27,,,1,19,,71536,27,,,1,58,,71544,27,,,1,24,,71514,27,,,1,98,,71537,27,,,1,100,,71520,27,,,1,100,,71517,27,,,1,98,,71521,27,,,1,100,,71522,27,,,1
3101,'Semaine-11',543,,74035,27,,,1,76,,74069,27,,,1,33,,74049,27,,,1,73,,74036,27,,,1,16,,74072,27,,,1,17,,74032,27,,,1,55,,74074,27,,,1,11,,74046,27,,,1,15,,74047,27,,,1,14,,74066,27,,,1,55,,74037,27,,,1,19,,74039,27,,,1,20,,74064,27,,,1,60,,74056,27,,,1,21,,74065,27,,,1,20,,74038,27,,,1,60,,74040,27,,,1,20,,74060,27,,,1,20,,74070,27,,,1,60,,74059,27,,,1,20,,74041,27,,,1,20,,74033,27,,,1,60,,74063,27,,,1,20,,74073,27,,,1,20,,74058,27,,,1,60,,74042,27,,,1,17,,74061,27,,,1,23,,74062,27,,,1,61,,74071,27,,,1,22,,74057,27,,,1,19,,74043,27,,,1,63,,74054,27,,,1,20,,74055,27,,,1,20,,74044,27,,,1,59,,74050,27,,,1,20,,74034,27,,,1,19,,74067,27,,,1,58,,74075,27,,,1,24,,74045,27,,,1,98,,74068,27,,,1,100,,74051,27,,,1,100,,74048,27,,,1,98,,74052,27,,,1,100,,74053,27,,,1
57100,'Semaine-0',1526,,65853,11,0,5 6,1
57100,'Semaine-10',1526,,73783,11,0,5 6,1
57100,'Semaine-11',1526,,76314,11,0,5 6,1
86700,'Semaine-0',1521,,65985,2,0,9 12 13,1
86700,'Semaine-10',1521,,73915,2,0,9 12 13,1
86700,'Semaine-11',1521,,76448,2,0,9 12 13,1
