2801,'Semaine-0',633,,63517,2,,,1,73,,63518,2,,,2,100,,63516,2,,,2
3300,'Semaine-0',635,,63741,23,,,1,20,,63740,23,,,1,59,,63747,23,,,1,34,,63720,23,,,1,53,,63734,23,,,1,21,,63742,23,,,1,16,,63755,23,,,1,17,,63748,23,,,1,68,,63732,23,,,1,28,,63750,23,,,1,71,,63735,23,,,1,78,,63725,23,,,1,21,,63744,23,,,1,20,,63730,23,,,1,60,,63737,23,,,1,20,,63726,23,,,1,22,,63752,23,,,1,58,,63733,23,,,1,20,,63754,23,,,1,32,,63739,23,,,1,70,,63727,23,,,1,20,,63749,23,,,1,60,,63745,23,,,1,20,,63738,23,,,1,23,,63717,23,,,1,61,,63729,23,,,1,12,,63736,23,,,1,14,,63753,23,,,1,17,,63751,23,,,1,65,,63746,23,,,1,20,,63724,23,,,1,19,,63723,23,,,1,55,,63728,23,,,1,18,,63716,23,,,1,18,,63721,23,,,1,81,,63756,23,,,1,33,,63731,23,,,1,98,,63722,23,,,1,102,,63718,23,,,1,100,,63743,23,,,2,100,,63757,23,,,1,143,,63719,23,,,1
3901,'Semaine-0',643,,64138,24,,,1,66,,64127,24,,,1,37,,64128,24,,,1,73,,64124,24,,,1,32,,64130,24,,,1,70,,64132,24,,,2,30,,64139,24,,,1,70,,64150,24,,,1,30,,64145,24,,,2,70,,64140,24,,,1,30,,64125,24,,,1,71,,64134,24,,,1,31,,64141,24,,,1,69,,64126,24,,,2,30,,64123,24,,,1,74,,64142,24,,,1,29,,64135,24,,,1,71,,64116,24,,,1,31,,64143,24,,,2,69,,64121,24,,,1,31,,64118,24,,,1,70,,64146,24,,,1,27,,64131,24,,,1,72,,64137,24,,,2,30,,64122,24,,,2,72,,64144,24,,,1,25,,64117,24,,,2,66,,64147,24,,,1,30,,64120,24,,,1,70,,64136,24,,,1,32,,64148,24,,,1,70,,64119,24,,,1,32,,64129,24,,,1,70,,64149,24,,,1,30,,64133,24,,,1
4800,'Semaine-0',1723,,64196,14,,,1
4900,'Semaine-0',705,,64225,52,,,1,17,,64220,39,,,1,3,,64232,39,,,1,4,,64208,39,,,1,6,,64231,39,,,1,4,,64236,52,,,1,4,,64235,39,,,1,4,,64234,39,,,1,5,,64233,39,,,1,60,,64228,52,,,1,25,,64224,39,,,1,1,,64229,52,,,1,72,,64223,52,,,1,30,,64218,52,,,1,68,,64210,52,,,1,31,,64230,52,,,1,73,,64226,52,,,1,30,,64221,52,,,1,70,,64198,52,,,1,30,,64219,52,,,1,70,,64200,52,,,1,30,,64205,52,,,1,70,,64207,52,,,1,30,,64211,52,,,1,70,,64227,52,,,1,38,,64209,52,,,1,70,,64212,52,,,1,30,,64203,52,,,1,70,,64215,52,,,1,30,,64206,52,,,1,67,,64204,52,,,1,30,,64222,52,,,1,66,,64216,52,,,1,95,,64199,52,,,1,99,,64217,52,,,1,101,,64214,52,,,1,97,,64201,52,,,1,97,,64213,52,,,1,100,,64202,52,,,1
32500,'Semaine-0',1628,,65569,21,0,7 8,1
32600,'Semaine-0',1629,,65572,21,0,7 8,1
32901,'Semaine-0',1637,,65575,26,0,7 8,1
56600,'Semaine-0',1520,,65849,3,0,5 6,1
73300,'Semaine-0',1632,,65879,20,,,1
82600,'Semaine-0',1530,,65967,11,0,9 12 13,1
83300,'Semaine-0',1534,,65983,10,0,9 12 13,1
