1800,'Semaine-0',1249,,63459,12,,,1,278,,63458,12,,,2,103,,63461,12,,,1,26,,63460,12,,,1
2601,'Semaine-0',612,,63500,31,,,1,31,,63502,31,,,2,70,,63503,31,,,2,30,,63501,31,,,1,69,,63499,31,,,2
2901,'Semaine-0',725,,63524,17,,,2,30,,63527,17,,,1,70,,63525,17,,,1,31,,63526,17,,,2
3201,'Semaine-0',528,,63711,29,,,1,20,,63710,29,,,1,60,,63702,29,,,1,22,,63712,29,,,2,10,,63692,29,,,1,8,,63713,29,,,1,11,,63693,29,,,1,50,,63694,29,,,1,8,,63686,29,,,1,11,,63689,29,,,1,8,,63715,29,,,1,8,,63695,29,,,1,8,,63690,29,,,1,49,,63703,29,,,1,8,,63685,29,,,1,8,,63696,29,,,1,8,,63714,29,,,2,8,,63684,29,,,1,10,,63683,29,,,1,10,,63688,29,,,1,48,,63691,29,,,1,9,,63697,29,,,1,22,,63671,29,,,2,69,,63681,29,,,1,30,,63674,29,,,1,70,,63677,29,,,1,30,,63670,29,,,1,70,,63680,29,,,1,30,,63675,29,,,1,70,,63682,29,,,1,30,,63664,29,,,1,69,,63669,29,,,1,30,,63676,29,,,1,71,,63687,29,,,1,32,,63704,29,,,1,71,,63705,29,,,2,29,,63706,29,,,1,70,,63707,29,,,1,28,,63708,29,,,2,70,,63709,29,,,1,30,,63667,29,,,1,70,,63665,29,,,2,29,,63678,29,,,2,70,,63673,29,,,1,29,,63668,29,,,1,71,,63666,29,,,2,30,,63679,29,,,1,28,,63672,29,,,1,68,,63699,29,,,1,32,,63698,29,,,1,69,,63700,29,,,1,30,,63701,29,,,1
3401,'Semaine-0',925,,63856,50,,,1,31,,63836,50,,,2,70,,63840,50,,,1,30,,63860,50,,,1,70,,63833,50,,,1,30,,63837,50,,,1,70,,63841,50,,,1,30,,63831,50,,,1,70,,63834,50,,,1,30,,63838,50,,,1,70,,63842,50,,,2,31,,63835,50,,,1,70,,63857,50,,,1,31,,63832,50,,,1,76,,63858,50,,,1,67,,63859,50,,,1,29,,63853,50,,,1,27,,63849,50,,,1,69,,63839,50,,,1,29,,63846,50,,,1,69,,63855,50,,,1,29,,63843,50,,,1,70,,63845,50,,,1,30,,63847,50,,,1,70,,63851,50,,,2,30,,63844,50,,,1,70,,63850,50,,,1,28,,63848,50,,,1,70,,63852,50,,,1,30,,63854,50,,,1
4001,'Semaine-0',630,,64160,49,,,1,70,,64159,49,,,1,33,,64162,49,,,1,74,,64158,49,,,2,25,,64157,49,,,1,68,,64161,49,,,1
4101,'Semaine-0',652,,64170,40,,,1,73,,64171,40,,,1,76,,64172,40,,,1,26,,64169,40,,,2,28,,64168,40,,,1
4501,'Semaine-0',619,,64184,43,,,1,30,,64183,43,,,1,74,,64187,43,,,2,30,,64186,43,,,1,72,,64185,43,,,1,28,,64188,43,,,1
4701,'Semaine-0',631,,64194,36,,,2,87,,64193,36,,,1,90,,64192,36,,,1,27,,64195,36,,,1
5501,'Semaine-0',532,,64382,48,,,1,15,,64389,48,,,1,54,,64388,47,,,1,18,,64372,47,,,1,15,,64410,47,,,1,22,,64409,47,,,1,48,,64369,47,,,1,14,,64414,47,,,1,15,,64395,47,,,1,15,,64403,47,,,1,56,,64373,47,,,1,8,,64377,47,,,1,12,,64375,47,,,1,9,,64404,47,,,1,4,,64406,47,,,1,14,,64383,47,,,1,68,,64387,47,,,1,12,,64374,47,,,1,11,,64408,47,,,1,70,,64401,48,,,1,23,,64413,15,,,1,8,,64405,48,,,1,69,,64371,48,,,1,29,,64378,48,,,1,70,,64391,48,,,1,30,,64402,48,,,1,70,,64398,48,,,1,30,,64379,48,,,1,70,,64411,48,,,1,30,,64370,48,,,1,72,,64376,48,,,1,90,,64380,48,,,1,98,,64385,48,,,1,100,,64390,48,,,1,100,,64407,48,,,1,20,,64396,48,,,1,30,,64384,48,,,1,70,,64400,48,,,1,30,,64393,48,,,1,70,,64412,48,,,1,30,,64386,48,,,1,69,,64392,48,,,1,30,,64394,48,,,1,70,,64381,48,,,1,28,,64399,48,,,1,70,,64397,48,,,1
5901,'Semaine-0',527,,64498,37,,,1,15,,64534,37,,,1,15,,64507,37,,,1,55,,64528,36,,,1,17,,64508,36,,,1,14,,64497,36,,,1,13,,64499,36,,,1,55,,64502,36,,,1,11,,64537,14,,,1,8,,64505,36,,,1,7,,64538,14,,,1,8,,64506,36,,,1,7,,64539,14,,,1,51,,64501,36,,,1,7,,64495,14,,,1,5,,64530,36,,,1,19,,64516,36,,,1,11,,64521,36,,,1,13,,64511,36,,,1,55,,64496,36,,,1,16,,64514,36,,,1,27,,64540,36,,,1,70,,64535,37,,,1,30,,64522,37,,,1,70,,64504,37,,,1,30,,64515,37,,,1,70,,64518,37,,,1,30,,64503,37,,,1,70,,64532,37,,,1,30,,64494,37,,,1,70,,64536,37,,,1,30,,64526,37,,,1,76,,64529,37,,,1,100,,64533,37,,,1,100,,64513,37,,,1,99,,64520,37,,,1,75,,64525,37,,,1,30,,64512,37,,,1,70,,64519,37,,,1,30,,64524,37,,,1,69,,64531,37,,,1,30,,64509,37,,,1,70,,64527,37,,,1,30,,64517,37,,,1,70,,64500,37,,,1,30,,64510,37,,,1,70,,64523,37,,,1
32901,'Semaine-0',1657,,65575,44,0,7 8,1
65501,'Semaine-0',1527,,65873,36,0,9 10,1
72901,'Semaine-0',827,,65878,29,0,5 11,2
74001,'Semaine-0',834,,65882,50,0,5 11,2,2,,65883,50,0,5 11,1
80000,'Semaine-0',610,,65923,40,,,1,32,,65909,40,,,1,71,,65899,40,,,1,15,,65898,40,,,1,17,,65919,40,,,1,70,,65910,40,,,1,18,,65896,40,,,1,68,,65915,40,,,1,30,,65900,41,,,1,70,,65917,41,,,1,30,,65912,41,,,1,70,,65926,41,,,1,30,,65893,41,,,1,69,,65914,41,,,1,30,,65904,41,,,1,71,,65920,41,,,1,29,,65913,41,,,1,70,,65924,41,,,1,32,,65903,41,,,1,68,,65918,41,,,1,34,,65916,41,,,1,72,,65905,41,,,1,31,,65921,41,,,1,68,,65894,41,,,1,30,,65911,41,,,1,70,,65908,41,,,1,28,,65922,41,,,1,68,,65907,41,,,1,31,,65901,41,,,1,69,,65895,41,,,1,30,,65925,41,,,1,28,,65906,41,,,1,68,,65902,41,,,1,29,,65892,41,,,1,69,,65897,41,,,1,30,,65891,41,,,1
82901,'Semaine-0',801,,65975,17,0,9 12 13,1,1,,65976,17,0,9 12 13,1,1,,65977,17,0,9 12 13,2
