6401,'Samedi-0',728,,67032,23,,,1,100,,67029,23,,,1,100,,67031,23,,,1,100,,67034,23,,,1,100,,67030,23,,,1,100,,67035,23,,,1,100,,67033,23,,,1,100,,67036,23,,,1,100,,67037,23,,,1,100,,67038,23,,,1,100,,67039,23,,,1
6401,'Samedi-11',728,,70829,23,,,1,100,,70826,23,,,1,100,,70828,23,,,1,100,,70831,23,,,1,100,,70827,23,,,1,100,,70832,23,,,1,100,,70830,23,,,1,100,,70833,23,,,1,100,,70834,23,,,1,100,,70835,23,,,1,100,,70836,23,,,1
6401,'Dimanche-0',728,,68672,23,,,1,100,,68669,23,,,1,100,,68675,23,,,1,100,,68676,23,,,1,100,,68673,23,,,1,100,,68668,23,,,1,100,,68670,23,,,1,100,,68671,23,,,1,100,,68677,23,,,1,100,,68674,23,,,1,100,,68678,23,,,1
6401,'Dimanche-10',728,,69751,23,,,1,100,,69748,23,,,1,100,,69754,23,,,1,100,,69755,23,,,1,100,,69752,23,,,1,100,,69747,23,,,1,100,,69749,23,,,1,100,,69750,23,,,1,100,,69756,23,,,1,100,,69753,23,,,1,100,,69757,23,,,1
6401,'Dimanche-11',728,,67044,23,,,1,100,,67041,23,,,1,100,,67047,23,,,1,100,,67048,23,,,1,100,,67045,23,,,1,100,,67040,23,,,1,100,,67042,23,,,1,100,,67043,23,,,1,100,,67049,23,,,1,100,,67046,23,,,1,100,,67050,23,,,1
6401,'Semaine-0',528,,64649,23,,,2,108,,64659,23,,,2,100,,64661,23,,,1,100,,64658,23,,,1,95,,64666,23,,,1,100,,64653,23,,,1,100,,64652,23,,,1,100,,64664,23,,,1,100,,64660,23,,,2,100,,64662,23,,,1,100,,64663,23,,,1,102,,64654,23,,,1,98,,64650,23,,,1,100,,64651,23,,,1,98,,64657,23,,,1,100,,64655,23,,,1,100,,64656,23,,,1,100,,64665,23,,,1
6401,'Semaine-10',528,,72579,23,,,2,108,,72589,23,,,2,100,,72591,23,,,1,100,,72588,23,,,1,95,,72596,23,,,1,100,,72583,23,,,1,100,,72582,23,,,1,100,,72594,23,,,1,100,,72590,23,,,2,100,,72592,23,,,1,100,,72593,23,,,1,102,,72584,23,,,1,98,,72580,23,,,1,100,,72581,23,,,1,98,,72587,23,,,1,100,,72585,23,,,1,100,,72586,23,,,1,100,,72595,23,,,1
6601,'Samedi-0',655,,67153,25,,,1,100,,67155,25,,,1,100,,67159,25,,,1,100,,67156,25,,,1,100,,67160,25,,,1,100,,67154,25,,,1,100,,67157,25,,,1,100,,67158,25,,,1,100,,67161,25,,,1,100,,67162,25,,,1,100,,67163,25,,,1,100,,67164,25,,,1,100,,67165,25,,,1,100,,67167,25,,,1,100,,67166,25,,,1,100,,67168,25,,,1,100,,67169,25,,,1,100,,67170,25,,,1
6601,'Samedi-11',655,,70888,25,,,1,100,,70890,25,,,1,100,,70894,25,,,1,100,,70891,25,,,1,100,,70895,25,,,1,100,,70889,25,,,1,100,,70892,25,,,1,100,,70893,25,,,1,100,,70896,25,,,1,100,,70897,25,,,1,100,,70898,25,,,1,100,,70899,25,,,1,100,,70900,25,,,1,100,,70902,25,,,1,100,,70901,25,,,1,100,,70903,25,,,1,100,,70904,25,,,1,100,,70905,25,,,1
6601,'Dimanche-0',655,,68731,25,,,1,100,,68735,25,,,1,100,,68736,25,,,1,100,,68737,25,,,1,100,,68730,25,,,1,100,,68732,25,,,1,100,,68733,25,,,1,100,,68734,25,,,1,100,,68739,25,,,1,100,,68738,25,,,1,100,,68742,25,,,1,100,,68740,25,,,1,100,,68743,25,,,1,100,,68741,25,,,1,100,,68744,25,,,1,100,,68745,25,,,1,100,,68746,25,,,1,100,,68747,25,,,1
6601,'Dimanche-10',655,,69810,25,,,1,100,,69814,25,,,1,100,,69815,25,,,1,100,,69816,25,,,1,100,,69809,25,,,1,100,,69811,25,,,1,100,,69812,25,,,1,100,,69813,25,,,1,100,,69818,25,,,1,100,,69817,25,,,1,100,,69821,25,,,1,100,,69819,25,,,1,100,,69822,25,,,1,100,,69820,25,,,1,100,,69823,25,,,1,100,,69824,25,,,1,100,,69825,25,,,1,100,,69826,25,,,1
6601,'Dimanche-11',655,,67172,25,,,1,100,,67176,25,,,1,100,,67177,25,,,1,100,,67178,25,,,1,100,,67171,25,,,1,100,,67173,25,,,1,100,,67174,25,,,1,100,,67175,25,,,1,100,,67180,25,,,1,100,,67179,25,,,1,100,,67183,25,,,1,100,,67181,25,,,1,100,,67184,25,,,1,100,,67182,25,,,1,100,,67185,25,,,1,100,,67186,25,,,1,100,,67187,25,,,1,100,,67188,25,,,1
6601,'Semaine-0',546,,64775,25,,,2,60,,64768,25,,,1,18,,64777,25,,,1,21,,64783,25,,,2,60,,64778,25,,,2,21,,64769,25,,,1,23,,64781,25,,,2,59,,64774,25,,,1,18,,64790,25,,,1,21,,64767,25,,,1,59,,64780,25,,,1,18,,64791,25,,,1,20,,64799,25,,,1,102,,64779,25,,,1,100,,64771,25,,,1,100,,64795,25,,,1,100,,64796,25,,,1,100,,64782,25,,,2,62,,64770,25,,,1,19,,64787,25,,,2,19,,64784,25,,,1,64,,64797,25,,,1,22,,64766,25,,,1,19,,64792,25,,,1,60,,64785,25,,,1,20,,64798,25,,,1,18,,64788,25,,,2,64,,64793,25,,,2,20,,64786,25,,,1,18,,64794,25,,,1,60,,64800,25,,,2,94,,64773,25,,,2,100,,64772,25,,,1,95,,64776,25,,,1,100,,64789,25,,,1
6601,'Semaine-10',546,,72705,25,,,2,60,,72698,25,,,1,18,,72707,25,,,1,21,,72713,25,,,2,60,,72708,25,,,2,21,,72699,25,,,1,23,,72711,25,,,2,59,,72704,25,,,1,18,,72720,25,,,1,21,,72697,25,,,1,59,,72710,25,,,1,18,,72721,25,,,1,20,,72729,25,,,1,102,,72709,25,,,1,100,,72701,25,,,1,100,,72725,25,,,1,100,,72726,25,,,1,100,,72712,25,,,2,62,,72700,25,,,1,19,,72717,25,,,2,19,,72714,25,,,1,64,,72727,25,,,1,22,,72696,25,,,1,19,,72722,25,,,1,60,,72715,25,,,1,20,,72728,25,,,1,18,,72718,25,,,2,64,,72723,25,,,2,20,,72716,25,,,1,18,,72724,25,,,1,60,,72730,25,,,2,94,,72703,25,,,2,100,,72702,25,,,1,95,,72706,25,,,1,100,,72719,25,,,1
