6600,'Samedi-0',730,,67121,33,,,1,100,,67124,33,,,1,100,,67122,33,,,1,100,,67125,33,,,1,100,,67119,33,,,1,100,,67120,33,,,1,100,,67123,33,,,1,100,,67126,33,,,1,100,,67127,33,,,1,100,,67128,33,,,1,100,,67129,33,,,1,100,,67130,33,,,1,100,,67132,33,,,1,100,,67131,33,,,1,100,,67133,33,,,1,100,,67134,33,,,1,100,,67135,33,,,1
6600,'Samedi-11',730,,70873,33,,,1,100,,70876,33,,,1,100,,70874,33,,,1,100,,70877,33,,,1,100,,70871,33,,,1,100,,70872,33,,,1,100,,70875,33,,,1,100,,70878,33,,,1,100,,70879,33,,,1,100,,70880,33,,,1,100,,70881,33,,,1,100,,70882,33,,,1,100,,70884,33,,,1,100,,70883,33,,,1,100,,70885,33,,,1,100,,70886,33,,,1,100,,70887,33,,,1
6600,'Dimanche-0',730,,68717,33,,,1,100,,68718,33,,,1,100,,68719,33,,,1,100,,68713,33,,,1,100,,68714,33,,,1,100,,68715,33,,,1,100,,68716,33,,,1,100,,68721,33,,,1,100,,68720,33,,,1,100,,68724,33,,,1,100,,68722,33,,,1,100,,68726,33,,,1,100,,68723,33,,,1,100,,68725,33,,,1,100,,68727,33,,,1,100,,68728,33,,,1,100,,68729,33,,,1
6600,'Dimanche-10',730,,69796,33,,,1,100,,69797,33,,,1,100,,69798,33,,,1,100,,69792,33,,,1,100,,69793,33,,,1,100,,69794,33,,,1,100,,69795,33,,,1,100,,69800,33,,,1,100,,69799,33,,,1,100,,69803,33,,,1,100,,69801,33,,,1,100,,69805,33,,,1,100,,69802,33,,,1,100,,69804,33,,,1,100,,69806,33,,,1,100,,69807,33,,,1,100,,69808,33,,,1
6600,'Dimanche-11',730,,67140,33,,,1,100,,67141,33,,,1,100,,67142,33,,,1,100,,67136,33,,,1,100,,67137,33,,,1,100,,67138,33,,,1,100,,67139,33,,,1,100,,67144,33,,,1,100,,67143,33,,,1,100,,67147,33,,,1,100,,67145,33,,,1,100,,67149,33,,,1,100,,67146,33,,,1,100,,67148,33,,,1,100,,67150,33,,,1,100,,67151,33,,,1,100,,67152,33,,,1
6600,'Semaine-0',617,,64745,33,,,2,20,,64751,33,,,2,20,,64746,33,,,1,63,,64738,33,,,2,19,,64750,33,,,1,19,,64743,33,,,1,61,,64757,33,,,1,18,,64737,33,,,1,18,,64748,33,,,1,60,,64758,33,,,1,100,,64747,33,,,1,100,,64739,33,,,1,100,,64762,33,,,1,100,,64763,33,,,1,101,,64749,33,,,2,100,,64759,33,,,1,23,,64752,33,,,1,62,,64735,33,,,1,20,,64754,33,,,1,18,,64760,33,,,1,20,,64765,33,,,1,59,,64736,33,,,2,24,,64755,33,,,2,60,,64753,33,,,1,18,,64741,33,,,1,22,,64761,33,,,2,94,,64742,33,,,2,100,,64740,33,,,1,96,,64744,33,,,1,100,,64756,33,,,1,100,,64764,33,,,1
6600,'Semaine-10',617,,72675,33,,,2,20,,72681,33,,,2,20,,72676,33,,,1,63,,72668,33,,,2,19,,72680,33,,,1,19,,72673,33,,,1,61,,72687,33,,,1,18,,72667,33,,,1,18,,72678,33,,,1,60,,72688,33,,,1,100,,72677,33,,,1,100,,72669,33,,,1,100,,72692,33,,,1,100,,72693,33,,,1,101,,72679,33,,,2,100,,72689,33,,,1,23,,72682,33,,,1,62,,72665,33,,,1,20,,72684,33,,,1,18,,72690,33,,,1,20,,72695,33,,,1,59,,72666,33,,,2,24,,72685,33,,,2,60,,72683,33,,,1,18,,72671,33,,,1,22,,72691,33,,,2,94,,72672,33,,,2,100,,72670,33,,,1,96,,72674,33,,,1,100,,72686,33,,,1,100,,72694,33,,,1
6600,'Semaine-11',617,,75206,33,,,2,20,,75212,33,,,2,20,,75207,33,,,1,63,,75199,33,,,2,19,,75211,33,,,1,19,,75204,33,,,1,61,,75218,33,,,1,18,,75198,33,,,1,18,,75209,33,,,1,60,,75219,33,,,1,100,,75208,33,,,1,100,,75200,33,,,1,100,,75223,33,,,1,100,,75224,33,,,1,101,,75210,33,,,2,100,,75220,33,,,1,23,,75213,33,,,1,62,,75196,33,,,1,20,,75215,33,,,1,18,,75221,33,,,1,20,,75226,33,,,1,59,,75197,33,,,2,24,,75216,33,,,2,60,,75214,33,,,1,18,,75202,33,,,1,22,,75222,33,,,2,94,,75203,33,,,2,100,,75201,33,,,1,96,,75205,33,,,1,100,,75217,33,,,1,100,,75225,33,,,1
56600,'Semaine-0',1557,,65849,50,0,5 6,1
56600,'Semaine-10',1557,,73779,50,0,5 6,1
56600,'Semaine-11',1557,,76310,50,0,5 6,1
