7700,'Samedi-0',743,,67589,2,,,1,100,,67588,2,,,1,100,,67587,2,,,1,100,,67592,2,,,1,100,,67590,2,,,1,100,,67591,2,,,1,100,,67593,2,,,1,100,,67594,2,,,2,100,,67595,2,,,1,100,,67596,2,,,1,100,,67597,2,,,1,100,,67598,2,,,1,100,,67599,2,,,1,100,,67602,2,,,1,100,,67600,2,,,1,100,,67601,2,,,1
7700,'Dimanche-0',743,,68949,2,,,1,100,,68950,2,,,1,100,,68947,2,,,1,100,,68959,2,,,1,100,,68948,2,,,1,100,,68953,2,,,1,100,,68951,2,,,1,100,,68952,2,,,2,100,,68954,2,,,1,100,,68957,2,,,1,100,,68955,2,,,1,100,,68956,2,,,1,100,,68958,2,,,1,100,,68960,2,,,1,100,,68961,2,,,1,100,,68962,2,,,1
7700,'Dimanche-10',743,,70028,2,,,1,100,,70029,2,,,1,100,,70026,2,,,1,100,,70038,2,,,1,100,,70027,2,,,1,100,,70032,2,,,1,100,,70030,2,,,1,100,,70031,2,,,2,100,,70033,2,,,1,100,,70036,2,,,1,100,,70034,2,,,1,100,,70035,2,,,1,100,,70037,2,,,1,100,,70039,2,,,1,100,,70040,2,,,1,100,,70041,2,,,1
7700,'Dimanche-11',743,,67605,2,,,1,100,,67606,2,,,1,100,,67603,2,,,1,100,,67615,2,,,1,100,,67604,2,,,1,100,,67609,2,,,1,100,,67607,2,,,1,100,,67608,2,,,2,100,,67610,2,,,1,100,,67613,2,,,1,100,,67611,2,,,1,100,,67612,2,,,1,100,,67614,2,,,1,100,,67616,2,,,1,100,,67617,2,,,1,100,,67618,2,,,1
7700,'Semaine-0',522,,65300,2,,,1,29,,65285,2,,,1,70,,65287,2,,,1,30,,65277,2,,,1,70,,65288,2,,,1,34,,65299,2,,,2,66,,65284,2,,,2,26,,65289,2,,,2,70,,65304,2,,,2,30,,65290,2,,,1,70,,65305,2,,,1,30,,65291,2,,,1,70,,65306,2,,,1,30,,65292,2,,,1,70,,65303,2,,,1,30,,65293,2,,,1,70,,65302,2,,,1,30,,65294,2,,,1,70,,65301,2,,,1,30,,65276,2,,,1,71,,65296,2,,,1,30,,65281,2,,,1,70,,65295,2,,,1,30,,65279,2,,,1,70,,65297,2,,,1,29,,65280,2,,,1,70,,65286,2,,,1,30,,65298,2,,,1,100,,65282,2,,,1,100,,65283,2,,,1,100,,65278,2,,,1,100,,65275,2,,,1
7800,'Samedi-0',814,,67622,2,,,1,100,,67621,2,,,1,100,,67619,2,,,1,100,,67624,2,,,1,100,,67620,2,,,1,100,,67623,2,,,1,100,,67625,2,,,1,100,,67626,2,,,2,100,,67627,2,,,1,100,,67628,2,,,1,100,,67629,2,,,1,100,,67630,2,,,1,100,,67631,2,,,1,100,,67632,2,,,1,100,,67633,2,,,1,100,,67634,2,,,1
7800,'Dimanche-0',814,,68965,2,,,1,100,,68966,2,,,1,100,,68963,2,,,1,100,,68974,2,,,1,100,,68964,2,,,1,100,,68969,2,,,1,100,,68967,2,,,1,100,,68968,2,,,2,100,,68970,2,,,1,100,,68973,2,,,1,100,,68971,2,,,1,100,,68972,2,,,1,100,,68975,2,,,1,100,,68976,2,,,1,100,,68977,2,,,1,100,,68978,2,,,1
7800,'Dimanche-10',814,,70044,2,,,1,100,,70045,2,,,1,100,,70042,2,,,1,100,,70053,2,,,1,100,,70043,2,,,1,100,,70048,2,,,1,100,,70046,2,,,1,100,,70047,2,,,2,100,,70049,2,,,1,100,,70052,2,,,1,100,,70050,2,,,1,100,,70051,2,,,1,100,,70054,2,,,1,100,,70055,2,,,1,100,,70056,2,,,1,100,,70057,2,,,1
7800,'Dimanche-11',814,,67637,2,,,1,100,,67638,2,,,1,100,,67635,2,,,1,100,,67646,2,,,1,100,,67636,2,,,1,100,,67641,2,,,1,100,,67639,2,,,1,100,,67640,2,,,2,100,,67642,2,,,1,100,,67645,2,,,1,100,,67643,2,,,1,100,,67644,2,,,1,100,,67647,2,,,1,100,,67648,2,,,1,100,,67649,2,,,1,100,,67650,2,,,1
7800,'Semaine-0',445,,65319,2,,,1,60,,65320,2,,,1,30,,65309,2,,,1,71,,65321,2,,,1,30,,65307,2,,,1,67,,65322,2,,,2,37,,65331,2,,,2,67,,65312,2,,,1,26,,65323,2,,,2,70,,65324,2,,,1,30,,65335,2,,,1,70,,65325,2,,,1,30,,65336,2,,,1,70,,65326,2,,,1,30,,65337,2,,,1,70,,65327,2,,,1,30,,65338,2,,,1,70,,65328,2,,,1,30,,65339,2,,,1,70,,65329,2,,,1,30,,65314,2,,,1,70,,65330,2,,,1,30,,65308,2,,,1,72,,65317,2,,,1,28,,65332,2,,,1,70,,65316,2,,,1,30,,65340,2,,,1,70,,65333,2,,,1,30,,65310,2,,,1,85,,65334,2,,,1,100,,65315,2,,,1,100,,65318,2,,,1,100,,65311,2,,,1,100,,65313,2,,,1
