6601,'Samedi-0',653,,67153,19,,,1,100,,67155,19,,,1,100,,67159,19,,,1,100,,67156,19,,,1,100,,67160,19,,,1,100,,67154,19,,,1,100,,67157,19,,,1,100,,67158,19,,,1,100,,67161,19,,,1,100,,67162,19,,,1,100,,67163,19,,,1,100,,67164,19,,,1,100,,67165,19,,,1,100,,67167,19,,,1,100,,67166,19,,,1,100,,67168,19,,,1,100,,67169,19,,,1,100,,67170,19,,,1
6601,'Samedi-11',653,,70888,19,,,1,100,,70890,19,,,1,100,,70894,19,,,1,100,,70891,19,,,1,100,,70895,19,,,1,100,,70889,19,,,1,100,,70892,19,,,1,100,,70893,19,,,1,100,,70896,19,,,1,100,,70897,19,,,1,100,,70898,19,,,1,100,,70899,19,,,1,100,,70900,19,,,1,100,,70902,19,,,1,100,,70901,19,,,1,100,,70903,19,,,1,100,,70904,19,,,1,100,,70905,19,,,1
6601,'Dimanche-0',653,,68731,19,,,1,100,,68735,19,,,1,100,,68736,19,,,1,100,,68737,19,,,1,100,,68730,19,,,1,100,,68732,19,,,1,100,,68733,19,,,1,100,,68734,19,,,1,100,,68739,19,,,1,100,,68738,19,,,1,100,,68742,19,,,1,100,,68740,19,,,1,100,,68743,19,,,1,100,,68741,19,,,1,100,,68744,19,,,1,100,,68745,19,,,1,100,,68746,19,,,1,100,,68747,19,,,1
6601,'Dimanche-10',653,,69810,19,,,1,100,,69814,19,,,1,100,,69815,19,,,1,100,,69816,19,,,1,100,,69809,19,,,1,100,,69811,19,,,1,100,,69812,19,,,1,100,,69813,19,,,1,100,,69818,19,,,1,100,,69817,19,,,1,100,,69821,19,,,1,100,,69819,19,,,1,100,,69822,19,,,1,100,,69820,19,,,1,100,,69823,19,,,1,100,,69824,19,,,1,100,,69825,19,,,1,100,,69826,19,,,1
6601,'Dimanche-11',653,,67172,19,,,1,100,,67176,19,,,1,100,,67177,19,,,1,100,,67178,19,,,1,100,,67171,19,,,1,100,,67173,19,,,1,100,,67174,19,,,1,100,,67175,19,,,1,100,,67180,19,,,1,100,,67179,19,,,1,100,,67183,19,,,1,100,,67181,19,,,1,100,,67184,19,,,1,100,,67182,19,,,1,100,,67185,19,,,1,100,,67186,19,,,1,100,,67187,19,,,1,100,,67188,19,,,1
6601,'Semaine-0',543,,64775,19,,,2,60,,64768,19,,,1,18,,64777,19,,,1,21,,64783,19,,,2,60,,64778,19,,,2,21,,64769,19,,,1,23,,64781,19,,,2,59,,64774,19,,,1,18,,64790,19,,,1,21,,64767,19,,,1,59,,64780,19,,,1,18,,64791,19,,,1,20,,64799,19,,,1,102,,64779,19,,,1,100,,64771,19,,,1,100,,64795,19,,,1,100,,64796,19,,,1,100,,64782,19,,,2,62,,64770,19,,,1,19,,64787,19,,,2,19,,64784,19,,,1,64,,64797,19,,,1,22,,64766,19,,,1,19,,64792,19,,,1,60,,64785,19,,,1,20,,64798,19,,,1,18,,64788,19,,,2,64,,64793,19,,,2,20,,64786,19,,,1,18,,64794,19,,,1,60,,64800,19,,,2,94,,64773,19,,,2,100,,64772,19,,,1,55,,64776,19,,,1,100,,64789,19,,,1
6601,'Semaine-10',543,,72705,19,,,2,60,,72698,19,,,1,18,,72707,19,,,1,21,,72713,19,,,2,60,,72708,19,,,2,21,,72699,19,,,1,23,,72711,19,,,2,59,,72704,19,,,1,18,,72720,19,,,1,21,,72697,19,,,1,59,,72710,19,,,1,18,,72721,19,,,1,20,,72729,19,,,1,102,,72709,19,,,1,100,,72701,19,,,1,100,,72725,19,,,1,100,,72726,19,,,1,100,,72712,19,,,2,62,,72700,19,,,1,19,,72717,19,,,2,19,,72714,19,,,1,64,,72727,19,,,1,22,,72696,19,,,1,19,,72722,19,,,1,60,,72715,19,,,1,20,,72728,19,,,1,18,,72718,19,,,2,64,,72723,19,,,2,20,,72716,19,,,1,18,,72724,19,,,1,60,,72730,19,,,2,94,,72703,19,,,2,100,,72702,19,,,1,55,,72706,19,,,1,100,,72719,19,,,1
6601,'Semaine-11',543,,75236,19,,,2,60,,75229,19,,,1,18,,75238,19,,,1,21,,75244,19,,,2,60,,75239,19,,,2,21,,75230,19,,,1,23,,75242,19,,,2,59,,75235,19,,,1,18,,75251,19,,,1,21,,75228,19,,,1,59,,75241,19,,,1,18,,75252,19,,,1,20,,75260,19,,,1,102,,75240,19,,,1,100,,75232,19,,,1,100,,75256,19,,,1,100,,75257,19,,,1,100,,75243,19,,,2,62,,75231,19,,,1,19,,75248,19,,,2,19,,75245,19,,,1,64,,75258,19,,,1,22,,75227,19,,,1,19,,75253,19,,,1,60,,75246,19,,,1,20,,75259,19,,,1,18,,75249,19,,,2,64,,75254,19,,,2,20,,75247,19,,,1,18,,75255,19,,,1,60,,75261,19,,,2,94,,75234,19,,,2,100,,75233,19,,,1,55,,75237,19,,,1,100,,75250,19,,,1
56601,'Semaine-0',652,,65850,17,0,5 6,1
56601,'Semaine-10',652,,73780,17,0,5 6,1
56601,'Semaine-11',652,,76311,17,0,5 6,1
