7401,'Semaine-0',616,,65135,14,,,1,32,,65136,14,,,2,71,,65137,14,,,2,30,,65138,14,,,1,68,,65139,14,,,1,27,,65140,14,,,1
7401,'Semaine-10',616,,73065,14,,,1,32,,73066,14,,,2,71,,73067,14,,,2,30,,73068,14,,,1,68,,73069,14,,,1,27,,73070,14,,,1
7501,'Samedi-0',631,,67488,9,,,1,100,,67487,9,,,1,100,,67493,9,,,1,100,,67491,9,,,1,100,,67492,9,,,1,100,,67489,9,,,1,100,,67490,9,,,1,100,,67494,9,,,1,100,,67495,9,,,1,100,,67496,9,,,1,100,,67497,9,,,1,100,,67498,9,,,1,100,,67499,9,,,1,100,,67500,9,,,1,100,,67501,9,,,1,100,,67502,9,,,1,100,,67503,9,,,1,103,,67504,9,,,1
7501,'Samedi-11',631,,71056,9,,,1,100,,71055,9,,,1,100,,71061,9,,,1,100,,71059,9,,,1,100,,71060,9,,,1,100,,71057,9,,,1,100,,71058,9,,,1,100,,71062,9,,,1,100,,71063,9,,,1,100,,71064,9,,,1,100,,71065,9,,,1,100,,71066,9,,,1,100,,71067,9,,,1,100,,71068,9,,,1,100,,71069,9,,,1,100,,71070,9,,,1,100,,71071,9,,,1,103,,71072,9,,,1
7501,'Dimanche-0',631,,68898,9,,,1,100,,68900,9,,,1,100,,68901,9,,,1,100,,68910,9,,,1,100,,68899,9,,,1,100,,68906,9,,,1,100,,68897,9,,,1,100,,68903,9,,,1,100,,68905,9,,,1,100,,68904,9,,,1,100,,68907,9,,,1,100,,68902,9,,,1,100,,68909,9,,,1,100,,68908,9,,,1,100,,68911,9,,,1,100,,68912,9,,,1,100,,68913,9,,,1,103,,68914,9,,,1
7501,'Dimanche-10',631,,69977,9,,,1,100,,69979,9,,,1,100,,69980,9,,,1,100,,69989,9,,,1,100,,69978,9,,,1,100,,69985,9,,,1,100,,69976,9,,,1,100,,69982,9,,,1,100,,69984,9,,,1,100,,69983,9,,,1,100,,69986,9,,,1,100,,69981,9,,,1,100,,69988,9,,,1,100,,69987,9,,,1,100,,69990,9,,,1,100,,69991,9,,,1,100,,69992,9,,,1,103,,69993,9,,,1
7501,'Dimanche-11',631,,67506,9,,,1,100,,67508,9,,,1,100,,67509,9,,,1,100,,67518,9,,,1,100,,67507,9,,,1,100,,67514,9,,,1,100,,67505,9,,,1,100,,67511,9,,,1,100,,67513,9,,,1,100,,67512,9,,,1,100,,67515,9,,,1,100,,67510,9,,,1,100,,67517,9,,,1,100,,67516,9,,,1,100,,67519,9,,,1,100,,67520,9,,,1,100,,67521,9,,,1,103,,67522,9,,,1
7501,'Semaine-0',543,,65197,9,,,1,70,,65180,9,,,1,20,,65177,9,,,1,13,,65178,9,,,1,56,,65195,9,,,2,15,,65179,9,,,1,16,,65174,9,,,2,17,,65190,9,,,1,62,,65202,9,,,1,18,,65176,9,,,1,18,,65175,9,,,1,72,,65204,9,,,1,26,,65173,9,,,1,75,,65194,9,,,1,30,,65172,9,,,1,70,,65192,9,,,1,30,,65185,9,,,1,70,,65198,9,,,1,30,,65184,9,,,1,70,,65201,9,,,1,30,,65199,9,,,1,70,,65183,9,,,1,30,,65186,9,,,1,71,,65187,9,,,1,36,,65181,9,,,1,99,,65203,9,,,1,100,,65188,9,,,1,100,,65191,9,,,1,80,,65196,9,,,2,100,,65193,9,,,2,100,,65189,9,,,2,100,,65182,9,,,2,100,,65200,9,,,2
7501,'Semaine-10',543,,73127,9,,,1,70,,73110,9,,,1,20,,73107,9,,,1,13,,73108,9,,,1,56,,73125,9,,,2,15,,73109,9,,,1,16,,73104,9,,,2,17,,73120,9,,,1,62,,73132,9,,,1,18,,73106,9,,,1,18,,73105,9,,,1,72,,73134,9,,,1,26,,73103,9,,,1,75,,73124,9,,,1,30,,73102,9,,,1,70,,73122,9,,,1,30,,73115,9,,,1,70,,73128,9,,,1,30,,73114,9,,,1,70,,73131,9,,,1,30,,73129,9,,,1,70,,73113,9,,,1,30,,73116,9,,,1,71,,73117,9,,,1,36,,73111,9,,,1,99,,73133,9,,,1,100,,73118,9,,,1,100,,73121,9,,,1,80,,73126,9,,,2,100,,73123,9,,,2,100,,73119,9,,,2,100,,73112,9,,,2,100,,73130,9,,,2
7800,'Samedi-0',836,,67622,37,,,1,100,,67621,37,,,1,100,,67619,37,,,1,100,,67624,37,,,1,101,,67620,37,,,1,100,,67623,37,,,1,100,,67625,37,,,1,100,,67626,37,,,2,100,,67627,37,,,1,99,,67628,37,,,1,100,,67629,37,,,1,100,,67630,37,,,1,100,,67631,37,,,1,100,,67632,37,,,1,100,,67633,37,,,1,98,,67634,37,,,1
7800,'Samedi-11',836,,71124,37,,,1,100,,71123,37,,,1,100,,71121,37,,,1,100,,71126,37,,,1,101,,71122,37,,,1,100,,71125,37,,,1,100,,71127,37,,,1,100,,71128,37,,,2,100,,71129,37,,,1,99,,71130,37,,,1,100,,71131,37,,,1,100,,71132,37,,,1,100,,71133,37,,,1,100,,71134,37,,,1,100,,71135,37,,,1,98,,71136,37,,,1
7800,'Dimanche-0',836,,68965,37,,,1,100,,68966,37,,,1,100,,68963,37,,,1,100,,68974,37,,,1,101,,68964,37,,,1,100,,68969,37,,,1,100,,68967,37,,,1,100,,68968,37,,,2,100,,68970,37,,,1,99,,68973,37,,,1,100,,68971,37,,,1,100,,68972,37,,,1,100,,68975,37,,,1,100,,68976,37,,,1,100,,68977,37,,,1,98,,68978,37,,,1
7800,'Dimanche-10',836,,70044,37,,,1,100,,70045,37,,,1,100,,70042,37,,,1,100,,70053,37,,,1,101,,70043,37,,,1,100,,70048,37,,,1,100,,70046,37,,,1,100,,70047,37,,,2,100,,70049,37,,,1,99,,70052,37,,,1,100,,70050,37,,,1,100,,70051,37,,,1,100,,70054,37,,,1,100,,70055,37,,,1,100,,70056,37,,,1,98,,70057,37,,,1
7800,'Dimanche-11',836,,67637,37,,,1,100,,67638,37,,,1,100,,67635,37,,,1,100,,67646,37,,,1,101,,67636,37,,,1,100,,67641,37,,,1,100,,67639,37,,,1,100,,67640,37,,,2,100,,67642,37,,,1,99,,67645,37,,,1,100,,67643,37,,,1,100,,67644,37,,,1,100,,67647,37,,,1,100,,67648,37,,,1,100,,67649,37,,,1,98,,67650,37,,,1
7800,'Semaine-0',508,,65319,37,,,1,20,,65320,37,,,1,30,,65309,37,,,1,72,,65321,37,,,1,72,,65307,37,,,1,28,,65322,37,,,2,75,,65331,37,,,2,26,,65312,37,,,1,27,,65323,37,,,2,69,,65324,37,,,1,29,,65335,37,,,1,70,,65325,37,,,1,30,,65336,37,,,1,70,,65326,37,,,1,30,,65337,37,,,1,70,,65327,37,,,1,30,,65338,37,,,1,70,,65328,37,,,1,30,,65339,37,,,1,71,,65329,37,,,1,30,,65314,37,,,1,71,,65330,37,,,1,28,,65308,37,,,1,75,,65317,37,,,1,28,,65332,37,,,1,69,,65316,37,,,1,27,,65340,37,,,1,71,,65333,37,,,1,30,,65310,37,,,1,85,,65334,37,,,1,100,,65315,37,,,1,100,,65318,37,,,1,99,,65311,37,,,1,99,,65313,37,,,1
7800,'Semaine-10',508,,73249,37,,,1,20,,73250,37,,,1,30,,73239,37,,,1,72,,73251,37,,,1,72,,73237,37,,,1,28,,73252,37,,,2,75,,73261,37,,,2,26,,73242,37,,,1,27,,73253,37,,,2,69,,73254,37,,,1,29,,73265,37,,,1,70,,73255,37,,,1,30,,73266,37,,,1,70,,73256,37,,,1,30,,73267,37,,,1,70,,73257,37,,,1,30,,73268,37,,,1,70,,73258,37,,,1,30,,73269,37,,,1,71,,73259,37,,,1,30,,73244,37,,,1,71,,73260,37,,,1,28,,73238,37,,,1,75,,73247,37,,,1,28,,73262,37,,,1,69,,73246,37,,,1,27,,73270,37,,,1,71,,73263,37,,,1,30,,73240,37,,,1,85,,73264,37,,,1,100,,73245,37,,,1,100,,73248,37,,,1,99,,73241,37,,,1,99,,73243,37,,,1
