2300,'Semaine-0',1556,,63476,22,,,1,69,,63474,22,,,1,34,,63472,22,,,1,65,,63473,22,,,2,24,,63475,22,,,2,69,,63471,22,,,1
2500,'Semaine-0',1539,,63482,21,,,1,70,,63485,21,,,1,31,,63483,21,,,1,73,,63487,21,,,1,24,,63484,21,,,2,67,,63486,21,,,2
2600,'Semaine-0',1607,,63496,28,,,1,32,,63495,28,,,1,69,,63494,28,,,2,30,,63497,28,,,1,67,,63498,28,,,2
2800,'Semaine-0',1610,,63513,31,,,1,42,,63514,31,,,1,91,,63515,31,,,1
3400,'Semaine-0',629,,63829,37,,,1,28,,63814,37,,,1,74,,63808,37,,,1,74,,63812,37,,,1,31,,63803,37,,,2,68,,63823,37,,,1,30,,63809,37,,,1,67,,63799,37,,,1,30,,63804,37,,,1,70,,63805,37,,,1,30,,63810,37,,,1,70,,63800,37,,,1,31,,63830,37,,,1,70,,63806,37,,,1,30,,63811,37,,,1,70,,63801,37,,,1,33,,63827,37,,,1,70,,63802,37,,,1,26,,63828,37,,,1,305,,63826,37,,,1,20,,63815,37,,,1,67,,63807,37,,,1,30,,63819,37,,,1,70,,63825,37,,,1,31,,63816,37,,,1,68,,63818,37,,,1,30,,63820,37,,,1,70,,63813,37,,,1,30,,63822,37,,,1,69,,63817,37,,,1,29,,63821,37,,,1,70,,63824,37,,,1
4901,'Semaine-0',608,,64243,19,,,1,48,,64248,19,,,1,70,,64264,19,,,1,31,,64260,19,,,1,69,,64258,19,,,1,28,,64268,19,,,1,70,,64250,19,,,1,30,,64266,19,,,1,69,,64262,19,,,1,31,,64237,19,,,1,70,,64259,19,,,1,30,,64238,19,,,1,70,,64244,19,,,1,30,,64246,19,,,1,70,,64251,19,,,1,29,,64267,19,,,1,71,,64249,19,,,1,31,,64269,19,,,1,62,,64265,19,,,1,11,,64252,19,,,1,15,,64239,19,,,1,15,,64255,19,,,1,70,,64245,19,,,1,28,,64247,19,,,1,69,,64263,19,,,1,29,,64257,19,,,1,70,,64261,19,,,1,94,,64240,19,,,1,40,,64256,19,,,1,101,,64254,19,,,1,99,,64241,19,,,1,100,,64253,19,,,1,98,,64242,19,,,1
32500,'Semaine-0',1638,,65569,29,0,7 8,1
42501,'Semaine-0',1509,,65819,15,0,9 14,1
54901,'Semaine-0',1529,,65839,12,,,1
72500,'Semaine-0',1633,,65874,19,0,5 11,1
82500,'Semaine-0',1538,,65963,13,0,9 12 13,1
