4801,'Semaine-0',756,,64197,42,,,1
4801,'Semaine-10',756,,72127,42,,,1
4801,'Semaine-11',756,,74658,42,,,1
8501,'Semaine-0',547,,65369,34,,,1,70,,65371,34,,,1,27,,65374,34,,,1,15,,65373,34,,,1,58,,65378,34,,,1,14,,65370,34,,,2,16,,65376,34,,,1,56,,65372,34,,,2,14,,65377,34,,,1,20,,65375,34,,,1
8501,'Semaine-10',547,,73299,34,,,1,70,,73301,34,,,1,27,,73304,34,,,1,15,,73303,34,,,1,58,,73308,34,,,1,14,,73300,34,,,2,16,,73306,34,,,1,56,,73302,34,,,2,14,,73307,34,,,1,20,,73305,34,,,1
8501,'Semaine-11',547,,75830,34,,,1,70,,75832,34,,,1,27,,75835,34,,,1,15,,75834,34,,,1,58,,75839,34,,,1,14,,75831,34,,,2,16,,75837,34,,,1,56,,75833,34,,,2,14,,75838,34,,,1,20,,75836,34,,,1
8701,'Semaine-0',532,,65398,30,,,1,70,,65391,30,,,1,30,,65396,30,,,1,19,,65394,30,,,1,55,,65392,30,,,1,16,,65401,30,,,1,17,,65397,30,,,1,15,,65393,30,,,1,56,,65400,30,,,1,17,,65399,30,,,2,20,,65395,30,,,1,60,,65390,30,,,1
8701,'Semaine-10',532,,73328,30,,,1,70,,73321,30,,,1,30,,73326,30,,,1,19,,73324,30,,,1,55,,73322,30,,,1,16,,73331,30,,,1,17,,73327,30,,,1,15,,73323,30,,,1,56,,73330,30,,,1,17,,73329,30,,,2,20,,73325,30,,,1,60,,73320,30,,,1
8701,'Semaine-11',532,,75859,30,,,1,70,,75852,30,,,1,30,,75857,30,,,1,19,,75855,30,,,1,55,,75853,30,,,1,16,,75862,30,,,1,17,,75858,30,,,1,15,,75854,30,,,1,56,,75861,30,,,1,17,,75860,30,,,2,20,,75856,30,,,1,60,,75851,30,,,1
9301,'Semaine-0',650,,65412,54,,,2,60,,65410,54,,,1,21,,65409,54,,,1,76,,65413,54,,,1,30,,65411,54,,,2
9301,'Semaine-10',650,,73342,54,,,2,60,,73340,54,,,1,21,,73339,54,,,1,76,,73343,54,,,1,30,,73341,54,,,2
9301,'Semaine-11',650,,75873,54,,,2,60,,75871,54,,,1,21,,75870,54,,,1,76,,75874,54,,,1,30,,75872,54,,,2
9401,'Semaine-0',610,,65414,44,,,1
9401,'Semaine-10',610,,73344,44,,,1
9401,'Semaine-11',610,,75875,44,,,1
9501,'Semaine-0',642,,65429,67,,,1,15,,65425,67,,,1,53,,65427,67,,,1,20,,65432,67,,,1,17,,65428,67,,,2,57,,65430,67,,,2,14,,65431,67,,,2,16,,65426,67,,,2
9501,'Semaine-10',642,,73359,67,,,1,15,,73355,67,,,1,53,,73357,67,,,1,20,,73362,67,,,1,17,,73358,67,,,2,57,,73360,67,,,2,14,,73361,67,,,2,16,,73356,67,,,2
9501,'Semaine-11',642,,75890,67,,,1,15,,75886,67,,,1,53,,75888,67,,,1,20,,75893,67,,,1,17,,75889,67,,,2,57,,75891,67,,,2,14,,75892,67,,,2,16,,75887,67,,,2
9801,'Semaine-0',554,,65470,57,,,2,50,,65471,57,,,1,10,,65472,57,,,1
9801,'Semaine-10',554,,73400,57,,,2,50,,73401,57,,,1,10,,73402,57,,,1
9801,'Semaine-11',554,,75931,57,,,2,50,,75932,57,,,1,10,,75933,57,,,1
10001,'Semaine-0',634,,65493,16,,,1,10,,65491,16,,,1,10,,65490,16,,,1,50,,65489,16,,,1,9,,65492,16,,,1,11,,65494,16,,,1,10,,65495,16,,,1,10,,65496,16,,,1,9,,65497,16,,,1,51,,65498,16,,,1,14,,65499,16,,,1,10,,65500,16,,,1,9,,65501,16,,,1,8,,65502,16,,,1,10,,65503,16,,,1
10001,'Semaine-10',634,,73423,16,,,1,10,,73421,16,,,1,10,,73420,16,,,1,50,,73419,16,,,1,9,,73422,16,,,1,11,,73424,16,,,1,10,,73425,16,,,1,10,,73426,16,,,1,9,,73427,16,,,1,51,,73428,16,,,1,14,,73429,16,,,1,10,,73430,16,,,1,9,,73431,16,,,1,8,,73432,16,,,1,10,,73433,16,,,1
10001,'Semaine-11',634,,75954,16,,,1,10,,75952,16,,,1,10,,75951,16,,,1,50,,75950,16,,,1,9,,75953,16,,,1,11,,75955,16,,,1,10,,75956,16,,,1,10,,75957,16,,,1,9,,75958,16,,,1,51,,75959,16,,,1,14,,75960,16,,,1,10,,75961,16,,,1,9,,75962,16,,,1,8,,75963,16,,,1,10,,75964,16,,,1
43700,'Semaine-0',715,,65832,3,0,9 14,1
43700,'Semaine-10',715,,73762,3,0,9 14,1
43700,'Semaine-11',715,,76293,3,0,9 14,1
80401,'Samedi-11',1336,,71384,15,,,1
80401,'Dimanche-11',1736,,68145,15,,,1
80401,'Semaine-11',1736,,76423,15,,,1
