2601,'Semaine-0',551,,63500,8,,,1,71,,63502,8,,,2,30,,63503,8,,,2,70,,63501,8,,,1,30,,63499,8,,,2
2601,'Semaine-10',551,,71430,8,,,1,71,,71432,8,,,2,30,,71433,8,,,2,70,,71431,8,,,1,30,,71429,8,,,2
4801,'Semaine-0',736,,64197,32,,,1
4801,'Semaine-10',736,,72127,32,,,1
32601,'Semaine-0',820,,65573,24,0,7 8,1
32601,'Semaine-10',820,,73503,24,0,7 8,1
42600,'Semaine-0',722,,65820,8,0,9 14,1,1,,65821,8,0,9 14,1
42600,'Semaine-10',722,,73750,8,0,9 14,1,1,,73751,8,0,9 14,1
72901,'Semaine-0',807,,65878,8,0,5 11,2
72901,'Semaine-10',807,,73808,8,0,5 11,2
82601,'Semaine-0',744,,65968,24,0,9 12 13,1,1,,65969,24,0,9 12 13,1
82601,'Semaine-10',744,,73898,24,0,9 12 13,1,1,,73899,24,0,9 12 13,1
