6701,'Samedi-0',639,,67245,20,,,1,101,,67251,20,,,1,100,,67247,20,,,1,101,,67246,20,,,1,70,,67249,20,,,1,30,,67254,20,,,1,70,,67255,20,,,1,30,,67248,20,,,1,70,,67250,20,,,1,30,,67253,20,,,1,70,,67256,20,,,1,30,,67257,20,,,1,70,,67252,20,,,1,30,,67258,20,,,1,71,,67259,20,,,1,30,,67260,20,,,1,70,,67261,20,,,1,29,,67262,20,,,1,71,,67263,20,,,1,29,,67264,20,,,1,70,,67265,20,,,1,29,,67266,20,,,1,70,,67267,20,,,1,100,,67268,20,,,1,100,,67269,20,,,1,100,,67271,20,,,1,100,,67270,20,,,1
6701,'Samedi-10',639,,77079,20,,,1,101,,77085,20,,,1,100,,77081,20,,,1,101,,77080,20,,,1,70,,77083,20,,,1,30,,77088,20,,,1,70,,77089,20,,,1,30,,77082,20,,,1,70,,77084,20,,,1,30,,77087,20,,,1,70,,77090,20,,,1,30,,77091,20,,,1,70,,77086,20,,,1,30,,77092,20,,,1,71,,77093,20,,,1,30,,77094,20,,,1,70,,77095,20,,,1,29,,77096,20,,,1,71,,77097,20,,,1,29,,77098,20,,,1,70,,77099,20,,,1,29,,77100,20,,,1,70,,77101,20,,,1,100,,77102,20,,,1,100,,77103,20,,,1,100,,77105,20,,,1,100,,77104,20,,,1
6701,'Samedi-11',639,,70934,20,,,1,101,,70940,20,,,1,100,,70936,20,,,1,101,,70935,20,,,1,70,,70938,20,,,1,30,,70943,20,,,1,70,,70944,20,,,1,30,,70937,20,,,1,70,,70939,20,,,1,30,,70942,20,,,1,70,,70945,20,,,1,30,,70946,20,,,1,70,,70941,20,,,1,30,,70947,20,,,1,71,,70948,20,,,1,30,,70949,20,,,1,70,,70950,20,,,1,29,,70951,20,,,1,71,,70952,20,,,1,29,,70953,20,,,1,70,,70954,20,,,1,29,,70955,20,,,1,70,,70956,20,,,1,100,,70957,20,,,1,100,,70958,20,,,1,100,,70960,20,,,1,100,,70959,20,,,1
6701,'Dimanche-0',639,,68776,20,,,1,101,,68779,20,,,1,100,,68781,20,,,1,101,,68784,20,,,1,70,,68790,20,,,1,30,,68778,20,,,1,70,,68791,20,,,1,30,,68782,20,,,1,70,,68785,20,,,1,30,,68783,20,,,1,70,,68777,20,,,1,30,,68787,20,,,1,70,,68788,20,,,1,30,,68780,20,,,1,71,,68786,20,,,1,30,,68793,20,,,1,70,,68789,20,,,1,29,,68796,20,,,1,71,,68797,20,,,1,29,,68794,20,,,1,70,,68799,20,,,1,29,,68792,20,,,1,70,,68798,20,,,1,100,,68795,20,,,1,100,,68800,20,,,1,100,,68801,20,,,1,100,,68802,20,,,1
6701,'Dimanche-10',639,,69855,20,,,1,101,,69858,20,,,1,100,,69860,20,,,1,101,,69863,20,,,1,70,,69869,20,,,1,30,,69857,20,,,1,70,,69870,20,,,1,30,,69861,20,,,1,70,,69864,20,,,1,30,,69862,20,,,1,70,,69856,20,,,1,30,,69866,20,,,1,70,,69867,20,,,1,30,,69859,20,,,1,71,,69865,20,,,1,30,,69872,20,,,1,70,,69868,20,,,1,29,,69875,20,,,1,71,,69876,20,,,1,29,,69873,20,,,1,70,,69878,20,,,1,29,,69871,20,,,1,70,,69877,20,,,1,100,,69874,20,,,1,100,,69879,20,,,1,100,,69880,20,,,1,100,,69881,20,,,1
6701,'Dimanche-11',639,,67272,20,,,1,101,,67275,20,,,1,100,,67277,20,,,1,101,,67280,20,,,1,70,,67286,20,,,1,30,,67274,20,,,1,70,,67287,20,,,1,30,,67278,20,,,1,70,,67281,20,,,1,30,,67279,20,,,1,70,,67273,20,,,1,30,,67283,20,,,1,70,,67284,20,,,1,30,,67276,20,,,1,71,,67282,20,,,1,30,,67289,20,,,1,70,,67285,20,,,1,29,,67292,20,,,1,71,,67293,20,,,1,29,,67290,20,,,1,70,,67295,20,,,1,29,,67288,20,,,1,70,,67294,20,,,1,100,,67291,20,,,1,100,,67296,20,,,1,100,,67297,20,,,1,100,,67298,20,,,1
6701,'Semaine-0',916,,64860,20,,,1,20,,64849,20,,,1,20,,64867,20,,,1,60,,64853,20,,,1,20,,64847,20,,,1,20,,64868,20,,,1,60,,64861,20,,,1,20,,64850,20,,,1,20,,64869,20,,,1,60,,64854,20,,,1,20,,64857,20,,,1,20,,64870,20,,,1,60,,64856,20,,,1,20,,64851,20,,,1,20,,64871,20,,,1,60,,64862,20,,,1,20,,64864,20,,,1,20,,64866,20,,,1,60,,64858,20,,,1,33,,64842,20,,,1,70,,64865,20,,,1,29,,64845,20,,,1,70,,64863,20,,,1,30,,64859,20,,,1,69,,64852,20,,,1,30,,64840,20,,,1,68,,64855,20,,,1,30,,64843,20,,,2,70,,64872,20,,,2,30,,64841,20,,,1,70,,64874,20,,,1,30,,64844,20,,,2,70,,64875,20,,,1,29,,64846,20,,,1,69,,64873,20,,,1,30,,64848,20,,,2
6701,'Semaine-10',916,,72790,20,,,1,20,,72779,20,,,1,20,,72797,20,,,1,60,,72783,20,,,1,20,,72777,20,,,1,20,,72798,20,,,1,60,,72791,20,,,1,20,,72780,20,,,1,20,,72799,20,,,1,60,,72784,20,,,1,20,,72787,20,,,1,20,,72800,20,,,1,60,,72786,20,,,1,20,,72781,20,,,1,20,,72801,20,,,1,60,,72792,20,,,1,20,,72794,20,,,1,20,,72796,20,,,1,60,,72788,20,,,1,33,,72772,20,,,1,70,,72795,20,,,1,29,,72775,20,,,1,70,,72793,20,,,1,30,,72789,20,,,1,69,,72782,20,,,1,30,,72770,20,,,1,68,,72785,20,,,1,30,,72773,20,,,2,70,,72802,20,,,2,30,,72771,20,,,1,70,,72804,20,,,1,30,,72774,20,,,2,70,,72805,20,,,1,29,,72776,20,,,1,69,,72803,20,,,1,30,,72778,20,,,2
6701,'Semaine-11',916,,75321,20,,,1,20,,75310,20,,,1,20,,75328,20,,,1,60,,75314,20,,,1,20,,75308,20,,,1,20,,75329,20,,,1,60,,75322,20,,,1,20,,75311,20,,,1,20,,75330,20,,,1,60,,75315,20,,,1,20,,75318,20,,,1,20,,75331,20,,,1,60,,75317,20,,,1,20,,75312,20,,,1,20,,75332,20,,,1,60,,75323,20,,,1,20,,75325,20,,,1,20,,75327,20,,,1,60,,75319,20,,,1,33,,75303,20,,,1,70,,75326,20,,,1,29,,75306,20,,,1,70,,75324,20,,,1,30,,75320,20,,,1,69,,75313,20,,,1,30,,75301,20,,,1,68,,75316,20,,,1,30,,75304,20,,,2,70,,75333,20,,,2,30,,75302,20,,,1,70,,75335,20,,,1,30,,75305,20,,,2,70,,75336,20,,,1,29,,75307,20,,,1,69,,75334,20,,,1,30,,75309,20,,,2
8501,'Semaine-0',538,,65369,24,,,1,70,,65371,24,,,1,25,,65374,24,,,1,15,,65373,24,,,1,58,,65378,24,,,1,14,,65370,24,,,2,16,,65376,24,,,1,16,,65372,24,,,2,54,,65377,24,,,1,20,,65375,24,,,1
8501,'Semaine-10',538,,73299,24,,,1,70,,73301,24,,,1,25,,73304,24,,,1,15,,73303,24,,,1,58,,73308,24,,,1,14,,73300,24,,,2,16,,73306,24,,,1,16,,73302,24,,,2,54,,73307,24,,,1,20,,73305,24,,,1
8501,'Semaine-11',538,,75830,24,,,1,70,,75832,24,,,1,25,,75835,24,,,1,15,,75834,24,,,1,58,,75839,24,,,1,14,,75831,24,,,2,16,,75837,24,,,1,16,,75833,24,,,2,54,,75838,24,,,1,20,,75836,24,,,1
8701,'Semaine-0',522,,65398,20,,,1,30,,65391,20,,,1,70,,65396,20,,,1,19,,65394,20,,,1,13,,65392,20,,,1,56,,65401,20,,,1,17,,65397,20,,,1,15,,65393,20,,,1,16,,65400,20,,,1,58,,65399,20,,,2,20,,65395,20,,,1,20,,65390,20,,,1
8701,'Semaine-10',522,,73328,20,,,1,30,,73321,20,,,1,70,,73326,20,,,1,19,,73324,20,,,1,13,,73322,20,,,1,56,,73331,20,,,1,17,,73327,20,,,1,15,,73323,20,,,1,16,,73330,20,,,1,58,,73329,20,,,2,20,,73325,20,,,1,20,,73320,20,,,1
8701,'Semaine-11',522,,75859,20,,,1,30,,75852,20,,,1,70,,75857,20,,,1,19,,75855,20,,,1,13,,75853,20,,,1,56,,75862,20,,,1,17,,75858,20,,,1,15,,75854,20,,,1,16,,75861,20,,,1,58,,75860,20,,,2,20,,75856,20,,,1,20,,75851,20,,,1
57101,'Semaine-0',711,,65854,47,0,5 6,2
57101,'Semaine-10',711,,73784,47,0,5 6,2
57101,'Semaine-11',711,,76315,47,0,5 6,2
