3300,'Semaine-0',639,,63741,26,,,1,20,,63740,26,,,1,59,,63747,26,,,1,34,,63720,26,,,1,53,,63734,26,,,1,21,,63742,26,,,1,16,,63755,26,,,1,17,,63748,26,,,1,68,,63732,26,,,1,27,,63750,26,,,1,71,,63735,26,,,1,78,,63725,26,,,1,21,,63744,26,,,1,20,,63730,26,,,1,60,,63737,26,,,1,20,,63726,26,,,1,22,,63752,26,,,1,58,,63733,26,,,1,20,,63754,26,,,1,32,,63739,26,,,1,70,,63727,26,,,1,20,,63749,26,,,1,60,,63745,26,,,1,21,,63738,26,,,1,23,,63717,26,,,1,61,,63729,26,,,1,12,,63736,26,,,1,13,,63753,26,,,1,17,,63751,26,,,1,65,,63746,26,,,1,20,,63724,26,,,1,19,,63723,26,,,1,55,,63728,26,,,1,18,,63716,26,,,1,18,,63721,26,,,1,81,,63756,26,,,1,73,,63731,26,,,1,98,,63722,26,,,1,102,,63718,26,,,1,100,,63743,26,,,2,100,,63757,26,,,1,103,,63719,26,,,1
4900,'Semaine-0',708,,64225,55,,,1,17,,64220,42,,,1,3,,64232,42,,,1,4,,64208,42,,,1,7,,64231,42,,,1,3,,64236,55,,,1,5,,64235,42,,,1,4,,64234,42,,,1,5,,64233,42,,,1,60,,64228,55,,,1,24,,64224,42,,,1,1,,64229,55,,,1,72,,64223,55,,,1,30,,64218,55,,,1,68,,64210,55,,,1,31,,64230,55,,,1,73,,64226,55,,,1,30,,64221,55,,,1,70,,64198,55,,,1,30,,64219,55,,,1,70,,64200,55,,,1,30,,64205,55,,,1,70,,64207,55,,,1,30,,64211,55,,,1,70,,64227,55,,,1,38,,64209,55,,,1,70,,64212,55,,,1,30,,64203,55,,,1,70,,64215,55,,,1,30,,64206,55,,,1,67,,64204,55,,,1,30,,64222,55,,,1,66,,64216,55,,,1,95,,64199,55,,,1,99,,64217,55,,,1,101,,64214,55,,,1,97,,64201,55,,,1,97,,64213,55,,,1,100,,64202,55,,,1
5000,'Semaine-0',708,,64273,43,,,1,25,,64271,43,,,1,8,,64272,22,,,2,65,,64274,43,,,2,30,,64270,43,,,1,105,,64275,43,,,1
5600,'Semaine-0',704,,64421,46,,,1,30,,64419,46,,,1,6,,64423,46,,,1,66,,64422,46,,,1,31,,64416,46,,,1,100,,64415,46,,,1,107,,64417,46,,,1,98,,64420,46,,,2,100,,64418,46,,,1
42500,'Semaine-0',732,,65817,32,0,9 14,1,2,,65818,32,0,9 14,2
42600,'Semaine-0',735,,65820,13,0,9 14,1,1,,65821,13,0,9 14,1
42900,'Semaine-0',735,,65823,19,0,9 14,1,2,,65824,19,0,9 14,2
44900,'Semaine-0',736,,65836,33,0,9 14,1
56600,'Semaine-0',1523,,65849,6,0,5 6,1
73300,'Semaine-0',1635,,65879,23,,,1
83300,'Semaine-0',1537,,65983,13,0,9 12 13,1
