2601,'Semaine-0',615,,63500,33,,,1,31,,63502,33,,,2,70,,63503,33,,,2,30,,63501,33,,,1,69,,63499,33,,,2
2901,'Semaine-0',728,,63524,19,,,2,30,,63527,19,,,1,70,,63525,19,,,1,31,,63526,19,,,2
3201,'Semaine-0',530,,63711,31,,,1,20,,63710,31,,,1,60,,63702,31,,,1,22,,63712,31,,,2,10,,63692,31,,,1,8,,63713,31,,,1,51,,63693,31,,,1,10,,63694,31,,,1,8,,63686,31,,,1,11,,63689,31,,,1,8,,63715,31,,,1,8,,63695,31,,,1,8,,63690,31,,,1,49,,63703,31,,,1,8,,63685,31,,,1,8,,63696,31,,,1,8,,63714,31,,,2,8,,63684,31,,,1,10,,63683,31,,,1,10,,63688,31,,,1,48,,63691,31,,,1,9,,63697,31,,,1,22,,63671,31,,,2,69,,63681,31,,,1,30,,63674,31,,,1,70,,63677,31,,,1,30,,63670,31,,,1,70,,63680,31,,,1,30,,63675,31,,,1,70,,63682,31,,,1,30,,63664,31,,,1,69,,63669,31,,,1,30,,63676,31,,,1,71,,63687,31,,,1,32,,63704,31,,,1,71,,63705,31,,,2,29,,63706,31,,,1,70,,63707,31,,,1,28,,63708,31,,,2,70,,63709,31,,,1,30,,63667,31,,,1,70,,63665,31,,,2,29,,63678,31,,,2,70,,63673,31,,,1,29,,63668,31,,,1,71,,63666,31,,,2,30,,63679,31,,,1,68,,63672,31,,,1,28,,63699,31,,,1,72,,63698,31,,,1,29,,63700,31,,,1,30,,63701,31,,,1
3401,'Semaine-0',927,,63856,52,,,1,31,,63836,52,,,2,70,,63840,52,,,1,30,,63860,52,,,1,70,,63833,52,,,1,30,,63837,52,,,1,70,,63841,52,,,1,30,,63831,52,,,1,70,,63834,52,,,1,30,,63838,52,,,1,70,,63842,52,,,2,31,,63835,52,,,1,71,,63857,52,,,1,71,,63832,52,,,1,36,,63858,52,,,1,67,,63859,52,,,1,30,,63853,52,,,1,66,,63849,52,,,1,28,,63839,52,,,1,29,,63846,52,,,1,69,,63855,52,,,1,29,,63843,52,,,1,70,,63845,52,,,1,30,,63847,52,,,1,70,,63851,52,,,2,30,,63844,52,,,1,70,,63850,52,,,1,28,,63848,52,,,1,70,,63852,52,,,1,30,,63854,52,,,1
3601,'Semaine-0',910,,63937,41,,,1,90,,63935,41,,,1,100,,63938,41,,,1,101,,63936,41,,,1,100,,63941,41,,,1,99,,63940,41,,,1,101,,63939,41,,,1
3701,'Semaine-0',534,,63984,33,,,1,71,,63982,33,,,1,35,,63986,33,,,1,70,,63976,33,,,1,35,,63993,33,,,1,56,,63973,33,,,1,14,,63994,33,,,1,28,,63975,33,,,1,98,,63992,33,,,1,100,,63980,33,,,1,100,,63974,33,,,1,100,,63972,33,,,1,100,,63977,33,,,1,101,,63988,33,,,1,101,,63971,33,,,1,70,,63987,33,,,1,31,,63990,33,,,1,69,,63985,33,,,1,29,,63991,33,,,1,70,,63995,33,,,1,45,,63979,33,,,1,98,,63989,33,,,1,100,,63981,33,,,1,102,,63978,33,,,1,90,,63983,33,,,1
4001,'Semaine-0',633,,64160,51,,,1,70,,64159,51,,,1,33,,64162,51,,,1,74,,64158,51,,,2,25,,64157,51,,,1,68,,64161,51,,,1
4101,'Semaine-0',655,,64170,42,,,1,73,,64171,42,,,1,76,,64172,42,,,1,26,,64169,42,,,2,28,,64168,42,,,1
4501,'Semaine-0',621,,64184,45,,,1,30,,64183,45,,,1,75,,64187,45,,,2,30,,64186,45,,,1,72,,64185,45,,,1,27,,64188,45,,,1
4701,'Semaine-0',634,,64194,38,,,2,87,,64193,38,,,1,90,,64192,38,,,1,27,,64195,38,,,1
5501,'Semaine-0',534,,64382,50,,,1,15,,64389,50,,,1,54,,64388,49,,,1,18,,64372,49,,,1,16,,64410,49,,,1,22,,64409,49,,,1,48,,64369,49,,,1,14,,64414,49,,,1,15,,64395,49,,,1,15,,64403,49,,,1,56,,64373,49,,,1,8,,64377,49,,,1,12,,64375,49,,,1,9,,64404,49,,,1,4,,64406,49,,,1,14,,64383,49,,,1,67,,64387,49,,,1,12,,64374,49,,,1,11,,64408,49,,,1,71,,64401,50,,,1,23,,64413,17,,,1,8,,64405,50,,,1,69,,64371,50,,,1,28,,64378,50,,,1,70,,64391,50,,,1,30,,64402,50,,,1,70,,64398,50,,,1,30,,64379,50,,,1,70,,64411,50,,,1,30,,64370,50,,,1,73,,64376,50,,,1,90,,64380,50,,,1,98,,64385,50,,,1,100,,64390,50,,,1,99,,64407,50,,,1,20,,64396,50,,,1,30,,64384,50,,,1,70,,64400,50,,,1,30,,64393,50,,,1,70,,64412,50,,,1,30,,64386,50,,,1,69,,64392,50,,,1,30,,64394,50,,,1,70,,64381,50,,,1,28,,64399,50,,,1,70,,64397,50,,,1
5901,'Semaine-0',529,,64498,39,,,1,15,,64534,39,,,1,15,,64507,39,,,1,55,,64528,38,,,1,17,,64508,38,,,1,14,,64497,38,,,1,13,,64499,38,,,1,56,,64502,38,,,1,11,,64537,16,,,1,8,,64505,38,,,1,7,,64538,16,,,1,8,,64506,38,,,1,7,,64539,16,,,1,51,,64501,38,,,1,7,,64495,16,,,1,5,,64530,38,,,1,19,,64516,38,,,1,11,,64521,38,,,1,53,,64511,38,,,1,15,,64496,38,,,1,16,,64514,38,,,1,27,,64540,38,,,1,69,,64535,39,,,1,30,,64522,39,,,1,70,,64504,39,,,1,30,,64515,39,,,1,70,,64518,39,,,1,30,,64503,39,,,1,70,,64532,39,,,1,30,,64494,39,,,1,70,,64536,39,,,1,30,,64526,39,,,1,77,,64529,39,,,1,100,,64533,39,,,1,100,,64513,39,,,1,99,,64520,39,,,1,74,,64525,39,,,1,30,,64512,39,,,1,70,,64519,39,,,1,30,,64524,39,,,1,69,,64531,39,,,1,30,,64509,39,,,1,70,,64527,39,,,1,30,,64517,39,,,1,70,,64500,39,,,1,30,,64510,39,,,1,70,,64523,39,,,1
32901,'Semaine-0',1659,,65575,46,0,7 8,1
37101,'Semaine-0',545,,65621,34,,,1,72,,65624,34,,,1,32,,65617,34,,,1,69,,65619,34,,,1,33,,65629,34,,,1,70,,65628,34,,,1,29,,65623,34,,,1,72,,65607,34,,,1,97,,65614,34,,,1,100,,65612,34,,,1,102,,65613,34,,,1,100,,65627,34,,,1,100,,65610,34,,,1,100,,65611,34,,,1,31,,65608,34,,,1,70,,65615,34,,,1,29,,65625,34,,,1,70,,65626,34,,,1,30,,65605,34,,,1,80,,65609,34,,,1,94,,65620,34,,,1,100,,65622,34,,,1,100,,65606,34,,,1,99,,65616,34,,,1,183,,65618,34,,,1
43701,'Semaine-0',1522,,65835,34,0,9 14,1
65501,'Semaine-0',1529,,65873,38,0,9 10,1
72901,'Semaine-0',830,,65878,31,0,5 11,2
74001,'Semaine-0',837,,65882,52,0,5 11,2,2,,65883,52,0,5 11,1
