2501,'Semaine-0',600,,63492,14,,,2,30,,63491,14,,,1,70,,63489,14,,,1,30,,63490,14,,,2,71,,63493,14,,,1,28,,63488,14,,,2
2801,'Semaine-0',642,,63517,10,,,1,74,,63518,10,,,2,100,,63516,10,,,2
3901,'Semaine-0',659,,64138,40,,,1,68,,64127,40,,,1,77,,64128,40,,,1,33,,64124,40,,,1,70,,64130,40,,,1,30,,64132,40,,,2,70,,64139,40,,,1,30,,64150,40,,,1,70,,64145,40,,,2,30,,64140,40,,,1,70,,64125,40,,,1,32,,64134,40,,,1,70,,64141,40,,,1,29,,64126,40,,,2,70,,64123,40,,,1,34,,64142,40,,,1,72,,64135,40,,,1,31,,64116,40,,,1,71,,64143,40,,,2,31,,64121,40,,,1,69,,64118,40,,,1,29,,64146,40,,,1,67,,64131,40,,,1,32,,64137,40,,,2,69,,64122,40,,,2,31,,64144,40,,,1,65,,64117,40,,,2,26,,64147,40,,,1,70,,64120,40,,,1,30,,64136,40,,,1,72,,64148,40,,,1,30,,64119,40,,,1,72,,64129,40,,,1,28,,64149,40,,,1,70,,64133,40,,,1
5001,'Semaine-0',1622,,64276,14,,,1,100,,64278,14,,,1,99,,64277,14,,,2
32501,'Semaine-0',815,,65570,14,0,7 8,1,3,,65571,14,0,7 8,1
42500,'Semaine-0',703,,65817,14,0,9 14,1,2,,65818,14,0,9 14,2
55001,'Semaine-0',1534,,65844,12,0,5 6,1
63901,'Semaine-0',704,,65858,15,0,9 10,1
72501,'Semaine-0',811,,65875,14,0,5 11,2
82501,'Semaine-0',744,,65964,14,0,9 12 13,1,1,,65965,14,0,9 12 13,1
