2000,'Semaine-0',626,,63467,2,,,1,110,,63466,2,,,1,97,,63465,2,,,1
2000,'Semaine-10',626,,71397,2,,,1,110,,71396,2,,,1,97,,71395,2,,,1
2000,'Semaine-11',626,,73928,2,,,1,110,,73927,2,,,1,97,,73926,2,,,1
2700,'Semaine-0',1542,,63506,2,,,1,70,,63504,2,,,2,30,,63508,2,,,1,70,,63505,2,,,2,29,,63507,2,,,2
2700,'Semaine-10',1542,,71436,2,,,1,70,,71434,2,,,2,30,,71438,2,,,1,70,,71435,2,,,2,29,,71437,2,,,2
2700,'Semaine-11',1542,,73967,2,,,1,70,,73965,2,,,2,30,,73969,2,,,1,70,,73966,2,,,2,29,,73968,2,,,2
9300,'Semaine-0',1452,,65405,2,,,2,60,,65408,2,,,1,20,,65404,2,,,2,20,,65407,2,,,1,70,,65406,2,,,2,30,,65402,2,,,1,70,,65403,2,,,1
9300,'Semaine-10',1452,,73335,2,,,2,60,,73338,2,,,1,20,,73334,2,,,2,20,,73337,2,,,1,70,,73336,2,,,2,30,,73332,2,,,1,70,,73333,2,,,1
9300,'Semaine-11',1452,,75866,2,,,2,60,,75869,2,,,1,20,,75865,2,,,2,20,,75868,2,,,1,70,,75867,2,,,2,30,,75863,2,,,1,70,,75864,2,,,1
9500,'Semaine-0',1432,,65421,2,,,1,15,,65424,2,,,2,55,,65420,2,,,2,15,,65415,2,,,2,15,,65419,2,,,2,15,,65416,2,,,1,55,,65417,2,,,1,18,,65422,2,,,2,22,,65423,2,,,2,72,,65418,2,,,1
9500,'Semaine-10',1432,,73351,2,,,1,15,,73354,2,,,2,55,,73350,2,,,2,15,,73345,2,,,2,15,,73349,2,,,2,15,,73346,2,,,1,55,,73347,2,,,1,18,,73352,2,,,2,22,,73353,2,,,2,72,,73348,2,,,1
9500,'Semaine-11',1432,,75882,2,,,1,15,,75885,2,,,2,55,,75881,2,,,2,15,,75876,2,,,2,15,,75880,2,,,2,15,,75877,2,,,1,55,,75878,2,,,1,18,,75883,2,,,2,22,,75884,2,,,2,72,,75879,2,,,1
