4000,'Semaine-0',1527,,64155,18,,,1,30,,64151,18,,,2,75,,64154,18,,,1,27,,64153,18,,,1,68,,64152,18,,,1,29,,64156,18,,,1
4100,'Semaine-0',1538,,64164,18,,,1,71,,64166,18,,,1,35,,64165,18,,,2,64,,64163,18,,,1,29,,64167,18,,,1
4500,'Semaine-0',1512,,64182,18,,,1,35,,64177,18,,,1,70,,64178,18,,,1,32,,64180,18,,,1,67,,64181,18,,,1,27,,64179,18,,,2
4700,'Semaine-0',1534,,64189,18,,,1,103,,64190,18,,,1,96,,64191,18,,,2
5500,'Semaine-0',638,,64323,19,,,1,103,,64339,19,,,1,69,,64322,19,,,1,97,,64358,19,,,1,28,,64359,19,,,1,69,,64328,19,,,1,30,,64338,19,,,1,70,,64342,19,,,1,31,,64364,19,,,1,71,,64324,19,,,1,30,,64363,19,,,1,69,,64341,19,,,1,30,,64356,19,,,1,70,,64350,19,,,1,23,,64357,19,,,1,16,,64343,19,,,1,14,,64321,19,,,1,57,,64362,19,,,1,17,,64332,19,,,1,15,,64365,19,,,1,53,,64353,19,,,1,10,,64325,19,,,1,13,,64336,19,,,1,18,,64368,19,,,1,9,,64361,19,,,1,51,,64327,19,,,1,11,,64344,19,,,1,10,,64337,19,,,1,11,,64366,19,,,1,12,,64351,19,,,1,8,,64331,19,,,1,52,,64326,19,,,1,10,,64367,19,,,1,11,,64335,19,,,1,12,,64330,19,,,1,10,,64340,19,,,1,70,,64355,19,,,1,29,,64360,19,,,1,70,,64347,19,,,1,30,,64333,19,,,1,70,,64354,19,,,1,29,,64345,19,,,1,70,,64348,19,,,1,30,,64334,19,,,1,70,,64349,19,,,1,30,,64346,19,,,1,69,,64329,19,,,1,30,,64352,19,,,1
5601,'Semaine-0',1229,,64428,21,,,1,103,,64425,21,,,1,100,,64424,21,,,1,101,,64427,21,,,2,104,,64426,21,,,1,97,,64429,21,,,1,96,,64430,21,,,1
5900,'Semaine-0',607,,64453,19,,,1,97,,64488,19,,,1,47,,64493,19,,,1,88,,64469,19,,,1,84,,64465,19,,,1,28,,64486,19,,,1,70,,64462,19,,,1,30,,64485,19,,,1,70,,64476,19,,,1,30,,64470,19,,,1,71,,64478,19,,,1,30,,64461,19,,,1,70,,64489,19,,,1,30,,64452,19,,,1,70,,64483,19,,,1,14,,64454,19,,,1,18,,64487,19,,,1,71,,64447,19,,,1,14,,64491,19,,,1,15,,64446,19,,,1,48,,64481,19,,,1,17,,64477,19,,,1,7,,64490,14,,,1,6,,64464,19,,,1,13,,64448,19,,,1,6,,64492,14,,,1,6,,64449,19,,,1,52,,64457,19,,,1,9,,64484,19,,,1,12,,64473,19,,,1,11,,64460,19,,,1,9,,64482,19,,,1,52,,64468,19,,,1,12,,64480,19,,,1,9,,64450,19,,,1,10,,64455,19,,,1,71,,64475,19,,,1,30,,64466,19,,,1,70,,64471,19,,,1,29,,64459,19,,,1,70,,64467,19,,,1,30,,64472,19,,,1,70,,64479,19,,,1,30,,64456,19,,,1,70,,64474,19,,,1,29,,64463,19,,,1,70,,64451,19,,,1,29,,64458,19,,,1
55401,'Semaine-0',1537,,65848,19,0,5 6,1
65500,'Semaine-0',720,,65872,12,0,9 10,1
74000,'Semaine-0',1629,,65881,13,0,5 11,1
80001,'Semaine-0',621,,65948,21,,,1,28,,65941,21,,,1,72,,65949,21,,,1,30,,65933,21,,,1,75,,65931,21,,,1,28,,65938,21,,,1,66,,65944,21,,,1,30,,65956,21,,,1,70,,65947,21,,,2,30,,65939,21,,,1,70,,65953,21,,,1,30,,65927,21,,,1,70,,65961,21,,,1,29,,65959,21,,,1,74,,65929,21,,,1,30,,65952,21,,,1,70,,65943,21,,,1,30,,65950,21,,,1,73,,65960,21,,,1,29,,65945,21,,,1,57,,65955,21,,,1,22,,65957,21,,,1,24,,65954,21,,,1,67,,65946,21,,,1,30,,65936,21,,,1,68,,65934,21,,,1,28,,65928,21,,,1,69,,65958,21,,,1,32,,65940,21,,,1,67,,65937,21,,,1,30,,65942,21,,,1,69,,65930,21,,,1,30,,65951,21,,,1,74,,65932,21,,,1,31,,65935,21,,,1
