2000,'Semaine-0',633,,63467,3,,,1,110,,63466,3,,,1,97,,63465,3,,,1
2000,'Semaine-10',633,,71397,3,,,1,110,,71396,3,,,1,97,,71395,3,,,1
2000,'Semaine-11',633,,73928,3,,,1,110,,73927,3,,,1,97,,73926,3,,,1
2300,'Semaine-0',1534,,63476,6,,,1,69,,63474,6,,,1,34,,63472,6,,,1,65,,63473,6,,,2,27,,63475,6,,,2,71,,63471,6,,,1
2300,'Semaine-10',1534,,71406,6,,,1,69,,71404,6,,,1,34,,71402,6,,,1,65,,71403,6,,,2,27,,71405,6,,,2,71,,71401,6,,,1
2300,'Semaine-11',1534,,73937,6,,,1,69,,73935,6,,,1,34,,73933,6,,,1,65,,73934,6,,,2,27,,73936,6,,,2,71,,73932,6,,,1
2500,'Semaine-0',1518,,63482,5,,,1,29,,63485,5,,,1,71,,63483,5,,,1,33,,63487,5,,,1,66,,63484,5,,,2,28,,63486,5,,,2
2500,'Semaine-10',1518,,71412,5,,,1,29,,71415,5,,,1,71,,71413,5,,,1,33,,71417,5,,,1,66,,71414,5,,,2,28,,71416,5,,,2
2500,'Semaine-11',1518,,73943,5,,,1,29,,73946,5,,,1,71,,73944,5,,,1,33,,73948,5,,,1,66,,73945,5,,,2,28,,73947,5,,,2
2600,'Semaine-0',1541,,63496,5,,,1,71,,63495,5,,,1,29,,63494,5,,,2,71,,63497,5,,,1,28,,63498,5,,,2
2600,'Semaine-10',1541,,71426,5,,,1,71,,71425,5,,,1,29,,71424,5,,,2,71,,71427,5,,,1,28,,71428,5,,,2
2600,'Semaine-11',1541,,73957,5,,,1,71,,73956,5,,,1,29,,73955,5,,,2,71,,73958,5,,,1,28,,73959,5,,,2
2700,'Semaine-0',1550,,63506,3,,,1,70,,63504,3,,,2,29,,63508,3,,,1,70,,63505,3,,,2,29,,63507,3,,,2
2700,'Semaine-10',1550,,71436,3,,,1,70,,71434,3,,,2,29,,71438,3,,,1,70,,71435,3,,,2,29,,71437,3,,,2
2700,'Semaine-11',1550,,73967,3,,,1,70,,73965,3,,,2,29,,73969,3,,,1,70,,73966,3,,,2,29,,73968,3,,,2
2900,'Semaine-0',1532,,63522,5,,,2,73,,63521,5,,,1,32,,63519,5,,,2,67,,63523,5,,,1,32,,63520,5,,,1
2900,'Semaine-10',1532,,71452,5,,,2,73,,71451,5,,,1,32,,71449,5,,,2,67,,71453,5,,,1,32,,71450,5,,,1
2900,'Semaine-11',1532,,73983,5,,,2,73,,73982,5,,,1,32,,73980,5,,,2,67,,73984,5,,,1,32,,73981,5,,,1
3101,'Samedi-0',710,,66025,35,,,1,100,,66026,35,,,1,100,,66027,35,,,1,102,,66028,35,,,1,100,,66029,35,,,1,100,,66030,35,,,1,100,,66031,35,,,1,100,,66032,35,,,1,100,,66033,35,,,1,100,,66034,35,,,1,100,,66035,35,,,1,99,,66036,35,,,1,99,,66037,35,,,1,98,,66038,35,,,1,100,,66039,35,,,1,100,,66040,35,,,1,100,,66041,35,,,1,100,,66042,35,,,1
3101,'Samedi-10',710,,76469,35,,,1,100,,76470,35,,,1,100,,76471,35,,,1,102,,76472,35,,,1,100,,76473,35,,,1,100,,76474,35,,,1,100,,76475,35,,,1,100,,76476,35,,,1,100,,76477,35,,,1,100,,76478,35,,,1,100,,76479,35,,,1,99,,76480,35,,,1,99,,76481,35,,,1,98,,76482,35,,,1,100,,76483,35,,,1,100,,76484,35,,,1,100,,76485,35,,,1,100,,76486,35,,,1
3101,'Samedi-11',710,,70324,35,,,1,100,,70325,35,,,1,100,,70326,35,,,1,102,,70327,35,,,1,100,,70328,35,,,1,100,,70329,35,,,1,100,,70330,35,,,1,100,,70331,35,,,1,100,,70332,35,,,1,100,,70333,35,,,1,100,,70334,35,,,1,99,,70335,35,,,1,99,,70336,35,,,1,98,,70337,35,,,1,100,,70338,35,,,1,100,,70339,35,,,1,100,,70340,35,,,1,100,,70341,35,,,1
3101,'Dimanche-0',710,,68167,35,,,1,100,,68172,35,,,1,100,,68179,35,,,1,102,,68169,35,,,1,100,,68171,35,,,1,100,,68168,35,,,1,100,,68170,35,,,1,100,,68166,35,,,1,100,,68173,35,,,1,100,,68176,35,,,1,100,,68175,35,,,1,99,,68174,35,,,1,99,,68178,35,,,1,98,,68177,35,,,1,100,,68180,35,,,1,100,,68181,35,,,1,100,,68182,35,,,1,100,,68183,35,,,1
3101,'Dimanche-10',710,,69246,35,,,1,100,,69251,35,,,1,100,,69258,35,,,1,102,,69248,35,,,1,100,,69250,35,,,1,100,,69247,35,,,1,100,,69249,35,,,1,100,,69245,35,,,1,100,,69252,35,,,1,100,,69255,35,,,1,100,,69254,35,,,1,99,,69253,35,,,1,99,,69257,35,,,1,98,,69256,35,,,1,100,,69259,35,,,1,100,,69260,35,,,1,100,,69261,35,,,1,100,,69262,35,,,1
3101,'Dimanche-11',710,,66044,35,,,1,100,,66049,35,,,1,100,,66056,35,,,1,102,,66046,35,,,1,100,,66048,35,,,1,100,,66045,35,,,1,100,,66047,35,,,1,100,,66043,35,,,1,100,,66050,35,,,1,100,,66053,35,,,1,100,,66052,35,,,1,99,,66051,35,,,1,99,,66055,35,,,1,98,,66054,35,,,1,100,,66057,35,,,1,100,,66058,35,,,1,100,,66059,35,,,1,100,,66060,35,,,1
3101,'Semaine-0',550,,63574,35,,,1,76,,63608,35,,,1,74,,63588,35,,,1,33,,63575,35,,,1,16,,63611,35,,,1,57,,63571,35,,,1,15,,63613,35,,,1,11,,63585,35,,,1,15,,63586,35,,,1,54,,63605,35,,,1,15,,63576,35,,,1,19,,63578,35,,,1,20,,63603,35,,,1,60,,63595,35,,,1,21,,63604,35,,,1,20,,63577,35,,,1,60,,63579,35,,,1,20,,63599,35,,,1,20,,63609,35,,,1,60,,63598,35,,,1,20,,63580,35,,,1,20,,63572,35,,,1,60,,63602,35,,,1,20,,63612,35,,,1,20,,63597,35,,,1,60,,63581,35,,,1,17,,63600,35,,,1,23,,63601,35,,,1,61,,63610,35,,,1,23,,63596,35,,,1,19,,63582,35,,,1,63,,63593,35,,,1,20,,63594,35,,,1,60,,63583,35,,,1,19,,63589,35,,,1,19,,63573,35,,,1,19,,63606,35,,,1,58,,63614,35,,,1,23,,63584,35,,,1,97,,63607,35,,,1,100,,63590,35,,,1,100,,63587,35,,,1,98,,63591,35,,,1,100,,63592,35,,,1
3101,'Semaine-10',550,,71504,35,,,1,76,,71538,35,,,1,74,,71518,35,,,1,33,,71505,35,,,1,16,,71541,35,,,1,57,,71501,35,,,1,15,,71543,35,,,1,11,,71515,35,,,1,15,,71516,35,,,1,54,,71535,35,,,1,15,,71506,35,,,1,19,,71508,35,,,1,20,,71533,35,,,1,60,,71525,35,,,1,21,,71534,35,,,1,20,,71507,35,,,1,60,,71509,35,,,1,20,,71529,35,,,1,20,,71539,35,,,1,60,,71528,35,,,1,20,,71510,35,,,1,20,,71502,35,,,1,60,,71532,35,,,1,20,,71542,35,,,1,20,,71527,35,,,1,60,,71511,35,,,1,17,,71530,35,,,1,23,,71531,35,,,1,61,,71540,35,,,1,23,,71526,35,,,1,19,,71512,35,,,1,63,,71523,35,,,1,20,,71524,35,,,1,60,,71513,35,,,1,19,,71519,35,,,1,19,,71503,35,,,1,19,,71536,35,,,1,58,,71544,35,,,1,23,,71514,35,,,1,97,,71537,35,,,1,100,,71520,35,,,1,100,,71517,35,,,1,98,,71521,35,,,1,100,,71522,35,,,1
3101,'Semaine-11',550,,74035,35,,,1,76,,74069,35,,,1,74,,74049,35,,,1,33,,74036,35,,,1,16,,74072,35,,,1,57,,74032,35,,,1,15,,74074,35,,,1,11,,74046,35,,,1,15,,74047,35,,,1,54,,74066,35,,,1,15,,74037,35,,,1,19,,74039,35,,,1,20,,74064,35,,,1,60,,74056,35,,,1,21,,74065,35,,,1,20,,74038,35,,,1,60,,74040,35,,,1,20,,74060,35,,,1,20,,74070,35,,,1,60,,74059,35,,,1,20,,74041,35,,,1,20,,74033,35,,,1,60,,74063,35,,,1,20,,74073,35,,,1,20,,74058,35,,,1,60,,74042,35,,,1,17,,74061,35,,,1,23,,74062,35,,,1,61,,74071,35,,,1,23,,74057,35,,,1,19,,74043,35,,,1,63,,74054,35,,,1,20,,74055,35,,,1,60,,74044,35,,,1,19,,74050,35,,,1,19,,74034,35,,,1,19,,74067,35,,,1,58,,74075,35,,,1,23,,74045,35,,,1,97,,74068,35,,,1,100,,74051,35,,,1,100,,74048,35,,,1,98,,74052,35,,,1,100,,74053,35,,,1
3200,'Semaine-0',619,,63658,6,,,1,32,,63657,6,,,1,71,,63653,6,,,1,31,,63655,6,,,1,70,,63654,6,,,2,30,,63656,6,,,1,70,,63629,6,,,2,29,,63624,6,,,1,70,,63625,6,,,2,30,,63636,6,,,1,70,,63630,6,,,1,30,,63616,6,,,1,70,,63617,6,,,1,30,,63628,6,,,1,70,,63631,6,,,1,30,,63637,6,,,1,70,,63618,6,,,1,30,,63663,6,,,1,54,,63615,6,,,2,13,,63645,6,,,1,10,,63635,6,,,1,11,,63641,6,,,2,10,,63642,6,,,1,50,,63660,6,,,1,10,,63661,6,,,1,10,,63662,6,,,2,13,,63659,6,,,2,7,,63632,6,,,1,10,,63643,6,,,1,50,,63651,6,,,2,10,,63644,6,,,2,10,,63621,6,,,1,10,,63652,6,,,1,10,,63638,6,,,2,8,,63640,6,,,1,10,,63639,6,,,1,61,,63633,6,,,2,25,,63627,6,,,1,70,,63622,6,,,1,30,,63619,6,,,2,69,,63634,6,,,2,30,,63626,6,,,1,73,,63623,6,,,1,27,,63620,6,,,2,70,,63646,6,,,1,29,,63647,6,,,1,70,,63648,6,,,1,30,,63649,6,,,1,70,,63650,6,,,1
3200,'Semaine-10',619,,71588,6,,,1,32,,71587,6,,,1,71,,71583,6,,,1,31,,71585,6,,,1,70,,71584,6,,,2,30,,71586,6,,,1,70,,71559,6,,,2,29,,71554,6,,,1,70,,71555,6,,,2,30,,71566,6,,,1,70,,71560,6,,,1,30,,71546,6,,,1,70,,71547,6,,,1,30,,71558,6,,,1,70,,71561,6,,,1,30,,71567,6,,,1,70,,71548,6,,,1,30,,71593,6,,,1,54,,71545,6,,,2,13,,71575,6,,,1,10,,71565,6,,,1,11,,71571,6,,,2,10,,71572,6,,,1,50,,71590,6,,,1,10,,71591,6,,,1,10,,71592,6,,,2,13,,71589,6,,,2,7,,71562,6,,,1,10,,71573,6,,,1,50,,71581,6,,,2,10,,71574,6,,,2,10,,71551,6,,,1,10,,71582,6,,,1,10,,71568,6,,,2,8,,71570,6,,,1,10,,71569,6,,,1,61,,71563,6,,,2,25,,71557,6,,,1,70,,71552,6,,,1,30,,71549,6,,,2,69,,71564,6,,,2,30,,71556,6,,,1,73,,71553,6,,,1,27,,71550,6,,,2,70,,71576,6,,,1,29,,71577,6,,,1,70,,71578,6,,,1,30,,71579,6,,,1,70,,71580,6,,,1
3200,'Semaine-11',619,,74119,6,,,1,32,,74118,6,,,1,71,,74114,6,,,1,31,,74116,6,,,1,70,,74115,6,,,2,30,,74117,6,,,1,70,,74090,6,,,2,29,,74085,6,,,1,70,,74086,6,,,2,30,,74097,6,,,1,70,,74091,6,,,1,30,,74077,6,,,1,70,,74078,6,,,1,30,,74089,6,,,1,70,,74092,6,,,1,30,,74098,6,,,1,70,,74079,6,,,1,30,,74124,6,,,1,54,,74076,6,,,2,13,,74106,6,,,1,10,,74096,6,,,1,11,,74102,6,,,2,10,,74103,6,,,1,50,,74121,6,,,1,10,,74122,6,,,1,10,,74123,6,,,2,13,,74120,6,,,2,7,,74093,6,,,1,10,,74104,6,,,1,50,,74112,6,,,2,10,,74105,6,,,2,10,,74082,6,,,1,10,,74113,6,,,1,10,,74099,6,,,2,8,,74101,6,,,1,10,,74100,6,,,1,61,,74094,6,,,2,25,,74088,6,,,1,70,,74083,6,,,1,30,,74080,6,,,2,69,,74095,6,,,2,30,,74087,6,,,1,73,,74084,6,,,1,27,,74081,6,,,2,70,,74107,6,,,1,29,,74108,6,,,1,70,,74109,6,,,1,30,,74110,6,,,1,70,,74111,6,,,1
3300,'Samedi-0',744,,66061,6,,,1,100,,66062,6,,,1,100,,66063,6,,,1,100,,66064,6,,,1,100,,66065,6,,,1,100,,66066,6,,,1,100,,66067,6,,,1,100,,66068,6,,,1,100,,66069,6,,,1,100,,66070,6,,,1,100,,66071,6,,,1,100,,66072,6,,,1,100,,66073,6,,,1,100,,66074,6,,,1,100,,66075,6,,,1,100,,66076,6,,,1,100,,66077,6,,,1,100,,66078,6,,,1
3300,'Samedi-10',744,,76487,6,,,1,100,,76488,6,,,1,100,,76489,6,,,1,100,,76490,6,,,1,100,,76491,6,,,1,100,,76492,6,,,1,100,,76493,6,,,1,100,,76494,6,,,1,100,,76495,6,,,1,100,,76496,6,,,1,100,,76497,6,,,1,100,,76498,6,,,1,100,,76499,6,,,1,100,,76500,6,,,1,100,,76501,6,,,1,100,,76502,6,,,1,100,,76503,6,,,1,100,,76504,6,,,1
3300,'Samedi-11',744,,70342,6,,,1,100,,70343,6,,,1,100,,70344,6,,,1,100,,70345,6,,,1,100,,70346,6,,,1,100,,70347,6,,,1,100,,70348,6,,,1,100,,70349,6,,,1,100,,70350,6,,,1,100,,70351,6,,,1,100,,70352,6,,,1,100,,70353,6,,,1,100,,70354,6,,,1,100,,70355,6,,,1,100,,70356,6,,,1,100,,70357,6,,,1,100,,70358,6,,,1,100,,70359,6,,,1
3300,'Dimanche-0',744,,68185,6,,,1,100,,68190,6,,,1,100,,68196,6,,,1,100,,68187,6,,,1,100,,68189,6,,,1,100,,68186,6,,,1,100,,68188,6,,,1,100,,68184,6,,,1,100,,68192,6,,,1,100,,68191,6,,,1,100,,68194,6,,,1,100,,68193,6,,,1,100,,68195,6,,,1,100,,68197,6,,,1,100,,68198,6,,,1,100,,68199,6,,,1,100,,68200,6,,,1,100,,68201,6,,,1
3300,'Dimanche-10',744,,69264,6,,,1,100,,69269,6,,,1,100,,69275,6,,,1,100,,69266,6,,,1,100,,69268,6,,,1,100,,69265,6,,,1,100,,69267,6,,,1,100,,69263,6,,,1,100,,69271,6,,,1,100,,69270,6,,,1,100,,69273,6,,,1,100,,69272,6,,,1,100,,69274,6,,,1,100,,69276,6,,,1,100,,69277,6,,,1,100,,69278,6,,,1,100,,69279,6,,,1,100,,69280,6,,,1
3300,'Dimanche-11',744,,66080,6,,,1,100,,66085,6,,,1,100,,66091,6,,,1,100,,66082,6,,,1,100,,66084,6,,,1,100,,66081,6,,,1,100,,66083,6,,,1,100,,66079,6,,,1,100,,66087,6,,,1,100,,66086,6,,,1,100,,66089,6,,,1,100,,66088,6,,,1,100,,66090,6,,,1,100,,66092,6,,,1,100,,66093,6,,,1,100,,66094,6,,,1,100,,66095,6,,,1,100,,66096,6,,,1
3300,'Semaine-0',618,,63741,6,,,1,20,,63740,6,,,1,18,,63747,6,,,1,74,,63720,6,,,1,13,,63734,6,,,1,60,,63742,6,,,1,16,,63755,6,,,1,17,,63748,6,,,1,68,,63732,6,,,1,29,,63750,6,,,1,72,,63735,6,,,1,38,,63725,6,,,1,61,,63744,6,,,1,20,,63730,6,,,1,20,,63737,6,,,1,60,,63726,6,,,1,22,,63752,6,,,1,18,,63733,6,,,1,60,,63754,6,,,1,32,,63739,6,,,1,69,,63727,6,,,1,20,,63749,6,,,1,20,,63745,6,,,1,59,,63738,6,,,1,23,,63717,6,,,1,21,,63729,6,,,1,52,,63736,6,,,1,15,,63753,6,,,1,17,,63751,6,,,1,25,,63746,6,,,1,60,,63724,6,,,1,20,,63723,6,,,1,15,,63728,6,,,1,58,,63716,6,,,1,18,,63721,6,,,1,81,,63756,6,,,1,33,,63731,6,,,1,99,,63722,6,,,1,102,,63718,6,,,1,100,,63743,6,,,2,100,,63757,6,,,1,103,,63719,6,,,1
3300,'Semaine-10',618,,71671,6,,,1,20,,71670,6,,,1,18,,71677,6,,,1,74,,71650,6,,,1,13,,71664,6,,,1,60,,71672,6,,,1,16,,71685,6,,,1,17,,71678,6,,,1,68,,71662,6,,,1,29,,71680,6,,,1,72,,71665,6,,,1,38,,71655,6,,,1,61,,71674,6,,,1,20,,71660,6,,,1,20,,71667,6,,,1,60,,71656,6,,,1,22,,71682,6,,,1,18,,71663,6,,,1,60,,71684,6,,,1,32,,71669,6,,,1,69,,71657,6,,,1,20,,71679,6,,,1,20,,71675,6,,,1,59,,71668,6,,,1,23,,71647,6,,,1,21,,71659,6,,,1,52,,71666,6,,,1,15,,71683,6,,,1,17,,71681,6,,,1,25,,71676,6,,,1,60,,71654,6,,,1,20,,71653,6,,,1,15,,71658,6,,,1,58,,71646,6,,,1,18,,71651,6,,,1,81,,71686,6,,,1,33,,71661,6,,,1,99,,71652,6,,,1,102,,71648,6,,,1,100,,71673,6,,,2,100,,71687,6,,,1,103,,71649,6,,,1
3300,'Semaine-11',618,,74202,6,,,1,20,,74201,6,,,1,18,,74208,6,,,1,74,,74181,6,,,1,13,,74195,6,,,1,60,,74203,6,,,1,16,,74216,6,,,1,17,,74209,6,,,1,68,,74193,6,,,1,29,,74211,6,,,1,72,,74196,6,,,1,38,,74186,6,,,1,61,,74205,6,,,1,20,,74191,6,,,1,20,,74198,6,,,1,60,,74187,6,,,1,22,,74213,6,,,1,18,,74194,6,,,1,60,,74215,6,,,1,32,,74200,6,,,1,69,,74188,6,,,1,20,,74210,6,,,1,20,,74206,6,,,1,59,,74199,6,,,1,23,,74178,6,,,1,21,,74190,6,,,1,52,,74197,6,,,1,15,,74214,6,,,1,17,,74212,6,,,1,25,,74207,6,,,1,60,,74185,6,,,1,20,,74184,6,,,1,15,,74189,6,,,1,58,,74177,6,,,1,18,,74182,6,,,1,81,,74217,6,,,1,33,,74192,6,,,1,99,,74183,6,,,1,102,,74179,6,,,1,100,,74204,6,,,2,100,,74218,6,,,1,103,,74180,6,,,1
3400,'Samedi-0',727,,66133,6,,,1,100,,66138,6,,,1,30,,66134,6,,,1,70,,66140,6,,,1,30,,66141,6,,,1,70,,66135,6,,,1,30,,66136,6,,,1,70,,66137,6,,,1,30,,66139,6,,,1,70,,66142,6,,,1,30,,66144,6,,,1,70,,66143,6,,,1,30,,66145,6,,,1,70,,66146,6,,,1,30,,66147,6,,,1,70,,66148,6,,,1,30,,66149,6,,,1,70,,66150,6,,,1,30,,66151,6,,,1,70,,66152,6,,,1,30,,66153,6,,,1,70,,66154,6,,,1,29,,66155,6,,,1,69,,66156,6,,,1,31,,66157,6,,,1,70,,66158,6,,,1,30,,66159,6,,,1,70,,66160,6,,,1,30,,66161,6,,,1,70,,66163,6,,,1,30,,66162,6,,,1,70,,66165,6,,,1,30,,66164,6,,,1,69,,66166,6,,,1
3400,'Samedi-10',727,,76523,6,,,1,100,,76528,6,,,1,30,,76524,6,,,1,70,,76530,6,,,1,30,,76531,6,,,1,70,,76525,6,,,1,30,,76526,6,,,1,70,,76527,6,,,1,30,,76529,6,,,1,70,,76532,6,,,1,30,,76534,6,,,1,70,,76533,6,,,1,30,,76535,6,,,1,70,,76536,6,,,1,30,,76537,6,,,1,70,,76538,6,,,1,30,,76539,6,,,1,70,,76540,6,,,1,30,,76541,6,,,1,70,,76542,6,,,1,30,,76543,6,,,1,70,,76544,6,,,1,29,,76545,6,,,1,69,,76546,6,,,1,31,,76547,6,,,1,70,,76548,6,,,1,30,,76549,6,,,1,70,,76550,6,,,1,30,,76551,6,,,1,70,,76553,6,,,1,30,,76552,6,,,1,70,,76555,6,,,1,30,,76554,6,,,1,69,,76556,6,,,1
3400,'Samedi-11',727,,70378,6,,,1,100,,70383,6,,,1,30,,70379,6,,,1,70,,70385,6,,,1,30,,70386,6,,,1,70,,70380,6,,,1,30,,70381,6,,,1,70,,70382,6,,,1,30,,70384,6,,,1,70,,70387,6,,,1,30,,70389,6,,,1,70,,70388,6,,,1,30,,70390,6,,,1,70,,70391,6,,,1,30,,70392,6,,,1,70,,70393,6,,,1,30,,70394,6,,,1,70,,70395,6,,,1,30,,70396,6,,,1,70,,70397,6,,,1,30,,70398,6,,,1,70,,70399,6,,,1,29,,70400,6,,,1,69,,70401,6,,,1,31,,70402,6,,,1,70,,70403,6,,,1,30,,70404,6,,,1,70,,70405,6,,,1,30,,70406,6,,,1,70,,70408,6,,,1,30,,70407,6,,,1,70,,70410,6,,,1,30,,70409,6,,,1,69,,70411,6,,,1
3400,'Dimanche-0',727,,68224,6,,,1,100,,68244,6,,,1,30,,68226,6,,,1,70,,68230,6,,,1,30,,68223,6,,,1,70,,68231,6,,,1,30,,68222,6,,,1,70,,68221,6,,,1,30,,68234,6,,,1,70,,68225,6,,,1,30,,68228,6,,,1,70,,68227,6,,,1,30,,68220,6,,,1,70,,68236,6,,,1,30,,68232,6,,,1,70,,68233,6,,,1,30,,68229,6,,,1,70,,68240,6,,,1,30,,68239,6,,,1,70,,68237,6,,,1,30,,68235,6,,,1,70,,68238,6,,,1,29,,68243,6,,,1,69,,68241,6,,,1,31,,68242,6,,,1,70,,68245,6,,,1,30,,68246,6,,,1,70,,68247,6,,,1,30,,68248,6,,,1,70,,68249,6,,,1,30,,68250,6,,,1,70,,68252,6,,,1,30,,68251,6,,,1,69,,68253,6,,,1
3400,'Dimanche-10',727,,69303,6,,,1,100,,69323,6,,,1,30,,69305,6,,,1,70,,69309,6,,,1,30,,69302,6,,,1,70,,69310,6,,,1,30,,69301,6,,,1,70,,69300,6,,,1,30,,69313,6,,,1,70,,69304,6,,,1,30,,69307,6,,,1,70,,69306,6,,,1,30,,69299,6,,,1,70,,69315,6,,,1,30,,69311,6,,,1,70,,69312,6,,,1,30,,69308,6,,,1,70,,69319,6,,,1,30,,69318,6,,,1,70,,69316,6,,,1,30,,69314,6,,,1,70,,69317,6,,,1,29,,69322,6,,,1,69,,69320,6,,,1,31,,69321,6,,,1,70,,69324,6,,,1,30,,69325,6,,,1,70,,69326,6,,,1,30,,69327,6,,,1,70,,69328,6,,,1,30,,69329,6,,,1,70,,69331,6,,,1,30,,69330,6,,,1,69,,69332,6,,,1
3400,'Dimanche-11',727,,66171,6,,,1,100,,66191,6,,,1,30,,66173,6,,,1,70,,66177,6,,,1,30,,66170,6,,,1,70,,66178,6,,,1,30,,66169,6,,,1,70,,66168,6,,,1,30,,66181,6,,,1,70,,66172,6,,,1,30,,66175,6,,,1,70,,66174,6,,,1,30,,66167,6,,,1,70,,66183,6,,,1,30,,66179,6,,,1,70,,66180,6,,,1,30,,66176,6,,,1,70,,66187,6,,,1,30,,66186,6,,,1,70,,66184,6,,,1,30,,66182,6,,,1,70,,66185,6,,,1,29,,66190,6,,,1,69,,66188,6,,,1,31,,66189,6,,,1,70,,66192,6,,,1,30,,66193,6,,,1,70,,66194,6,,,1,30,,66195,6,,,1,70,,66196,6,,,1,30,,66197,6,,,1,70,,66199,6,,,1,30,,66198,6,,,1,69,,66200,6,,,1
3400,'Semaine-0',605,,63829,6,,,1,28,,63814,6,,,1,71,,63808,6,,,1,34,,63812,6,,,1,70,,63803,6,,,2,30,,63823,6,,,1,70,,63809,6,,,1,29,,63799,6,,,1,70,,63804,6,,,1,30,,63805,6,,,1,70,,63810,6,,,1,30,,63800,6,,,1,70,,63830,6,,,1,30,,63806,6,,,1,70,,63811,6,,,1,30,,63801,6,,,1,70,,63827,6,,,1,31,,63802,6,,,1,63,,63828,6,,,1,308,,63826,6,,,1,20,,63815,6,,,1,29,,63807,6,,,1,70,,63819,6,,,1,30,,63825,6,,,1,71,,63816,6,,,1,29,,63818,6,,,1,70,,63820,6,,,1,30,,63813,6,,,1,70,,63822,6,,,1,30,,63817,6,,,1,69,,63821,6,,,1,30,,63824,6,,,1
3400,'Semaine-10',605,,71759,6,,,1,28,,71744,6,,,1,71,,71738,6,,,1,34,,71742,6,,,1,70,,71733,6,,,2,30,,71753,6,,,1,70,,71739,6,,,1,29,,71729,6,,,1,70,,71734,6,,,1,30,,71735,6,,,1,70,,71740,6,,,1,30,,71730,6,,,1,70,,71760,6,,,1,30,,71736,6,,,1,70,,71741,6,,,1,30,,71731,6,,,1,70,,71757,6,,,1,31,,71732,6,,,1,63,,71758,6,,,1,308,,71756,6,,,1,20,,71745,6,,,1,29,,71737,6,,,1,70,,71749,6,,,1,30,,71755,6,,,1,71,,71746,6,,,1,29,,71748,6,,,1,70,,71750,6,,,1,30,,71743,6,,,1,70,,71752,6,,,1,30,,71747,6,,,1,69,,71751,6,,,1,30,,71754,6,,,1
3400,'Semaine-11',605,,74290,6,,,1,28,,74275,6,,,1,71,,74269,6,,,1,34,,74273,6,,,1,70,,74264,6,,,2,30,,74284,6,,,1,70,,74270,6,,,1,29,,74260,6,,,1,70,,74265,6,,,1,30,,74266,6,,,1,70,,74271,6,,,1,30,,74261,6,,,1,70,,74291,6,,,1,30,,74267,6,,,1,70,,74272,6,,,1,30,,74262,6,,,1,70,,74288,6,,,1,31,,74263,6,,,1,63,,74289,6,,,1,308,,74287,6,,,1,20,,74276,6,,,1,29,,74268,6,,,1,70,,74280,6,,,1,30,,74286,6,,,1,71,,74277,6,,,1,29,,74279,6,,,1,70,,74281,6,,,1,30,,74274,6,,,1,70,,74283,6,,,1,30,,74278,6,,,1,69,,74282,6,,,1,30,,74285,6,,,1
3500,'Semaine-0',631,,63886,13,0,15 16,1,78,,63861,13,0,15 16,2,23,,63871,13,0,15 16,1,23,,63889,13,0,15 16,1,55,,63879,13,0,15 16,1,20,,63894,13,0,15 16,1,20,,63891,13,0,15 16,1,63,,63884,13,0,15 16,1,21,,63890,13,0,15 16,1,70,,63869,13,0,15 16,1,26,,63882,13,0,15 16,1,74,,63863,13,0,15 16,1,28,,63867,13,0,15 16,1,70,,63877,13,0,15 16,2,32,,63862,13,0,15 16,1,70,,63872,13,0,15 16,1,30,,63893,13,0,15 16,2,70,,63880,13,0,15 16,1,30,,63864,13,0,15 16,2,72,,63876,13,,,2,30,,63878,13,0,15 16,1,18,,63870,6,0,15 16,1,59,,63881,13,,,1,13,,63875,6,0,15 16,1,18,,63885,13,,,1,68,,63887,13,0,15 16,1,31,,63868,13,,,1,63,,63866,13,0,15 16,1,28,,63895,13,,,1,66,,63883,13,0,15 16,1,30,,63873,6,0,15 16,1,70,,63874,13,,,1,100,,63888,13,,,1,101,,63892,13,,,1,100,,63865,13,0,15 16,1
3500,'Semaine-10',631,,71816,13,0,15 16,1,78,,71791,13,0,15 16,2,23,,71801,13,0,15 16,1,23,,71819,13,0,15 16,1,55,,71809,13,0,15 16,1,20,,71824,13,0,15 16,1,20,,71821,13,0,15 16,1,63,,71814,13,0,15 16,1,21,,71820,13,0,15 16,1,70,,71799,13,0,15 16,1,26,,71812,13,0,15 16,1,74,,71793,13,0,15 16,1,28,,71797,13,0,15 16,1,70,,71807,13,0,15 16,2,32,,71792,13,0,15 16,1,70,,71802,13,0,15 16,1,30,,71823,13,0,15 16,2,70,,71810,13,0,15 16,1,30,,71794,13,0,15 16,2,72,,71806,13,,,2,30,,71808,13,0,15 16,1,18,,71800,6,0,15 16,1,59,,71811,13,,,1,13,,71805,6,0,15 16,1,18,,71815,13,,,1,68,,71817,13,0,15 16,1,31,,71798,13,,,1,63,,71796,13,0,15 16,1,28,,71825,13,,,1,66,,71813,13,0,15 16,1,30,,71803,6,0,15 16,1,70,,71804,13,,,1,100,,71818,13,,,1,101,,71822,13,,,1,100,,71795,13,0,15 16,1
3500,'Semaine-11',631,,74347,13,0,15 16,1,78,,74322,13,0,15 16,2,23,,74332,13,0,15 16,1,23,,74350,13,0,15 16,1,55,,74340,13,0,15 16,1,20,,74355,13,0,15 16,1,20,,74352,13,0,15 16,1,63,,74345,13,0,15 16,1,21,,74351,13,0,15 16,1,70,,74330,13,0,15 16,1,26,,74343,13,0,15 16,1,74,,74324,13,0,15 16,1,28,,74328,13,0,15 16,1,70,,74338,13,0,15 16,2,32,,74323,13,0,15 16,1,70,,74333,13,0,15 16,1,30,,74354,13,0,15 16,2,70,,74341,13,0,15 16,1,30,,74325,13,0,15 16,2,72,,74337,13,,,2,30,,74339,13,0,15 16,1,18,,74331,6,0,15 16,1,59,,74342,13,,,1,13,,74336,6,0,15 16,1,18,,74346,13,,,1,68,,74348,13,0,15 16,1,31,,74329,13,,,1,63,,74327,13,0,15 16,1,28,,74356,13,,,1,66,,74344,13,0,15 16,1,30,,74334,6,0,15 16,1,70,,74335,13,,,1,100,,74349,13,,,1,101,,74353,13,,,1,100,,74326,13,0,15 16,1
3600,'Semaine-0',857,,63929,6,,,1,99,,63930,6,,,1,100,,63928,6,,,1,100,,63931,6,,,1,100,,63933,6,,,1,100,,63934,6,,,1,99,,63932,6,,,1
3600,'Semaine-10',857,,71859,6,,,1,99,,71860,6,,,1,100,,71858,6,,,1,100,,71861,6,,,1,100,,71863,6,,,1,100,,71864,6,,,1,99,,71862,6,,,1
3600,'Semaine-11',857,,74390,6,,,1,99,,74391,6,,,1,100,,74389,6,,,1,100,,74392,6,,,1,100,,74394,6,,,1,100,,74395,6,,,1,99,,74393,6,,,1
3700,'Samedi-0',719,,66265,6,,,1,100,,66266,6,,,1,100,,66268,6,,,1,101,,66269,6,,,1,100,,66267,6,,,1,100,,66270,6,,,1,100,,66271,6,,,1,100,,66272,6,,,1,100,,66273,6,,,1,100,,66274,6,,,1,100,,66275,6,,,1,100,,66276,6,,,1,99,,66277,6,,,1,100,,66278,6,,,1,100,,66279,6,,,1,100,,66280,6,,,1,100,,66281,6,,,1,100,,66282,6,,,1
3700,'Samedi-10',719,,76589,6,,,1,100,,76590,6,,,1,100,,76592,6,,,1,101,,76593,6,,,1,100,,76591,6,,,1,100,,76594,6,,,1,100,,76595,6,,,1,100,,76596,6,,,1,100,,76597,6,,,1,100,,76598,6,,,1,100,,76599,6,,,1,100,,76600,6,,,1,99,,76601,6,,,1,100,,76602,6,,,1,100,,76603,6,,,1,100,,76604,6,,,1,100,,76605,6,,,1,100,,76606,6,,,1
3700,'Samedi-11',719,,70444,6,,,1,100,,70445,6,,,1,100,,70447,6,,,1,101,,70448,6,,,1,100,,70446,6,,,1,100,,70449,6,,,1,100,,70450,6,,,1,100,,70451,6,,,1,100,,70452,6,,,1,100,,70453,6,,,1,100,,70454,6,,,1,100,,70455,6,,,1,99,,70456,6,,,1,100,,70457,6,,,1,100,,70458,6,,,1,100,,70459,6,,,1,100,,70460,6,,,1,100,,70461,6,,,1
3700,'Dimanche-0',719,,68288,6,,,1,100,,68291,6,,,1,100,,68293,6,,,1,101,,68289,6,,,1,100,,68286,6,,,1,100,,68290,6,,,1,100,,68287,6,,,1,100,,68292,6,,,1,100,,68294,6,,,1,100,,68296,6,,,1,100,,68295,6,,,1,100,,68299,6,,,1,99,,68298,6,,,1,100,,68297,6,,,1,100,,68300,6,,,1,100,,68301,6,,,1,100,,68302,6,,,1,100,,68303,6,,,1
3700,'Dimanche-10',719,,69367,6,,,1,100,,69370,6,,,1,100,,69372,6,,,1,101,,69368,6,,,1,100,,69365,6,,,1,100,,69369,6,,,1,100,,69366,6,,,1,100,,69371,6,,,1,100,,69373,6,,,1,100,,69375,6,,,1,100,,69374,6,,,1,100,,69378,6,,,1,99,,69377,6,,,1,100,,69376,6,,,1,100,,69379,6,,,1,100,,69380,6,,,1,100,,69381,6,,,1,100,,69382,6,,,1
3700,'Dimanche-11',719,,66285,6,,,1,100,,66288,6,,,1,100,,66290,6,,,1,101,,66286,6,,,1,100,,66283,6,,,1,100,,66287,6,,,1,100,,66284,6,,,1,100,,66289,6,,,1,100,,66291,6,,,1,100,,66293,6,,,1,100,,66292,6,,,1,100,,66296,6,,,1,99,,66295,6,,,1,100,,66294,6,,,1,100,,66297,6,,,1,100,,66298,6,,,1,100,,66299,6,,,1,100,,66300,6,,,1
3700,'Semaine-0',636,,63963,6,,,1,81,,63969,6,,,1,35,,63960,6,,,1,66,,63944,6,,,1,31,,63958,6,,,1,88,,63950,6,,,1,100,,63946,6,,,1,100,,63947,6,,,1,100,,63948,6,,,1,100,,63949,6,,,1,100,,63955,6,,,1,86,,63956,6,,,1,16,,63957,6,,,1,15,,63943,6,,,1,55,,63965,6,,,1,25,,63952,6,,,1,70,,63961,6,,,1,24,,63951,6,,,1,28,,63945,6,,,1,70,,63942,6,,,1,30,,63953,6,,,1,70,,63968,6,,,1,28,,63959,6,,,1,77,,63970,6,,,1,100,,63966,6,,,1,100,,63954,6,,,1,100,,63964,6,,,1,98,,63967,6,,,1,15,,63962,6,,,1
3700,'Semaine-10',636,,71893,6,,,1,81,,71899,6,,,1,35,,71890,6,,,1,66,,71874,6,,,1,31,,71888,6,,,1,88,,71880,6,,,1,100,,71876,6,,,1,100,,71877,6,,,1,100,,71878,6,,,1,100,,71879,6,,,1,100,,71885,6,,,1,86,,71886,6,,,1,16,,71887,6,,,1,15,,71873,6,,,1,55,,71895,6,,,1,25,,71882,6,,,1,70,,71891,6,,,1,24,,71881,6,,,1,28,,71875,6,,,1,70,,71872,6,,,1,30,,71883,6,,,1,70,,71898,6,,,1,28,,71889,6,,,1,77,,71900,6,,,1,100,,71896,6,,,1,100,,71884,6,,,1,100,,71894,6,,,1,98,,71897,6,,,1,15,,71892,6,,,1
3700,'Semaine-11',636,,74424,6,,,1,81,,74430,6,,,1,35,,74421,6,,,1,66,,74405,6,,,1,31,,74419,6,,,1,88,,74411,6,,,1,100,,74407,6,,,1,100,,74408,6,,,1,100,,74409,6,,,1,100,,74410,6,,,1,100,,74416,6,,,1,86,,74417,6,,,1,16,,74418,6,,,1,15,,74404,6,,,1,55,,74426,6,,,1,25,,74413,6,,,1,70,,74422,6,,,1,24,,74412,6,,,1,28,,74406,6,,,1,70,,74403,6,,,1,30,,74414,6,,,1,70,,74429,6,,,1,28,,74420,6,,,1,77,,74431,6,,,1,100,,74427,6,,,1,100,,74415,6,,,1,100,,74425,6,,,1,98,,74428,6,,,1,15,,74423,6,,,1
3800,'Samedi-0',734,,66342,6,,,1,71,,66335,6,,,1,20,,66336,6,,,1,80,,66347,6,,,1,29,,66339,6,,,1,71,,66337,6,,,1,28,,66348,6,,,1,72,,66340,6,,,1,28,,66346,6,,,1,71,,66338,6,,,1,27,,66341,6,,,1,75,,66345,6,,,1,26,,66343,6,,,1,74,,66344,6,,,1,30,,66349,6,,,1,70,,66350,6,,,1,30,,66351,6,,,1,69,,66352,6,,,1,21,,66353,6,,,1,79,,66354,6,,,1,30,,66355,6,,,1,70,,66356,6,,,1,30,,66357,6,,,1,70,,66358,6,,,1,31,,66359,6,,,1,69,,66360,6,,,1,30,,66362,6,,,1,70,,66361,6,,,1,30,,66364,6,,,1,70,,66363,6,,,1,30,,66365,6,,,1,70,,66366,6,,,1,30,,66367,6,,,1
3800,'Samedi-10',734,,76631,6,,,1,71,,76624,6,,,1,20,,76625,6,,,1,80,,76636,6,,,1,29,,76628,6,,,1,71,,76626,6,,,1,28,,76637,6,,,1,72,,76629,6,,,1,28,,76635,6,,,1,71,,76627,6,,,1,27,,76630,6,,,1,75,,76634,6,,,1,26,,76632,6,,,1,74,,76633,6,,,1,30,,76638,6,,,1,70,,76639,6,,,1,30,,76640,6,,,1,69,,76641,6,,,1,21,,76642,6,,,1,79,,76643,6,,,1,30,,76644,6,,,1,70,,76645,6,,,1,30,,76646,6,,,1,70,,76647,6,,,1,31,,76648,6,,,1,69,,76649,6,,,1,30,,76651,6,,,1,70,,76650,6,,,1,30,,76653,6,,,1,70,,76652,6,,,1,30,,76654,6,,,1,70,,76655,6,,,1,30,,76656,6,,,1
3800,'Samedi-11',734,,70486,6,,,1,71,,70479,6,,,1,20,,70480,6,,,1,80,,70491,6,,,1,29,,70483,6,,,1,71,,70481,6,,,1,28,,70492,6,,,1,72,,70484,6,,,1,28,,70490,6,,,1,71,,70482,6,,,1,27,,70485,6,,,1,75,,70489,6,,,1,26,,70487,6,,,1,74,,70488,6,,,1,30,,70493,6,,,1,70,,70494,6,,,1,30,,70495,6,,,1,69,,70496,6,,,1,21,,70497,6,,,1,79,,70498,6,,,1,30,,70499,6,,,1,70,,70500,6,,,1,30,,70501,6,,,1,70,,70502,6,,,1,31,,70503,6,,,1,69,,70504,6,,,1,30,,70506,6,,,1,70,,70505,6,,,1,30,,70508,6,,,1,70,,70507,6,,,1,30,,70509,6,,,1,70,,70510,6,,,1,30,,70511,6,,,1
3800,'Dimanche-0',734,,68324,6,,,1,71,,68329,6,,,1,20,,68332,6,,,1,80,,68330,6,,,1,29,,68323,6,,,1,71,,68345,6,,,1,28,,68322,6,,,1,72,,68325,6,,,1,28,,68346,6,,,1,71,,68344,6,,,1,27,,68326,6,,,1,75,,68336,6,,,1,26,,68333,6,,,1,74,,68327,6,,,1,30,,68331,6,,,1,70,,68338,6,,,1,30,,68321,6,,,1,69,,68328,6,,,1,21,,68335,6,,,1,79,,68340,6,,,1,30,,68334,6,,,1,70,,68342,6,,,1,30,,68339,6,,,1,70,,68343,6,,,1,31,,68341,6,,,1,69,,68337,6,,,1,30,,68347,6,,,1,70,,68348,6,,,1,30,,68349,6,,,1,70,,68350,6,,,1,30,,68351,6,,,1,70,,68352,6,,,1,30,,68353,6,,,1
3800,'Dimanche-10',734,,69403,6,,,1,71,,69408,6,,,1,20,,69411,6,,,1,80,,69409,6,,,1,29,,69402,6,,,1,71,,69424,6,,,1,28,,69401,6,,,1,72,,69404,6,,,1,28,,69425,6,,,1,71,,69423,6,,,1,27,,69405,6,,,1,75,,69415,6,,,1,26,,69412,6,,,1,74,,69406,6,,,1,30,,69410,6,,,1,70,,69417,6,,,1,30,,69400,6,,,1,69,,69407,6,,,1,21,,69414,6,,,1,79,,69419,6,,,1,30,,69413,6,,,1,70,,69421,6,,,1,30,,69418,6,,,1,70,,69422,6,,,1,31,,69420,6,,,1,69,,69416,6,,,1,30,,69426,6,,,1,70,,69427,6,,,1,30,,69428,6,,,1,70,,69429,6,,,1,30,,69430,6,,,1,70,,69431,6,,,1,30,,69432,6,,,1
3800,'Dimanche-11',734,,66371,6,,,1,71,,66376,6,,,1,20,,66379,6,,,1,80,,66377,6,,,1,29,,66370,6,,,1,71,,66392,6,,,1,28,,66369,6,,,1,72,,66372,6,,,1,28,,66393,6,,,1,71,,66391,6,,,1,27,,66373,6,,,1,75,,66383,6,,,1,26,,66380,6,,,1,74,,66374,6,,,1,30,,66378,6,,,1,70,,66385,6,,,1,30,,66368,6,,,1,69,,66375,6,,,1,21,,66382,6,,,1,79,,66387,6,,,1,30,,66381,6,,,1,70,,66389,6,,,1,30,,66386,6,,,1,70,,66390,6,,,1,31,,66388,6,,,1,69,,66384,6,,,1,30,,66394,6,,,1,70,,66395,6,,,1,30,,66396,6,,,1,70,,66397,6,,,1,30,,66398,6,,,1,70,,66399,6,,,1,30,,66400,6,,,1
3800,'Semaine-0',646,,64012,6,,,1,59,,64028,6,,,1,32,,64023,6,,,1,70,,64036,6,,,1,30,,64033,6,,,1,71,,64009,6,,,1,19,,64005,6,,,1,20,,64016,6,,,1,60,,64001,6,,,1,20,,64025,6,,,1,20,,64010,6,,,1,60,,64006,6,,,1,20,,64017,6,,,1,20,,64002,6,,,1,60,,64024,6,,,1,20,,64035,6,,,1,20,,64007,6,,,1,60,,64018,6,,,1,20,,64026,6,,,1,20,,64037,6,,,1,60,,64011,6,,,1,20,,64008,6,,,1,21,,64019,6,,,1,70,,64032,6,,,1,31,,63997,6,,,1,70,,64021,6,,,1,34,,64030,6,,,1,64,,64020,6,,,1,30,,64034,6,,,1,69,,64000,6,,,1,30,,64031,6,,,1,69,,64014,6,,,1,31,,64022,6,,,1,72,,64027,6,,,1,27,,64029,6,,,1,70,,64013,6,,,1,30,,63999,6,,,1,70,,64015,6,,,1,30,,64003,6,,,1,70,,63998,6,,,1,30,,63996,6,,,1,69,,64004,6,,,1
3800,'Semaine-10',646,,71942,6,,,1,59,,71958,6,,,1,32,,71953,6,,,1,70,,71966,6,,,1,30,,71963,6,,,1,71,,71939,6,,,1,19,,71935,6,,,1,20,,71946,6,,,1,60,,71931,6,,,1,20,,71955,6,,,1,20,,71940,6,,,1,60,,71936,6,,,1,20,,71947,6,,,1,20,,71932,6,,,1,60,,71954,6,,,1,20,,71965,6,,,1,20,,71937,6,,,1,60,,71948,6,,,1,20,,71956,6,,,1,20,,71967,6,,,1,60,,71941,6,,,1,20,,71938,6,,,1,21,,71949,6,,,1,70,,71962,6,,,1,31,,71927,6,,,1,70,,71951,6,,,1,34,,71960,6,,,1,64,,71950,6,,,1,30,,71964,6,,,1,69,,71930,6,,,1,30,,71961,6,,,1,69,,71944,6,,,1,31,,71952,6,,,1,72,,71957,6,,,1,27,,71959,6,,,1,70,,71943,6,,,1,30,,71929,6,,,1,70,,71945,6,,,1,30,,71933,6,,,1,70,,71928,6,,,1,30,,71926,6,,,1,69,,71934,6,,,1
3800,'Semaine-11',646,,74473,6,,,1,59,,74489,6,,,1,32,,74484,6,,,1,70,,74497,6,,,1,30,,74494,6,,,1,71,,74470,6,,,1,19,,74466,6,,,1,20,,74477,6,,,1,60,,74462,6,,,1,20,,74486,6,,,1,20,,74471,6,,,1,60,,74467,6,,,1,20,,74478,6,,,1,20,,74463,6,,,1,60,,74485,6,,,1,20,,74496,6,,,1,20,,74468,6,,,1,60,,74479,6,,,1,20,,74487,6,,,1,20,,74498,6,,,1,60,,74472,6,,,1,20,,74469,6,,,1,21,,74480,6,,,1,70,,74493,6,,,1,31,,74458,6,,,1,70,,74482,6,,,1,34,,74491,6,,,1,64,,74481,6,,,1,30,,74495,6,,,1,69,,74461,6,,,1,30,,74492,6,,,1,69,,74475,6,,,1,31,,74483,6,,,1,72,,74488,6,,,1,27,,74490,6,,,1,70,,74474,6,,,1,30,,74460,6,,,1,70,,74476,6,,,1,30,,74464,6,,,1,70,,74459,6,,,1,30,,74457,6,,,1,69,,74465,6,,,1
4000,'Semaine-0',1513,,64155,5,,,1,30,,64151,5,,,2,70,,64154,5,,,1,29,,64153,5,,,1,70,,64152,5,,,1,32,,64156,5,,,1
4000,'Semaine-10',1513,,72085,5,,,1,30,,72081,5,,,2,70,,72084,5,,,1,29,,72083,5,,,1,70,,72082,5,,,1,32,,72086,5,,,1
4000,'Semaine-11',1513,,74616,5,,,1,30,,74612,5,,,2,70,,74615,5,,,1,29,,74614,5,,,1,70,,74613,5,,,1,32,,74617,5,,,1
4100,'Semaine-0',1523,,64164,5,,,1,30,,64166,5,,,1,72,,64165,5,,,2,27,,64163,5,,,1,70,,64167,5,,,1
4100,'Semaine-10',1523,,72094,5,,,1,30,,72096,5,,,1,72,,72095,5,,,2,27,,72093,5,,,1,70,,72097,5,,,1
4100,'Semaine-11',1523,,74625,5,,,1,30,,74627,5,,,1,72,,74626,5,,,2,27,,74624,5,,,1,70,,74628,5,,,1
4500,'Semaine-0',1459,,64182,5,,,1,73,,64177,5,,,1,70,,64178,5,,,1,32,,64180,5,,,1,67,,64181,5,,,1,30,,64179,5,,,2
4500,'Semaine-10',1459,,72112,5,,,1,73,,72107,5,,,1,70,,72108,5,,,1,32,,72110,5,,,1,67,,72111,5,,,1,30,,72109,5,,,2
4500,'Semaine-11',1459,,74643,5,,,1,73,,74638,5,,,1,70,,74639,5,,,1,32,,74641,5,,,1,67,,74642,5,,,1,30,,74640,5,,,2
4700,'Semaine-0',1518,,64189,5,,,1,100,,64190,5,,,1,98,,64191,5,,,2
4700,'Semaine-10',1518,,72119,5,,,1,100,,72120,5,,,1,98,,72121,5,,,2
4700,'Semaine-11',1518,,74650,5,,,1,100,,74651,5,,,1,98,,74652,5,,,2
5500,'Samedi-0',654,,66706,6,,,1,70,,66703,6,,,1,30,,66704,6,,,1,71,,66707,6,,,1,30,,66705,6,,,1,70,,66712,6,,,1,30,,66709,6,,,1,70,,66710,6,,,1,30,,66715,6,,,1,70,,66714,6,,,1,30,,66708,6,,,1,70,,66711,6,,,1,30,,66713,6,,,1,70,,66716,6,,,1,30,,66717,6,,,1,70,,66718,6,,,1,30,,66719,6,,,1,70,,66720,6,,,1,30,,66721,6,,,1,70,,66722,6,,,1,30,,66723,6,,,1,70,,66724,6,,,1,30,,66725,6,,,1,70,,66726,6,,,1,30,,66728,6,,,1,70,,66727,6,,,1,30,,66729,6,,,1,70,,66731,6,,,1,30,,66730,6,,,1,70,,66732,6,,,1,30,,66733,6,,,1,69,,66736,6,,,1,30,,66738,6,,,1,70,,66735,6,,,1,30,,66734,6,,,1,69,,66737,6,,,1
5500,'Samedi-10',654,,76811,6,,,1,70,,76808,6,,,1,30,,76809,6,,,1,71,,76812,6,,,1,30,,76810,6,,,1,70,,76817,6,,,1,30,,76814,6,,,1,70,,76815,6,,,1,30,,76820,6,,,1,70,,76819,6,,,1,30,,76813,6,,,1,70,,76816,6,,,1,30,,76818,6,,,1,70,,76821,6,,,1,30,,76822,6,,,1,70,,76823,6,,,1,30,,76824,6,,,1,70,,76825,6,,,1,30,,76826,6,,,1,70,,76827,6,,,1,30,,76828,6,,,1,70,,76829,6,,,1,30,,76830,6,,,1,70,,76831,6,,,1,30,,76833,6,,,1,70,,76832,6,,,1,30,,76834,6,,,1,70,,76836,6,,,1,30,,76835,6,,,1,70,,76837,6,,,1,30,,76838,6,,,1,69,,76841,6,,,1,30,,76843,6,,,1,70,,76840,6,,,1,30,,76839,6,,,1,69,,76842,6,,,1
5500,'Samedi-11',654,,70666,6,,,1,70,,70663,6,,,1,30,,70664,6,,,1,71,,70667,6,,,1,30,,70665,6,,,1,70,,70672,6,,,1,30,,70669,6,,,1,70,,70670,6,,,1,30,,70675,6,,,1,70,,70674,6,,,1,30,,70668,6,,,1,70,,70671,6,,,1,30,,70673,6,,,1,70,,70676,6,,,1,30,,70677,6,,,1,70,,70678,6,,,1,30,,70679,6,,,1,70,,70680,6,,,1,30,,70681,6,,,1,70,,70682,6,,,1,30,,70683,6,,,1,70,,70684,6,,,1,30,,70685,6,,,1,70,,70686,6,,,1,30,,70688,6,,,1,70,,70687,6,,,1,30,,70689,6,,,1,70,,70691,6,,,1,30,,70690,6,,,1,70,,70692,6,,,1,30,,70693,6,,,1,69,,70696,6,,,1,30,,70698,6,,,1,70,,70695,6,,,1,30,,70694,6,,,1,69,,70697,6,,,1
5500,'Dimanche-0',654,,68509,6,,,1,70,,68514,6,,,1,30,,68506,6,,,1,71,,68511,6,,,1,30,,68508,6,,,1,70,,68505,6,,,1,30,,68516,6,,,1,70,,68510,6,,,1,30,,68507,6,,,1,70,,68519,6,,,1,30,,68515,6,,,1,70,,68520,6,,,1,30,,68513,6,,,1,70,,68512,6,,,1,30,,68518,6,,,1,70,,68523,6,,,1,30,,68517,6,,,1,70,,68522,6,,,1,30,,68525,6,,,1,70,,68529,6,,,1,30,,68524,6,,,1,70,,68530,6,,,1,30,,68521,6,,,1,70,,68527,6,,,1,30,,68528,6,,,1,70,,68531,6,,,1,30,,68526,6,,,1,70,,68532,6,,,1,30,,68534,6,,,1,70,,68533,6,,,1,30,,68535,6,,,1,69,,68537,6,,,1,30,,68538,6,,,1,70,,68536,6,,,1,30,,68539,6,,,1,69,,68540,6,,,1
5500,'Dimanche-10',654,,69588,6,,,1,70,,69593,6,,,1,30,,69585,6,,,1,71,,69590,6,,,1,30,,69587,6,,,1,70,,69584,6,,,1,30,,69595,6,,,1,70,,69589,6,,,1,30,,69586,6,,,1,70,,69598,6,,,1,30,,69594,6,,,1,70,,69599,6,,,1,30,,69592,6,,,1,70,,69591,6,,,1,30,,69597,6,,,1,70,,69602,6,,,1,30,,69596,6,,,1,70,,69601,6,,,1,30,,69604,6,,,1,70,,69608,6,,,1,30,,69603,6,,,1,70,,69609,6,,,1,30,,69600,6,,,1,70,,69606,6,,,1,30,,69607,6,,,1,70,,69610,6,,,1,30,,69605,6,,,1,70,,69611,6,,,1,30,,69613,6,,,1,70,,69612,6,,,1,30,,69614,6,,,1,69,,69616,6,,,1,30,,69617,6,,,1,70,,69615,6,,,1,30,,69618,6,,,1,69,,69619,6,,,1
5500,'Dimanche-11',654,,66743,6,,,1,70,,66748,6,,,1,30,,66740,6,,,1,71,,66745,6,,,1,30,,66742,6,,,1,70,,66739,6,,,1,30,,66750,6,,,1,70,,66744,6,,,1,30,,66741,6,,,1,70,,66753,6,,,1,30,,66749,6,,,1,70,,66754,6,,,1,30,,66747,6,,,1,70,,66746,6,,,1,30,,66752,6,,,1,70,,66757,6,,,1,30,,66751,6,,,1,70,,66756,6,,,1,30,,66759,6,,,1,70,,66763,6,,,1,30,,66758,6,,,1,70,,66764,6,,,1,30,,66755,6,,,1,70,,66761,6,,,1,30,,66762,6,,,1,70,,66765,6,,,1,30,,66760,6,,,1,70,,66766,6,,,1,30,,66768,6,,,1,70,,66767,6,,,1,30,,66769,6,,,1,69,,66771,6,,,1,30,,66772,6,,,1,70,,66770,6,,,1,30,,66773,6,,,1,69,,66774,6,,,1
5500,'Semaine-0',627,,64323,6,,,1,100,,64339,6,,,1,29,,64322,6,,,1,100,,64358,6,,,1,68,,64359,6,,,1,30,,64328,6,,,1,70,,64338,6,,,1,30,,64342,6,,,1,70,,64364,6,,,1,30,,64324,6,,,1,71,,64363,6,,,1,29,,64341,6,,,1,70,,64356,6,,,1,30,,64350,6,,,1,63,,64357,6,,,1,15,,64343,6,,,1,14,,64321,6,,,1,13,,64362,6,,,1,57,,64332,6,,,1,15,,64365,6,,,1,13,,64353,6,,,1,10,,64325,6,,,1,53,,64336,6,,,1,18,,64368,6,,,1,9,,64361,6,,,1,11,,64327,6,,,1,11,,64344,6,,,1,51,,64337,6,,,1,12,,64366,6,,,1,13,,64351,6,,,1,10,,64331,6,,,1,12,,64326,6,,,1,50,,64367,6,,,1,11,,64335,6,,,1,12,,64330,6,,,1,10,,64340,6,,,1,70,,64355,6,,,1,30,,64360,6,,,1,70,,64347,6,,,1,30,,64333,6,,,1,70,,64354,6,,,1,29,,64345,6,,,1,70,,64348,6,,,1,30,,64334,6,,,1,70,,64349,6,,,1,30,,64346,6,,,1,69,,64329,6,,,1,30,,64352,6,,,1
5500,'Semaine-10',627,,72253,6,,,1,100,,72269,6,,,1,29,,72252,6,,,1,100,,72288,6,,,1,68,,72289,6,,,1,30,,72258,6,,,1,70,,72268,6,,,1,30,,72272,6,,,1,70,,72294,6,,,1,30,,72254,6,,,1,71,,72293,6,,,1,29,,72271,6,,,1,70,,72286,6,,,1,30,,72280,6,,,1,63,,72287,6,,,1,15,,72273,6,,,1,14,,72251,6,,,1,13,,72292,6,,,1,57,,72262,6,,,1,15,,72295,6,,,1,13,,72283,6,,,1,10,,72255,6,,,1,53,,72266,6,,,1,18,,72298,6,,,1,9,,72291,6,,,1,11,,72257,6,,,1,11,,72274,6,,,1,51,,72267,6,,,1,12,,72296,6,,,1,13,,72281,6,,,1,10,,72261,6,,,1,12,,72256,6,,,1,50,,72297,6,,,1,11,,72265,6,,,1,12,,72260,6,,,1,10,,72270,6,,,1,70,,72285,6,,,1,30,,72290,6,,,1,70,,72277,6,,,1,30,,72263,6,,,1,70,,72284,6,,,1,29,,72275,6,,,1,70,,72278,6,,,1,30,,72264,6,,,1,70,,72279,6,,,1,30,,72276,6,,,1,69,,72259,6,,,1,30,,72282,6,,,1
5500,'Semaine-11',627,,74784,6,,,1,100,,74800,6,,,1,29,,74783,6,,,1,100,,74819,6,,,1,68,,74820,6,,,1,30,,74789,6,,,1,70,,74799,6,,,1,30,,74803,6,,,1,70,,74825,6,,,1,30,,74785,6,,,1,71,,74824,6,,,1,29,,74802,6,,,1,70,,74817,6,,,1,30,,74811,6,,,1,63,,74818,6,,,1,15,,74804,6,,,1,14,,74782,6,,,1,13,,74823,6,,,1,57,,74793,6,,,1,15,,74826,6,,,1,13,,74814,6,,,1,10,,74786,6,,,1,53,,74797,6,,,1,18,,74829,6,,,1,9,,74822,6,,,1,11,,74788,6,,,1,11,,74805,6,,,1,51,,74798,6,,,1,12,,74827,6,,,1,13,,74812,6,,,1,10,,74792,6,,,1,12,,74787,6,,,1,50,,74828,6,,,1,11,,74796,6,,,1,12,,74791,6,,,1,10,,74801,6,,,1,70,,74816,6,,,1,30,,74821,6,,,1,70,,74808,6,,,1,30,,74794,6,,,1,70,,74815,6,,,1,29,,74806,6,,,1,70,,74809,6,,,1,30,,74795,6,,,1,70,,74810,6,,,1,30,,74807,6,,,1,69,,74790,6,,,1,30,,74813,6,,,1
5900,'Samedi-0',710,,66845,6,,,1,30,,66848,6,,,1,70,,66841,6,,,1,30,,66847,6,,,1,70,,66844,6,,,1,30,,66849,6,,,1,70,,66853,6,,,1,30,,66854,6,,,1,70,,66843,6,,,1,30,,66842,6,,,1,70,,66852,6,,,1,30,,66846,6,,,1,70,,66850,6,,,1,30,,66855,6,,,1,70,,66851,6,,,1,30,,66856,6,,,1,70,,66857,6,,,1,30,,66858,6,,,1,70,,66859,6,,,1,31,,66860,6,,,1,70,,66861,6,,,1,30,,66862,6,,,1,69,,66863,6,,,1,30,,66864,6,,,1,70,,66865,6,,,1,30,,66867,6,,,1,70,,66866,6,,,1,30,,66869,6,,,1,70,,66868,6,,,1,29,,66870,6,,,1,71,,66871,6,,,1,30,,66873,6,,,1,70,,66872,6,,,1,30,,66874,6,,,1
5900,'Samedi-10',710,,76881,6,,,1,30,,76884,6,,,1,70,,76877,6,,,1,30,,76883,6,,,1,70,,76880,6,,,1,30,,76885,6,,,1,70,,76889,6,,,1,30,,76890,6,,,1,70,,76879,6,,,1,30,,76878,6,,,1,70,,76888,6,,,1,30,,76882,6,,,1,70,,76886,6,,,1,30,,76891,6,,,1,70,,76887,6,,,1,30,,76892,6,,,1,70,,76893,6,,,1,30,,76894,6,,,1,70,,76895,6,,,1,31,,76896,6,,,1,70,,76897,6,,,1,30,,76898,6,,,1,69,,76899,6,,,1,30,,76900,6,,,1,70,,76901,6,,,1,30,,76903,6,,,1,70,,76902,6,,,1,30,,76905,6,,,1,70,,76904,6,,,1,29,,76906,6,,,1,71,,76907,6,,,1,30,,76909,6,,,1,70,,76908,6,,,1,30,,76910,6,,,1
5900,'Samedi-11',710,,70736,6,,,1,30,,70739,6,,,1,70,,70732,6,,,1,30,,70738,6,,,1,70,,70735,6,,,1,30,,70740,6,,,1,70,,70744,6,,,1,30,,70745,6,,,1,70,,70734,6,,,1,30,,70733,6,,,1,70,,70743,6,,,1,30,,70737,6,,,1,70,,70741,6,,,1,30,,70746,6,,,1,70,,70742,6,,,1,30,,70747,6,,,1,70,,70748,6,,,1,30,,70749,6,,,1,70,,70750,6,,,1,31,,70751,6,,,1,70,,70752,6,,,1,30,,70753,6,,,1,69,,70754,6,,,1,30,,70755,6,,,1,70,,70756,6,,,1,30,,70758,6,,,1,70,,70757,6,,,1,30,,70760,6,,,1,70,,70759,6,,,1,29,,70761,6,,,1,71,,70762,6,,,1,30,,70764,6,,,1,70,,70763,6,,,1,30,,70765,6,,,1
5900,'Dimanche-0',710,,68579,6,,,1,30,,68578,6,,,1,70,,68574,6,,,1,30,,68583,6,,,1,70,,68589,6,,,1,30,,68580,6,,,1,70,,68587,6,,,1,30,,68582,6,,,1,70,,68588,6,,,1,30,,68575,6,,,1,70,,68586,6,,,1,30,,68576,6,,,1,70,,68584,6,,,1,30,,68590,6,,,1,70,,68577,6,,,1,30,,68581,6,,,1,70,,68585,6,,,1,30,,68594,6,,,1,70,,68595,6,,,1,31,,68592,6,,,1,70,,68597,6,,,1,30,,68593,6,,,1,69,,68599,6,,,1,30,,68591,6,,,1,70,,68596,6,,,1,30,,68600,6,,,1,70,,68598,6,,,1,30,,68601,6,,,1,70,,68602,6,,,1,29,,68603,6,,,1,71,,68604,6,,,1,30,,68606,6,,,1,70,,68605,6,,,1,30,,68607,6,,,1
5900,'Dimanche-10',710,,69658,6,,,1,30,,69657,6,,,1,70,,69653,6,,,1,30,,69662,6,,,1,70,,69668,6,,,1,30,,69659,6,,,1,70,,69666,6,,,1,30,,69661,6,,,1,70,,69667,6,,,1,30,,69654,6,,,1,70,,69665,6,,,1,30,,69655,6,,,1,70,,69663,6,,,1,30,,69669,6,,,1,70,,69656,6,,,1,30,,69660,6,,,1,70,,69664,6,,,1,30,,69673,6,,,1,70,,69674,6,,,1,31,,69671,6,,,1,70,,69676,6,,,1,30,,69672,6,,,1,69,,69678,6,,,1,30,,69670,6,,,1,70,,69675,6,,,1,30,,69679,6,,,1,70,,69677,6,,,1,30,,69680,6,,,1,70,,69681,6,,,1,29,,69682,6,,,1,71,,69683,6,,,1,30,,69685,6,,,1,70,,69684,6,,,1,30,,69686,6,,,1
5900,'Dimanche-11',710,,66880,6,,,1,30,,66879,6,,,1,70,,66875,6,,,1,30,,66884,6,,,1,70,,66890,6,,,1,30,,66881,6,,,1,70,,66888,6,,,1,30,,66883,6,,,1,70,,66889,6,,,1,30,,66876,6,,,1,70,,66887,6,,,1,30,,66877,6,,,1,70,,66885,6,,,1,30,,66891,6,,,1,70,,66878,6,,,1,30,,66882,6,,,1,70,,66886,6,,,1,30,,66895,6,,,1,70,,66896,6,,,1,31,,66893,6,,,1,70,,66898,6,,,1,30,,66894,6,,,1,69,,66900,6,,,1,30,,66892,6,,,1,70,,66897,6,,,1,30,,66901,6,,,1,70,,66899,6,,,1,30,,66902,6,,,1,70,,66903,6,,,1,29,,66904,6,,,1,71,,66905,6,,,1,30,,66907,6,,,1,70,,66906,6,,,1,30,,66908,6,,,1
5900,'Semaine-0',555,,64453,6,,,1,97,,64488,6,,,1,86,,64493,6,,,1,88,,64469,6,,,1,84,,64465,6,,,1,29,,64486,6,,,1,70,,64462,6,,,1,30,,64485,6,,,1,70,,64476,6,,,1,30,,64470,6,,,1,70,,64478,6,,,1,30,,64461,6,,,1,70,,64489,6,,,1,30,,64452,6,,,1,71,,64483,6,,,1,14,,64454,6,,,1,16,,64487,6,,,1,70,,64447,6,,,1,14,,64491,6,,,1,15,,64446,6,,,1,8,,64481,6,,,1,54,,64477,6,,,1,7,,64490,1,,,1,6,,64464,6,,,1,13,,64448,6,,,1,6,,64492,1,,,1,6,,64449,6,,,1,12,,64457,6,,,1,52,,64484,6,,,1,12,,64473,6,,,1,11,,64460,6,,,1,12,,64482,6,,,1,12,,64468,6,,,1,52,,64480,6,,,1,9,,64450,6,,,1,10,,64455,6,,,1,31,,64475,6,,,1,70,,64466,6,,,1,30,,64471,6,,,1,69,,64459,6,,,1,30,,64467,6,,,1,70,,64472,6,,,1,30,,64479,6,,,1,70,,64456,6,,,1,30,,64474,6,,,1,70,,64463,6,,,1,30,,64451,6,,,1,70,,64458,6,,,1
5900,'Semaine-10',555,,72383,6,,,1,97,,72418,6,,,1,86,,72423,6,,,1,88,,72399,6,,,1,84,,72395,6,,,1,29,,72416,6,,,1,70,,72392,6,,,1,30,,72415,6,,,1,70,,72406,6,,,1,30,,72400,6,,,1,70,,72408,6,,,1,30,,72391,6,,,1,70,,72419,6,,,1,30,,72382,6,,,1,71,,72413,6,,,1,14,,72384,6,,,1,16,,72417,6,,,1,70,,72377,6,,,1,14,,72421,6,,,1,15,,72376,6,,,1,8,,72411,6,,,1,54,,72407,6,,,1,7,,72420,1,,,1,6,,72394,6,,,1,13,,72378,6,,,1,6,,72422,1,,,1,6,,72379,6,,,1,12,,72387,6,,,1,52,,72414,6,,,1,12,,72403,6,,,1,11,,72390,6,,,1,12,,72412,6,,,1,12,,72398,6,,,1,52,,72410,6,,,1,9,,72380,6,,,1,10,,72385,6,,,1,31,,72405,6,,,1,70,,72396,6,,,1,30,,72401,6,,,1,69,,72389,6,,,1,30,,72397,6,,,1,70,,72402,6,,,1,30,,72409,6,,,1,70,,72386,6,,,1,30,,72404,6,,,1,70,,72393,6,,,1,30,,72381,6,,,1,70,,72388,6,,,1
5900,'Semaine-11',555,,74914,6,,,1,97,,74949,6,,,1,86,,74954,6,,,1,88,,74930,6,,,1,84,,74926,6,,,1,29,,74947,6,,,1,70,,74923,6,,,1,30,,74946,6,,,1,70,,74937,6,,,1,30,,74931,6,,,1,70,,74939,6,,,1,30,,74922,6,,,1,70,,74950,6,,,1,30,,74913,6,,,1,71,,74944,6,,,1,14,,74915,6,,,1,16,,74948,6,,,1,70,,74908,6,,,1,14,,74952,6,,,1,15,,74907,6,,,1,8,,74942,6,,,1,54,,74938,6,,,1,7,,74951,1,,,1,6,,74925,6,,,1,13,,74909,6,,,1,6,,74953,1,,,1,6,,74910,6,,,1,12,,74918,6,,,1,52,,74945,6,,,1,12,,74934,6,,,1,11,,74921,6,,,1,12,,74943,6,,,1,12,,74929,6,,,1,52,,74941,6,,,1,9,,74911,6,,,1,10,,74916,6,,,1,31,,74936,6,,,1,70,,74927,6,,,1,30,,74932,6,,,1,69,,74920,6,,,1,30,,74928,6,,,1,70,,74933,6,,,1,30,,74940,6,,,1,70,,74917,6,,,1,30,,74935,6,,,1,70,,74924,6,,,1,30,,74912,6,,,1,70,,74919,6,,,1
6701,'Samedi-0',652,,67245,32,,,1,100,,67251,32,,,1,101,,67247,32,,,1,101,,67246,32,,,1,70,,67249,32,,,1,31,,67254,32,,,1,70,,67255,32,,,1,30,,67248,32,,,1,70,,67250,32,,,1,30,,67253,32,,,1,70,,67256,32,,,1,31,,67257,32,,,1,70,,67252,32,,,1,30,,67258,32,,,1,70,,67259,32,,,1,30,,67260,32,,,1,71,,67261,32,,,1,28,,67262,32,,,1,72,,67263,32,,,1,29,,67264,32,,,1,70,,67265,32,,,1,27,,67266,32,,,1,71,,67267,32,,,1,100,,67268,32,,,1,100,,67269,32,,,1,100,,67271,32,,,1,98,,67270,32,,,1
6701,'Samedi-10',652,,77079,32,,,1,100,,77085,32,,,1,101,,77081,32,,,1,101,,77080,32,,,1,70,,77083,32,,,1,31,,77088,32,,,1,70,,77089,32,,,1,30,,77082,32,,,1,70,,77084,32,,,1,30,,77087,32,,,1,70,,77090,32,,,1,31,,77091,32,,,1,70,,77086,32,,,1,30,,77092,32,,,1,70,,77093,32,,,1,30,,77094,32,,,1,71,,77095,32,,,1,28,,77096,32,,,1,72,,77097,32,,,1,29,,77098,32,,,1,70,,77099,32,,,1,27,,77100,32,,,1,71,,77101,32,,,1,100,,77102,32,,,1,100,,77103,32,,,1,100,,77105,32,,,1,98,,77104,32,,,1
6701,'Samedi-11',652,,70934,32,,,1,100,,70940,32,,,1,101,,70936,32,,,1,101,,70935,32,,,1,70,,70938,32,,,1,31,,70943,32,,,1,70,,70944,32,,,1,30,,70937,32,,,1,70,,70939,32,,,1,30,,70942,32,,,1,70,,70945,32,,,1,31,,70946,32,,,1,70,,70941,32,,,1,30,,70947,32,,,1,70,,70948,32,,,1,30,,70949,32,,,1,71,,70950,32,,,1,28,,70951,32,,,1,72,,70952,32,,,1,29,,70953,32,,,1,70,,70954,32,,,1,27,,70955,32,,,1,71,,70956,32,,,1,100,,70957,32,,,1,100,,70958,32,,,1,100,,70960,32,,,1,98,,70959,32,,,1
6701,'Dimanche-0',652,,68776,32,,,1,100,,68779,32,,,1,101,,68781,32,,,1,101,,68784,32,,,1,70,,68790,32,,,1,31,,68778,32,,,1,70,,68791,32,,,1,30,,68782,32,,,1,70,,68785,32,,,1,30,,68783,32,,,1,70,,68777,32,,,1,31,,68787,32,,,1,70,,68788,32,,,1,30,,68780,32,,,1,70,,68786,32,,,1,30,,68793,32,,,1,71,,68789,32,,,1,28,,68796,32,,,1,72,,68797,32,,,1,29,,68794,32,,,1,70,,68799,32,,,1,27,,68792,32,,,1,71,,68798,32,,,1,100,,68795,32,,,1,100,,68800,32,,,1,100,,68801,32,,,1,98,,68802,32,,,1
6701,'Dimanche-10',652,,69855,32,,,1,100,,69858,32,,,1,101,,69860,32,,,1,101,,69863,32,,,1,70,,69869,32,,,1,31,,69857,32,,,1,70,,69870,32,,,1,30,,69861,32,,,1,70,,69864,32,,,1,30,,69862,32,,,1,70,,69856,32,,,1,31,,69866,32,,,1,70,,69867,32,,,1,30,,69859,32,,,1,70,,69865,32,,,1,30,,69872,32,,,1,71,,69868,32,,,1,28,,69875,32,,,1,72,,69876,32,,,1,29,,69873,32,,,1,70,,69878,32,,,1,27,,69871,32,,,1,71,,69877,32,,,1,100,,69874,32,,,1,100,,69879,32,,,1,100,,69880,32,,,1,98,,69881,32,,,1
6701,'Dimanche-11',652,,67272,32,,,1,100,,67275,32,,,1,101,,67277,32,,,1,101,,67280,32,,,1,70,,67286,32,,,1,31,,67274,32,,,1,70,,67287,32,,,1,30,,67278,32,,,1,70,,67281,32,,,1,30,,67279,32,,,1,70,,67273,32,,,1,31,,67283,32,,,1,70,,67284,32,,,1,30,,67276,32,,,1,70,,67282,32,,,1,30,,67289,32,,,1,71,,67285,32,,,1,28,,67292,32,,,1,72,,67293,32,,,1,29,,67290,32,,,1,70,,67295,32,,,1,27,,67288,32,,,1,71,,67294,32,,,1,100,,67291,32,,,1,100,,67296,32,,,1,100,,67297,32,,,1,98,,67298,32,,,1
6701,'Semaine-0',930,,64860,32,,,1,20,,64849,32,,,1,60,,64867,32,,,1,20,,64853,32,,,1,20,,64847,32,,,1,60,,64868,32,,,1,20,,64861,32,,,1,20,,64850,32,,,1,60,,64869,32,,,1,20,,64854,32,,,1,20,,64857,32,,,1,60,,64870,32,,,1,20,,64856,32,,,1,20,,64851,32,,,1,60,,64871,32,,,1,20,,64862,32,,,1,20,,64864,32,,,1,61,,64866,32,,,1,20,,64858,32,,,1,74,,64842,32,,,1,30,,64865,32,,,1,68,,64845,32,,,1,30,,64863,32,,,1,70,,64859,32,,,1,28,,64852,32,,,1,69,,64840,32,,,1,28,,64855,32,,,1,30,,64843,32,,,2,70,,64872,32,,,2,30,,64841,32,,,1,70,,64874,32,,,1,29,,64844,32,,,2,70,,64875,32,,,1,29,,64846,32,,,1,69,,64873,32,,,1,30,,64848,32,,,2
6701,'Semaine-10',930,,72790,32,,,1,20,,72779,32,,,1,60,,72797,32,,,1,20,,72783,32,,,1,20,,72777,32,,,1,60,,72798,32,,,1,20,,72791,32,,,1,20,,72780,32,,,1,60,,72799,32,,,1,20,,72784,32,,,1,20,,72787,32,,,1,60,,72800,32,,,1,20,,72786,32,,,1,20,,72781,32,,,1,60,,72801,32,,,1,20,,72792,32,,,1,20,,72794,32,,,1,61,,72796,32,,,1,20,,72788,32,,,1,74,,72772,32,,,1,30,,72795,32,,,1,68,,72775,32,,,1,30,,72793,32,,,1,70,,72789,32,,,1,28,,72782,32,,,1,69,,72770,32,,,1,28,,72785,32,,,1,30,,72773,32,,,2,70,,72802,32,,,2,30,,72771,32,,,1,70,,72804,32,,,1,29,,72774,32,,,2,70,,72805,32,,,1,29,,72776,32,,,1,69,,72803,32,,,1,30,,72778,32,,,2
6701,'Semaine-11',930,,75321,32,,,1,20,,75310,32,,,1,60,,75328,32,,,1,20,,75314,32,,,1,20,,75308,32,,,1,60,,75329,32,,,1,20,,75322,32,,,1,20,,75311,32,,,1,60,,75330,32,,,1,20,,75315,32,,,1,20,,75318,32,,,1,60,,75331,32,,,1,20,,75317,32,,,1,20,,75312,32,,,1,60,,75332,32,,,1,20,,75323,32,,,1,20,,75325,32,,,1,61,,75327,32,,,1,20,,75319,32,,,1,74,,75303,32,,,1,30,,75326,32,,,1,68,,75306,32,,,1,30,,75324,32,,,1,70,,75320,32,,,1,28,,75313,32,,,1,69,,75301,32,,,1,28,,75316,32,,,1,30,,75304,32,,,2,70,,75333,32,,,2,30,,75302,32,,,1,70,,75335,32,,,1,29,,75305,32,,,2,70,,75336,32,,,1,29,,75307,32,,,1,69,,75334,32,,,1,30,,75309,32,,,2
37100,'Samedi-0',750,,67718,6,,,1,100,,67722,6,,,1,100,,67717,6,,,1,100,,67723,6,,,1,100,,67719,6,,,1,100,,67720,6,,,1,100,,67721,6,,,1,100,,67724,6,,,1,100,,67725,6,,,1,100,,67726,6,,,1,100,,67727,6,,,1,100,,67728,6,,,1,100,,67729,6,,,1,100,,67730,6,,,1,100,,67731,6,,,1,100,,67732,6,,,1,100,,67733,6,,,1
37100,'Samedi-10',750,,77316,6,,,1,100,,77320,6,,,1,100,,77315,6,,,1,100,,77321,6,,,1,100,,77317,6,,,1,100,,77318,6,,,1,100,,77319,6,,,1,100,,77322,6,,,1,100,,77323,6,,,1,100,,77324,6,,,1,100,,77325,6,,,1,100,,77326,6,,,1,100,,77327,6,,,1,100,,77328,6,,,1,100,,77329,6,,,1,100,,77330,6,,,1,100,,77331,6,,,1
37100,'Samedi-11',750,,71171,6,,,1,100,,71175,6,,,1,100,,71170,6,,,1,100,,71176,6,,,1,100,,71172,6,,,1,100,,71173,6,,,1,100,,71174,6,,,1,100,,71177,6,,,1,100,,71178,6,,,1,100,,71179,6,,,1,100,,71180,6,,,1,100,,71181,6,,,1,100,,71182,6,,,1,100,,71183,6,,,1,100,,71184,6,,,1,100,,71185,6,,,1,100,,71186,6,,,1
37100,'Dimanche-0',750,,69012,6,,,1,100,,69014,6,,,1,100,,69016,6,,,1,100,,69017,6,,,1,100,,69024,6,,,1,100,,69013,6,,,1,100,,69018,6,,,1,100,,69015,6,,,1,100,,69020,6,,,1,100,,69022,6,,,1,100,,69023,6,,,1,100,,69021,6,,,1,100,,69019,6,,,1,100,,69025,6,,,1,100,,69026,6,,,1,100,,69027,6,,,1,100,,69028,6,,,1
37100,'Dimanche-10',750,,70091,6,,,1,100,,70093,6,,,1,100,,70095,6,,,1,100,,70096,6,,,1,100,,70103,6,,,1,100,,70092,6,,,1,100,,70097,6,,,1,100,,70094,6,,,1,100,,70099,6,,,1,100,,70101,6,,,1,100,,70102,6,,,1,100,,70100,6,,,1,100,,70098,6,,,1,100,,70104,6,,,1,100,,70105,6,,,1,100,,70106,6,,,1,100,,70107,6,,,1
37100,'Dimanche-11',750,,67734,6,,,1,100,,67736,6,,,1,100,,67738,6,,,1,100,,67739,6,,,1,100,,67746,6,,,1,100,,67735,6,,,1,100,,67740,6,,,1,100,,67737,6,,,1,100,,67742,6,,,1,100,,67744,6,,,1,100,,67745,6,,,1,100,,67743,6,,,1,100,,67741,6,,,1,100,,67747,6,,,1,100,,67748,6,,,1,100,,67749,6,,,1,100,,67750,6,,,1
37100,'Semaine-0',656,,65591,6,,,1,72,,65588,6,,,1,30,,65584,6,,,1,69,,65579,6,,,1,90,,65598,6,,,1,99,,65583,6,,,1,100,,65585,6,,,1,100,,65597,6,,,1,100,,65592,6,,,1,101,,65581,6,,,1,91,,65593,6,,,1,19,,65602,6,,,1,16,,65582,6,,,1,15,,65603,6,,,1,66,,65578,6,,,1,20,,65587,6,,,1,69,,65594,6,,,1,25,,65600,6,,,1,69,,65599,6,,,1,30,,65589,6,,,1,69,,65601,6,,,1,30,,65604,6,,,1,70,,65590,6,,,1,95,,65586,6,,,1,100,,65596,6,,,1,100,,65595,6,,,1,100,,65580,6,,,1
37100,'Semaine-10',656,,73521,6,,,1,72,,73518,6,,,1,30,,73514,6,,,1,69,,73509,6,,,1,90,,73528,6,,,1,99,,73513,6,,,1,100,,73515,6,,,1,100,,73527,6,,,1,100,,73522,6,,,1,101,,73511,6,,,1,91,,73523,6,,,1,19,,73532,6,,,1,16,,73512,6,,,1,15,,73533,6,,,1,66,,73508,6,,,1,20,,73517,6,,,1,69,,73524,6,,,1,25,,73530,6,,,1,69,,73529,6,,,1,30,,73519,6,,,1,69,,73531,6,,,1,30,,73534,6,,,1,70,,73520,6,,,1,95,,73516,6,,,1,100,,73526,6,,,1,100,,73525,6,,,1,100,,73510,6,,,1
37100,'Semaine-11',656,,76052,6,,,1,72,,76049,6,,,1,30,,76045,6,,,1,69,,76040,6,,,1,90,,76059,6,,,1,99,,76044,6,,,1,100,,76046,6,,,1,100,,76058,6,,,1,100,,76053,6,,,1,101,,76042,6,,,1,91,,76054,6,,,1,19,,76063,6,,,1,16,,76043,6,,,1,15,,76064,6,,,1,66,,76039,6,,,1,20,,76048,6,,,1,69,,76055,6,,,1,25,,76061,6,,,1,69,,76060,6,,,1,30,,76050,6,,,1,69,,76062,6,,,1,30,,76065,6,,,1,70,,76051,6,,,1,95,,76047,6,,,1,100,,76057,6,,,1,100,,76056,6,,,1,100,,76041,6,,,1
40000,'Samedi-0',604,,67785,6,,,1,20,,67786,6,,,1,15,,67789,6,,,1,15,,67794,6,,,1,55,,67803,6,,,1,15,,67804,6,,,1,15,,67787,6,,,1,15,,67791,6,,,1,55,,67788,6,,,1,15,,67812,6,,,1,15,,67790,6,,,1,15,,67793,6,,,1,55,,67792,6,,,1,15,,67795,6,,,1,15,,67813,6,,,1,15,,67811,6,,,1,55,,67814,6,,,1,15,,67796,6,,,1,15,,67798,6,,,1,15,,67801,6,,,1,55,,67802,6,,,1,15,,67797,6,,,1,15,,67808,6,,,1,15,,67810,6,,,1,55,,67815,6,,,1,15,,67800,6,,,1,15,,67799,6,,,1,15,,67805,6,,,1,56,,67806,6,,,1,15,,67807,6,,,1,15,,67816,6,,,1,15,,67809,6,,,1,55,,67817,6,,,1,15,,67818,6,,,1,15,,67819,6,,,1,15,,67820,6,,,1,55,,67821,6,,,1,15,,67822,6,,,1,15,,67823,6,,,1,15,,67824,6,,,1,55,,67825,6,,,1,15,,67826,6,,,1,15,,67827,6,,,1,15,,67828,6,,,1,55,,67829,6,,,1,15,,67830,6,,,1,15,,67831,6,,,1,15,,67832,6,,,1,55,,67838,6,,,1,15,,67833,6,,,1,15,,67834,6,,,1,15,,67835,6,,,1,54,,67836,6,,,1,16,,67837,6,,,1,14,,67841,6,,,1,15,,67839,6,,,1,55,,67840,6,,,1,15,,67845,6,,,1,15,,67844,6,,,1,16,,67843,6,,,1,54,,67842,6,,,1,16,,67849,6,,,1,14,,67846,6,,,1,15,,67847,6,,,1,55,,67848,6,,,1,15,,67856,6,,,1,16,,67851,6,,,1,15,,67850,6,,,1,54,,67852,6,,,1,16,,67853,6,,,1,14,,67854,6,,,1,16,,67855,6,,,1,54,,67857,6,,,1
40000,'Samedi-10',604,,77349,6,,,1,20,,77350,6,,,1,15,,77353,6,,,1,15,,77358,6,,,1,55,,77367,6,,,1,15,,77368,6,,,1,15,,77351,6,,,1,15,,77355,6,,,1,55,,77352,6,,,1,15,,77376,6,,,1,15,,77354,6,,,1,15,,77357,6,,,1,55,,77356,6,,,1,15,,77359,6,,,1,15,,77377,6,,,1,15,,77375,6,,,1,55,,77378,6,,,1,15,,77360,6,,,1,15,,77362,6,,,1,15,,77365,6,,,1,55,,77366,6,,,1,15,,77361,6,,,1,15,,77372,6,,,1,15,,77374,6,,,1,55,,77379,6,,,1,15,,77364,6,,,1,15,,77363,6,,,1,15,,77369,6,,,1,56,,77370,6,,,1,15,,77371,6,,,1,15,,77380,6,,,1,15,,77373,6,,,1,55,,77381,6,,,1,15,,77382,6,,,1,15,,77383,6,,,1,15,,77384,6,,,1,55,,77385,6,,,1,15,,77386,6,,,1,15,,77387,6,,,1,15,,77388,6,,,1,55,,77389,6,,,1,15,,77390,6,,,1,15,,77391,6,,,1,15,,77392,6,,,1,55,,77393,6,,,1,15,,77394,6,,,1,15,,77395,6,,,1,15,,77396,6,,,1,55,,77402,6,,,1,15,,77397,6,,,1,15,,77398,6,,,1,15,,77399,6,,,1,54,,77400,6,,,1,16,,77401,6,,,1,14,,77405,6,,,1,15,,77403,6,,,1,55,,77404,6,,,1,15,,77409,6,,,1,15,,77408,6,,,1,16,,77407,6,,,1,54,,77406,6,,,1,16,,77413,6,,,1,14,,77410,6,,,1,15,,77411,6,,,1,55,,77412,6,,,1,15,,77420,6,,,1,16,,77415,6,,,1,15,,77414,6,,,1,54,,77416,6,,,1,16,,77417,6,,,1,14,,77418,6,,,1,16,,77419,6,,,1,54,,77421,6,,,1
40000,'Samedi-11',604,,71204,6,,,1,20,,71205,6,,,1,15,,71208,6,,,1,15,,71213,6,,,1,55,,71222,6,,,1,15,,71223,6,,,1,15,,71206,6,,,1,15,,71210,6,,,1,55,,71207,6,,,1,15,,71231,6,,,1,15,,71209,6,,,1,15,,71212,6,,,1,55,,71211,6,,,1,15,,71214,6,,,1,15,,71232,6,,,1,15,,71230,6,,,1,55,,71233,6,,,1,15,,71215,6,,,1,15,,71217,6,,,1,15,,71220,6,,,1,55,,71221,6,,,1,15,,71216,6,,,1,15,,71227,6,,,1,15,,71229,6,,,1,55,,71234,6,,,1,15,,71219,6,,,1,15,,71218,6,,,1,15,,71224,6,,,1,56,,71225,6,,,1,15,,71226,6,,,1,15,,71235,6,,,1,15,,71228,6,,,1,55,,71236,6,,,1,15,,71237,6,,,1,15,,71238,6,,,1,15,,71239,6,,,1,55,,71240,6,,,1,15,,71241,6,,,1,15,,71242,6,,,1,15,,71243,6,,,1,55,,71244,6,,,1,15,,71245,6,,,1,15,,71246,6,,,1,15,,71247,6,,,1,55,,71248,6,,,1,15,,71249,6,,,1,15,,71250,6,,,1,15,,71251,6,,,1,55,,71257,6,,,1,15,,71252,6,,,1,15,,71253,6,,,1,15,,71254,6,,,1,54,,71255,6,,,1,16,,71256,6,,,1,14,,71260,6,,,1,15,,71258,6,,,1,55,,71259,6,,,1,15,,71264,6,,,1,15,,71263,6,,,1,16,,71262,6,,,1,54,,71261,6,,,1,16,,71268,6,,,1,14,,71265,6,,,1,15,,71266,6,,,1,55,,71267,6,,,1,15,,71275,6,,,1,16,,71270,6,,,1,15,,71269,6,,,1,54,,71271,6,,,1,16,,71272,6,,,1,14,,71273,6,,,1,16,,71274,6,,,1,54,,71276,6,,,1
40000,'Dimanche-0',604,,69046,6,,,1,20,,69047,6,,,1,15,,69055,6,,,1,15,,69067,6,,,1,55,,69069,6,,,1,15,,69050,6,,,1,15,,69057,6,,,1,15,,69056,6,,,1,55,,69048,6,,,1,15,,69049,6,,,1,15,,69058,6,,,1,15,,69066,6,,,1,55,,69068,6,,,1,15,,69051,6,,,1,15,,69061,6,,,1,15,,69060,6,,,1,55,,69075,6,,,1,15,,69076,6,,,1,15,,69072,6,,,1,15,,69087,6,,,1,55,,69080,6,,,1,15,,69071,6,,,1,15,,69086,6,,,1,15,,69059,6,,,1,55,,69074,6,,,1,15,,69077,6,,,1,15,,69065,6,,,1,15,,69088,6,,,1,56,,69081,6,,,1,15,,69062,6,,,1,15,,69070,6,,,1,15,,69063,6,,,1,55,,69073,6,,,1,15,,69082,6,,,1,15,,69064,6,,,1,15,,69052,6,,,1,55,,69078,6,,,1,15,,69053,6,,,1,15,,69085,6,,,1,15,,69054,6,,,1,55,,69094,6,,,1,15,,69083,6,,,1,15,,69098,6,,,1,15,,69092,6,,,1,55,,69079,6,,,1,15,,69096,6,,,1,15,,69084,6,,,1,15,,69100,6,,,1,55,,69093,6,,,1,15,,69101,6,,,1,15,,69097,6,,,1,15,,69102,6,,,1,54,,69089,6,,,1,16,,69095,6,,,1,14,,69090,6,,,1,15,,69099,6,,,1,55,,69091,6,,,1,15,,69103,6,,,1,15,,69104,6,,,1,16,,69106,6,,,1,54,,69105,6,,,1,16,,69108,6,,,1,14,,69107,6,,,1,15,,69109,6,,,1,55,,69110,6,,,1,15,,69115,6,,,1,16,,69111,6,,,1,15,,69113,6,,,1,54,,69112,6,,,1,16,,69114,6,,,1,14,,69117,6,,,1,16,,69116,6,,,1,54,,69118,6,,,1
40000,'Dimanche-10',604,,70125,6,,,1,20,,70126,6,,,1,15,,70134,6,,,1,15,,70146,6,,,1,55,,70148,6,,,1,15,,70129,6,,,1,15,,70136,6,,,1,15,,70135,6,,,1,55,,70127,6,,,1,15,,70128,6,,,1,15,,70137,6,,,1,15,,70145,6,,,1,55,,70147,6,,,1,15,,70130,6,,,1,15,,70140,6,,,1,15,,70139,6,,,1,55,,70154,6,,,1,15,,70155,6,,,1,15,,70151,6,,,1,15,,70166,6,,,1,55,,70159,6,,,1,15,,70150,6,,,1,15,,70165,6,,,1,15,,70138,6,,,1,55,,70153,6,,,1,15,,70156,6,,,1,15,,70144,6,,,1,15,,70167,6,,,1,56,,70160,6,,,1,15,,70141,6,,,1,15,,70149,6,,,1,15,,70142,6,,,1,55,,70152,6,,,1,15,,70161,6,,,1,15,,70143,6,,,1,15,,70131,6,,,1,55,,70157,6,,,1,15,,70132,6,,,1,15,,70164,6,,,1,15,,70133,6,,,1,55,,70173,6,,,1,15,,70162,6,,,1,15,,70177,6,,,1,15,,70171,6,,,1,55,,70158,6,,,1,15,,70175,6,,,1,15,,70163,6,,,1,15,,70179,6,,,1,55,,70172,6,,,1,15,,70180,6,,,1,15,,70176,6,,,1,15,,70181,6,,,1,54,,70168,6,,,1,16,,70174,6,,,1,14,,70169,6,,,1,15,,70178,6,,,1,55,,70170,6,,,1,15,,70182,6,,,1,15,,70183,6,,,1,16,,70185,6,,,1,54,,70184,6,,,1,16,,70187,6,,,1,14,,70186,6,,,1,15,,70188,6,,,1,55,,70189,6,,,1,15,,70194,6,,,1,16,,70190,6,,,1,15,,70192,6,,,1,54,,70191,6,,,1,16,,70193,6,,,1,14,,70196,6,,,1,16,,70195,6,,,1,54,,70197,6,,,1
40000,'Dimanche-11',604,,67858,6,,,1,20,,67859,6,,,1,15,,67867,6,,,1,15,,67879,6,,,1,55,,67881,6,,,1,15,,67862,6,,,1,15,,67869,6,,,1,15,,67868,6,,,1,55,,67860,6,,,1,15,,67861,6,,,1,15,,67870,6,,,1,15,,67878,6,,,1,55,,67880,6,,,1,15,,67863,6,,,1,15,,67873,6,,,1,15,,67872,6,,,1,55,,67887,6,,,1,15,,67888,6,,,1,15,,67884,6,,,1,15,,67899,6,,,1,55,,67892,6,,,1,15,,67883,6,,,1,15,,67898,6,,,1,15,,67871,6,,,1,55,,67886,6,,,1,15,,67889,6,,,1,15,,67877,6,,,1,15,,67900,6,,,1,56,,67893,6,,,1,15,,67874,6,,,1,15,,67882,6,,,1,15,,67875,6,,,1,55,,67885,6,,,1,15,,67894,6,,,1,15,,67876,6,,,1,15,,67864,6,,,1,55,,67890,6,,,1,15,,67865,6,,,1,15,,67897,6,,,1,15,,67866,6,,,1,55,,67906,6,,,1,15,,67895,6,,,1,15,,67910,6,,,1,15,,67904,6,,,1,55,,67891,6,,,1,15,,67908,6,,,1,15,,67896,6,,,1,15,,67912,6,,,1,55,,67905,6,,,1,15,,67913,6,,,1,15,,67909,6,,,1,15,,67914,6,,,1,54,,67901,6,,,1,16,,67907,6,,,1,14,,67902,6,,,1,15,,67911,6,,,1,55,,67903,6,,,1,15,,67915,6,,,1,15,,67916,6,,,1,16,,67918,6,,,1,54,,67917,6,,,1,16,,67920,6,,,1,14,,67919,6,,,1,15,,67921,6,,,1,55,,67922,6,,,1,15,,67927,6,,,1,16,,67923,6,,,1,15,,67925,6,,,1,54,,67924,6,,,1,16,,67926,6,,,1,14,,67929,6,,,1,16,,67928,6,,,1,54,,67930,6,,,1
40000,'Semaine-0',540,,65630,6,,,1,15,,65636,6,,,1,55,,65659,6,,,1,14,,65674,6,,,1,16,,65664,6,,,1,16,,65722,6,,,1,49,,65694,6,,,1,10,,65646,6,,,1,10,,65693,6,,,1,18,,65688,6,,,1,13,,65689,6,,,1,50,,65644,6,,,1,12,,65666,6,,,1,12,,65668,6,,,1,12,,65715,6,,,1,12,,65685,6,,,1,52,,65639,6,,,1,13,,65648,6,,,1,9,,65634,6,,,1,8,,65637,6,,,1,10,,65690,6,,,1,10,,65656,6,,,1,50,,65669,6,,,1,10,,65662,6,,,1,10,,65663,6,,,1,10,,65695,6,,,1,10,,65675,6,,,1,10,,65686,6,,,1,51,,65640,6,,,1,9,,65649,6,,,1,10,,65638,6,,,1,11,,65716,6,,,1,9,,65691,6,,,1,10,,65657,6,,,1,51,,65670,6,,,1,11,,65661,6,,,1,10,,65653,6,,,1,9,,65682,6,,,1,11,,65665,6,,,1,4,,65676,6,,,1,5,,65687,6,,,1,51,,65641,6,,,1,10,,65651,6,,,1,10,,65643,6,,,1,10,,65633,6,,,1,10,,65692,6,,,1,10,,65673,6,,,1,50,,65671,6,,,1,6,,65683,6,,,1,6,,65660,6,,,1,6,,65652,6,,,1,6,,65700,6,,,1,6,,65701,6,,,1,4,,65702,6,,,1,6,,65703,6,,,1,2,,65704,6,,,1,8,,65714,6,,,1,45,,65720,6,,,1,2,,65705,6,,,1,238,,65706,6,,,1,5,,65707,6,,,1,5,,65708,6,,,1,5,,65709,6,,,1,45,,65721,6,,,1,5,,65710,6,,,1,8,,65711,6,,,1,8,,65712,6,,,1,12,,65713,6,,,1,12,,65677,6,,,1,52,,65678,6,,,1,11,,65672,6,,,1,12,,65698,6,,,1,12,,65681,6,,,1,12,,65667,6,,,1,12,,65645,6,,,1,52,,65717,6,,,1,12,,65650,6,,,1,13,,65718,6,,,1,11,,65658,6,,,1,12,,65679,6,,,1,52,,65719,6,,,1,14,,65655,6,,,1,14,,65699,6,,,1,15,,65697,6,,,1,55,,65642,6,,,1,15,,65631,6,,,1,15,,65647,6,,,1,15,,65680,6,,,1,55,,65654,6,,,1,15,,65684,6,,,1,15,,65696,6,,,1,15,,65635,6,,,1,55,,65632,6,,,1
40000,'Semaine-10',540,,73560,6,,,1,15,,73566,6,,,1,55,,73589,6,,,1,14,,73604,6,,,1,16,,73594,6,,,1,16,,73652,6,,,1,49,,73624,6,,,1,10,,73576,6,,,1,10,,73623,6,,,1,18,,73618,6,,,1,13,,73619,6,,,1,50,,73574,6,,,1,12,,73596,6,,,1,12,,73598,6,,,1,12,,73645,6,,,1,12,,73615,6,,,1,52,,73569,6,,,1,13,,73578,6,,,1,9,,73564,6,,,1,8,,73567,6,,,1,10,,73620,6,,,1,10,,73586,6,,,1,50,,73599,6,,,1,10,,73592,6,,,1,10,,73593,6,,,1,10,,73625,6,,,1,10,,73605,6,,,1,10,,73616,6,,,1,51,,73570,6,,,1,9,,73579,6,,,1,10,,73568,6,,,1,11,,73646,6,,,1,9,,73621,6,,,1,10,,73587,6,,,1,51,,73600,6,,,1,11,,73591,6,,,1,10,,73583,6,,,1,9,,73612,6,,,1,11,,73595,6,,,1,4,,73606,6,,,1,5,,73617,6,,,1,51,,73571,6,,,1,10,,73581,6,,,1,10,,73573,6,,,1,10,,73563,6,,,1,10,,73622,6,,,1,10,,73603,6,,,1,50,,73601,6,,,1,6,,73613,6,,,1,6,,73590,6,,,1,6,,73582,6,,,1,6,,73630,6,,,1,6,,73631,6,,,1,4,,73632,6,,,1,6,,73633,6,,,1,2,,73634,6,,,1,8,,73644,6,,,1,45,,73650,6,,,1,2,,73635,6,,,1,238,,73636,6,,,1,5,,73637,6,,,1,5,,73638,6,,,1,5,,73639,6,,,1,45,,73651,6,,,1,5,,73640,6,,,1,8,,73641,6,,,1,8,,73642,6,,,1,12,,73643,6,,,1,12,,73607,6,,,1,52,,73608,6,,,1,11,,73602,6,,,1,12,,73628,6,,,1,12,,73611,6,,,1,12,,73597,6,,,1,12,,73575,6,,,1,52,,73647,6,,,1,12,,73580,6,,,1,13,,73648,6,,,1,11,,73588,6,,,1,12,,73609,6,,,1,52,,73649,6,,,1,14,,73585,6,,,1,14,,73629,6,,,1,15,,73627,6,,,1,55,,73572,6,,,1,15,,73561,6,,,1,15,,73577,6,,,1,15,,73610,6,,,1,55,,73584,6,,,1,15,,73614,6,,,1,15,,73626,6,,,1,15,,73565,6,,,1,55,,73562,6,,,1
40000,'Semaine-11',540,,76091,6,,,1,15,,76097,6,,,1,55,,76120,6,,,1,14,,76135,6,,,1,16,,76125,6,,,1,16,,76183,6,,,1,49,,76155,6,,,1,10,,76107,6,,,1,10,,76154,6,,,1,18,,76149,6,,,1,13,,76150,6,,,1,50,,76105,6,,,1,12,,76127,6,,,1,12,,76129,6,,,1,12,,76176,6,,,1,12,,76146,6,,,1,52,,76100,6,,,1,13,,76109,6,,,1,9,,76095,6,,,1,8,,76098,6,,,1,10,,76151,6,,,1,10,,76117,6,,,1,50,,76130,6,,,1,10,,76123,6,,,1,10,,76124,6,,,1,10,,76156,6,,,1,10,,76136,6,,,1,10,,76147,6,,,1,51,,76101,6,,,1,9,,76110,6,,,1,10,,76099,6,,,1,11,,76177,6,,,1,9,,76152,6,,,1,10,,76118,6,,,1,51,,76131,6,,,1,11,,76122,6,,,1,10,,76114,6,,,1,9,,76143,6,,,1,11,,76126,6,,,1,4,,76137,6,,,1,5,,76148,6,,,1,51,,76102,6,,,1,10,,76112,6,,,1,10,,76104,6,,,1,10,,76094,6,,,1,10,,76153,6,,,1,10,,76134,6,,,1,50,,76132,6,,,1,6,,76144,6,,,1,6,,76121,6,,,1,6,,76113,6,,,1,6,,76161,6,,,1,6,,76162,6,,,1,4,,76163,6,,,1,6,,76164,6,,,1,2,,76165,6,,,1,8,,76175,6,,,1,45,,76181,6,,,1,2,,76166,6,,,1,238,,76167,6,,,1,5,,76168,6,,,1,5,,76169,6,,,1,5,,76170,6,,,1,45,,76182,6,,,1,5,,76171,6,,,1,8,,76172,6,,,1,8,,76173,6,,,1,12,,76174,6,,,1,12,,76138,6,,,1,52,,76139,6,,,1,11,,76133,6,,,1,12,,76159,6,,,1,12,,76142,6,,,1,12,,76128,6,,,1,12,,76106,6,,,1,52,,76178,6,,,1,12,,76111,6,,,1,13,,76179,6,,,1,11,,76119,6,,,1,12,,76140,6,,,1,52,,76180,6,,,1,14,,76116,6,,,1,14,,76160,6,,,1,15,,76158,6,,,1,55,,76103,6,,,1,15,,76092,6,,,1,15,,76108,6,,,1,15,,76141,6,,,1,55,,76115,6,,,1,15,,76145,6,,,1,15,,76157,6,,,1,15,,76096,6,,,1,55,,76093,6,,,1
