3601,'Semaine-0',835,,63937,2,,,1,91,,63935,2,,,1,100,,63938,2,,,1,100,,63936,2,,,1,99,,63941,2,,,1,100,,63940,2,,,1,101,,63939,2,,,1
3701,'Samedi-0',642,,66302,2,,,1,100,,66307,2,,,1,100,,66301,2,,,1,100,,66306,2,,,1,100,,66303,2,,,1,100,,66304,2,,,1,100,,66308,2,,,1,99,,66305,2,,,1,100,,66309,2,,,1,100,,66310,2,,,1,100,,66311,2,,,1,102,,66312,2,,,1,100,,66313,2,,,1,100,,66314,2,,,1,100,,66315,2,,,1,101,,66316,2,,,1,101,,66317,2,,,1
3701,'Dimanche-0',642,,68305,2,,,1,100,,68306,2,,,1,100,,68308,2,,,1,100,,68309,2,,,1,100,,68317,2,,,1,100,,68304,2,,,1,100,,68310,2,,,1,99,,68307,2,,,1,100,,68312,2,,,1,100,,68313,2,,,1,100,,68315,2,,,1,102,,68314,2,,,1,100,,68311,2,,,1,100,,68316,2,,,1,100,,68318,2,,,1,101,,68319,2,,,1,101,,68320,2,,,1
3701,'Dimanche-10',642,,69384,2,,,1,100,,69385,2,,,1,100,,69387,2,,,1,100,,69388,2,,,1,100,,69396,2,,,1,100,,69383,2,,,1,100,,69389,2,,,1,99,,69386,2,,,1,100,,69391,2,,,1,100,,69392,2,,,1,100,,69394,2,,,1,102,,69393,2,,,1,100,,69390,2,,,1,100,,69395,2,,,1,100,,69397,2,,,1,101,,69398,2,,,1,101,,69399,2,,,1
3701,'Dimanche-11',642,,66319,2,,,1,100,,66320,2,,,1,100,,66322,2,,,1,100,,66323,2,,,1,100,,66331,2,,,1,100,,66318,2,,,1,100,,66324,2,,,1,99,,66321,2,,,1,100,,66326,2,,,1,100,,66327,2,,,1,100,,66329,2,,,1,102,,66328,2,,,1,100,,66325,2,,,1,100,,66330,2,,,1,100,,66332,2,,,1,101,,66333,2,,,1,101,,66334,2,,,1
3701,'Semaine-0',509,,63984,2,,,1,29,,63982,2,,,1,75,,63986,2,,,1,30,,63976,2,,,1,71,,63993,2,,,1,16,,63973,2,,,1,14,,63994,2,,,1,69,,63975,2,,,1,99,,63992,2,,,1,100,,63980,2,,,1,100,,63974,2,,,1,100,,63972,2,,,1,100,,63977,2,,,1,100,,63988,2,,,1,98,,63971,2,,,1,30,,63987,2,,,1,71,,63990,2,,,1,29,,63985,2,,,1,72,,63991,2,,,1,30,,63995,2,,,1,85,,63979,2,,,1,101,,63989,2,,,1,100,,63981,2,,,1,101,,63978,2,,,1,97,,63983,2,,,1
6401,'Samedi-0',711,,67032,2,,,1,100,,67029,2,,,1,100,,67031,2,,,1,100,,67034,2,,,1,100,,67030,2,,,1,100,,67035,2,,,1,100,,67033,2,,,1,100,,67036,2,,,1,100,,67037,2,,,1,100,,67038,2,,,1,100,,67039,2,,,1
6401,'Dimanche-0',711,,68672,2,,,1,100,,68669,2,,,1,100,,68675,2,,,1,100,,68676,2,,,1,100,,68673,2,,,1,100,,68668,2,,,1,100,,68670,2,,,1,100,,68671,2,,,1,100,,68677,2,,,1,100,,68674,2,,,1,100,,68678,2,,,1
6401,'Dimanche-10',711,,69751,2,,,1,100,,69748,2,,,1,100,,69754,2,,,1,100,,69755,2,,,1,100,,69752,2,,,1,100,,69747,2,,,1,100,,69749,2,,,1,100,,69750,2,,,1,100,,69756,2,,,1,100,,69753,2,,,1,100,,69757,2,,,1
6401,'Dimanche-11',711,,67044,2,,,1,100,,67041,2,,,1,100,,67047,2,,,1,100,,67048,2,,,1,100,,67045,2,,,1,100,,67040,2,,,1,100,,67042,2,,,1,100,,67043,2,,,1,100,,67049,2,,,1,100,,67046,2,,,1,100,,67050,2,,,1
6401,'Semaine-0',510,,64649,2,,,2,108,,64659,2,,,2,100,,64661,2,,,1,100,,64658,2,,,1,93,,64666,2,,,1,100,,64653,2,,,1,100,,64652,2,,,1,100,,64664,2,,,1,100,,64660,2,,,2,99,,64662,2,,,1,100,,64663,2,,,1,102,,64654,2,,,1,98,,64650,2,,,1,100,,64651,2,,,1,100,,64657,2,,,1,100,,64655,2,,,1,100,,64656,2,,,1,100,,64665,2,,,1
6800,'Semaine-0',600,,64885,2,,,1,30,,64895,2,,,1,29,,64893,2,,,1,71,,64902,2,,,1,70,,64899,2,,,1,30,,64876,2,,,1,70,,64900,2,,,1,30,,64877,2,,,1,70,,64882,2,,,1,30,,64901,2,,,1,70,,64887,2,,,1,30,,64880,2,,,1,75,,64897,2,,,1,32,,64878,2,0,17,1,3,,64888,2,,,1,70,,64896,2,,,1,30,,64889,2,,,1,70,,64883,2,,,1,29,,64886,2,,,1,18,,64894,2,,,1,60,,64904,2,,,1,24,,64890,2,,,1,60,,64898,2,,,1,20,,64892,2,,,1,20,,64906,2,,,1,59,,64903,2,,,1,10,,64891,2,,,1,10,,64905,2,,,1,20,,64879,2,,,1,70,,64884,2,,,1,30,,64881,2,,,1
33101,'Semaine-0',1640,,65577,33,0,7 8,1
37101,'Samedi-0',711,,67752,2,,,1,100,,67751,2,,,1,98,,67755,2,,,1,100,,67754,2,,,1,101,,67756,2,,,1,99,,67753,2,,,1,99,,67757,2,,,1,98,,67758,2,,,1,103,,67759,2,,,1,100,,67760,2,,,1,100,,67761,2,,,1,105,,67762,2,,,1,95,,67763,2,,,1,101,,67764,2,,,1,100,,67765,2,,,1,102,,67766,2,,,1,100,,67767,2,,,1
37101,'Dimanche-0',711,,69042,2,,,1,100,,69031,2,,,1,98,,69032,2,,,1,100,,69029,2,,,1,101,,69034,2,,,1,99,,69030,2,,,1,99,,69033,2,,,1,98,,69036,2,,,1,103,,69035,2,,,1,100,,69037,2,,,1,100,,69041,2,,,1,105,,69040,2,,,1,95,,69038,2,,,1,101,,69039,2,,,1,100,,69043,2,,,1,102,,69044,2,,,1,100,,69045,2,,,1
37101,'Dimanche-10',711,,70121,2,,,1,100,,70110,2,,,1,98,,70111,2,,,1,100,,70108,2,,,1,101,,70113,2,,,1,99,,70109,2,,,1,99,,70112,2,,,1,98,,70115,2,,,1,103,,70114,2,,,1,100,,70116,2,,,1,100,,70120,2,,,1,105,,70119,2,,,1,95,,70117,2,,,1,101,,70118,2,,,1,100,,70122,2,,,1,102,,70123,2,,,1,100,,70124,2,,,1
37101,'Dimanche-11',711,,67781,2,,,1,100,,67770,2,,,1,98,,67771,2,,,1,100,,67768,2,,,1,101,,67773,2,,,1,99,,67769,2,,,1,99,,67772,2,,,1,98,,67775,2,,,1,103,,67774,2,,,1,100,,67776,2,,,1,100,,67780,2,,,1,105,,67779,2,,,1,95,,67777,2,,,1,101,,67778,2,,,1,100,,67782,2,,,1,102,,67783,2,,,1,100,,67784,2,,,1
37101,'Semaine-0',519,,65621,2,,,1,31,,65624,2,,,1,70,,65617,2,,,1,28,,65619,2,,,1,71,,65629,2,,,1,30,,65628,2,,,1,70,,65623,2,,,1,32,,65607,2,,,1,99,,65614,2,,,1,100,,65612,2,,,1,98,,65613,2,,,1,100,,65627,2,,,1,100,,65610,2,,,1,102,,65611,2,,,1,68,,65608,2,,,1,30,,65615,2,,,1,71,,65625,2,,,1,30,,65626,2,,,1,70,,65605,2,,,1,40,,65609,2,,,1,97,,65620,2,,,1,101,,65622,2,,,1,100,,65606,2,,,1,100,,65616,2,,,1,185,,65618,2,,,1
43701,'Semaine-0',1457,,65835,2,0,9 14,1
