1801,'Semaine-0',625,,63462,10,,,1,86,,63464,10,,,2,45,,63463,10,,,1
2001,'Semaine-0',1543,,63468,15,,,1,100,,63470,15,,,1,100,,63469,15,,,1
9301,'Semaine-0',642,,65412,48,,,2,60,,65410,48,,,1,22,,65409,48,,,1,34,,65413,48,,,1,70,,65411,48,,,2
9501,'Semaine-0',634,,65429,61,,,1,15,,65425,61,,,1,53,,65427,61,,,1,20,,65432,61,,,1,17,,65428,61,,,2,16,,65430,61,,,2,54,,65431,61,,,2,16,,65426,61,,,2
10001,'Semaine-0',626,,65493,10,,,1,10,,65491,10,,,1,10,,65490,10,,,1,10,,65489,10,,,1,49,,65492,10,,,1,11,,65494,10,,,1,10,,65495,10,,,1,10,,65496,10,,,1,9,,65497,10,,,1,11,,65498,10,,,1,54,,65499,10,,,1,10,,65500,10,,,1,10,,65501,10,,,1,8,,65502,10,,,1,10,,65503,10,,,1
20001,'Semaine-0',627,,65535,8,,,1,6,,65536,10,,,1,6,,65537,8,,,1,6,,65538,10,,,1,3,,65539,8,,,1,5,,65561,10,,,1,49,,65540,8,,,1,2,,65541,10,,,1,7,,65558,8,,,1,5,,65542,10,,,1,7,,65557,8,,,1,5,,65544,10,,,1,5,,65553,8,,,1,3,,65543,8,,,1,3,,65534,10,,,1,3,,65560,8,,,1,3,,65549,8,,,1,3,,65545,10,,,1,3,,65547,8,,,1,3,,65559,8,,,1,5,,65546,10,,,1,47,,65550,8,,,1,3,,65548,10,,,1,2,,65552,8,,,1,7,,65551,10,,,1,8,,65562,8,,,1,6,,65554,10,,,1,5,,65555,8,,,1,5,,65556,10,,,1,6,,65563,8,,,1
40001,'Semaine-0',508,,65793,10,,,1,10,,65794,10,,,1,10,,65795,10,,,1,10,,65796,10,,,1,10,,65797,10,,,1,11,,65798,10,,,1,45,,65799,10,,,1,5,,65800,10,,,1,4,,65801,10,,,1,6,,65807,10,,,1,230,,65802,10,,,1,9,,65803,8,,,1,46,,65804,10,,,1,11,,65805,10,,,1,11,,65806,10,,,1,10,,65752,10,,,1,9,,65737,10,,,1,11,,65762,10,,,1,51,,65763,10,,,1,9,,65809,10,,,1,10,,65727,10,,,1,10,,65810,10,,,1,10,,65725,10,,,1,10,,65759,10,,,1,50,,65779,10,,,1,10,,65746,10,,,1,10,,65754,10,,,1,10,,65751,10,,,1,10,,65729,10,,,1,10,,65790,10,,,1,50,,65764,10,,,1,10,,65776,10,,,1,10,,65728,10,,,1,10,,65738,10,,,1,10,,65731,10,,,1,10,,65747,10,,,1,50,,65780,10,,,1,10,,65761,10,,,1,10,,65755,10,,,1,10,,65750,10,,,1,10,,65743,10,,,1,10,,65786,10,,,1,50,,65765,10,,,1,10,,65777,10,,,1,10,,65792,10,,,1,11,,65740,10,,,1,10,,65723,10,,,1,10,,65782,10,,,1,50,,65781,10,,,1,10,,65766,10,,,1,9,,65756,10,,,1,6,,65748,6,,,1,6,,65733,10,,,1,12,,65784,10,,,1,53,,65791,10,,,1,7,,65808,6,,,1,5,,65778,10,,,1,14,,65813,10,,,1,10,,65758,10,,,1,12,,65787,10,,,1,52,,65811,10,,,1,12,,65771,10,,,1,13,,65749,10,,,1,11,,65734,10,,,1,12,,65739,10,,,1,52,,65812,10,,,1,12,,65741,10,,,1,12,,65767,10,,,1,11,,65757,10,,,1,12,,65788,10,,,1,51,,65774,10,,,1,12,,65753,10,,,1,10,,65735,10,,,1,13,,65775,10,,,1,12,,65815,10,,,1,11,,65814,10,,,1,52,,65742,10,,,1,12,,65768,10,,,1,12,,65745,10,,,1,12,,65789,10,,,1,12,,65772,10,,,1,55,,65730,10,,,1,13,,65816,10,,,1,17,,65736,10,,,1,15,,65732,10,,,1,55,,65783,10,,,1,12,,65769,10,,,1,15,,65744,10,,,1,15,,65773,10,,,1,55,,65785,10,,,1,15,,65726,10,,,1,15,,65724,10,,,1,15,,65760,10,,,1,70,,65770,10,,,1
56901,'Semaine-0',721,,65852,28,0,5 6,1
57601,'Semaine-0',730,,65856,27,0,5 6,1
80001,'Semaine-0',609,,65948,10,,,1,27,,65941,10,,,1,72,,65949,10,,,1,28,,65933,10,,,1,75,,65931,10,,,1,30,,65938,10,,,1,67,,65944,10,,,1,31,,65956,10,,,1,70,,65947,10,,,2,30,,65939,10,,,1,70,,65953,10,,,1,29,,65927,10,,,1,70,,65961,10,,,1,29,,65959,10,,,1,74,,65929,10,,,1,30,,65952,10,,,1,70,,65943,10,,,1,30,,65950,10,,,1,72,,65960,10,,,1,27,,65945,10,,,1,17,,65955,10,,,1,63,,65957,10,,,1,24,,65954,10,,,1,67,,65946,10,,,1,30,,65936,10,,,1,71,,65934,10,,,1,28,,65928,10,,,1,67,,65958,10,,,1,33,,65940,10,,,1,67,,65937,10,,,1,30,,65942,10,,,1,69,,65930,10,,,1,30,,65951,10,,,1,74,,65932,10,,,1,32,,65935,10,,,1
