3300,'Samedi-0',802,,66061,27,,,1,101,,66062,27,,,1,101,,66063,27,,,1,100,,66064,27,,,1,102,,66065,27,,,1,100,,66066,27,,,1,100,,66067,27,,,1,100,,66068,27,,,1,100,,66069,27,,,1,100,,66070,27,,,1,100,,66071,27,,,1,98,,66072,27,,,1,99,,66073,27,,,1,100,,66074,27,,,1,100,,66075,27,,,1,100,,66076,27,,,1,99,,66077,27,,,1,99,,66078,27,,,1
3300,'Samedi-10',802,,76487,27,,,1,101,,76488,27,,,1,101,,76489,27,,,1,100,,76490,27,,,1,102,,76491,27,,,1,100,,76492,27,,,1,100,,76493,27,,,1,100,,76494,27,,,1,100,,76495,27,,,1,100,,76496,27,,,1,100,,76497,27,,,1,98,,76498,27,,,1,99,,76499,27,,,1,100,,76500,27,,,1,100,,76501,27,,,1,100,,76502,27,,,1,99,,76503,27,,,1,99,,76504,27,,,1
3300,'Samedi-11',802,,70342,27,,,1,101,,70343,27,,,1,101,,70344,27,,,1,100,,70345,27,,,1,102,,70346,27,,,1,100,,70347,27,,,1,100,,70348,27,,,1,100,,70349,27,,,1,100,,70350,27,,,1,100,,70351,27,,,1,100,,70352,27,,,1,98,,70353,27,,,1,99,,70354,27,,,1,100,,70355,27,,,1,100,,70356,27,,,1,100,,70357,27,,,1,99,,70358,27,,,1,99,,70359,27,,,1
3300,'Dimanche-0',802,,68185,27,,,1,101,,68190,27,,,1,101,,68196,27,,,1,100,,68187,27,,,1,102,,68189,27,,,1,100,,68186,27,,,1,100,,68188,27,,,1,100,,68184,27,,,1,100,,68192,27,,,1,100,,68191,27,,,1,100,,68194,27,,,1,98,,68193,27,,,1,99,,68195,27,,,1,100,,68197,27,,,1,100,,68198,27,,,1,100,,68199,27,,,1,99,,68200,27,,,1,99,,68201,27,,,1
3300,'Dimanche-10',802,,69264,27,,,1,101,,69269,27,,,1,101,,69275,27,,,1,100,,69266,27,,,1,102,,69268,27,,,1,100,,69265,27,,,1,100,,69267,27,,,1,100,,69263,27,,,1,100,,69271,27,,,1,100,,69270,27,,,1,100,,69273,27,,,1,98,,69272,27,,,1,99,,69274,27,,,1,100,,69276,27,,,1,100,,69277,27,,,1,100,,69278,27,,,1,99,,69279,27,,,1,99,,69280,27,,,1
3300,'Dimanche-11',802,,66080,27,,,1,101,,66085,27,,,1,101,,66091,27,,,1,100,,66082,27,,,1,102,,66084,27,,,1,100,,66081,27,,,1,100,,66083,27,,,1,100,,66079,27,,,1,100,,66087,27,,,1,100,,66086,27,,,1,100,,66089,27,,,1,98,,66088,27,,,1,99,,66090,27,,,1,100,,66092,27,,,1,100,,66093,27,,,1,100,,66094,27,,,1,99,,66095,27,,,1,99,,66096,27,,,1
3300,'Semaine-0',641,,63741,27,,,1,60,,63740,27,,,1,19,,63747,27,,,1,34,,63720,27,,,1,53,,63734,27,,,1,21,,63742,27,,,1,16,,63755,27,,,1,57,,63748,27,,,1,27,,63732,27,,,1,27,,63750,27,,,1,71,,63735,27,,,1,78,,63725,27,,,1,21,,63744,27,,,1,20,,63730,27,,,1,60,,63737,27,,,1,20,,63726,27,,,1,22,,63752,27,,,1,58,,63733,27,,,1,20,,63754,27,,,1,32,,63739,27,,,1,70,,63727,27,,,1,20,,63749,27,,,1,60,,63745,27,,,1,21,,63738,27,,,1,23,,63717,27,,,1,61,,63729,27,,,1,12,,63736,27,,,1,13,,63753,27,,,1,17,,63751,27,,,1,65,,63746,27,,,1,20,,63724,27,,,1,19,,63723,27,,,1,55,,63728,27,,,1,18,,63716,27,,,1,18,,63721,27,,,1,81,,63756,27,,,1,73,,63731,27,,,1,98,,63722,27,,,1,102,,63718,27,,,1,100,,63743,27,,,2,100,,63757,27,,,1,103,,63719,27,,,1
3300,'Semaine-10',641,,71671,27,,,1,60,,71670,27,,,1,19,,71677,27,,,1,34,,71650,27,,,1,53,,71664,27,,,1,21,,71672,27,,,1,16,,71685,27,,,1,57,,71678,27,,,1,27,,71662,27,,,1,27,,71680,27,,,1,71,,71665,27,,,1,78,,71655,27,,,1,21,,71674,27,,,1,20,,71660,27,,,1,60,,71667,27,,,1,20,,71656,27,,,1,22,,71682,27,,,1,58,,71663,27,,,1,20,,71684,27,,,1,32,,71669,27,,,1,70,,71657,27,,,1,20,,71679,27,,,1,60,,71675,27,,,1,21,,71668,27,,,1,23,,71647,27,,,1,61,,71659,27,,,1,12,,71666,27,,,1,13,,71683,27,,,1,17,,71681,27,,,1,65,,71676,27,,,1,20,,71654,27,,,1,19,,71653,27,,,1,55,,71658,27,,,1,18,,71646,27,,,1,18,,71651,27,,,1,81,,71686,27,,,1,73,,71661,27,,,1,98,,71652,27,,,1,102,,71648,27,,,1,100,,71673,27,,,2,100,,71687,27,,,1,103,,71649,27,,,1
3300,'Semaine-11',641,,74202,27,,,1,60,,74201,27,,,1,19,,74208,27,,,1,34,,74181,27,,,1,53,,74195,27,,,1,21,,74203,27,,,1,16,,74216,27,,,1,57,,74209,27,,,1,27,,74193,27,,,1,27,,74211,27,,,1,71,,74196,27,,,1,78,,74186,27,,,1,21,,74205,27,,,1,20,,74191,27,,,1,60,,74198,27,,,1,20,,74187,27,,,1,22,,74213,27,,,1,58,,74194,27,,,1,20,,74215,27,,,1,32,,74200,27,,,1,70,,74188,27,,,1,20,,74210,27,,,1,60,,74206,27,,,1,21,,74199,27,,,1,23,,74178,27,,,1,61,,74190,27,,,1,12,,74197,27,,,1,13,,74214,27,,,1,17,,74212,27,,,1,65,,74207,27,,,1,20,,74185,27,,,1,19,,74184,27,,,1,55,,74189,27,,,1,18,,74177,27,,,1,18,,74182,27,,,1,81,,74217,27,,,1,73,,74192,27,,,1,98,,74183,27,,,1,102,,74179,27,,,1,100,,74204,27,,,2,100,,74218,27,,,1,103,,74180,27,,,1
3500,'Semaine-0',652,,63886,36,0,15 16,1,77,,63861,36,0,15 16,2,23,,63871,36,0,15 16,1,63,,63889,36,0,15 16,1,15,,63879,36,0,15 16,1,20,,63894,36,0,15 16,1,60,,63891,36,0,15 16,1,23,,63884,36,0,15 16,1,21,,63890,36,0,15 16,1,70,,63869,36,0,15 16,1,26,,63882,36,0,15 16,1,74,,63863,36,0,15 16,1,28,,63867,36,0,15 16,1,70,,63877,36,0,15 16,2,32,,63862,36,0,15 16,1,70,,63872,36,0,15 16,1,30,,63893,36,0,15 16,2,70,,63880,36,0,15 16,1,30,,63864,36,0,15 16,2,76,,63876,36,,,2,74,,63878,36,0,15 16,1,19,,63870,29,0,15 16,1,19,,63881,36,,,1,13,,63875,29,0,15 16,1,57,,63885,36,,,1,23,,63887,36,0,15 16,1,70,,63868,36,,,1,24,,63866,36,0,15 16,1,28,,63895,36,,,1,66,,63883,36,0,15 16,1,30,,63873,29,0,15 16,1,70,,63874,36,,,1,100,,63888,36,,,1,100,,63892,36,,,1,100,,63865,36,0,15 16,1
3500,'Semaine-10',652,,71816,36,0,15 16,1,77,,71791,36,0,15 16,2,23,,71801,36,0,15 16,1,63,,71819,36,0,15 16,1,15,,71809,36,0,15 16,1,20,,71824,36,0,15 16,1,60,,71821,36,0,15 16,1,23,,71814,36,0,15 16,1,21,,71820,36,0,15 16,1,70,,71799,36,0,15 16,1,26,,71812,36,0,15 16,1,74,,71793,36,0,15 16,1,28,,71797,36,0,15 16,1,70,,71807,36,0,15 16,2,32,,71792,36,0,15 16,1,70,,71802,36,0,15 16,1,30,,71823,36,0,15 16,2,70,,71810,36,0,15 16,1,30,,71794,36,0,15 16,2,76,,71806,36,,,2,74,,71808,36,0,15 16,1,19,,71800,29,0,15 16,1,19,,71811,36,,,1,13,,71805,29,0,15 16,1,57,,71815,36,,,1,23,,71817,36,0,15 16,1,70,,71798,36,,,1,24,,71796,36,0,15 16,1,28,,71825,36,,,1,66,,71813,36,0,15 16,1,30,,71803,29,0,15 16,1,70,,71804,36,,,1,100,,71818,36,,,1,100,,71822,36,,,1,100,,71795,36,0,15 16,1
3500,'Semaine-11',652,,74347,36,0,15 16,1,77,,74322,36,0,15 16,2,23,,74332,36,0,15 16,1,63,,74350,36,0,15 16,1,15,,74340,36,0,15 16,1,20,,74355,36,0,15 16,1,60,,74352,36,0,15 16,1,23,,74345,36,0,15 16,1,21,,74351,36,0,15 16,1,70,,74330,36,0,15 16,1,26,,74343,36,0,15 16,1,74,,74324,36,0,15 16,1,28,,74328,36,0,15 16,1,70,,74338,36,0,15 16,2,32,,74323,36,0,15 16,1,70,,74333,36,0,15 16,1,30,,74354,36,0,15 16,2,70,,74341,36,0,15 16,1,30,,74325,36,0,15 16,2,76,,74337,36,,,2,74,,74339,36,0,15 16,1,19,,74331,29,0,15 16,1,19,,74342,36,,,1,13,,74336,29,0,15 16,1,57,,74346,36,,,1,23,,74348,36,0,15 16,1,70,,74329,36,,,1,24,,74327,36,0,15 16,1,28,,74356,36,,,1,66,,74344,36,0,15 16,1,30,,74334,29,0,15 16,1,70,,74335,36,,,1,100,,74349,36,,,1,100,,74353,36,,,1,100,,74326,36,0,15 16,1
4900,'Samedi-0',752,,66565,56,,,1,100,,66566,56,,,1,102,,66563,56,,,1,100,,66567,56,,,1,100,,66564,56,,,1,101,,66568,56,,,1,98,,66569,56,,,1,102,,66570,56,,,1,101,,66571,56,,,1,100,,66572,56,,,1,100,,66573,56,,,1,96,,66574,56,,,1,100,,66575,56,,,1,100,,66576,56,,,1,100,,66577,56,,,1,100,,66578,56,,,1,98,,66579,56,,,1
4900,'Samedi-10',752,,76740,56,,,1,100,,76741,56,,,1,102,,76738,56,,,1,100,,76742,56,,,1,100,,76739,56,,,1,101,,76743,56,,,1,98,,76744,56,,,1,102,,76745,56,,,1,101,,76746,56,,,1,100,,76747,56,,,1,100,,76748,56,,,1,96,,76749,56,,,1,100,,76750,56,,,1,100,,76751,56,,,1,100,,76752,56,,,1,100,,76753,56,,,1,98,,76754,56,,,1
4900,'Samedi-11',752,,70595,56,,,1,100,,70596,56,,,1,102,,70593,56,,,1,100,,70597,56,,,1,100,,70594,56,,,1,101,,70598,56,,,1,98,,70599,56,,,1,102,,70600,56,,,1,101,,70601,56,,,1,100,,70602,56,,,1,100,,70603,56,,,1,96,,70604,56,,,1,100,,70605,56,,,1,100,,70606,56,,,1,100,,70607,56,,,1,100,,70608,56,,,1,98,,70609,56,,,1
4900,'Dimanche-0',752,,68435,56,,,1,100,,68448,56,,,1,102,,68436,56,,,1,100,,68447,56,,,1,100,,68439,56,,,1,101,,68438,56,,,1,98,,68442,56,,,1,102,,68437,56,,,1,101,,68441,56,,,1,100,,68440,56,,,1,100,,68444,56,,,1,96,,68446,56,,,1,100,,68443,56,,,1,100,,68445,56,,,1,100,,68449,56,,,1,100,,68450,56,,,1,98,,68451,56,,,1
4900,'Dimanche-10',752,,69514,56,,,1,100,,69527,56,,,1,102,,69515,56,,,1,100,,69526,56,,,1,100,,69518,56,,,1,101,,69517,56,,,1,98,,69521,56,,,1,102,,69516,56,,,1,101,,69520,56,,,1,100,,69519,56,,,1,100,,69523,56,,,1,96,,69525,56,,,1,100,,69522,56,,,1,100,,69524,56,,,1,100,,69528,56,,,1,100,,69529,56,,,1,98,,69530,56,,,1
4900,'Dimanche-11',752,,66580,56,,,1,100,,66593,56,,,1,102,,66581,56,,,1,100,,66592,56,,,1,100,,66584,56,,,1,101,,66583,56,,,1,98,,66587,56,,,1,102,,66582,56,,,1,101,,66586,56,,,1,100,,66585,56,,,1,100,,66589,56,,,1,96,,66591,56,,,1,100,,66588,56,,,1,100,,66590,56,,,1,100,,66594,56,,,1,100,,66595,56,,,1,98,,66596,56,,,1
4900,'Semaine-0',709,,64225,56,,,1,17,,64220,43,,,1,3,,64232,43,,,1,4,,64208,43,,,1,7,,64231,43,,,1,3,,64236,56,,,1,5,,64235,43,,,1,4,,64234,43,,,1,5,,64233,43,,,1,60,,64228,56,,,1,24,,64224,43,,,1,1,,64229,56,,,1,72,,64223,56,,,1,30,,64218,56,,,1,68,,64210,56,,,1,31,,64230,56,,,1,73,,64226,56,,,1,30,,64221,56,,,1,70,,64198,56,,,1,30,,64219,56,,,1,70,,64200,56,,,1,30,,64205,56,,,1,70,,64207,56,,,1,30,,64211,56,,,1,70,,64227,56,,,1,38,,64209,56,,,1,70,,64212,56,,,1,30,,64203,56,,,1,70,,64215,56,,,1,30,,64206,56,,,1,66,,64204,56,,,1,30,,64222,56,,,1,66,,64216,56,,,1,96,,64199,56,,,1,99,,64217,56,,,1,100,,64214,56,,,1,97,,64201,56,,,1,97,,64213,56,,,1,100,,64202,56,,,1
4900,'Semaine-10',709,,72155,56,,,1,17,,72150,43,,,1,3,,72162,43,,,1,4,,72138,43,,,1,7,,72161,43,,,1,3,,72166,56,,,1,5,,72165,43,,,1,4,,72164,43,,,1,5,,72163,43,,,1,60,,72158,56,,,1,24,,72154,43,,,1,1,,72159,56,,,1,72,,72153,56,,,1,30,,72148,56,,,1,68,,72140,56,,,1,31,,72160,56,,,1,73,,72156,56,,,1,30,,72151,56,,,1,70,,72128,56,,,1,30,,72149,56,,,1,70,,72130,56,,,1,30,,72135,56,,,1,70,,72137,56,,,1,30,,72141,56,,,1,70,,72157,56,,,1,38,,72139,56,,,1,70,,72142,56,,,1,30,,72133,56,,,1,70,,72145,56,,,1,30,,72136,56,,,1,66,,72134,56,,,1,30,,72152,56,,,1,66,,72146,56,,,1,96,,72129,56,,,1,99,,72147,56,,,1,100,,72144,56,,,1,97,,72131,56,,,1,97,,72143,56,,,1,100,,72132,56,,,1
4900,'Semaine-11',709,,74686,56,,,1,17,,74681,43,,,1,3,,74693,43,,,1,4,,74669,43,,,1,7,,74692,43,,,1,3,,74697,56,,,1,5,,74696,43,,,1,4,,74695,43,,,1,5,,74694,43,,,1,60,,74689,56,,,1,24,,74685,43,,,1,1,,74690,56,,,1,72,,74684,56,,,1,30,,74679,56,,,1,68,,74671,56,,,1,31,,74691,56,,,1,73,,74687,56,,,1,30,,74682,56,,,1,70,,74659,56,,,1,30,,74680,56,,,1,70,,74661,56,,,1,30,,74666,56,,,1,70,,74668,56,,,1,30,,74672,56,,,1,70,,74688,56,,,1,38,,74670,56,,,1,70,,74673,56,,,1,30,,74664,56,,,1,70,,74676,56,,,1,30,,74667,56,,,1,66,,74665,56,,,1,30,,74683,56,,,1,66,,74677,56,,,1,96,,74660,56,,,1,99,,74678,56,,,1,100,,74675,56,,,1,97,,74662,56,,,1,97,,74674,56,,,1,100,,74663,56,,,1
5000,'Semaine-0',708,,64273,44,,,1,26,,64271,44,,,1,8,,64272,23,,,2,65,,64274,44,,,2,30,,64270,44,,,1,105,,64275,44,,,1
5000,'Semaine-10',708,,72203,44,,,1,26,,72201,44,,,1,8,,72202,23,,,2,65,,72204,44,,,2,30,,72200,44,,,1,105,,72205,44,,,1
5000,'Semaine-11',708,,74734,44,,,1,26,,74732,44,,,1,8,,74733,23,,,2,65,,74735,44,,,2,30,,74731,44,,,1,105,,74736,44,,,1
5600,'Semaine-0',705,,64421,47,,,1,30,,64419,47,,,1,6,,64423,47,,,1,66,,64422,47,,,1,31,,64416,47,,,1,100,,64415,47,,,1,106,,64417,47,,,1,99,,64420,47,,,2,100,,64418,47,,,1
5600,'Semaine-10',705,,72351,47,,,1,30,,72349,47,,,1,6,,72353,47,,,1,66,,72352,47,,,1,31,,72346,47,,,1,100,,72345,47,,,1,106,,72347,47,,,1,99,,72350,47,,,2,100,,72348,47,,,1
5600,'Semaine-11',705,,74882,47,,,1,30,,74880,47,,,1,6,,74884,47,,,1,66,,74883,47,,,1,31,,74877,47,,,1,100,,74876,47,,,1,106,,74878,47,,,1,99,,74881,47,,,2,100,,74879,47,,,1
42500,'Semaine-0',733,,65817,33,0,9 14,1,2,,65818,33,0,9 14,2
42500,'Semaine-10',733,,73747,33,0,9 14,1,2,,73748,33,0,9 14,2
42500,'Semaine-11',733,,76278,33,0,9 14,1,2,,76279,33,0,9 14,2
42600,'Semaine-0',736,,65820,14,0,9 14,1,1,,65821,14,0,9 14,1
42600,'Semaine-10',736,,73750,14,0,9 14,1,1,,73751,14,0,9 14,1
42600,'Semaine-11',736,,76281,14,0,9 14,1,1,,76282,14,0,9 14,1
42900,'Semaine-0',736,,65823,20,0,9 14,1,2,,65824,20,0,9 14,2
42900,'Semaine-10',736,,73753,20,0,9 14,1,2,,73754,20,0,9 14,2
42900,'Semaine-11',736,,76284,20,0,9 14,1,2,,76285,20,0,9 14,2
44900,'Semaine-0',738,,65836,34,0,9 14,1
44900,'Semaine-10',738,,73766,34,0,9 14,1
44900,'Semaine-11',738,,76297,34,0,9 14,1
56600,'Semaine-0',1524,,65849,7,0,5 6,1
56600,'Semaine-10',1524,,73779,7,0,5 6,1
56600,'Semaine-11',1524,,76310,7,0,5 6,1
73300,'Semaine-0',1636,,65879,24,,,1
73300,'Semaine-10',1636,,73809,24,,,1
73300,'Semaine-11',1636,,76340,24,,,1
83300,'Semaine-0',1538,,65983,14,0,9 12 13,1
83300,'Semaine-10',1538,,73913,14,0,9 12 13,1
83300,'Semaine-11',1538,,76445,14,0,9 12 13,1
