3401,'Samedi-0',642,,66201,5,,,1,100,,66204,5,,,1,70,,66213,5,,,1,30,,66202,5,,,1,71,,66207,5,,,1,30,,66209,5,,,1,69,,66203,5,,,1,30,,66212,5,,,1,72,,66205,5,,,1,29,,66214,5,,,1,70,,66206,5,,,1,30,,66208,5,,,1,70,,66210,5,,,1,30,,66211,5,,,1,70,,66215,5,,,1,30,,66216,5,,,1,70,,66217,5,,,1,30,,66218,5,,,1,70,,66219,5,,,1,30,,66220,5,,,1,70,,66221,5,,,1,30,,66222,5,,,1,70,,66223,5,,,1,30,,66225,5,,,1,69,,66224,5,,,1,30,,66226,5,,,1,70,,66227,5,,,1,30,,66228,5,,,1,70,,66230,5,,,1,30,,66229,5,,,1,70,,66231,5,,,1,100,,66232,5,,,1
3401,'Dimanche-0',642,,68254,5,,,1,100,,68262,5,,,1,70,,68267,5,,,1,30,,68259,5,,,1,71,,68257,5,,,1,30,,68280,5,,,1,69,,68261,5,,,1,30,,68266,5,,,1,72,,68256,5,,,1,29,,68255,5,,,1,70,,68258,5,,,1,30,,68265,5,,,1,70,,68268,5,,,1,30,,68260,5,,,1,70,,68264,5,,,1,30,,68263,5,,,1,70,,68269,5,,,1,30,,68273,5,,,1,70,,68270,5,,,1,30,,68271,5,,,1,70,,68272,5,,,1,30,,68279,5,,,1,70,,68274,5,,,1,30,,68277,5,,,1,69,,68275,5,,,1,30,,68276,5,,,1,70,,68278,5,,,1,30,,68281,5,,,1,70,,68283,5,,,1,30,,68282,5,,,1,70,,68284,5,,,1,100,,68285,5,,,1
3401,'Dimanche-11',642,,66233,5,,,1,100,,66241,5,,,1,70,,66246,5,,,1,30,,66238,5,,,1,71,,66236,5,,,1,30,,66259,5,,,1,69,,66240,5,,,1,30,,66245,5,,,1,72,,66235,5,,,1,29,,66234,5,,,1,70,,66237,5,,,1,30,,66244,5,,,1,70,,66247,5,,,1,30,,66239,5,,,1,70,,66243,5,,,1,30,,66242,5,,,1,70,,66248,5,,,1,30,,66252,5,,,1,70,,66249,5,,,1,30,,66250,5,,,1,70,,66251,5,,,1,30,,66258,5,,,1,70,,66253,5,,,1,30,,66256,5,,,1,69,,66254,5,,,1,30,,66255,5,,,1,70,,66257,5,,,1,30,,66260,5,,,1,70,,66262,5,,,1,30,,66261,5,,,1,70,,66263,5,,,1,100,,66264,5,,,1
3401,'Semaine-0',846,,63856,5,,,1,72,,63836,5,,,2,30,,63840,5,,,1,70,,63860,5,,,1,30,,63833,5,,,1,70,,63837,5,,,1,30,,63841,5,,,1,70,,63831,5,,,1,30,,63834,5,,,1,70,,63838,5,,,1,29,,63842,5,,,2,71,,63835,5,,,1,28,,63857,5,,,1,69,,63832,5,,,1,33,,63858,5,,,1,67,,63859,5,,,1,30,,63853,5,,,1,70,,63849,5,,,1,30,,63839,5,,,1,72,,63846,5,,,1,30,,63855,5,,,1,72,,63843,5,,,1,30,,63845,5,,,1,70,,63847,5,,,1,30,,63851,5,,,2,70,,63844,5,,,1,30,,63850,5,,,1,71,,63848,5,,,1,30,,63852,5,,,1,70,,63854,5,,,1
4001,'Semaine-0',607,,64160,17,,,1,29,,64159,17,,,1,71,,64162,17,,,1,32,,64158,17,,,2,68,,64157,17,,,1,29,,64161,17,,,1
5000,'Semaine-0',641,,64273,18,,,1,61,,64271,18,,,1,31,,64274,18,,,2,70,,64270,18,,,1,109,,64275,18,,,1
5201,'Samedi-0',642,,66667,18,,,1,100,,66668,18,,,1,100,,66669,18,,,1,100,,66670,18,,,1,100,,66672,18,,,1,100,,66671,18,,,1,100,,66673,18,,,1,100,,66674,18,,,1,101,,66675,18,,,1,99,,66676,18,,,1,100,,66677,18,,,1,100,,66678,18,,,1,100,,66681,18,,,1,100,,66679,18,,,1,99,,66683,18,,,1,100,,66680,18,,,1,100,,66682,18,,,1,101,,66684,18,,,1
5201,'Dimanche-0',642,,68487,18,,,1,100,,68488,18,,,1,100,,68489,18,,,1,100,,68492,18,,,1,100,,68490,18,,,1,100,,68494,18,,,1,100,,68491,18,,,1,100,,68496,18,,,1,101,,68493,18,,,1,99,,68495,18,,,1,100,,68498,18,,,1,100,,68500,18,,,1,100,,68497,18,,,1,100,,68499,18,,,1,99,,68501,18,,,1,100,,68502,18,,,1,100,,68503,18,,,1,101,,68504,18,,,1
5201,'Dimanche-11',642,,66685,18,,,1,100,,66686,18,,,1,100,,66687,18,,,1,100,,66690,18,,,1,100,,66688,18,,,1,100,,66692,18,,,1,100,,66689,18,,,1,100,,66694,18,,,1,101,,66691,18,,,1,99,,66693,18,,,1,100,,66696,18,,,1,100,,66698,18,,,1,100,,66695,18,,,1,100,,66697,18,,,1,99,,66699,18,,,1,100,,66700,18,,,1,100,,66701,18,,,1,101,,66702,18,,,1
5201,'Semaine-0',613,,64312,18,,,1,100,,64314,18,,,1,103,,64313,18,,,1,97,,64297,18,,,1,101,,64303,18,,,1,99,,64300,18,,,1,100,,64307,18,,,1,100,,64298,18,,,1,99,,64302,18,,,1,102,,64301,18,,,1,100,,64311,18,,,1,100,,64310,18,,,1,99,,64304,18,,,1,99,,64305,18,,,1,100,,64309,18,,,1,100,,64306,18,,,1,100,,64308,18,,,1,100,,64299,18,,,2
55000,'Semaine-0',656,,65840,18,0,5 6,1,2,,65841,18,0,5 6,1
63900,'Semaine-0',1504,,65857,5,0,9 10,1
65400,'Semaine-0',1504,,65870,5,0,9 10,2
74001,'Semaine-0',806,,65882,18,0,5 11,2,2,,65883,18,0,5 11,1
