4200,'Semaine-0',610,,64173,1,,,1,100,,64174,1,,,1,901,,64175,1,,,1,99,,64176,1,,,1
5200,'Semaine-0',602,,64282,10,,,1,57,,64284,10,,,1,147,,64279,10,,,1,98,,64295,10,,,1,98,,64293,10,,,1,101,,64280,10,,,1,100,,64287,10,,,1,100,,64286,10,,,1,100,,64283,10,,,1,100,,64281,10,,,1,107,,64285,10,,,1,100,,64296,10,,,1,109,,64294,10,,,1,99,,64288,10,,,1,84,,64292,10,,,1,100,,64291,10,,,1,100,,64289,10,,,1,100,,64290,10,,,1
5400,'Semaine-0',1546,,64315,1,,,1,100,,64316,1,,,1,100,,64317,1,,,1
5500,'Semaine-0',643,,64323,25,,,1,102,,64339,25,,,1,69,,64322,25,,,1,98,,64358,25,,,1,28,,64359,25,,,1,69,,64328,25,,,1,30,,64338,25,,,1,69,,64342,25,,,1,32,,64364,25,,,1,70,,64324,25,,,1,30,,64363,25,,,1,69,,64341,25,,,1,30,,64356,25,,,1,70,,64350,25,,,1,24,,64357,25,,,1,16,,64343,25,,,1,54,,64321,25,,,1,17,,64362,25,,,1,17,,64332,25,,,1,15,,64365,25,,,1,53,,64353,25,,,1,10,,64325,25,,,1,13,,64336,25,,,1,18,,64368,25,,,1,9,,64361,25,,,1,51,,64327,25,,,1,11,,64344,25,,,1,10,,64337,25,,,1,11,,64366,25,,,1,12,,64351,25,,,1,8,,64331,25,,,1,52,,64326,25,,,1,10,,64367,25,,,1,11,,64335,25,,,1,12,,64330,25,,,1,10,,64340,25,,,1,70,,64355,25,,,1,29,,64360,25,,,1,70,,64347,25,,,1,30,,64333,25,,,1,70,,64354,25,,,1,28,,64345,25,,,1,70,,64348,25,,,1,30,,64334,25,,,1,70,,64349,25,,,1,30,,64346,25,,,1,69,,64329,25,,,1,30,,64352,25,,,1
5601,'Semaine-0',1234,,64428,27,,,1,102,,64425,27,,,1,100,,64424,27,,,1,101,,64427,27,,,2,104,,64426,27,,,1,99,,64429,27,,,1,95,,64430,27,,,1
5800,'Semaine-0',826,,64435,12,,,1,398,,64436,12,,,1,300,,64438,12,,,1,31,,64433,12,,,1,71,,64434,12,,,1,29,,64437,12,,,1,69,,64432,12,,,2,30,,64431,12,,,1
5900,'Semaine-0',611,,64453,25,,,1,98,,64488,25,,,1,47,,64493,25,,,1,88,,64469,25,,,1,82,,64465,25,,,1,29,,64486,25,,,1,70,,64462,25,,,1,30,,64485,25,,,1,70,,64476,25,,,1,30,,64470,25,,,1,71,,64478,25,,,1,30,,64461,25,,,1,70,,64489,25,,,1,30,,64452,25,,,1,71,,64483,25,,,1,14,,64454,25,,,1,18,,64487,25,,,1,71,,64447,25,,,1,14,,64491,25,,,1,15,,64446,25,,,1,48,,64481,25,,,1,17,,64477,25,,,1,7,,64490,20,,,1,6,,64464,25,,,1,13,,64448,25,,,1,6,,64492,20,,,1,46,,64449,25,,,1,12,,64457,25,,,1,9,,64484,25,,,1,12,,64473,25,,,1,11,,64460,25,,,1,9,,64482,25,,,1,52,,64468,25,,,1,12,,64480,25,,,1,9,,64450,25,,,1,10,,64455,25,,,1,71,,64475,25,,,1,29,,64466,25,,,1,70,,64471,25,,,1,29,,64459,25,,,1,70,,64467,25,,,1,30,,64472,25,,,1,70,,64479,25,,,1,30,,64456,25,,,1,70,,64474,25,,,1,29,,64463,25,,,1,70,,64451,25,,,1,28,,64458,25,,,1
44900,'Semaine-0',700,,65836,1,0,9 14,1
55401,'Semaine-0',1541,,65848,25,0,5 6,1
64500,'Semaine-0',659,,65866,1,0,9 10,1
64700,'Semaine-0',708,,65868,1,0,9 10,1
65500,'Semaine-0',725,,65872,18,0,9 10,1
74000,'Semaine-0',1635,,65881,19,0,5 11,1
75200,'Semaine-0',704,,65885,1,0,9 18,1,2,,65884,1,0,9 18,2
80001,'Semaine-0',626,,65948,27,,,1,28,,65941,27,,,1,72,,65949,27,,,1,30,,65933,27,,,1,74,,65931,27,,,1,28,,65938,27,,,1,66,,65944,27,,,1,30,,65956,27,,,1,70,,65947,27,,,2,30,,65939,27,,,1,70,,65953,27,,,1,30,,65927,27,,,1,71,,65961,27,,,1,29,,65959,27,,,1,74,,65929,27,,,1,30,,65952,27,,,1,70,,65943,27,,,1,30,,65950,27,,,1,73,,65960,27,,,1,69,,65945,27,,,1,17,,65955,27,,,1,22,,65957,27,,,1,64,,65954,27,,,1,27,,65946,27,,,1,70,,65936,27,,,1,28,,65934,27,,,1,27,,65928,27,,,1,69,,65958,27,,,1,32,,65940,27,,,1,67,,65937,27,,,1,30,,65942,27,,,1,69,,65930,27,,,1,30,,65951,27,,,1,74,,65932,27,,,1,30,,65935,27,,,1
