2701,'Semaine-0',617,,63511,12,,,1,83,,63512,12,,,1,51,,63509,12,,,1,66,,63510,12,,,2
3300,'Samedi-0',812,,66061,43,,,1,100,,66062,43,,,1,101,,66063,43,,,1,100,,66064,43,,,1,103,,66065,43,,,1,100,,66066,43,,,1,101,,66067,43,,,1,100,,66068,43,,,1,100,,66069,43,,,1,100,,66070,43,,,1,100,,66071,43,,,1,97,,66072,43,,,1,99,,66073,43,,,1,100,,66074,43,,,1,100,,66075,43,,,1,100,,66076,43,,,1,99,,66077,43,,,1,98,,66078,43,,,1
3300,'Samedi-11',812,,70342,43,,,1,100,,70343,43,,,1,101,,70344,43,,,1,100,,70345,43,,,1,103,,70346,43,,,1,100,,70347,43,,,1,101,,70348,43,,,1,100,,70349,43,,,1,100,,70350,43,,,1,100,,70351,43,,,1,100,,70352,43,,,1,97,,70353,43,,,1,99,,70354,43,,,1,100,,70355,43,,,1,100,,70356,43,,,1,100,,70357,43,,,1,99,,70358,43,,,1,98,,70359,43,,,1
3300,'Dimanche-0',812,,68185,43,,,1,100,,68190,43,,,1,101,,68196,43,,,1,100,,68187,43,,,1,103,,68189,43,,,1,100,,68186,43,,,1,101,,68188,43,,,1,100,,68184,43,,,1,100,,68192,43,,,1,100,,68191,43,,,1,100,,68194,43,,,1,97,,68193,43,,,1,99,,68195,43,,,1,100,,68197,43,,,1,100,,68198,43,,,1,100,,68199,43,,,1,99,,68200,43,,,1,98,,68201,43,,,1
3300,'Dimanche-10',812,,69264,43,,,1,100,,69269,43,,,1,101,,69275,43,,,1,100,,69266,43,,,1,103,,69268,43,,,1,100,,69265,43,,,1,101,,69267,43,,,1,100,,69263,43,,,1,100,,69271,43,,,1,100,,69270,43,,,1,100,,69273,43,,,1,97,,69272,43,,,1,99,,69274,43,,,1,100,,69276,43,,,1,100,,69277,43,,,1,100,,69278,43,,,1,99,,69279,43,,,1,98,,69280,43,,,1
3300,'Dimanche-11',812,,66080,43,,,1,100,,66085,43,,,1,101,,66091,43,,,1,100,,66082,43,,,1,103,,66084,43,,,1,100,,66081,43,,,1,101,,66083,43,,,1,100,,66079,43,,,1,100,,66087,43,,,1,100,,66086,43,,,1,100,,66089,43,,,1,97,,66088,43,,,1,99,,66090,43,,,1,100,,66092,43,,,1,100,,66093,43,,,1,100,,66094,43,,,1,99,,66095,43,,,1,98,,66096,43,,,1
3300,'Semaine-0',656,,63741,43,,,1,60,,63740,43,,,1,19,,63747,43,,,1,74,,63720,43,,,1,13,,63734,43,,,1,19,,63742,43,,,1,16,,63755,43,,,1,56,,63748,43,,,1,27,,63732,43,,,1,66,,63750,43,,,1,31,,63735,43,,,1,78,,63725,43,,,1,21,,63744,43,,,1,20,,63730,43,,,1,60,,63737,43,,,1,20,,63726,43,,,1,22,,63752,43,,,1,58,,63733,43,,,1,20,,63754,43,,,1,72,,63739,43,,,1,31,,63727,43,,,1,20,,63749,43,,,1,60,,63745,43,,,1,22,,63738,43,,,1,63,,63717,43,,,1,21,,63729,43,,,1,12,,63736,43,,,1,13,,63753,43,,,1,56,,63751,43,,,1,25,,63746,43,,,1,20,,63724,43,,,1,59,,63723,43,,,1,15,,63728,43,,,1,18,,63716,43,,,1,58,,63721,43,,,1,41,,63756,43,,,1,73,,63731,43,,,1,98,,63722,43,,,1,102,,63718,43,,,1,100,,63743,43,,,2,100,,63757,43,,,1,102,,63719,43,,,1
33100,'Semaine-0',835,,65576,34,0,7 8,1
43300,'Semaine-0',1509,,65830,21,0,9 14,2
56600,'Semaine-0',1536,,65849,22,0,5 6,1
73300,'Semaine-0',1648,,65879,39,,,1
82701,'Semaine-0',753,,65971,12,0,9 12 13,2
