2601,'Semaine-0',548,,63500,4,,,1,71,,63502,4,,,2,30,,63503,4,,,2,70,,63501,4,,,1,30,,63499,4,,,2
2601,'Semaine-10',548,,71430,4,,,1,71,,71432,4,,,2,30,,71433,4,,,2,70,,71431,4,,,1,30,,71429,4,,,2
32601,'Semaine-0',817,,65573,20,0,7 8,1
32601,'Semaine-10',817,,73503,20,0,7 8,1
42600,'Semaine-0',720,,65820,4,0,9 14,1,1,,65821,4,0,9 14,1
42600,'Semaine-10',720,,73750,4,0,9 14,1,1,,73751,4,0,9 14,1
72901,'Semaine-0',804,,65878,4,0,5 11,2
72901,'Semaine-10',804,,73808,4,0,5 11,2
82601,'Semaine-0',741,,65968,20,0,9 12 13,1,1,,65969,20,0,9 12 13,1
82601,'Semaine-10',741,,73898,20,0,9 12 13,1,1,,73899,20,0,9 12 13,1
