2600,'Semaine-0',1558,,63496,18,,,1,72,,63495,18,,,1,29,,63494,18,,,2,70,,63497,18,,,1,27,,63498,18,,,2
2600,'Semaine-10',1558,,71426,18,,,1,72,,71425,18,,,1,29,,71424,18,,,2,70,,71427,18,,,1,27,,71428,18,,,2
2600,'Semaine-11',1558,,73957,18,,,1,72,,73956,18,,,1,29,,73955,18,,,2,70,,73958,18,,,1,27,,73959,18,,,2
2800,'Semaine-0',1556,,63513,13,,,1,82,,63514,13,,,1,91,,63515,13,,,1
2800,'Semaine-10',1556,,71443,13,,,1,82,,71444,13,,,1,91,,71445,13,,,1
2800,'Semaine-11',1556,,73974,13,,,1,82,,73975,13,,,1,91,,73976,13,,,1
2900,'Semaine-0',1549,,63522,18,,,2,75,,63521,18,,,1,32,,63519,18,,,2,65,,63523,18,,,1,30,,63520,18,,,1
2900,'Semaine-10',1549,,71452,18,,,2,75,,71451,18,,,1,32,,71449,18,,,2,65,,71453,18,,,1,30,,71450,18,,,1
2900,'Semaine-11',1549,,73983,18,,,2,75,,73982,18,,,1,32,,73980,18,,,2,65,,73984,18,,,1,30,,73981,18,,,1
3200,'Semaine-0',632,,63658,19,,,1,71,,63657,19,,,1,32,,63653,19,,,1,72,,63655,19,,,1,28,,63654,19,,,2,70,,63656,19,,,1,29,,63629,19,,,2,70,,63624,19,,,1,30,,63625,19,,,2,70,,63636,19,,,1,30,,63630,19,,,1,71,,63616,19,,,1,30,,63617,19,,,1,69,,63628,19,,,1,30,,63631,19,,,1,70,,63637,19,,,1,31,,63618,19,,,1,70,,63663,19,,,1,15,,63615,19,,,2,16,,63645,19,,,1,10,,63635,19,,,1,11,,63641,19,,,2,50,,63642,19,,,1,10,,63660,19,,,1,10,,63661,19,,,1,10,,63662,19,,,2,13,,63659,19,,,2,7,,63632,19,,,1,50,,63643,19,,,1,10,,63651,19,,,2,10,,63644,19,,,2,8,,63621,19,,,1,10,,63652,19,,,1,10,,63638,19,,,2,47,,63640,19,,,1,10,,63639,19,,,1,19,,63633,19,,,2,25,,63627,19,,,1,70,,63622,19,,,1,30,,63619,19,,,2,69,,63634,19,,,2,30,,63626,19,,,1,73,,63623,19,,,1,27,,63620,19,,,2,70,,63646,19,,,1,29,,63647,19,,,1,68,,63648,19,,,1,30,,63649,19,,,1,70,,63650,19,,,1
3200,'Semaine-10',632,,71588,19,,,1,71,,71587,19,,,1,32,,71583,19,,,1,72,,71585,19,,,1,28,,71584,19,,,2,70,,71586,19,,,1,29,,71559,19,,,2,70,,71554,19,,,1,30,,71555,19,,,2,70,,71566,19,,,1,30,,71560,19,,,1,71,,71546,19,,,1,30,,71547,19,,,1,69,,71558,19,,,1,30,,71561,19,,,1,70,,71567,19,,,1,31,,71548,19,,,1,70,,71593,19,,,1,15,,71545,19,,,2,16,,71575,19,,,1,10,,71565,19,,,1,11,,71571,19,,,2,50,,71572,19,,,1,10,,71590,19,,,1,10,,71591,19,,,1,10,,71592,19,,,2,13,,71589,19,,,2,7,,71562,19,,,1,50,,71573,19,,,1,10,,71581,19,,,2,10,,71574,19,,,2,8,,71551,19,,,1,10,,71582,19,,,1,10,,71568,19,,,2,47,,71570,19,,,1,10,,71569,19,,,1,19,,71563,19,,,2,25,,71557,19,,,1,70,,71552,19,,,1,30,,71549,19,,,2,69,,71564,19,,,2,30,,71556,19,,,1,73,,71553,19,,,1,27,,71550,19,,,2,70,,71576,19,,,1,29,,71577,19,,,1,68,,71578,19,,,1,30,,71579,19,,,1,70,,71580,19,,,1
3200,'Semaine-11',632,,74119,19,,,1,71,,74118,19,,,1,32,,74114,19,,,1,72,,74116,19,,,1,28,,74115,19,,,2,70,,74117,19,,,1,29,,74090,19,,,2,70,,74085,19,,,1,30,,74086,19,,,2,70,,74097,19,,,1,30,,74091,19,,,1,71,,74077,19,,,1,30,,74078,19,,,1,69,,74089,19,,,1,30,,74092,19,,,1,70,,74098,19,,,1,31,,74079,19,,,1,70,,74124,19,,,1,15,,74076,19,,,2,16,,74106,19,,,1,10,,74096,19,,,1,11,,74102,19,,,2,50,,74103,19,,,1,10,,74121,19,,,1,10,,74122,19,,,1,10,,74123,19,,,2,13,,74120,19,,,2,7,,74093,19,,,1,50,,74104,19,,,1,10,,74112,19,,,2,10,,74105,19,,,2,8,,74082,19,,,1,10,,74113,19,,,1,10,,74099,19,,,2,47,,74101,19,,,1,10,,74100,19,,,1,19,,74094,19,,,2,25,,74088,19,,,1,70,,74083,19,,,1,30,,74080,19,,,2,69,,74095,19,,,2,30,,74087,19,,,1,73,,74084,19,,,1,27,,74081,19,,,2,70,,74107,19,,,1,29,,74108,19,,,1,68,,74109,19,,,1,30,,74110,19,,,1,70,,74111,19,,,1
3400,'Samedi-0',739,,66133,19,,,1,100,,66138,19,,,1,70,,66134,19,,,1,31,,66140,19,,,1,70,,66141,19,,,1,30,,66135,19,,,1,70,,66136,19,,,1,30,,66137,19,,,1,70,,66139,19,,,1,30,,66142,19,,,1,70,,66144,19,,,1,30,,66143,19,,,1,70,,66145,19,,,1,30,,66146,19,,,1,70,,66147,19,,,1,30,,66148,19,,,1,70,,66149,19,,,1,30,,66150,19,,,1,70,,66151,19,,,1,30,,66152,19,,,1,70,,66153,19,,,1,30,,66154,19,,,1,70,,66155,19,,,1,29,,66156,19,,,1,71,,66157,19,,,1,30,,66158,19,,,1,70,,66159,19,,,1,30,,66160,19,,,1,70,,66161,19,,,1,30,,66163,19,,,1,70,,66162,19,,,1,29,,66165,19,,,1,70,,66164,19,,,1,27,,66166,19,,,1
3400,'Samedi-10',739,,76523,19,,,1,100,,76528,19,,,1,70,,76524,19,,,1,31,,76530,19,,,1,70,,76531,19,,,1,30,,76525,19,,,1,70,,76526,19,,,1,30,,76527,19,,,1,70,,76529,19,,,1,30,,76532,19,,,1,70,,76534,19,,,1,30,,76533,19,,,1,70,,76535,19,,,1,30,,76536,19,,,1,70,,76537,19,,,1,30,,76538,19,,,1,70,,76539,19,,,1,30,,76540,19,,,1,70,,76541,19,,,1,30,,76542,19,,,1,70,,76543,19,,,1,30,,76544,19,,,1,70,,76545,19,,,1,29,,76546,19,,,1,71,,76547,19,,,1,30,,76548,19,,,1,70,,76549,19,,,1,30,,76550,19,,,1,70,,76551,19,,,1,30,,76553,19,,,1,70,,76552,19,,,1,29,,76555,19,,,1,70,,76554,19,,,1,27,,76556,19,,,1
3400,'Samedi-11',739,,70378,19,,,1,100,,70383,19,,,1,70,,70379,19,,,1,31,,70385,19,,,1,70,,70386,19,,,1,30,,70380,19,,,1,70,,70381,19,,,1,30,,70382,19,,,1,70,,70384,19,,,1,30,,70387,19,,,1,70,,70389,19,,,1,30,,70388,19,,,1,70,,70390,19,,,1,30,,70391,19,,,1,70,,70392,19,,,1,30,,70393,19,,,1,70,,70394,19,,,1,30,,70395,19,,,1,70,,70396,19,,,1,30,,70397,19,,,1,70,,70398,19,,,1,30,,70399,19,,,1,70,,70400,19,,,1,29,,70401,19,,,1,71,,70402,19,,,1,30,,70403,19,,,1,70,,70404,19,,,1,30,,70405,19,,,1,70,,70406,19,,,1,30,,70408,19,,,1,70,,70407,19,,,1,29,,70410,19,,,1,70,,70409,19,,,1,27,,70411,19,,,1
3400,'Dimanche-0',739,,68224,19,,,1,100,,68244,19,,,1,70,,68226,19,,,1,31,,68230,19,,,1,70,,68223,19,,,1,30,,68231,19,,,1,70,,68222,19,,,1,30,,68221,19,,,1,70,,68234,19,,,1,30,,68225,19,,,1,70,,68228,19,,,1,30,,68227,19,,,1,70,,68220,19,,,1,30,,68236,19,,,1,70,,68232,19,,,1,30,,68233,19,,,1,70,,68229,19,,,1,30,,68240,19,,,1,70,,68239,19,,,1,30,,68237,19,,,1,70,,68235,19,,,1,30,,68238,19,,,1,70,,68243,19,,,1,29,,68241,19,,,1,71,,68242,19,,,1,30,,68245,19,,,1,70,,68246,19,,,1,30,,68247,19,,,1,70,,68248,19,,,1,30,,68249,19,,,1,70,,68250,19,,,1,29,,68252,19,,,1,70,,68251,19,,,1,27,,68253,19,,,1
3400,'Dimanche-10',739,,69303,19,,,1,100,,69323,19,,,1,70,,69305,19,,,1,31,,69309,19,,,1,70,,69302,19,,,1,30,,69310,19,,,1,70,,69301,19,,,1,30,,69300,19,,,1,70,,69313,19,,,1,30,,69304,19,,,1,70,,69307,19,,,1,30,,69306,19,,,1,70,,69299,19,,,1,30,,69315,19,,,1,70,,69311,19,,,1,30,,69312,19,,,1,70,,69308,19,,,1,30,,69319,19,,,1,70,,69318,19,,,1,30,,69316,19,,,1,70,,69314,19,,,1,30,,69317,19,,,1,70,,69322,19,,,1,29,,69320,19,,,1,71,,69321,19,,,1,30,,69324,19,,,1,70,,69325,19,,,1,30,,69326,19,,,1,70,,69327,19,,,1,30,,69328,19,,,1,70,,69329,19,,,1,29,,69331,19,,,1,70,,69330,19,,,1,27,,69332,19,,,1
3400,'Dimanche-11',739,,66171,19,,,1,100,,66191,19,,,1,70,,66173,19,,,1,31,,66177,19,,,1,70,,66170,19,,,1,30,,66178,19,,,1,70,,66169,19,,,1,30,,66168,19,,,1,70,,66181,19,,,1,30,,66172,19,,,1,70,,66175,19,,,1,30,,66174,19,,,1,70,,66167,19,,,1,30,,66183,19,,,1,70,,66179,19,,,1,30,,66180,19,,,1,70,,66176,19,,,1,30,,66187,19,,,1,70,,66186,19,,,1,30,,66184,19,,,1,70,,66182,19,,,1,30,,66185,19,,,1,70,,66190,19,,,1,29,,66188,19,,,1,71,,66189,19,,,1,30,,66192,19,,,1,70,,66193,19,,,1,30,,66194,19,,,1,70,,66195,19,,,1,30,,66196,19,,,1,70,,66197,19,,,1,29,,66199,19,,,1,70,,66198,19,,,1,27,,66200,19,,,1
3400,'Semaine-0',616,,63829,19,,,1,29,,63814,19,,,1,71,,63808,19,,,1,35,,63812,19,,,1,71,,63803,19,,,2,29,,63823,19,,,1,70,,63809,19,,,1,28,,63799,19,,,1,70,,63804,19,,,1,30,,63805,19,,,1,70,,63810,19,,,1,30,,63800,19,,,1,70,,63830,19,,,1,30,,63806,19,,,1,70,,63811,19,,,1,30,,63801,19,,,1,72,,63827,19,,,1,30,,63802,19,,,1,65,,63828,19,,,1,306,,63826,19,,,1,20,,63815,19,,,1,68,,63807,19,,,1,30,,63819,19,,,1,70,,63825,19,,,1,31,,63816,19,,,1,69,,63818,19,,,1,30,,63820,19,,,1,70,,63813,19,,,1,30,,63822,19,,,1,69,,63817,19,,,1,29,,63821,19,,,1,70,,63824,19,,,1
3400,'Semaine-10',616,,71759,19,,,1,29,,71744,19,,,1,71,,71738,19,,,1,35,,71742,19,,,1,71,,71733,19,,,2,29,,71753,19,,,1,70,,71739,19,,,1,28,,71729,19,,,1,70,,71734,19,,,1,30,,71735,19,,,1,70,,71740,19,,,1,30,,71730,19,,,1,70,,71760,19,,,1,30,,71736,19,,,1,70,,71741,19,,,1,30,,71731,19,,,1,72,,71757,19,,,1,30,,71732,19,,,1,65,,71758,19,,,1,306,,71756,19,,,1,20,,71745,19,,,1,68,,71737,19,,,1,30,,71749,19,,,1,70,,71755,19,,,1,31,,71746,19,,,1,69,,71748,19,,,1,30,,71750,19,,,1,70,,71743,19,,,1,30,,71752,19,,,1,69,,71747,19,,,1,29,,71751,19,,,1,70,,71754,19,,,1
3400,'Semaine-11',616,,74290,19,,,1,29,,74275,19,,,1,71,,74269,19,,,1,35,,74273,19,,,1,71,,74264,19,,,2,29,,74284,19,,,1,70,,74270,19,,,1,28,,74260,19,,,1,70,,74265,19,,,1,30,,74266,19,,,1,70,,74271,19,,,1,30,,74261,19,,,1,70,,74291,19,,,1,30,,74267,19,,,1,70,,74272,19,,,1,30,,74262,19,,,1,72,,74288,19,,,1,30,,74263,19,,,1,65,,74289,19,,,1,306,,74287,19,,,1,20,,74276,19,,,1,68,,74268,19,,,1,30,,74280,19,,,1,70,,74286,19,,,1,31,,74277,19,,,1,69,,74279,19,,,1,30,,74281,19,,,1,70,,74274,19,,,1,30,,74283,19,,,1,69,,74278,19,,,1,29,,74282,19,,,1,70,,74285,19,,,1
5600,'Semaine-0',647,,64421,31,,,1,64,,64419,31,,,1,6,,64423,31,,,1,31,,64422,31,,,1,72,,64416,31,,,1,100,,64415,31,,,1,107,,64417,31,,,1,98,,64420,31,,,2,102,,64418,31,,,1
5600,'Semaine-10',647,,72351,31,,,1,64,,72349,31,,,1,6,,72353,31,,,1,31,,72352,31,,,1,72,,72346,31,,,1,100,,72345,31,,,1,107,,72347,31,,,1,98,,72350,31,,,2,102,,72348,31,,,1
5600,'Semaine-11',647,,74882,31,,,1,64,,74880,31,,,1,6,,74884,31,,,1,31,,74883,31,,,1,72,,74877,31,,,1,100,,74876,31,,,1,107,,74878,31,,,1,98,,74881,31,,,2,102,,74879,31,,,1
32900,'Semaine-0',813,,65574,11,0,7 8,1
32900,'Semaine-10',813,,73504,11,0,7 8,1
32900,'Semaine-11',813,,76035,11,0,7 8,1
42900,'Semaine-0',714,,65823,4,0,9 14,1,2,,65824,4,0,9 14,2
42900,'Semaine-10',714,,73753,4,0,9 14,1,2,,73754,4,0,9 14,2
42900,'Semaine-11',714,,76284,4,0,9 14,1,2,,76285,4,0,9 14,2
55400,'Semaine-0',711,,65846,21,0,5 6,2
55400,'Semaine-10',711,,73776,21,0,5 6,2
55400,'Semaine-11',711,,76307,21,0,5 6,2
72900,'Semaine-0',1632,,65877,16,0,5 11,2
72900,'Semaine-10',1632,,73807,16,0,5 11,2
72900,'Semaine-11',1632,,76338,16,0,5 11,2
82900,'Semaine-0',1538,,65974,16,0,9 12 13,1
82900,'Semaine-10',1538,,73904,16,0,9 12 13,1
82900,'Semaine-11',1538,,76436,16,0,9 12 13,1
