7600,'Samedi-0',742,,67524,14,,,1,100,,67527,14,,,1,100,,67526,14,,,1,100,,67529,14,,,1,100,,67528,14,,,1,101,,67523,14,,,1,99,,67525,14,,,1,100,,67530,14,,,1,100,,67531,14,,,1,100,,67532,14,,,1,100,,67533,14,,,1,100,,67534,14,,,1,100,,67535,14,,,1,100,,67536,14,,,1,100,,67537,14,,,1,100,,67538,14,,,1
7600,'Samedi-10',742,,77219,14,,,1,100,,77222,14,,,1,100,,77221,14,,,1,100,,77224,14,,,1,100,,77223,14,,,1,101,,77218,14,,,1,99,,77220,14,,,1,100,,77225,14,,,1,100,,77226,14,,,1,100,,77227,14,,,1,100,,77228,14,,,1,100,,77229,14,,,1,100,,77230,14,,,1,100,,77231,14,,,1,100,,77232,14,,,1,100,,77233,14,,,1
7600,'Samedi-11',742,,71074,14,,,1,100,,71077,14,,,1,100,,71076,14,,,1,100,,71079,14,,,1,100,,71078,14,,,1,101,,71073,14,,,1,99,,71075,14,,,1,100,,71080,14,,,1,100,,71081,14,,,1,100,,71082,14,,,1,100,,71083,14,,,1,100,,71084,14,,,1,100,,71085,14,,,1,100,,71086,14,,,1,100,,71087,14,,,1,100,,71088,14,,,1
7600,'Dimanche-0',742,,68918,14,,,1,100,,68917,14,,,1,100,,68916,14,,,1,100,,68921,14,,,1,100,,68915,14,,,1,101,,68920,14,,,1,99,,68919,14,,,1,100,,68922,14,,,1,100,,68923,14,,,1,100,,68924,14,,,1,100,,68927,14,,,1,100,,68925,14,,,1,100,,68926,14,,,1,100,,68928,14,,,1,100,,68929,14,,,1,100,,68930,14,,,1
7600,'Dimanche-10',742,,69997,14,,,1,100,,69996,14,,,1,100,,69995,14,,,1,100,,70000,14,,,1,100,,69994,14,,,1,101,,69999,14,,,1,99,,69998,14,,,1,100,,70001,14,,,1,100,,70002,14,,,1,100,,70003,14,,,1,100,,70006,14,,,1,100,,70004,14,,,1,100,,70005,14,,,1,100,,70007,14,,,1,100,,70008,14,,,1,100,,70009,14,,,1
7600,'Dimanche-11',742,,67542,14,,,1,100,,67541,14,,,1,100,,67540,14,,,1,100,,67545,14,,,1,100,,67539,14,,,1,101,,67544,14,,,1,99,,67543,14,,,1,100,,67546,14,,,1,100,,67547,14,,,1,100,,67548,14,,,1,100,,67551,14,,,1,100,,67549,14,,,1,100,,67550,14,,,1,100,,67552,14,,,1,100,,67553,14,,,1,100,,67554,14,,,1
7600,'Semaine-0',549,,65231,14,,,1,70,,65228,14,,,1,22,,65232,14,,,1,18,,65229,14,,,1,59,,65230,14,,,2,24,,65233,14,,,1,63,,65234,14,,,1,14,,65242,14,,,1,20,,65241,14,,,1,63,,65236,14,,,1,18,,65237,14,,,2,25,,65235,14,,,1,70,,65239,14,,,1,30,,65238,14,,,1,70,,65240,14,,,2,28,,65208,14,,,1,72,,65209,14,,,1,30,,65210,14,,,1,70,,65206,14,,,1,30,,65213,14,,,1,70,,65207,14,,,1,33,,65211,14,,,1,70,,65212,14,,,1,34,,65205,14,,,1,56,,65220,14,,,1,17,,65214,14,,,1,23,,65217,14,,,2,60,,65221,14,,,1,13,,65218,14,,,2,20,,65222,14,,,1,70,,65223,14,,,1,30,,65219,14,,,1,70,,65224,14,,,1,46,,65215,14,,,1,98,,65225,14,,,2,100,,65226,14,,,2,100,,65216,14,,,2,100,,65227,14,,,1
7600,'Semaine-10',549,,73161,14,,,1,70,,73158,14,,,1,22,,73162,14,,,1,18,,73159,14,,,1,59,,73160,14,,,2,24,,73163,14,,,1,63,,73164,14,,,1,14,,73172,14,,,1,20,,73171,14,,,1,63,,73166,14,,,1,18,,73167,14,,,2,25,,73165,14,,,1,70,,73169,14,,,1,30,,73168,14,,,1,70,,73170,14,,,2,28,,73138,14,,,1,72,,73139,14,,,1,30,,73140,14,,,1,70,,73136,14,,,1,30,,73143,14,,,1,70,,73137,14,,,1,33,,73141,14,,,1,70,,73142,14,,,1,34,,73135,14,,,1,56,,73150,14,,,1,17,,73144,14,,,1,23,,73147,14,,,2,60,,73151,14,,,1,13,,73148,14,,,2,20,,73152,14,,,1,70,,73153,14,,,1,30,,73149,14,,,1,70,,73154,14,,,1,46,,73145,14,,,1,98,,73155,14,,,2,100,,73156,14,,,2,100,,73146,14,,,2,100,,73157,14,,,1
7600,'Semaine-11',549,,75692,14,,,1,70,,75689,14,,,1,22,,75693,14,,,1,18,,75690,14,,,1,59,,75691,14,,,2,24,,75694,14,,,1,63,,75695,14,,,1,14,,75703,14,,,1,20,,75702,14,,,1,63,,75697,14,,,1,18,,75698,14,,,2,25,,75696,14,,,1,70,,75700,14,,,1,30,,75699,14,,,1,70,,75701,14,,,2,28,,75669,14,,,1,72,,75670,14,,,1,30,,75671,14,,,1,70,,75667,14,,,1,30,,75674,14,,,1,70,,75668,14,,,1,33,,75672,14,,,1,70,,75673,14,,,1,34,,75666,14,,,1,56,,75681,14,,,1,17,,75675,14,,,1,23,,75678,14,,,2,60,,75682,14,,,1,13,,75679,14,,,2,20,,75683,14,,,1,70,,75684,14,,,1,30,,75680,14,,,1,70,,75685,14,,,1,46,,75676,14,,,1,98,,75686,14,,,2,100,,75687,14,,,2,100,,75677,14,,,2,100,,75688,14,,,1
57600,'Semaine-0',1549,,65855,22,0,5 6,1
57600,'Semaine-10',1549,,73785,22,0,5 6,1
57600,'Semaine-11',1549,,76316,22,0,5 6,1
