63901,'Semaine-0',730,,65858,44,4,,1
63901,'Semaine-10',730,,73788,44,4,,1
63901,'Semaine-11',730,,76319,44,4,,1
64001,'Semaine-0',730,,65862,23,4,,1,2,,65863,23,4,,1
64001,'Semaine-10',730,,73792,23,4,,1,2,,73793,23,4,,1
64001,'Semaine-11',730,,76323,23,4,,1,2,,76324,23,4,,1
64100,'Semaine-0',741,,65864,21,4,,2
64100,'Semaine-10',741,,73794,21,4,,2
64100,'Semaine-11',741,,76325,21,4,,2
64500,'Semaine-0',730,,65866,34,4,,1
64500,'Semaine-10',730,,73796,34,4,,1
64500,'Semaine-11',730,,76327,34,4,,1
64700,'Semaine-0',730,,65868,27,4,,1
64700,'Semaine-10',730,,73798,27,4,,1
64700,'Semaine-11',730,,76329,27,4,,1
65401,'Semaine-0',725,,65871,19,4,,1
65401,'Semaine-10',725,,73801,19,4,,1
65401,'Semaine-11',725,,76332,19,4,,1
65500,'Semaine-0',741,,65872,36,4,,1
65500,'Semaine-10',741,,73802,36,4,,1
65500,'Semaine-11',741,,76333,36,4,,1
