2600,'Semaine-0',1559,,63496,19,,,1,72,,63495,19,,,1,28,,63494,19,,,2,70,,63497,19,,,1,27,,63498,19,,,2
2800,'Semaine-0',1557,,63513,14,,,1,82,,63514,14,,,1,91,,63515,14,,,1
2900,'Semaine-0',1550,,63522,19,,,2,75,,63521,19,,,1,32,,63519,19,,,2,65,,63523,19,,,1,30,,63520,19,,,1
3200,'Semaine-0',633,,63658,20,,,1,71,,63657,20,,,1,32,,63653,20,,,1,72,,63655,20,,,1,28,,63654,20,,,2,70,,63656,20,,,1,29,,63629,20,,,2,70,,63624,20,,,1,30,,63625,20,,,2,70,,63636,20,,,1,30,,63630,20,,,1,71,,63616,20,,,1,30,,63617,20,,,1,69,,63628,20,,,1,30,,63631,20,,,1,70,,63637,20,,,1,31,,63618,20,,,1,70,,63663,20,,,1,15,,63615,20,,,2,16,,63645,20,,,1,10,,63635,20,,,1,11,,63641,20,,,2,50,,63642,20,,,1,10,,63660,20,,,1,10,,63661,20,,,1,10,,63662,20,,,2,13,,63659,20,,,2,7,,63632,20,,,1,50,,63643,20,,,1,10,,63651,20,,,2,10,,63644,20,,,2,8,,63621,20,,,1,10,,63652,20,,,1,10,,63638,20,,,2,47,,63640,20,,,1,10,,63639,20,,,1,19,,63633,20,,,2,25,,63627,20,,,1,70,,63622,20,,,1,30,,63619,20,,,2,69,,63634,20,,,2,30,,63626,20,,,1,73,,63623,20,,,1,27,,63620,20,,,2,70,,63646,20,,,1,29,,63647,20,,,1,68,,63648,20,,,1,30,,63649,20,,,1,70,,63650,20,,,1
3400,'Semaine-0',616,,63829,20,,,1,29,,63814,20,,,1,72,,63808,20,,,1,34,,63812,20,,,1,71,,63803,20,,,2,29,,63823,20,,,1,70,,63809,20,,,1,28,,63799,20,,,1,70,,63804,20,,,1,30,,63805,20,,,1,70,,63810,20,,,1,30,,63800,20,,,1,70,,63830,20,,,1,30,,63806,20,,,1,70,,63811,20,,,1,30,,63801,20,,,1,72,,63827,20,,,1,30,,63802,20,,,1,65,,63828,20,,,1,306,,63826,20,,,1,20,,63815,20,,,1,68,,63807,20,,,1,30,,63819,20,,,1,70,,63825,20,,,1,31,,63816,20,,,1,69,,63818,20,,,1,30,,63820,20,,,1,70,,63813,20,,,1,30,,63822,20,,,1,69,,63817,20,,,1,29,,63821,20,,,1,70,,63824,20,,,1
5600,'Semaine-0',648,,64421,32,,,1,64,,64419,32,,,1,6,,64423,32,,,1,30,,64422,32,,,1,73,,64416,32,,,1,100,,64415,32,,,1,107,,64417,32,,,1,98,,64420,32,,,2,101,,64418,32,,,1
32900,'Semaine-0',813,,65574,12,0,7 8,1
42900,'Semaine-0',715,,65823,5,0,9 14,1,2,,65824,5,0,9 14,2
55400,'Semaine-0',711,,65846,22,0,5 6,2
72900,'Semaine-0',1633,,65877,17,0,5 11,2
82900,'Semaine-0',1538,,65974,17,0,9 12 13,1
