6401,'Samedi-0',735,,67032,34,,,1,100,,67029,34,,,1,100,,67031,34,,,1,100,,67034,34,,,1,100,,67030,34,,,1,100,,67035,34,,,1,100,,67033,34,,,1,100,,67036,34,,,1,100,,67037,34,,,1,100,,67038,34,,,1,100,,67039,34,,,1
6401,'Samedi-11',735,,70829,34,,,1,100,,70826,34,,,1,100,,70828,34,,,1,100,,70831,34,,,1,100,,70827,34,,,1,100,,70832,34,,,1,100,,70830,34,,,1,100,,70833,34,,,1,100,,70834,34,,,1,100,,70835,34,,,1,100,,70836,34,,,1
6401,'Dimanche-0',735,,68672,34,,,1,100,,68669,34,,,1,100,,68675,34,,,1,100,,68676,34,,,1,100,,68673,34,,,1,100,,68668,34,,,1,100,,68670,34,,,1,100,,68671,34,,,1,100,,68677,34,,,1,100,,68674,34,,,1,100,,68678,34,,,1
6401,'Dimanche-10',735,,69751,34,,,1,100,,69748,34,,,1,100,,69754,34,,,1,100,,69755,34,,,1,100,,69752,34,,,1,100,,69747,34,,,1,100,,69749,34,,,1,100,,69750,34,,,1,100,,69756,34,,,1,100,,69753,34,,,1,100,,69757,34,,,1
6401,'Dimanche-11',735,,67044,34,,,1,100,,67041,34,,,1,100,,67047,34,,,1,100,,67048,34,,,1,100,,67045,34,,,1,100,,67040,34,,,1,100,,67042,34,,,1,100,,67043,34,,,1,100,,67049,34,,,1,100,,67046,34,,,1,100,,67050,34,,,1
6401,'Semaine-0',535,,64649,34,,,2,108,,64659,34,,,2,100,,64661,34,,,1,100,,64658,34,,,1,96,,64666,34,,,1,100,,64653,34,,,1,100,,64652,34,,,1,100,,64664,34,,,1,100,,64660,34,,,2,100,,64662,34,,,1,100,,64663,34,,,1,102,,64654,34,,,1,98,,64650,34,,,1,100,,64651,34,,,1,97,,64657,34,,,1,100,,64655,34,,,1,100,,64656,34,,,1,100,,64665,34,,,1
6401,'Semaine-10',535,,72579,34,,,2,108,,72589,34,,,2,100,,72591,34,,,1,100,,72588,34,,,1,96,,72596,34,,,1,100,,72583,34,,,1,100,,72582,34,,,1,100,,72594,34,,,1,100,,72590,34,,,2,100,,72592,34,,,1,100,,72593,34,,,1,102,,72584,34,,,1,98,,72580,34,,,1,100,,72581,34,,,1,97,,72587,34,,,1,100,,72585,34,,,1,100,,72586,34,,,1,100,,72595,34,,,1
6401,'Semaine-11',535,,75110,34,,,2,108,,75120,34,,,2,100,,75122,34,,,1,100,,75119,34,,,1,96,,75127,34,,,1,100,,75114,34,,,1,100,,75113,34,,,1,100,,75125,34,,,1,100,,75121,34,,,2,100,,75123,34,,,1,100,,75124,34,,,1,102,,75115,34,,,1,98,,75111,34,,,1,100,,75112,34,,,1,97,,75118,34,,,1,100,,75116,34,,,1,100,,75117,34,,,1,100,,75126,34,,,1
6601,'Samedi-0',702,,67153,36,,,1,100,,67155,36,,,1,100,,67159,36,,,1,100,,67156,36,,,1,100,,67160,36,,,1,100,,67154,36,,,1,100,,67157,36,,,1,100,,67158,36,,,1,100,,67161,36,,,1,100,,67162,36,,,1,100,,67163,36,,,1,100,,67164,36,,,1,100,,67165,36,,,1,100,,67167,36,,,1,100,,67166,36,,,1,100,,67168,36,,,1,100,,67169,36,,,1,100,,67170,36,,,1
6601,'Samedi-11',702,,70888,36,,,1,100,,70890,36,,,1,100,,70894,36,,,1,100,,70891,36,,,1,100,,70895,36,,,1,100,,70889,36,,,1,100,,70892,36,,,1,100,,70893,36,,,1,100,,70896,36,,,1,100,,70897,36,,,1,100,,70898,36,,,1,100,,70899,36,,,1,100,,70900,36,,,1,100,,70902,36,,,1,100,,70901,36,,,1,100,,70903,36,,,1,100,,70904,36,,,1,100,,70905,36,,,1
6601,'Dimanche-0',702,,68731,36,,,1,100,,68735,36,,,1,100,,68736,36,,,1,100,,68737,36,,,1,100,,68730,36,,,1,100,,68732,36,,,1,100,,68733,36,,,1,100,,68734,36,,,1,100,,68739,36,,,1,100,,68738,36,,,1,100,,68742,36,,,1,100,,68740,36,,,1,100,,68743,36,,,1,100,,68741,36,,,1,100,,68744,36,,,1,100,,68745,36,,,1,100,,68746,36,,,1,100,,68747,36,,,1
6601,'Dimanche-10',702,,69810,36,,,1,100,,69814,36,,,1,100,,69815,36,,,1,100,,69816,36,,,1,100,,69809,36,,,1,100,,69811,36,,,1,100,,69812,36,,,1,100,,69813,36,,,1,100,,69818,36,,,1,100,,69817,36,,,1,100,,69821,36,,,1,100,,69819,36,,,1,100,,69822,36,,,1,100,,69820,36,,,1,100,,69823,36,,,1,100,,69824,36,,,1,100,,69825,36,,,1,100,,69826,36,,,1
6601,'Dimanche-11',702,,67172,36,,,1,100,,67176,36,,,1,100,,67177,36,,,1,100,,67178,36,,,1,100,,67171,36,,,1,100,,67173,36,,,1,100,,67174,36,,,1,100,,67175,36,,,1,100,,67180,36,,,1,100,,67179,36,,,1,100,,67183,36,,,1,100,,67181,36,,,1,100,,67184,36,,,1,100,,67182,36,,,1,100,,67185,36,,,1,100,,67186,36,,,1,100,,67187,36,,,1,100,,67188,36,,,1
6601,'Semaine-0',553,,64775,36,,,2,60,,64768,36,,,1,18,,64777,36,,,1,21,,64783,36,,,2,60,,64778,36,,,2,21,,64769,36,,,1,23,,64781,36,,,2,59,,64774,36,,,1,18,,64790,36,,,1,21,,64767,36,,,1,59,,64780,36,,,1,18,,64791,36,,,1,20,,64799,36,,,1,102,,64779,36,,,1,100,,64771,36,,,1,100,,64795,36,,,1,100,,64796,36,,,1,100,,64782,36,,,2,62,,64770,36,,,1,19,,64787,36,,,2,19,,64784,36,,,1,64,,64797,36,,,1,22,,64766,36,,,1,19,,64792,36,,,1,60,,64785,36,,,1,20,,64798,36,,,1,18,,64788,36,,,2,64,,64793,36,,,2,20,,64786,36,,,1,18,,64794,36,,,1,60,,64800,36,,,2,94,,64773,36,,,2,100,,64772,36,,,1,95,,64776,36,,,1,100,,64789,36,,,1
6601,'Semaine-10',553,,72705,36,,,2,60,,72698,36,,,1,18,,72707,36,,,1,21,,72713,36,,,2,60,,72708,36,,,2,21,,72699,36,,,1,23,,72711,36,,,2,59,,72704,36,,,1,18,,72720,36,,,1,21,,72697,36,,,1,59,,72710,36,,,1,18,,72721,36,,,1,20,,72729,36,,,1,102,,72709,36,,,1,100,,72701,36,,,1,100,,72725,36,,,1,100,,72726,36,,,1,100,,72712,36,,,2,62,,72700,36,,,1,19,,72717,36,,,2,19,,72714,36,,,1,64,,72727,36,,,1,22,,72696,36,,,1,19,,72722,36,,,1,60,,72715,36,,,1,20,,72728,36,,,1,18,,72718,36,,,2,64,,72723,36,,,2,20,,72716,36,,,1,18,,72724,36,,,1,60,,72730,36,,,2,94,,72703,36,,,2,100,,72702,36,,,1,95,,72706,36,,,1,100,,72719,36,,,1
6601,'Semaine-11',553,,75236,36,,,2,60,,75229,36,,,1,18,,75238,36,,,1,21,,75244,36,,,2,60,,75239,36,,,2,21,,75230,36,,,1,23,,75242,36,,,2,59,,75235,36,,,1,18,,75251,36,,,1,21,,75228,36,,,1,59,,75241,36,,,1,18,,75252,36,,,1,20,,75260,36,,,1,102,,75240,36,,,1,100,,75232,36,,,1,100,,75256,36,,,1,100,,75257,36,,,1,100,,75243,36,,,2,62,,75231,36,,,1,19,,75248,36,,,2,19,,75245,36,,,1,64,,75258,36,,,1,22,,75227,36,,,1,19,,75253,36,,,1,60,,75246,36,,,1,20,,75259,36,,,1,18,,75249,36,,,2,64,,75254,36,,,2,20,,75247,36,,,1,18,,75255,36,,,1,60,,75261,36,,,2,94,,75234,36,,,2,100,,75233,36,,,1,95,,75237,36,,,1,100,,75250,36,,,1
