54901,'Semaine-0',1518,,65839,1,4,,1
54901,'Semaine-10',1518,,73769,1,4,,1
55001,'Semaine-0',1518,,65844,1,4,,1
55001,'Semaine-10',1518,,73774,1,4,,1
55401,'Semaine-0',1518,,65848,1,0,5 6,1
55401,'Semaine-10',1518,,73778,1,0,5 6,1
56600,'Semaine-0',1518,,65849,1,4,,1
56600,'Semaine-10',1518,,73779,1,4,,1
56900,'Semaine-0',1518,,65851,1,4,,2
56900,'Semaine-10',1518,,73781,1,4,,2
57100,'Semaine-0',1518,,65853,1,4,,1
57100,'Semaine-10',1518,,73783,1,4,,1
57600,'Semaine-0',1518,,65855,1,4,,1
57600,'Semaine-10',1518,,73785,1,4,,1
