7601,'Samedi-0',715,,67555,15,,,1,100,,67558,15,,,1,100,,67557,15,,,1,100,,67561,15,,,1,100,,67560,15,,,1,100,,67559,15,,,1,100,,67556,15,,,1,100,,67562,15,,,1,100,,67563,15,,,1,100,,67564,15,,,1,100,,67565,15,,,1,100,,67566,15,,,1,100,,67567,15,,,1,100,,67568,15,,,1,100,,67569,15,,,1,100,,67570,15,,,1
7601,'Samedi-11',715,,71089,15,,,1,100,,71092,15,,,1,100,,71091,15,,,1,100,,71095,15,,,1,100,,71094,15,,,1,100,,71093,15,,,1,100,,71090,15,,,1,100,,71096,15,,,1,100,,71097,15,,,1,100,,71098,15,,,1,100,,71099,15,,,1,100,,71100,15,,,1,100,,71101,15,,,1,100,,71102,15,,,1,100,,71103,15,,,1,100,,71104,15,,,1
7601,'Dimanche-0',714,,68933,15,,,1,100,,68934,15,,,1,100,,68932,15,,,1,100,,68936,15,,,1,100,,68931,15,,,1,100,,68937,15,,,1,100,,68935,15,,,1,100,,68938,15,,,1,100,,68939,15,,,1,100,,68944,15,,,1,100,,68940,15,,,1,100,,68942,15,,,1,100,,68941,15,,,1,100,,68943,15,,,1,100,,68945,15,,,1,100,,68946,15,,,1
7601,'Dimanche-10',714,,70012,15,,,1,100,,70013,15,,,1,100,,70011,15,,,1,100,,70015,15,,,1,100,,70010,15,,,1,100,,70016,15,,,1,100,,70014,15,,,1,100,,70017,15,,,1,100,,70018,15,,,1,100,,70023,15,,,1,100,,70019,15,,,1,100,,70021,15,,,1,100,,70020,15,,,1,100,,70022,15,,,1,100,,70024,15,,,1,100,,70025,15,,,1
7601,'Dimanche-11',714,,67573,15,,,1,100,,67574,15,,,1,100,,67572,15,,,1,100,,67576,15,,,1,100,,67571,15,,,1,100,,67577,15,,,1,100,,67575,15,,,1,100,,67578,15,,,1,100,,67579,15,,,1,100,,67584,15,,,1,100,,67580,15,,,1,100,,67582,15,,,1,100,,67581,15,,,1,100,,67583,15,,,1,100,,67585,15,,,1,100,,67586,15,,,1
7601,'Semaine-0',633,,65243,15,,,1,18,,65247,15,,,2,59,,65244,15,,,1,22,,65245,15,,,1,16,,65246,15,,,2,61,,65248,15,,,1,22,,65249,15,,,1,70,,65251,15,,,2,30,,65250,15,,,1,70,,65252,15,,,2,30,,65253,15,,,1,70,,65254,15,,,1,30,,65260,15,,,1,70,,65255,15,,,1,30,,65256,15,,,1,70,,65262,15,,,2,30,,65261,15,,,1,69,,65257,15,,,1,30,,65258,15,,,1,28,,65263,15,,,1,73,,65264,15,,,1,25,,65265,15,,,1,72,,65266,15,,,1,26,,65259,15,,,1,65,,65267,15,,,1,25,,65268,15,,,1,65,,65269,15,,,1,29,,65270,15,,,1,83,,65273,15,,,1,102,,65271,15,,,2,100,,65272,15,,,2,100,,65274,15,,,2
7601,'Semaine-10',633,,73173,15,,,1,18,,73177,15,,,2,59,,73174,15,,,1,22,,73175,15,,,1,16,,73176,15,,,2,61,,73178,15,,,1,22,,73179,15,,,1,70,,73181,15,,,2,30,,73180,15,,,1,70,,73182,15,,,2,30,,73183,15,,,1,70,,73184,15,,,1,30,,73190,15,,,1,70,,73185,15,,,1,30,,73186,15,,,1,70,,73192,15,,,2,30,,73191,15,,,1,69,,73187,15,,,1,30,,73188,15,,,1,28,,73193,15,,,1,73,,73194,15,,,1,25,,73195,15,,,1,72,,73196,15,,,1,26,,73189,15,,,1,65,,73197,15,,,1,25,,73198,15,,,1,65,,73199,15,,,1,29,,73200,15,,,1,83,,73203,15,,,1,102,,73201,15,,,2,100,,73202,15,,,2,100,,73204,15,,,2
7601,'Semaine-11',633,,75704,15,,,1,18,,75708,15,,,2,59,,75705,15,,,1,22,,75706,15,,,1,16,,75707,15,,,2,61,,75709,15,,,1,22,,75710,15,,,1,70,,75712,15,,,2,30,,75711,15,,,1,70,,75713,15,,,2,30,,75714,15,,,1,70,,75715,15,,,1,30,,75721,15,,,1,70,,75716,15,,,1,30,,75717,15,,,1,70,,75723,15,,,2,30,,75722,15,,,1,69,,75718,15,,,1,30,,75719,15,,,1,28,,75724,15,,,1,73,,75725,15,,,1,25,,75726,15,,,1,72,,75727,15,,,1,26,,75720,15,,,1,65,,75728,15,,,1,25,,75729,15,,,1,65,,75730,15,,,1,29,,75731,15,,,1,83,,75734,15,,,1,102,,75732,15,,,2,100,,75733,15,,,2,100,,75735,15,,,2
8501,'Semaine-0',525,,65369,3,,,1,28,,65371,3,,,1,64,,65374,3,,,1,15,,65373,3,,,1,16,,65378,3,,,1,54,,65370,3,,,2,16,,65376,3,,,1,16,,65372,3,,,2,14,,65377,3,,,1,60,,65375,3,,,1
8501,'Semaine-10',525,,73299,3,,,1,28,,73301,3,,,1,64,,73304,3,,,1,15,,73303,3,,,1,16,,73308,3,,,1,54,,73300,3,,,2,16,,73306,3,,,1,16,,73302,3,,,2,14,,73307,3,,,1,60,,73305,3,,,1
8501,'Semaine-11',525,,75830,3,,,1,28,,75832,3,,,1,64,,75835,3,,,1,15,,75834,3,,,1,16,,75839,3,,,1,54,,75831,3,,,2,16,,75837,3,,,1,16,,75833,3,,,2,14,,75838,3,,,1,60,,75836,3,,,1
