2301,'Semaine-0',621,,63480,15,,,1,30,,63477,15,,,2,70,,63481,15,,,1,35,,63479,15,,,2,67,,63478,15,,,1
2501,'Semaine-0',606,,63492,22,,,2,30,,63491,22,,,1,71,,63489,22,,,1,30,,63490,22,,,2,71,,63493,22,,,1,29,,63488,22,,,2
2601,'Semaine-0',558,,63500,16,,,1,71,,63502,16,,,2,30,,63503,16,,,2,70,,63501,16,,,1,29,,63499,16,,,2
2801,'Semaine-0',647,,63517,18,,,1,74,,63518,18,,,2,100,,63516,18,,,2
3401,'Semaine-0',907,,63856,27,,,1,30,,63836,27,,,2,70,,63840,27,,,1,30,,63860,27,,,1,70,,63833,27,,,1,30,,63837,27,,,1,70,,63841,27,,,1,30,,63831,27,,,1,70,,63834,27,,,1,30,,63838,27,,,1,69,,63842,27,,,2,31,,63835,27,,,1,71,,63857,27,,,1,29,,63832,27,,,1,75,,63858,27,,,1,27,,63859,27,,,1,70,,63853,27,,,1,28,,63849,27,,,1,70,,63839,27,,,1,30,,63846,27,,,1,70,,63855,27,,,1,30,,63843,27,,,1,70,,63845,27,,,1,30,,63847,27,,,1,70,,63851,27,,,2,30,,63844,27,,,1,70,,63850,27,,,1,30,,63848,27,,,1,70,,63852,27,,,1,30,,63854,27,,,1
4900,'Semaine-0',653,,64225,41,,,1,55,,64220,28,,,1,3,,64232,28,,,1,4,,64208,28,,,1,6,,64231,28,,,1,4,,64236,41,,,1,3,,64235,28,,,1,4,,64234,28,,,1,5,,64233,28,,,1,21,,64228,41,,,1,67,,64224,28,,,1,33,,64223,41,,,1,71,,64218,41,,,1,28,,64210,41,,,1,71,,64230,41,,,1,73,,64226,41,,,1,30,,64221,41,,,1,70,,64198,41,,,1,30,,64219,41,,,1,70,,64200,41,,,1,30,,64205,41,,,1,70,,64207,41,,,1,30,,64211,41,,,1,70,,64227,41,,,1,37,,64209,41,,,1,70,,64212,41,,,1,30,,64203,41,,,1,70,,64215,41,,,1,30,,64206,41,,,1,67,,64204,41,,,1,30,,64222,41,,,1,67,,64216,41,,,1,57,,64199,41,,,1,99,,64217,41,,,1,101,,64214,41,,,1,97,,64201,41,,,1,98,,64213,41,,,1,100,,64202,41,,,1
32501,'Semaine-0',822,,65570,22,0,7 8,1,3,,65571,22,0,7 8,1
42500,'Semaine-0',708,,65817,22,0,9 14,1,2,,65818,22,0,9 14,2
72501,'Semaine-0',820,,65875,22,0,5 11,2
82501,'Semaine-0',750,,65964,22,0,9 12 13,1,1,,65965,22,0,9 12 13,1
