4000,'Semaine-0',1538,,64155,33,,,1,70,,64151,33,,,2,35,,64154,33,,,1,67,,64153,33,,,1,28,,64152,33,,,1,69,,64156,33,,,1
4100,'Semaine-0',1549,,64164,33,,,1,71,,64166,33,,,1,35,,64165,33,,,2,64,,64163,33,,,1,29,,64167,33,,,1
4901,'Semaine-0',631,,64243,41,,,1,89,,64248,41,,,1,31,,64264,41,,,1,72,,64260,41,,,1,30,,64258,41,,,1,66,,64268,41,,,1,28,,64250,41,,,1,69,,64266,41,,,1,29,,64262,41,,,1,72,,64237,41,,,1,30,,64259,41,,,1,70,,64238,41,,,1,30,,64244,41,,,1,70,,64246,41,,,1,30,,64251,41,,,1,69,,64267,41,,,1,32,,64249,41,,,1,72,,64269,41,,,1,25,,64265,41,,,1,12,,64252,41,,,1,55,,64239,41,,,1,15,,64255,41,,,1,30,,64245,41,,,1,65,,64247,41,,,1,29,,64263,41,,,1,66,,64257,41,,,1,30,,64261,41,,,1,94,,64240,41,,,1,80,,64256,41,,,1,101,,64254,41,,,1,97,,64241,41,,,1,100,,64253,41,,,1,96,,64242,41,,,1
5500,'Semaine-0',651,,64323,34,,,1,103,,64339,34,,,1,69,,64322,34,,,1,97,,64358,34,,,1,28,,64359,34,,,1,69,,64328,34,,,1,30,,64338,34,,,1,69,,64342,34,,,1,33,,64364,34,,,1,70,,64324,34,,,1,30,,64363,34,,,1,69,,64341,34,,,1,30,,64356,34,,,1,70,,64350,34,,,1,25,,64357,34,,,1,16,,64343,34,,,1,54,,64321,34,,,1,17,,64362,34,,,1,17,,64332,34,,,1,55,,64365,34,,,1,13,,64353,34,,,1,10,,64325,34,,,1,13,,64336,34,,,1,18,,64368,34,,,1,49,,64361,34,,,1,11,,64327,34,,,1,11,,64344,34,,,1,10,,64337,34,,,1,11,,64366,34,,,1,52,,64351,34,,,1,7,,64331,34,,,1,12,,64326,34,,,1,10,,64367,34,,,1,11,,64335,34,,,1,11,,64330,34,,,1,50,,64340,34,,,1,30,,64355,34,,,1,69,,64360,34,,,1,30,,64347,34,,,1,70,,64333,34,,,1,30,,64354,34,,,1,28,,64345,34,,,1,69,,64348,34,,,1,29,,64334,34,,,1,70,,64349,34,,,1,29,,64346,34,,,1,69,,64329,34,,,1,30,,64352,34,,,1
5800,'Semaine-0',834,,64435,21,,,1,398,,64436,21,,,1,301,,64438,21,,,1,71,,64433,21,,,1,31,,64434,21,,,1,69,,64437,21,,,1,29,,64432,21,,,2,69,,64431,21,,,1
5900,'Semaine-0',618,,64453,34,,,1,98,,64488,34,,,1,88,,64493,34,,,1,48,,64469,34,,,1,82,,64465,34,,,1,68,,64486,34,,,1,30,,64462,34,,,1,70,,64485,34,,,1,30,,64476,34,,,1,70,,64470,34,,,1,32,,64478,34,,,1,70,,64461,34,,,1,30,,64489,34,,,1,70,,64452,34,,,1,31,,64483,34,,,1,14,,64454,34,,,1,58,,64487,34,,,1,31,,64447,34,,,1,14,,64491,34,,,1,55,,64446,34,,,1,8,,64481,34,,,1,17,,64477,34,,,1,7,,64490,29,,,1,6,,64464,34,,,1,13,,64448,34,,,1,46,,64492,29,,,1,6,,64449,34,,,1,12,,64457,34,,,1,9,,64484,34,,,1,12,,64473,34,,,1,11,,64460,34,,,1,49,,64482,34,,,1,11,,64468,34,,,1,12,,64480,34,,,1,9,,64450,34,,,1,11,,64455,34,,,1,71,,64475,34,,,1,29,,64466,34,,,1,70,,64471,34,,,1,29,,64459,34,,,1,70,,64467,34,,,1,30,,64472,34,,,1,68,,64479,34,,,1,30,,64456,34,,,1,70,,64474,34,,,1,29,,64463,34,,,1,70,,64451,34,,,1,28,,64458,34,,,1
54901,'Semaine-0',1553,,65839,34,,,1
65500,'Semaine-0',733,,65872,27,0,9 10,1
74000,'Semaine-0',1642,,65881,28,0,5 11,1
80001,'Semaine-0',634,,65948,36,,,1,68,,65941,36,,,1,34,,65949,36,,,1,70,,65933,36,,,1,32,,65931,36,,,1,68,,65938,36,,,1,26,,65944,36,,,1,70,,65956,36,,,1,30,,65947,36,,,2,70,,65939,36,,,1,30,,65953,36,,,1,70,,65927,36,,,1,30,,65961,36,,,1,70,,65959,36,,,1,34,,65929,36,,,1,70,,65952,36,,,1,30,,65943,36,,,1,70,,65950,36,,,1,35,,65960,36,,,1,69,,65945,36,,,1,17,,65955,36,,,1,22,,65957,36,,,1,64,,65954,36,,,1,27,,65946,36,,,1,70,,65936,36,,,1,26,,65934,36,,,1,67,,65928,36,,,1,29,,65958,36,,,1,72,,65940,36,,,1,27,,65937,36,,,1,70,,65942,36,,,1,29,,65930,36,,,1,70,,65951,36,,,1,33,,65932,36,,,1,70,,65935,36,,,1
