3600,'Semaine-0',904,,63929,12,,,1,100,,63930,12,,,1,101,,63928,12,,,1,100,,63931,12,,,1,100,,63933,12,,,1,100,,63934,12,,,1,99,,63932,12,,,1
3600,'Semaine-10',904,,71859,12,,,1,100,,71860,12,,,1,101,,71858,12,,,1,100,,71861,12,,,1,100,,71863,12,,,1,100,,71864,12,,,1,99,,71862,12,,,1
3700,'Samedi-0',727,,66265,12,,,1,100,,66266,12,,,1,100,,66268,12,,,1,101,,66269,12,,,1,100,,66267,12,,,1,100,,66270,12,,,1,100,,66271,12,,,1,100,,66272,12,,,1,100,,66273,12,,,1,100,,66274,12,,,1,100,,66275,12,,,1,100,,66276,12,,,1,99,,66277,12,,,1,100,,66278,12,,,1,100,,66279,12,,,1,100,,66280,12,,,1,100,,66281,12,,,1,100,,66282,12,,,1
3700,'Samedi-11',727,,70444,12,,,1,100,,70445,12,,,1,100,,70447,12,,,1,101,,70448,12,,,1,100,,70446,12,,,1,100,,70449,12,,,1,100,,70450,12,,,1,100,,70451,12,,,1,100,,70452,12,,,1,100,,70453,12,,,1,100,,70454,12,,,1,100,,70455,12,,,1,99,,70456,12,,,1,100,,70457,12,,,1,100,,70458,12,,,1,100,,70459,12,,,1,100,,70460,12,,,1,100,,70461,12,,,1
3700,'Dimanche-0',727,,68288,12,,,1,100,,68291,12,,,1,100,,68293,12,,,1,101,,68289,12,,,1,100,,68286,12,,,1,100,,68290,12,,,1,100,,68287,12,,,1,100,,68292,12,,,1,100,,68294,12,,,1,100,,68296,12,,,1,100,,68295,12,,,1,100,,68299,12,,,1,99,,68298,12,,,1,100,,68297,12,,,1,100,,68300,12,,,1,100,,68301,12,,,1,100,,68302,12,,,1,100,,68303,12,,,1
3700,'Dimanche-10',727,,69367,12,,,1,100,,69370,12,,,1,100,,69372,12,,,1,101,,69368,12,,,1,100,,69365,12,,,1,100,,69369,12,,,1,100,,69366,12,,,1,100,,69371,12,,,1,100,,69373,12,,,1,100,,69375,12,,,1,100,,69374,12,,,1,100,,69378,12,,,1,99,,69377,12,,,1,100,,69376,12,,,1,100,,69379,12,,,1,100,,69380,12,,,1,100,,69381,12,,,1,100,,69382,12,,,1
3700,'Dimanche-11',727,,66285,12,,,1,100,,66288,12,,,1,100,,66290,12,,,1,101,,66286,12,,,1,100,,66283,12,,,1,100,,66287,12,,,1,100,,66284,12,,,1,100,,66289,12,,,1,100,,66291,12,,,1,100,,66293,12,,,1,100,,66292,12,,,1,100,,66296,12,,,1,99,,66295,12,,,1,100,,66294,12,,,1,100,,66297,12,,,1,100,,66298,12,,,1,100,,66299,12,,,1,100,,66300,12,,,1
3700,'Semaine-0',645,,63963,12,,,1,81,,63969,12,,,1,74,,63960,12,,,1,28,,63944,12,,,1,29,,63958,12,,,1,89,,63950,12,,,1,100,,63946,12,,,1,100,,63947,12,,,1,100,,63948,12,,,1,100,,63949,12,,,1,100,,63955,12,,,1,87,,63956,12,,,1,16,,63957,12,,,1,55,,63943,12,,,1,15,,63965,12,,,1,25,,63952,12,,,1,70,,63961,12,,,1,23,,63951,12,,,1,68,,63945,12,,,1,30,,63942,12,,,1,68,,63953,12,,,1,30,,63968,12,,,1,69,,63959,12,,,1,36,,63970,12,,,1,99,,63966,12,,,1,100,,63954,12,,,1,100,,63964,12,,,1,100,,63967,12,,,1,15,,63962,12,,,1
3700,'Semaine-10',645,,71893,12,,,1,81,,71899,12,,,1,74,,71890,12,,,1,28,,71874,12,,,1,29,,71888,12,,,1,89,,71880,12,,,1,100,,71876,12,,,1,100,,71877,12,,,1,100,,71878,12,,,1,100,,71879,12,,,1,100,,71885,12,,,1,87,,71886,12,,,1,16,,71887,12,,,1,55,,71873,12,,,1,15,,71895,12,,,1,25,,71882,12,,,1,70,,71891,12,,,1,23,,71881,12,,,1,68,,71875,12,,,1,30,,71872,12,,,1,68,,71883,12,,,1,30,,71898,12,,,1,69,,71889,12,,,1,36,,71900,12,,,1,99,,71896,12,,,1,100,,71884,12,,,1,100,,71894,12,,,1,100,,71897,12,,,1,15,,71892,12,,,1
37100,'Samedi-0',757,,67718,12,,,1,100,,67722,12,,,1,100,,67717,12,,,1,101,,67723,12,,,1,100,,67719,12,,,1,100,,67720,12,,,1,100,,67721,12,,,1,100,,67724,12,,,1,100,,67725,12,,,1,100,,67726,12,,,1,100,,67727,12,,,1,100,,67728,12,,,1,100,,67729,12,,,1,99,,67730,12,,,1,100,,67731,12,,,1,100,,67732,12,,,1,100,,67733,12,,,1
37100,'Samedi-11',757,,71171,12,,,1,100,,71175,12,,,1,100,,71170,12,,,1,101,,71176,12,,,1,100,,71172,12,,,1,100,,71173,12,,,1,100,,71174,12,,,1,100,,71177,12,,,1,100,,71178,12,,,1,100,,71179,12,,,1,100,,71180,12,,,1,100,,71181,12,,,1,100,,71182,12,,,1,99,,71183,12,,,1,100,,71184,12,,,1,100,,71185,12,,,1,100,,71186,12,,,1
37100,'Dimanche-0',757,,69012,12,,,1,100,,69014,12,,,1,100,,69016,12,,,1,101,,69017,12,,,1,100,,69024,12,,,1,100,,69013,12,,,1,100,,69018,12,,,1,100,,69015,12,,,1,100,,69020,12,,,1,100,,69022,12,,,1,100,,69023,12,,,1,100,,69021,12,,,1,100,,69019,12,,,1,99,,69025,12,,,1,100,,69026,12,,,1,100,,69027,12,,,1,100,,69028,12,,,1
37100,'Dimanche-10',757,,70091,12,,,1,100,,70093,12,,,1,100,,70095,12,,,1,101,,70096,12,,,1,100,,70103,12,,,1,100,,70092,12,,,1,100,,70097,12,,,1,100,,70094,12,,,1,100,,70099,12,,,1,100,,70101,12,,,1,100,,70102,12,,,1,100,,70100,12,,,1,100,,70098,12,,,1,99,,70104,12,,,1,100,,70105,12,,,1,100,,70106,12,,,1,100,,70107,12,,,1
37100,'Dimanche-11',757,,67734,12,,,1,100,,67736,12,,,1,100,,67738,12,,,1,101,,67739,12,,,1,100,,67746,12,,,1,100,,67735,12,,,1,100,,67740,12,,,1,100,,67737,12,,,1,100,,67742,12,,,1,100,,67744,12,,,1,100,,67745,12,,,1,100,,67743,12,,,1,100,,67741,12,,,1,99,,67747,12,,,1,100,,67748,12,,,1,100,,67749,12,,,1,100,,67750,12,,,1
37100,'Semaine-0',704,,65591,12,,,1,33,,65588,12,,,1,70,,65584,12,,,1,29,,65579,12,,,1,90,,65598,12,,,1,97,,65583,12,,,1,102,,65585,12,,,1,100,,65597,12,,,1,99,,65592,12,,,1,103,,65581,12,,,1,91,,65593,12,,,1,19,,65602,12,,,1,16,,65582,12,,,1,55,,65603,12,,,1,26,,65578,12,,,1,20,,65587,12,,,1,69,,65594,12,,,1,25,,65600,12,,,1,68,,65599,12,,,1,30,,65589,12,,,1,69,,65601,12,,,1,30,,65604,12,,,1,70,,65590,12,,,1,95,,65586,12,,,1,100,,65596,12,,,1,100,,65595,12,,,1,98,,65580,12,,,1
37100,'Semaine-10',704,,73521,12,,,1,33,,73518,12,,,1,70,,73514,12,,,1,29,,73509,12,,,1,90,,73528,12,,,1,97,,73513,12,,,1,102,,73515,12,,,1,100,,73527,12,,,1,99,,73522,12,,,1,103,,73511,12,,,1,91,,73523,12,,,1,19,,73532,12,,,1,16,,73512,12,,,1,55,,73533,12,,,1,26,,73508,12,,,1,20,,73517,12,,,1,69,,73524,12,,,1,25,,73530,12,,,1,68,,73529,12,,,1,30,,73519,12,,,1,69,,73531,12,,,1,30,,73534,12,,,1,70,,73520,12,,,1,95,,73516,12,,,1,100,,73526,12,,,1,100,,73525,12,,,1,98,,73510,12,,,1
43700,'Semaine-0',723,,65832,8,0,9 14,1,2,,65833,4,0,9 14,2
43700,'Semaine-10',723,,73762,8,0,9 14,1,2,,73763,4,0,9 14,2
82901,'Semaine-0',804,,65975,20,0,9 12 13,1,1,,65976,20,0,9 12 13,1,1,,65977,20,0,9 12 13,2
82901,'Semaine-10',804,,73905,20,0,9 12 13,1,1,,73906,20,0,9 12 13,1,1,,73907,20,0,9 12 13,2
