7100,'Samedi-0',820,,67361,29,,,1,100,,67362,29,,,1,100,,67364,29,,,1,104,,67359,29,,,1,100,,67363,29,,,1,100,,67360,29,,,1,100,,67365,29,,,1,100,,67366,29,,,1,100,,67367,29,,,1,100,,67368,29,,,1,100,,67369,29,,,1,97,,67370,29,,,1,100,,67371,29,,,1,100,,67372,29,,,1,100,,67373,29,,,1,100,,67374,29,,,1
7100,'Dimanche-0',820,,68836,29,,,1,100,,68835,29,,,1,100,,68834,29,,,1,104,,68833,29,,,1,100,,68837,29,,,1,100,,68838,29,,,1,100,,68839,29,,,1,100,,68840,29,,,1,100,,68841,29,,,1,100,,68845,29,,,1,100,,68844,29,,,1,97,,68842,29,,,1,100,,68843,29,,,1,100,,68846,29,,,1,100,,68847,29,,,1,100,,68848,29,,,1
7100,'Dimanche-11',820,,67378,29,,,1,100,,67377,29,,,1,100,,67376,29,,,1,104,,67375,29,,,1,100,,67379,29,,,1,100,,67380,29,,,1,100,,67381,29,,,1,100,,67382,29,,,1,100,,67383,29,,,1,100,,67387,29,,,1,100,,67386,29,,,1,97,,67384,29,,,1,100,,67385,29,,,1,100,,67388,29,,,1,100,,67389,29,,,1,100,,67390,29,,,1
7100,'Semaine-0',549,,65007,29,,,2,70,,65010,29,,,1,27,,65006,29,,,2,58,,65011,29,,,1,17,,65009,29,,,1,14,,65012,29,,,1,20,,65008,29,,,1,51,,65015,29,,,1,18,,65019,29,,,1,15,,65016,29,,,2,15,,65017,29,,,2,53,,65018,29,,,1,30,,65021,29,,,1,15,,65020,29,,,2,72,,65013,29,,,1,30,,65022,29,,,1,70,,65014,29,,,1,30,,64981,29,,,1,70,,64982,29,,,1,30,,64985,29,,,1,68,,64980,29,,,2,30,,64983,29,,,1,75,,64988,29,,,2,30,,64984,29,,,1,69,,64986,29,,,1,30,,64987,29,,,1,56,,64998,29,,,1,19,,64997,29,,,1,12,,64995,29,,,2,14,,64999,29,,,1,55,,64989,29,,,1,13,,64992,29,,,2,15,,64990,29,,,1,70,,64991,29,,,1,27,,64993,29,,,2,70,,64996,29,,,1,30,,65000,29,,,1,67,,64994,29,,,2,33,,65001,29,,,2,100,,65003,29,,,1,93,,65002,29,,,2,100,,65005,29,,,2,100,,65004,29,,,1
7600,'Samedi-0',747,,67524,21,,,1,100,,67527,21,,,1,100,,67526,21,,,1,100,,67529,21,,,1,100,,67528,21,,,1,101,,67523,21,,,1,99,,67525,21,,,1,100,,67530,21,,,1,100,,67531,21,,,1,100,,67532,21,,,1,100,,67533,21,,,1,100,,67534,21,,,1,100,,67535,21,,,1,100,,67536,21,,,1,100,,67537,21,,,1,100,,67538,21,,,1
7600,'Dimanche-0',747,,68918,21,,,1,100,,68917,21,,,1,100,,68916,21,,,1,100,,68921,21,,,1,100,,68915,21,,,1,101,,68920,21,,,1,99,,68919,21,,,1,100,,68922,21,,,1,100,,68923,21,,,1,100,,68924,21,,,1,100,,68927,21,,,1,100,,68925,21,,,1,100,,68926,21,,,1,100,,68928,21,,,1,100,,68929,21,,,1,100,,68930,21,,,1
7600,'Dimanche-11',747,,67542,21,,,1,100,,67541,21,,,1,100,,67540,21,,,1,100,,67545,21,,,1,100,,67539,21,,,1,101,,67544,21,,,1,99,,67543,21,,,1,100,,67546,21,,,1,100,,67547,21,,,1,100,,67548,21,,,1,100,,67551,21,,,1,100,,67549,21,,,1,100,,67550,21,,,1,100,,67552,21,,,1,100,,67553,21,,,1,100,,67554,21,,,1
7600,'Semaine-0',554,,65231,21,,,1,70,,65228,21,,,1,22,,65232,21,,,1,58,,65229,21,,,1,19,,65230,21,,,2,24,,65233,21,,,1,63,,65234,21,,,1,14,,65242,21,,,1,20,,65241,21,,,1,63,,65236,21,,,1,18,,65237,21,,,2,25,,65235,21,,,1,70,,65239,21,,,1,30,,65238,21,,,1,70,,65240,21,,,2,28,,65208,21,,,1,72,,65209,21,,,1,30,,65210,21,,,1,70,,65206,21,,,1,30,,65213,21,,,1,70,,65207,21,,,1,34,,65211,21,,,1,70,,65212,21,,,1,34,,65205,21,,,1,56,,65220,21,,,1,17,,65214,21,,,1,23,,65217,21,,,2,60,,65221,21,,,1,12,,65218,21,,,2,20,,65222,21,,,1,70,,65223,21,,,1,30,,65219,21,,,1,70,,65224,21,,,1,86,,65215,21,,,1,98,,65225,21,,,2,100,,65226,21,,,2,100,,65216,21,,,2,100,,65227,21,,,1
7900,'Semaine-0',1216,,65343,7,,,1,33,,65346,26,,,1,100,,65347,26,,,1,174,,65344,26,,,1,30,,65345,26,,,1,72,,65348,26,,,1,29,,65341,26,,,1,68,,65349,26,,,1,29,,65342,26,,,2,85,,65350,26,,,1,84,,65351,26,,,1
57100,'Semaine-0',1612,,65853,66,0,5 6,1
57600,'Semaine-0',1554,,65855,29,0,5 6,1
