4000,'Semaine-0',1542,,64155,39,,,1,70,,64151,39,,,2,35,,64154,39,,,1,67,,64153,39,,,1,28,,64152,39,,,1,68,,64156,39,,,1
4000,'Semaine-10',1542,,72085,39,,,1,70,,72081,39,,,2,35,,72084,39,,,1,67,,72083,39,,,1,28,,72082,39,,,1,68,,72086,39,,,1
5200,'Samedi-0',653,,66631,38,,,1,100,,66632,38,,,1,101,,66633,38,,,1,100,,66634,38,,,1,100,,66635,38,,,1,102,,66636,38,,,1,100,,66637,38,,,1,100,,66638,38,,,1,99,,66639,38,,,1,100,,66640,38,,,1,100,,66641,38,,,1,100,,66642,38,,,1,99,,66643,38,,,1,100,,66646,38,,,1,100,,66644,38,,,1,99,,66645,38,,,1,98,,66647,38,,,1,100,,66648,38,,,1
5200,'Samedi-11',653,,70627,38,,,1,100,,70628,38,,,1,101,,70629,38,,,1,100,,70630,38,,,1,100,,70631,38,,,1,102,,70632,38,,,1,100,,70633,38,,,1,100,,70634,38,,,1,99,,70635,38,,,1,100,,70636,38,,,1,100,,70637,38,,,1,100,,70638,38,,,1,99,,70639,38,,,1,100,,70642,38,,,1,100,,70640,38,,,1,99,,70641,38,,,1,98,,70643,38,,,1,100,,70644,38,,,1
5200,'Dimanche-0',653,,68470,38,,,1,100,,68469,38,,,1,101,,68471,38,,,1,100,,68474,38,,,1,100,,68472,38,,,1,102,,68473,38,,,1,100,,68477,38,,,1,100,,68476,38,,,1,99,,68478,38,,,1,100,,68475,38,,,1,100,,68479,38,,,1,100,,68481,38,,,1,99,,68482,38,,,1,100,,68480,38,,,1,100,,68483,38,,,1,99,,68484,38,,,1,98,,68485,38,,,1,100,,68486,38,,,1
5200,'Dimanche-10',653,,69549,38,,,1,100,,69548,38,,,1,101,,69550,38,,,1,100,,69553,38,,,1,100,,69551,38,,,1,102,,69552,38,,,1,100,,69556,38,,,1,100,,69555,38,,,1,99,,69557,38,,,1,100,,69554,38,,,1,100,,69558,38,,,1,100,,69560,38,,,1,99,,69561,38,,,1,100,,69559,38,,,1,100,,69562,38,,,1,99,,69563,38,,,1,98,,69564,38,,,1,100,,69565,38,,,1
5200,'Dimanche-11',653,,66650,38,,,1,100,,66649,38,,,1,101,,66651,38,,,1,100,,66654,38,,,1,100,,66652,38,,,1,102,,66653,38,,,1,100,,66657,38,,,1,100,,66656,38,,,1,99,,66658,38,,,1,100,,66655,38,,,1,100,,66659,38,,,1,100,,66661,38,,,1,99,,66662,38,,,1,100,,66660,38,,,1,100,,66663,38,,,1,99,,66664,38,,,1,98,,66665,38,,,1,100,,66666,38,,,1
5200,'Semaine-0',624,,64282,38,,,1,98,,64284,38,,,1,109,,64279,38,,,1,96,,64295,38,,,1,98,,64293,38,,,1,101,,64280,38,,,1,100,,64287,38,,,1,100,,64286,38,,,1,100,,64283,38,,,1,102,,64281,38,,,1,108,,64285,38,,,1,99,,64296,38,,,1,106,,64294,38,,,1,99,,64288,38,,,1,84,,64292,38,,,1,100,,64291,38,,,1,99,,64289,38,,,1,100,,64290,38,,,1
5200,'Semaine-10',624,,72212,38,,,1,98,,72214,38,,,1,109,,72209,38,,,1,96,,72225,38,,,1,98,,72223,38,,,1,101,,72210,38,,,1,100,,72217,38,,,1,100,,72216,38,,,1,100,,72213,38,,,1,102,,72211,38,,,1,108,,72215,38,,,1,99,,72226,38,,,1,106,,72224,38,,,1,99,,72218,38,,,1,84,,72222,38,,,1,100,,72221,38,,,1,99,,72219,38,,,1,100,,72220,38,,,1
74000,'Semaine-0',1645,,65881,34,0,5 11,1
74000,'Semaine-10',1645,,73811,34,0,5 11,1
