2301,'Semaine-0',632,,63480,23,,,1,70,,63477,23,,,2,32,,63481,23,,,1,75,,63479,23,,,2,25,,63478,23,,,1
2301,'Semaine-10',632,,71410,23,,,1,70,,71407,23,,,2,32,,71411,23,,,1,75,,71409,23,,,2,25,,71408,23,,,1
2301,'Semaine-11',632,,73941,23,,,1,70,,73938,23,,,2,32,,73942,23,,,1,75,,73940,23,,,2,25,,73939,23,,,1
2501,'Semaine-0',616,,63492,30,,,2,29,,63491,30,,,1,72,,63489,30,,,1,35,,63490,30,,,2,69,,63493,30,,,1,29,,63488,30,,,2
2501,'Semaine-10',616,,71422,30,,,2,29,,71421,30,,,1,72,,71419,30,,,1,35,,71420,30,,,2,69,,71423,30,,,1,29,,71418,30,,,2
2501,'Semaine-11',616,,73953,30,,,2,29,,73952,30,,,1,72,,73950,30,,,1,35,,73951,30,,,2,69,,73954,30,,,1,29,,73949,30,,,2
3501,'Semaine-0',550,,63918,20,,,1,81,,63896,20,,,2,20,,63926,20,,,1,62,,63927,31,,,1,15,,63915,20,,,1,20,,63920,31,,,1,60,,63899,20,,,1,25,,63916,20,,,1,22,,63921,20,,,1,70,,63903,20,,,1,30,,63905,20,,,1,70,,63898,20,,,1,28,,63902,20,,,1,70,,63911,20,,,2,32,,63897,20,,,1,70,,63909,20,,,1,30,,63910,20,,,2,70,,63913,20,,,1,30,,63901,20,,,2,71,,63922,20,,,2,30,,63912,20,,,1,72,,63900,20,,,1,72,,63924,20,,,1,28,,63919,20,,,1,30,,63904,20,,,1,68,,63907,20,,,1,30,,63925,20,,,1,69,,63914,20,,,1,100,,63908,20,,,1,100,,63906,20,,,1,100,,63923,20,,,1,100,,63917,20,,,1
3501,'Semaine-10',550,,71848,20,,,1,81,,71826,20,,,2,20,,71856,20,,,1,62,,71857,31,,,1,15,,71845,20,,,1,20,,71850,31,,,1,60,,71829,20,,,1,25,,71846,20,,,1,22,,71851,20,,,1,70,,71833,20,,,1,30,,71835,20,,,1,70,,71828,20,,,1,28,,71832,20,,,1,70,,71841,20,,,2,32,,71827,20,,,1,70,,71839,20,,,1,30,,71840,20,,,2,70,,71843,20,,,1,30,,71831,20,,,2,71,,71852,20,,,2,30,,71842,20,,,1,72,,71830,20,,,1,72,,71854,20,,,1,28,,71849,20,,,1,30,,71834,20,,,1,68,,71837,20,,,1,30,,71855,20,,,1,69,,71844,20,,,1,100,,71838,20,,,1,100,,71836,20,,,1,100,,71853,20,,,1,100,,71847,20,,,1
3501,'Semaine-11',550,,74379,20,,,1,81,,74357,20,,,2,20,,74387,20,,,1,62,,74388,31,,,1,15,,74376,20,,,1,20,,74381,31,,,1,60,,74360,20,,,1,25,,74377,20,,,1,22,,74382,20,,,1,70,,74364,20,,,1,30,,74366,20,,,1,70,,74359,20,,,1,28,,74363,20,,,1,70,,74372,20,,,2,32,,74358,20,,,1,70,,74370,20,,,1,30,,74371,20,,,2,70,,74374,20,,,1,30,,74362,20,,,2,71,,74383,20,,,2,30,,74373,20,,,1,72,,74361,20,,,1,72,,74385,20,,,1,28,,74380,20,,,1,30,,74365,20,,,1,68,,74368,20,,,1,30,,74386,20,,,1,69,,74375,20,,,1,100,,74369,20,,,1,100,,74367,20,,,1,100,,74384,20,,,1,100,,74378,20,,,1
72501,'Semaine-0',832,,65875,30,0,5 11,2
72501,'Semaine-10',832,,73805,30,0,5 11,2
72501,'Semaine-11',832,,76336,30,0,5 11,2
82501,'Semaine-0',804,,65964,30,0,9 12 13,1,1,,65965,30,0,9 12 13,1
82501,'Semaine-10',804,,73894,30,0,9 12 13,1,1,,73895,30,0,9 12 13,1
82501,'Semaine-11',804,,76426,30,0,9 12 13,1,1,,76427,30,0,9 12 13,1
