3400,'Samedi-0',810,,66133,56,,,1,102,,66138,56,,,1,30,,66134,56,,,1,70,,66140,56,,,1,30,,66141,56,,,1,72,,66135,56,,,1,30,,66136,56,,,1,70,,66137,56,,,1,30,,66139,56,,,1,72,,66142,56,,,1,30,,66144,56,,,1,70,,66143,56,,,1,30,,66145,56,,,1,70,,66146,56,,,1,30,,66147,56,,,1,70,,66148,56,,,1,30,,66149,56,,,1,71,,66150,56,,,1,30,,66151,56,,,1,70,,66152,56,,,1,30,,66153,56,,,1,68,,66154,56,,,1,27,,66155,56,,,1,69,,66156,56,,,1,31,,66157,56,,,1,70,,66158,56,,,1,30,,66159,56,,,1,70,,66160,56,,,1,30,,66161,56,,,1,70,,66163,56,,,1,30,,66162,56,,,1,69,,66165,56,,,1,30,,66164,56,,,1,65,,66166,56,,,1
3400,'Samedi-10',810,,76523,56,,,1,102,,76528,56,,,1,30,,76524,56,,,1,70,,76530,56,,,1,30,,76531,56,,,1,72,,76525,56,,,1,30,,76526,56,,,1,70,,76527,56,,,1,30,,76529,56,,,1,72,,76532,56,,,1,30,,76534,56,,,1,70,,76533,56,,,1,30,,76535,56,,,1,70,,76536,56,,,1,30,,76537,56,,,1,70,,76538,56,,,1,30,,76539,56,,,1,71,,76540,56,,,1,30,,76541,56,,,1,70,,76542,56,,,1,30,,76543,56,,,1,68,,76544,56,,,1,27,,76545,56,,,1,69,,76546,56,,,1,31,,76547,56,,,1,70,,76548,56,,,1,30,,76549,56,,,1,70,,76550,56,,,1,30,,76551,56,,,1,70,,76553,56,,,1,30,,76552,56,,,1,69,,76555,56,,,1,30,,76554,56,,,1,65,,76556,56,,,1
3400,'Samedi-11',810,,70378,56,,,1,102,,70383,56,,,1,30,,70379,56,,,1,70,,70385,56,,,1,30,,70386,56,,,1,72,,70380,56,,,1,30,,70381,56,,,1,70,,70382,56,,,1,30,,70384,56,,,1,72,,70387,56,,,1,30,,70389,56,,,1,70,,70388,56,,,1,30,,70390,56,,,1,70,,70391,56,,,1,30,,70392,56,,,1,70,,70393,56,,,1,30,,70394,56,,,1,71,,70395,56,,,1,30,,70396,56,,,1,70,,70397,56,,,1,30,,70398,56,,,1,68,,70399,56,,,1,27,,70400,56,,,1,69,,70401,56,,,1,31,,70402,56,,,1,70,,70403,56,,,1,30,,70404,56,,,1,70,,70405,56,,,1,30,,70406,56,,,1,70,,70408,56,,,1,30,,70407,56,,,1,69,,70410,56,,,1,30,,70409,56,,,1,65,,70411,56,,,1
3400,'Dimanche-0',810,,68224,56,,,1,102,,68244,56,,,1,30,,68226,56,,,1,70,,68230,56,,,1,30,,68223,56,,,1,72,,68231,56,,,1,30,,68222,56,,,1,70,,68221,56,,,1,30,,68234,56,,,1,72,,68225,56,,,1,30,,68228,56,,,1,70,,68227,56,,,1,30,,68220,56,,,1,70,,68236,56,,,1,30,,68232,56,,,1,70,,68233,56,,,1,30,,68229,56,,,1,71,,68240,56,,,1,30,,68239,56,,,1,70,,68237,56,,,1,30,,68235,56,,,1,68,,68238,56,,,1,27,,68243,56,,,1,69,,68241,56,,,1,31,,68242,56,,,1,70,,68245,56,,,1,30,,68246,56,,,1,70,,68247,56,,,1,30,,68248,56,,,1,70,,68249,56,,,1,30,,68250,56,,,1,69,,68252,56,,,1,30,,68251,56,,,1,65,,68253,56,,,1
3400,'Dimanche-10',810,,69303,56,,,1,102,,69323,56,,,1,30,,69305,56,,,1,70,,69309,56,,,1,30,,69302,56,,,1,72,,69310,56,,,1,30,,69301,56,,,1,70,,69300,56,,,1,30,,69313,56,,,1,72,,69304,56,,,1,30,,69307,56,,,1,70,,69306,56,,,1,30,,69299,56,,,1,70,,69315,56,,,1,30,,69311,56,,,1,70,,69312,56,,,1,30,,69308,56,,,1,71,,69319,56,,,1,30,,69318,56,,,1,70,,69316,56,,,1,30,,69314,56,,,1,68,,69317,56,,,1,27,,69322,56,,,1,69,,69320,56,,,1,31,,69321,56,,,1,70,,69324,56,,,1,30,,69325,56,,,1,70,,69326,56,,,1,30,,69327,56,,,1,70,,69328,56,,,1,30,,69329,56,,,1,69,,69331,56,,,1,30,,69330,56,,,1,65,,69332,56,,,1
3400,'Dimanche-11',810,,66171,56,,,1,102,,66191,56,,,1,30,,66173,56,,,1,70,,66177,56,,,1,30,,66170,56,,,1,72,,66178,56,,,1,30,,66169,56,,,1,70,,66168,56,,,1,30,,66181,56,,,1,72,,66172,56,,,1,30,,66175,56,,,1,70,,66174,56,,,1,30,,66167,56,,,1,70,,66183,56,,,1,30,,66179,56,,,1,70,,66180,56,,,1,30,,66176,56,,,1,71,,66187,56,,,1,30,,66186,56,,,1,70,,66184,56,,,1,30,,66182,56,,,1,68,,66185,56,,,1,27,,66190,56,,,1,69,,66188,56,,,1,31,,66189,56,,,1,70,,66192,56,,,1,30,,66193,56,,,1,70,,66194,56,,,1,30,,66195,56,,,1,70,,66196,56,,,1,30,,66197,56,,,1,69,,66199,56,,,1,30,,66198,56,,,1,65,,66200,56,,,1
3400,'Semaine-0',650,,63829,56,,,1,68,,63814,56,,,1,34,,63808,56,,,1,76,,63812,56,,,1,30,,63803,56,,,2,66,,63823,56,,,1,30,,63809,56,,,1,67,,63799,56,,,1,30,,63804,56,,,1,70,,63805,56,,,1,30,,63810,56,,,1,70,,63800,56,,,1,31,,63830,56,,,1,70,,63806,56,,,1,30,,63811,56,,,1,70,,63801,56,,,1,35,,63827,56,,,1,68,,63802,56,,,1,25,,63828,56,,,1,308,,63826,56,,,1,60,,63815,56,,,1,27,,63807,56,,,1,70,,63819,56,,,1,30,,63825,56,,,1,71,,63816,56,,,1,27,,63818,56,,,1,70,,63820,56,,,1,30,,63813,56,,,1,70,,63822,56,,,1,26,,63817,56,,,1,69,,63821,56,,,1,30,,63824,56,,,1
3400,'Semaine-10',650,,71759,56,,,1,68,,71744,56,,,1,34,,71738,56,,,1,76,,71742,56,,,1,30,,71733,56,,,2,66,,71753,56,,,1,30,,71739,56,,,1,67,,71729,56,,,1,30,,71734,56,,,1,70,,71735,56,,,1,30,,71740,56,,,1,70,,71730,56,,,1,31,,71760,56,,,1,70,,71736,56,,,1,30,,71741,56,,,1,70,,71731,56,,,1,35,,71757,56,,,1,68,,71732,56,,,1,25,,71758,56,,,1,308,,71756,56,,,1,60,,71745,56,,,1,27,,71737,56,,,1,70,,71749,56,,,1,30,,71755,56,,,1,71,,71746,56,,,1,27,,71748,56,,,1,70,,71750,56,,,1,30,,71743,56,,,1,70,,71752,56,,,1,26,,71747,56,,,1,69,,71751,56,,,1,30,,71754,56,,,1
3400,'Semaine-11',650,,74290,56,,,1,68,,74275,56,,,1,34,,74269,56,,,1,76,,74273,56,,,1,30,,74264,56,,,2,66,,74284,56,,,1,30,,74270,56,,,1,67,,74260,56,,,1,30,,74265,56,,,1,70,,74266,56,,,1,30,,74271,56,,,1,70,,74261,56,,,1,31,,74291,56,,,1,70,,74267,56,,,1,30,,74272,56,,,1,70,,74262,56,,,1,35,,74288,56,,,1,68,,74263,56,,,1,25,,74289,56,,,1,308,,74287,56,,,1,60,,74276,56,,,1,27,,74268,56,,,1,70,,74280,56,,,1,30,,74286,56,,,1,71,,74277,56,,,1,27,,74279,56,,,1,70,,74281,56,,,1,30,,74274,56,,,1,70,,74283,56,,,1,26,,74278,56,,,1,69,,74282,56,,,1,30,,74285,56,,,1
5800,'Semaine-0',841,,64435,33,,,1,398,,64436,33,,,1,303,,64438,33,,,1,71,,64433,33,,,1,31,,64434,33,,,1,69,,64437,33,,,1,29,,64432,33,,,2,68,,64431,33,,,1
5800,'Semaine-10',841,,72365,33,,,1,398,,72366,33,,,1,303,,72368,33,,,1,71,,72363,33,,,1,31,,72364,33,,,1,69,,72367,33,,,1,29,,72362,33,,,2,68,,72361,33,,,1
5800,'Semaine-11',841,,74896,33,,,1,398,,74897,33,,,1,303,,74899,33,,,1,71,,74894,33,,,1,31,,74895,33,,,1,69,,74898,33,,,1,29,,74893,33,,,2,68,,74892,33,,,1
63901,'Semaine-0',726,,65858,39,0,9 10,1
63901,'Semaine-10',726,,73788,39,0,9 10,1
63901,'Semaine-11',726,,76319,39,0,9 10,1
64001,'Semaine-0',724,,65862,18,0,9 10,1,2,,65863,18,0,9 10,1
64001,'Semaine-10',724,,73792,18,0,9 10,1,2,,73793,18,0,9 10,1
64001,'Semaine-11',724,,76323,18,0,9 10,1,2,,76324,18,0,9 10,1
65401,'Semaine-0',721,,65871,14,0,9 10,1
65401,'Semaine-10',721,,73801,14,0,9 10,1
65401,'Semaine-11',721,,76332,14,0,9 10,1
