6401,'Samedi-0',730,,67032,27,,,1,100,,67029,27,,,1,100,,67031,27,,,1,100,,67034,27,,,1,100,,67030,27,,,1,100,,67035,27,,,1,100,,67033,27,,,1,100,,67036,27,,,1,100,,67037,27,,,1,100,,67038,27,,,1,100,,67039,27,,,1
6401,'Samedi-11',730,,70829,27,,,1,100,,70826,27,,,1,100,,70828,27,,,1,100,,70831,27,,,1,100,,70827,27,,,1,100,,70832,27,,,1,100,,70830,27,,,1,100,,70833,27,,,1,100,,70834,27,,,1,100,,70835,27,,,1,100,,70836,27,,,1
6401,'Dimanche-0',730,,68672,27,,,1,100,,68669,27,,,1,100,,68675,27,,,1,100,,68676,27,,,1,100,,68673,27,,,1,100,,68668,27,,,1,100,,68670,27,,,1,100,,68671,27,,,1,100,,68677,27,,,1,100,,68674,27,,,1,100,,68678,27,,,1
6401,'Dimanche-10',730,,69751,27,,,1,100,,69748,27,,,1,100,,69754,27,,,1,100,,69755,27,,,1,100,,69752,27,,,1,100,,69747,27,,,1,100,,69749,27,,,1,100,,69750,27,,,1,100,,69756,27,,,1,100,,69753,27,,,1,100,,69757,27,,,1
6401,'Dimanche-11',730,,67044,27,,,1,100,,67041,27,,,1,100,,67047,27,,,1,100,,67048,27,,,1,100,,67045,27,,,1,100,,67040,27,,,1,100,,67042,27,,,1,100,,67043,27,,,1,100,,67049,27,,,1,100,,67046,27,,,1,100,,67050,27,,,1
6401,'Semaine-0',530,,64649,27,,,2,108,,64659,27,,,2,100,,64661,27,,,1,100,,64658,27,,,1,96,,64666,27,,,1,100,,64653,27,,,1,100,,64652,27,,,1,100,,64664,27,,,1,100,,64660,27,,,2,100,,64662,27,,,1,100,,64663,27,,,1,102,,64654,27,,,1,98,,64650,27,,,1,100,,64651,27,,,1,97,,64657,27,,,1,100,,64655,27,,,1,100,,64656,27,,,1,100,,64665,27,,,1
6601,'Samedi-0',657,,67153,29,,,1,100,,67155,29,,,1,100,,67159,29,,,1,100,,67156,29,,,1,100,,67160,29,,,1,100,,67154,29,,,1,100,,67157,29,,,1,100,,67158,29,,,1,100,,67161,29,,,1,100,,67162,29,,,1,100,,67163,29,,,1,100,,67164,29,,,1,100,,67165,29,,,1,100,,67167,29,,,1,100,,67166,29,,,1,100,,67168,29,,,1,100,,67169,29,,,1,100,,67170,29,,,1
6601,'Samedi-11',657,,70888,29,,,1,100,,70890,29,,,1,100,,70894,29,,,1,100,,70891,29,,,1,100,,70895,29,,,1,100,,70889,29,,,1,100,,70892,29,,,1,100,,70893,29,,,1,100,,70896,29,,,1,100,,70897,29,,,1,100,,70898,29,,,1,100,,70899,29,,,1,100,,70900,29,,,1,100,,70902,29,,,1,100,,70901,29,,,1,100,,70903,29,,,1,100,,70904,29,,,1,100,,70905,29,,,1
6601,'Dimanche-0',657,,68731,29,,,1,100,,68735,29,,,1,100,,68736,29,,,1,100,,68737,29,,,1,100,,68730,29,,,1,100,,68732,29,,,1,100,,68733,29,,,1,100,,68734,29,,,1,100,,68739,29,,,1,100,,68738,29,,,1,100,,68742,29,,,1,100,,68740,29,,,1,100,,68743,29,,,1,100,,68741,29,,,1,100,,68744,29,,,1,100,,68745,29,,,1,100,,68746,29,,,1,100,,68747,29,,,1
6601,'Dimanche-10',657,,69810,29,,,1,100,,69814,29,,,1,100,,69815,29,,,1,100,,69816,29,,,1,100,,69809,29,,,1,100,,69811,29,,,1,100,,69812,29,,,1,100,,69813,29,,,1,100,,69818,29,,,1,100,,69817,29,,,1,100,,69821,29,,,1,100,,69819,29,,,1,100,,69822,29,,,1,100,,69820,29,,,1,100,,69823,29,,,1,100,,69824,29,,,1,100,,69825,29,,,1,100,,69826,29,,,1
6601,'Dimanche-11',657,,67172,29,,,1,100,,67176,29,,,1,100,,67177,29,,,1,100,,67178,29,,,1,100,,67171,29,,,1,100,,67173,29,,,1,100,,67174,29,,,1,100,,67175,29,,,1,100,,67180,29,,,1,100,,67179,29,,,1,100,,67183,29,,,1,100,,67181,29,,,1,100,,67184,29,,,1,100,,67182,29,,,1,100,,67185,29,,,1,100,,67186,29,,,1,100,,67187,29,,,1,100,,67188,29,,,1
6601,'Semaine-0',548,,64775,29,,,2,60,,64768,29,,,1,18,,64777,29,,,1,21,,64783,29,,,2,60,,64778,29,,,2,21,,64769,29,,,1,23,,64781,29,,,2,59,,64774,29,,,1,18,,64790,29,,,1,21,,64767,29,,,1,59,,64780,29,,,1,18,,64791,29,,,1,20,,64799,29,,,1,102,,64779,29,,,1,100,,64771,29,,,1,100,,64795,29,,,1,100,,64796,29,,,1,100,,64782,29,,,2,62,,64770,29,,,1,19,,64787,29,,,2,19,,64784,29,,,1,64,,64797,29,,,1,22,,64766,29,,,1,19,,64792,29,,,1,60,,64785,29,,,1,20,,64798,29,,,1,18,,64788,29,,,2,64,,64793,29,,,2,20,,64786,29,,,1,18,,64794,29,,,1,60,,64800,29,,,2,94,,64773,29,,,2,100,,64772,29,,,1,95,,64776,29,,,1,100,,64789,29,,,1
56601,'Semaine-0',643,,65850,4,0,5 6,1
