3101,'Samedi-0',701,,66025,24,,,1,100,,66026,24,,,1,100,,66027,24,,,1,100,,66028,24,,,1,100,,66029,24,,,1,100,,66030,24,,,1,100,,66031,24,,,1,100,,66032,24,,,1,100,,66033,24,,,1,100,,66034,24,,,1,100,,66035,24,,,1,100,,66036,24,,,1,99,,66037,24,,,1,59,,66038,24,,,1,100,,66039,24,,,1,100,,66040,24,,,1,100,,66041,24,,,1,100,,66042,24,,,1
3101,'Samedi-11',701,,70324,24,,,1,100,,70325,24,,,1,100,,70326,24,,,1,100,,70327,24,,,1,100,,70328,24,,,1,100,,70329,24,,,1,100,,70330,24,,,1,100,,70331,24,,,1,100,,70332,24,,,1,100,,70333,24,,,1,100,,70334,24,,,1,100,,70335,24,,,1,99,,70336,24,,,1,59,,70337,24,,,1,100,,70338,24,,,1,100,,70339,24,,,1,100,,70340,24,,,1,100,,70341,24,,,1
3101,'Dimanche-0',701,,68167,24,,,1,100,,68172,24,,,1,100,,68179,24,,,1,100,,68169,24,,,1,100,,68171,24,,,1,100,,68168,24,,,1,100,,68170,24,,,1,100,,68166,24,,,1,100,,68173,24,,,1,100,,68176,24,,,1,100,,68175,24,,,1,100,,68174,24,,,1,99,,68178,24,,,1,59,,68177,24,,,1,100,,68180,24,,,1,100,,68181,24,,,1,100,,68182,24,,,1,100,,68183,24,,,1
3101,'Dimanche-10',701,,69246,24,,,1,100,,69251,24,,,1,100,,69258,24,,,1,100,,69248,24,,,1,100,,69250,24,,,1,100,,69247,24,,,1,100,,69249,24,,,1,100,,69245,24,,,1,100,,69252,24,,,1,100,,69255,24,,,1,100,,69254,24,,,1,100,,69253,24,,,1,99,,69257,24,,,1,59,,69256,24,,,1,100,,69259,24,,,1,100,,69260,24,,,1,100,,69261,24,,,1,100,,69262,24,,,1
3101,'Dimanche-11',701,,66044,24,,,1,100,,66049,24,,,1,100,,66056,24,,,1,100,,66046,24,,,1,100,,66048,24,,,1,100,,66045,24,,,1,100,,66047,24,,,1,100,,66043,24,,,1,100,,66050,24,,,1,100,,66053,24,,,1,100,,66052,24,,,1,100,,66051,24,,,1,99,,66055,24,,,1,59,,66054,24,,,1,100,,66057,24,,,1,100,,66058,24,,,1,100,,66059,24,,,1,100,,66060,24,,,1
3101,'Semaine-0',539,,63574,24,,,1,76,,63608,24,,,1,33,,63588,24,,,1,72,,63575,24,,,1,16,,63611,24,,,1,17,,63571,24,,,1,55,,63613,24,,,1,12,,63585,24,,,1,15,,63586,24,,,1,14,,63605,24,,,1,55,,63576,24,,,1,19,,63578,24,,,1,20,,63603,24,,,1,60,,63595,24,,,1,21,,63604,24,,,1,20,,63577,24,,,1,60,,63579,24,,,1,20,,63599,24,,,1,20,,63609,24,,,1,60,,63598,24,,,1,20,,63580,24,,,1,20,,63572,24,,,1,60,,63602,24,,,1,20,,63612,24,,,1,20,,63597,24,,,1,60,,63581,24,,,1,17,,63600,24,,,1,23,,63601,24,,,1,60,,63610,24,,,1,22,,63596,24,,,1,19,,63582,24,,,1,63,,63593,24,,,1,20,,63594,24,,,1,20,,63583,24,,,1,59,,63589,24,,,1,20,,63573,24,,,1,19,,63606,24,,,1,58,,63614,24,,,1,24,,63584,24,,,1,99,,63607,24,,,1,100,,63590,24,,,1,100,,63587,24,,,1,99,,63591,24,,,1,100,,63592,24,,,1
3101,'Semaine-10',539,,71504,24,,,1,76,,71538,24,,,1,33,,71518,24,,,1,72,,71505,24,,,1,16,,71541,24,,,1,17,,71501,24,,,1,55,,71543,24,,,1,12,,71515,24,,,1,15,,71516,24,,,1,14,,71535,24,,,1,55,,71506,24,,,1,19,,71508,24,,,1,20,,71533,24,,,1,60,,71525,24,,,1,21,,71534,24,,,1,20,,71507,24,,,1,60,,71509,24,,,1,20,,71529,24,,,1,20,,71539,24,,,1,60,,71528,24,,,1,20,,71510,24,,,1,20,,71502,24,,,1,60,,71532,24,,,1,20,,71542,24,,,1,20,,71527,24,,,1,60,,71511,24,,,1,17,,71530,24,,,1,23,,71531,24,,,1,60,,71540,24,,,1,22,,71526,24,,,1,19,,71512,24,,,1,63,,71523,24,,,1,20,,71524,24,,,1,20,,71513,24,,,1,59,,71519,24,,,1,20,,71503,24,,,1,19,,71536,24,,,1,58,,71544,24,,,1,24,,71514,24,,,1,99,,71537,24,,,1,100,,71520,24,,,1,100,,71517,24,,,1,99,,71521,24,,,1,100,,71522,24,,,1
3101,'Semaine-11',539,,74035,24,,,1,76,,74069,24,,,1,33,,74049,24,,,1,72,,74036,24,,,1,16,,74072,24,,,1,17,,74032,24,,,1,55,,74074,24,,,1,12,,74046,24,,,1,15,,74047,24,,,1,14,,74066,24,,,1,55,,74037,24,,,1,19,,74039,24,,,1,20,,74064,24,,,1,60,,74056,24,,,1,21,,74065,24,,,1,20,,74038,24,,,1,60,,74040,24,,,1,20,,74060,24,,,1,20,,74070,24,,,1,60,,74059,24,,,1,20,,74041,24,,,1,20,,74033,24,,,1,60,,74063,24,,,1,20,,74073,24,,,1,20,,74058,24,,,1,60,,74042,24,,,1,17,,74061,24,,,1,23,,74062,24,,,1,60,,74071,24,,,1,22,,74057,24,,,1,19,,74043,24,,,1,63,,74054,24,,,1,20,,74055,24,,,1,20,,74044,24,,,1,59,,74050,24,,,1,20,,74034,24,,,1,19,,74067,24,,,1,58,,74075,24,,,1,24,,74045,24,,,1,99,,74068,24,,,1,100,,74051,24,,,1,100,,74048,24,,,1,99,,74052,24,,,1,100,,74053,24,,,1
3301,'Samedi-0',731,,66097,33,,,1,100,,66098,33,,,1,100,,66099,33,,,1,100,,66100,33,,,1,100,,66101,33,,,1,101,,66102,33,,,1,100,,66103,33,,,1,100,,66104,33,,,1,102,,66105,33,,,1,98,,66106,33,,,1,100,,66107,33,,,1,96,,66108,33,,,1,100,,66109,33,,,1,100,,66110,33,,,1,100,,66111,33,,,1,100,,66112,33,,,1,100,,66113,33,,,1,100,,66114,33,,,1
3301,'Samedi-11',731,,70360,33,,,1,100,,70361,33,,,1,100,,70362,33,,,1,100,,70363,33,,,1,100,,70364,33,,,1,101,,70365,33,,,1,100,,70366,33,,,1,100,,70367,33,,,1,102,,70368,33,,,1,98,,70369,33,,,1,100,,70370,33,,,1,96,,70371,33,,,1,100,,70372,33,,,1,100,,70373,33,,,1,100,,70374,33,,,1,100,,70375,33,,,1,100,,70376,33,,,1,100,,70377,33,,,1
3301,'Dimanche-0',731,,68206,33,,,1,100,,68207,33,,,1,100,,68215,33,,,1,100,,68208,33,,,1,100,,68203,33,,,1,101,,68204,33,,,1,100,,68202,33,,,1,100,,68205,33,,,1,102,,68209,33,,,1,98,,68210,33,,,1,100,,68212,33,,,1,96,,68214,33,,,1,100,,68213,33,,,1,100,,68211,33,,,1,100,,68216,33,,,1,100,,68217,33,,,1,100,,68218,33,,,1,100,,68219,33,,,1
3301,'Dimanche-10',731,,69285,33,,,1,100,,69286,33,,,1,100,,69294,33,,,1,100,,69287,33,,,1,100,,69282,33,,,1,101,,69283,33,,,1,100,,69281,33,,,1,100,,69284,33,,,1,102,,69288,33,,,1,98,,69289,33,,,1,100,,69291,33,,,1,96,,69293,33,,,1,100,,69292,33,,,1,100,,69290,33,,,1,100,,69295,33,,,1,100,,69296,33,,,1,100,,69297,33,,,1,100,,69298,33,,,1
3301,'Dimanche-11',731,,66119,33,,,1,100,,66120,33,,,1,100,,66128,33,,,1,100,,66121,33,,,1,100,,66116,33,,,1,101,,66117,33,,,1,100,,66115,33,,,1,100,,66118,33,,,1,102,,66122,33,,,1,98,,66123,33,,,1,100,,66125,33,,,1,96,,66127,33,,,1,100,,66126,33,,,1,100,,66124,33,,,1,100,,66129,33,,,1,100,,66130,33,,,1,100,,66131,33,,,1,100,,66132,33,,,1
3301,'Semaine-0',617,,63781,33,,,1,20,,63789,33,,,1,18,,63766,33,,,1,55,,63786,33,,,1,20,,63782,33,,,1,10,,63777,33,,,1,11,,63797,33,,,1,53,,63795,33,,,1,15,,63784,33,,,1,12,,63772,33,,,1,11,,63788,33,,,1,14,,63762,33,,,1,70,,63774,33,,,1,30,,63780,33,,,1,70,,63770,33,,,1,30,,63791,33,,,1,70,,63775,33,,,1,30,,63767,33,,,1,70,,63769,33,,,1,16,,63787,33,,,1,15,,63796,33,,,1,66,,63778,33,,,1,28,,63768,33,,,1,70,,63773,33,,,1,33,,63776,33,,,1,61,,63798,33,,,1,19,,63779,33,,,1,18,,63783,33,,,1,63,,63764,33,,,1,20,,63794,33,,,1,21,,63771,33,,,1,67,,63761,33,,,1,30,,63758,33,,,1,72,,63792,33,,,1,30,,63765,33,,,1,70,,63760,33,,,1,100,,63763,33,,,1,34,,63785,33,,,1,141,,63790,33,,,2,100,,63759,33,,,1,100,,63793,33,,,1
3301,'Semaine-10',617,,71711,33,,,1,20,,71719,33,,,1,18,,71696,33,,,1,55,,71716,33,,,1,20,,71712,33,,,1,10,,71707,33,,,1,11,,71727,33,,,1,53,,71725,33,,,1,15,,71714,33,,,1,12,,71702,33,,,1,11,,71718,33,,,1,14,,71692,33,,,1,70,,71704,33,,,1,30,,71710,33,,,1,70,,71700,33,,,1,30,,71721,33,,,1,70,,71705,33,,,1,30,,71697,33,,,1,70,,71699,33,,,1,16,,71717,33,,,1,15,,71726,33,,,1,66,,71708,33,,,1,28,,71698,33,,,1,70,,71703,33,,,1,33,,71706,33,,,1,61,,71728,33,,,1,19,,71709,33,,,1,18,,71713,33,,,1,63,,71694,33,,,1,20,,71724,33,,,1,21,,71701,33,,,1,67,,71691,33,,,1,30,,71688,33,,,1,72,,71722,33,,,1,30,,71695,33,,,1,70,,71690,33,,,1,100,,71693,33,,,1,34,,71715,33,,,1,141,,71720,33,,,2,100,,71689,33,,,1,100,,71723,33,,,1
3301,'Semaine-11',617,,74242,33,,,1,20,,74250,33,,,1,18,,74227,33,,,1,55,,74247,33,,,1,20,,74243,33,,,1,10,,74238,33,,,1,11,,74258,33,,,1,53,,74256,33,,,1,15,,74245,33,,,1,12,,74233,33,,,1,11,,74249,33,,,1,14,,74223,33,,,1,70,,74235,33,,,1,30,,74241,33,,,1,70,,74231,33,,,1,30,,74252,33,,,1,70,,74236,33,,,1,30,,74228,33,,,1,70,,74230,33,,,1,16,,74248,33,,,1,15,,74257,33,,,1,66,,74239,33,,,1,28,,74229,33,,,1,70,,74234,33,,,1,33,,74237,33,,,1,61,,74259,33,,,1,19,,74240,33,,,1,18,,74244,33,,,1,63,,74225,33,,,1,20,,74255,33,,,1,21,,74232,33,,,1,67,,74222,33,,,1,30,,74219,33,,,1,72,,74253,33,,,1,30,,74226,33,,,1,70,,74221,33,,,1,100,,74224,33,,,1,34,,74246,33,,,1,141,,74251,33,,,2,100,,74220,33,,,1,100,,74254,33,,,1
3900,'Samedi-0',705,,66467,41,,,1,101,,66468,41,,,1,100,,66472,41,,,1,103,,66471,41,,,1,100,,66474,41,,,1,99,,66473,41,,,1,103,,66469,41,,,1,30,,66470,41,,,1,70,,66475,41,,,1,31,,66476,41,,,1,70,,66477,41,,,1,30,,66478,41,,,1,71,,66479,41,,,1,30,,66480,41,,,1,70,,66481,41,,,1,30,,66482,41,,,1,69,,66483,41,,,1,29,,66484,41,,,1,69,,66485,41,,,1,28,,66486,41,,,1,100,,66487,41,,,1,100,,66488,41,,,1,100,,66489,41,,,1,97,,66490,41,,,1
3900,'Samedi-11',705,,70545,41,,,1,101,,70546,41,,,1,100,,70550,41,,,1,103,,70549,41,,,1,100,,70552,41,,,1,99,,70551,41,,,1,103,,70547,41,,,1,30,,70548,41,,,1,70,,70553,41,,,1,31,,70554,41,,,1,70,,70555,41,,,1,30,,70556,41,,,1,71,,70557,41,,,1,30,,70558,41,,,1,70,,70559,41,,,1,30,,70560,41,,,1,69,,70561,41,,,1,29,,70562,41,,,1,69,,70563,41,,,1,28,,70564,41,,,1,100,,70565,41,,,1,100,,70566,41,,,1,100,,70567,41,,,1,97,,70568,41,,,1
3900,'Dimanche-0',705,,68387,41,,,1,101,,68394,41,,,1,100,,68397,41,,,1,103,,68390,41,,,1,100,,68392,41,,,1,99,,68393,41,,,1,103,,68396,41,,,1,30,,68389,41,,,1,70,,68391,41,,,1,31,,68398,41,,,1,70,,68388,41,,,1,30,,68399,41,,,1,71,,68395,41,,,1,30,,68402,41,,,1,70,,68405,41,,,1,30,,68407,41,,,1,69,,68401,41,,,1,29,,68404,41,,,1,69,,68406,41,,,1,28,,68400,41,,,1,100,,68403,41,,,1,100,,68408,41,,,1,100,,68409,41,,,1,97,,68410,41,,,1
3900,'Dimanche-10',705,,69466,41,,,1,101,,69473,41,,,1,100,,69476,41,,,1,103,,69469,41,,,1,100,,69471,41,,,1,99,,69472,41,,,1,103,,69475,41,,,1,30,,69468,41,,,1,70,,69470,41,,,1,31,,69477,41,,,1,70,,69467,41,,,1,30,,69478,41,,,1,71,,69474,41,,,1,30,,69481,41,,,1,70,,69484,41,,,1,30,,69486,41,,,1,69,,69480,41,,,1,29,,69483,41,,,1,69,,69485,41,,,1,28,,69479,41,,,1,100,,69482,41,,,1,100,,69487,41,,,1,100,,69488,41,,,1,97,,69489,41,,,1
3900,'Dimanche-11',705,,66491,41,,,1,101,,66498,41,,,1,100,,66501,41,,,1,103,,66494,41,,,1,100,,66496,41,,,1,99,,66497,41,,,1,103,,66500,41,,,1,30,,66493,41,,,1,70,,66495,41,,,1,31,,66502,41,,,1,70,,66492,41,,,1,30,,66503,41,,,1,71,,66499,41,,,1,30,,66506,41,,,1,70,,66509,41,,,1,30,,66511,41,,,1,69,,66505,41,,,1,29,,66508,41,,,1,69,,66510,41,,,1,28,,66504,41,,,1,100,,66507,41,,,1,100,,66512,41,,,1,100,,66513,41,,,1,97,,66514,41,,,1
3900,'Semaine-0',644,,64097,41,,,1,65,,64083,41,,,1,35,,64102,41,,,1,69,,64095,41,,,1,31,,64096,41,,,1,69,,64094,41,,,1,32,,64091,41,,,1,70,,64108,41,,,2,30,,64103,41,,,1,71,,64115,41,,,1,30,,64100,41,,,2,70,,64104,41,,,1,30,,64092,41,,,1,71,,64090,41,,,1,30,,64105,41,,,1,69,,64093,41,,,2,30,,64080,41,,,1,75,,64106,41,,,1,32,,64087,41,,,1,70,,64089,41,,,1,32,,64107,41,,,2,72,,64086,41,,,1,28,,64081,41,,,1,69,,64109,41,,,1,25,,64088,41,,,1,71,,64082,41,,,2,29,,64110,41,,,2,72,,64085,41,,,1,25,,64101,41,,,2,65,,64111,41,,,1,30,,64084,41,,,1,70,,64099,41,,,1,29,,64112,41,,,1,70,,64098,41,,,1,32,,64114,41,,,1,68,,64113,41,,,1
3900,'Semaine-10',644,,72027,41,,,1,65,,72013,41,,,1,35,,72032,41,,,1,69,,72025,41,,,1,31,,72026,41,,,1,69,,72024,41,,,1,32,,72021,41,,,1,70,,72038,41,,,2,30,,72033,41,,,1,71,,72045,41,,,1,30,,72030,41,,,2,70,,72034,41,,,1,30,,72022,41,,,1,71,,72020,41,,,1,30,,72035,41,,,1,69,,72023,41,,,2,30,,72010,41,,,1,75,,72036,41,,,1,32,,72017,41,,,1,70,,72019,41,,,1,32,,72037,41,,,2,72,,72016,41,,,1,28,,72011,41,,,1,69,,72039,41,,,1,25,,72018,41,,,1,71,,72012,41,,,2,29,,72040,41,,,2,72,,72015,41,,,1,25,,72031,41,,,2,65,,72041,41,,,1,30,,72014,41,,,1,70,,72029,41,,,1,29,,72042,41,,,1,70,,72028,41,,,1,32,,72044,41,,,1,68,,72043,41,,,1
3900,'Semaine-11',644,,74558,41,,,1,65,,74544,41,,,1,35,,74563,41,,,1,69,,74556,41,,,1,31,,74557,41,,,1,69,,74555,41,,,1,32,,74552,41,,,1,70,,74569,41,,,2,30,,74564,41,,,1,71,,74576,41,,,1,30,,74561,41,,,2,70,,74565,41,,,1,30,,74553,41,,,1,71,,74551,41,,,1,30,,74566,41,,,1,69,,74554,41,,,2,30,,74541,41,,,1,75,,74567,41,,,1,32,,74548,41,,,1,70,,74550,41,,,1,32,,74568,41,,,2,72,,74547,41,,,1,28,,74542,41,,,1,69,,74570,41,,,1,25,,74549,41,,,1,71,,74543,41,,,2,29,,74571,41,,,2,72,,74546,41,,,1,25,,74562,41,,,2,65,,74572,41,,,1,30,,74545,41,,,1,70,,74560,41,,,1,29,,74573,41,,,1,70,,74559,41,,,1,32,,74575,41,,,1,68,,74574,41,,,1
57100,'Semaine-0',1523,,65853,8,0,5 6,1
57100,'Semaine-10',1523,,73783,8,0,5 6,1
57100,'Semaine-11',1523,,76314,8,0,5 6,1
82601,'Semaine-0',802,,65968,35,0,9 12 13,1,1,,65969,35,0,9 12 13,1
82601,'Semaine-10',802,,73898,35,0,9 12 13,1,1,,73899,35,0,9 12 13,1
82601,'Semaine-11',802,,76430,35,0,9 12 13,1,1,,76431,35,0,9 12 13,1
83101,'Semaine-0',813,,65980,24,0,9 12 13,2,2,,65981,24,0,9 12 13,1
83101,'Semaine-10',813,,73910,24,0,9 12 13,2,2,,73911,24,0,9 12 13,1
83101,'Semaine-11',813,,76442,24,0,9 12 13,2,2,,76443,24,0,9 12 13,1
83301,'Semaine-0',800,,65984,15,0,9 12 13,1
83301,'Semaine-10',800,,73914,15,0,9 12 13,1
83301,'Semaine-11',800,,76446,15,0,9 12 13,1
