2301,'Semaine-0',631,,63480,22,,,1,70,,63477,22,,,2,32,,63481,22,,,1,75,,63479,22,,,2,26,,63478,22,,,1
2301,'Semaine-10',631,,71410,22,,,1,70,,71407,22,,,2,32,,71411,22,,,1,75,,71409,22,,,2,26,,71408,22,,,1
2501,'Semaine-0',615,,63492,29,,,2,29,,63491,29,,,1,72,,63489,29,,,1,35,,63490,29,,,2,70,,63493,29,,,1,29,,63488,29,,,2
2501,'Semaine-10',615,,71422,29,,,2,29,,71421,29,,,1,72,,71419,29,,,1,35,,71420,29,,,2,70,,71423,29,,,1,29,,71418,29,,,2
3501,'Semaine-0',550,,63918,19,,,1,81,,63896,19,,,2,20,,63926,19,,,1,62,,63927,30,,,1,15,,63915,19,,,1,20,,63920,30,,,1,60,,63899,19,,,1,25,,63916,19,,,1,22,,63921,19,,,1,70,,63903,19,,,1,30,,63905,19,,,1,70,,63898,19,,,1,28,,63902,19,,,1,70,,63911,19,,,2,32,,63897,19,,,1,70,,63909,19,,,1,30,,63910,19,,,2,70,,63913,19,,,1,30,,63901,19,,,2,71,,63922,19,,,2,29,,63912,19,,,1,72,,63900,19,,,1,32,,63924,19,,,1,68,,63919,19,,,1,30,,63904,19,,,1,69,,63907,19,,,1,30,,63925,19,,,1,68,,63914,19,,,1,100,,63908,19,,,1,100,,63906,19,,,1,100,,63923,19,,,1,100,,63917,19,,,1
3501,'Semaine-10',550,,71848,19,,,1,81,,71826,19,,,2,20,,71856,19,,,1,62,,71857,30,,,1,15,,71845,19,,,1,20,,71850,30,,,1,60,,71829,19,,,1,25,,71846,19,,,1,22,,71851,19,,,1,70,,71833,19,,,1,30,,71835,19,,,1,70,,71828,19,,,1,28,,71832,19,,,1,70,,71841,19,,,2,32,,71827,19,,,1,70,,71839,19,,,1,30,,71840,19,,,2,70,,71843,19,,,1,30,,71831,19,,,2,71,,71852,19,,,2,29,,71842,19,,,1,72,,71830,19,,,1,32,,71854,19,,,1,68,,71849,19,,,1,30,,71834,19,,,1,69,,71837,19,,,1,30,,71855,19,,,1,68,,71844,19,,,1,100,,71838,19,,,1,100,,71836,19,,,1,100,,71853,19,,,1,100,,71847,19,,,1
72501,'Semaine-0',832,,65875,29,0,5 11,2
72501,'Semaine-10',832,,73805,29,0,5 11,2
82501,'Semaine-0',804,,65964,29,0,9 12 13,1,1,,65965,29,0,9 12 13,1
82501,'Semaine-10',804,,73894,29,0,9 12 13,1,1,,73895,29,0,9 12 13,1
