2701,'Semaine-0',608,,63511,3,,,1,43,,63512,3,,,1,91,,63509,3,,,1,66,,63510,3,,,2
2701,'Semaine-10',608,,71441,3,,,1,43,,71442,3,,,1,91,,71439,3,,,1,66,,71440,3,,,2
2701,'Semaine-11',608,,73972,3,,,1,43,,73973,3,,,1,91,,73970,3,,,1,66,,73971,3,,,2
3501,'Semaine-0',646,,63927,3,,,1,75,,63920,3,,,1
3501,'Semaine-10',646,,71857,3,,,1,75,,71850,3,,,1
3501,'Semaine-11',646,,74388,3,,,1,75,,74381,3,,,1
33100,'Semaine-0',827,,65576,25,0,7 8,1
33100,'Semaine-10',827,,73506,25,0,7 8,1
33100,'Semaine-11',827,,76037,25,0,7 8,1
43300,'Semaine-0',1501,,65830,12,0,9 14,2
43300,'Semaine-10',1501,,73760,12,0,9 14,2
43300,'Semaine-11',1501,,76291,12,0,9 14,2
82701,'Semaine-0',746,,65971,3,0,9 12 13,2
82701,'Semaine-10',746,,73901,3,0,9 12 13,2
82701,'Semaine-11',746,,76433,3,0,9 12 13,2
