2301,'Semaine-0',621,,63480,14,,,1,30,,63477,14,,,2,70,,63481,14,,,1,34,,63479,14,,,2,67,,63478,14,,,1
2501,'Semaine-0',606,,63492,21,,,2,30,,63491,21,,,1,70,,63489,21,,,1,30,,63490,21,,,2,71,,63493,21,,,1,29,,63488,21,,,2
2601,'Semaine-0',557,,63500,15,,,1,72,,63502,15,,,2,30,,63503,15,,,2,70,,63501,15,,,1,29,,63499,15,,,2
2801,'Semaine-0',647,,63517,17,,,1,74,,63518,17,,,2,99,,63516,17,,,2
3401,'Samedi-0',701,,66201,26,,,1,100,,66204,26,,,1,30,,66213,26,,,1,70,,66202,26,,,1,31,,66207,26,,,1,70,,66209,26,,,1,29,,66203,26,,,1,70,,66212,26,,,1,32,,66205,26,,,1,69,,66214,26,,,1,31,,66206,26,,,1,70,,66208,26,,,1,30,,66210,26,,,1,70,,66211,26,,,1,30,,66215,26,,,1,71,,66216,26,,,1,30,,66217,26,,,1,70,,66218,26,,,1,30,,66219,26,,,1,69,,66220,26,,,1,30,,66221,26,,,1,70,,66222,26,,,1,30,,66223,26,,,1,70,,66225,26,,,1,28,,66224,26,,,1,70,,66226,26,,,1,30,,66227,26,,,1,70,,66228,26,,,1,30,,66230,26,,,1,70,,66229,26,,,1,30,,66231,26,,,1,97,,66232,26,,,1
3401,'Dimanche-0',701,,68254,26,,,1,100,,68262,26,,,1,30,,68267,26,,,1,70,,68259,26,,,1,31,,68257,26,,,1,70,,68280,26,,,1,29,,68261,26,,,1,70,,68266,26,,,1,32,,68256,26,,,1,69,,68255,26,,,1,31,,68258,26,,,1,70,,68265,26,,,1,30,,68268,26,,,1,70,,68260,26,,,1,30,,68264,26,,,1,71,,68263,26,,,1,30,,68269,26,,,1,70,,68273,26,,,1,30,,68270,26,,,1,69,,68271,26,,,1,30,,68272,26,,,1,70,,68279,26,,,1,30,,68274,26,,,1,70,,68277,26,,,1,28,,68275,26,,,1,70,,68276,26,,,1,30,,68278,26,,,1,70,,68281,26,,,1,30,,68283,26,,,1,70,,68282,26,,,1,30,,68284,26,,,1,97,,68285,26,,,1
3401,'Dimanche-11',701,,66233,26,,,1,100,,66241,26,,,1,30,,66246,26,,,1,70,,66238,26,,,1,31,,66236,26,,,1,70,,66259,26,,,1,29,,66240,26,,,1,70,,66245,26,,,1,32,,66235,26,,,1,69,,66234,26,,,1,31,,66237,26,,,1,70,,66244,26,,,1,30,,66247,26,,,1,70,,66239,26,,,1,30,,66243,26,,,1,71,,66242,26,,,1,30,,66248,26,,,1,70,,66252,26,,,1,30,,66249,26,,,1,69,,66250,26,,,1,30,,66251,26,,,1,70,,66258,26,,,1,30,,66253,26,,,1,70,,66256,26,,,1,28,,66254,26,,,1,70,,66255,26,,,1,30,,66257,26,,,1,70,,66260,26,,,1,30,,66262,26,,,1,70,,66261,26,,,1,30,,66263,26,,,1,97,,66264,26,,,1
3401,'Semaine-0',906,,63856,26,,,1,30,,63836,26,,,2,70,,63840,26,,,1,30,,63860,26,,,1,70,,63833,26,,,1,30,,63837,26,,,1,70,,63841,26,,,1,30,,63831,26,,,1,70,,63834,26,,,1,30,,63838,26,,,1,69,,63842,26,,,2,31,,63835,26,,,1,71,,63857,26,,,1,30,,63832,26,,,1,75,,63858,26,,,1,27,,63859,26,,,1,70,,63853,26,,,1,27,,63849,26,,,1,70,,63839,26,,,1,30,,63846,26,,,1,70,,63855,26,,,1,30,,63843,26,,,1,70,,63845,26,,,1,30,,63847,26,,,1,70,,63851,26,,,2,30,,63844,26,,,1,70,,63850,26,,,1,30,,63848,26,,,1,70,,63852,26,,,1,30,,63854,26,,,1
4900,'Samedi-0',738,,66565,40,,,1,100,,66566,40,,,1,102,,66563,40,,,1,100,,66567,40,,,1,100,,66564,40,,,1,101,,66568,40,,,1,98,,66569,40,,,1,102,,66570,40,,,1,100,,66571,40,,,1,100,,66572,40,,,1,100,,66573,40,,,1,97,,66574,40,,,1,100,,66575,40,,,1,100,,66576,40,,,1,100,,66577,40,,,1,100,,66578,40,,,1,98,,66579,40,,,1
4900,'Dimanche-0',738,,68435,40,,,1,100,,68448,40,,,1,102,,68436,40,,,1,100,,68447,40,,,1,100,,68439,40,,,1,101,,68438,40,,,1,98,,68442,40,,,1,102,,68437,40,,,1,100,,68441,40,,,1,100,,68440,40,,,1,100,,68444,40,,,1,97,,68446,40,,,1,100,,68443,40,,,1,100,,68445,40,,,1,100,,68449,40,,,1,100,,68450,40,,,1,98,,68451,40,,,1
4900,'Dimanche-11',738,,66580,40,,,1,100,,66593,40,,,1,102,,66581,40,,,1,100,,66592,40,,,1,100,,66584,40,,,1,101,,66583,40,,,1,98,,66587,40,,,1,102,,66582,40,,,1,100,,66586,40,,,1,100,,66585,40,,,1,100,,66589,40,,,1,97,,66591,40,,,1,100,,66588,40,,,1,100,,66590,40,,,1,100,,66594,40,,,1,100,,66595,40,,,1,98,,66596,40,,,1
4900,'Semaine-0',653,,64225,40,,,1,55,,64220,27,,,1,3,,64232,27,,,1,4,,64208,27,,,1,6,,64231,27,,,1,4,,64236,40,,,1,3,,64235,27,,,1,4,,64234,27,,,1,5,,64233,27,,,1,21,,64228,40,,,1,67,,64224,27,,,1,33,,64223,40,,,1,71,,64218,40,,,1,28,,64210,40,,,1,71,,64230,40,,,1,73,,64226,40,,,1,30,,64221,40,,,1,70,,64198,40,,,1,30,,64219,40,,,1,70,,64200,40,,,1,30,,64205,40,,,1,70,,64207,40,,,1,30,,64211,40,,,1,70,,64227,40,,,1,37,,64209,40,,,1,70,,64212,40,,,1,30,,64203,40,,,1,70,,64215,40,,,1,30,,64206,40,,,1,67,,64204,40,,,1,30,,64222,40,,,1,67,,64216,40,,,1,56,,64199,40,,,1,99,,64217,40,,,1,101,,64214,40,,,1,97,,64201,40,,,1,98,,64213,40,,,1,100,,64202,40,,,1
32501,'Semaine-0',822,,65570,21,0,7 8,1,3,,65571,21,0,7 8,1
42500,'Semaine-0',708,,65817,21,0,9 14,1,2,,65818,21,0,9 14,2
72501,'Semaine-0',818,,65875,21,0,5 11,2
82501,'Semaine-0',750,,65964,21,0,9 12 13,1,1,,65965,21,0,9 12 13,1
