6700,'Samedi-0',721,,67195,20,,,1,101,,67194,20,,,1,100,,67193,20,,,1,31,,67189,20,,,1,70,,67197,20,,,1,30,,67190,20,,,1,70,,67191,20,,,1,31,,67196,20,,,1,70,,67201,20,,,1,30,,67192,20,,,1,69,,67200,20,,,1,31,,67198,20,,,1,70,,67199,20,,,1,30,,67202,20,,,1,71,,67203,20,,,1,30,,67204,20,,,1,70,,67205,20,,,1,29,,67206,20,,,1,70,,67207,20,,,1,30,,67208,20,,,1,70,,67209,20,,,1,29,,67210,20,,,1,70,,67211,20,,,1,30,,67212,20,,,1,100,,67216,20,,,1,100,,67213,20,,,1,100,,67214,20,,,1,99,,67215,20,,,1
6700,'Samedi-11',721,,70912,20,,,1,101,,70911,20,,,1,100,,70910,20,,,1,31,,70906,20,,,1,70,,70914,20,,,1,30,,70907,20,,,1,70,,70908,20,,,1,31,,70913,20,,,1,70,,70918,20,,,1,30,,70909,20,,,1,69,,70917,20,,,1,31,,70915,20,,,1,70,,70916,20,,,1,30,,70919,20,,,1,71,,70920,20,,,1,30,,70921,20,,,1,70,,70922,20,,,1,29,,70923,20,,,1,70,,70924,20,,,1,30,,70925,20,,,1,70,,70926,20,,,1,29,,70927,20,,,1,70,,70928,20,,,1,30,,70929,20,,,1,100,,70933,20,,,1,100,,70930,20,,,1,100,,70931,20,,,1,99,,70932,20,,,1
6700,'Dimanche-0',721,,68754,20,,,1,101,,68750,20,,,1,100,,68749,20,,,1,31,,68755,20,,,1,70,,68758,20,,,1,30,,68760,20,,,1,70,,68764,20,,,1,31,,68763,20,,,1,70,,68748,20,,,1,30,,68752,20,,,1,69,,68751,20,,,1,31,,68756,20,,,1,70,,68761,20,,,1,30,,68762,20,,,1,71,,68757,20,,,1,30,,68753,20,,,1,70,,68759,20,,,1,29,,68768,20,,,1,70,,68765,20,,,1,30,,68770,20,,,1,70,,68771,20,,,1,29,,68766,20,,,1,70,,68769,20,,,1,30,,68767,20,,,1,100,,68772,20,,,1,100,,68773,20,,,1,100,,68774,20,,,1,99,,68775,20,,,1
6700,'Dimanche-10',721,,69833,20,,,1,101,,69829,20,,,1,100,,69828,20,,,1,31,,69834,20,,,1,70,,69837,20,,,1,30,,69839,20,,,1,70,,69843,20,,,1,31,,69842,20,,,1,70,,69827,20,,,1,30,,69831,20,,,1,69,,69830,20,,,1,31,,69835,20,,,1,70,,69840,20,,,1,30,,69841,20,,,1,71,,69836,20,,,1,30,,69832,20,,,1,70,,69838,20,,,1,29,,69847,20,,,1,70,,69844,20,,,1,30,,69849,20,,,1,70,,69850,20,,,1,29,,69845,20,,,1,70,,69848,20,,,1,30,,69846,20,,,1,100,,69851,20,,,1,100,,69852,20,,,1,100,,69853,20,,,1,99,,69854,20,,,1
6700,'Dimanche-11',721,,67223,20,,,1,101,,67219,20,,,1,100,,67218,20,,,1,31,,67224,20,,,1,70,,67227,20,,,1,30,,67229,20,,,1,70,,67233,20,,,1,31,,67232,20,,,1,70,,67217,20,,,1,30,,67221,20,,,1,69,,67220,20,,,1,31,,67225,20,,,1,70,,67230,20,,,1,30,,67231,20,,,1,71,,67226,20,,,1,30,,67222,20,,,1,70,,67228,20,,,1,29,,67237,20,,,1,70,,67234,20,,,1,30,,67239,20,,,1,70,,67240,20,,,1,29,,67235,20,,,1,70,,67238,20,,,1,30,,67236,20,,,1,100,,67241,20,,,1,100,,67242,20,,,1,100,,67243,20,,,1,99,,67244,20,,,1
6700,'Semaine-0',621,,64809,20,,,1,31,,64803,20,,,1,71,,64811,20,,,1,22,,64820,20,,,1,61,,64804,20,,,1,18,,64829,20,,,1,29,,64814,20,,,1,69,,64822,20,,,1,20,,64812,20,,,1,59,,64832,20,,,1,20,,64830,20,,,1,21,,64817,20,,,2,60,,64833,20,,,1,20,,64823,20,,,1,20,,64826,20,,,1,60,,64834,20,,,1,20,,64831,20,,,1,20,,64818,20,,,1,60,,64835,20,,,1,20,,64824,20,,,1,20,,64827,20,,,1,60,,64836,20,,,1,20,,64816,20,,,1,20,,64819,20,,,1,62,,64837,20,,,1,325,,64839,20,,,1,15,,64813,20,,,1,58,,64838,20,,,1,19,,64821,20,,,1,30,,64801,20,,,1,72,,64825,20,,,1,28,,64805,20,,,2,70,,64828,20,,,2,30,,64802,20,,,1,70,,64810,20,,,1,30,,64806,20,,,2,71,,64815,20,,,1,27,,64808,20,,,1,69,,64807,20,,,2
6700,'Semaine-10',621,,72739,20,,,1,31,,72733,20,,,1,71,,72741,20,,,1,22,,72750,20,,,1,61,,72734,20,,,1,18,,72759,20,,,1,29,,72744,20,,,1,69,,72752,20,,,1,20,,72742,20,,,1,59,,72762,20,,,1,20,,72760,20,,,1,21,,72747,20,,,2,60,,72763,20,,,1,20,,72753,20,,,1,20,,72756,20,,,1,60,,72764,20,,,1,20,,72761,20,,,1,20,,72748,20,,,1,60,,72765,20,,,1,20,,72754,20,,,1,20,,72757,20,,,1,60,,72766,20,,,1,20,,72746,20,,,1,20,,72749,20,,,1,62,,72767,20,,,1,325,,72769,20,,,1,15,,72743,20,,,1,58,,72768,20,,,1,19,,72751,20,,,1,30,,72731,20,,,1,72,,72755,20,,,1,28,,72735,20,,,2,70,,72758,20,,,2,30,,72732,20,,,1,70,,72740,20,,,1,30,,72736,20,,,2,71,,72745,20,,,1,27,,72738,20,,,1,69,,72737,20,,,2
6700,'Semaine-11',621,,75270,20,,,1,31,,75264,20,,,1,71,,75272,20,,,1,22,,75281,20,,,1,61,,75265,20,,,1,18,,75290,20,,,1,29,,75275,20,,,1,69,,75283,20,,,1,20,,75273,20,,,1,59,,75293,20,,,1,20,,75291,20,,,1,21,,75278,20,,,2,60,,75294,20,,,1,20,,75284,20,,,1,20,,75287,20,,,1,60,,75295,20,,,1,20,,75292,20,,,1,20,,75279,20,,,1,60,,75296,20,,,1,20,,75285,20,,,1,20,,75288,20,,,1,60,,75297,20,,,1,20,,75277,20,,,1,20,,75280,20,,,1,62,,75298,20,,,1,325,,75300,20,,,1,15,,75274,20,,,1,58,,75299,20,,,1,19,,75282,20,,,1,30,,75262,20,,,1,72,,75286,20,,,1,28,,75266,20,,,2,70,,75289,20,,,2,30,,75263,20,,,1,70,,75271,20,,,1,30,,75267,20,,,2,71,,75276,20,,,1,27,,75269,20,,,1,69,,75268,20,,,2
8500,'Semaine-0',1528,,65367,14,,,1,16,,65362,14,,,2,15,,65359,14,,,1,57,,65368,14,,,2,16,,65358,14,,,1,14,,65361,14,,,1,56,,65366,14,,,1,14,,65364,14,,,1,18,,65363,14,,,2,21,,65360,14,,,1,58,,65365,14,,,2
8500,'Semaine-10',1528,,73297,14,,,1,16,,73292,14,,,2,15,,73289,14,,,1,57,,73298,14,,,2,16,,73288,14,,,1,14,,73291,14,,,1,56,,73296,14,,,1,14,,73294,14,,,1,18,,73293,14,,,2,21,,73290,14,,,1,58,,73295,14,,,2
8500,'Semaine-11',1528,,75828,14,,,1,16,,75823,14,,,2,15,,75820,14,,,1,57,,75829,14,,,2,16,,75819,14,,,1,14,,75822,14,,,1,56,,75827,14,,,1,14,,75825,14,,,1,18,,75824,14,,,2,21,,75821,14,,,1,58,,75826,14,,,2
8700,'Semaine-0',1522,,65388,18,,,1,16,,65387,18,,,2,15,,65380,18,,,1,55,,65382,18,,,2,16,,65379,18,,,1,18,,65389,18,,,1,12,,65385,18,,,1,53,,65386,18,,,2,19,,65381,18,,,1,19,,65384,18,,,1,59,,65383,18,,,1
8700,'Semaine-10',1522,,73318,18,,,1,16,,73317,18,,,2,15,,73310,18,,,1,55,,73312,18,,,2,16,,73309,18,,,1,18,,73319,18,,,1,12,,73315,18,,,1,53,,73316,18,,,2,19,,73311,18,,,1,19,,73314,18,,,1,59,,73313,18,,,1
8700,'Semaine-11',1522,,75849,18,,,1,16,,75848,18,,,2,15,,75841,18,,,1,55,,75843,18,,,2,16,,75840,18,,,1,18,,75850,18,,,1,12,,75846,18,,,1,53,,75847,18,,,2,19,,75842,18,,,1,19,,75845,18,,,1,59,,75844,18,,,1
57100,'Semaine-0',1533,,65853,18,0,5 6,1
57100,'Semaine-10',1533,,73783,18,0,5 6,1
57100,'Semaine-11',1533,,76314,18,0,5 6,1
