4101,'Semaine-0',636,,64170,18,,,1,73,,64171,18,,,1,35,,64172,18,,,1,65,,64169,18,,,2,29,,64168,18,,,1
4900,'Samedi-0',717,,66565,15,,,1,100,,66566,15,,,1,101,,66563,15,,,1,100,,66567,15,,,1,100,,66564,15,,,1,101,,66568,15,,,1,98,,66569,15,,,1,102,,66570,15,,,1,100,,66571,15,,,1,100,,66572,15,,,1,100,,66573,15,,,1,98,,66574,15,,,1,100,,66575,15,,,1,100,,66576,15,,,1,100,,66577,15,,,1,100,,66578,15,,,1,99,,66579,15,,,1
4900,'Dimanche-11',717,,66580,15,,,1,100,,66593,15,,,1,101,,66581,15,,,1,100,,66592,15,,,1,100,,66584,15,,,1,101,,66583,15,,,1,98,,66587,15,,,1,102,,66582,15,,,1,100,,66586,15,,,1,100,,66585,15,,,1,100,,66589,15,,,1,98,,66591,15,,,1,100,,66588,15,,,1,100,,66590,15,,,1,100,,66594,15,,,1,100,,66595,15,,,1,99,,66596,15,,,1
4900,'Semaine-0',630,,64225,15,,,1,14,,64220,2,,,1,3,,64232,2,,,1,4,,64208,2,,,1,6,,64231,2,,,1,44,,64236,15,,,1,1,,64235,2,,,1,4,,64234,2,,,1,5,,64233,2,,,1,21,,64228,15,,,1,26,,64229,15,,,1,1,,64224,2,,,1,72,,64223,15,,,1,74,,64218,15,,,1,29,,64210,15,,,1,70,,64230,15,,,1,33,,64226,15,,,1,70,,64221,15,,,1,30,,64198,15,,,1,70,,64219,15,,,1,30,,64200,15,,,1,70,,64205,15,,,1,30,,64207,15,,,1,71,,64211,15,,,1,30,,64227,15,,,1,71,,64209,15,,,1,30,,64212,15,,,1,70,,64203,15,,,1,30,,64215,15,,,1,70,,64206,15,,,1,30,,64204,15,,,1,70,,64222,15,,,1,28,,64216,15,,,1,100,,64199,15,,,1,99,,64217,15,,,1,101,,64214,15,,,1,99,,64201,15,,,1,98,,64213,15,,,1,100,,64202,15,,,1
5501,'Samedi-0',659,,66775,25,,,1,70,,66778,25,,,1,71,,66777,25,,,1,30,,66787,25,,,1,29,,66776,25,,,1,70,,66779,25,,,1,71,,66780,25,,,1,29,,66786,25,,,1,30,,66782,25,,,1,70,,66783,25,,,1,30,,66781,25,,,1,70,,66789,25,,,1,30,,66788,25,,,1,70,,66784,25,,,1,30,,66785,25,,,1,72,,66790,25,,,1,28,,66791,25,,,1,72,,66792,25,,,1,28,,66793,25,,,1,72,,66794,25,,,1,28,,66795,25,,,1,72,,66796,25,,,1,28,,66797,25,,,1,71,,66798,25,,,1,70,,66799,25,,,1,30,,66800,25,,,1,70,,66801,25,,,1,30,,66802,25,,,1,70,,66803,25,,,1,30,,66805,25,,,1,70,,66804,25,,,1,30,,66807,25,,,1,70,,66806,25,,,1
5501,'Dimanche-11',659,,66809,25,,,1,70,,66813,25,,,1,71,,66811,25,,,1,30,,66816,25,,,1,29,,66818,25,,,1,70,,66812,25,,,1,71,,66808,25,,,1,29,,66822,25,,,1,30,,66817,25,,,1,70,,66824,25,,,1,30,,66815,25,,,1,70,,66814,25,,,1,30,,66820,25,,,1,70,,66810,25,,,1,30,,66819,25,,,1,72,,66823,25,,,1,28,,66828,25,,,1,72,,66821,25,,,1,28,,66827,25,,,1,72,,66830,25,,,1,28,,66825,25,,,1,72,,66826,25,,,1,28,,66832,25,,,1,71,,66834,25,,,1,70,,66831,25,,,1,30,,66829,25,,,1,70,,66833,25,,,1,30,,66835,25,,,1,70,,66836,25,,,1,30,,66837,25,,,1,70,,66838,25,,,1,30,,66839,25,,,1,70,,66840,25,,,1
5501,'Semaine-0',519,,64382,25,,,1,14,,64389,25,,,1,15,,64388,25,,,1,56,,64372,25,,,1,15,,64410,25,,,1,22,,64409,25,,,1,8,,64369,25,,,1,52,,64414,25,,,1,15,,64395,25,,,1,13,,64403,25,,,1,16,,64373,25,,,1,9,,64377,25,,,1,52,,64375,25,,,1,9,,64404,25,,,1,6,,64406,25,,,1,14,,64383,25,,,1,68,,64387,25,,,1,12,,64374,25,,,1,11,,64408,25,,,1,29,,64401,25,,,1,71,,64405,25,,,1,29,,64371,25,,,1,70,,64378,25,,,1,30,,64391,25,,,1,70,,64402,25,,,1,29,,64398,25,,,1,70,,64379,25,,,1,30,,64411,25,,,1,70,,64370,25,,,1,30,,64376,25,,,1,90,,64380,25,,,1,100,,64385,25,,,1,100,,64390,25,,,1,101,,64407,25,,,1,60,,64396,25,,,1,30,,64384,25,,,1,71,,64400,25,,,1,30,,64393,25,,,1,70,,64412,25,,,1,30,,64386,25,,,1,69,,64392,25,,,1,32,,64394,25,,,1,70,,64381,25,,,1,30,,64399,25,,,1,70,,64397,25,,,1
5801,'Semaine-0',556,,64441,13,,,1,72,,64445,13,,,1,30,,64443,13,,,1,70,,64442,13,,,1,30,,64439,13,,,1,70,,64444,13,,,1,800,,64440,13,,,1
5901,'Samedi-0',715,,66909,14,,,1,30,,66916,14,,,1,69,,66913,14,,,1,30,,66918,14,,,1,70,,66910,14,,,1,30,,66915,14,,,1,70,,66914,14,,,1,30,,66917,14,,,1,70,,66921,14,,,1,30,,66922,14,,,1,70,,66911,14,,,1,30,,66912,14,,,1,70,,66920,14,,,1,30,,66919,14,,,1,70,,66923,14,,,1,30,,66924,14,,,1,70,,66925,14,,,1,30,,66926,14,,,1,70,,66927,14,,,1,30,,66928,14,,,1,70,,66929,14,,,1,30,,66930,14,,,1,70,,66931,14,,,1,30,,66932,14,,,1,71,,66933,14,,,1,30,,66935,14,,,1,70,,66934,14,,,1,30,,66936,14,,,1,70,,66937,14,,,1,30,,66938,14,,,1,70,,66940,14,,,1,31,,66939,14,,,1
5901,'Dimanche-11',715,,66941,14,,,1,30,,66953,14,,,1,69,,66947,14,,,1,30,,66948,14,,,1,70,,66955,14,,,1,30,,66952,14,,,1,70,,66957,14,,,1,30,,66944,14,,,1,70,,66956,14,,,1,30,,66942,14,,,1,70,,66951,14,,,1,30,,66943,14,,,1,70,,66946,14,,,1,30,,66949,14,,,1,70,,66950,14,,,1,30,,66958,14,,,1,70,,66945,14,,,1,30,,66961,14,,,1,70,,66954,14,,,1,30,,66963,14,,,1,70,,66964,14,,,1,30,,66960,14,,,1,70,,66965,14,,,1,30,,66962,14,,,1,71,,66966,14,,,1,30,,66959,14,,,1,70,,66967,14,,,1,30,,66968,14,,,1,70,,66969,14,,,1,30,,66970,14,,,1,70,,66971,14,,,1,31,,66972,14,,,1
5901,'Semaine-0',513,,64498,14,,,1,15,,64534,14,,,1,15,,64507,14,,,1,15,,64528,14,,,1,55,,64508,14,,,1,14,,64497,14,,,1,13,,64499,14,,,1,14,,64502,14,,,1,58,,64505,14,,,1,15,,64506,14,,,1,18,,64501,14,,,1,12,,64530,14,,,1,57,,64516,14,,,1,15,,64521,14,,,1,13,,64511,14,,,1,15,,64496,14,,,1,56,,64514,14,,,1,27,,64540,14,,,1,70,,64535,14,,,1,30,,64522,14,,,1,70,,64504,14,,,1,30,,64515,14,,,1,70,,64518,14,,,1,30,,64503,14,,,1,70,,64532,14,,,1,30,,64494,14,,,1,70,,64536,14,,,1,30,,64526,14,,,1,74,,64529,14,,,1,100,,64533,14,,,1,101,,64513,14,,,1,100,,64520,14,,,1,36,,64525,14,,,1,70,,64512,14,,,1,30,,64519,14,,,1,70,,64524,14,,,1,30,,64531,14,,,1,70,,64509,14,,,1,30,,64527,14,,,1,71,,64517,14,,,1,30,,64500,14,,,1,70,,64510,14,,,1,30,,64523,14,,,1
65501,'Semaine-0',1510,,65873,13,0,9 10,1
75200,'Semaine-0',725,,65885,19,0,9 18,1,2,,65884,19,0,9 18,2
80000,'Samedi-0',719,,68077,18,,,1,102,,68078,18,,,1,98,,68079,18,,,1,101,,68081,18,,,1,100,,68082,18,,,1,100,,68080,18,,,1,100,,68083,18,,,1,100,,68084,18,,,1,100,,68085,18,,,1,100,,68086,18,,,1,100,,68087,18,,,2,100,,68088,18,,,1,100,,68091,18,,,1,99,,68089,18,,,1,100,,68090,18,,,1,99,,68092,18,,,1,100,,68093,18,,,1
80000,'Dimanche-11',719,,68096,18,,,1,102,,68095,18,,,1,98,,68101,18,,,1,101,,68094,18,,,1,100,,68098,18,,,1,100,,68097,18,,,1,100,,68099,18,,,1,100,,68100,18,,,1,100,,68104,18,,,1,100,,68102,18,,,1,100,,68103,18,,,2,100,,68107,18,,,1,100,,68106,18,,,1,99,,68105,18,,,1,100,,68108,18,,,1,99,,68109,18,,,1,100,,68110,18,,,1
80000,'Semaine-0',554,,65923,18,,,1,71,,65909,18,,,1,31,,65899,18,,,1,55,,65898,18,,,1,15,,65919,18,,,1,31,,65910,18,,,1,58,,65896,18,,,1,30,,65915,18,,,1,70,,65900,18,,,1,30,,65917,18,,,1,70,,65912,18,,,1,29,,65926,18,,,1,70,,65893,18,,,1,30,,65914,18,,,1,70,,65904,18,,,1,31,,65920,18,,,1,69,,65913,18,,,1,30,,65924,18,,,1,71,,65903,18,,,1,29,,65918,18,,,1,72,,65916,18,,,1,31,,65905,18,,,1,71,,65921,18,,,1,29,,65894,18,,,1,69,,65911,18,,,1,30,,65908,18,,,1,70,,65922,18,,,1,29,,65907,18,,,1,71,,65901,18,,,1,28,,65895,18,,,1,71,,65925,18,,,1,29,,65906,18,,,1,69,,65902,18,,,1,30,,65892,18,,,1,69,,65897,18,,,1,30,,65891,18,,,1
