6700,'Samedi-0',725,,67195,27,,,1,101,,67194,27,,,1,100,,67193,27,,,1,31,,67189,27,,,1,70,,67197,27,,,1,30,,67190,27,,,1,70,,67191,27,,,1,31,,67196,27,,,1,70,,67201,27,,,1,30,,67192,27,,,1,69,,67200,27,,,1,31,,67198,27,,,1,70,,67199,27,,,1,72,,67202,27,,,1,30,,67203,27,,,1,70,,67204,27,,,1,30,,67205,27,,,1,28,,67206,27,,,1,70,,67207,27,,,1,30,,67208,27,,,1,70,,67209,27,,,1,30,,67210,27,,,1,69,,67211,27,,,1,30,,67212,27,,,1,100,,67216,27,,,1,100,,67213,27,,,1,100,,67214,27,,,1,99,,67215,27,,,1
6700,'Samedi-11',725,,70912,27,,,1,101,,70911,27,,,1,100,,70910,27,,,1,31,,70906,27,,,1,70,,70914,27,,,1,30,,70907,27,,,1,70,,70908,27,,,1,31,,70913,27,,,1,70,,70918,27,,,1,30,,70909,27,,,1,69,,70917,27,,,1,31,,70915,27,,,1,70,,70916,27,,,1,72,,70919,27,,,1,30,,70920,27,,,1,70,,70921,27,,,1,30,,70922,27,,,1,28,,70923,27,,,1,70,,70924,27,,,1,30,,70925,27,,,1,70,,70926,27,,,1,30,,70927,27,,,1,69,,70928,27,,,1,30,,70929,27,,,1,100,,70933,27,,,1,100,,70930,27,,,1,100,,70931,27,,,1,99,,70932,27,,,1
6700,'Dimanche-0',725,,68754,27,,,1,101,,68750,27,,,1,100,,68749,27,,,1,31,,68755,27,,,1,70,,68758,27,,,1,30,,68760,27,,,1,70,,68764,27,,,1,31,,68763,27,,,1,70,,68748,27,,,1,30,,68752,27,,,1,69,,68751,27,,,1,31,,68756,27,,,1,70,,68761,27,,,1,72,,68762,27,,,1,30,,68757,27,,,1,70,,68753,27,,,1,30,,68759,27,,,1,28,,68768,27,,,1,70,,68765,27,,,1,30,,68770,27,,,1,70,,68771,27,,,1,30,,68766,27,,,1,69,,68769,27,,,1,30,,68767,27,,,1,100,,68772,27,,,1,100,,68773,27,,,1,100,,68774,27,,,1,99,,68775,27,,,1
6700,'Dimanche-10',725,,69833,27,,,1,101,,69829,27,,,1,100,,69828,27,,,1,31,,69834,27,,,1,70,,69837,27,,,1,30,,69839,27,,,1,70,,69843,27,,,1,31,,69842,27,,,1,70,,69827,27,,,1,30,,69831,27,,,1,69,,69830,27,,,1,31,,69835,27,,,1,70,,69840,27,,,1,72,,69841,27,,,1,30,,69836,27,,,1,70,,69832,27,,,1,30,,69838,27,,,1,28,,69847,27,,,1,70,,69844,27,,,1,30,,69849,27,,,1,70,,69850,27,,,1,30,,69845,27,,,1,69,,69848,27,,,1,30,,69846,27,,,1,100,,69851,27,,,1,100,,69852,27,,,1,100,,69853,27,,,1,99,,69854,27,,,1
6700,'Dimanche-11',725,,67223,27,,,1,101,,67219,27,,,1,100,,67218,27,,,1,31,,67224,27,,,1,70,,67227,27,,,1,30,,67229,27,,,1,70,,67233,27,,,1,31,,67232,27,,,1,70,,67217,27,,,1,30,,67221,27,,,1,69,,67220,27,,,1,31,,67225,27,,,1,70,,67230,27,,,1,72,,67231,27,,,1,30,,67226,27,,,1,70,,67222,27,,,1,30,,67228,27,,,1,28,,67237,27,,,1,70,,67234,27,,,1,30,,67239,27,,,1,70,,67240,27,,,1,30,,67235,27,,,1,69,,67238,27,,,1,30,,67236,27,,,1,100,,67241,27,,,1,100,,67242,27,,,1,100,,67243,27,,,1,99,,67244,27,,,1
6700,'Semaine-0',626,,64809,27,,,1,30,,64803,27,,,1,72,,64811,27,,,1,22,,64820,27,,,1,61,,64804,27,,,1,18,,64829,27,,,1,29,,64814,27,,,1,68,,64822,27,,,1,20,,64812,27,,,1,59,,64832,27,,,1,20,,64830,27,,,1,21,,64817,27,,,2,60,,64833,27,,,1,20,,64823,27,,,1,20,,64826,27,,,1,60,,64834,27,,,1,20,,64831,27,,,1,20,,64818,27,,,1,60,,64835,27,,,1,20,,64824,27,,,1,20,,64827,27,,,1,60,,64836,27,,,1,22,,64816,27,,,1,20,,64819,27,,,1,62,,64837,27,,,1,325,,64839,27,,,1,15,,64813,27,,,1,56,,64838,27,,,1,19,,64821,27,,,1,30,,64801,27,,,1,72,,64825,27,,,1,28,,64805,27,,,2,70,,64828,27,,,2,30,,64802,27,,,1,70,,64810,27,,,1,30,,64806,27,,,2,71,,64815,27,,,1,26,,64808,27,,,1,69,,64807,27,,,2
6700,'Semaine-10',626,,72739,27,,,1,30,,72733,27,,,1,72,,72741,27,,,1,22,,72750,27,,,1,61,,72734,27,,,1,18,,72759,27,,,1,29,,72744,27,,,1,68,,72752,27,,,1,20,,72742,27,,,1,59,,72762,27,,,1,20,,72760,27,,,1,21,,72747,27,,,2,60,,72763,27,,,1,20,,72753,27,,,1,20,,72756,27,,,1,60,,72764,27,,,1,20,,72761,27,,,1,20,,72748,27,,,1,60,,72765,27,,,1,20,,72754,27,,,1,20,,72757,27,,,1,60,,72766,27,,,1,22,,72746,27,,,1,20,,72749,27,,,1,62,,72767,27,,,1,325,,72769,27,,,1,15,,72743,27,,,1,56,,72768,27,,,1,19,,72751,27,,,1,30,,72731,27,,,1,72,,72755,27,,,1,28,,72735,27,,,2,70,,72758,27,,,2,30,,72732,27,,,1,70,,72740,27,,,1,30,,72736,27,,,2,71,,72745,27,,,1,26,,72738,27,,,1,69,,72737,27,,,2
8500,'Semaine-0',1535,,65367,21,,,1,16,,65362,21,,,2,55,,65359,21,,,1,17,,65368,21,,,2,14,,65358,21,,,1,14,,65361,21,,,1,57,,65366,21,,,1,14,,65364,21,,,1,18,,65363,21,,,2,61,,65360,21,,,1,17,,65365,21,,,2
8500,'Semaine-10',1535,,73297,21,,,1,16,,73292,21,,,2,55,,73289,21,,,1,17,,73298,21,,,2,14,,73288,21,,,1,14,,73291,21,,,1,57,,73296,21,,,1,14,,73294,21,,,1,18,,73293,21,,,2,61,,73290,21,,,1,17,,73295,21,,,2
8700,'Semaine-0',1529,,65388,25,,,1,16,,65387,25,,,2,55,,65380,25,,,1,15,,65382,25,,,2,16,,65379,25,,,1,18,,65389,25,,,1,52,,65385,25,,,1,13,,65386,25,,,2,19,,65381,25,,,1,17,,65384,25,,,1,59,,65383,25,,,1
8700,'Semaine-10',1529,,73318,25,,,1,16,,73317,25,,,2,55,,73310,25,,,1,15,,73312,25,,,2,16,,73309,25,,,1,18,,73319,25,,,1,52,,73315,25,,,1,13,,73316,25,,,2,19,,73311,25,,,1,17,,73314,25,,,1,59,,73313,25,,,1
57100,'Semaine-0',1537,,65853,25,0,5 6,1
57100,'Semaine-10',1537,,73783,25,0,5 6,1
