3200,'Semaine-0',648,,63658,38,,,1,71,,63657,38,,,1,33,,63653,38,,,1,73,,63655,38,,,1,26,,63654,38,,,2,70,,63656,38,,,1,29,,63629,38,,,2,70,,63624,38,,,1,30,,63625,38,,,2,70,,63636,38,,,1,30,,63630,38,,,1,73,,63616,38,,,1,29,,63617,38,,,1,69,,63628,38,,,1,30,,63631,38,,,1,70,,63637,38,,,1,32,,63618,38,,,1,71,,63663,38,,,1,15,,63615,38,,,2,16,,63645,38,,,1,50,,63635,38,,,1,11,,63641,38,,,2,10,,63642,38,,,1,10,,63660,38,,,1,10,,63661,38,,,1,10,,63662,38,,,2,53,,63659,38,,,2,7,,63632,38,,,1,10,,63643,38,,,1,10,,63651,38,,,2,10,,63644,38,,,2,8,,63621,38,,,1,50,,63652,38,,,1,10,,63638,38,,,2,8,,63640,38,,,1,10,,63639,38,,,1,18,,63633,38,,,2,65,,63627,38,,,1,29,,63622,38,,,1,70,,63619,38,,,2,29,,63634,38,,,2,70,,63626,38,,,1,33,,63623,38,,,1,66,,63620,38,,,2,30,,63646,38,,,1,68,,63647,38,,,1,29,,63648,38,,,1,67,,63649,38,,,1,30,,63650,38,,,1
3400,'Samedi-0',805,,66133,52,,,1,100,,66138,52,,,1,30,,66134,52,,,1,71,,66140,52,,,1,30,,66141,52,,,1,71,,66135,52,,,1,30,,66136,52,,,1,70,,66137,52,,,1,30,,66139,52,,,1,72,,66142,52,,,1,30,,66144,52,,,1,70,,66143,52,,,1,30,,66145,52,,,1,70,,66146,52,,,1,30,,66147,52,,,1,70,,66148,52,,,1,30,,66149,52,,,1,71,,66150,52,,,1,30,,66151,52,,,1,70,,66152,52,,,1,30,,66153,52,,,1,68,,66154,52,,,1,28,,66155,52,,,1,69,,66156,52,,,1,31,,66157,52,,,1,70,,66158,52,,,1,30,,66159,52,,,1,70,,66160,52,,,1,30,,66161,52,,,1,70,,66163,52,,,1,30,,66162,52,,,1,69,,66165,52,,,1,30,,66164,52,,,1,65,,66166,52,,,1
3400,'Dimanche-11',805,,66171,52,,,1,100,,66191,52,,,1,30,,66173,52,,,1,71,,66177,52,,,1,30,,66170,52,,,1,71,,66178,52,,,1,30,,66169,52,,,1,70,,66168,52,,,1,30,,66181,52,,,1,72,,66172,52,,,1,30,,66175,52,,,1,70,,66174,52,,,1,30,,66167,52,,,1,70,,66183,52,,,1,30,,66179,52,,,1,70,,66180,52,,,1,30,,66176,52,,,1,71,,66187,52,,,1,30,,66186,52,,,1,70,,66184,52,,,1,30,,66182,52,,,1,68,,66185,52,,,1,28,,66190,52,,,1,69,,66188,52,,,1,31,,66189,52,,,1,70,,66192,52,,,1,30,,66193,52,,,1,70,,66194,52,,,1,30,,66195,52,,,1,70,,66196,52,,,1,30,,66197,52,,,1,69,,66199,52,,,1,30,,66198,52,,,1,65,,66200,52,,,1
3400,'Semaine-0',643,,63829,52,,,1,68,,63814,52,,,1,33,,63808,52,,,1,76,,63812,52,,,1,30,,63803,52,,,2,67,,63823,52,,,1,30,,63809,52,,,1,67,,63799,52,,,1,30,,63804,52,,,1,70,,63805,52,,,1,30,,63810,52,,,1,70,,63800,52,,,1,31,,63830,52,,,1,70,,63806,52,,,1,30,,63811,52,,,1,70,,63801,52,,,1,35,,63827,52,,,1,70,,63802,52,,,1,25,,63828,52,,,1,306,,63826,52,,,1,60,,63815,52,,,1,27,,63807,52,,,1,70,,63819,52,,,1,30,,63825,52,,,1,71,,63816,52,,,1,27,,63818,52,,,1,70,,63820,52,,,1,30,,63813,52,,,1,70,,63822,52,,,1,27,,63817,52,,,1,69,,63821,52,,,1,30,,63824,52,,,1
4901,'Samedi-0',734,,66600,32,,,1,100,,66599,32,,,1,100,,66601,32,,,1,100,,66597,32,,,1,100,,66602,32,,,1,101,,66598,32,,,1,100,,66603,32,,,1,101,,66604,32,,,1,100,,66605,32,,,1,100,,66606,32,,,1,100,,66607,32,,,1,98,,66608,32,,,1,100,,66609,32,,,1,100,,66610,32,,,1,100,,66611,32,,,1,100,,66612,32,,,1,100,,66613,32,,,1
4901,'Dimanche-11',734,,66627,32,,,1,100,,66616,32,,,1,100,,66626,32,,,1,100,,66619,32,,,1,100,,66615,32,,,1,101,,66614,32,,,1,100,,66617,32,,,1,101,,66618,32,,,1,100,,66621,32,,,1,100,,66620,32,,,1,100,,66624,32,,,1,98,,66623,32,,,1,100,,66625,32,,,1,100,,66622,32,,,1,100,,66628,32,,,1,100,,66629,32,,,1,100,,66630,32,,,1
4901,'Semaine-0',618,,64243,32,,,1,89,,64248,32,,,1,31,,64264,32,,,1,71,,64260,32,,,1,28,,64258,32,,,1,67,,64268,32,,,1,30,,64250,32,,,1,70,,64266,32,,,1,28,,64262,32,,,1,72,,64237,32,,,1,30,,64259,32,,,1,70,,64238,32,,,1,30,,64244,32,,,1,70,,64246,32,,,1,30,,64251,32,,,1,69,,64267,32,,,1,31,,64249,32,,,1,73,,64269,32,,,1,22,,64265,32,,,1,11,,64252,32,,,1,15,,64239,32,,,1,55,,64255,32,,,1,31,,64245,32,,,1,66,,64247,32,,,1,30,,64263,32,,,1,67,,64257,32,,,1,30,,64261,32,,,1,94,,64240,32,,,1,80,,64256,32,,,1,101,,64254,32,,,1,98,,64241,32,,,1,100,,64253,32,,,1,97,,64242,32,,,1
32600,'Semaine-0',1652,,65572,48,4,,1
44901,'Semaine-0',1518,,65837,24,0,9 14,1
54901,'Semaine-0',1540,,65839,25,,,1
63901,'Semaine-0',719,,65858,35,0,9 10,1
82600,'Semaine-0',1553,,65967,38,4,,1
