2300,'Semaine-0',1544,,63476,14,,,1,69,,63474,14,,,1,34,,63472,14,,,1,65,,63473,14,,,2,27,,63475,14,,,2,69,,63471,14,,,1
2300,'Semaine-10',1544,,71406,14,,,1,69,,71404,14,,,1,34,,71402,14,,,1,65,,71403,14,,,2,27,,71405,14,,,2,69,,71401,14,,,1
2300,'Semaine-11',1544,,73937,14,,,1,69,,73935,14,,,1,34,,73933,14,,,1,65,,73934,14,,,2,27,,73936,14,,,2,69,,73932,14,,,1
2500,'Semaine-0',1529,,63482,13,,,1,30,,63485,13,,,1,70,,63483,13,,,1,73,,63487,13,,,1,25,,63484,13,,,2,27,,63486,13,,,2
2500,'Semaine-10',1529,,71412,13,,,1,30,,71415,13,,,1,70,,71413,13,,,1,73,,71417,13,,,1,25,,71414,13,,,2,27,,71416,13,,,2
2500,'Semaine-11',1529,,73943,13,,,1,30,,73946,13,,,1,70,,73944,13,,,1,73,,73948,13,,,1,25,,73945,13,,,2,27,,73947,13,,,2
3500,'Semaine-0',641,,63886,21,0,15 16,1,78,,63861,21,0,15 16,2,23,,63871,21,0,15 16,1,63,,63889,21,0,15 16,1,15,,63879,21,0,15 16,1,20,,63894,21,0,15 16,1,60,,63891,21,0,15 16,1,23,,63884,21,0,15 16,1,21,,63890,21,0,15 16,1,70,,63869,21,0,15 16,1,26,,63882,21,0,15 16,1,74,,63863,21,0,15 16,1,28,,63867,21,0,15 16,1,70,,63877,21,0,15 16,2,32,,63862,21,0,15 16,1,70,,63872,21,0,15 16,1,30,,63893,21,0,15 16,2,70,,63880,21,0,15 16,1,30,,63864,21,0,15 16,2,73,,63876,21,,,2,33,,63878,21,0,15 16,1,58,,63870,14,0,15 16,1,19,,63881,21,,,1,13,,63875,14,0,15 16,1,18,,63885,21,,,1,65,,63887,21,0,15 16,1,30,,63868,21,,,1,64,,63866,21,0,15 16,1,28,,63895,21,,,1,66,,63883,21,0,15 16,1,30,,63873,14,0,15 16,1,70,,63874,21,,,1,100,,63888,21,,,1,100,,63892,21,,,1,100,,63865,21,0,15 16,1
3500,'Semaine-10',641,,71816,21,0,15 16,1,78,,71791,21,0,15 16,2,23,,71801,21,0,15 16,1,63,,71819,21,0,15 16,1,15,,71809,21,0,15 16,1,20,,71824,21,0,15 16,1,60,,71821,21,0,15 16,1,23,,71814,21,0,15 16,1,21,,71820,21,0,15 16,1,70,,71799,21,0,15 16,1,26,,71812,21,0,15 16,1,74,,71793,21,0,15 16,1,28,,71797,21,0,15 16,1,70,,71807,21,0,15 16,2,32,,71792,21,0,15 16,1,70,,71802,21,0,15 16,1,30,,71823,21,0,15 16,2,70,,71810,21,0,15 16,1,30,,71794,21,0,15 16,2,73,,71806,21,,,2,33,,71808,21,0,15 16,1,58,,71800,14,0,15 16,1,19,,71811,21,,,1,13,,71805,14,0,15 16,1,18,,71815,21,,,1,65,,71817,21,0,15 16,1,30,,71798,21,,,1,64,,71796,21,0,15 16,1,28,,71825,21,,,1,66,,71813,21,0,15 16,1,30,,71803,14,0,15 16,1,70,,71804,21,,,1,100,,71818,21,,,1,100,,71822,21,,,1,100,,71795,21,0,15 16,1
3500,'Semaine-11',641,,74347,21,0,15 16,1,78,,74322,21,0,15 16,2,23,,74332,21,0,15 16,1,63,,74350,21,0,15 16,1,15,,74340,21,0,15 16,1,20,,74355,21,0,15 16,1,60,,74352,21,0,15 16,1,23,,74345,21,0,15 16,1,21,,74351,21,0,15 16,1,70,,74330,21,0,15 16,1,26,,74343,21,0,15 16,1,74,,74324,21,0,15 16,1,28,,74328,21,0,15 16,1,70,,74338,21,0,15 16,2,32,,74323,21,0,15 16,1,70,,74333,21,0,15 16,1,30,,74354,21,0,15 16,2,70,,74341,21,0,15 16,1,30,,74325,21,0,15 16,2,73,,74337,21,,,2,33,,74339,21,0,15 16,1,58,,74331,14,0,15 16,1,19,,74342,21,,,1,13,,74336,14,0,15 16,1,18,,74346,21,,,1,65,,74348,21,0,15 16,1,30,,74329,21,,,1,64,,74327,21,0,15 16,1,28,,74356,21,,,1,66,,74344,21,0,15 16,1,30,,74334,14,0,15 16,1,70,,74335,21,,,1,100,,74349,21,,,1,100,,74353,21,,,1,100,,74326,21,0,15 16,1
72500,'Semaine-0',1622,,65874,11,0,5 11,1
72500,'Semaine-10',1622,,73804,11,0,5 11,1
72500,'Semaine-11',1622,,76335,11,0,5 11,1
82500,'Semaine-0',1525,,65963,5,0,9 12 13,1
82500,'Semaine-10',1525,,73893,5,0,9 12 13,1
82500,'Semaine-11',1525,,76425,5,0,9 12 13,1
