2701,'Semaine-0',607,,63511,1,,,1,43,,63512,1,,,1,91,,63509,1,,,1,66,,63510,1,,,2
2701,'Semaine-10',607,,71441,1,,,1,43,,71442,1,,,1,91,,71439,1,,,1,66,,71440,1,,,2
2701,'Semaine-11',607,,73972,1,,,1,43,,73973,1,,,1,91,,73970,1,,,1,66,,73971,1,,,2
3501,'Semaine-0',644,,63927,1,,,1,75,,63920,1,,,1
3501,'Semaine-10',644,,71857,1,,,1,75,,71850,1,,,1
3501,'Semaine-11',644,,74388,1,,,1,75,,74381,1,,,1
33101,'Semaine-0',1631,,65577,22,0,7 8,1
33101,'Semaine-10',1631,,73507,22,0,7 8,1
33101,'Semaine-11',1631,,76038,22,0,7 8,1
43301,'Semaine-0',735,,65831,17,0,9 14,1
43301,'Semaine-10',735,,73761,17,0,9 14,1
43301,'Semaine-11',735,,76292,17,0,9 14,1
82701,'Semaine-0',745,,65971,1,0,9 12 13,2
82701,'Semaine-10',745,,73901,1,0,9 12 13,2
82701,'Semaine-11',745,,76433,1,0,9 12 13,2
