1800,'Semaine-0',1300,,63459,18,,,1,237,,63458,18,,,2,103,,63461,18,,,1,67,,63460,18,,,1
1800,'Semaine-10',1300,,71389,18,,,1,237,,71388,18,,,2,103,,71391,18,,,1,67,,71390,18,,,1
1800,'Semaine-11',1300,,73920,18,,,1,237,,73919,18,,,2,103,,73922,18,,,1,67,,73921,18,,,1
9300,'Semaine-0',1512,,65405,7,,,2,20,,65408,7,,,1,20,,65404,7,,,2,60,,65407,7,,,1,30,,65406,7,,,2,69,,65402,7,,,1,30,,65403,7,,,1
9300,'Semaine-10',1512,,73335,7,,,2,20,,73338,7,,,1,20,,73334,7,,,2,60,,73337,7,,,1,30,,73336,7,,,2,69,,73332,7,,,1,30,,73333,7,,,1
9300,'Semaine-11',1512,,75866,7,,,2,20,,75869,7,,,1,20,,75865,7,,,2,60,,75868,7,,,1,30,,75867,7,,,2,69,,75863,7,,,1,30,,75864,7,,,1
9500,'Semaine-0',1451,,65421,7,,,1,56,,65424,7,,,2,15,,65420,7,,,2,16,,65415,7,,,2,15,,65419,7,,,2,55,,65416,7,,,1,15,,65417,7,,,1,18,,65422,7,,,2,62,,65423,7,,,2,32,,65418,7,,,1
9500,'Semaine-10',1451,,73351,7,,,1,56,,73354,7,,,2,15,,73350,7,,,2,16,,73345,7,,,2,15,,73349,7,,,2,55,,73346,7,,,1,15,,73347,7,,,1,18,,73352,7,,,2,62,,73353,7,,,2,32,,73348,7,,,1
9500,'Semaine-11',1451,,75882,7,,,1,56,,75885,7,,,2,15,,75881,7,,,2,16,,75876,7,,,2,15,,75880,7,,,2,55,,75877,7,,,1,15,,75878,7,,,1,18,,75883,7,,,2,62,,75884,7,,,2,32,,75879,7,,,1
10000,'Semaine-0',1525,,65486,14,,,1,9,,65488,14,,,1,11,,65473,14,,,1,8,,65474,14,,,1,47,,65475,14,,,1,9,,65487,14,,,1,8,,65476,14,,,1,10,,65477,14,,,1,9,,65478,14,,,1,10,,65479,14,,,1,10,,65480,14,,,1,49,,65481,14,,,1,12,,65482,14,,,1,10,,65483,14,,,1,8,,65484,14,,,1,12,,65485,14,,,1
10000,'Semaine-10',1525,,73416,14,,,1,9,,73418,14,,,1,11,,73403,14,,,1,8,,73404,14,,,1,47,,73405,14,,,1,9,,73417,14,,,1,8,,73406,14,,,1,10,,73407,14,,,1,9,,73408,14,,,1,10,,73409,14,,,1,10,,73410,14,,,1,49,,73411,14,,,1,12,,73412,14,,,1,10,,73413,14,,,1,8,,73414,14,,,1,12,,73415,14,,,1
10000,'Semaine-11',1525,,75947,14,,,1,9,,75949,14,,,1,11,,75934,14,,,1,8,,75935,14,,,1,47,,75936,14,,,1,9,,75948,14,,,1,8,,75937,14,,,1,10,,75938,14,,,1,9,,75939,14,,,1,10,,75940,14,,,1,10,,75941,14,,,1,49,,75942,14,,,1,12,,75943,14,,,1,10,,75944,14,,,1,8,,75945,14,,,1,12,,75946,14,,,1
20000,'Semaine-0',1525,,65504,10,,,1,5,,65505,10,,,1,8,,65528,10,,,1,5,,65506,10,,,1,5,,65507,10,,,1,5,,65533,10,,,1,5,,65508,10,,,1,45,,65510,10,,,1,5,,65511,10,,,1,5,,65512,10,,,1,5,,65514,10,,,1,5,,65515,10,,,1,5,,65509,10,,,1,5,,65532,10,,,1,5,,65513,10,,,1,7,,65516,10,,,1,4,,65517,10,,,1,5,,65518,10,,,1,4,,65519,10,,,1,45,,65531,10,,,1,5,,65520,10,,,1,5,,65529,10,,,1,5,,65521,10,,,1,5,,65522,10,,,1,5,,65524,10,,,1,5,,65523,10,,,1,5,,65525,10,,,1,3,,65526,10,,,1,5,,65527,10,,,1,5,,65530,10,,,1
20000,'Semaine-10',1525,,73434,10,,,1,5,,73435,10,,,1,8,,73458,10,,,1,5,,73436,10,,,1,5,,73437,10,,,1,5,,73463,10,,,1,5,,73438,10,,,1,45,,73440,10,,,1,5,,73441,10,,,1,5,,73442,10,,,1,5,,73444,10,,,1,5,,73445,10,,,1,5,,73439,10,,,1,5,,73462,10,,,1,5,,73443,10,,,1,7,,73446,10,,,1,4,,73447,10,,,1,5,,73448,10,,,1,4,,73449,10,,,1,45,,73461,10,,,1,5,,73450,10,,,1,5,,73459,10,,,1,5,,73451,10,,,1,5,,73452,10,,,1,5,,73454,10,,,1,5,,73453,10,,,1,5,,73455,10,,,1,3,,73456,10,,,1,5,,73457,10,,,1,5,,73460,10,,,1
20000,'Semaine-11',1525,,75965,10,,,1,5,,75966,10,,,1,8,,75989,10,,,1,5,,75967,10,,,1,5,,75968,10,,,1,5,,75994,10,,,1,5,,75969,10,,,1,45,,75971,10,,,1,5,,75972,10,,,1,5,,75973,10,,,1,5,,75975,10,,,1,5,,75976,10,,,1,5,,75970,10,,,1,5,,75993,10,,,1,5,,75974,10,,,1,7,,75977,10,,,1,4,,75978,10,,,1,5,,75979,10,,,1,4,,75980,10,,,1,45,,75992,10,,,1,5,,75981,10,,,1,5,,75990,10,,,1,5,,75982,10,,,1,5,,75983,10,,,1,5,,75985,10,,,1,5,,75984,10,,,1,5,,75986,10,,,1,3,,75987,10,,,1,5,,75988,10,,,1,5,,75991,10,,,1
40000,'Samedi-0',617,,67785,14,,,1,20,,67786,14,,,1,15,,67789,14,,,1,55,,67794,14,,,1,15,,67803,14,,,1,15,,67804,14,,,1,15,,67787,14,,,1,55,,67791,14,,,1,15,,67788,14,,,1,15,,67812,14,,,1,15,,67790,14,,,1,55,,67793,14,,,1,15,,67792,14,,,1,15,,67795,14,,,1,15,,67813,14,,,1,55,,67811,14,,,1,15,,67814,14,,,1,15,,67796,14,,,1,15,,67798,14,,,1,55,,67801,14,,,1,15,,67802,14,,,1,15,,67797,14,,,1,15,,67808,14,,,1,55,,67810,14,,,1,15,,67815,14,,,1,15,,67800,14,,,1,15,,67799,14,,,1,55,,67805,14,,,1,16,,67806,14,,,1,15,,67807,14,,,1,15,,67816,14,,,1,55,,67809,14,,,1,15,,67817,14,,,1,15,,67818,14,,,1,15,,67819,14,,,1,55,,67820,14,,,1,15,,67821,14,,,1,15,,67822,14,,,1,15,,67823,14,,,1,55,,67824,14,,,1,15,,67825,14,,,1,15,,67826,14,,,1,15,,67827,14,,,1,55,,67828,14,,,1,15,,67829,14,,,1,15,,67830,14,,,1,15,,67831,14,,,1,55,,67832,14,,,1,15,,67838,14,,,1,15,,67833,14,,,1,15,,67834,14,,,1,55,,67835,14,,,1,14,,67836,14,,,1,16,,67837,14,,,1,14,,67841,14,,,1,55,,67839,14,,,1,15,,67840,14,,,1,15,,67845,14,,,1,15,,67844,14,,,1,56,,67843,14,,,1,14,,67842,14,,,1,16,,67849,14,,,1,14,,67846,14,,,1,55,,67847,14,,,1,15,,67848,14,,,1,15,,67856,14,,,1,16,,67851,14,,,1,55,,67850,14,,,1,13,,67852,14,,,1,16,,67853,14,,,1,13,,67854,14,,,1,56,,67855,14,,,1,12,,67857,14,,,1
40000,'Samedi-10',617,,77349,14,,,1,20,,77350,14,,,1,15,,77353,14,,,1,55,,77358,14,,,1,15,,77367,14,,,1,15,,77368,14,,,1,15,,77351,14,,,1,55,,77355,14,,,1,15,,77352,14,,,1,15,,77376,14,,,1,15,,77354,14,,,1,55,,77357,14,,,1,15,,77356,14,,,1,15,,77359,14,,,1,15,,77377,14,,,1,55,,77375,14,,,1,15,,77378,14,,,1,15,,77360,14,,,1,15,,77362,14,,,1,55,,77365,14,,,1,15,,77366,14,,,1,15,,77361,14,,,1,15,,77372,14,,,1,55,,77374,14,,,1,15,,77379,14,,,1,15,,77364,14,,,1,15,,77363,14,,,1,55,,77369,14,,,1,16,,77370,14,,,1,15,,77371,14,,,1,15,,77380,14,,,1,55,,77373,14,,,1,15,,77381,14,,,1,15,,77382,14,,,1,15,,77383,14,,,1,55,,77384,14,,,1,15,,77385,14,,,1,15,,77386,14,,,1,15,,77387,14,,,1,55,,77388,14,,,1,15,,77389,14,,,1,15,,77390,14,,,1,15,,77391,14,,,1,55,,77392,14,,,1,15,,77393,14,,,1,15,,77394,14,,,1,15,,77395,14,,,1,55,,77396,14,,,1,15,,77402,14,,,1,15,,77397,14,,,1,15,,77398,14,,,1,55,,77399,14,,,1,14,,77400,14,,,1,16,,77401,14,,,1,14,,77405,14,,,1,55,,77403,14,,,1,15,,77404,14,,,1,15,,77409,14,,,1,15,,77408,14,,,1,56,,77407,14,,,1,14,,77406,14,,,1,16,,77413,14,,,1,14,,77410,14,,,1,55,,77411,14,,,1,15,,77412,14,,,1,15,,77420,14,,,1,16,,77415,14,,,1,55,,77414,14,,,1,13,,77416,14,,,1,16,,77417,14,,,1,13,,77418,14,,,1,56,,77419,14,,,1,12,,77421,14,,,1
40000,'Samedi-11',617,,71204,14,,,1,20,,71205,14,,,1,15,,71208,14,,,1,55,,71213,14,,,1,15,,71222,14,,,1,15,,71223,14,,,1,15,,71206,14,,,1,55,,71210,14,,,1,15,,71207,14,,,1,15,,71231,14,,,1,15,,71209,14,,,1,55,,71212,14,,,1,15,,71211,14,,,1,15,,71214,14,,,1,15,,71232,14,,,1,55,,71230,14,,,1,15,,71233,14,,,1,15,,71215,14,,,1,15,,71217,14,,,1,55,,71220,14,,,1,15,,71221,14,,,1,15,,71216,14,,,1,15,,71227,14,,,1,55,,71229,14,,,1,15,,71234,14,,,1,15,,71219,14,,,1,15,,71218,14,,,1,55,,71224,14,,,1,16,,71225,14,,,1,15,,71226,14,,,1,15,,71235,14,,,1,55,,71228,14,,,1,15,,71236,14,,,1,15,,71237,14,,,1,15,,71238,14,,,1,55,,71239,14,,,1,15,,71240,14,,,1,15,,71241,14,,,1,15,,71242,14,,,1,55,,71243,14,,,1,15,,71244,14,,,1,15,,71245,14,,,1,15,,71246,14,,,1,55,,71247,14,,,1,15,,71248,14,,,1,15,,71249,14,,,1,15,,71250,14,,,1,55,,71251,14,,,1,15,,71257,14,,,1,15,,71252,14,,,1,15,,71253,14,,,1,55,,71254,14,,,1,14,,71255,14,,,1,16,,71256,14,,,1,14,,71260,14,,,1,55,,71258,14,,,1,15,,71259,14,,,1,15,,71264,14,,,1,15,,71263,14,,,1,56,,71262,14,,,1,14,,71261,14,,,1,16,,71268,14,,,1,14,,71265,14,,,1,55,,71266,14,,,1,15,,71267,14,,,1,15,,71275,14,,,1,16,,71270,14,,,1,55,,71269,14,,,1,13,,71271,14,,,1,16,,71272,14,,,1,13,,71273,14,,,1,56,,71274,14,,,1,12,,71276,14,,,1
40000,'Dimanche-0',617,,69046,14,,,1,20,,69047,14,,,1,15,,69055,14,,,1,55,,69067,14,,,1,15,,69069,14,,,1,15,,69050,14,,,1,15,,69057,14,,,1,55,,69056,14,,,1,15,,69048,14,,,1,15,,69049,14,,,1,15,,69058,14,,,1,55,,69066,14,,,1,15,,69068,14,,,1,15,,69051,14,,,1,15,,69061,14,,,1,55,,69060,14,,,1,15,,69075,14,,,1,15,,69076,14,,,1,15,,69072,14,,,1,55,,69087,14,,,1,15,,69080,14,,,1,15,,69071,14,,,1,15,,69086,14,,,1,55,,69059,14,,,1,15,,69074,14,,,1,15,,69077,14,,,1,15,,69065,14,,,1,55,,69088,14,,,1,16,,69081,14,,,1,15,,69062,14,,,1,15,,69070,14,,,1,55,,69063,14,,,1,15,,69073,14,,,1,15,,69082,14,,,1,15,,69064,14,,,1,55,,69052,14,,,1,15,,69078,14,,,1,15,,69053,14,,,1,15,,69085,14,,,1,55,,69054,14,,,1,15,,69094,14,,,1,15,,69083,14,,,1,15,,69098,14,,,1,55,,69092,14,,,1,15,,69079,14,,,1,15,,69096,14,,,1,15,,69084,14,,,1,55,,69100,14,,,1,15,,69093,14,,,1,15,,69101,14,,,1,15,,69097,14,,,1,55,,69102,14,,,1,14,,69089,14,,,1,16,,69095,14,,,1,14,,69090,14,,,1,55,,69099,14,,,1,15,,69091,14,,,1,15,,69103,14,,,1,15,,69104,14,,,1,56,,69106,14,,,1,14,,69105,14,,,1,16,,69108,14,,,1,14,,69107,14,,,1,55,,69109,14,,,1,15,,69110,14,,,1,15,,69115,14,,,1,16,,69111,14,,,1,55,,69113,14,,,1,13,,69112,14,,,1,16,,69114,14,,,1,13,,69117,14,,,1,56,,69116,14,,,1,12,,69118,14,,,1
40000,'Dimanche-10',617,,70125,14,,,1,20,,70126,14,,,1,15,,70134,14,,,1,55,,70146,14,,,1,15,,70148,14,,,1,15,,70129,14,,,1,15,,70136,14,,,1,55,,70135,14,,,1,15,,70127,14,,,1,15,,70128,14,,,1,15,,70137,14,,,1,55,,70145,14,,,1,15,,70147,14,,,1,15,,70130,14,,,1,15,,70140,14,,,1,55,,70139,14,,,1,15,,70154,14,,,1,15,,70155,14,,,1,15,,70151,14,,,1,55,,70166,14,,,1,15,,70159,14,,,1,15,,70150,14,,,1,15,,70165,14,,,1,55,,70138,14,,,1,15,,70153,14,,,1,15,,70156,14,,,1,15,,70144,14,,,1,55,,70167,14,,,1,16,,70160,14,,,1,15,,70141,14,,,1,15,,70149,14,,,1,55,,70142,14,,,1,15,,70152,14,,,1,15,,70161,14,,,1,15,,70143,14,,,1,55,,70131,14,,,1,15,,70157,14,,,1,15,,70132,14,,,1,15,,70164,14,,,1,55,,70133,14,,,1,15,,70173,14,,,1,15,,70162,14,,,1,15,,70177,14,,,1,55,,70171,14,,,1,15,,70158,14,,,1,15,,70175,14,,,1,15,,70163,14,,,1,55,,70179,14,,,1,15,,70172,14,,,1,15,,70180,14,,,1,15,,70176,14,,,1,55,,70181,14,,,1,14,,70168,14,,,1,16,,70174,14,,,1,14,,70169,14,,,1,55,,70178,14,,,1,15,,70170,14,,,1,15,,70182,14,,,1,15,,70183,14,,,1,56,,70185,14,,,1,14,,70184,14,,,1,16,,70187,14,,,1,14,,70186,14,,,1,55,,70188,14,,,1,15,,70189,14,,,1,15,,70194,14,,,1,16,,70190,14,,,1,55,,70192,14,,,1,13,,70191,14,,,1,16,,70193,14,,,1,13,,70196,14,,,1,56,,70195,14,,,1,12,,70197,14,,,1
40000,'Dimanche-11',617,,67858,14,,,1,20,,67859,14,,,1,15,,67867,14,,,1,55,,67879,14,,,1,15,,67881,14,,,1,15,,67862,14,,,1,15,,67869,14,,,1,55,,67868,14,,,1,15,,67860,14,,,1,15,,67861,14,,,1,15,,67870,14,,,1,55,,67878,14,,,1,15,,67880,14,,,1,15,,67863,14,,,1,15,,67873,14,,,1,55,,67872,14,,,1,15,,67887,14,,,1,15,,67888,14,,,1,15,,67884,14,,,1,55,,67899,14,,,1,15,,67892,14,,,1,15,,67883,14,,,1,15,,67898,14,,,1,55,,67871,14,,,1,15,,67886,14,,,1,15,,67889,14,,,1,15,,67877,14,,,1,55,,67900,14,,,1,16,,67893,14,,,1,15,,67874,14,,,1,15,,67882,14,,,1,55,,67875,14,,,1,15,,67885,14,,,1,15,,67894,14,,,1,15,,67876,14,,,1,55,,67864,14,,,1,15,,67890,14,,,1,15,,67865,14,,,1,15,,67897,14,,,1,55,,67866,14,,,1,15,,67906,14,,,1,15,,67895,14,,,1,15,,67910,14,,,1,55,,67904,14,,,1,15,,67891,14,,,1,15,,67908,14,,,1,15,,67896,14,,,1,55,,67912,14,,,1,15,,67905,14,,,1,15,,67913,14,,,1,15,,67909,14,,,1,55,,67914,14,,,1,14,,67901,14,,,1,16,,67907,14,,,1,14,,67902,14,,,1,55,,67911,14,,,1,15,,67903,14,,,1,15,,67915,14,,,1,15,,67916,14,,,1,56,,67918,14,,,1,14,,67917,14,,,1,16,,67920,14,,,1,14,,67919,14,,,1,55,,67921,14,,,1,15,,67922,14,,,1,15,,67927,14,,,1,16,,67923,14,,,1,55,,67925,14,,,1,13,,67924,14,,,1,16,,67926,14,,,1,13,,67929,14,,,1,56,,67928,14,,,1,12,,67930,14,,,1
40000,'Semaine-0',552,,65630,14,,,1,55,,65636,14,,,1,15,,65659,14,,,1,14,,65674,14,,,1,16,,65664,14,,,1,57,,65722,14,,,1,9,,65694,14,,,1,10,,65646,14,,,1,10,,65693,14,,,1,18,,65688,14,,,1,53,,65689,14,,,1,10,,65644,14,,,1,12,,65666,14,,,1,12,,65668,14,,,1,12,,65715,14,,,1,51,,65685,14,,,1,11,,65639,14,,,1,13,,65648,14,,,1,9,,65634,14,,,1,9,,65637,14,,,1,10,,65690,14,,,1,50,,65656,14,,,1,10,,65669,14,,,1,10,,65662,14,,,1,10,,65663,14,,,1,10,,65695,14,,,1,10,,65675,14,,,1,50,,65686,14,,,1,11,,65640,14,,,1,9,,65649,14,,,1,10,,65638,14,,,1,11,,65716,14,,,1,9,,65691,14,,,1,50,,65657,14,,,1,10,,65670,14,,,1,11,,65661,14,,,1,10,,65653,14,,,1,9,,65682,14,,,1,11,,65665,14,,,1,44,,65676,14,,,1,5,,65687,14,,,1,11,,65641,14,,,1,10,,65651,14,,,1,10,,65643,14,,,1,10,,65633,14,,,1,10,,65692,14,,,1,50,,65673,14,,,1,10,,65671,14,,,1,7,,65683,14,,,1,6,,65660,14,,,1,7,,65652,14,,,1,6,,65700,14,,,1,6,,65701,14,,,1,4,,65702,14,,,1,47,,65703,14,,,1,2,,65704,14,,,1,10,,65714,14,,,1,5,,65720,14,,,1,2,,65705,14,,,1,235,,65706,14,,,1,45,,65707,14,,,1,5,,65708,14,,,1,5,,65709,14,,,1,5,,65721,14,,,1,5,,65710,14,,,1,6,,65711,14,,,1,8,,65712,14,,,1,12,,65713,14,,,1,12,,65677,14,,,1,52,,65678,14,,,1,11,,65672,14,,,1,12,,65698,14,,,1,12,,65681,14,,,1,12,,65667,14,,,1,52,,65645,14,,,1,12,,65717,14,,,1,12,,65650,14,,,1,13,,65718,14,,,1,11,,65658,14,,,1,52,,65679,14,,,1,12,,65719,14,,,1,14,,65655,14,,,1,14,,65699,14,,,1,55,,65697,14,,,1,15,,65642,14,,,1,15,,65631,14,,,1,15,,65647,14,,,1,53,,65680,14,,,1,15,,65654,14,,,1,15,,65684,14,,,1,15,,65696,14,,,1,55,,65635,14,,,1,15,,65632,14,,,1
40000,'Semaine-10',552,,73560,14,,,1,55,,73566,14,,,1,15,,73589,14,,,1,14,,73604,14,,,1,16,,73594,14,,,1,57,,73652,14,,,1,9,,73624,14,,,1,10,,73576,14,,,1,10,,73623,14,,,1,18,,73618,14,,,1,53,,73619,14,,,1,10,,73574,14,,,1,12,,73596,14,,,1,12,,73598,14,,,1,12,,73645,14,,,1,51,,73615,14,,,1,11,,73569,14,,,1,13,,73578,14,,,1,9,,73564,14,,,1,9,,73567,14,,,1,10,,73620,14,,,1,50,,73586,14,,,1,10,,73599,14,,,1,10,,73592,14,,,1,10,,73593,14,,,1,10,,73625,14,,,1,10,,73605,14,,,1,50,,73616,14,,,1,11,,73570,14,,,1,9,,73579,14,,,1,10,,73568,14,,,1,11,,73646,14,,,1,9,,73621,14,,,1,50,,73587,14,,,1,10,,73600,14,,,1,11,,73591,14,,,1,10,,73583,14,,,1,9,,73612,14,,,1,11,,73595,14,,,1,44,,73606,14,,,1,5,,73617,14,,,1,11,,73571,14,,,1,10,,73581,14,,,1,10,,73573,14,,,1,10,,73563,14,,,1,10,,73622,14,,,1,50,,73603,14,,,1,10,,73601,14,,,1,7,,73613,14,,,1,6,,73590,14,,,1,7,,73582,14,,,1,6,,73630,14,,,1,6,,73631,14,,,1,4,,73632,14,,,1,47,,73633,14,,,1,2,,73634,14,,,1,10,,73644,14,,,1,5,,73650,14,,,1,2,,73635,14,,,1,235,,73636,14,,,1,45,,73637,14,,,1,5,,73638,14,,,1,5,,73639,14,,,1,5,,73651,14,,,1,5,,73640,14,,,1,6,,73641,14,,,1,8,,73642,14,,,1,12,,73643,14,,,1,12,,73607,14,,,1,52,,73608,14,,,1,11,,73602,14,,,1,12,,73628,14,,,1,12,,73611,14,,,1,12,,73597,14,,,1,52,,73575,14,,,1,12,,73647,14,,,1,12,,73580,14,,,1,13,,73648,14,,,1,11,,73588,14,,,1,52,,73609,14,,,1,12,,73649,14,,,1,14,,73585,14,,,1,14,,73629,14,,,1,55,,73627,14,,,1,15,,73572,14,,,1,15,,73561,14,,,1,15,,73577,14,,,1,53,,73610,14,,,1,15,,73584,14,,,1,15,,73614,14,,,1,15,,73626,14,,,1,55,,73565,14,,,1,15,,73562,14,,,1
40000,'Semaine-11',552,,76091,14,,,1,55,,76097,14,,,1,15,,76120,14,,,1,14,,76135,14,,,1,16,,76125,14,,,1,57,,76183,14,,,1,9,,76155,14,,,1,10,,76107,14,,,1,10,,76154,14,,,1,18,,76149,14,,,1,53,,76150,14,,,1,10,,76105,14,,,1,12,,76127,14,,,1,12,,76129,14,,,1,12,,76176,14,,,1,51,,76146,14,,,1,11,,76100,14,,,1,13,,76109,14,,,1,9,,76095,14,,,1,9,,76098,14,,,1,10,,76151,14,,,1,50,,76117,14,,,1,10,,76130,14,,,1,10,,76123,14,,,1,10,,76124,14,,,1,10,,76156,14,,,1,10,,76136,14,,,1,50,,76147,14,,,1,11,,76101,14,,,1,9,,76110,14,,,1,10,,76099,14,,,1,11,,76177,14,,,1,9,,76152,14,,,1,50,,76118,14,,,1,10,,76131,14,,,1,11,,76122,14,,,1,10,,76114,14,,,1,9,,76143,14,,,1,11,,76126,14,,,1,44,,76137,14,,,1,5,,76148,14,,,1,11,,76102,14,,,1,10,,76112,14,,,1,10,,76104,14,,,1,10,,76094,14,,,1,10,,76153,14,,,1,50,,76134,14,,,1,10,,76132,14,,,1,7,,76144,14,,,1,6,,76121,14,,,1,7,,76113,14,,,1,6,,76161,14,,,1,6,,76162,14,,,1,4,,76163,14,,,1,47,,76164,14,,,1,2,,76165,14,,,1,10,,76175,14,,,1,5,,76181,14,,,1,2,,76166,14,,,1,235,,76167,14,,,1,45,,76168,14,,,1,5,,76169,14,,,1,5,,76170,14,,,1,5,,76182,14,,,1,5,,76171,14,,,1,6,,76172,14,,,1,8,,76173,14,,,1,12,,76174,14,,,1,12,,76138,14,,,1,52,,76139,14,,,1,11,,76133,14,,,1,12,,76159,14,,,1,12,,76142,14,,,1,12,,76128,14,,,1,52,,76106,14,,,1,12,,76178,14,,,1,12,,76111,14,,,1,13,,76179,14,,,1,11,,76119,14,,,1,52,,76140,14,,,1,12,,76180,14,,,1,14,,76116,14,,,1,14,,76160,14,,,1,55,,76158,14,,,1,15,,76103,14,,,1,15,,76092,14,,,1,15,,76108,14,,,1,53,,76141,14,,,1,15,,76115,14,,,1,15,,76145,14,,,1,15,,76157,14,,,1,55,,76096,14,,,1,15,,76093,14,,,1
80000,'Samedi-0',742,,68077,47,,,1,104,,68078,47,,,1,98,,68079,47,,,1,102,,68081,47,,,1,100,,68082,47,,,1,100,,68080,47,,,1,100,,68083,47,,,1,101,,68084,47,,,1,100,,68085,47,,,1,100,,68086,47,,,1,97,,68087,47,,,2,100,,68088,47,,,1,100,,68091,47,,,1,99,,68089,47,,,1,100,,68090,47,,,1,98,,68092,47,,,1,100,,68093,47,,,1
80000,'Samedi-10',742,,77495,47,,,1,104,,77496,47,,,1,98,,77497,47,,,1,102,,77499,47,,,1,100,,77500,47,,,1,100,,77498,47,,,1,100,,77501,47,,,1,101,,77502,47,,,1,100,,77503,47,,,1,100,,77504,47,,,1,97,,77505,47,,,2,100,,77506,47,,,1,100,,77509,47,,,1,99,,77507,47,,,1,100,,77508,47,,,1,98,,77510,47,,,1,100,,77511,47,,,1
80000,'Samedi-11',742,,71350,47,,,1,104,,71351,47,,,1,98,,71352,47,,,1,102,,71354,47,,,1,100,,71355,47,,,1,100,,71353,47,,,1,100,,71356,47,,,1,101,,71357,47,,,1,100,,71358,47,,,1,100,,71359,47,,,1,97,,71360,47,,,2,100,,71361,47,,,1,100,,71364,47,,,1,99,,71362,47,,,1,100,,71363,47,,,1,98,,71365,47,,,1,100,,71366,47,,,1
80000,'Dimanche-0',742,,69194,47,,,1,104,,69193,47,,,1,98,,69199,47,,,1,102,,69192,47,,,1,100,,69196,47,,,1,100,,69195,47,,,1,100,,69197,47,,,1,101,,69198,47,,,1,100,,69202,47,,,1,100,,69200,47,,,1,97,,69201,47,,,2,100,,69205,47,,,1,100,,69204,47,,,1,99,,69203,47,,,1,100,,69206,47,,,1,98,,69207,47,,,1,100,,69208,47,,,1
80000,'Dimanche-10',742,,70273,47,,,1,104,,70272,47,,,1,98,,70278,47,,,1,102,,70271,47,,,1,100,,70275,47,,,1,100,,70274,47,,,1,100,,70276,47,,,1,101,,70277,47,,,1,100,,70281,47,,,1,100,,70279,47,,,1,97,,70280,47,,,2,100,,70284,47,,,1,100,,70283,47,,,1,99,,70282,47,,,1,100,,70285,47,,,1,98,,70286,47,,,1,100,,70287,47,,,1
80000,'Dimanche-11',742,,68096,47,,,1,104,,68095,47,,,1,98,,68101,47,,,1,102,,68094,47,,,1,100,,68098,47,,,1,100,,68097,47,,,1,100,,68099,47,,,1,101,,68100,47,,,1,100,,68104,47,,,1,100,,68102,47,,,1,97,,68103,47,,,2,100,,68107,47,,,1,100,,68106,47,,,1,99,,68105,47,,,1,100,,68108,47,,,1,98,,68109,47,,,1,100,,68110,47,,,1
80000,'Semaine-0',620,,65923,46,,,1,32,,65909,46,,,1,71,,65899,46,,,1,15,,65898,46,,,1,17,,65919,46,,,1,70,,65910,46,,,1,18,,65896,46,,,1,68,,65915,46,,,1,29,,65900,47,,,1,70,,65917,47,,,1,31,,65912,47,,,1,69,,65926,47,,,1,30,,65893,47,,,1,70,,65914,47,,,1,30,,65904,47,,,1,69,,65920,47,,,1,31,,65913,47,,,1,70,,65924,47,,,1,32,,65903,47,,,1,68,,65918,47,,,1,35,,65916,47,,,1,72,,65905,47,,,1,32,,65921,47,,,1,67,,65894,47,,,1,30,,65911,47,,,1,69,,65908,47,,,1,28,,65922,47,,,1,67,,65907,47,,,1,31,,65901,47,,,1,69,,65895,47,,,1,31,,65925,47,,,1,69,,65906,47,,,1,25,,65902,47,,,1,70,,65892,47,,,1,29,,65897,47,,,1,70,,65891,47,,,1
80000,'Semaine-10',620,,73853,46,,,1,32,,73839,46,,,1,71,,73829,46,,,1,15,,73828,46,,,1,17,,73849,46,,,1,70,,73840,46,,,1,18,,73826,46,,,1,68,,73845,46,,,1,29,,73830,47,,,1,70,,73847,47,,,1,31,,73842,47,,,1,69,,73856,47,,,1,30,,73823,47,,,1,70,,73844,47,,,1,30,,73834,47,,,1,69,,73850,47,,,1,31,,73843,47,,,1,70,,73854,47,,,1,32,,73833,47,,,1,68,,73848,47,,,1,35,,73846,47,,,1,72,,73835,47,,,1,32,,73851,47,,,1,67,,73824,47,,,1,30,,73841,47,,,1,69,,73838,47,,,1,28,,73852,47,,,1,67,,73837,47,,,1,31,,73831,47,,,1,69,,73825,47,,,1,31,,73855,47,,,1,69,,73836,47,,,1,25,,73832,47,,,1,70,,73822,47,,,1,29,,73827,47,,,1,70,,73821,47,,,1
80000,'Semaine-11',620,,76384,46,,,1,32,,76370,46,,,1,71,,76360,46,,,1,15,,76359,46,,,1,17,,76380,46,,,1,70,,76371,46,,,1,18,,76357,46,,,1,68,,76376,46,,,1,29,,76361,47,,,1,70,,76378,47,,,1,31,,76373,47,,,1,69,,76387,47,,,1,30,,76354,47,,,1,70,,76375,47,,,1,30,,76365,47,,,1,69,,76381,47,,,1,31,,76374,47,,,1,70,,76385,47,,,1,32,,76364,47,,,1,68,,76379,47,,,1,35,,76377,47,,,1,72,,76366,47,,,1,32,,76382,47,,,1,67,,76355,47,,,1,30,,76372,47,,,1,69,,76369,47,,,1,28,,76383,47,,,1,67,,76368,47,,,1,31,,76362,47,,,1,69,,76356,47,,,1,31,,76386,47,,,1,69,,76367,47,,,1,25,,76363,47,,,1,70,,76353,47,,,1,29,,76358,47,,,1,70,,76352,47,,,1
