6901,'Samedi-0',818,,67329,17,,,1,100,,67330,17,,,1,100,,67331,17,,,1,100,,67332,17,,,1,100,,67334,17,,,1,100,,67333,17,,,1,100,,67335,17,,,1,100,,67336,17,,,1,100,,67337,17,,,1,100,,67338,17,,,1,100,,67339,17,,,1,100,,67340,17,,,1,100,,67341,17,,,1,100,,67342,17,,,1,100,,67343,17,,,1
6901,'Samedi-11',818,,70976,17,,,1,100,,70977,17,,,1,100,,70978,17,,,1,100,,70979,17,,,1,100,,70981,17,,,1,100,,70980,17,,,1,100,,70982,17,,,1,100,,70983,17,,,1,100,,70984,17,,,1,100,,70985,17,,,1,100,,70986,17,,,1,100,,70987,17,,,1,100,,70988,17,,,1,100,,70989,17,,,1,100,,70990,17,,,1
6901,'Dimanche-0',818,,68822,17,,,1,100,,68823,17,,,1,100,,68824,17,,,1,100,,68825,17,,,1,100,,68818,17,,,1,100,,68821,17,,,1,100,,68819,17,,,1,100,,68820,17,,,1,100,,68828,17,,,1,100,,68829,17,,,1,100,,68826,17,,,1,100,,68827,17,,,1,100,,68830,17,,,1,100,,68831,17,,,1,100,,68832,17,,,1
6901,'Dimanche-10',818,,69901,17,,,1,100,,69902,17,,,1,100,,69903,17,,,1,100,,69904,17,,,1,100,,69897,17,,,1,100,,69900,17,,,1,100,,69898,17,,,1,100,,69899,17,,,1,100,,69907,17,,,1,100,,69908,17,,,1,100,,69905,17,,,1,100,,69906,17,,,1,100,,69909,17,,,1,100,,69910,17,,,1,100,,69911,17,,,1
6901,'Dimanche-11',818,,67348,17,,,1,100,,67349,17,,,1,100,,67350,17,,,1,100,,67351,17,,,1,100,,67344,17,,,1,100,,67347,17,,,1,100,,67345,17,,,1,100,,67346,17,,,1,100,,67354,17,,,1,100,,67355,17,,,1,100,,67352,17,,,1,100,,67353,17,,,1,100,,67356,17,,,1,100,,67357,17,,,1,100,,67358,17,,,1
6901,'Semaine-0',551,,64958,17,,,1,70,,64959,17,,,1,30,,64960,17,,,2,70,,64961,17,,,1,36,,64962,17,,,1,60,,64963,17,,,1,28,,64964,17,,,1,58,,64965,17,,,1,103,,64966,17,,,1,99,,64967,17,,,2,101,,64968,17,,,2,95,,64969,17,,,2,104,,64970,17,,,1,101,,64971,17,,,1,99,,64972,17,,,2,103,,64973,17,,,2,101,,64974,17,,,1,37,,64975,17,,,1,100,,64976,17,,,1,100,,64977,17,,,2,100,,64978,17,,,2,100,,64979,17,,,2
6901,'Semaine-10',551,,72888,17,,,1,70,,72889,17,,,1,30,,72890,17,,,2,70,,72891,17,,,1,36,,72892,17,,,1,60,,72893,17,,,1,28,,72894,17,,,1,58,,72895,17,,,1,103,,72896,17,,,1,99,,72897,17,,,2,101,,72898,17,,,2,95,,72899,17,,,2,104,,72900,17,,,1,101,,72901,17,,,1,99,,72902,17,,,2,103,,72903,17,,,2,101,,72904,17,,,1,37,,72905,17,,,1,100,,72906,17,,,1,100,,72907,17,,,2,100,,72908,17,,,2,100,,72909,17,,,2
6901,'Semaine-11',551,,75419,17,,,1,70,,75420,17,,,1,30,,75421,17,,,2,70,,75422,17,,,1,36,,75423,17,,,1,60,,75424,17,,,1,28,,75425,17,,,1,58,,75426,17,,,1,103,,75427,17,,,1,99,,75428,17,,,2,101,,75429,17,,,2,95,,75430,17,,,2,104,,75431,17,,,1,101,,75432,17,,,1,99,,75433,17,,,2,103,,75434,17,,,2,101,,75435,17,,,1,37,,75436,17,,,1,100,,75437,17,,,1,100,,75438,17,,,2,100,,75439,17,,,2,100,,75440,17,,,2
56901,'Semaine-0',659,,65852,9,0,5 6,1
56901,'Semaine-10',659,,73782,9,0,5 6,1
56901,'Semaine-11',659,,76313,9,0,5 6,1
