4000,'Semaine-0',1530,,64155,22,,,1,70,,64151,22,,,2,35,,64154,22,,,1,67,,64153,22,,,1,28,,64152,22,,,1,29,,64156,22,,,1
4100,'Semaine-0',1541,,64164,22,,,1,71,,64166,22,,,1,35,,64165,22,,,2,64,,64163,22,,,1,29,,64167,22,,,1
4500,'Semaine-0',1516,,64182,22,,,1,35,,64177,22,,,1,70,,64178,22,,,1,32,,64180,22,,,1,67,,64181,22,,,1,26,,64179,22,,,2
4700,'Semaine-0',1538,,64189,22,,,1,102,,64190,22,,,1,96,,64191,22,,,2
5500,'Semaine-0',642,,64323,23,,,1,102,,64339,23,,,1,69,,64322,23,,,1,98,,64358,23,,,1,28,,64359,23,,,1,69,,64328,23,,,1,30,,64338,23,,,1,69,,64342,23,,,1,32,,64364,23,,,1,70,,64324,23,,,1,30,,64363,23,,,1,69,,64341,23,,,1,30,,64356,23,,,1,70,,64350,23,,,1,24,,64357,23,,,1,16,,64343,23,,,1,54,,64321,23,,,1,17,,64362,23,,,1,17,,64332,23,,,1,15,,64365,23,,,1,53,,64353,23,,,1,10,,64325,23,,,1,13,,64336,23,,,1,18,,64368,23,,,1,9,,64361,23,,,1,51,,64327,23,,,1,11,,64344,23,,,1,10,,64337,23,,,1,11,,64366,23,,,1,12,,64351,23,,,1,8,,64331,23,,,1,52,,64326,23,,,1,10,,64367,23,,,1,11,,64335,23,,,1,12,,64330,23,,,1,10,,64340,23,,,1,70,,64355,23,,,1,29,,64360,23,,,1,70,,64347,23,,,1,30,,64333,23,,,1,70,,64354,23,,,1,28,,64345,23,,,1,70,,64348,23,,,1,30,,64334,23,,,1,70,,64349,23,,,1,30,,64346,23,,,1,69,,64329,23,,,1,30,,64352,23,,,1
5601,'Semaine-0',1233,,64428,25,,,1,102,,64425,25,,,1,100,,64424,25,,,1,101,,64427,25,,,2,104,,64426,25,,,1,98,,64429,25,,,1,96,,64430,25,,,1
5800,'Semaine-0',824,,64435,10,,,1,398,,64436,10,,,1,300,,64438,10,,,1,31,,64433,10,,,1,71,,64434,10,,,1,29,,64437,10,,,1,69,,64432,10,,,2,30,,64431,10,,,1
5900,'Semaine-0',610,,64453,23,,,1,98,,64488,23,,,1,47,,64493,23,,,1,88,,64469,23,,,1,82,,64465,23,,,1,29,,64486,23,,,1,70,,64462,23,,,1,30,,64485,23,,,1,70,,64476,23,,,1,30,,64470,23,,,1,71,,64478,23,,,1,30,,64461,23,,,1,70,,64489,23,,,1,30,,64452,23,,,1,71,,64483,23,,,1,14,,64454,23,,,1,18,,64487,23,,,1,71,,64447,23,,,1,14,,64491,23,,,1,15,,64446,23,,,1,48,,64481,23,,,1,17,,64477,23,,,1,7,,64490,18,,,1,6,,64464,23,,,1,13,,64448,23,,,1,6,,64492,18,,,1,46,,64449,23,,,1,12,,64457,23,,,1,9,,64484,23,,,1,12,,64473,23,,,1,11,,64460,23,,,1,9,,64482,23,,,1,52,,64468,23,,,1,12,,64480,23,,,1,9,,64450,23,,,1,10,,64455,23,,,1,71,,64475,23,,,1,29,,64466,23,,,1,70,,64471,23,,,1,29,,64459,23,,,1,70,,64467,23,,,1,30,,64472,23,,,1,70,,64479,23,,,1,30,,64456,23,,,1,70,,64474,23,,,1,29,,64463,23,,,1,70,,64451,23,,,1,28,,64458,23,,,1
55401,'Semaine-0',1540,,65848,23,0,5 6,1
65500,'Semaine-0',724,,65872,16,0,9 10,1
74000,'Semaine-0',1633,,65881,17,0,5 11,1
80001,'Semaine-0',625,,65948,25,,,1,28,,65941,25,,,1,72,,65949,25,,,1,30,,65933,25,,,1,74,,65931,25,,,1,28,,65938,25,,,1,66,,65944,25,,,1,30,,65956,25,,,1,70,,65947,25,,,2,30,,65939,25,,,1,70,,65953,25,,,1,30,,65927,25,,,1,71,,65961,25,,,1,29,,65959,25,,,1,74,,65929,25,,,1,30,,65952,25,,,1,70,,65943,25,,,1,30,,65950,25,,,1,73,,65960,25,,,1,29,,65945,25,,,1,57,,65955,25,,,1,22,,65957,25,,,1,64,,65954,25,,,1,27,,65946,25,,,1,30,,65936,25,,,1,68,,65934,25,,,1,27,,65928,25,,,1,69,,65958,25,,,1,32,,65940,25,,,1,67,,65937,25,,,1,30,,65942,25,,,1,69,,65930,25,,,1,30,,65951,25,,,1,74,,65932,25,,,1,30,,65935,25,,,1
