4001,'Semaine-0',605,,64160,13,,,1,29,,64159,13,,,1,71,,64162,13,,,1,31,,64158,13,,,2,69,,64157,13,,,1,29,,64161,13,,,1
4001,'Semaine-10',605,,72090,13,,,1,29,,72089,13,,,1,71,,72092,13,,,1,31,,72088,13,,,2,69,,72087,13,,,1,29,,72091,13,,,1
4001,'Semaine-11',605,,74621,13,,,1,29,,74620,13,,,1,71,,74623,13,,,1,31,,74619,13,,,2,69,,74618,13,,,1,29,,74622,13,,,1
5000,'Semaine-0',639,,64273,14,,,1,61,,64271,14,,,1,31,,64274,14,,,2,70,,64270,14,,,1,109,,64275,14,,,1
5000,'Semaine-10',639,,72203,14,,,1,61,,72201,14,,,1,31,,72204,14,,,2,70,,72200,14,,,1,109,,72205,14,,,1
5000,'Semaine-11',639,,74734,14,,,1,61,,74732,14,,,1,31,,74735,14,,,2,70,,74731,14,,,1,109,,74736,14,,,1
5201,'Samedi-0',640,,66667,14,,,1,100,,66668,14,,,1,100,,66669,14,,,1,100,,66670,14,,,1,100,,66672,14,,,1,100,,66671,14,,,1,100,,66673,14,,,1,100,,66674,14,,,1,101,,66675,14,,,1,99,,66676,14,,,1,100,,66677,14,,,1,100,,66678,14,,,1,100,,66681,14,,,1,100,,66679,14,,,1,99,,66683,14,,,1,100,,66680,14,,,1,100,,66682,14,,,1,101,,66684,14,,,1
5201,'Samedi-10',640,,76790,14,,,1,100,,76791,14,,,1,100,,76792,14,,,1,100,,76793,14,,,1,100,,76795,14,,,1,100,,76794,14,,,1,100,,76796,14,,,1,100,,76797,14,,,1,101,,76798,14,,,1,99,,76799,14,,,1,100,,76800,14,,,1,100,,76801,14,,,1,100,,76804,14,,,1,100,,76802,14,,,1,99,,76806,14,,,1,100,,76803,14,,,1,100,,76805,14,,,1,101,,76807,14,,,1
5201,'Samedi-11',640,,70645,14,,,1,100,,70646,14,,,1,100,,70647,14,,,1,100,,70648,14,,,1,100,,70650,14,,,1,100,,70649,14,,,1,100,,70651,14,,,1,100,,70652,14,,,1,101,,70653,14,,,1,99,,70654,14,,,1,100,,70655,14,,,1,100,,70656,14,,,1,100,,70659,14,,,1,100,,70657,14,,,1,99,,70661,14,,,1,100,,70658,14,,,1,100,,70660,14,,,1,101,,70662,14,,,1
5201,'Dimanche-0',640,,68487,14,,,1,100,,68488,14,,,1,100,,68489,14,,,1,100,,68492,14,,,1,100,,68490,14,,,1,100,,68494,14,,,1,100,,68491,14,,,1,100,,68496,14,,,1,101,,68493,14,,,1,99,,68495,14,,,1,100,,68498,14,,,1,100,,68500,14,,,1,100,,68497,14,,,1,100,,68499,14,,,1,99,,68501,14,,,1,100,,68502,14,,,1,100,,68503,14,,,1,101,,68504,14,,,1
5201,'Dimanche-10',640,,69566,14,,,1,100,,69567,14,,,1,100,,69568,14,,,1,100,,69571,14,,,1,100,,69569,14,,,1,100,,69573,14,,,1,100,,69570,14,,,1,100,,69575,14,,,1,101,,69572,14,,,1,99,,69574,14,,,1,100,,69577,14,,,1,100,,69579,14,,,1,100,,69576,14,,,1,100,,69578,14,,,1,99,,69580,14,,,1,100,,69581,14,,,1,100,,69582,14,,,1,101,,69583,14,,,1
5201,'Dimanche-11',640,,66685,14,,,1,100,,66686,14,,,1,100,,66687,14,,,1,100,,66690,14,,,1,100,,66688,14,,,1,100,,66692,14,,,1,100,,66689,14,,,1,100,,66694,14,,,1,101,,66691,14,,,1,99,,66693,14,,,1,100,,66696,14,,,1,100,,66698,14,,,1,100,,66695,14,,,1,100,,66697,14,,,1,99,,66699,14,,,1,100,,66700,14,,,1,100,,66701,14,,,1,101,,66702,14,,,1
5201,'Semaine-0',611,,64312,14,,,1,100,,64314,14,,,1,103,,64313,14,,,1,97,,64297,14,,,1,101,,64303,14,,,1,99,,64300,14,,,1,100,,64307,14,,,1,100,,64298,14,,,1,99,,64302,14,,,1,102,,64301,14,,,1,100,,64311,14,,,1,100,,64310,14,,,1,99,,64304,14,,,1,99,,64305,14,,,1,100,,64309,14,,,1,100,,64306,14,,,1,100,,64308,14,,,1,100,,64299,14,,,2
5201,'Semaine-10',611,,72242,14,,,1,100,,72244,14,,,1,103,,72243,14,,,1,97,,72227,14,,,1,101,,72233,14,,,1,99,,72230,14,,,1,100,,72237,14,,,1,100,,72228,14,,,1,99,,72232,14,,,1,102,,72231,14,,,1,100,,72241,14,,,1,100,,72240,14,,,1,99,,72234,14,,,1,99,,72235,14,,,1,100,,72239,14,,,1,100,,72236,14,,,1,100,,72238,14,,,1,100,,72229,14,,,2
5201,'Semaine-11',611,,74773,14,,,1,100,,74775,14,,,1,103,,74774,14,,,1,97,,74758,14,,,1,101,,74764,14,,,1,99,,74761,14,,,1,100,,74768,14,,,1,100,,74759,14,,,1,99,,74763,14,,,1,102,,74762,14,,,1,100,,74772,14,,,1,100,,74771,14,,,1,99,,74765,14,,,1,99,,74766,14,,,1,100,,74770,14,,,1,100,,74767,14,,,1,100,,74769,14,,,1,100,,74760,14,,,2
55000,'Semaine-0',653,,65840,14,0,5 6,1,2,,65841,14,0,5 6,1
55000,'Semaine-10',653,,73770,14,0,5 6,1,2,,73771,14,0,5 6,1
55000,'Semaine-11',653,,76301,14,0,5 6,1,2,,76302,14,0,5 6,1
64001,'Semaine-0',721,,65862,14,0,9 10,1,2,,65863,14,0,9 10,1
64001,'Semaine-10',721,,73792,14,0,9 10,1,2,,73793,14,0,9 10,1
64001,'Semaine-11',721,,76323,14,0,9 10,1,2,,76324,14,0,9 10,1
74001,'Semaine-0',804,,65882,14,0,5 11,2,2,,65883,14,0,5 11,1
74001,'Semaine-10',804,,73812,14,0,5 11,2,2,,73813,14,0,5 11,1
74001,'Semaine-11',804,,76343,14,0,5 11,2,2,,76344,14,0,5 11,1
