9500,'Semaine-0',1527,,65421,29,,,1,17,,65424,29,,,2,15,,65420,29,,,2,58,,65415,29,,,2,15,,65419,29,,,2,16,,65416,29,,,1,55,,65417,29,,,1,18,,65422,29,,,2,21,,65423,29,,,2,67,,65418,29,,,1
9500,'Semaine-10',1527,,73351,29,,,1,17,,73354,29,,,2,15,,73350,29,,,2,58,,73345,29,,,2,15,,73349,29,,,2,16,,73346,29,,,1,55,,73347,29,,,1,18,,73352,29,,,2,21,,73353,29,,,2,67,,73348,29,,,1
9500,'Semaine-11',1527,,75882,29,,,1,17,,75885,29,,,2,15,,75881,29,,,2,58,,75876,29,,,2,15,,75880,29,,,2,16,,75877,29,,,1,55,,75878,29,,,1,18,,75883,29,,,2,21,,75884,29,,,2,67,,75879,29,,,1
9700,'Samedi-0',845,,67653,41,,,1,100,,67656,41,,,1,100,,67651,41,,,1,100,,67652,41,,,1,101,,67655,41,,,1,99,,67654,41,,,1,100,,67657,41,,,1,101,,67658,41,,,1,100,,67659,41,,,1,101,,67660,41,,,1,100,,67665,41,,,1,100,,67661,41,,,1,100,,67662,41,,,1,100,,67663,41,,,1,99,,67664,41,,,1,99,,67666,41,,,1,100,,67667,41,,,1
9700,'Samedi-10',845,,77284,41,,,1,100,,77287,41,,,1,100,,77282,41,,,1,100,,77283,41,,,1,101,,77286,41,,,1,99,,77285,41,,,1,100,,77288,41,,,1,101,,77289,41,,,1,100,,77290,41,,,1,101,,77291,41,,,1,100,,77296,41,,,1,100,,77292,41,,,1,100,,77293,41,,,1,100,,77294,41,,,1,99,,77295,41,,,1,99,,77297,41,,,1,100,,77298,41,,,1
9700,'Samedi-11',845,,71139,41,,,1,100,,71142,41,,,1,100,,71137,41,,,1,100,,71138,41,,,1,101,,71141,41,,,1,99,,71140,41,,,1,100,,71143,41,,,1,101,,71144,41,,,1,100,,71145,41,,,1,101,,71146,41,,,1,100,,71151,41,,,1,100,,71147,41,,,1,100,,71148,41,,,1,100,,71149,41,,,1,99,,71150,41,,,1,99,,71152,41,,,1,100,,71153,41,,,1
9700,'Dimanche-0',845,,68980,41,,,1,100,,68986,41,,,1,100,,68985,41,,,1,100,,68979,41,,,1,101,,68983,41,,,1,99,,68981,41,,,1,100,,68982,41,,,1,101,,68984,41,,,1,100,,68987,41,,,1,101,,68988,41,,,1,100,,68990,41,,,1,100,,68989,41,,,1,100,,68991,41,,,1,100,,68992,41,,,1,99,,68993,41,,,1,99,,68994,41,,,1,100,,68995,41,,,1
9700,'Dimanche-10',845,,70059,41,,,1,100,,70065,41,,,1,100,,70064,41,,,1,100,,70058,41,,,1,101,,70062,41,,,1,99,,70060,41,,,1,100,,70061,41,,,1,101,,70063,41,,,1,100,,70066,41,,,1,101,,70067,41,,,1,100,,70069,41,,,1,100,,70068,41,,,1,100,,70070,41,,,1,100,,70071,41,,,1,99,,70072,41,,,1,99,,70073,41,,,1,100,,70074,41,,,1
9700,'Dimanche-11',845,,67669,41,,,1,100,,67675,41,,,1,100,,67674,41,,,1,100,,67668,41,,,1,101,,67672,41,,,1,99,,67670,41,,,1,100,,67671,41,,,1,101,,67673,41,,,1,100,,67676,41,,,1,101,,67677,41,,,1,100,,67679,41,,,1,100,,67678,41,,,1,100,,67680,41,,,1,100,,67681,41,,,1,99,,67682,41,,,1,99,,67683,41,,,1,100,,67684,41,,,1
9700,'Semaine-0',713,,65433,41,,,1,31,,65434,41,,,2,97,,65435,41,,,1,100,,65436,41,,,1,100,,65437,41,,,1,100,,65438,41,,,1,101,,65439,41,,,1,100,,65440,41,,,1,100,,65441,41,,,1,100,,65442,41,,,1,102,,65443,41,,,1,101,,65450,45,,,1,98,,65451,45,,,1,68,,65452,45,,,1,31,,65444,41,,,1,100,,65445,41,,,1,99,,65446,41,,,1,101,,65447,41,,,1,98,,65448,41,,,2,100,,65449,41,,,1
9700,'Semaine-10',713,,73363,41,,,1,31,,73364,41,,,2,97,,73365,41,,,1,100,,73366,41,,,1,100,,73367,41,,,1,100,,73368,41,,,1,101,,73369,41,,,1,100,,73370,41,,,1,100,,73371,41,,,1,100,,73372,41,,,1,102,,73373,41,,,1,101,,73380,45,,,1,98,,73381,45,,,1,68,,73382,45,,,1,31,,73374,41,,,1,100,,73375,41,,,1,99,,73376,41,,,1,101,,73377,41,,,1,98,,73378,41,,,2,100,,73379,41,,,1
9700,'Semaine-11',713,,75894,41,,,1,31,,75895,41,,,2,97,,75896,41,,,1,100,,75897,41,,,1,100,,75898,41,,,1,100,,75899,41,,,1,101,,75900,41,,,1,100,,75901,41,,,1,100,,75902,41,,,1,100,,75903,41,,,1,102,,75904,41,,,1,101,,75911,45,,,1,98,,75912,45,,,1,68,,75913,45,,,1,31,,75905,41,,,1,100,,75906,41,,,1,99,,75907,41,,,1,101,,75908,41,,,1,98,,75909,41,,,2,100,,75910,41,,,1
29700,'Semaine-0',747,,65564,37,0,19,2,2,,65565,37,0,19,1
29700,'Semaine-10',747,,73494,37,0,19,2,2,,73495,37,0,19,1
29700,'Semaine-11',747,,76025,37,0,19,2,2,,76026,37,0,19,1
