3201,'Semaine-0',510,,63711,7,,,1,20,,63710,7,,,1,20,,63702,7,,,1,60,,63712,7,,,2,10,,63692,7,,,1,8,,63713,7,,,1,11,,63693,7,,,1,10,,63694,7,,,1,8,,63686,7,,,1,49,,63689,7,,,1,8,,63715,7,,,1,8,,63695,7,,,1,8,,63690,7,,,1,9,,63703,7,,,1,8,,63685,7,,,1,8,,63696,7,,,1,48,,63714,7,,,2,8,,63684,7,,,1,10,,63683,7,,,1,10,,63688,7,,,1,9,,63691,7,,,1,10,,63697,7,,,1,62,,63671,7,,,2,30,,63681,7,,,1,70,,63674,7,,,1,30,,63677,7,,,1,70,,63670,7,,,1,30,,63680,7,,,1,70,,63675,7,,,1,30,,63682,7,,,1,70,,63664,7,,,1,30,,63669,7,,,1,70,,63676,7,,,1,30,,63687,7,,,1,70,,63704,7,,,1,31,,63705,7,,,2,69,,63706,7,,,1,30,,63707,7,,,1,70,,63708,7,,,2,30,,63709,7,,,1,70,,63667,7,,,1,30,,63665,7,,,2,71,,63678,7,,,2,30,,63673,7,,,1,69,,63668,7,,,1,31,,63666,7,,,2,70,,63679,7,,,1,30,,63672,7,,,1,68,,63699,7,,,1,32,,63698,7,,,1,70,,63700,7,,,1,30,,63701,7,,,1
3401,'Samedi-0',652,,66201,14,,,1,100,,66204,14,,,1,70,,66213,14,,,1,30,,66202,14,,,1,71,,66207,14,,,1,30,,66209,14,,,1,69,,66203,14,,,1,30,,66212,14,,,1,72,,66205,14,,,1,29,,66214,14,,,1,70,,66206,14,,,1,30,,66208,14,,,1,70,,66210,14,,,1,30,,66211,14,,,1,70,,66215,14,,,1,31,,66216,14,,,1,70,,66217,14,,,1,30,,66218,14,,,1,70,,66219,14,,,1,30,,66220,14,,,1,70,,66221,14,,,1,30,,66222,14,,,1,70,,66223,14,,,1,30,,66225,14,,,1,68,,66224,14,,,1,30,,66226,14,,,1,70,,66227,14,,,1,30,,66228,14,,,1,70,,66230,14,,,1,30,,66229,14,,,1,70,,66231,14,,,1,98,,66232,14,,,1
3401,'Dimanche-11',652,,66233,14,,,1,100,,66241,14,,,1,70,,66246,14,,,1,30,,66238,14,,,1,71,,66236,14,,,1,30,,66259,14,,,1,69,,66240,14,,,1,30,,66245,14,,,1,72,,66235,14,,,1,29,,66234,14,,,1,70,,66237,14,,,1,30,,66244,14,,,1,70,,66247,14,,,1,30,,66239,14,,,1,70,,66243,14,,,1,31,,66242,14,,,1,70,,66248,14,,,1,30,,66252,14,,,1,70,,66249,14,,,1,30,,66250,14,,,1,70,,66251,14,,,1,30,,66258,14,,,1,70,,66253,14,,,1,30,,66256,14,,,1,68,,66254,14,,,1,30,,66255,14,,,1,70,,66257,14,,,1,30,,66260,14,,,1,70,,66262,14,,,1,30,,66261,14,,,1,70,,66263,14,,,1,98,,66264,14,,,1
3401,'Semaine-0',857,,63856,14,,,1,70,,63836,14,,,2,30,,63840,14,,,1,70,,63860,14,,,1,30,,63833,14,,,1,70,,63837,14,,,1,30,,63841,14,,,1,70,,63831,14,,,1,30,,63834,14,,,1,70,,63838,14,,,1,30,,63842,14,,,2,71,,63835,14,,,1,30,,63857,14,,,1,69,,63832,14,,,1,73,,63858,14,,,1,27,,63859,14,,,1,30,,63853,14,,,1,70,,63849,14,,,1,30,,63839,14,,,1,70,,63846,14,,,1,30,,63855,14,,,1,71,,63843,14,,,1,30,,63845,14,,,1,70,,63847,14,,,1,30,,63851,14,,,2,70,,63844,14,,,1,30,,63850,14,,,1,70,,63848,14,,,1,30,,63852,14,,,1,70,,63854,14,,,1
4900,'Samedi-0',731,,66565,30,,,1,100,,66566,30,,,1,102,,66563,30,,,1,100,,66567,30,,,1,100,,66564,30,,,1,101,,66568,30,,,1,98,,66569,30,,,1,102,,66570,30,,,1,100,,66571,30,,,1,100,,66572,30,,,1,100,,66573,30,,,1,97,,66574,30,,,1,100,,66575,30,,,1,100,,66576,30,,,1,100,,66577,30,,,1,100,,66578,30,,,1,98,,66579,30,,,1
4900,'Dimanche-11',731,,66580,30,,,1,100,,66593,30,,,1,102,,66581,30,,,1,100,,66592,30,,,1,100,,66584,30,,,1,101,,66583,30,,,1,98,,66587,30,,,1,102,,66582,30,,,1,100,,66586,30,,,1,100,,66585,30,,,1,100,,66589,30,,,1,97,,66591,30,,,1,100,,66588,30,,,1,100,,66590,30,,,1,100,,66594,30,,,1,100,,66595,30,,,1,98,,66596,30,,,1
4900,'Semaine-0',645,,64225,30,,,1,14,,64220,17,,,1,43,,64232,17,,,1,4,,64208,17,,,1,6,,64231,17,,,1,4,,64236,30,,,1,3,,64235,17,,,1,4,,64234,17,,,1,5,,64233,17,,,1,21,,64228,30,,,1,66,,64229,30,,,1,1,,64224,17,,,1,33,,64223,30,,,1,71,,64218,30,,,1,29,,64210,30,,,1,71,,64230,30,,,1,33,,64226,30,,,1,70,,64221,30,,,1,30,,64198,30,,,1,70,,64219,30,,,1,30,,64200,30,,,1,70,,64205,30,,,1,30,,64207,30,,,1,70,,64211,30,,,1,30,,64227,30,,,1,76,,64209,30,,,1,30,,64212,30,,,1,70,,64203,30,,,1,30,,64215,30,,,1,70,,64206,30,,,1,27,,64204,30,,,1,70,,64222,30,,,1,27,,64216,30,,,1,98,,64199,30,,,1,99,,64217,30,,,1,101,,64214,30,,,1,97,,64201,30,,,1,98,,64213,30,,,1,100,,64202,30,,,1
32601,'Semaine-0',804,,65573,5,0,7 8,1
44900,'Semaine-0',714,,65836,16,0,9 14,1
63900,'Semaine-0',1515,,65857,14,0,9 10,1
82601,'Semaine-0',730,,65968,5,0,9 12 13,1,1,,65969,5,0,9 12 13,1
