7600,'Samedi-0',742,,67524,13,,,1,100,,67527,13,,,1,100,,67526,13,,,1,100,,67529,13,,,1,100,,67528,13,,,1,101,,67523,13,,,1,99,,67525,13,,,1,100,,67530,13,,,1,100,,67531,13,,,1,100,,67532,13,,,1,100,,67533,13,,,1,100,,67534,13,,,1,100,,67535,13,,,1,100,,67536,13,,,1,100,,67537,13,,,1,100,,67538,13,,,1
7600,'Samedi-10',742,,77219,13,,,1,100,,77222,13,,,1,100,,77221,13,,,1,100,,77224,13,,,1,100,,77223,13,,,1,101,,77218,13,,,1,99,,77220,13,,,1,100,,77225,13,,,1,100,,77226,13,,,1,100,,77227,13,,,1,100,,77228,13,,,1,100,,77229,13,,,1,100,,77230,13,,,1,100,,77231,13,,,1,100,,77232,13,,,1,100,,77233,13,,,1
7600,'Samedi-11',742,,71074,13,,,1,100,,71077,13,,,1,100,,71076,13,,,1,100,,71079,13,,,1,100,,71078,13,,,1,101,,71073,13,,,1,99,,71075,13,,,1,100,,71080,13,,,1,100,,71081,13,,,1,100,,71082,13,,,1,100,,71083,13,,,1,100,,71084,13,,,1,100,,71085,13,,,1,100,,71086,13,,,1,100,,71087,13,,,1,100,,71088,13,,,1
7600,'Dimanche-0',742,,68918,13,,,1,100,,68917,13,,,1,100,,68916,13,,,1,100,,68921,13,,,1,100,,68915,13,,,1,101,,68920,13,,,1,99,,68919,13,,,1,100,,68922,13,,,1,100,,68923,13,,,1,100,,68924,13,,,1,100,,68927,13,,,1,100,,68925,13,,,1,100,,68926,13,,,1,100,,68928,13,,,1,100,,68929,13,,,1,100,,68930,13,,,1
7600,'Dimanche-10',742,,69997,13,,,1,100,,69996,13,,,1,100,,69995,13,,,1,100,,70000,13,,,1,100,,69994,13,,,1,101,,69999,13,,,1,99,,69998,13,,,1,100,,70001,13,,,1,100,,70002,13,,,1,100,,70003,13,,,1,100,,70006,13,,,1,100,,70004,13,,,1,100,,70005,13,,,1,100,,70007,13,,,1,100,,70008,13,,,1,100,,70009,13,,,1
7600,'Dimanche-11',742,,67542,13,,,1,100,,67541,13,,,1,100,,67540,13,,,1,100,,67545,13,,,1,100,,67539,13,,,1,101,,67544,13,,,1,99,,67543,13,,,1,100,,67546,13,,,1,100,,67547,13,,,1,100,,67548,13,,,1,100,,67551,13,,,1,100,,67549,13,,,1,100,,67550,13,,,1,100,,67552,13,,,1,100,,67553,13,,,1,100,,67554,13,,,1
7600,'Semaine-0',548,,65231,13,,,1,70,,65228,13,,,1,22,,65232,13,,,1,18,,65229,13,,,1,59,,65230,13,,,2,24,,65233,13,,,1,63,,65234,13,,,1,14,,65242,13,,,1,20,,65241,13,,,1,63,,65236,13,,,1,19,,65237,13,,,2,25,,65235,13,,,1,70,,65239,13,,,1,30,,65238,13,,,1,70,,65240,13,,,2,28,,65208,13,,,1,72,,65209,13,,,1,30,,65210,13,,,1,70,,65206,13,,,1,30,,65213,13,,,1,70,,65207,13,,,1,33,,65211,13,,,1,70,,65212,13,,,1,34,,65205,13,,,1,56,,65220,13,,,1,17,,65214,13,,,1,23,,65217,13,,,2,60,,65221,13,,,1,13,,65218,13,,,2,20,,65222,13,,,1,70,,65223,13,,,1,30,,65219,13,,,1,70,,65224,13,,,1,46,,65215,13,,,1,98,,65225,13,,,2,100,,65226,13,,,2,100,,65216,13,,,2,100,,65227,13,,,1
7600,'Semaine-10',548,,73161,13,,,1,70,,73158,13,,,1,22,,73162,13,,,1,18,,73159,13,,,1,59,,73160,13,,,2,24,,73163,13,,,1,63,,73164,13,,,1,14,,73172,13,,,1,20,,73171,13,,,1,63,,73166,13,,,1,19,,73167,13,,,2,25,,73165,13,,,1,70,,73169,13,,,1,30,,73168,13,,,1,70,,73170,13,,,2,28,,73138,13,,,1,72,,73139,13,,,1,30,,73140,13,,,1,70,,73136,13,,,1,30,,73143,13,,,1,70,,73137,13,,,1,33,,73141,13,,,1,70,,73142,13,,,1,34,,73135,13,,,1,56,,73150,13,,,1,17,,73144,13,,,1,23,,73147,13,,,2,60,,73151,13,,,1,13,,73148,13,,,2,20,,73152,13,,,1,70,,73153,13,,,1,30,,73149,13,,,1,70,,73154,13,,,1,46,,73145,13,,,1,98,,73155,13,,,2,100,,73156,13,,,2,100,,73146,13,,,2,100,,73157,13,,,1
7600,'Semaine-11',548,,75692,13,,,1,70,,75689,13,,,1,22,,75693,13,,,1,18,,75690,13,,,1,59,,75691,13,,,2,24,,75694,13,,,1,63,,75695,13,,,1,14,,75703,13,,,1,20,,75702,13,,,1,63,,75697,13,,,1,19,,75698,13,,,2,25,,75696,13,,,1,70,,75700,13,,,1,30,,75699,13,,,1,70,,75701,13,,,2,28,,75669,13,,,1,72,,75670,13,,,1,30,,75671,13,,,1,70,,75667,13,,,1,30,,75674,13,,,1,70,,75668,13,,,1,33,,75672,13,,,1,70,,75673,13,,,1,34,,75666,13,,,1,56,,75681,13,,,1,17,,75675,13,,,1,23,,75678,13,,,2,60,,75682,13,,,1,13,,75679,13,,,2,20,,75683,13,,,1,70,,75684,13,,,1,30,,75680,13,,,1,70,,75685,13,,,1,46,,75676,13,,,1,98,,75686,13,,,2,100,,75687,13,,,2,100,,75677,13,,,2,100,,75688,13,,,1
57600,'Semaine-0',1548,,65855,21,0,5 6,1
57600,'Semaine-10',1548,,73785,21,0,5 6,1
57600,'Semaine-11',1548,,76316,21,0,5 6,1
