4001,'Semaine-0',606,,64160,15,,,1,29,,64159,15,,,1,71,,64162,15,,,1,32,,64158,15,,,2,68,,64157,15,,,1,29,,64161,15,,,1
5000,'Semaine-0',640,,64273,16,,,1,61,,64271,16,,,1,31,,64274,16,,,2,70,,64270,16,,,1,109,,64275,16,,,1
5201,'Samedi-0',641,,66667,16,,,1,100,,66668,16,,,1,100,,66669,16,,,1,100,,66670,16,,,1,100,,66672,16,,,1,100,,66671,16,,,1,100,,66673,16,,,1,100,,66674,16,,,1,101,,66675,16,,,1,99,,66676,16,,,1,100,,66677,16,,,1,100,,66678,16,,,1,100,,66681,16,,,1,100,,66679,16,,,1,99,,66683,16,,,1,100,,66680,16,,,1,100,,66682,16,,,1,101,,66684,16,,,1
5201,'Dimanche-11',641,,66685,16,,,1,100,,66686,16,,,1,100,,66687,16,,,1,100,,66690,16,,,1,100,,66688,16,,,1,100,,66692,16,,,1,100,,66689,16,,,1,100,,66694,16,,,1,101,,66691,16,,,1,99,,66693,16,,,1,100,,66696,16,,,1,100,,66698,16,,,1,100,,66695,16,,,1,100,,66697,16,,,1,99,,66699,16,,,1,100,,66700,16,,,1,100,,66701,16,,,1,101,,66702,16,,,1
5201,'Semaine-0',612,,64312,16,,,1,100,,64314,16,,,1,103,,64313,16,,,1,97,,64297,16,,,1,101,,64303,16,,,1,99,,64300,16,,,1,100,,64307,16,,,1,100,,64298,16,,,1,99,,64302,16,,,1,102,,64301,16,,,1,100,,64311,16,,,1,100,,64310,16,,,1,99,,64304,16,,,1,99,,64305,16,,,1,100,,64309,16,,,1,100,,64306,16,,,1,100,,64308,16,,,1,100,,64299,16,,,2
5501,'Samedi-0',652,,66775,15,,,1,70,,66778,15,,,1,31,,66777,15,,,1,70,,66787,15,,,1,29,,66776,15,,,1,71,,66779,15,,,1,31,,66780,15,,,1,69,,66786,15,,,1,29,,66782,15,,,1,70,,66783,15,,,1,30,,66781,15,,,1,70,,66789,15,,,1,30,,66788,15,,,1,70,,66784,15,,,1,30,,66785,15,,,1,72,,66790,15,,,1,28,,66791,15,,,1,72,,66792,15,,,1,28,,66793,15,,,1,72,,66794,15,,,1,28,,66795,15,,,1,72,,66796,15,,,1,28,,66797,15,,,1,71,,66798,15,,,1,30,,66799,15,,,1,70,,66800,15,,,1,30,,66801,15,,,1,71,,66802,15,,,1,30,,66803,15,,,1,70,,66805,15,,,1,30,,66804,15,,,1,70,,66807,15,,,1,30,,66806,15,,,1
5501,'Dimanche-11',652,,66809,15,,,1,70,,66813,15,,,1,31,,66811,15,,,1,70,,66816,15,,,1,29,,66818,15,,,1,71,,66812,15,,,1,31,,66808,15,,,1,69,,66822,15,,,1,29,,66817,15,,,1,70,,66824,15,,,1,30,,66815,15,,,1,70,,66814,15,,,1,30,,66820,15,,,1,70,,66810,15,,,1,30,,66819,15,,,1,72,,66823,15,,,1,28,,66828,15,,,1,72,,66821,15,,,1,28,,66827,15,,,1,72,,66830,15,,,1,28,,66825,15,,,1,72,,66826,15,,,1,28,,66832,15,,,1,71,,66834,15,,,1,30,,66831,15,,,1,70,,66829,15,,,1,30,,66833,15,,,1,71,,66835,15,,,1,30,,66836,15,,,1,70,,66837,15,,,1,30,,66838,15,,,1,70,,66839,15,,,1,30,,66840,15,,,1
5501,'Semaine-0',513,,64382,15,,,1,14,,64389,15,,,1,14,,64388,15,,,1,16,,64372,15,,,1,55,,64410,15,,,1,21,,64409,15,,,1,8,,64369,15,,,1,12,,64414,15,,,1,55,,64395,15,,,1,13,,64403,15,,,1,16,,64373,15,,,1,9,,64377,15,,,1,13,,64375,15,,,1,49,,64404,15,,,1,6,,64406,15,,,1,13,,64383,15,,,1,29,,64387,15,,,1,52,,64374,15,,,1,11,,64408,15,,,1,29,,64401,15,,,1,71,,64405,15,,,1,28,,64371,15,,,1,70,,64378,15,,,1,30,,64391,15,,,1,70,,64402,15,,,1,29,,64398,15,,,1,70,,64379,15,,,1,30,,64411,15,,,1,70,,64370,15,,,1,30,,64376,15,,,1,88,,64380,15,,,1,102,,64385,15,,,1,100,,64390,15,,,1,101,,64407,15,,,1,21,,64396,15,,,1,70,,64384,15,,,1,72,,64400,15,,,1,29,,64393,15,,,1,30,,64412,15,,,1,70,,64386,15,,,1,29,,64392,15,,,1,74,,64394,15,,,1,70,,64381,15,,,1,30,,64399,15,,,1,70,,64397,15,,,1
55000,'Semaine-0',655,,65840,16,0,5 6,1,2,,65841,16,0,5 6,1
64001,'Semaine-0',723,,65862,16,0,9 10,1,2,,65863,16,0,9 10,1
74001,'Semaine-0',805,,65882,16,0,5 11,2,2,,65883,16,0,5 11,1
