1801,'Semaine-0',635,,63462,17,,,1,86,,63464,17,,,2,85,,63463,17,,,1
2600,'Semaine-0',1554,,63496,14,,,1,72,,63495,14,,,1,28,,63494,14,,,2,70,,63497,14,,,1,27,,63498,14,,,2
2900,'Semaine-0',1545,,63522,14,,,2,75,,63521,14,,,1,32,,63519,14,,,2,65,,63523,14,,,1,30,,63520,14,,,1
3200,'Semaine-0',628,,63658,15,,,1,31,,63657,15,,,1,72,,63653,15,,,1,72,,63655,15,,,1,29,,63654,15,,,2,70,,63656,15,,,1,28,,63629,15,,,2,70,,63624,15,,,1,30,,63625,15,,,2,70,,63636,15,,,1,30,,63630,15,,,1,71,,63616,15,,,1,30,,63617,15,,,1,69,,63628,15,,,1,30,,63631,15,,,1,70,,63637,15,,,1,31,,63618,15,,,1,70,,63663,15,,,1,15,,63615,15,,,2,16,,63645,15,,,1,10,,63635,15,,,1,11,,63641,15,,,2,50,,63642,15,,,1,10,,63660,15,,,1,10,,63661,15,,,1,10,,63662,15,,,2,13,,63659,15,,,2,7,,63632,15,,,1,50,,63643,15,,,1,10,,63651,15,,,2,10,,63644,15,,,2,8,,63621,15,,,1,10,,63652,15,,,1,10,,63638,15,,,2,7,,63640,15,,,1,50,,63639,15,,,1,19,,63633,15,,,2,25,,63627,15,,,1,70,,63622,15,,,1,30,,63619,15,,,2,69,,63634,15,,,2,30,,63626,15,,,1,73,,63623,15,,,1,27,,63620,15,,,2,70,,63646,15,,,1,30,,63647,15,,,1,68,,63648,15,,,1,30,,63649,15,,,1,70,,63650,15,,,1
3400,'Semaine-0',612,,63829,15,,,1,29,,63814,15,,,1,71,,63808,15,,,1,35,,63812,15,,,1,71,,63803,15,,,2,29,,63823,15,,,1,70,,63809,15,,,1,28,,63799,15,,,1,70,,63804,15,,,1,30,,63805,15,,,1,70,,63810,15,,,1,30,,63800,15,,,1,70,,63830,15,,,1,30,,63806,15,,,1,70,,63811,15,,,1,30,,63801,15,,,1,72,,63827,15,,,1,30,,63802,15,,,1,65,,63828,15,,,1,306,,63826,15,,,1,20,,63815,15,,,1,68,,63807,15,,,1,30,,63819,15,,,1,70,,63825,15,,,1,31,,63816,15,,,1,69,,63818,15,,,1,30,,63820,15,,,1,70,,63813,15,,,1,30,,63822,15,,,1,70,,63817,15,,,1,29,,63821,15,,,1,70,,63824,15,,,1
4000,'Semaine-0',1524,,64155,14,,,1,30,,64151,14,,,2,75,,64154,14,,,1,27,,64153,14,,,1,68,,64152,14,,,1,29,,64156,14,,,1
4100,'Semaine-0',1535,,64164,14,,,1,71,,64166,14,,,1,35,,64165,14,,,2,64,,64163,14,,,1,29,,64167,14,,,1
4500,'Semaine-0',1509,,64182,14,,,1,35,,64177,14,,,1,70,,64178,14,,,1,32,,64180,14,,,1,67,,64181,14,,,1,27,,64179,14,,,2
4700,'Semaine-0',1531,,64189,14,,,1,103,,64190,14,,,1,96,,64191,14,,,2
5500,'Semaine-0',635,,64323,15,,,1,103,,64339,15,,,1,69,,64322,15,,,1,97,,64358,15,,,1,28,,64359,15,,,1,70,,64328,15,,,1,29,,64338,15,,,1,70,,64342,15,,,1,31,,64364,15,,,1,71,,64324,15,,,1,30,,64363,15,,,1,69,,64341,15,,,1,30,,64356,15,,,1,70,,64350,15,,,1,23,,64357,15,,,1,16,,64343,15,,,1,14,,64321,15,,,1,57,,64362,15,,,1,17,,64332,15,,,1,15,,64365,15,,,1,13,,64353,15,,,1,50,,64325,15,,,1,13,,64336,15,,,1,18,,64368,15,,,1,9,,64361,15,,,1,11,,64327,15,,,1,51,,64344,15,,,1,10,,64337,15,,,1,11,,64366,15,,,1,12,,64351,15,,,1,8,,64331,15,,,1,52,,64326,15,,,1,10,,64367,15,,,1,11,,64335,15,,,1,12,,64330,15,,,1,10,,64340,15,,,1,70,,64355,15,,,1,29,,64360,15,,,1,70,,64347,15,,,1,30,,64333,15,,,1,70,,64354,15,,,1,29,,64345,15,,,1,70,,64348,15,,,1,30,,64334,15,,,1,70,,64349,15,,,1,30,,64346,15,,,1,69,,64329,15,,,1,30,,64352,15,,,1
5900,'Semaine-0',604,,64453,15,,,1,97,,64488,15,,,1,47,,64493,15,,,1,88,,64469,15,,,1,84,,64465,15,,,1,28,,64486,15,,,1,70,,64462,15,,,1,30,,64485,15,,,1,70,,64476,15,,,1,30,,64470,15,,,1,71,,64478,15,,,1,30,,64461,15,,,1,70,,64489,15,,,1,30,,64452,15,,,1,70,,64483,15,,,1,14,,64454,15,,,1,18,,64487,15,,,1,71,,64447,15,,,1,14,,64491,15,,,1,15,,64446,15,,,1,8,,64481,15,,,1,57,,64477,15,,,1,7,,64490,10,,,1,6,,64464,15,,,1,13,,64448,15,,,1,6,,64492,10,,,1,6,,64449,15,,,1,52,,64457,15,,,1,9,,64484,15,,,1,12,,64473,15,,,1,11,,64460,15,,,1,9,,64482,15,,,1,12,,64468,15,,,1,52,,64480,15,,,1,9,,64450,15,,,1,10,,64455,15,,,1,71,,64475,15,,,1,30,,64466,15,,,1,70,,64471,15,,,1,29,,64459,15,,,1,70,,64467,15,,,1,30,,64472,15,,,1,70,,64479,15,,,1,30,,64456,15,,,1,70,,64474,15,,,1,29,,64463,15,,,1,30,,64451,15,,,1,69,,64458,15,,,1
32900,'Semaine-0',809,,65574,7,0,7 8,1
65500,'Semaine-0',717,,65872,8,0,9 10,1
72900,'Semaine-0',1628,,65877,12,0,5 11,2
74000,'Semaine-0',1625,,65881,9,0,5 11,1
80001,'Semaine-0',619,,65948,17,,,1,28,,65941,17,,,1,71,,65949,17,,,1,30,,65933,17,,,1,75,,65931,17,,,1,28,,65938,17,,,1,66,,65944,17,,,1,30,,65956,17,,,1,70,,65947,17,,,2,30,,65939,17,,,1,70,,65953,17,,,1,30,,65927,17,,,1,70,,65961,17,,,1,29,,65959,17,,,1,74,,65929,17,,,1,30,,65952,17,,,1,70,,65943,17,,,1,30,,65950,17,,,1,73,,65960,17,,,1,29,,65945,17,,,1,57,,65955,17,,,1,22,,65957,17,,,1,24,,65954,17,,,1,67,,65946,17,,,1,30,,65936,17,,,1,68,,65934,17,,,1,28,,65928,17,,,1,69,,65958,17,,,1,32,,65940,17,,,1,67,,65937,17,,,1,30,,65942,17,,,1,69,,65930,17,,,1,30,,65951,17,,,1,74,,65932,17,,,1,32,,65935,17,,,1
82900,'Semaine-0',1534,,65974,12,0,9 12 13,1
