4001,'Semaine-0',624,,64160,40,,,1,30,,64159,40,,,1,72,,64162,40,,,1,33,,64158,40,,,2,67,,64157,40,,,1,27,,64161,40,,,1
4101,'Semaine-0',646,,64170,31,,,1,73,,64171,31,,,1,35,,64172,31,,,1,65,,64169,31,,,2,29,,64168,31,,,1
4501,'Semaine-0',613,,64184,34,,,1,30,,64183,34,,,1,72,,64187,34,,,2,30,,64186,34,,,1,73,,64185,34,,,1,28,,64188,34,,,1
4701,'Semaine-0',625,,64194,27,,,2,86,,64193,27,,,1,89,,64192,27,,,1,27,,64195,27,,,1
5501,'Semaine-0',527,,64382,38,,,1,14,,64389,38,,,1,14,,64388,38,,,1,58,,64372,38,,,1,15,,64410,38,,,1,22,,64409,38,,,1,8,,64369,38,,,1,53,,64414,38,,,1,15,,64395,38,,,1,14,,64403,38,,,1,16,,64373,38,,,1,48,,64377,38,,,1,12,,64375,38,,,1,9,,64404,38,,,1,6,,64406,38,,,1,14,,64383,38,,,1,68,,64387,38,,,1,12,,64374,38,,,1,11,,64408,38,,,1,69,,64401,38,,,1,23,,64413,5,,,1,8,,64405,38,,,1,69,,64371,38,,,1,29,,64378,38,,,1,70,,64391,38,,,1,30,,64402,38,,,1,70,,64398,38,,,1,30,,64379,38,,,1,70,,64411,38,,,1,31,,64370,38,,,1,70,,64376,38,,,1,50,,64380,38,,,1,100,,64385,38,,,1,100,,64390,38,,,1,100,,64407,38,,,1,60,,64396,38,,,1,30,,64384,38,,,1,70,,64400,38,,,1,30,,64393,38,,,1,70,,64412,38,,,1,30,,64386,38,,,1,69,,64392,38,,,1,31,,64394,38,,,1,70,,64381,38,,,1,29,,64399,38,,,1,70,,64397,38,,,1
5600,'Semaine-0',641,,64421,25,,,1,64,,64419,25,,,1,6,,64423,25,,,1,31,,64422,25,,,1,71,,64416,25,,,1,100,,64415,25,,,1,109,,64417,25,,,1,98,,64420,25,,,2,100,,64418,25,,,1
5801,'Semaine-0',605,,64441,26,,,1,32,,64445,26,,,1,71,,64443,26,,,1,30,,64442,26,,,1,70,,64439,26,,,1,30,,64444,26,,,1,801,,64440,26,,,1
5901,'Semaine-0',522,,64498,27,,,1,15,,64534,27,,,1,15,,64507,27,,,1,55,,64528,27,,,1,15,,64508,27,,,1,14,,64497,27,,,1,13,,64499,27,,,1,55,,64502,27,,,1,10,,64537,5,,,1,8,,64505,27,,,1,7,,64538,5,,,1,8,,64506,27,,,1,7,,64539,5,,,1,11,,64501,27,,,1,47,,64495,5,,,1,5,,64530,27,,,1,19,,64516,27,,,1,13,,64521,27,,,1,13,,64511,27,,,1,55,,64496,27,,,1,16,,64514,27,,,1,27,,64540,27,,,1,70,,64535,27,,,1,30,,64522,27,,,1,70,,64504,27,,,1,30,,64515,27,,,1,70,,64518,27,,,1,30,,64503,27,,,1,70,,64532,27,,,1,30,,64494,27,,,1,70,,64536,27,,,1,30,,64526,27,,,1,75,,64529,27,,,1,100,,64533,27,,,1,100,,64513,27,,,1,100,,64520,27,,,1,75,,64525,27,,,1,30,,64512,27,,,1,70,,64519,27,,,1,30,,64524,27,,,1,70,,64531,27,,,1,30,,64509,27,,,1,70,,64527,27,,,1,29,,64517,27,,,1,30,,64500,27,,,1,70,,64510,27,,,1,30,,64523,27,,,1
55400,'Semaine-0',704,,65846,15,0,5 6,2
65501,'Semaine-0',1521,,65873,26,0,9 10,1
74001,'Semaine-0',828,,65882,41,0,5 11,2,2,,65883,41,0,5 11,1
80000,'Semaine-0',604,,65923,31,,,1,31,,65909,31,,,1,71,,65899,31,,,1,15,,65898,31,,,1,15,,65919,31,,,1,71,,65910,31,,,1,18,,65896,31,,,1,30,,65915,31,,,1,70,,65900,31,,,1,30,,65917,31,,,1,70,,65912,31,,,1,29,,65926,31,,,1,70,,65893,31,,,1,30,,65914,31,,,1,70,,65904,31,,,1,31,,65920,31,,,1,69,,65913,31,,,1,30,,65924,31,,,1,71,,65903,31,,,1,29,,65918,31,,,1,73,,65916,31,,,1,30,,65905,31,,,1,72,,65921,31,,,1,28,,65894,31,,,1,70,,65911,31,,,1,30,,65908,31,,,1,69,,65922,31,,,1,29,,65907,31,,,1,71,,65901,31,,,1,28,,65895,31,,,1,71,,65925,31,,,1,28,,65906,31,,,1,68,,65902,31,,,1,30,,65892,31,,,1,69,,65897,31,,,1,30,,65891,31,,,1
