2601,'Semaine-0',550,,63500,7,,,1,71,,63502,7,,,2,30,,63503,7,,,2,70,,63501,7,,,1,30,,63499,7,,,2
2601,'Semaine-10',550,,71430,7,,,1,71,,71432,7,,,2,30,,71433,7,,,2,70,,71431,7,,,1,30,,71429,7,,,2
2601,'Semaine-11',550,,73961,7,,,1,71,,73963,7,,,2,30,,73964,7,,,2,70,,73962,7,,,1,30,,73960,7,,,2
4801,'Semaine-0',735,,64197,31,,,1
4801,'Semaine-10',735,,72127,31,,,1
4801,'Semaine-11',735,,74658,31,,,1
32601,'Semaine-0',819,,65573,23,0,7 8,1
32601,'Semaine-10',819,,73503,23,0,7 8,1
32601,'Semaine-11',819,,76034,23,0,7 8,1
42600,'Semaine-0',722,,65820,7,0,9 14,1,1,,65821,7,0,9 14,1
42600,'Semaine-10',722,,73750,7,0,9 14,1,1,,73751,7,0,9 14,1
42600,'Semaine-11',722,,76281,7,0,9 14,1,1,,76282,7,0,9 14,1
72601,'Semaine-0',1531,,65876,17,,,1
72601,'Semaine-10',1531,,73806,17,,,1
72601,'Semaine-11',1531,,76337,17,,,1
72901,'Semaine-0',806,,65878,7,0,5 11,2
72901,'Semaine-10',806,,73808,7,0,5 11,2
72901,'Semaine-11',806,,76339,7,0,5 11,2
82601,'Semaine-0',743,,65968,23,0,9 12 13,1,1,,65969,23,0,9 12 13,1
82601,'Semaine-10',743,,73898,23,0,9 12 13,1,1,,73899,23,0,9 12 13,1
82601,'Semaine-11',743,,76430,23,0,9 12 13,1,1,,76431,23,0,9 12 13,1
