1801,'Semaine-0',624,,63462,9,,,1,86,,63464,9,,,2,45,,63463,9,,,1
2001,'Semaine-0',1542,,63468,14,,,1,100,,63470,14,,,1,100,,63469,14,,,1
9301,'Semaine-0',641,,65412,47,,,2,60,,65410,47,,,1,22,,65409,47,,,1,34,,65413,47,,,1,70,,65411,47,,,2
9501,'Semaine-0',633,,65429,60,,,1,15,,65425,60,,,1,53,,65427,60,,,1,20,,65432,60,,,1,17,,65428,60,,,2,16,,65430,60,,,2,54,,65431,60,,,2,16,,65426,60,,,2
10001,'Semaine-0',625,,65493,9,,,1,10,,65491,9,,,1,10,,65490,9,,,1,10,,65489,9,,,1,49,,65492,9,,,1,11,,65494,9,,,1,10,,65495,9,,,1,10,,65496,9,,,1,9,,65497,9,,,1,11,,65498,9,,,1,54,,65499,9,,,1,10,,65500,9,,,1,10,,65501,9,,,1,8,,65502,9,,,1,10,,65503,9,,,1
20001,'Semaine-0',626,,65535,7,,,1,6,,65536,9,,,1,6,,65537,7,,,1,6,,65538,9,,,1,3,,65539,7,,,1,5,,65561,9,,,1,49,,65540,7,,,1,2,,65541,9,,,1,7,,65558,7,,,1,5,,65542,9,,,1,7,,65557,7,,,1,5,,65544,9,,,1,5,,65553,7,,,1,3,,65543,7,,,1,3,,65534,9,,,1,3,,65560,7,,,1,3,,65549,7,,,1,3,,65545,9,,,1,3,,65547,7,,,1,3,,65559,7,,,1,5,,65546,9,,,1,47,,65550,7,,,1,3,,65548,9,,,1,2,,65552,7,,,1,7,,65551,9,,,1,8,,65562,7,,,1,6,,65554,9,,,1,5,,65555,7,,,1,5,,65556,9,,,1,6,,65563,7,,,1
40001,'Semaine-0',507,,65793,9,,,1,10,,65794,9,,,1,10,,65795,9,,,1,10,,65796,9,,,1,10,,65797,9,,,1,11,,65798,9,,,1,45,,65799,9,,,1,5,,65800,9,,,1,4,,65801,9,,,1,6,,65807,9,,,1,230,,65802,9,,,1,9,,65803,7,,,1,46,,65804,9,,,1,11,,65805,9,,,1,11,,65806,9,,,1,10,,65752,9,,,1,9,,65737,9,,,1,11,,65762,9,,,1,51,,65763,9,,,1,9,,65809,9,,,1,10,,65727,9,,,1,10,,65810,9,,,1,10,,65725,9,,,1,10,,65759,9,,,1,50,,65779,9,,,1,10,,65746,9,,,1,10,,65754,9,,,1,10,,65751,9,,,1,10,,65729,9,,,1,10,,65790,9,,,1,50,,65764,9,,,1,10,,65776,9,,,1,10,,65728,9,,,1,10,,65738,9,,,1,10,,65731,9,,,1,10,,65747,9,,,1,50,,65780,9,,,1,10,,65761,9,,,1,10,,65755,9,,,1,10,,65750,9,,,1,10,,65743,9,,,1,10,,65786,9,,,1,50,,65765,9,,,1,10,,65777,9,,,1,10,,65792,9,,,1,11,,65740,9,,,1,10,,65723,9,,,1,10,,65782,9,,,1,50,,65781,9,,,1,10,,65766,9,,,1,9,,65756,9,,,1,6,,65748,5,,,1,6,,65733,9,,,1,12,,65784,9,,,1,53,,65791,9,,,1,7,,65808,5,,,1,5,,65778,9,,,1,14,,65813,9,,,1,10,,65758,9,,,1,12,,65787,9,,,1,52,,65811,9,,,1,12,,65771,9,,,1,13,,65749,9,,,1,11,,65734,9,,,1,12,,65739,9,,,1,52,,65812,9,,,1,12,,65741,9,,,1,12,,65767,9,,,1,11,,65757,9,,,1,12,,65788,9,,,1,51,,65774,9,,,1,12,,65753,9,,,1,10,,65735,9,,,1,13,,65775,9,,,1,12,,65815,9,,,1,11,,65814,9,,,1,52,,65742,9,,,1,12,,65768,9,,,1,12,,65745,9,,,1,12,,65789,9,,,1,12,,65772,9,,,1,55,,65730,9,,,1,13,,65816,9,,,1,17,,65736,9,,,1,15,,65732,9,,,1,55,,65783,9,,,1,12,,65769,9,,,1,15,,65744,9,,,1,15,,65773,9,,,1,55,,65785,9,,,1,15,,65726,9,,,1,15,,65724,9,,,1,15,,65760,9,,,1,70,,65770,9,,,1
56901,'Semaine-0',720,,65852,27,0,5 6,1
57601,'Semaine-0',729,,65856,26,0,5 6,1
80001,'Semaine-0',608,,65948,9,,,1,27,,65941,9,,,1,72,,65949,9,,,1,28,,65933,9,,,1,75,,65931,9,,,1,30,,65938,9,,,1,67,,65944,9,,,1,31,,65956,9,,,1,70,,65947,9,,,2,30,,65939,9,,,1,70,,65953,9,,,1,29,,65927,9,,,1,70,,65961,9,,,1,29,,65959,9,,,1,74,,65929,9,,,1,30,,65952,9,,,1,70,,65943,9,,,1,30,,65950,9,,,1,72,,65960,9,,,1,27,,65945,9,,,1,17,,65955,9,,,1,63,,65957,9,,,1,24,,65954,9,,,1,67,,65946,9,,,1,30,,65936,9,,,1,71,,65934,9,,,1,28,,65928,9,,,1,67,,65958,9,,,1,33,,65940,9,,,1,67,,65937,9,,,1,30,,65942,9,,,1,69,,65930,9,,,1,30,,65951,9,,,1,74,,65932,9,,,1,32,,65935,9,,,1
