2701,'Semaine-0',610,,63511,5,,,1,43,,63512,5,,,1,91,,63509,5,,,1,66,,63510,5,,,2
2701,'Semaine-10',610,,71441,5,,,1,43,,71442,5,,,1,91,,71439,5,,,1,66,,71440,5,,,2
2701,'Semaine-11',610,,73972,5,,,1,43,,73973,5,,,1,91,,73970,5,,,1,66,,73971,5,,,2
3501,'Semaine-0',648,,63927,5,,,1,75,,63920,5,,,1
3501,'Semaine-10',648,,71857,5,,,1,75,,71850,5,,,1
3501,'Semaine-11',648,,74388,5,,,1,75,,74381,5,,,1
33100,'Semaine-0',829,,65576,27,0,7 8,1
33100,'Semaine-10',829,,73506,27,0,7 8,1
33100,'Semaine-11',829,,76037,27,0,7 8,1
33101,'Semaine-0',1634,,65577,26,0,7 8,1
33101,'Semaine-10',1634,,73507,26,0,7 8,1
33101,'Semaine-11',1634,,76038,26,0,7 8,1
43300,'Semaine-0',1503,,65830,14,0,9 14,2
43300,'Semaine-10',1503,,73760,14,0,9 14,2
43300,'Semaine-11',1503,,76291,14,0,9 14,2
43301,'Semaine-0',738,,65831,21,0,9 14,1
43301,'Semaine-10',738,,73761,21,0,9 14,1
43301,'Semaine-11',738,,76292,21,0,9 14,1
82701,'Semaine-0',747,,65971,5,0,9 12 13,2
82701,'Semaine-10',747,,73901,5,0,9 12 13,2
82701,'Semaine-11',747,,76433,5,0,9 12 13,2
