9301,'Semaine-1',647,,85514,51,,,2,60,,85512,51,,,1,21,,85511,51,,,1,76,,85515,51,,,1,30,,85513,51,,,2
9301,'Semaine-12',647,,85519,51,,,2,60,,85517,51,,,1,21,,85516,51,,,1,76,,85520,51,,,1,30,,85518,51,,,2
9401,'Semaine-1',609,,85521,41,,,1
9401,'Semaine-12',609,,85522,41,,,1
9501,'Semaine-1',639,,85547,64,,,1,15,,85543,64,,,1,53,,85545,64,,,1,20,,85550,64,,,1,17,,85546,64,,,2,57,,85548,64,,,2,14,,85549,64,,,2,16,,85544,64,,,2
9501,'Semaine-12',639,,85555,64,,,1,15,,85551,64,,,1,53,,85553,64,,,1,20,,85558,64,,,1,17,,85554,64,,,2,57,,85556,64,,,2,14,,85557,64,,,2,16,,85552,64,,,2
9801,'Semaine-1',553,,85699,54,,,2,50,,85700,54,,,1,10,,85701,54,,,1
9801,'Semaine-12',553,,85702,54,,,2,50,,85703,54,,,1,10,,85704,54,,,1
10001,'Semaine-1',631,,85741,13,,,1,10,,85739,13,,,1,10,,85738,13,,,1,50,,85737,13,,,1,9,,85740,13,,,1,11,,85742,13,,,1,10,,85743,13,,,1,10,,85744,13,,,1,9,,85745,13,,,1,51,,85746,13,,,1,14,,85747,13,,,1,10,,85748,13,,,1,9,,85749,13,,,1,8,,85750,13,,,1,10,,85751,13,,,1
10001,'Semaine-12',631,,85756,13,,,1,10,,85754,13,,,1,10,,85753,13,,,1,50,,85752,13,,,1,9,,85755,13,,,1,11,,85757,13,,,1,10,,85758,13,,,1,10,,85759,13,,,1,9,,85760,13,,,1,51,,85761,13,,,1,14,,85762,13,,,1,10,,85763,13,,,1,9,,85764,13,,,1,8,,85765,13,,,1,10,,85766,13,,,1
72501,'Semaine-1',836,,86869,33,0,5 11,2
72501,'Semaine-12',836,,86870,33,0,5 11,2
80401,'Semaine-12',1732,,87111,12,,,1
