7100,'Samedi-1',819,,84363,28,,,1,100,,84364,28,,,1,100,,84366,28,,,1,104,,84361,28,,,1,100,,84365,28,,,1,100,,84362,28,,,1,100,,84367,28,,,1,100,,84368,28,,,1,100,,84369,28,,,1,100,,84370,28,,,1,100,,84371,28,,,1,97,,84372,28,,,1,100,,84373,28,,,1,100,,84374,28,,,1,100,,84375,28,,,1,100,,84376,28,,,1
7100,'Samedi-10',819,,74574,28,,,1,100,,74575,28,,,1,100,,74577,28,,,1,104,,74572,28,,,1,100,,74576,28,,,1,100,,74573,28,,,1,100,,74578,28,,,1,100,,74579,28,,,1,100,,74580,28,,,1,100,,74581,28,,,1,100,,74582,28,,,1,97,,74583,28,,,1,100,,74584,28,,,1,100,,74585,28,,,1,100,,74586,28,,,1,100,,74587,28,,,1
7100,'Dimanche-1',819,,84380,28,,,1,100,,84379,28,,,1,100,,84378,28,,,1,104,,84377,28,,,1,100,,84381,28,,,1,100,,84382,28,,,1,100,,84383,28,,,1,100,,84384,28,,,1,100,,84385,28,,,1,100,,84389,28,,,1,100,,84388,28,,,1,97,,84386,28,,,1,100,,84387,28,,,1,100,,84390,28,,,1,100,,84391,28,,,1,100,,84392,28,,,1
7100,'Semaine-1',548,,84420,28,,,2,70,,84423,28,,,1,27,,84419,28,,,2,58,,84424,28,,,1,17,,84422,28,,,1,14,,84425,28,,,1,20,,84421,28,,,1,51,,84428,28,,,1,18,,84432,28,,,1,15,,84429,28,,,2,15,,84430,28,,,2,53,,84431,28,,,1,30,,84434,28,,,1,15,,84433,28,,,2,71,,84426,28,,,1,30,,84435,28,,,1,70,,84427,28,,,1,30,,84394,28,,,1,70,,84395,28,,,1,30,,84398,28,,,1,69,,84393,28,,,2,30,,84396,28,,,1,75,,84401,28,,,2,30,,84397,28,,,1,69,,84399,28,,,1,30,,84400,28,,,1,56,,84411,28,,,1,19,,84410,28,,,1,12,,84408,28,,,2,14,,84412,28,,,1,55,,84402,28,,,1,12,,84405,28,,,2,15,,84403,28,,,1,70,,84404,28,,,1,27,,84406,28,,,2,70,,84409,28,,,1,30,,84413,28,,,1,67,,84407,28,,,2,33,,84414,28,,,2,100,,84416,28,,,1,93,,84415,28,,,2,100,,84418,28,,,2,100,,84417,28,,,1
7100,'Semaine-12',548,,84463,28,,,2,70,,84466,28,,,1,27,,84462,28,,,2,58,,84467,28,,,1,17,,84465,28,,,1,14,,84468,28,,,1,20,,84464,28,,,1,51,,84471,28,,,1,18,,84475,28,,,1,15,,84472,28,,,2,15,,84473,28,,,2,53,,84474,28,,,1,30,,84477,28,,,1,15,,84476,28,,,2,71,,84469,28,,,1,30,,84478,28,,,1,70,,84470,28,,,1,30,,84437,28,,,1,70,,84438,28,,,1,30,,84441,28,,,1,69,,84436,28,,,2,30,,84439,28,,,1,75,,84444,28,,,2,30,,84440,28,,,1,69,,84442,28,,,1,30,,84443,28,,,1,56,,84454,28,,,1,19,,84453,28,,,1,12,,84451,28,,,2,14,,84455,28,,,1,55,,84445,28,,,1,12,,84448,28,,,2,15,,84446,28,,,1,70,,84447,28,,,1,27,,84449,28,,,2,70,,84452,28,,,1,30,,84456,28,,,1,67,,84450,28,,,2,33,,84457,28,,,2,100,,84459,28,,,1,93,,84458,28,,,2,100,,84461,28,,,2,100,,84460,28,,,1
7600,'Samedi-1',746,,84976,20,,,1,100,,84979,20,,,1,100,,84978,20,,,1,100,,84981,20,,,1,100,,84980,20,,,1,101,,84975,20,,,1,99,,84977,20,,,1,100,,84982,20,,,1,100,,84983,20,,,1,100,,84984,20,,,1,100,,84985,20,,,1,100,,84986,20,,,1,100,,84987,20,,,1,100,,84988,20,,,1,100,,84989,20,,,1,100,,84990,20,,,1
7600,'Samedi-10',746,,75740,20,,,1,100,,75743,20,,,1,100,,75742,20,,,1,100,,75745,20,,,1,100,,75744,20,,,1,101,,75739,20,,,1,99,,75741,20,,,1,100,,75746,20,,,1,100,,75747,20,,,1,100,,75748,20,,,1,100,,75749,20,,,1,100,,75750,20,,,1,100,,75751,20,,,1,100,,75752,20,,,1,100,,75753,20,,,1,100,,75754,20,,,1
7600,'Dimanche-1',746,,84994,20,,,1,100,,84993,20,,,1,100,,84992,20,,,1,100,,84997,20,,,1,100,,84991,20,,,1,101,,84996,20,,,1,99,,84995,20,,,1,100,,84998,20,,,1,100,,84999,20,,,1,100,,85000,20,,,1,100,,85003,20,,,1,100,,85001,20,,,1,100,,85002,20,,,1,100,,85004,20,,,1,100,,85005,20,,,1,100,,85006,20,,,1
7600,'Semaine-1',553,,85033,20,,,1,70,,85030,20,,,1,22,,85034,20,,,1,58,,85031,20,,,1,19,,85032,20,,,2,24,,85035,20,,,1,63,,85036,20,,,1,14,,85044,20,,,1,20,,85043,20,,,1,63,,85038,20,,,1,18,,85039,20,,,2,25,,85037,20,,,1,70,,85041,20,,,1,30,,85040,20,,,1,70,,85042,20,,,2,28,,85010,20,,,1,72,,85011,20,,,1,30,,85012,20,,,1,70,,85008,20,,,1,30,,85015,20,,,1,70,,85009,20,,,1,34,,85013,20,,,1,70,,85014,20,,,1,34,,85007,20,,,1,56,,85022,20,,,1,17,,85016,20,,,1,23,,85019,20,,,2,60,,85023,20,,,1,12,,85020,20,,,2,20,,85024,20,,,1,70,,85025,20,,,1,30,,85021,20,,,1,70,,85026,20,,,1,86,,85017,20,,,1,58,,85027,20,,,2,100,,85028,20,,,2,100,,85018,20,,,2,100,,85029,20,,,1
7600,'Semaine-12',553,,85071,20,,,1,70,,85068,20,,,1,22,,85072,20,,,1,58,,85069,20,,,1,19,,85070,20,,,2,24,,85073,20,,,1,63,,85074,20,,,1,14,,85082,20,,,1,20,,85081,20,,,1,63,,85076,20,,,1,18,,85077,20,,,2,25,,85075,20,,,1,70,,85079,20,,,1,30,,85078,20,,,1,70,,85080,20,,,2,28,,85048,20,,,1,72,,85049,20,,,1,30,,85050,20,,,1,70,,85046,20,,,1,30,,85053,20,,,1,70,,85047,20,,,1,34,,85051,20,,,1,70,,85052,20,,,1,34,,85045,20,,,1,56,,85060,20,,,1,17,,85054,20,,,1,23,,85057,20,,,2,60,,85061,20,,,1,12,,85058,20,,,2,20,,85062,20,,,1,70,,85063,20,,,1,30,,85059,20,,,1,70,,85064,20,,,1,86,,85055,20,,,1,58,,85065,20,,,2,100,,85066,20,,,2,100,,85056,20,,,2,100,,85067,20,,,1
7900,'Semaine-1',1215,,85377,6,,,1,33,,85380,25,,,1,100,,85381,25,,,1,174,,85378,25,,,1,30,,85379,25,,,1,72,,85382,25,,,1,29,,85375,25,,,1,67,,85383,25,,,1,29,,85376,25,,,2,85,,85384,25,,,1,85,,85385,25,,,1
7900,'Semaine-12',1215,,85388,6,,,1,33,,85391,25,,,1,100,,85392,25,,,1,174,,85389,25,,,1,30,,85390,25,,,1,72,,85393,25,,,1,29,,85386,25,,,1,67,,85394,25,,,1,29,,85387,25,,,2,85,,85395,25,,,1,85,,85396,25,,,1
57100,'Semaine-1',1610,,86825,65,0,5 6,1
57100,'Semaine-12',1610,,86826,65,0,5 6,1
57600,'Semaine-1',1553,,86829,28,0,5 6,1
57600,'Semaine-12',1553,,86830,28,0,5 6,1
