6201,'Semaine-1',539,,83144,42,4,,1,70,,83153,42,4,,1,30,,83162,42,4,,1,70,,83159,42,4,,1,30,,83146,42,4,,2,72,,83145,42,4,,1,29,,83143,42,4,,1,99,,83152,42,4,,1,100,,83164,42,4,,1,100,,83147,42,4,,1,100,,83151,42,4,,1,100,,83161,42,4,,2,102,,83149,42,4,,1,100,,83158,42,4,,1,72,,83148,42,4,,1,28,,83150,42,4,,1,70,,83157,42,4,,1,30,,83163,42,4,,2,70,,83165,42,4,,2,98,,83160,42,4,,2,100,,83155,42,4,,1,100,,83156,42,4,,1,100,,83154,42,4,,1
6201,'Semaine-12',539,,83167,42,4,,1,70,,83176,42,4,,1,30,,83185,42,4,,1,70,,83182,42,4,,1,30,,83169,42,4,,2,72,,83168,42,4,,1,29,,83166,42,4,,1,99,,83175,42,4,,1,100,,83187,42,4,,1,100,,83170,42,4,,1,100,,83174,42,4,,1,100,,83184,42,4,,2,102,,83172,42,4,,1,100,,83181,42,4,,1,72,,83171,42,4,,1,28,,83173,42,4,,1,70,,83180,42,4,,1,30,,83186,42,4,,2,70,,83188,42,4,,2,98,,83183,42,4,,2,100,,83178,42,4,,1,100,,83179,42,4,,1,100,,83177,42,4,,1
6301,'Samedi-1',1142,,83247,27,4,,1,100,,83248,27,4,,1,100,,83249,27,4,,1,100,,83250,27,4,,1,100,,83251,27,4,,1,100,,83252,27,4,,1,100,,83253,27,4,,1,100,,83254,27,4,,1
6301,'Samedi-10',1142,,72338,27,4,,1,100,,72339,27,4,,1,100,,72340,27,4,,1,100,,72341,27,4,,1,100,,72342,27,4,,1,100,,72343,27,4,,1,100,,72344,27,4,,1,100,,72345,27,4,,1
6301,'Dimanche-1',1142,,83255,27,4,,1,100,,83257,27,4,,1,100,,83256,27,4,,1,100,,83259,27,4,,1,100,,83260,27,4,,1,100,,83258,27,4,,1,100,,83261,27,4,,1,100,,83262,27,4,,1
6301,'Semaine-1',611,,83264,27,4,,1,30,,83263,27,4,,1,70,,83266,27,4,,1,30,,83268,27,4,,1,72,,83269,27,4,,1,28,,83267,27,4,,2,100,,83265,27,4,,1,100,,83270,27,4,,1,100,,83271,27,4,,1,100,,83275,27,4,,1,100,,83276,27,4,,1,100,,83277,27,4,,2,101,,83273,27,4,,1,71,,83272,27,4,,1,30,,83274,27,4,,1,70,,83278,27,4,,2,30,,83282,27,4,,1,70,,83283,27,4,,1,27,,83284,27,4,,1,100,,83279,27,4,,1,100,,83281,27,4,,1,100,,83280,27,4,,1
6301,'Semaine-12',611,,83286,27,4,,1,30,,83285,27,4,,1,70,,83288,27,4,,1,30,,83290,27,4,,1,72,,83291,27,4,,1,28,,83289,27,4,,2,100,,83287,27,4,,1,100,,83292,27,4,,1,100,,83293,27,4,,1,100,,83297,27,4,,1,100,,83298,27,4,,1,100,,83299,27,4,,2,101,,83295,27,4,,1,71,,83294,27,4,,1,30,,83296,27,4,,1,70,,83300,27,4,,2,30,,83304,27,4,,1,70,,83305,27,4,,1,27,,83306,27,4,,1,100,,83301,27,4,,1,100,,83303,27,4,,1,100,,83302,27,4,,1
6401,'Samedi-1',741,,83372,45,4,,1,100,,83369,45,4,,1,100,,83371,45,4,,1,100,,83374,45,4,,1,100,,83370,45,4,,1,100,,83375,45,4,,1,100,,83373,45,4,,1,100,,83376,45,4,,1,100,,83377,45,4,,1,100,,83378,45,4,,1,100,,83379,45,4,,1
6401,'Samedi-10',741,,72587,45,4,,1,100,,72584,45,4,,1,100,,72586,45,4,,1,100,,72589,45,4,,1,100,,72585,45,4,,1,100,,72590,45,4,,1,100,,72588,45,4,,1,100,,72591,45,4,,1,100,,72592,45,4,,1,100,,72593,45,4,,1,100,,72594,45,4,,1
6401,'Dimanche-1',741,,83384,45,4,,1,100,,83381,45,4,,1,100,,83387,45,4,,1,100,,83388,45,4,,1,100,,83385,45,4,,1,100,,83380,45,4,,1,100,,83382,45,4,,1,100,,83383,45,4,,1,100,,83389,45,4,,1,100,,83386,45,4,,1,100,,83390,45,4,,1
6401,'Semaine-1',541,,83391,45,4,,2,108,,83401,45,4,,2,100,,83403,45,4,,1,100,,83400,45,4,,1,97,,83408,45,4,,1,100,,83395,45,4,,1,100,,83394,45,4,,1,100,,83406,45,4,,1,100,,83402,45,4,,2,100,,83404,45,4,,1,100,,83405,45,4,,1,102,,83396,45,4,,1,98,,83392,45,4,,1,100,,83393,45,4,,1,96,,83399,45,4,,1,100,,83397,45,4,,1,100,,83398,45,4,,1,100,,83407,45,4,,1
6401,'Semaine-12',541,,83409,45,4,,2,108,,83419,45,4,,2,100,,83421,45,4,,1,100,,83418,45,4,,1,97,,83426,45,4,,1,100,,83413,45,4,,1,100,,83412,45,4,,1,100,,83424,45,4,,1,100,,83420,45,4,,2,100,,83422,45,4,,1,100,,83423,45,4,,1,102,,83414,45,4,,1,98,,83410,45,4,,1,100,,83411,45,4,,1,96,,83417,45,4,,1,100,,83415,45,4,,1,100,,83416,45,4,,1,100,,83425,45,4,,1
6501,'Samedi-1',755,,83537,26,4,,1,100,,83535,26,4,,1,100,,83534,26,4,,1,100,,83532,26,4,,1,100,,83531,26,4,,1,100,,83533,26,4,,1,100,,83536,26,4,,1,100,,83538,26,4,,1,100,,83539,26,4,,1,100,,83540,26,4,,1,100,,83541,26,4,,1,100,,83545,26,4,,1,100,,83542,26,4,,1,100,,83543,26,4,,1,100,,83544,26,4,,1,100,,83546,26,4,,1,100,,83547,26,4,,1
6501,'Samedi-10',755,,72923,26,4,,1,100,,72921,26,4,,1,100,,72920,26,4,,1,100,,72918,26,4,,1,100,,72917,26,4,,1,100,,72919,26,4,,1,100,,72922,26,4,,1,100,,72924,26,4,,1,100,,72925,26,4,,1,100,,72926,26,4,,1,100,,72927,26,4,,1,100,,72931,26,4,,1,100,,72928,26,4,,1,100,,72929,26,4,,1,100,,72930,26,4,,1,100,,72932,26,4,,1,100,,72933,26,4,,1
6501,'Dimanche-1',755,,83551,26,4,,1,100,,83552,26,4,,1,100,,83548,26,4,,1,100,,83549,26,4,,1,100,,83550,26,4,,1,100,,83553,26,4,,1,100,,83555,26,4,,1,100,,83554,26,4,,1,100,,83559,26,4,,1,100,,83556,26,4,,1,100,,83558,26,4,,1,100,,83560,26,4,,1,100,,83557,26,4,,1,100,,83561,26,4,,1,100,,83562,26,4,,1,100,,83563,26,4,,1,100,,83564,26,4,,1
6501,'Semaine-1',553,,83577,26,4,,1,70,,83590,26,4,,1,32,,83594,26,4,,1,60,,83579,26,4,,1,19,,83580,26,4,,1,21,,83593,26,4,,1,62,,83578,26,4,,2,19,,83576,26,4,,1,19,,83587,26,4,,2,60,,83566,26,4,,2,20,,83582,26,4,,1,66,,83573,26,4,,1,30,,83575,26,4,,1,100,,83583,26,4,,1,102,,83570,26,4,,1,100,,83585,26,4,,1,100,,83567,26,4,,1,100,,83571,26,4,,1,73,,83584,26,4,,2,21,,83569,26,4,,1,14,,83591,26,4,,2,62,,83588,26,4,,1,20,,83572,26,4,,2,14,,83565,26,4,,1,20,,83586,26,4,,2,60,,83589,26,4,,2,17,,83574,26,4,,1,20,,83568,26,4,,2,60,,83596,26,4,,2,97,,83592,26,4,,1,100,,83595,26,4,,1,100,,83597,26,4,,1,100,,83581,26,4,,1
6501,'Semaine-12',553,,83610,26,4,,1,70,,83623,26,4,,1,32,,83627,26,4,,1,60,,83612,26,4,,1,19,,83613,26,4,,1,21,,83626,26,4,,1,62,,83611,26,4,,2,19,,83609,26,4,,1,19,,83620,26,4,,2,60,,83599,26,4,,2,20,,83615,26,4,,1,66,,83606,26,4,,1,30,,83608,26,4,,1,100,,83616,26,4,,1,102,,83603,26,4,,1,100,,83618,26,4,,1,100,,83600,26,4,,1,100,,83604,26,4,,1,73,,83617,26,4,,2,21,,83602,26,4,,1,14,,83624,26,4,,2,62,,83621,26,4,,1,20,,83605,26,4,,2,14,,83598,26,4,,1,20,,83619,26,4,,2,60,,83622,26,4,,2,17,,83607,26,4,,1,20,,83601,26,4,,2,60,,83629,26,4,,2,97,,83625,26,4,,1,100,,83628,26,4,,1,100,,83630,26,4,,1,100,,83614,26,4,,1
6601,'Samedi-1',707,,83727,46,4,,1,100,,83729,46,4,,1,100,,83733,46,4,,1,100,,83730,46,4,,1,100,,83734,46,4,,1,100,,83728,46,4,,1,100,,83731,46,4,,1,100,,83732,46,4,,1,100,,83735,46,4,,1,100,,83736,46,4,,1,100,,83737,46,4,,1,100,,83738,46,4,,1,100,,83739,46,4,,1,100,,83741,46,4,,1,100,,83740,46,4,,1,100,,83742,46,4,,1,100,,83743,46,4,,1,100,,83744,46,4,,1
6601,'Samedi-10',707,,73314,46,4,,1,100,,73316,46,4,,1,100,,73320,46,4,,1,100,,73317,46,4,,1,100,,73321,46,4,,1,100,,73315,46,4,,1,100,,73318,46,4,,1,100,,73319,46,4,,1,100,,73322,46,4,,1,100,,73323,46,4,,1,100,,73324,46,4,,1,100,,73325,46,4,,1,100,,73326,46,4,,1,100,,73328,46,4,,1,100,,73327,46,4,,1,100,,73329,46,4,,1,100,,73330,46,4,,1,100,,73331,46,4,,1
6601,'Dimanche-1',707,,83746,46,4,,1,100,,83750,46,4,,1,100,,83751,46,4,,1,100,,83752,46,4,,1,100,,83745,46,4,,1,100,,83747,46,4,,1,100,,83748,46,4,,1,100,,83749,46,4,,1,100,,83754,46,4,,1,100,,83753,46,4,,1,100,,83757,46,4,,1,100,,83755,46,4,,1,100,,83758,46,4,,1,100,,83756,46,4,,1,100,,83759,46,4,,1,100,,83760,46,4,,1,100,,83761,46,4,,1,100,,83762,46,4,,1
6601,'Semaine-1',559,,83772,46,4,,2,60,,83765,46,4,,1,18,,83774,46,4,,1,21,,83780,46,4,,2,60,,83775,46,4,,2,21,,83766,46,4,,1,63,,83778,46,4,,2,19,,83771,46,4,,1,18,,83787,46,4,,1,61,,83764,46,4,,1,19,,83777,46,4,,1,18,,83788,46,4,,1,20,,83796,46,4,,1,102,,83776,46,4,,1,100,,83768,46,4,,1,100,,83792,46,4,,1,100,,83793,46,4,,1,100,,83779,46,4,,2,62,,83767,46,4,,1,19,,83784,46,4,,2,19,,83781,46,4,,1,64,,83794,46,4,,1,22,,83763,46,4,,1,59,,83789,46,4,,1,20,,83782,46,4,,1,20,,83795,46,4,,1,58,,83785,46,4,,2,24,,83790,46,4,,2,20,,83783,46,4,,1,58,,83791,46,4,,1,19,,83797,46,4,,2,94,,83770,46,4,,2,100,,83769,46,4,,1,95,,83773,46,4,,1,100,,83786,46,4,,1
6601,'Semaine-12',559,,83807,46,4,,2,60,,83800,46,4,,1,18,,83809,46,4,,1,21,,83815,46,4,,2,60,,83810,46,4,,2,21,,83801,46,4,,1,63,,83813,46,4,,2,19,,83806,46,4,,1,18,,83822,46,4,,1,61,,83799,46,4,,1,19,,83812,46,4,,1,18,,83823,46,4,,1,20,,83831,46,4,,1,102,,83811,46,4,,1,100,,83803,46,4,,1,100,,83827,46,4,,1,100,,83828,46,4,,1,100,,83814,46,4,,2,62,,83802,46,4,,1,19,,83819,46,4,,2,19,,83816,46,4,,1,64,,83829,46,4,,1,22,,83798,46,4,,1,59,,83824,46,4,,1,20,,83817,46,4,,1,20,,83830,46,4,,1,58,,83820,46,4,,2,24,,83825,46,4,,2,20,,83818,46,4,,1,58,,83826,46,4,,1,19,,83832,46,4,,2,94,,83805,46,4,,2,100,,83804,46,4,,1,95,,83808,46,4,,1,100,,83821,46,4,,1
6901,'Samedi-1',825,,84287,26,4,,1,100,,84288,26,4,,1,100,,84289,26,4,,1,100,,84290,26,4,,1,100,,84292,26,4,,1,100,,84291,26,4,,1,100,,84293,26,4,,1,100,,84294,26,4,,1,100,,84295,26,4,,1,100,,84296,26,4,,1,100,,84297,26,4,,1,100,,84298,26,4,,1,100,,84299,26,4,,1,100,,84300,26,4,,1,100,,84301,26,4,,1
6901,'Samedi-10',825,,74415,26,4,,1,100,,74416,26,4,,1,100,,74417,26,4,,1,100,,74418,26,4,,1,100,,74420,26,4,,1,100,,74419,26,4,,1,100,,74421,26,4,,1,100,,74422,26,4,,1,100,,74423,26,4,,1,100,,74424,26,4,,1,100,,74425,26,4,,1,100,,74426,26,4,,1,100,,74427,26,4,,1,100,,74428,26,4,,1,100,,74429,26,4,,1
6901,'Dimanche-1',825,,84306,26,4,,1,100,,84307,26,4,,1,100,,84308,26,4,,1,100,,84309,26,4,,1,100,,84302,26,4,,1,100,,84305,26,4,,1,100,,84303,26,4,,1,100,,84304,26,4,,1,100,,84312,26,4,,1,100,,84313,26,4,,1,100,,84310,26,4,,1,100,,84311,26,4,,1,100,,84314,26,4,,1,100,,84315,26,4,,1,100,,84316,26,4,,1
6901,'Semaine-1',556,,84317,26,4,,1,70,,84318,26,4,,1,30,,84319,26,4,,2,71,,84320,26,4,,1,76,,84321,26,4,,1,19,,84322,26,4,,1,28,,84323,26,4,,1,58,,84324,26,4,,1,103,,84325,26,4,,1,99,,84326,26,4,,2,101,,84327,26,4,,2,95,,84328,26,4,,2,104,,84329,26,4,,1,101,,84330,26,4,,1,99,,84331,26,4,,2,103,,84332,26,4,,2,101,,84333,26,4,,1,37,,84334,26,4,,1,100,,84335,26,4,,1,100,,84336,26,4,,2,100,,84337,26,4,,2,100,,84338,26,4,,2
6901,'Semaine-12',556,,84339,26,4,,1,70,,84340,26,4,,1,30,,84341,26,4,,2,71,,84342,26,4,,1,76,,84343,26,4,,1,19,,84344,26,4,,1,28,,84345,26,4,,1,58,,84346,26,4,,1,103,,84347,26,4,,1,99,,84348,26,4,,2,101,,84349,26,4,,2,95,,84350,26,4,,2,104,,84351,26,4,,1,101,,84352,26,4,,1,99,,84353,26,4,,2,103,,84354,26,4,,2,101,,84355,26,4,,1,37,,84356,26,4,,1,100,,84357,26,4,,1,100,,84358,26,4,,2,100,,84359,26,4,,2,100,,84360,26,4,,2
