6400,'Samedi-1',733,,83307,3,,,1,100,,83309,3,,,1,100,,83312,3,,,1,100,,83310,3,,,1,100,,83313,3,,,1,100,,83308,3,,,1,100,,83311,3,,,1,100,,83314,3,,,1,100,,83315,3,,,1,100,,83316,3,,,1,100,,83317,3,,,1,100,,83318,3,,,1
6400,'Samedi-10',733,,72456,3,,,1,100,,72458,3,,,1,100,,72461,3,,,1,100,,72459,3,,,1,100,,72462,3,,,1,100,,72457,3,,,1,100,,72460,3,,,1,100,,72463,3,,,1,100,,72464,3,,,1,100,,72465,3,,,1,100,,72466,3,,,1,100,,72467,3,,,1
6400,'Dimanche-1',733,,83320,3,,,1,100,,83321,3,,,1,100,,83326,3,,,1,100,,83324,3,,,1,100,,83319,3,,,1,100,,83322,3,,,1,100,,83323,3,,,1,100,,83327,3,,,1,100,,83325,3,,,1,100,,83329,3,,,1,100,,83330,3,,,1,100,,83328,3,,,1
6400,'Semaine-1',643,,83339,3,,,1,74,,83336,3,,,1,30,,83331,3,,,1,70,,83335,3,,,1,100,,83337,3,,,1,100,,83342,3,,,1,100,,83341,3,,,1,100,,83334,3,,,1,100,,83347,3,,,1,100,,83343,3,,,1,95,,83344,3,,,1,45,,83349,3,,,1,87,,83348,3,,,1,103,,83345,3,,,1,95,,83346,3,,,1,100,,83338,3,,,2,100,,83332,3,,,2,100,,83340,3,,,1,100,,83333,3,,,1
6400,'Semaine-12',643,,83358,3,,,1,74,,83355,3,,,1,30,,83350,3,,,1,70,,83354,3,,,1,100,,83356,3,,,1,100,,83361,3,,,1,100,,83360,3,,,1,100,,83353,3,,,1,100,,83366,3,,,1,100,,83362,3,,,1,95,,83363,3,,,1,45,,83368,3,,,1,87,,83367,3,,,1,103,,83364,3,,,1,95,,83365,3,,,1,100,,83357,3,,,2,100,,83351,3,,,2,100,,83359,3,,,1,100,,83352,3,,,1
6600,'Samedi-1',712,,83633,3,,,1,100,,83636,3,,,1,100,,83634,3,,,1,100,,83637,3,,,1,100,,83631,3,,,1,100,,83632,3,,,1,100,,83635,3,,,1,100,,83638,3,,,1,100,,83639,3,,,1,100,,83640,3,,,1,100,,83641,3,,,1,100,,83642,3,,,1,100,,83644,3,,,1,100,,83643,3,,,1,100,,83645,3,,,1,100,,83646,3,,,1,100,,83647,3,,,1
6600,'Samedi-10',712,,73120,3,,,1,100,,73123,3,,,1,100,,73121,3,,,1,100,,73124,3,,,1,100,,73118,3,,,1,100,,73119,3,,,1,100,,73122,3,,,1,100,,73125,3,,,1,100,,73126,3,,,1,100,,73127,3,,,1,100,,73128,3,,,1,100,,73129,3,,,1,100,,73131,3,,,1,100,,73130,3,,,1,100,,73132,3,,,1,100,,73133,3,,,1,100,,73134,3,,,1
6600,'Dimanche-1',712,,83652,3,,,1,100,,83653,3,,,1,100,,83654,3,,,1,100,,83648,3,,,1,100,,83649,3,,,1,100,,83650,3,,,1,100,,83651,3,,,1,100,,83656,3,,,1,100,,83655,3,,,1,100,,83659,3,,,1,100,,83657,3,,,1,100,,83661,3,,,1,100,,83658,3,,,1,100,,83660,3,,,1,100,,83662,3,,,1,100,,83663,3,,,1,100,,83664,3,,,1
6600,'Semaine-1',558,,83675,3,,,2,60,,83681,3,,,2,20,,83676,3,,,1,63,,83668,3,,,2,19,,83680,3,,,1,19,,83673,3,,,1,61,,83687,3,,,1,18,,83667,3,,,1,18,,83678,3,,,1,20,,83688,3,,,1,100,,83677,3,,,1,100,,83669,3,,,1,100,,83692,3,,,1,100,,83693,3,,,1,101,,83679,3,,,2,100,,83689,3,,,1,63,,83682,3,,,1,22,,83665,3,,,1,60,,83684,3,,,1,18,,83690,3,,,1,20,,83695,3,,,1,19,,83666,3,,,2,64,,83685,3,,,2,20,,83683,3,,,1,58,,83671,3,,,1,22,,83691,3,,,2,94,,83672,3,,,2,100,,83670,3,,,1,99,,83674,3,,,1,100,,83686,3,,,1,100,,83694,3,,,1
6600,'Semaine-12',558,,83706,3,,,2,60,,83712,3,,,2,20,,83707,3,,,1,63,,83699,3,,,2,19,,83711,3,,,1,19,,83704,3,,,1,61,,83718,3,,,1,18,,83698,3,,,1,18,,83709,3,,,1,20,,83719,3,,,1,100,,83708,3,,,1,100,,83700,3,,,1,100,,83723,3,,,1,100,,83724,3,,,1,101,,83710,3,,,2,100,,83720,3,,,1,63,,83713,3,,,1,22,,83696,3,,,1,60,,83715,3,,,1,18,,83721,3,,,1,20,,83726,3,,,1,19,,83697,3,,,2,64,,83716,3,,,2,20,,83714,3,,,1,58,,83702,3,,,1,22,,83722,3,,,2,94,,83703,3,,,2,100,,83701,3,,,1,99,,83705,3,,,1,100,,83717,3,,,1,100,,83725,3,,,1
6900,'Samedi-1',844,,84218,3,,,1,100,,84217,3,,,1,100,,84219,3,,,1,100,,84221,3,,,1,100,,84220,3,,,1,100,,84222,3,,,1,100,,84223,3,,,1,100,,84224,3,,,1,100,,84225,3,,,1,100,,84226,3,,,1,100,,84227,3,,,1,100,,84228,3,,,1,100,,84229,3,,,1,100,,84230,3,,,1,100,,84231,3,,,1
6900,'Samedi-10',844,,74266,3,,,1,100,,74265,3,,,1,100,,74267,3,,,1,100,,74269,3,,,1,100,,74268,3,,,1,100,,74270,3,,,1,100,,74271,3,,,1,100,,74272,3,,,1,100,,74273,3,,,1,100,,74274,3,,,1,100,,74275,3,,,1,100,,74276,3,,,1,100,,74277,3,,,1,100,,74278,3,,,1,100,,74279,3,,,1
6900,'Dimanche-1',844,,84236,3,,,1,100,,84237,3,,,1,100,,84238,3,,,1,100,,84232,3,,,1,100,,84234,3,,,1,100,,84235,3,,,1,100,,84233,3,,,1,100,,84241,3,,,1,100,,84242,3,,,1,100,,84239,3,,,1,100,,84240,3,,,1,100,,84243,3,,,1,100,,84244,3,,,1,100,,84245,3,,,1,100,,84246,3,,,1
6900,'Semaine-1',830,,84247,3,,,1,103,,84248,3,,,1,99,,84249,3,,,2,101,,84250,3,,,2,95,,84251,3,,,2,104,,84252,3,,,1,101,,84253,3,,,1,70,,84254,3,,,1,30,,84255,3,,,2,73,,84256,3,,,1,29,,84257,3,,,2,68,,84258,3,,,1,33,,84259,3,,,1,67,,84260,3,,,1,28,,84261,3,,,1,82,,84262,3,,,1,100,,84263,3,,,2,100,,84264,3,,,2,100,,84265,3,,,2,100,,84266,3,,,2
6900,'Semaine-12',830,,84267,3,,,1,103,,84268,3,,,1,99,,84269,3,,,2,101,,84270,3,,,2,95,,84271,3,,,2,104,,84272,3,,,1,101,,84273,3,,,1,70,,84274,3,,,1,30,,84275,3,,,2,73,,84276,3,,,1,29,,84277,3,,,2,68,,84278,3,,,1,33,,84279,3,,,1,67,,84280,3,,,1,28,,84281,3,,,1,82,,84282,3,,,1,100,,84283,3,,,2,100,,84284,3,,,2,100,,84285,3,,,2,100,,84286,3,,,2
56900,'Semaine-1',1536,,86821,10,0,5 6,2
56900,'Semaine-12',1536,,86822,10,0,5 6,2
