2300,'Semaine-1',1601,,79976,26,,,1,28,,79974,26,,,1,74,,79972,26,,,1,25,,79973,26,,,2,24,,79975,26,,,2,68,,79971,26,,,1
2300,'Semaine-12',1601,,79982,26,,,1,28,,79980,26,,,1,74,,79978,26,,,1,25,,79979,26,,,2,24,,79981,26,,,2,68,,79977,26,,,1
2500,'Semaine-1',1542,,79993,25,,,1,70,,79996,25,,,1,32,,79994,25,,,1,73,,79998,25,,,1,24,,79995,25,,,2,65,,79997,25,,,2
2500,'Semaine-12',1542,,79999,25,,,1,70,,80002,25,,,1,32,,80000,25,,,1,73,,80004,25,,,1,24,,80001,25,,,2,65,,80003,25,,,2
2800,'Semaine-1',1613,,80055,35,,,1,42,,80056,35,,,1,91,,80057,35,,,1
2800,'Semaine-12',1613,,80058,35,,,1,42,,80059,35,,,1,91,,80060,35,,,1
4901,'Samedi-1',728,,82116,23,,,1,100,,82115,23,,,1,100,,82117,23,,,1,100,,82113,23,,,1,100,,82118,23,,,1,101,,82114,23,,,1,100,,82119,23,,,1,100,,82120,23,,,1,100,,82121,23,,,1,100,,82122,23,,,1,100,,82123,23,,,1,99,,82124,23,,,1,100,,82125,23,,,1,100,,82126,23,,,1,100,,82127,23,,,1,100,,82128,23,,,1,100,,82129,23,,,1
4901,'Samedi-10',728,,70061,23,,,1,100,,70060,23,,,1,100,,70062,23,,,1,100,,70058,23,,,1,100,,70063,23,,,1,101,,70059,23,,,1,100,,70064,23,,,1,100,,70065,23,,,1,100,,70066,23,,,1,100,,70067,23,,,1,100,,70068,23,,,1,99,,70069,23,,,1,100,,70070,23,,,1,100,,70071,23,,,1,100,,70072,23,,,1,100,,70073,23,,,1,100,,70074,23,,,1
4901,'Dimanche-1',728,,82143,23,,,1,100,,82132,23,,,1,100,,82142,23,,,1,100,,82135,23,,,1,100,,82131,23,,,1,101,,82130,23,,,1,100,,82133,23,,,1,100,,82134,23,,,1,100,,82137,23,,,1,100,,82136,23,,,1,100,,82140,23,,,1,99,,82139,23,,,1,100,,82141,23,,,1,100,,82138,23,,,1,100,,82144,23,,,1,100,,82145,23,,,1,100,,82146,23,,,1
4901,'Semaine-1',611,,82153,23,,,1,48,,82158,23,,,1,71,,82174,23,,,1,71,,82170,23,,,1,28,,82168,23,,,1,28,,82178,23,,,1,70,,82160,23,,,1,30,,82176,23,,,1,68,,82172,23,,,1,32,,82147,23,,,1,70,,82169,23,,,1,30,,82148,23,,,1,70,,82154,23,,,1,30,,82156,23,,,1,70,,82161,23,,,1,29,,82177,23,,,1,71,,82159,23,,,1,32,,82179,23,,,1,62,,82175,23,,,1,11,,82162,23,,,1,15,,82149,23,,,1,55,,82165,23,,,1,30,,82155,23,,,1,27,,82157,23,,,1,69,,82173,23,,,1,29,,82167,23,,,1,70,,82171,23,,,1,94,,82150,23,,,1,80,,82166,23,,,1,101,,82164,23,,,1,99,,82151,23,,,1,100,,82163,23,,,1,58,,82152,23,,,1
4901,'Semaine-12',611,,82186,23,,,1,48,,82191,23,,,1,71,,82207,23,,,1,71,,82203,23,,,1,28,,82201,23,,,1,28,,82211,23,,,1,70,,82193,23,,,1,30,,82209,23,,,1,68,,82205,23,,,1,32,,82180,23,,,1,70,,82202,23,,,1,30,,82181,23,,,1,70,,82187,23,,,1,30,,82189,23,,,1,70,,82194,23,,,1,29,,82210,23,,,1,71,,82192,23,,,1,32,,82212,23,,,1,62,,82208,23,,,1,11,,82195,23,,,1,15,,82182,23,,,1,55,,82198,23,,,1,30,,82188,23,,,1,27,,82190,23,,,1,69,,82206,23,,,1,29,,82200,23,,,1,70,,82204,23,,,1,94,,82183,23,,,1,80,,82199,23,,,1,101,,82197,23,,,1,99,,82184,23,,,1,100,,82196,23,,,1,58,,82185,23,,,1
32500,'Semaine-1',1641,,85896,31,0,7 8,1
32500,'Semaine-12',1641,,85898,31,0,7 8,1
42501,'Semaine-1',1512,,86757,19,0,9 14,1
42501,'Semaine-12',1512,,86758,19,0,9 14,1
54901,'Semaine-1',1532,,86796,16,,,1
54901,'Semaine-12',1532,,86798,16,,,1
72500,'Semaine-1',1636,,86867,23,0,5 11,1
72500,'Semaine-12',1636,,86868,23,0,5 11,1
82500,'Semaine-1',1542,,87113,17,0,9 12 13,1
82500,'Semaine-12',1542,,87115,17,0,9 12 13,1
