9701,'Samedi-0',801,,76955,65,,,1,100,,76958,65,,,1,101,,76956,65,,,1,100,,76959,65,,,1,100,,76953,65,,,1,100,,76954,65,,,1,101,,76957,65,,,1,100,,76960,65,,,1,100,,76961,65,,,1,100,,76962,65,,,1,100,,76963,65,,,1,100,,76964,65,,,1,100,,76968,65,,,1,100,,76965,65,,,1,99,,76966,65,,,1,100,,76967,65,,,1
9701,'Samedi-10',801,,76971,65,,,1,100,,76974,65,,,1,101,,76972,65,,,1,100,,76975,65,,,1,100,,76969,65,,,1,100,,76970,65,,,1,101,,76973,65,,,1,100,,76976,65,,,1,100,,76977,65,,,1,100,,76978,65,,,1,100,,76979,65,,,1,100,,76980,65,,,1,100,,76984,65,,,1,100,,76981,65,,,1,99,,76982,65,,,1,100,,76983,65,,,1
9701,'Samedi-11',801,,76987,65,,,1,100,,76990,65,,,1,101,,76988,65,,,1,100,,76991,65,,,1,100,,76985,65,,,1,100,,76986,65,,,1,101,,76989,65,,,1,100,,76992,65,,,1,100,,76993,65,,,1,100,,76994,65,,,1,100,,76995,65,,,1,100,,76996,65,,,1,100,,77000,65,,,1,100,,76997,65,,,1,99,,76998,65,,,1,100,,76999,65,,,1
9701,'Dimanche-0',801,,77006,65,,,1,100,,77013,65,,,1,101,,77002,65,,,1,100,,77009,65,,,1,100,,77008,65,,,1,100,,77001,65,,,1,101,,77005,65,,,1,100,,77003,65,,,1,100,,77004,65,,,1,100,,77007,65,,,1,100,,77010,65,,,1,100,,77011,65,,,1,100,,77012,65,,,1,100,,77014,65,,,1,99,,77015,65,,,1,100,,77016,65,,,1
9701,'Semaine-0',643,,77049,65,,,2,97,,77050,65,,,1,113,,77051,65,,,1,149,,77052,65,,,1,99,,77053,65,,,1,100,,77054,65,,,1,100,,77055,65,,,1,99,,77056,65,,,1,101,,77057,65,,,1,104,,77058,65,,,1,95,,77059,65,,,1,104,,77060,65,,,1,55,,77061,65,,,1,99,,77062,65,,,1,100,,77063,65,,,1,98,,77064,65,,,1,99,,77065,65,,,1
9701,'Semaine-10',643,,77066,65,,,2,97,,77067,65,,,1,113,,77068,65,,,1,149,,77069,65,,,1,99,,77070,65,,,1,100,,77071,65,,,1,100,,77072,65,,,1,99,,77073,65,,,1,101,,77074,65,,,1,104,,77075,65,,,1,95,,77076,65,,,1,104,,77077,65,,,1,55,,77078,65,,,1,99,,77079,65,,,1,100,,77080,65,,,1,98,,77081,65,,,1,99,,77082,65,,,1
9701,'Semaine-11',643,,77083,65,,,2,97,,77084,65,,,1,113,,77085,65,,,1,149,,77086,65,,,1,99,,77087,65,,,1,100,,77088,65,,,1,100,,77089,65,,,1,99,,77090,65,,,1,101,,77091,65,,,1,104,,77092,65,,,1,95,,77093,65,,,1,104,,77094,65,,,1,55,,77095,65,,,1,99,,77096,65,,,1,100,,77097,65,,,1,98,,77098,65,,,1,99,,77099,65,,,1
29700,'Semaine-0',719,,77382,1,0,19,2,2,,77383,1,0,19,1
29700,'Semaine-10',719,,77384,1,0,19,2,2,,77385,1,0,19,1
29700,'Semaine-11',719,,77386,1,0,19,2,2,,77387,1,0,19,1
