7100,'Samedi-1',821,,84363,31,4,,1,100,,84364,31,4,,1,100,,84366,31,4,,1,104,,84361,31,4,,1,100,,84365,31,4,,1,100,,84362,31,4,,1,100,,84367,31,4,,1,100,,84368,31,4,,1,100,,84369,31,4,,1,100,,84370,31,4,,1,100,,84371,31,4,,1,97,,84372,31,4,,1,100,,84373,31,4,,1,100,,84374,31,4,,1,100,,84375,31,4,,1,100,,84376,31,4,,1
7100,'Samedi-10',821,,74574,31,4,,1,100,,74575,31,4,,1,100,,74577,31,4,,1,104,,74572,31,4,,1,100,,74576,31,4,,1,100,,74573,31,4,,1,100,,74578,31,4,,1,100,,74579,31,4,,1,100,,74580,31,4,,1,100,,74581,31,4,,1,100,,74582,31,4,,1,97,,74583,31,4,,1,100,,74584,31,4,,1,100,,74585,31,4,,1,100,,74586,31,4,,1,100,,74587,31,4,,1
7100,'Dimanche-1',821,,84380,31,4,,1,100,,84379,31,4,,1,100,,84378,31,4,,1,104,,84377,31,4,,1,100,,84381,31,4,,1,100,,84382,31,4,,1,100,,84383,31,4,,1,100,,84384,31,4,,1,100,,84385,31,4,,1,100,,84389,31,4,,1,100,,84388,31,4,,1,97,,84386,31,4,,1,100,,84387,31,4,,1,100,,84390,31,4,,1,100,,84391,31,4,,1,100,,84392,31,4,,1
7100,'Semaine-1',551,,84420,31,4,,2,70,,84423,31,4,,1,27,,84419,31,4,,2,58,,84424,31,4,,1,17,,84422,31,4,,1,14,,84425,31,4,,1,20,,84421,31,4,,1,51,,84428,31,4,,1,18,,84432,31,4,,1,15,,84429,31,4,,2,15,,84430,31,4,,2,53,,84431,31,4,,1,30,,84434,31,4,,1,15,,84433,31,4,,2,71,,84426,31,4,,1,30,,84435,31,4,,1,70,,84427,31,4,,1,30,,84394,31,4,,1,70,,84395,31,4,,1,30,,84398,31,4,,1,69,,84393,31,4,,2,30,,84396,31,4,,1,75,,84401,31,4,,2,30,,84397,31,4,,1,69,,84399,31,4,,1,30,,84400,31,4,,1,56,,84411,31,4,,1,19,,84410,31,4,,1,12,,84408,31,4,,2,14,,84412,31,4,,1,55,,84402,31,4,,1,12,,84405,31,4,,2,15,,84403,31,4,,1,70,,84404,31,4,,1,27,,84406,31,4,,2,70,,84409,31,4,,1,30,,84413,31,4,,1,67,,84407,31,4,,2,33,,84414,31,4,,2,100,,84416,31,4,,1,93,,84415,31,4,,2,100,,84418,31,4,,2,100,,84417,31,4,,1
7100,'Semaine-12',551,,84463,31,4,,2,70,,84466,31,4,,1,27,,84462,31,4,,2,58,,84467,31,4,,1,17,,84465,31,4,,1,14,,84468,31,4,,1,20,,84464,31,4,,1,51,,84471,31,4,,1,18,,84475,31,4,,1,15,,84472,31,4,,2,15,,84473,31,4,,2,53,,84474,31,4,,1,30,,84477,31,4,,1,15,,84476,31,4,,2,71,,84469,31,4,,1,30,,84478,31,4,,1,70,,84470,31,4,,1,30,,84437,31,4,,1,70,,84438,31,4,,1,30,,84441,31,4,,1,69,,84436,31,4,,2,30,,84439,31,4,,1,75,,84444,31,4,,2,30,,84440,31,4,,1,69,,84442,31,4,,1,30,,84443,31,4,,1,56,,84454,31,4,,1,19,,84453,31,4,,1,12,,84451,31,4,,2,14,,84455,31,4,,1,55,,84445,31,4,,1,12,,84448,31,4,,2,15,,84446,31,4,,1,70,,84447,31,4,,1,27,,84449,31,4,,2,70,,84452,31,4,,1,30,,84456,31,4,,1,67,,84450,31,4,,2,33,,84457,31,4,,2,100,,84459,31,4,,1,93,,84458,31,4,,2,100,,84461,31,4,,2,100,,84460,31,4,,1
7200,'Samedi-1',711,,84595,13,4,,1,100,,84594,13,4,,1,100,,84593,13,4,,1,100,,84597,13,4,,1,100,,84591,13,4,,1,100,,84592,13,4,,1,100,,84596,13,4,,1,100,,84598,13,4,,1,101,,84599,13,4,,1,99,,84600,13,4,,1,100,,84601,13,4,,1,100,,84602,13,4,,1,100,,84603,13,4,,1,100,,84604,13,4,,1
7200,'Samedi-10',711,,75015,13,4,,1,100,,75014,13,4,,1,100,,75013,13,4,,1,100,,75017,13,4,,1,100,,75011,13,4,,1,100,,75012,13,4,,1,100,,75016,13,4,,1,100,,75018,13,4,,1,101,,75019,13,4,,1,99,,75020,13,4,,1,100,,75021,13,4,,1,100,,75022,13,4,,1,100,,75023,13,4,,1,100,,75024,13,4,,1
7200,'Dimanche-1',711,,84607,13,4,,1,100,,84609,13,4,,1,100,,84606,13,4,,1,100,,84608,13,4,,1,100,,84612,13,4,,1,100,,84605,13,4,,1,100,,84613,13,4,,1,100,,84611,13,4,,1,101,,84610,13,4,,1,99,,84616,13,4,,1,100,,84614,13,4,,1,100,,84618,13,4,,1,100,,84617,13,4,,1,100,,84615,13,4,,1
7200,'Semaine-1',646,,84630,13,4,,1,70,,84639,13,4,,1,29,,84631,13,4,,2,75,,84628,13,4,,1,26,,84637,13,4,,1,70,,84635,13,4,,1,100,,84625,13,4,,1,100,,84620,13,4,,1,100,,84629,13,4,,1,100,,84624,13,4,,1,100,,84636,13,4,,1,97,,84622,13,4,,1,32,,84623,13,4,,1,71,,84632,13,4,,1,30,,84626,13,4,,1,70,,84638,13,4,,2,30,,84619,13,4,,2,70,,84621,13,4,,2,30,,84633,13,4,,2,65,,84627,13,4,,2,100,,84634,13,4,,1
7200,'Semaine-12',646,,84651,13,4,,1,70,,84660,13,4,,1,29,,84652,13,4,,2,75,,84649,13,4,,1,26,,84658,13,4,,1,70,,84656,13,4,,1,100,,84646,13,4,,1,100,,84641,13,4,,1,100,,84650,13,4,,1,100,,84645,13,4,,1,100,,84657,13,4,,1,97,,84643,13,4,,1,32,,84644,13,4,,1,71,,84653,13,4,,1,30,,84647,13,4,,1,70,,84659,13,4,,2,30,,84640,13,4,,2,70,,84642,13,4,,2,30,,84654,13,4,,2,65,,84648,13,4,,2,100,,84655,13,4,,1
7300,'Semaine-1',637,,84675,32,4,,1,70,,84673,32,4,,1,33,,84676,32,4,,2,69,,84683,32,4,,1,30,,84677,32,4,,1,68,,84678,32,4,,1,100,,84680,32,4,,1,100,,84664,32,4,,2,100,,84661,32,4,,2,100,,84662,32,4,,2,100,,84663,32,4,,2,101,,84665,32,4,,1,29,,84666,32,4,,1,72,,84684,32,4,,1,33,,84681,32,4,,2,64,,84682,32,4,,1,31,,84679,32,4,,1,70,,84667,32,4,,2,30,,84668,32,4,,2,68,,84669,32,4,,2,100,,84670,32,4,,1,105,,84671,32,4,,1,100,,84672,32,4,,1,100,,84674,32,4,,2
7300,'Semaine-12',637,,84699,32,4,,1,70,,84697,32,4,,1,33,,84700,32,4,,2,69,,84707,32,4,,1,30,,84701,32,4,,1,68,,84702,32,4,,1,100,,84704,32,4,,1,100,,84688,32,4,,2,100,,84685,32,4,,2,100,,84686,32,4,,2,100,,84687,32,4,,2,101,,84689,32,4,,1,29,,84690,32,4,,1,72,,84708,32,4,,1,33,,84705,32,4,,2,64,,84706,32,4,,1,31,,84703,32,4,,1,70,,84691,32,4,,2,30,,84692,32,4,,2,68,,84693,32,4,,2,100,,84694,32,4,,1,105,,84695,32,4,,1,100,,84696,32,4,,1,100,,84698,32,4,,2
7600,'Samedi-1',748,,84976,23,4,,1,100,,84979,23,4,,1,100,,84978,23,4,,1,100,,84981,23,4,,1,100,,84980,23,4,,1,101,,84975,23,4,,1,99,,84977,23,4,,1,100,,84982,23,4,,1,100,,84983,23,4,,1,100,,84984,23,4,,1,100,,84985,23,4,,1,100,,84986,23,4,,1,100,,84987,23,4,,1,100,,84988,23,4,,1,100,,84989,23,4,,1,100,,84990,23,4,,1
7600,'Samedi-10',748,,75740,23,4,,1,100,,75743,23,4,,1,100,,75742,23,4,,1,100,,75745,23,4,,1,100,,75744,23,4,,1,101,,75739,23,4,,1,99,,75741,23,4,,1,100,,75746,23,4,,1,100,,75747,23,4,,1,100,,75748,23,4,,1,100,,75749,23,4,,1,100,,75750,23,4,,1,100,,75751,23,4,,1,100,,75752,23,4,,1,100,,75753,23,4,,1,100,,75754,23,4,,1
7600,'Dimanche-1',748,,84994,23,4,,1,100,,84993,23,4,,1,100,,84992,23,4,,1,100,,84997,23,4,,1,100,,84991,23,4,,1,101,,84996,23,4,,1,99,,84995,23,4,,1,100,,84998,23,4,,1,100,,84999,23,4,,1,100,,85000,23,4,,1,100,,85003,23,4,,1,100,,85001,23,4,,1,100,,85002,23,4,,1,100,,85004,23,4,,1,100,,85005,23,4,,1,100,,85006,23,4,,1
7600,'Semaine-1',556,,85033,23,4,,1,70,,85030,23,4,,1,22,,85034,23,4,,1,58,,85031,23,4,,1,19,,85032,23,4,,2,24,,85035,23,4,,1,63,,85036,23,4,,1,14,,85044,23,4,,1,20,,85043,23,4,,1,63,,85038,23,4,,1,18,,85039,23,4,,2,25,,85037,23,4,,1,70,,85041,23,4,,1,30,,85040,23,4,,1,70,,85042,23,4,,2,28,,85010,23,4,,1,72,,85011,23,4,,1,30,,85012,23,4,,1,70,,85008,23,4,,1,30,,85015,23,4,,1,70,,85009,23,4,,1,33,,85013,23,4,,1,70,,85014,23,4,,1,34,,85007,23,4,,1,56,,85022,23,4,,1,17,,85016,23,4,,1,23,,85019,23,4,,2,60,,85023,23,4,,1,13,,85020,23,4,,2,20,,85024,23,4,,1,70,,85025,23,4,,1,30,,85021,23,4,,1,70,,85026,23,4,,1,86,,85017,23,4,,1,98,,85027,23,4,,2,100,,85028,23,4,,2,100,,85018,23,4,,2,100,,85029,23,4,,1
7600,'Semaine-12',556,,85071,23,4,,1,70,,85068,23,4,,1,22,,85072,23,4,,1,58,,85069,23,4,,1,19,,85070,23,4,,2,24,,85073,23,4,,1,63,,85074,23,4,,1,14,,85082,23,4,,1,20,,85081,23,4,,1,63,,85076,23,4,,1,18,,85077,23,4,,2,25,,85075,23,4,,1,70,,85079,23,4,,1,30,,85078,23,4,,1,70,,85080,23,4,,2,28,,85048,23,4,,1,72,,85049,23,4,,1,30,,85050,23,4,,1,70,,85046,23,4,,1,30,,85053,23,4,,1,70,,85047,23,4,,1,33,,85051,23,4,,1,70,,85052,23,4,,1,34,,85045,23,4,,1,56,,85060,23,4,,1,17,,85054,23,4,,1,23,,85057,23,4,,2,60,,85061,23,4,,1,13,,85058,23,4,,2,20,,85062,23,4,,1,70,,85063,23,4,,1,30,,85059,23,4,,1,70,,85064,23,4,,1,86,,85055,23,4,,1,98,,85065,23,4,,2,100,,85066,23,4,,2,100,,85056,23,4,,2,100,,85067,23,4,,1
7900,'Semaine-1',1217,,85377,9,4,,1,33,,85380,28,4,,1,100,,85381,28,4,,1,175,,85378,28,4,,1,30,,85379,28,4,,1,72,,85382,28,4,,1,29,,85375,28,4,,1,67,,85383,28,4,,1,29,,85376,28,4,,2,85,,85384,28,4,,1,85,,85385,28,4,,1
7900,'Semaine-12',1217,,85388,9,4,,1,33,,85391,28,4,,1,100,,85392,28,4,,1,175,,85389,28,4,,1,30,,85390,28,4,,1,72,,85393,28,4,,1,29,,85386,28,4,,1,67,,85394,28,4,,1,29,,85387,28,4,,2,85,,85395,28,4,,1,85,,85396,28,4,,1
57100,'Semaine-1',1613,,86825,68,4,,1
57100,'Semaine-12',1613,,86826,68,4,,1
