4501,'Semaine-1',608,,81972,27,,,1,30,,81971,27,,,1,72,,81975,27,,,2,30,,81974,27,,,1,73,,81973,27,,,1,28,,81976,27,,,1
4501,'Semaine-12',608,,81978,27,,,1,30,,81977,27,,,1,72,,81981,27,,,2,30,,81980,27,,,1,73,,81979,27,,,1,28,,81982,27,,,1
5201,'Samedi-1',702,,82303,51,,,1,100,,82304,51,,,1,101,,82305,51,,,1,100,,82306,51,,,1,102,,82308,51,,,1,100,,82307,51,,,1,100,,82309,51,,,1,100,,82310,51,,,1,101,,82311,51,,,1,99,,82312,51,,,1,100,,82313,51,,,1,100,,82314,51,,,1,99,,82317,51,,,1,100,,82315,51,,,1,97,,82319,51,,,1,101,,82316,51,,,1,100,,82318,51,,,1,101,,82320,51,,,1
5201,'Samedi-10',702,,70449,51,,,1,100,,70450,51,,,1,101,,70451,51,,,1,100,,70452,51,,,1,102,,70454,51,,,1,100,,70453,51,,,1,100,,70455,51,,,1,100,,70456,51,,,1,101,,70457,51,,,1,99,,70458,51,,,1,100,,70459,51,,,1,100,,70460,51,,,1,99,,70463,51,,,1,100,,70461,51,,,1,97,,70465,51,,,1,101,,70462,51,,,1,100,,70464,51,,,1,101,,70466,51,,,1
5201,'Dimanche-1',702,,82321,51,,,1,100,,82322,51,,,1,101,,82323,51,,,1,100,,82326,51,,,1,102,,82324,51,,,1,100,,82328,51,,,1,100,,82325,51,,,1,100,,82330,51,,,1,101,,82327,51,,,1,99,,82329,51,,,1,100,,82332,51,,,1,100,,82334,51,,,1,99,,82331,51,,,1,100,,82333,51,,,1,97,,82335,51,,,1,101,,82336,51,,,1,100,,82337,51,,,1,101,,82338,51,,,1
5201,'Semaine-1',634,,82354,51,,,1,102,,82356,51,,,1,102,,82355,51,,,1,97,,82339,51,,,1,102,,82345,51,,,1,99,,82342,51,,,1,100,,82349,51,,,1,100,,82340,51,,,1,100,,82344,51,,,1,102,,82343,51,,,1,100,,82353,51,,,1,100,,82352,51,,,1,98,,82346,51,,,1,96,,82347,51,,,1,100,,82351,51,,,1,100,,82348,51,,,1,100,,82350,51,,,1,100,,82341,51,,,2
5201,'Semaine-12',634,,82372,51,,,1,102,,82374,51,,,1,102,,82373,51,,,1,97,,82357,51,,,1,102,,82363,51,,,1,99,,82360,51,,,1,100,,82367,51,,,1,100,,82358,51,,,1,100,,82362,51,,,1,102,,82361,51,,,1,100,,82371,51,,,1,100,,82370,51,,,1,98,,82364,51,,,1,96,,82365,51,,,1,100,,82369,51,,,1,100,,82366,51,,,1,100,,82368,51,,,1,100,,82359,51,,,2
5600,'Semaine-1',636,,82719,18,,,1,64,,82717,18,,,1,6,,82721,18,,,1,31,,82720,18,,,1,71,,82714,18,,,1,100,,82713,18,,,1,109,,82715,18,,,1,98,,82718,18,,,2,100,,82716,18,,,1
5600,'Semaine-12',636,,82728,18,,,1,64,,82726,18,,,1,6,,82730,18,,,1,31,,82729,18,,,1,71,,82723,18,,,1,100,,82722,18,,,1,109,,82724,18,,,1,98,,82727,18,,,2,100,,82725,18,,,1
64501,'Semaine-1',1526,,86853,36,0,9 10,1
64501,'Semaine-12',1526,,86854,36,0,9 10,1
