4001,'Semaine-1',606,,81922,15,,,1,29,,81921,15,,,1,71,,81924,15,,,1,32,,81920,15,,,2,68,,81919,15,,,1,29,,81923,15,,,1
4001,'Semaine-12',606,,81928,15,,,1,29,,81927,15,,,1,71,,81930,15,,,1,32,,81926,15,,,2,68,,81925,15,,,1,29,,81929,15,,,1
5000,'Semaine-1',640,,82216,16,,,1,61,,82214,16,,,1,31,,82217,16,,,2,70,,82213,16,,,1,109,,82218,16,,,1
5000,'Semaine-12',640,,82222,16,,,1,61,,82220,16,,,1,31,,82223,16,,,2,70,,82219,16,,,1,109,,82224,16,,,1
5201,'Samedi-1',641,,82303,16,,,1,100,,82304,16,,,1,100,,82305,16,,,1,100,,82306,16,,,1,100,,82308,16,,,1,100,,82307,16,,,1,100,,82309,16,,,1,100,,82310,16,,,1,101,,82311,16,,,1,99,,82312,16,,,1,100,,82313,16,,,1,100,,82314,16,,,1,100,,82317,16,,,1,100,,82315,16,,,1,99,,82319,16,,,1,100,,82316,16,,,1,100,,82318,16,,,1,101,,82320,16,,,1
5201,'Samedi-10',641,,70449,16,,,1,100,,70450,16,,,1,100,,70451,16,,,1,100,,70452,16,,,1,100,,70454,16,,,1,100,,70453,16,,,1,100,,70455,16,,,1,100,,70456,16,,,1,101,,70457,16,,,1,99,,70458,16,,,1,100,,70459,16,,,1,100,,70460,16,,,1,100,,70463,16,,,1,100,,70461,16,,,1,99,,70465,16,,,1,100,,70462,16,,,1,100,,70464,16,,,1,101,,70466,16,,,1
5201,'Dimanche-1',641,,82321,16,,,1,100,,82322,16,,,1,100,,82323,16,,,1,100,,82326,16,,,1,100,,82324,16,,,1,100,,82328,16,,,1,100,,82325,16,,,1,100,,82330,16,,,1,101,,82327,16,,,1,99,,82329,16,,,1,100,,82332,16,,,1,100,,82334,16,,,1,100,,82331,16,,,1,100,,82333,16,,,1,99,,82335,16,,,1,100,,82336,16,,,1,100,,82337,16,,,1,101,,82338,16,,,1
5201,'Semaine-1',612,,82354,16,,,1,100,,82356,16,,,1,103,,82355,16,,,1,97,,82339,16,,,1,101,,82345,16,,,1,99,,82342,16,,,1,100,,82349,16,,,1,100,,82340,16,,,1,99,,82344,16,,,1,102,,82343,16,,,1,100,,82353,16,,,1,100,,82352,16,,,1,99,,82346,16,,,1,99,,82347,16,,,1,100,,82351,16,,,1,100,,82348,16,,,1,100,,82350,16,,,1,100,,82341,16,,,2
5201,'Semaine-12',612,,82372,16,,,1,100,,82374,16,,,1,103,,82373,16,,,1,97,,82357,16,,,1,101,,82363,16,,,1,99,,82360,16,,,1,100,,82367,16,,,1,100,,82358,16,,,1,99,,82362,16,,,1,102,,82361,16,,,1,100,,82371,16,,,1,100,,82370,16,,,1,99,,82364,16,,,1,99,,82365,16,,,1,100,,82369,16,,,1,100,,82366,16,,,1,100,,82368,16,,,1,100,,82359,16,,,2
5501,'Samedi-1',652,,82555,15,,,1,70,,82558,15,,,1,31,,82557,15,,,1,70,,82567,15,,,1,29,,82556,15,,,1,71,,82559,15,,,1,31,,82560,15,,,1,69,,82566,15,,,1,29,,82562,15,,,1,70,,82563,15,,,1,30,,82561,15,,,1,70,,82569,15,,,1,30,,82568,15,,,1,70,,82564,15,,,1,30,,82565,15,,,1,72,,82570,15,,,1,28,,82571,15,,,1,72,,82572,15,,,1,28,,82573,15,,,1,72,,82574,15,,,1,28,,82575,15,,,1,72,,82576,15,,,1,28,,82577,15,,,1,71,,82578,15,,,1,30,,82579,15,,,1,70,,82580,15,,,1,30,,82581,15,,,1,71,,82582,15,,,1,30,,82583,15,,,1,70,,82585,15,,,1,30,,82584,15,,,1,70,,82587,15,,,1,30,,82586,15,,,1
5501,'Samedi-10',652,,71004,15,,,1,70,,71007,15,,,1,31,,71006,15,,,1,70,,71016,15,,,1,29,,71005,15,,,1,71,,71008,15,,,1,31,,71009,15,,,1,69,,71015,15,,,1,29,,71011,15,,,1,70,,71012,15,,,1,30,,71010,15,,,1,70,,71018,15,,,1,30,,71017,15,,,1,70,,71013,15,,,1,30,,71014,15,,,1,72,,71019,15,,,1,28,,71020,15,,,1,72,,71021,15,,,1,28,,71022,15,,,1,72,,71023,15,,,1,28,,71024,15,,,1,72,,71025,15,,,1,28,,71026,15,,,1,71,,71027,15,,,1,30,,71028,15,,,1,70,,71029,15,,,1,30,,71030,15,,,1,71,,71031,15,,,1,30,,71032,15,,,1,70,,71034,15,,,1,30,,71033,15,,,1,70,,71036,15,,,1,30,,71035,15,,,1
5501,'Dimanche-1',652,,82589,15,,,1,70,,82593,15,,,1,31,,82591,15,,,1,70,,82596,15,,,1,29,,82598,15,,,1,71,,82592,15,,,1,31,,82588,15,,,1,69,,82602,15,,,1,29,,82597,15,,,1,70,,82604,15,,,1,30,,82595,15,,,1,70,,82594,15,,,1,30,,82600,15,,,1,70,,82590,15,,,1,30,,82599,15,,,1,72,,82603,15,,,1,28,,82608,15,,,1,72,,82601,15,,,1,28,,82607,15,,,1,72,,82610,15,,,1,28,,82605,15,,,1,72,,82606,15,,,1,28,,82612,15,,,1,71,,82614,15,,,1,30,,82611,15,,,1,70,,82609,15,,,1,30,,82613,15,,,1,71,,82615,15,,,1,30,,82616,15,,,1,70,,82617,15,,,1,30,,82618,15,,,1,70,,82619,15,,,1,30,,82620,15,,,1
5501,'Semaine-1',513,,82634,15,,,1,14,,82641,15,,,1,14,,82640,15,,,1,16,,82624,15,,,1,55,,82662,15,,,1,21,,82661,15,,,1,8,,82621,15,,,1,12,,82666,15,,,1,55,,82647,15,,,1,13,,82655,15,,,1,16,,82625,15,,,1,9,,82629,15,,,1,13,,82627,15,,,1,49,,82656,15,,,1,6,,82658,15,,,1,13,,82635,15,,,1,29,,82639,15,,,1,52,,82626,15,,,1,11,,82660,15,,,1,29,,82653,15,,,1,71,,82657,15,,,1,28,,82623,15,,,1,70,,82630,15,,,1,30,,82643,15,,,1,70,,82654,15,,,1,29,,82650,15,,,1,70,,82631,15,,,1,30,,82663,15,,,1,70,,82622,15,,,1,30,,82628,15,,,1,88,,82632,15,,,1,102,,82637,15,,,1,100,,82642,15,,,1,101,,82659,15,,,1,21,,82648,15,,,1,70,,82636,15,,,1,72,,82652,15,,,1,29,,82645,15,,,1,30,,82664,15,,,1,70,,82638,15,,,1,29,,82644,15,,,1,74,,82646,15,,,1,70,,82633,15,,,1,30,,82651,15,,,1,70,,82649,15,,,1
5501,'Semaine-12',513,,82680,15,,,1,14,,82687,15,,,1,14,,82686,15,,,1,16,,82670,15,,,1,55,,82708,15,,,1,21,,82707,15,,,1,8,,82667,15,,,1,12,,82712,15,,,1,55,,82693,15,,,1,13,,82701,15,,,1,16,,82671,15,,,1,9,,82675,15,,,1,13,,82673,15,,,1,49,,82702,15,,,1,6,,82704,15,,,1,13,,82681,15,,,1,29,,82685,15,,,1,52,,82672,15,,,1,11,,82706,15,,,1,29,,82699,15,,,1,71,,82703,15,,,1,28,,82669,15,,,1,70,,82676,15,,,1,30,,82689,15,,,1,70,,82700,15,,,1,29,,82696,15,,,1,70,,82677,15,,,1,30,,82709,15,,,1,70,,82668,15,,,1,30,,82674,15,,,1,88,,82678,15,,,1,102,,82683,15,,,1,100,,82688,15,,,1,101,,82705,15,,,1,21,,82694,15,,,1,70,,82682,15,,,1,72,,82698,15,,,1,29,,82691,15,,,1,30,,82710,15,,,1,70,,82684,15,,,1,29,,82690,15,,,1,74,,82692,15,,,1,70,,82679,15,,,1,30,,82697,15,,,1,70,,82695,15,,,1
55000,'Semaine-1',655,,86799,16,0,5 6,1,2,,86800,16,0,5 6,1
55000,'Semaine-12',655,,86801,16,0,5 6,1,2,,86802,16,0,5 6,1
64001,'Semaine-1',723,,86843,16,0,9 10,1,2,,86844,16,0,9 10,1
64001,'Semaine-12',723,,86845,16,0,9 10,1,2,,86846,16,0,9 10,1
74001,'Semaine-1',805,,86883,16,0,5 11,2,2,,86884,16,0,5 11,1
74001,'Semaine-12',805,,86885,16,0,5 11,2,2,,86886,16,0,5 11,1
