4100,'Semaine-1',1555,,81932,41,,,1,71,,81934,41,,,1,75,,81933,41,,,2,23,,81931,41,,,1,29,,81935,41,,,1
4100,'Semaine-12',1555,,81937,41,,,1,71,,81939,41,,,1,75,,81938,41,,,2,23,,81936,41,,,1,29,,81940,41,,,1
4901,'Samedi-1',752,,82116,49,,,1,100,,82115,49,,,1,100,,82117,49,,,1,102,,82113,49,,,1,100,,82118,49,,,1,102,,82114,49,,,1,100,,82119,49,,,1,100,,82120,49,,,1,100,,82121,49,,,1,100,,82122,49,,,1,100,,82123,49,,,1,97,,82124,49,,,1,100,,82125,49,,,1,100,,82126,49,,,1,100,,82127,49,,,1,98,,82128,49,,,1,100,,82129,49,,,1
4901,'Samedi-10',752,,70061,49,,,1,100,,70060,49,,,1,100,,70062,49,,,1,102,,70058,49,,,1,100,,70063,49,,,1,102,,70059,49,,,1,100,,70064,49,,,1,100,,70065,49,,,1,100,,70066,49,,,1,100,,70067,49,,,1,100,,70068,49,,,1,97,,70069,49,,,1,100,,70070,49,,,1,100,,70071,49,,,1,100,,70072,49,,,1,98,,70073,49,,,1,100,,70074,49,,,1
4901,'Dimanche-1',752,,82143,49,,,1,100,,82132,49,,,1,100,,82142,49,,,1,102,,82135,49,,,1,100,,82131,49,,,1,102,,82130,49,,,1,100,,82133,49,,,1,100,,82134,49,,,1,100,,82137,49,,,1,100,,82136,49,,,1,100,,82140,49,,,1,97,,82139,49,,,1,100,,82141,49,,,1,100,,82138,49,,,1,100,,82144,49,,,1,98,,82145,49,,,1,100,,82146,49,,,1
4901,'Semaine-1',637,,82153,49,,,1,89,,82158,49,,,1,31,,82174,49,,,1,73,,82170,49,,,1,70,,82168,49,,,1,26,,82178,49,,,1,28,,82160,49,,,1,69,,82176,49,,,1,30,,82172,49,,,1,71,,82147,49,,,1,30,,82169,49,,,1,70,,82148,49,,,1,30,,82154,49,,,1,70,,82156,49,,,1,30,,82161,49,,,1,69,,82177,49,,,1,32,,82159,49,,,1,72,,82179,49,,,1,25,,82175,49,,,1,52,,82162,49,,,1,15,,82149,49,,,1,15,,82165,49,,,1,70,,82155,49,,,1,26,,82157,49,,,1,28,,82173,49,,,1,66,,82167,49,,,1,30,,82171,49,,,1,94,,82150,49,,,1,80,,82166,49,,,1,101,,82164,49,,,1,95,,82151,49,,,1,100,,82163,49,,,1,96,,82152,49,,,1
4901,'Semaine-12',637,,82186,49,,,1,89,,82191,49,,,1,31,,82207,49,,,1,73,,82203,49,,,1,70,,82201,49,,,1,26,,82211,49,,,1,28,,82193,49,,,1,69,,82209,49,,,1,30,,82205,49,,,1,71,,82180,49,,,1,30,,82202,49,,,1,70,,82181,49,,,1,30,,82187,49,,,1,70,,82189,49,,,1,30,,82194,49,,,1,69,,82210,49,,,1,32,,82192,49,,,1,72,,82212,49,,,1,25,,82208,49,,,1,52,,82195,49,,,1,15,,82182,49,,,1,15,,82198,49,,,1,70,,82188,49,,,1,26,,82190,49,,,1,28,,82206,49,,,1,66,,82200,49,,,1,30,,82204,49,,,1,94,,82183,49,,,1,80,,82199,49,,,1,101,,82197,49,,,1,95,,82184,49,,,1,100,,82196,49,,,1,96,,82185,49,,,1
64100,'Semaine-1',724,,86847,5,0,9 10,2
64100,'Semaine-12',724,,86848,5,0,9 10,2
80001,'Samedi-1',645,,87007,44,,,1,101,,87009,44,,,1,101,,87010,44,,,1,100,,87013,44,,,1,102,,87008,44,,,1,100,,87011,44,,,1,102,,87014,44,,,1,100,,87012,44,,,1,100,,87015,44,,,1,100,,87016,44,,,1,100,,87017,44,,,2,102,,87018,44,,,1,97,,87021,44,,,1,98,,87019,44,,,1,100,,87020,44,,,1,100,,87022,44,,,1,97,,87023,44,,,1
80001,'Samedi-10',645,,79670,44,,,1,101,,79672,44,,,1,101,,79673,44,,,1,100,,79676,44,,,1,102,,79671,44,,,1,100,,79674,44,,,1,102,,79677,44,,,1,100,,79675,44,,,1,100,,79678,44,,,1,100,,79679,44,,,1,100,,79680,44,,,2,102,,79681,44,,,1,97,,79684,44,,,1,98,,79682,44,,,1,100,,79683,44,,,1,100,,79685,44,,,1,97,,79686,44,,,1
80001,'Dimanche-1',645,,87024,44,,,1,101,,87026,44,,,1,101,,87028,44,,,1,100,,87025,44,,,1,102,,87027,44,,,1,100,,87029,44,,,1,102,,87030,44,,,1,100,,87031,44,,,1,100,,87034,44,,,1,100,,87032,44,,,1,100,,87033,44,,,2,102,,87036,44,,,1,97,,87037,44,,,1,98,,87035,44,,,1,100,,87038,44,,,1,100,,87039,44,,,1,97,,87040,44,,,1
80001,'Semaine-1',640,,87062,44,,,1,68,,87055,44,,,1,36,,87063,44,,,1,68,,87047,44,,,1,32,,87045,44,,,1,67,,87052,44,,,1,27,,87058,44,,,1,70,,87070,44,,,1,30,,87061,44,,,2,70,,87053,44,,,1,30,,87067,44,,,1,70,,87041,44,,,1,30,,87075,44,,,1,70,,87073,44,,,1,34,,87043,44,,,1,70,,87066,44,,,1,30,,87057,44,,,1,70,,87064,44,,,1,35,,87074,44,,,1,69,,87059,44,,,1,17,,87069,44,,,1,22,,87071,44,,,1,64,,87068,44,,,1,27,,87060,44,,,1,70,,87050,44,,,1,25,,87048,44,,,1,67,,87042,44,,,1,29,,87072,44,,,1,72,,87054,44,,,1,27,,87051,44,,,1,70,,87056,44,,,1,29,,87044,44,,,1,70,,87065,44,,,1,32,,87046,44,,,1,70,,87049,44,,,1
80001,'Semaine-12',640,,87097,44,,,1,68,,87090,44,,,1,36,,87098,44,,,1,68,,87082,44,,,1,32,,87080,44,,,1,67,,87087,44,,,1,27,,87093,44,,,1,70,,87105,44,,,1,30,,87096,44,,,2,70,,87088,44,,,1,30,,87102,44,,,1,70,,87076,44,,,1,30,,87110,44,,,1,70,,87108,44,,,1,34,,87078,44,,,1,70,,87101,44,,,1,30,,87092,44,,,1,70,,87099,44,,,1,35,,87109,44,,,1,69,,87094,44,,,1,17,,87104,44,,,1,22,,87106,44,,,1,64,,87103,44,,,1,27,,87095,44,,,1,70,,87085,44,,,1,25,,87083,44,,,1,67,,87077,44,,,1,29,,87107,44,,,1,72,,87089,44,,,1,27,,87086,44,,,1,70,,87091,44,,,1,29,,87079,44,,,1,70,,87100,44,,,1,32,,87081,44,,,1,70,,87084,44,,,1
