7700,'Samedi-1',753,,85181,17,,,1,100,,85180,17,,,1,100,,85179,17,,,1,100,,85184,17,,,1,100,,85182,17,,,1,100,,85183,17,,,1,100,,85185,17,,,1,100,,85186,17,,,2,100,,85187,17,,,1,100,,85188,17,,,1,100,,85189,17,,,1,100,,85190,17,,,1,100,,85191,17,,,1,100,,85194,17,,,1,100,,85192,17,,,1,100,,85193,17,,,1
7700,'Samedi-10',753,,76143,17,,,1,100,,76142,17,,,1,100,,76141,17,,,1,100,,76146,17,,,1,100,,76144,17,,,1,100,,76145,17,,,1,100,,76147,17,,,1,100,,76148,17,,,2,100,,76149,17,,,1,100,,76150,17,,,1,100,,76151,17,,,1,100,,76152,17,,,1,100,,76153,17,,,1,100,,76156,17,,,1,100,,76154,17,,,1,100,,76155,17,,,1
7700,'Dimanche-1',753,,85197,17,,,1,100,,85198,17,,,1,100,,85195,17,,,1,100,,85207,17,,,1,100,,85196,17,,,1,100,,85201,17,,,1,100,,85199,17,,,1,100,,85200,17,,,2,100,,85202,17,,,1,100,,85205,17,,,1,100,,85203,17,,,1,100,,85204,17,,,1,100,,85206,17,,,1,100,,85208,17,,,1,100,,85209,17,,,1,100,,85210,17,,,1
7700,'Semaine-1',531,,85236,17,,,1,69,,85221,17,,,1,30,,85223,17,,,1,70,,85213,17,,,1,30,,85224,17,,,1,74,,85235,17,,,2,26,,85220,17,,,2,26,,85225,17,,,2,70,,85240,17,,,2,30,,85226,17,,,1,70,,85241,17,,,1,30,,85227,17,,,1,70,,85242,17,,,1,30,,85228,17,,,1,70,,85239,17,,,1,30,,85229,17,,,1,70,,85238,17,,,1,30,,85230,17,,,1,70,,85237,17,,,1,30,,85212,17,,,1,72,,85232,17,,,1,30,,85217,17,,,1,70,,85231,17,,,1,30,,85215,17,,,1,70,,85233,17,,,1,28,,85216,17,,,1,70,,85222,17,,,1,30,,85234,17,,,1,100,,85218,17,,,1,100,,85219,17,,,1,100,,85214,17,,,1,100,,85211,17,,,1
7700,'Semaine-12',531,,85268,17,,,1,69,,85253,17,,,1,30,,85255,17,,,1,70,,85245,17,,,1,30,,85256,17,,,1,74,,85267,17,,,2,26,,85252,17,,,2,26,,85257,17,,,2,70,,85272,17,,,2,30,,85258,17,,,1,70,,85273,17,,,1,30,,85259,17,,,1,70,,85274,17,,,1,30,,85260,17,,,1,70,,85271,17,,,1,30,,85261,17,,,1,70,,85270,17,,,1,30,,85262,17,,,1,70,,85269,17,,,1,30,,85244,17,,,1,72,,85264,17,,,1,30,,85249,17,,,1,70,,85263,17,,,1,30,,85247,17,,,1,70,,85265,17,,,1,28,,85248,17,,,1,70,,85254,17,,,1,30,,85266,17,,,1,100,,85250,17,,,1,100,,85251,17,,,1,100,,85246,17,,,1,100,,85243,17,,,1
7800,'Samedi-1',829,,85278,29,,,1,100,,85277,29,,,1,100,,85275,29,,,1,100,,85280,29,,,1,101,,85276,29,,,1,100,,85279,29,,,1,100,,85281,29,,,1,100,,85282,29,,,2,100,,85283,29,,,1,100,,85284,29,,,1,99,,85285,29,,,1,100,,85286,29,,,1,100,,85287,29,,,1,100,,85288,29,,,1,100,,85289,29,,,1,98,,85290,29,,,1
7800,'Samedi-10',829,,76336,29,,,1,100,,76335,29,,,1,100,,76333,29,,,1,100,,76338,29,,,1,101,,76334,29,,,1,100,,76337,29,,,1,100,,76339,29,,,1,100,,76340,29,,,2,100,,76341,29,,,1,100,,76342,29,,,1,99,,76343,29,,,1,100,,76344,29,,,1,100,,76345,29,,,1,100,,76346,29,,,1,100,,76347,29,,,1,98,,76348,29,,,1
7800,'Dimanche-1',829,,85293,29,,,1,100,,85294,29,,,1,100,,85291,29,,,1,100,,85302,29,,,1,101,,85292,29,,,1,100,,85297,29,,,1,100,,85295,29,,,1,100,,85296,29,,,2,100,,85298,29,,,1,100,,85301,29,,,1,99,,85299,29,,,1,100,,85300,29,,,1,100,,85303,29,,,1,100,,85304,29,,,1,100,,85305,29,,,1,98,,85306,29,,,1
7800,'Semaine-1',501,,85319,29,,,1,20,,85320,29,,,1,30,,85309,29,,,1,72,,85321,29,,,1,30,,85307,29,,,1,68,,85322,29,,,2,37,,85331,29,,,2,67,,85312,29,,,1,26,,85323,29,,,2,69,,85324,29,,,1,29,,85335,29,,,1,70,,85325,29,,,1,30,,85336,29,,,1,70,,85326,29,,,1,30,,85337,29,,,1,70,,85327,29,,,1,30,,85338,29,,,1,70,,85328,29,,,1,30,,85339,29,,,1,71,,85329,29,,,1,30,,85314,29,,,1,71,,85330,29,,,1,28,,85308,29,,,1,75,,85317,29,,,1,28,,85332,29,,,1,69,,85316,29,,,1,27,,85340,29,,,1,71,,85333,29,,,1,30,,85310,29,,,1,85,,85334,29,,,1,100,,85315,29,,,1,100,,85318,29,,,1,100,,85311,29,,,1,99,,85313,29,,,1
7800,'Semaine-12',501,,85353,29,,,1,20,,85354,29,,,1,30,,85343,29,,,1,72,,85355,29,,,1,30,,85341,29,,,1,68,,85356,29,,,2,37,,85365,29,,,2,67,,85346,29,,,1,26,,85357,29,,,2,69,,85358,29,,,1,29,,85369,29,,,1,70,,85359,29,,,1,30,,85370,29,,,1,70,,85360,29,,,1,30,,85371,29,,,1,70,,85361,29,,,1,30,,85372,29,,,1,70,,85362,29,,,1,30,,85373,29,,,1,71,,85363,29,,,1,30,,85348,29,,,1,71,,85364,29,,,1,28,,85342,29,,,1,75,,85351,29,,,1,28,,85366,29,,,1,69,,85350,29,,,1,27,,85374,29,,,1,71,,85367,29,,,1,30,,85344,29,,,1,85,,85368,29,,,1,100,,85349,29,,,1,100,,85352,29,,,1,100,,85345,29,,,1,99,,85347,29,,,1
