2701,'Semaine-1',607,,80049,2,,,1,43,,80050,2,,,1,91,,80047,2,,,1,66,,80048,2,,,2
2701,'Semaine-12',607,,80053,2,,,1,43,,80054,2,,,1,91,,80051,2,,,1,66,,80052,2,,,2
3501,'Semaine-1',644,,81130,2,,,1,75,,81123,2,,,1
3501,'Semaine-12',644,,81162,2,,,1,75,,81155,2,,,1
33100,'Semaine-1',826,,85911,24,0,7 8,1
33100,'Semaine-12',826,,85912,24,0,7 8,1
43300,'Semaine-1',1500,,86778,11,0,9 14,2
43300,'Semaine-12',1500,,86780,11,0,9 14,2
82701,'Semaine-1',745,,87130,2,0,9 12 13,2
82701,'Semaine-12',745,,87131,2,0,9 12 13,2
