3600,'Semaine-1',928,,81164,44,,,1,102,,81165,44,,,1,101,,81163,44,,,1,100,,81166,44,,,1,100,,81168,44,,,1,100,,81169,44,,,1,100,,81167,44,,,1
3600,'Semaine-12',928,,81171,44,,,1,102,,81172,44,,,1,101,,81170,44,,,1,100,,81173,44,,,1,100,,81175,44,,,1,100,,81176,44,,,1,100,,81174,44,,,1
3700,'Samedi-1',745,,81191,36,,,1,100,,81192,36,,,1,100,,81194,36,,,1,103,,81195,36,,,1,100,,81193,36,,,1,102,,81196,36,,,1,100,,81197,36,,,1,100,,81198,36,,,1,100,,81199,36,,,1,100,,81200,36,,,1,100,,81201,36,,,1,100,,81202,36,,,1,97,,81203,36,,,1,100,,81204,36,,,1,100,,81205,36,,,1,100,,81206,36,,,1,97,,81207,36,,,1,100,,81208,36,,,1
3700,'Samedi-10',745,,68178,36,,,1,100,,68179,36,,,1,100,,68181,36,,,1,103,,68182,36,,,1,100,,68180,36,,,1,102,,68183,36,,,1,100,,68184,36,,,1,100,,68185,36,,,1,100,,68186,36,,,1,100,,68187,36,,,1,100,,68188,36,,,1,100,,68189,36,,,1,97,,68190,36,,,1,100,,68191,36,,,1,100,,68192,36,,,1,100,,68193,36,,,1,97,,68194,36,,,1,100,,68195,36,,,1
3700,'Dimanche-1',745,,81211,36,,,1,100,,81214,36,,,1,100,,81216,36,,,1,103,,81212,36,,,1,100,,81209,36,,,1,102,,81213,36,,,1,100,,81210,36,,,1,100,,81215,36,,,1,100,,81217,36,,,1,100,,81219,36,,,1,100,,81218,36,,,1,100,,81222,36,,,1,97,,81221,36,,,1,100,,81220,36,,,1,100,,81223,36,,,1,100,,81224,36,,,1,97,,81225,36,,,1,100,,81226,36,,,1
3700,'Semaine-1',706,,81248,36,,,1,42,,81254,36,,,1,72,,81245,36,,,1,28,,81229,36,,,1,69,,81243,36,,,1,89,,81235,36,,,1,100,,81231,36,,,1,100,,81232,36,,,1,100,,81233,36,,,1,103,,81234,36,,,1,100,,81240,36,,,1,49,,81241,36,,,1,56,,81242,36,,,1,15,,81228,36,,,1,15,,81250,36,,,1,63,,81237,36,,,1,30,,81246,36,,,1,63,,81236,36,,,1,28,,81230,36,,,1,29,,81227,36,,,1,66,,81238,36,,,1,30,,81253,36,,,1,69,,81244,36,,,1,36,,81255,36,,,1,99,,81251,36,,,1,98,,81239,36,,,1,100,,81249,36,,,1,99,,81252,36,,,1,55,,81247,36,,,1
3700,'Semaine-12',706,,81277,36,,,1,42,,81283,36,,,1,72,,81274,36,,,1,28,,81258,36,,,1,69,,81272,36,,,1,89,,81264,36,,,1,100,,81260,36,,,1,100,,81261,36,,,1,100,,81262,36,,,1,103,,81263,36,,,1,100,,81269,36,,,1,49,,81270,36,,,1,56,,81271,36,,,1,15,,81257,36,,,1,15,,81279,36,,,1,63,,81266,36,,,1,30,,81275,36,,,1,63,,81265,36,,,1,28,,81259,36,,,1,29,,81256,36,,,1,66,,81267,36,,,1,30,,81282,36,,,1,69,,81273,36,,,1,36,,81284,36,,,1,99,,81280,36,,,1,98,,81268,36,,,1,100,,81278,36,,,1,99,,81281,36,,,1,55,,81276,36,,,1
6400,'Samedi-1',757,,83307,36,,,1,100,,83309,36,,,1,100,,83312,36,,,1,100,,83310,36,,,1,100,,83313,36,,,1,100,,83308,36,,,1,100,,83311,36,,,1,100,,83314,36,,,1,98,,83315,36,,,1,100,,83316,36,,,1,100,,83317,36,,,1,100,,83318,36,,,1
6400,'Samedi-10',757,,72456,36,,,1,100,,72458,36,,,1,100,,72461,36,,,1,100,,72459,36,,,1,100,,72462,36,,,1,100,,72457,36,,,1,100,,72460,36,,,1,100,,72463,36,,,1,98,,72464,36,,,1,100,,72465,36,,,1,100,,72466,36,,,1,100,,72467,36,,,1
6400,'Dimanche-1',757,,83320,36,,,1,100,,83321,36,,,1,100,,83326,36,,,1,100,,83324,36,,,1,100,,83319,36,,,1,100,,83322,36,,,1,100,,83323,36,,,1,100,,83327,36,,,1,98,,83325,36,,,1,100,,83329,36,,,1,100,,83330,36,,,1,100,,83328,36,,,1
6400,'Semaine-1',710,,83339,36,,,1,34,,83336,36,,,1,70,,83331,36,,,1,30,,83335,36,,,1,100,,83337,36,,,1,100,,83342,36,,,1,100,,83341,36,,,1,100,,83334,36,,,1,100,,83347,36,,,1,100,,83343,36,,,1,95,,83344,36,,,1,85,,83349,36,,,1,87,,83348,36,,,1,99,,83345,36,,,1,95,,83346,36,,,1,100,,83338,36,,,2,99,,83332,36,,,2,100,,83340,36,,,1,100,,83333,36,,,1
6400,'Semaine-12',710,,83358,36,,,1,34,,83355,36,,,1,70,,83350,36,,,1,30,,83354,36,,,1,100,,83356,36,,,1,100,,83361,36,,,1,100,,83360,36,,,1,100,,83353,36,,,1,100,,83366,36,,,1,100,,83362,36,,,1,95,,83363,36,,,1,85,,83368,36,,,1,87,,83367,36,,,1,99,,83364,36,,,1,95,,83365,36,,,1,100,,83357,36,,,2,99,,83351,36,,,2,100,,83359,36,,,1,100,,83352,36,,,1
6801,'Semaine-1',627,,84171,14,,,1,20,,84184,14,,,1,58,,84155,14,,,1,19,,84168,14,,,1,6,,84182,14,,,1,7,,84162,14,,,1,6,,84167,14,,,1,62,,84173,14,,,1,18,,84185,14,,,1,20,,84161,14,,,1,60,,84180,14,,,1,19,,84178,14,,,1,20,,84183,14,,,1,68,,84156,14,,,1,31,,84176,14,,,1,70,,84157,14,,,1,30,,84159,14,,,1,70,,84179,14,,,1,30,,84163,14,,,1,70,,84181,14,,,1,31,,84175,14,,,1,70,,84164,14,,,1,30,,84174,14,,,1,69,,84165,14,,,1,34,,84160,14,,,1,71,,84158,14,,,1,26,,84172,14,,,1,70,,84166,14,,,1,29,,84177,14,,,1,70,,84170,14,,,1,30,,84169,14,,,1
6801,'Semaine-12',627,,84202,14,,,1,20,,84215,14,,,1,58,,84186,14,,,1,19,,84199,14,,,1,6,,84213,14,,,1,7,,84193,14,,,1,6,,84198,14,,,1,62,,84204,14,,,1,18,,84216,14,,,1,20,,84192,14,,,1,60,,84211,14,,,1,19,,84209,14,,,1,20,,84214,14,,,1,68,,84187,14,,,1,31,,84207,14,,,1,70,,84188,14,,,1,30,,84190,14,,,1,70,,84210,14,,,1,30,,84194,14,,,1,70,,84212,14,,,1,31,,84206,14,,,1,70,,84195,14,,,1,30,,84205,14,,,1,69,,84196,14,,,1,34,,84191,14,,,1,71,,84189,14,,,1,26,,84203,14,,,1,70,,84197,14,,,1,29,,84208,14,,,1,70,,84201,14,,,1,30,,84200,14,,,1
37100,'Samedi-1',816,,85916,37,,,1,101,,85920,37,,,1,100,,85915,37,,,1,102,,85921,37,,,1,100,,85917,37,,,1,100,,85918,37,,,1,100,,85919,37,,,1,103,,85922,37,,,1,100,,85923,37,,,1,100,,85924,37,,,1,99,,85925,37,,,1,98,,85926,37,,,1,100,,85927,37,,,1,98,,85928,37,,,1,100,,85929,37,,,1,100,,85930,37,,,1,98,,85931,37,,,1
37100,'Samedi-10',816,,77442,37,,,1,101,,77446,37,,,1,100,,77441,37,,,1,102,,77447,37,,,1,100,,77443,37,,,1,100,,77444,37,,,1,100,,77445,37,,,1,103,,77448,37,,,1,100,,77449,37,,,1,100,,77450,37,,,1,99,,77451,37,,,1,98,,77452,37,,,1,100,,77453,37,,,1,98,,77454,37,,,1,100,,77455,37,,,1,100,,77456,37,,,1,98,,77457,37,,,1
37100,'Dimanche-1',816,,85932,37,,,1,101,,85934,37,,,1,100,,85936,37,,,1,102,,85937,37,,,1,100,,85944,37,,,1,100,,85933,37,,,1,100,,85938,37,,,1,103,,85935,37,,,1,100,,85940,37,,,1,100,,85942,37,,,1,99,,85943,37,,,1,98,,85941,37,,,1,100,,85939,37,,,1,98,,85945,37,,,1,100,,85946,37,,,1,100,,85947,37,,,1,98,,85948,37,,,1
37100,'Semaine-1',727,,85962,37,,,1,32,,85959,37,,,1,70,,85955,37,,,1,29,,85950,37,,,1,90,,85969,37,,,1,97,,85954,37,,,1,102,,85956,37,,,1,100,,85968,37,,,1,100,,85963,37,,,1,103,,85952,37,,,1,95,,85964,37,,,1,59,,85973,37,,,1,16,,85953,37,,,1,15,,85974,37,,,1,65,,85949,37,,,1,20,,85958,37,,,1,26,,85965,37,,,1,65,,85971,37,,,1,27,,85970,37,,,1,70,,85960,37,,,1,28,,85972,37,,,1,70,,85975,37,,,1,30,,85961,37,,,1,95,,85957,37,,,1,100,,85967,37,,,1,100,,85966,37,,,1,97,,85951,37,,,1
37100,'Semaine-12',727,,85989,37,,,1,32,,85986,37,,,1,70,,85982,37,,,1,29,,85977,37,,,1,90,,85996,37,,,1,97,,85981,37,,,1,102,,85983,37,,,1,100,,85995,37,,,1,100,,85990,37,,,1,103,,85979,37,,,1,95,,85991,37,,,1,59,,86000,37,,,1,16,,85980,37,,,1,15,,86001,37,,,1,65,,85976,37,,,1,20,,85985,37,,,1,26,,85992,37,,,1,65,,85998,37,,,1,27,,85997,37,,,1,70,,85987,37,,,1,28,,85999,37,,,1,70,,86002,37,,,1,30,,85988,37,,,1,95,,85984,37,,,1,100,,85994,37,,,1,100,,85993,37,,,1,97,,85978,37,,,1
43700,'Semaine-1',744,,86783,32,0,9 14,1,2,,86784,28,0,9 14,2
43700,'Semaine-12',744,,86785,32,0,9 14,1,2,,86786,28,0,9 14,2
