3201,'Semaine-1',510,,80478,7,,,1,20,,80477,7,,,1,20,,80469,7,,,1,60,,80479,7,,,2,10,,80459,7,,,1,8,,80480,7,,,1,11,,80460,7,,,1,10,,80461,7,,,1,8,,80453,7,,,1,49,,80456,7,,,1,8,,80482,7,,,1,8,,80462,7,,,1,8,,80457,7,,,1,9,,80470,7,,,1,8,,80452,7,,,1,8,,80463,7,,,1,48,,80481,7,,,2,8,,80451,7,,,1,10,,80450,7,,,1,10,,80455,7,,,1,9,,80458,7,,,1,10,,80464,7,,,1,62,,80438,7,,,2,30,,80448,7,,,1,70,,80441,7,,,1,30,,80444,7,,,1,70,,80437,7,,,1,30,,80447,7,,,1,70,,80442,7,,,1,30,,80449,7,,,1,70,,80431,7,,,1,30,,80436,7,,,1,70,,80443,7,,,1,30,,80454,7,,,1,70,,80471,7,,,1,31,,80472,7,,,2,69,,80473,7,,,1,30,,80474,7,,,1,70,,80475,7,,,2,30,,80476,7,,,1,70,,80434,7,,,1,30,,80432,7,,,2,71,,80445,7,,,2,30,,80440,7,,,1,69,,80435,7,,,1,31,,80433,7,,,2,70,,80446,7,,,1,30,,80439,7,,,1,68,,80466,7,,,1,32,,80465,7,,,1,70,,80467,7,,,1,30,,80468,7,,,1
3201,'Semaine-12',510,,80530,7,,,1,20,,80529,7,,,1,20,,80521,7,,,1,60,,80531,7,,,2,10,,80511,7,,,1,8,,80532,7,,,1,11,,80512,7,,,1,10,,80513,7,,,1,8,,80505,7,,,1,49,,80508,7,,,1,8,,80534,7,,,1,8,,80514,7,,,1,8,,80509,7,,,1,9,,80522,7,,,1,8,,80504,7,,,1,8,,80515,7,,,1,48,,80533,7,,,2,8,,80503,7,,,1,10,,80502,7,,,1,10,,80507,7,,,1,9,,80510,7,,,1,10,,80516,7,,,1,62,,80490,7,,,2,30,,80500,7,,,1,70,,80493,7,,,1,30,,80496,7,,,1,70,,80489,7,,,1,30,,80499,7,,,1,70,,80494,7,,,1,30,,80501,7,,,1,70,,80483,7,,,1,30,,80488,7,,,1,70,,80495,7,,,1,30,,80506,7,,,1,70,,80523,7,,,1,31,,80524,7,,,2,69,,80525,7,,,1,30,,80526,7,,,1,70,,80527,7,,,2,30,,80528,7,,,1,70,,80486,7,,,1,30,,80484,7,,,2,71,,80497,7,,,2,30,,80492,7,,,1,69,,80487,7,,,1,31,,80485,7,,,2,70,,80498,7,,,1,30,,80491,7,,,1,68,,80518,7,,,1,32,,80517,7,,,1,70,,80519,7,,,1,30,,80520,7,,,1
3401,'Samedi-1',652,,80905,14,,,1,100,,80908,14,,,1,70,,80917,14,,,1,30,,80906,14,,,1,71,,80911,14,,,1,30,,80913,14,,,1,69,,80907,14,,,1,30,,80916,14,,,1,72,,80909,14,,,1,29,,80918,14,,,1,70,,80910,14,,,1,30,,80912,14,,,1,70,,80914,14,,,1,30,,80915,14,,,1,70,,80919,14,,,1,31,,80920,14,,,1,70,,80921,14,,,1,30,,80922,14,,,1,70,,80923,14,,,1,30,,80924,14,,,1,70,,80925,14,,,1,30,,80926,14,,,1,70,,80927,14,,,1,30,,80929,14,,,1,68,,80928,14,,,1,30,,80930,14,,,1,70,,80931,14,,,1,30,,80932,14,,,1,70,,80934,14,,,1,30,,80933,14,,,1,70,,80935,14,,,1,98,,80936,14,,,1
3401,'Samedi-10',652,,67667,14,,,1,100,,67670,14,,,1,70,,67679,14,,,1,30,,67668,14,,,1,71,,67673,14,,,1,30,,67675,14,,,1,69,,67669,14,,,1,30,,67678,14,,,1,72,,67671,14,,,1,29,,67680,14,,,1,70,,67672,14,,,1,30,,67674,14,,,1,70,,67676,14,,,1,30,,67677,14,,,1,70,,67681,14,,,1,31,,67682,14,,,1,70,,67683,14,,,1,30,,67684,14,,,1,70,,67685,14,,,1,30,,67686,14,,,1,70,,67687,14,,,1,30,,67688,14,,,1,70,,67689,14,,,1,30,,67691,14,,,1,68,,67690,14,,,1,30,,67692,14,,,1,70,,67693,14,,,1,30,,67694,14,,,1,70,,67696,14,,,1,30,,67695,14,,,1,70,,67697,14,,,1,98,,67698,14,,,1
3401,'Dimanche-1',652,,80937,14,,,1,100,,80945,14,,,1,70,,80950,14,,,1,30,,80942,14,,,1,71,,80940,14,,,1,30,,80963,14,,,1,69,,80944,14,,,1,30,,80949,14,,,1,72,,80939,14,,,1,29,,80938,14,,,1,70,,80941,14,,,1,30,,80948,14,,,1,70,,80951,14,,,1,30,,80943,14,,,1,70,,80947,14,,,1,31,,80946,14,,,1,70,,80952,14,,,1,30,,80956,14,,,1,70,,80953,14,,,1,30,,80954,14,,,1,70,,80955,14,,,1,30,,80962,14,,,1,70,,80957,14,,,1,30,,80960,14,,,1,68,,80958,14,,,1,30,,80959,14,,,1,70,,80961,14,,,1,30,,80964,14,,,1,70,,80966,14,,,1,30,,80965,14,,,1,70,,80967,14,,,1,98,,80968,14,,,1
3401,'Semaine-1',857,,80994,14,,,1,70,,80974,14,,,2,30,,80978,14,,,1,70,,80998,14,,,1,30,,80971,14,,,1,70,,80975,14,,,1,30,,80979,14,,,1,70,,80969,14,,,1,30,,80972,14,,,1,70,,80976,14,,,1,30,,80980,14,,,2,71,,80973,14,,,1,30,,80995,14,,,1,69,,80970,14,,,1,73,,80996,14,,,1,27,,80997,14,,,1,30,,80991,14,,,1,70,,80987,14,,,1,30,,80977,14,,,1,70,,80984,14,,,1,30,,80993,14,,,1,71,,80981,14,,,1,30,,80983,14,,,1,70,,80985,14,,,1,30,,80989,14,,,2,70,,80982,14,,,1,30,,80988,14,,,1,70,,80986,14,,,1,30,,80990,14,,,1,70,,80992,14,,,1
3401,'Semaine-12',857,,81024,14,,,1,70,,81004,14,,,2,30,,81008,14,,,1,70,,81028,14,,,1,30,,81001,14,,,1,70,,81005,14,,,1,30,,81009,14,,,1,70,,80999,14,,,1,30,,81002,14,,,1,70,,81006,14,,,1,30,,81010,14,,,2,71,,81003,14,,,1,30,,81025,14,,,1,69,,81000,14,,,1,73,,81026,14,,,1,27,,81027,14,,,1,30,,81021,14,,,1,70,,81017,14,,,1,30,,81007,14,,,1,70,,81014,14,,,1,30,,81023,14,,,1,71,,81011,14,,,1,30,,81013,14,,,1,70,,81015,14,,,1,30,,81019,14,,,2,70,,81012,14,,,1,30,,81018,14,,,1,70,,81016,14,,,1,30,,81020,14,,,1,70,,81022,14,,,1
4900,'Samedi-1',731,,82003,30,,,1,100,,82004,30,,,1,102,,82001,30,,,1,100,,82005,30,,,1,100,,82002,30,,,1,101,,82006,30,,,1,98,,82007,30,,,1,102,,82008,30,,,1,100,,82009,30,,,1,100,,82010,30,,,1,100,,82011,30,,,1,97,,82012,30,,,1,100,,82013,30,,,1,100,,82014,30,,,1,100,,82015,30,,,1,100,,82016,30,,,1,98,,82017,30,,,1
4900,'Samedi-10',731,,69841,30,,,1,100,,69842,30,,,1,102,,69839,30,,,1,100,,69843,30,,,1,100,,69840,30,,,1,101,,69844,30,,,1,98,,69845,30,,,1,102,,69846,30,,,1,100,,69847,30,,,1,100,,69848,30,,,1,100,,69849,30,,,1,97,,69850,30,,,1,100,,69851,30,,,1,100,,69852,30,,,1,100,,69853,30,,,1,100,,69854,30,,,1,98,,69855,30,,,1
4900,'Dimanche-1',731,,82018,30,,,1,100,,82031,30,,,1,102,,82019,30,,,1,100,,82030,30,,,1,100,,82022,30,,,1,101,,82021,30,,,1,98,,82025,30,,,1,102,,82020,30,,,1,100,,82024,30,,,1,100,,82023,30,,,1,100,,82027,30,,,1,97,,82029,30,,,1,100,,82026,30,,,1,100,,82028,30,,,1,100,,82032,30,,,1,100,,82033,30,,,1,98,,82034,30,,,1
4900,'Semaine-1',645,,82062,30,,,1,14,,82057,17,,,1,43,,82069,17,,,1,4,,82045,17,,,1,6,,82068,17,,,1,4,,82073,30,,,1,3,,82072,17,,,1,4,,82071,17,,,1,5,,82070,17,,,1,21,,82065,30,,,1,66,,82066,30,,,1,1,,82061,17,,,1,33,,82060,30,,,1,71,,82055,30,,,1,29,,82047,30,,,1,71,,82067,30,,,1,33,,82063,30,,,1,70,,82058,30,,,1,30,,82035,30,,,1,70,,82056,30,,,1,30,,82037,30,,,1,70,,82042,30,,,1,30,,82044,30,,,1,70,,82048,30,,,1,30,,82064,30,,,1,76,,82046,30,,,1,30,,82049,30,,,1,70,,82040,30,,,1,30,,82052,30,,,1,70,,82043,30,,,1,27,,82041,30,,,1,70,,82059,30,,,1,27,,82053,30,,,1,98,,82036,30,,,1,99,,82054,30,,,1,101,,82051,30,,,1,97,,82038,30,,,1,98,,82050,30,,,1,100,,82039,30,,,1
4900,'Semaine-12',645,,82101,30,,,1,14,,82096,17,,,1,43,,82108,17,,,1,4,,82084,17,,,1,6,,82107,17,,,1,4,,82112,30,,,1,3,,82111,17,,,1,4,,82110,17,,,1,5,,82109,17,,,1,21,,82104,30,,,1,66,,82105,30,,,1,1,,82100,17,,,1,33,,82099,30,,,1,71,,82094,30,,,1,29,,82086,30,,,1,71,,82106,30,,,1,33,,82102,30,,,1,70,,82097,30,,,1,30,,82074,30,,,1,70,,82095,30,,,1,30,,82076,30,,,1,70,,82081,30,,,1,30,,82083,30,,,1,70,,82087,30,,,1,30,,82103,30,,,1,76,,82085,30,,,1,30,,82088,30,,,1,70,,82079,30,,,1,30,,82091,30,,,1,70,,82082,30,,,1,27,,82080,30,,,1,70,,82098,30,,,1,27,,82092,30,,,1,98,,82075,30,,,1,99,,82093,30,,,1,101,,82090,30,,,1,97,,82077,30,,,1,98,,82089,30,,,1,100,,82078,30,,,1
32601,'Semaine-1',804,,85905,5,0,7 8,1
32601,'Semaine-12',804,,85906,5,0,7 8,1
44900,'Semaine-1',714,,86791,16,0,9 14,1
44900,'Semaine-12',714,,86792,16,0,9 14,1
63900,'Semaine-1',1515,,86833,14,0,9 10,1
63900,'Semaine-12',1515,,86834,14,0,9 10,1
82601,'Semaine-1',730,,87124,5,0,9 12 13,1,1,,87125,5,0,9 12 13,1
82601,'Semaine-12',730,,87126,5,0,9 12 13,1,1,,87127,5,0,9 12 13,1
