4001,'Semaine-1',557,,81922,4,,,1,69,,81921,4,,,1,31,,81924,4,,,1,70,,81920,4,,,2,30,,81919,4,,,1,70,,81923,4,,,1
4001,'Semaine-12',557,,81928,4,,,1,69,,81927,4,,,1,31,,81930,4,,,1,70,,81926,4,,,2,30,,81925,4,,,1,70,,81929,4,,,1
5000,'Semaine-1',632,,82216,5,,,1,20,,82214,5,,,1,71,,82217,5,,,2,30,,82213,5,,,1,149,,82218,5,,,1
5000,'Semaine-12',632,,82222,5,,,1,20,,82220,5,,,1,71,,82223,5,,,2,30,,82219,5,,,1,149,,82224,5,,,1
5201,'Samedi-1',635,,82303,5,,,1,100,,82304,5,,,1,100,,82305,5,,,1,100,,82306,5,,,1,100,,82308,5,,,1,100,,82307,5,,,1,100,,82309,5,,,1,100,,82310,5,,,1,100,,82311,5,,,1,100,,82312,5,,,1,100,,82313,5,,,1,100,,82314,5,,,1,100,,82317,5,,,1,100,,82315,5,,,1,99,,82319,5,,,1,100,,82316,5,,,1,100,,82318,5,,,1,101,,82320,5,,,1
5201,'Samedi-10',635,,70449,5,,,1,100,,70450,5,,,1,100,,70451,5,,,1,100,,70452,5,,,1,100,,70454,5,,,1,100,,70453,5,,,1,100,,70455,5,,,1,100,,70456,5,,,1,100,,70457,5,,,1,100,,70458,5,,,1,100,,70459,5,,,1,100,,70460,5,,,1,100,,70463,5,,,1,100,,70461,5,,,1,99,,70465,5,,,1,100,,70462,5,,,1,100,,70464,5,,,1,101,,70466,5,,,1
5201,'Dimanche-1',635,,82321,5,,,1,100,,82322,5,,,1,100,,82323,5,,,1,100,,82326,5,,,1,100,,82324,5,,,1,100,,82328,5,,,1,100,,82325,5,,,1,100,,82330,5,,,1,100,,82327,5,,,1,100,,82329,5,,,1,100,,82332,5,,,1,100,,82334,5,,,1,100,,82331,5,,,1,100,,82333,5,,,1,99,,82335,5,,,1,100,,82336,5,,,1,100,,82337,5,,,1,101,,82338,5,,,1
5201,'Semaine-1',605,,82354,5,,,1,100,,82356,5,,,1,103,,82355,5,,,1,97,,82339,5,,,1,101,,82345,5,,,1,99,,82342,5,,,1,100,,82349,5,,,1,100,,82340,5,,,1,100,,82344,5,,,1,100,,82343,5,,,1,100,,82353,5,,,1,100,,82352,5,,,1,100,,82346,5,,,1,100,,82347,5,,,1,100,,82351,5,,,1,100,,82348,5,,,1,100,,82350,5,,,1,100,,82341,5,,,2
5201,'Semaine-12',605,,82372,5,,,1,100,,82374,5,,,1,103,,82373,5,,,1,97,,82357,5,,,1,101,,82363,5,,,1,99,,82360,5,,,1,100,,82367,5,,,1,100,,82358,5,,,1,100,,82362,5,,,1,100,,82361,5,,,1,100,,82371,5,,,1,100,,82370,5,,,1,100,,82364,5,,,1,100,,82365,5,,,1,100,,82369,5,,,1,100,,82366,5,,,1,100,,82368,5,,,1,100,,82359,5,,,2
55000,'Semaine-1',645,,86799,5,0,5 6,1,2,,86800,5,0,5 6,1
55000,'Semaine-12',645,,86801,5,0,5 6,1,2,,86802,5,0,5 6,1
64001,'Semaine-1',712,,86843,5,0,9 10,1,2,,86844,5,0,9 10,1
64001,'Semaine-12',712,,86845,5,0,9 10,1,2,,86846,5,0,9 10,1
74001,'Semaine-1',756,,86883,5,0,5 11,2,2,,86884,5,0,5 11,1
74001,'Semaine-12',756,,86885,5,0,5 11,2,2,,86886,5,0,5 11,1
