3401,'Samedi-1',644,,80905,6,,,1,100,,80908,6,,,1,70,,80917,6,,,1,30,,80906,6,,,1,70,,80911,6,,,1,30,,80913,6,,,1,69,,80907,6,,,1,30,,80916,6,,,1,72,,80909,6,,,1,29,,80918,6,,,1,70,,80910,6,,,1,30,,80912,6,,,1,70,,80914,6,,,1,30,,80915,6,,,1,70,,80919,6,,,1,31,,80920,6,,,1,70,,80921,6,,,1,30,,80922,6,,,1,70,,80923,6,,,1,30,,80924,6,,,1,70,,80925,6,,,1,30,,80926,6,,,1,70,,80927,6,,,1,30,,80929,6,,,1,69,,80928,6,,,1,30,,80930,6,,,1,70,,80931,6,,,1,30,,80932,6,,,1,70,,80934,6,,,1,30,,80933,6,,,1,70,,80935,6,,,1,99,,80936,6,,,1
3401,'Samedi-10',644,,67667,6,,,1,100,,67670,6,,,1,70,,67679,6,,,1,30,,67668,6,,,1,70,,67673,6,,,1,30,,67675,6,,,1,69,,67669,6,,,1,30,,67678,6,,,1,72,,67671,6,,,1,29,,67680,6,,,1,70,,67672,6,,,1,30,,67674,6,,,1,70,,67676,6,,,1,30,,67677,6,,,1,70,,67681,6,,,1,31,,67682,6,,,1,70,,67683,6,,,1,30,,67684,6,,,1,70,,67685,6,,,1,30,,67686,6,,,1,70,,67687,6,,,1,30,,67688,6,,,1,70,,67689,6,,,1,30,,67691,6,,,1,69,,67690,6,,,1,30,,67692,6,,,1,70,,67693,6,,,1,30,,67694,6,,,1,70,,67696,6,,,1,30,,67695,6,,,1,70,,67697,6,,,1,99,,67698,6,,,1
3401,'Dimanche-1',644,,80937,6,,,1,100,,80945,6,,,1,70,,80950,6,,,1,30,,80942,6,,,1,70,,80940,6,,,1,30,,80963,6,,,1,69,,80944,6,,,1,30,,80949,6,,,1,72,,80939,6,,,1,29,,80938,6,,,1,70,,80941,6,,,1,30,,80948,6,,,1,70,,80951,6,,,1,30,,80943,6,,,1,70,,80947,6,,,1,31,,80946,6,,,1,70,,80952,6,,,1,30,,80956,6,,,1,70,,80953,6,,,1,30,,80954,6,,,1,70,,80955,6,,,1,30,,80962,6,,,1,70,,80957,6,,,1,30,,80960,6,,,1,69,,80958,6,,,1,30,,80959,6,,,1,70,,80961,6,,,1,30,,80964,6,,,1,70,,80966,6,,,1,30,,80965,6,,,1,70,,80967,6,,,1,99,,80968,6,,,1
3401,'Semaine-1',848,,80994,6,,,1,71,,80974,6,,,2,30,,80978,6,,,1,70,,80998,6,,,1,30,,80971,6,,,1,70,,80975,6,,,1,30,,80979,6,,,1,70,,80969,6,,,1,30,,80972,6,,,1,70,,80976,6,,,1,30,,80980,6,,,2,71,,80973,6,,,1,28,,80995,6,,,1,69,,80970,6,,,1,33,,80996,6,,,1,67,,80997,6,,,1,30,,80991,6,,,1,70,,80987,6,,,1,30,,80977,6,,,1,72,,80984,6,,,1,30,,80993,6,,,1,71,,80981,6,,,1,30,,80983,6,,,1,70,,80985,6,,,1,30,,80989,6,,,2,71,,80982,6,,,1,30,,80988,6,,,1,70,,80986,6,,,1,30,,80990,6,,,1,70,,80992,6,,,1
3401,'Semaine-12',848,,81024,6,,,1,71,,81004,6,,,2,30,,81008,6,,,1,70,,81028,6,,,1,30,,81001,6,,,1,70,,81005,6,,,1,30,,81009,6,,,1,70,,80999,6,,,1,30,,81002,6,,,1,70,,81006,6,,,1,30,,81010,6,,,2,71,,81003,6,,,1,28,,81025,6,,,1,69,,81000,6,,,1,33,,81026,6,,,1,67,,81027,6,,,1,30,,81021,6,,,1,70,,81017,6,,,1,30,,81007,6,,,1,72,,81014,6,,,1,30,,81023,6,,,1,71,,81011,6,,,1,30,,81013,6,,,1,70,,81015,6,,,1,30,,81019,6,,,2,71,,81012,6,,,1,30,,81018,6,,,1,70,,81016,6,,,1,30,,81020,6,,,1,70,,81022,6,,,1
5000,'Semaine-1',642,,82216,19,,,1,62,,82214,19,,,1,31,,82217,19,,,2,70,,82213,19,,,1,108,,82218,19,,,1
5000,'Semaine-12',642,,82222,19,,,1,62,,82220,19,,,1,31,,82223,19,,,2,70,,82219,19,,,1,108,,82224,19,,,1
55000,'Semaine-1',657,,86799,19,0,5 6,1,2,,86800,19,0,5 6,1
55000,'Semaine-12',657,,86801,19,0,5 6,1,2,,86802,19,0,5 6,1
63900,'Semaine-1',1505,,86833,6,0,9 10,1
63900,'Semaine-12',1505,,86834,6,0,9 10,1
65400,'Semaine-1',1505,,86859,6,0,9 10,2
65400,'Semaine-12',1505,,86860,6,0,9 10,2
