4000,'Semaine-1',1549,,81911,44,,,1,70,,81907,44,,,2,34,,81910,44,,,1,68,,81909,44,,,1,28,,81908,44,,,1,67,,81912,44,,,1
4000,'Semaine-12',1549,,81917,44,,,1,70,,81913,44,,,2,34,,81916,44,,,1,68,,81915,44,,,1,28,,81914,44,,,1,67,,81918,44,,,1
5001,'Semaine-1',1640,,82225,26,,,1,102,,82227,26,,,1,94,,82226,26,,,2
5001,'Semaine-12',1640,,82228,26,,,1,102,,82230,26,,,1,94,,82229,26,,,2
5200,'Samedi-1',658,,82231,44,,,1,100,,82232,44,,,1,101,,82233,44,,,1,100,,82234,44,,,1,100,,82235,44,,,1,142,,82236,44,,,1,100,,82237,44,,,1,100,,82238,44,,,1,99,,82239,44,,,1,101,,82240,44,,,1,100,,82241,44,,,1,99,,82242,44,,,1,59,,82243,44,,,1,100,,82246,44,,,1,100,,82244,44,,,1,99,,82245,44,,,1,98,,82247,44,,,1,100,,82248,44,,,1
5200,'Samedi-10',658,,70287,44,,,1,100,,70288,44,,,1,101,,70289,44,,,1,100,,70290,44,,,1,100,,70291,44,,,1,142,,70292,44,,,1,100,,70293,44,,,1,100,,70294,44,,,1,99,,70295,44,,,1,101,,70296,44,,,1,100,,70297,44,,,1,99,,70298,44,,,1,59,,70299,44,,,1,100,,70302,44,,,1,100,,70300,44,,,1,99,,70301,44,,,1,98,,70303,44,,,1,100,,70304,44,,,1
5200,'Dimanche-1',658,,82250,44,,,1,100,,82249,44,,,1,101,,82251,44,,,1,100,,82254,44,,,1,100,,82252,44,,,1,142,,82253,44,,,1,100,,82257,44,,,1,100,,82256,44,,,1,99,,82258,44,,,1,101,,82255,44,,,1,100,,82259,44,,,1,99,,82261,44,,,1,59,,82262,44,,,1,100,,82260,44,,,1,100,,82263,44,,,1,99,,82264,44,,,1,98,,82265,44,,,1,100,,82266,44,,,1
5200,'Semaine-1',628,,82270,44,,,1,99,,82272,44,,,1,110,,82267,44,,,1,95,,82283,44,,,1,98,,82281,44,,,1,101,,82268,44,,,1,100,,82275,44,,,1,100,,82274,44,,,1,100,,82271,44,,,1,103,,82269,44,,,1,108,,82273,44,,,1,98,,82284,44,,,1,106,,82282,44,,,1,100,,82276,44,,,1,83,,82280,44,,,1,100,,82279,44,,,1,99,,82277,44,,,1,99,,82278,44,,,1
5200,'Semaine-12',628,,82288,44,,,1,99,,82290,44,,,1,110,,82285,44,,,1,95,,82301,44,,,1,98,,82299,44,,,1,101,,82286,44,,,1,100,,82293,44,,,1,100,,82292,44,,,1,100,,82289,44,,,1,103,,82287,44,,,1,108,,82291,44,,,1,98,,82302,44,,,1,106,,82300,44,,,1,100,,82294,44,,,1,83,,82298,44,,,1,100,,82297,44,,,1,99,,82295,44,,,1,99,,82296,44,,,1
5500,'Samedi-1',724,,82390,45,,,1,30,,82387,45,,,1,70,,82388,45,,,1,30,,82391,45,,,1,69,,82389,45,,,1,30,,82396,45,,,1,73,,82393,45,,,1,30,,82394,45,,,1,67,,82399,45,,,1,34,,82398,45,,,1,70,,82392,45,,,1,30,,82395,45,,,1,70,,82397,45,,,1,30,,82400,45,,,1,70,,82401,45,,,1,30,,82402,45,,,1,70,,82403,45,,,1,30,,82404,45,,,1,70,,82405,45,,,1,32,,82406,45,,,1,70,,82407,45,,,1,30,,82408,45,,,1,70,,82409,45,,,1,30,,82410,45,,,1,67,,82412,45,,,1,30,,82411,45,,,1,70,,82413,45,,,1,30,,82415,45,,,1,70,,82414,45,,,1,29,,82416,45,,,1,68,,82417,45,,,1,30,,82420,45,,,1,70,,82422,45,,,1,30,,82419,45,,,1,69,,82418,45,,,1,27,,82421,45,,,1
5500,'Samedi-10',724,,70650,45,,,1,30,,70647,45,,,1,70,,70648,45,,,1,30,,70651,45,,,1,69,,70649,45,,,1,30,,70656,45,,,1,73,,70653,45,,,1,30,,70654,45,,,1,67,,70659,45,,,1,34,,70658,45,,,1,70,,70652,45,,,1,30,,70655,45,,,1,70,,70657,45,,,1,30,,70660,45,,,1,70,,70661,45,,,1,30,,70662,45,,,1,70,,70663,45,,,1,30,,70664,45,,,1,70,,70665,45,,,1,32,,70666,45,,,1,70,,70667,45,,,1,30,,70668,45,,,1,70,,70669,45,,,1,30,,70670,45,,,1,67,,70672,45,,,1,30,,70671,45,,,1,70,,70673,45,,,1,30,,70675,45,,,1,70,,70674,45,,,1,29,,70676,45,,,1,68,,70677,45,,,1,30,,70680,45,,,1,70,,70682,45,,,1,30,,70679,45,,,1,69,,70678,45,,,1,27,,70681,45,,,1
5500,'Dimanche-1',724,,82427,45,,,1,30,,82432,45,,,1,70,,82424,45,,,1,30,,82429,45,,,1,69,,82426,45,,,1,30,,82423,45,,,1,73,,82434,45,,,1,30,,82428,45,,,1,67,,82425,45,,,1,34,,82437,45,,,1,70,,82433,45,,,1,30,,82438,45,,,1,70,,82431,45,,,1,30,,82430,45,,,1,70,,82436,45,,,1,30,,82441,45,,,1,70,,82435,45,,,1,30,,82440,45,,,1,70,,82443,45,,,1,32,,82447,45,,,1,70,,82442,45,,,1,30,,82448,45,,,1,70,,82439,45,,,1,30,,82445,45,,,1,67,,82446,45,,,1,30,,82449,45,,,1,70,,82444,45,,,1,30,,82450,45,,,1,70,,82452,45,,,1,29,,82451,45,,,1,68,,82453,45,,,1,30,,82455,45,,,1,70,,82456,45,,,1,30,,82454,45,,,1,69,,82457,45,,,1,27,,82458,45,,,1
5500,'Semaine-1',658,,82461,45,,,1,144,,82477,45,,,1,29,,82460,45,,,1,96,,82496,45,,,1,28,,82497,45,,,1,70,,82466,45,,,1,30,,82476,45,,,1,69,,82480,45,,,1,32,,82502,45,,,1,70,,82462,45,,,1,30,,82501,45,,,1,70,,82479,45,,,1,30,,82494,45,,,1,70,,82488,45,,,1,26,,82495,45,,,1,56,,82481,45,,,1,14,,82459,45,,,1,17,,82500,45,,,1,17,,82470,45,,,1,55,,82503,45,,,1,13,,82491,45,,,1,10,,82463,45,,,1,13,,82474,45,,,1,58,,82506,45,,,1,9,,82499,45,,,1,11,,82465,45,,,1,11,,82482,45,,,1,10,,82475,45,,,1,11,,82504,45,,,1,51,,82489,45,,,1,7,,82469,45,,,1,12,,82464,45,,,1,10,,82505,45,,,1,11,,82473,45,,,1,11,,82468,45,,,1,50,,82478,45,,,1,30,,82493,45,,,1,69,,82498,45,,,1,30,,82485,45,,,1,70,,82471,45,,,1,30,,82492,45,,,1,67,,82483,45,,,1,28,,82486,45,,,1,70,,82472,45,,,1,30,,82487,45,,,1,67,,82484,45,,,1,29,,82467,45,,,1,30,,82490,45,,,1
5500,'Semaine-12',658,,82509,45,,,1,144,,82525,45,,,1,29,,82508,45,,,1,96,,82544,45,,,1,28,,82545,45,,,1,70,,82514,45,,,1,30,,82524,45,,,1,69,,82528,45,,,1,32,,82550,45,,,1,70,,82510,45,,,1,30,,82549,45,,,1,70,,82527,45,,,1,30,,82542,45,,,1,70,,82536,45,,,1,26,,82543,45,,,1,56,,82529,45,,,1,14,,82507,45,,,1,17,,82548,45,,,1,17,,82518,45,,,1,55,,82551,45,,,1,13,,82539,45,,,1,10,,82511,45,,,1,13,,82522,45,,,1,58,,82554,45,,,1,9,,82547,45,,,1,11,,82513,45,,,1,11,,82530,45,,,1,10,,82523,45,,,1,11,,82552,45,,,1,51,,82537,45,,,1,7,,82517,45,,,1,12,,82512,45,,,1,10,,82553,45,,,1,11,,82521,45,,,1,11,,82516,45,,,1,50,,82526,45,,,1,30,,82541,45,,,1,69,,82546,45,,,1,30,,82533,45,,,1,70,,82519,45,,,1,30,,82540,45,,,1,67,,82531,45,,,1,28,,82534,45,,,1,70,,82520,45,,,1,30,,82535,45,,,1,67,,82532,45,,,1,29,,82515,45,,,1,30,,82538,45,,,1
55001,'Semaine-1',1549,,86805,24,0,5 6,1
55001,'Semaine-12',1549,,86808,24,0,5 6,1
64000,'Semaine-1',1505,,86839,5,0,9 10,2
64000,'Semaine-12',1505,,86842,5,0,9 10,2
74000,'Semaine-1',1651,,86880,41,0,5 11,1
74000,'Semaine-12',1651,,86882,41,0,5 11,1
