1500,'Semaine-1',1647,,79941,9,,,2
1500,'Semaine-12',1647,,79942,9,,,2
6401,'Samedi-1',725,,83372,16,,,1,100,,83369,16,,,1,100,,83371,16,,,1,100,,83374,16,,,1,100,,83370,16,,,1,100,,83375,16,,,1,100,,83373,16,,,1,100,,83376,16,,,1,100,,83377,16,,,1,100,,83378,16,,,1,100,,83379,16,,,1
6401,'Samedi-10',725,,72587,16,,,1,100,,72584,16,,,1,100,,72586,16,,,1,100,,72589,16,,,1,100,,72585,16,,,1,100,,72590,16,,,1,100,,72588,16,,,1,100,,72591,16,,,1,100,,72592,16,,,1,100,,72593,16,,,1,100,,72594,16,,,1
6401,'Dimanche-1',725,,83384,16,,,1,100,,83381,16,,,1,100,,83387,16,,,1,100,,83388,16,,,1,100,,83385,16,,,1,100,,83380,16,,,1,100,,83382,16,,,1,100,,83383,16,,,1,100,,83389,16,,,1,100,,83386,16,,,1,100,,83390,16,,,1
6401,'Semaine-1',525,,83391,16,,,2,108,,83401,16,,,2,100,,83403,16,,,1,100,,83400,16,,,1,95,,83408,16,,,1,100,,83395,16,,,1,100,,83394,16,,,1,100,,83406,16,,,1,100,,83402,16,,,2,99,,83404,16,,,1,100,,83405,16,,,1,102,,83396,16,,,1,98,,83392,16,,,1,100,,83393,16,,,1,99,,83399,16,,,1,100,,83397,16,,,1,100,,83398,16,,,1,100,,83407,16,,,1
6401,'Semaine-12',525,,83409,16,,,2,108,,83419,16,,,2,100,,83421,16,,,1,100,,83418,16,,,1,95,,83426,16,,,1,100,,83413,16,,,1,100,,83412,16,,,1,100,,83424,16,,,1,100,,83420,16,,,2,99,,83422,16,,,1,100,,83423,16,,,1,102,,83414,16,,,1,98,,83410,16,,,1,100,,83411,16,,,1,99,,83417,16,,,1,100,,83415,16,,,1,100,,83416,16,,,1,100,,83425,16,,,1
6900,'Samedi-1',852,,84218,15,,,1,100,,84217,15,,,1,100,,84219,15,,,1,100,,84221,15,,,1,100,,84220,15,,,1,100,,84222,15,,,1,100,,84223,15,,,1,100,,84224,15,,,1,100,,84225,15,,,1,100,,84226,15,,,1,100,,84227,15,,,1,100,,84228,15,,,1,100,,84229,15,,,1,100,,84230,15,,,1,100,,84231,15,,,1
6900,'Samedi-10',852,,74266,15,,,1,100,,74265,15,,,1,100,,74267,15,,,1,100,,74269,15,,,1,100,,74268,15,,,1,100,,74270,15,,,1,100,,74271,15,,,1,100,,74272,15,,,1,100,,74273,15,,,1,100,,74274,15,,,1,100,,74275,15,,,1,100,,74276,15,,,1,100,,74277,15,,,1,100,,74278,15,,,1,100,,74279,15,,,1
6900,'Dimanche-1',852,,84236,15,,,1,100,,84237,15,,,1,100,,84238,15,,,1,100,,84232,15,,,1,100,,84234,15,,,1,100,,84235,15,,,1,100,,84233,15,,,1,100,,84241,15,,,1,100,,84242,15,,,1,100,,84239,15,,,1,100,,84240,15,,,1,100,,84243,15,,,1,100,,84244,15,,,1,100,,84245,15,,,1,100,,84246,15,,,1
6900,'Semaine-1',838,,84247,15,,,1,103,,84248,15,,,1,99,,84249,15,,,2,101,,84250,15,,,2,95,,84251,15,,,2,104,,84252,15,,,1,101,,84253,15,,,1,70,,84254,15,,,1,30,,84255,15,,,2,73,,84256,15,,,1,29,,84257,15,,,2,68,,84258,15,,,1,33,,84259,15,,,1,67,,84260,15,,,1,28,,84261,15,,,1,82,,84262,15,,,1,100,,84263,15,,,2,100,,84264,15,,,2,100,,84265,15,,,2,100,,84266,15,,,2
6900,'Semaine-12',838,,84267,15,,,1,103,,84268,15,,,1,99,,84269,15,,,2,101,,84270,15,,,2,95,,84271,15,,,2,104,,84272,15,,,1,101,,84273,15,,,1,70,,84274,15,,,1,30,,84275,15,,,2,73,,84276,15,,,1,29,,84277,15,,,2,68,,84278,15,,,1,33,,84279,15,,,1,67,,84280,15,,,1,28,,84281,15,,,1,82,,84282,15,,,1,100,,84283,15,,,2,100,,84284,15,,,2,100,,84285,15,,,2,100,,84286,15,,,2
32501,'Semaine-1',849,,85899,46,0,7 8,1,3,,85900,46,0,7 8,1
32501,'Semaine-12',849,,85901,46,0,7 8,1,3,,85902,46,0,7 8,1
32601,'Semaine-1',845,,85905,43,0,7 8,1
32601,'Semaine-12',845,,85906,43,0,7 8,1
32900,'Semaine-1',849,,85907,46,0,7 8,1
32900,'Semaine-12',849,,85908,46,0,7 8,1
33100,'Semaine-1',845,,85911,42,0,7 8,1
33100,'Semaine-12',845,,85912,42,0,7 8,1
56600,'Semaine-1',1544,,86817,30,0,5 6,1
56600,'Semaine-12',1544,,86818,30,0,5 6,1
56900,'Semaine-1',1550,,86821,27,0,5 6,2
56900,'Semaine-12',1550,,86822,27,0,5 6,2
