4001,'Semaine-1',600,,81922,8,,,1,29,,81921,8,,,1,71,,81924,8,,,1,31,,81920,8,,,2,69,,81919,8,,,1,29,,81923,8,,,1
4001,'Semaine-12',600,,81928,8,,,1,29,,81927,8,,,1,71,,81930,8,,,1,31,,81926,8,,,2,69,,81925,8,,,1,29,,81929,8,,,1
5000,'Semaine-1',634,,82216,9,,,1,21,,82214,9,,,1,71,,82217,9,,,2,30,,82213,9,,,1,149,,82218,9,,,1
5000,'Semaine-12',634,,82222,9,,,1,21,,82220,9,,,1,71,,82223,9,,,2,30,,82219,9,,,1,149,,82224,9,,,1
5201,'Samedi-1',637,,82303,9,,,1,100,,82304,9,,,1,100,,82305,9,,,1,100,,82306,9,,,1,100,,82308,9,,,1,100,,82307,9,,,1,100,,82309,9,,,1,100,,82310,9,,,1,100,,82311,9,,,1,100,,82312,9,,,1,100,,82313,9,,,1,100,,82314,9,,,1,100,,82317,9,,,1,100,,82315,9,,,1,99,,82319,9,,,1,100,,82316,9,,,1,100,,82318,9,,,1,101,,82320,9,,,1
5201,'Samedi-10',637,,70449,9,,,1,100,,70450,9,,,1,100,,70451,9,,,1,100,,70452,9,,,1,100,,70454,9,,,1,100,,70453,9,,,1,100,,70455,9,,,1,100,,70456,9,,,1,100,,70457,9,,,1,100,,70458,9,,,1,100,,70459,9,,,1,100,,70460,9,,,1,100,,70463,9,,,1,100,,70461,9,,,1,99,,70465,9,,,1,100,,70462,9,,,1,100,,70464,9,,,1,101,,70466,9,,,1
5201,'Dimanche-1',637,,82321,9,,,1,100,,82322,9,,,1,100,,82323,9,,,1,100,,82326,9,,,1,100,,82324,9,,,1,100,,82328,9,,,1,100,,82325,9,,,1,100,,82330,9,,,1,100,,82327,9,,,1,100,,82329,9,,,1,100,,82332,9,,,1,100,,82334,9,,,1,100,,82331,9,,,1,100,,82333,9,,,1,99,,82335,9,,,1,100,,82336,9,,,1,100,,82337,9,,,1,101,,82338,9,,,1
5201,'Semaine-1',607,,82354,9,,,1,100,,82356,9,,,1,103,,82355,9,,,1,97,,82339,9,,,1,101,,82345,9,,,1,99,,82342,9,,,1,100,,82349,9,,,1,100,,82340,9,,,1,100,,82344,9,,,1,100,,82343,9,,,1,100,,82353,9,,,1,100,,82352,9,,,1,100,,82346,9,,,1,100,,82347,9,,,1,100,,82351,9,,,1,100,,82348,9,,,1,100,,82350,9,,,1,100,,82341,9,,,2
5201,'Semaine-12',607,,82372,9,,,1,100,,82374,9,,,1,103,,82373,9,,,1,97,,82357,9,,,1,101,,82363,9,,,1,99,,82360,9,,,1,100,,82367,9,,,1,100,,82358,9,,,1,100,,82362,9,,,1,100,,82361,9,,,1,100,,82371,9,,,1,100,,82370,9,,,1,100,,82364,9,,,1,100,,82365,9,,,1,100,,82369,9,,,1,100,,82366,9,,,1,100,,82368,9,,,1,100,,82359,9,,,2
55000,'Semaine-1',648,,86799,9,0,5 6,1,2,,86800,9,0,5 6,1
55000,'Semaine-12',648,,86801,9,0,5 6,1,2,,86802,9,0,5 6,1
64001,'Semaine-1',716,,86843,9,0,9 10,1,2,,86844,9,0,9 10,1
64001,'Semaine-12',716,,86845,9,0,9 10,1,2,,86846,9,0,9 10,1
74001,'Semaine-1',759,,86883,9,0,5 11,2,42,,86884,9,0,5 11,1
74001,'Semaine-12',759,,86885,9,0,5 11,2,42,,86886,9,0,5 11,1
