2701,'Semaine-1',631,,80049,33,,,1,86,,80050,33,,,1,91,,80047,33,,,1,26,,80048,33,,,2
2701,'Semaine-12',631,,80053,33,,,1,86,,80054,33,,,1,91,,80051,33,,,1,26,,80052,33,,,2
3101,'Samedi-1',703,,80209,26,,,1,100,,80210,26,,,1,100,,80211,26,,,1,101,,80212,26,,,1,100,,80213,26,,,1,100,,80214,26,,,1,100,,80215,26,,,1,100,,80216,26,,,1,100,,80217,26,,,1,100,,80218,26,,,1,100,,80219,26,,,1,100,,80220,26,,,1,99,,80221,26,,,1,98,,80222,26,,,1,100,,80223,26,,,1,100,,80224,26,,,1,100,,80225,26,,,1,100,,80226,26,,,1
3101,'Samedi-10',703,,66345,26,,,1,100,,66346,26,,,1,100,,66347,26,,,1,101,,66348,26,,,1,100,,66349,26,,,1,100,,66350,26,,,1,100,,66351,26,,,1,100,,66352,26,,,1,100,,66353,26,,,1,100,,66354,26,,,1,100,,66355,26,,,1,100,,66356,26,,,1,99,,66357,26,,,1,98,,66358,26,,,1,100,,66359,26,,,1,100,,66360,26,,,1,100,,66361,26,,,1,100,,66362,26,,,1
3101,'Dimanche-1',703,,80228,26,,,1,100,,80233,26,,,1,100,,80240,26,,,1,101,,80230,26,,,1,100,,80232,26,,,1,100,,80229,26,,,1,100,,80231,26,,,1,100,,80227,26,,,1,100,,80234,26,,,1,100,,80237,26,,,1,100,,80236,26,,,1,100,,80235,26,,,1,99,,80239,26,,,1,98,,80238,26,,,1,100,,80241,26,,,1,100,,80242,26,,,1,100,,80243,26,,,1,100,,80244,26,,,1
3101,'Semaine-1',542,,80248,26,,,1,76,,80282,26,,,1,33,,80262,26,,,1,73,,80249,26,,,1,16,,80285,26,,,1,17,,80245,26,,,1,55,,80287,26,,,1,11,,80259,26,,,1,15,,80260,26,,,1,14,,80279,26,,,1,55,,80250,26,,,1,19,,80252,26,,,1,20,,80277,26,,,1,60,,80269,26,,,1,21,,80278,26,,,1,20,,80251,26,,,1,60,,80253,26,,,1,20,,80273,26,,,1,20,,80283,26,,,1,60,,80272,26,,,1,20,,80254,26,,,1,20,,80246,26,,,1,60,,80276,26,,,1,20,,80286,26,,,1,20,,80271,26,,,1,60,,80255,26,,,1,17,,80274,26,,,1,23,,80275,26,,,1,61,,80284,26,,,1,22,,80270,26,,,1,19,,80256,26,,,1,63,,80267,26,,,1,20,,80268,26,,,1,20,,80257,26,,,1,59,,80263,26,,,1,20,,80247,26,,,1,19,,80280,26,,,1,58,,80288,26,,,1,24,,80258,26,,,1,98,,80281,26,,,1,100,,80264,26,,,1,100,,80261,26,,,1,98,,80265,26,,,1,100,,80266,26,,,1
3101,'Semaine-12',542,,80292,26,,,1,76,,80326,26,,,1,33,,80306,26,,,1,73,,80293,26,,,1,16,,80329,26,,,1,17,,80289,26,,,1,55,,80331,26,,,1,11,,80303,26,,,1,15,,80304,26,,,1,14,,80323,26,,,1,55,,80294,26,,,1,19,,80296,26,,,1,20,,80321,26,,,1,60,,80313,26,,,1,21,,80322,26,,,1,20,,80295,26,,,1,60,,80297,26,,,1,20,,80317,26,,,1,20,,80327,26,,,1,60,,80316,26,,,1,20,,80298,26,,,1,20,,80290,26,,,1,60,,80320,26,,,1,20,,80330,26,,,1,20,,80315,26,,,1,60,,80299,26,,,1,17,,80318,26,,,1,23,,80319,26,,,1,61,,80328,26,,,1,22,,80314,26,,,1,19,,80300,26,,,1,63,,80311,26,,,1,20,,80312,26,,,1,20,,80301,26,,,1,59,,80307,26,,,1,20,,80291,26,,,1,19,,80324,26,,,1,58,,80332,26,,,1,24,,80302,26,,,1,98,,80325,26,,,1,100,,80308,26,,,1,100,,80305,26,,,1,98,,80309,26,,,1,100,,80310,26,,,1
3301,'Samedi-1',733,,80655,35,,,1,100,,80656,35,,,1,100,,80657,35,,,1,100,,80658,35,,,1,100,,80659,35,,,1,101,,80660,35,,,1,100,,80661,35,,,1,100,,80662,35,,,1,102,,80663,35,,,1,98,,80664,35,,,1,100,,80665,35,,,1,96,,80666,35,,,1,100,,80667,35,,,1,100,,80668,35,,,1,100,,80669,35,,,1,100,,80670,35,,,1,100,,80671,35,,,1,100,,80672,35,,,1
3301,'Samedi-10',733,,67122,35,,,1,100,,67123,35,,,1,100,,67124,35,,,1,100,,67125,35,,,1,100,,67126,35,,,1,101,,67127,35,,,1,100,,67128,35,,,1,100,,67129,35,,,1,102,,67130,35,,,1,98,,67131,35,,,1,100,,67132,35,,,1,96,,67133,35,,,1,100,,67134,35,,,1,100,,67135,35,,,1,100,,67136,35,,,1,100,,67137,35,,,1,100,,67138,35,,,1,100,,67139,35,,,1
3301,'Dimanche-1',733,,80677,35,,,1,100,,80678,35,,,1,100,,80686,35,,,1,100,,80679,35,,,1,100,,80674,35,,,1,101,,80675,35,,,1,100,,80673,35,,,1,100,,80676,35,,,1,102,,80680,35,,,1,98,,80681,35,,,1,100,,80683,35,,,1,96,,80685,35,,,1,100,,80684,35,,,1,100,,80682,35,,,1,100,,80687,35,,,1,100,,80688,35,,,1,100,,80689,35,,,1,100,,80690,35,,,1
3301,'Semaine-1',619,,80714,35,,,1,20,,80722,35,,,1,18,,80699,35,,,1,55,,80719,35,,,1,21,,80715,35,,,1,10,,80710,35,,,1,11,,80730,35,,,1,53,,80728,35,,,1,15,,80717,35,,,1,12,,80705,35,,,1,10,,80721,35,,,1,14,,80695,35,,,1,70,,80707,35,,,1,30,,80713,35,,,1,70,,80703,35,,,1,30,,80724,35,,,1,70,,80708,35,,,1,30,,80700,35,,,1,70,,80702,35,,,1,16,,80720,35,,,1,15,,80729,35,,,1,66,,80711,35,,,1,29,,80701,35,,,1,70,,80706,35,,,1,33,,80709,35,,,1,61,,80731,35,,,1,19,,80712,35,,,1,18,,80716,35,,,1,63,,80697,35,,,1,20,,80727,35,,,1,21,,80704,35,,,1,67,,80694,35,,,1,30,,80691,35,,,1,72,,80725,35,,,1,30,,80698,35,,,1,70,,80693,35,,,1,100,,80696,35,,,1,74,,80718,35,,,1,100,,80723,35,,,2,100,,80692,35,,,1,100,,80726,35,,,1
3301,'Semaine-12',619,,80755,35,,,1,20,,80763,35,,,1,18,,80740,35,,,1,55,,80760,35,,,1,21,,80756,35,,,1,10,,80751,35,,,1,11,,80771,35,,,1,53,,80769,35,,,1,15,,80758,35,,,1,12,,80746,35,,,1,10,,80762,35,,,1,14,,80736,35,,,1,70,,80748,35,,,1,30,,80754,35,,,1,70,,80744,35,,,1,30,,80765,35,,,1,70,,80749,35,,,1,30,,80741,35,,,1,70,,80743,35,,,1,16,,80761,35,,,1,15,,80770,35,,,1,66,,80752,35,,,1,29,,80742,35,,,1,70,,80747,35,,,1,33,,80750,35,,,1,61,,80772,35,,,1,19,,80753,35,,,1,18,,80757,35,,,1,63,,80738,35,,,1,20,,80768,35,,,1,21,,80745,35,,,1,67,,80735,35,,,1,30,,80732,35,,,1,72,,80766,35,,,1,30,,80739,35,,,1,70,,80734,35,,,1,100,,80737,35,,,1,74,,80759,35,,,1,100,,80764,35,,,2,100,,80733,35,,,1,100,,80767,35,,,1
57100,'Semaine-1',1525,,86825,10,0,5 6,1
57100,'Semaine-12',1525,,86826,10,0,5 6,1
82601,'Semaine-1',805,,87124,37,0,9 12 13,1,1,,87125,37,0,9 12 13,1
82601,'Semaine-12',805,,87126,37,0,9 12 13,1,1,,87127,37,0,9 12 13,1
82701,'Semaine-1',809,,87130,33,0,9 12 13,2
82701,'Semaine-12',809,,87131,33,0,9 12 13,2
83101,'Semaine-1',816,,87148,26,0,9 12 13,2,2,,87149,26,0,9 12 13,1
83101,'Semaine-12',816,,87150,26,0,9 12 13,2,2,,87151,26,0,9 12 13,1
83301,'Semaine-1',803,,87156,17,0,9 12 13,1
83301,'Semaine-12',803,,87157,17,0,9 12 13,1
