3601,'Semaine-1',846,,81179,15,,,1,90,,81177,15,,,1,100,,81180,15,,,1,100,,81178,15,,,1,99,,81183,15,,,1,100,,81182,15,,,1,101,,81181,15,,,1
3601,'Semaine-12',846,,81186,15,,,1,90,,81184,15,,,1,100,,81187,15,,,1,100,,81185,15,,,1,99,,81190,15,,,1,100,,81189,15,,,1,101,,81188,15,,,1
3701,'Samedi-1',651,,81286,15,,,1,100,,81291,15,,,1,100,,81285,15,,,1,100,,81290,15,,,1,100,,81287,15,,,1,100,,81288,15,,,1,100,,81292,15,,,1,99,,81289,15,,,1,100,,81293,15,,,1,100,,81294,15,,,1,100,,81295,15,,,1,102,,81296,15,,,1,100,,81297,15,,,1,100,,81298,15,,,1,100,,81299,15,,,1,99,,81300,15,,,1,101,,81301,15,,,1
3701,'Samedi-10',651,,68373,15,,,1,100,,68378,15,,,1,100,,68372,15,,,1,100,,68377,15,,,1,100,,68374,15,,,1,100,,68375,15,,,1,100,,68379,15,,,1,99,,68376,15,,,1,100,,68380,15,,,1,100,,68381,15,,,1,100,,68382,15,,,1,102,,68383,15,,,1,100,,68384,15,,,1,100,,68385,15,,,1,100,,68386,15,,,1,99,,68387,15,,,1,101,,68388,15,,,1
3701,'Dimanche-1',651,,81303,15,,,1,100,,81304,15,,,1,100,,81306,15,,,1,100,,81307,15,,,1,100,,81315,15,,,1,100,,81302,15,,,1,100,,81308,15,,,1,99,,81305,15,,,1,100,,81310,15,,,1,100,,81311,15,,,1,100,,81313,15,,,1,102,,81312,15,,,1,100,,81309,15,,,1,100,,81314,15,,,1,100,,81316,15,,,1,99,,81317,15,,,1,101,,81318,15,,,1
3701,'Semaine-1',518,,81332,15,,,1,29,,81330,15,,,1,75,,81334,15,,,1,30,,81324,15,,,1,72,,81341,15,,,1,16,,81321,15,,,1,14,,81342,15,,,1,70,,81323,15,,,1,97,,81340,15,,,1,100,,81328,15,,,1,100,,81322,15,,,1,100,,81320,15,,,1,100,,81325,15,,,1,100,,81336,15,,,1,99,,81319,15,,,1,30,,81335,15,,,1,71,,81338,15,,,1,29,,81333,15,,,1,71,,81339,15,,,1,30,,81343,15,,,1,85,,81327,15,,,1,100,,81337,15,,,1,100,,81329,15,,,1,102,,81326,15,,,1,95,,81331,15,,,1
3701,'Semaine-12',518,,81357,15,,,1,29,,81355,15,,,1,75,,81359,15,,,1,30,,81349,15,,,1,72,,81366,15,,,1,16,,81346,15,,,1,14,,81367,15,,,1,70,,81348,15,,,1,97,,81365,15,,,1,100,,81353,15,,,1,100,,81347,15,,,1,100,,81345,15,,,1,100,,81350,15,,,1,100,,81361,15,,,1,99,,81344,15,,,1,30,,81360,15,,,1,71,,81363,15,,,1,29,,81358,15,,,1,71,,81364,15,,,1,30,,81368,15,,,1,85,,81352,15,,,1,100,,81362,15,,,1,100,,81354,15,,,1,102,,81351,15,,,1,95,,81356,15,,,1
37101,'Samedi-1',721,,86004,15,,,1,100,,86003,15,,,1,99,,86007,15,,,1,100,,86006,15,,,1,101,,86008,15,,,1,99,,86005,15,,,1,99,,86009,15,,,1,99,,86010,15,,,1,102,,86011,15,,,1,99,,86012,15,,,1,100,,86013,15,,,1,105,,86014,15,,,1,95,,86015,15,,,1,101,,86016,15,,,1,100,,86017,15,,,1,102,,86018,15,,,1,100,,86019,15,,,1
37101,'Samedi-10',721,,77625,15,,,1,100,,77624,15,,,1,99,,77628,15,,,1,100,,77627,15,,,1,101,,77629,15,,,1,99,,77626,15,,,1,99,,77630,15,,,1,99,,77631,15,,,1,102,,77632,15,,,1,99,,77633,15,,,1,100,,77634,15,,,1,105,,77635,15,,,1,95,,77636,15,,,1,101,,77637,15,,,1,100,,77638,15,,,1,102,,77639,15,,,1,100,,77640,15,,,1
37101,'Dimanche-1',721,,86033,15,,,1,100,,86022,15,,,1,99,,86023,15,,,1,100,,86020,15,,,1,101,,86025,15,,,1,99,,86021,15,,,1,99,,86024,15,,,1,99,,86027,15,,,1,102,,86026,15,,,1,99,,86028,15,,,1,100,,86032,15,,,1,105,,86031,15,,,1,95,,86029,15,,,1,101,,86030,15,,,1,100,,86034,15,,,1,102,,86035,15,,,1,100,,86036,15,,,1
37101,'Semaine-1',529,,86053,15,,,1,71,,86056,15,,,1,30,,86049,15,,,1,29,,86051,15,,,1,71,,86061,15,,,1,70,,86060,15,,,1,30,,86055,15,,,1,72,,86039,15,,,1,98,,86046,15,,,1,100,,86044,15,,,1,100,,86045,15,,,1,100,,86059,15,,,1,100,,86042,15,,,1,100,,86043,15,,,1,29,,86040,15,,,1,30,,86047,15,,,1,71,,86057,15,,,1,70,,86058,15,,,1,30,,86037,15,,,1,80,,86041,15,,,1,96,,86052,15,,,1,100,,86054,15,,,1,100,,86038,15,,,1,99,,86048,15,,,1,145,,86050,15,,,1
37101,'Semaine-12',529,,86078,15,,,1,71,,86081,15,,,1,30,,86074,15,,,1,29,,86076,15,,,1,71,,86086,15,,,1,70,,86085,15,,,1,30,,86080,15,,,1,72,,86064,15,,,1,98,,86071,15,,,1,100,,86069,15,,,1,100,,86070,15,,,1,100,,86084,15,,,1,100,,86067,15,,,1,100,,86068,15,,,1,29,,86065,15,,,1,30,,86072,15,,,1,71,,86082,15,,,1,70,,86083,15,,,1,30,,86062,15,,,1,80,,86066,15,,,1,96,,86077,15,,,1,100,,86079,15,,,1,100,,86063,15,,,1,99,,86073,15,,,1,145,,86075,15,,,1
43701,'Semaine-1',1507,,86788,15,0,9 14,1
43701,'Semaine-12',1507,,86790,15,0,9 14,1
