2500,'Semaine-1',1555,,79993,39,,,1,70,,79996,39,,,1,31,,79994,39,,,1,73,,79998,39,,,1,24,,79995,39,,,2,65,,79997,39,,,2
2500,'Semaine-12',1555,,79999,39,,,1,70,,80002,39,,,1,31,,80000,39,,,1,73,,80004,39,,,1,24,,80001,39,,,2,65,,80003,39,,,2
32500,'Semaine-1',1651,,85896,45,0,7 8,1
32500,'Semaine-12',1651,,85898,45,0,7 8,1
42501,'Semaine-1',1521,,86757,33,0,9 14,1
42501,'Semaine-12',1521,,86758,33,0,9 14,1
72500,'Semaine-1',1648,,86867,37,0,5 11,1
72500,'Semaine-12',1648,,86868,37,0,5 11,1
82500,'Semaine-1',1553,,87113,31,0,9 12 13,1
82500,'Semaine-12',1553,,87115,31,0,9 12 13,1
