3601,'Semaine-1',845,,81179,13,,,1,90,,81177,13,,,1,100,,81180,13,,,1,100,,81178,13,,,1,99,,81183,13,,,1,100,,81182,13,,,1,101,,81181,13,,,1
3601,'Semaine-12',845,,81186,13,,,1,90,,81184,13,,,1,100,,81187,13,,,1,100,,81185,13,,,1,99,,81190,13,,,1,100,,81189,13,,,1,101,,81188,13,,,1
3701,'Samedi-1',650,,81286,13,,,1,100,,81291,13,,,1,100,,81285,13,,,1,100,,81290,13,,,1,100,,81287,13,,,1,100,,81288,13,,,1,100,,81292,13,,,1,99,,81289,13,,,1,100,,81293,13,,,1,100,,81294,13,,,1,100,,81295,13,,,1,102,,81296,13,,,1,100,,81297,13,,,1,100,,81298,13,,,1,100,,81299,13,,,1,100,,81300,13,,,1,101,,81301,13,,,1
3701,'Samedi-10',650,,68373,13,,,1,100,,68378,13,,,1,100,,68372,13,,,1,100,,68377,13,,,1,100,,68374,13,,,1,100,,68375,13,,,1,100,,68379,13,,,1,99,,68376,13,,,1,100,,68380,13,,,1,100,,68381,13,,,1,100,,68382,13,,,1,102,,68383,13,,,1,100,,68384,13,,,1,100,,68385,13,,,1,100,,68386,13,,,1,100,,68387,13,,,1,101,,68388,13,,,1
3701,'Dimanche-1',650,,81303,13,,,1,100,,81304,13,,,1,100,,81306,13,,,1,100,,81307,13,,,1,100,,81315,13,,,1,100,,81302,13,,,1,100,,81308,13,,,1,99,,81305,13,,,1,100,,81310,13,,,1,100,,81311,13,,,1,100,,81313,13,,,1,102,,81312,13,,,1,100,,81309,13,,,1,100,,81314,13,,,1,100,,81316,13,,,1,100,,81317,13,,,1,101,,81318,13,,,1
3701,'Semaine-1',517,,81332,13,,,1,29,,81330,13,,,1,75,,81334,13,,,1,30,,81324,13,,,1,72,,81341,13,,,1,16,,81321,13,,,1,14,,81342,13,,,1,70,,81323,13,,,1,97,,81340,13,,,1,100,,81328,13,,,1,100,,81322,13,,,1,100,,81320,13,,,1,100,,81325,13,,,1,100,,81336,13,,,1,99,,81319,13,,,1,30,,81335,13,,,1,71,,81338,13,,,1,29,,81333,13,,,1,71,,81339,13,,,1,30,,81343,13,,,1,85,,81327,13,,,1,100,,81337,13,,,1,100,,81329,13,,,1,102,,81326,13,,,1,96,,81331,13,,,1
3701,'Semaine-12',517,,81357,13,,,1,29,,81355,13,,,1,75,,81359,13,,,1,30,,81349,13,,,1,72,,81366,13,,,1,16,,81346,13,,,1,14,,81367,13,,,1,70,,81348,13,,,1,97,,81365,13,,,1,100,,81353,13,,,1,100,,81347,13,,,1,100,,81345,13,,,1,100,,81350,13,,,1,100,,81361,13,,,1,99,,81344,13,,,1,30,,81360,13,,,1,71,,81363,13,,,1,29,,81358,13,,,1,71,,81364,13,,,1,30,,81368,13,,,1,85,,81352,13,,,1,100,,81362,13,,,1,100,,81354,13,,,1,102,,81351,13,,,1,96,,81356,13,,,1
37101,'Samedi-1',720,,86004,13,,,1,100,,86003,13,,,1,99,,86007,13,,,1,100,,86006,13,,,1,101,,86008,13,,,1,99,,86005,13,,,1,99,,86009,13,,,1,98,,86010,13,,,1,103,,86011,13,,,1,99,,86012,13,,,1,100,,86013,13,,,1,105,,86014,13,,,1,95,,86015,13,,,1,101,,86016,13,,,1,100,,86017,13,,,1,102,,86018,13,,,1,100,,86019,13,,,1
37101,'Samedi-10',720,,77625,13,,,1,100,,77624,13,,,1,99,,77628,13,,,1,100,,77627,13,,,1,101,,77629,13,,,1,99,,77626,13,,,1,99,,77630,13,,,1,98,,77631,13,,,1,103,,77632,13,,,1,99,,77633,13,,,1,100,,77634,13,,,1,105,,77635,13,,,1,95,,77636,13,,,1,101,,77637,13,,,1,100,,77638,13,,,1,102,,77639,13,,,1,100,,77640,13,,,1
37101,'Dimanche-1',720,,86033,13,,,1,100,,86022,13,,,1,99,,86023,13,,,1,100,,86020,13,,,1,101,,86025,13,,,1,99,,86021,13,,,1,99,,86024,13,,,1,98,,86027,13,,,1,103,,86026,13,,,1,99,,86028,13,,,1,100,,86032,13,,,1,105,,86031,13,,,1,95,,86029,13,,,1,101,,86030,13,,,1,100,,86034,13,,,1,102,,86035,13,,,1,100,,86036,13,,,1
37101,'Semaine-1',528,,86053,13,,,1,31,,86056,13,,,1,70,,86049,13,,,1,29,,86051,13,,,1,71,,86061,13,,,1,30,,86060,13,,,1,70,,86055,13,,,1,72,,86039,13,,,1,58,,86046,13,,,1,100,,86044,13,,,1,100,,86045,13,,,1,100,,86059,13,,,1,100,,86042,13,,,1,100,,86043,13,,,1,69,,86040,13,,,1,30,,86047,13,,,1,71,,86057,13,,,1,30,,86058,13,,,1,70,,86037,13,,,1,80,,86041,13,,,1,96,,86052,13,,,1,100,,86054,13,,,1,100,,86038,13,,,1,99,,86048,13,,,1,145,,86050,13,,,1
37101,'Semaine-12',528,,86078,13,,,1,31,,86081,13,,,1,70,,86074,13,,,1,29,,86076,13,,,1,71,,86086,13,,,1,30,,86085,13,,,1,70,,86080,13,,,1,72,,86064,13,,,1,58,,86071,13,,,1,100,,86069,13,,,1,100,,86070,13,,,1,100,,86084,13,,,1,100,,86067,13,,,1,100,,86068,13,,,1,69,,86065,13,,,1,30,,86072,13,,,1,71,,86082,13,,,1,30,,86083,13,,,1,70,,86062,13,,,1,80,,86066,13,,,1,96,,86077,13,,,1,100,,86079,13,,,1,100,,86063,13,,,1,99,,86073,13,,,1,145,,86075,13,,,1
43701,'Semaine-1',1506,,86788,13,0,9 14,1
43701,'Semaine-12',1506,,86790,13,0,9 14,1
