2300,'Semaine-1',1553,,79976,17,,,1,68,,79974,17,,,1,34,,79972,17,,,1,65,,79973,17,,,2,25,,79975,17,,,2,69,,79971,17,,,1
2300,'Semaine-12',1553,,79982,17,,,1,68,,79980,17,,,1,34,,79978,17,,,1,65,,79979,17,,,2,25,,79981,17,,,2,69,,79977,17,,,1
2500,'Semaine-1',1536,,79993,16,,,1,70,,79996,16,,,1,30,,79994,16,,,1,73,,79998,16,,,1,25,,79995,16,,,2,67,,79997,16,,,2
2500,'Semaine-12',1536,,79999,16,,,1,70,,80002,16,,,1,30,,80000,16,,,1,73,,80004,16,,,1,25,,80001,16,,,2,67,,80003,16,,,2
2600,'Semaine-1',1604,,80019,23,,,1,32,,80018,23,,,1,69,,80017,23,,,2,30,,80020,23,,,1,67,,80021,23,,,2
2600,'Semaine-12',1604,,80024,23,,,1,32,,80023,23,,,1,69,,80022,23,,,2,30,,80025,23,,,1,67,,80026,23,,,2
2800,'Semaine-1',1607,,80055,26,,,1,42,,80056,26,,,1,91,,80057,26,,,1
2800,'Semaine-12',1607,,80058,26,,,1,42,,80059,26,,,1,91,,80060,26,,,1
3200,'Semaine-1',637,,80376,24,,,1,71,,80375,24,,,1,32,,80371,24,,,1,72,,80373,24,,,1,28,,80372,24,,,2,70,,80374,24,,,1,28,,80347,24,,,2,70,,80342,24,,,1,30,,80343,24,,,2,70,,80354,24,,,1,30,,80348,24,,,1,72,,80334,24,,,1,30,,80335,24,,,1,69,,80346,24,,,1,30,,80349,24,,,1,70,,80355,24,,,1,31,,80336,24,,,1,69,,80381,24,,,1,15,,80333,24,,,2,16,,80363,24,,,1,10,,80353,24,,,1,51,,80359,24,,,2,10,,80360,24,,,1,10,,80378,24,,,1,10,,80379,24,,,1,10,,80380,24,,,2,13,,80377,24,,,2,47,,80350,24,,,1,10,,80361,24,,,1,10,,80369,24,,,2,10,,80362,24,,,2,8,,80339,24,,,1,10,,80370,24,,,1,10,,80356,24,,,2,48,,80358,24,,,1,10,,80357,24,,,1,19,,80351,24,,,2,65,,80345,24,,,1,30,,80340,24,,,1,70,,80337,24,,,2,29,,80352,24,,,2,70,,80344,24,,,1,33,,80341,24,,,1,26,,80338,24,,,2,70,,80364,24,,,1,29,,80365,24,,,1,68,,80366,24,,,1,30,,80367,24,,,1,70,,80368,24,,,1
3200,'Semaine-12',637,,80425,24,,,1,71,,80424,24,,,1,32,,80420,24,,,1,72,,80422,24,,,1,28,,80421,24,,,2,70,,80423,24,,,1,28,,80396,24,,,2,70,,80391,24,,,1,30,,80392,24,,,2,70,,80403,24,,,1,30,,80397,24,,,1,72,,80383,24,,,1,30,,80384,24,,,1,69,,80395,24,,,1,30,,80398,24,,,1,70,,80404,24,,,1,31,,80385,24,,,1,69,,80430,24,,,1,15,,80382,24,,,2,16,,80412,24,,,1,10,,80402,24,,,1,51,,80408,24,,,2,10,,80409,24,,,1,10,,80427,24,,,1,10,,80428,24,,,1,10,,80429,24,,,2,13,,80426,24,,,2,47,,80399,24,,,1,10,,80410,24,,,1,10,,80418,24,,,2,10,,80411,24,,,2,8,,80388,24,,,1,10,,80419,24,,,1,10,,80405,24,,,2,48,,80407,24,,,1,10,,80406,24,,,1,19,,80400,24,,,2,65,,80394,24,,,1,30,,80389,24,,,1,70,,80386,24,,,2,29,,80401,24,,,2,70,,80393,24,,,1,33,,80390,24,,,1,26,,80387,24,,,2,70,,80413,24,,,1,29,,80414,24,,,1,68,,80415,24,,,1,30,,80416,24,,,1,70,,80417,24,,,1
3400,'Samedi-1',748,,80773,32,,,1,100,,80778,32,,,1,70,,80774,32,,,1,31,,80780,32,,,1,70,,80781,32,,,1,31,,80775,32,,,1,70,,80776,32,,,1,30,,80777,32,,,1,70,,80779,32,,,1,31,,80782,32,,,1,70,,80784,32,,,1,30,,80783,32,,,1,70,,80785,32,,,1,30,,80786,32,,,1,70,,80787,32,,,1,30,,80788,32,,,1,70,,80789,32,,,1,31,,80790,32,,,1,70,,80791,32,,,1,30,,80792,32,,,1,70,,80793,32,,,1,29,,80794,32,,,1,68,,80795,32,,,1,29,,80796,32,,,1,71,,80797,32,,,1,30,,80798,32,,,1,70,,80799,32,,,1,30,,80800,32,,,1,70,,80801,32,,,1,30,,80803,32,,,1,70,,80802,32,,,1,29,,80805,32,,,1,70,,80804,32,,,1,27,,80806,32,,,1
3400,'Samedi-10',748,,67369,32,,,1,100,,67374,32,,,1,70,,67370,32,,,1,31,,67376,32,,,1,70,,67377,32,,,1,31,,67371,32,,,1,70,,67372,32,,,1,30,,67373,32,,,1,70,,67375,32,,,1,31,,67378,32,,,1,70,,67380,32,,,1,30,,67379,32,,,1,70,,67381,32,,,1,30,,67382,32,,,1,70,,67383,32,,,1,30,,67384,32,,,1,70,,67385,32,,,1,31,,67386,32,,,1,70,,67387,32,,,1,30,,67388,32,,,1,70,,67389,32,,,1,29,,67390,32,,,1,68,,67391,32,,,1,29,,67392,32,,,1,71,,67393,32,,,1,30,,67394,32,,,1,70,,67395,32,,,1,30,,67396,32,,,1,70,,67397,32,,,1,30,,67399,32,,,1,70,,67398,32,,,1,29,,67401,32,,,1,70,,67400,32,,,1,27,,67402,32,,,1
3400,'Dimanche-1',748,,80811,32,,,1,100,,80831,32,,,1,70,,80813,32,,,1,31,,80817,32,,,1,70,,80810,32,,,1,31,,80818,32,,,1,70,,80809,32,,,1,30,,80808,32,,,1,70,,80821,32,,,1,31,,80812,32,,,1,70,,80815,32,,,1,30,,80814,32,,,1,70,,80807,32,,,1,30,,80823,32,,,1,70,,80819,32,,,1,30,,80820,32,,,1,70,,80816,32,,,1,31,,80827,32,,,1,70,,80826,32,,,1,30,,80824,32,,,1,70,,80822,32,,,1,29,,80825,32,,,1,68,,80830,32,,,1,29,,80828,32,,,1,71,,80829,32,,,1,30,,80832,32,,,1,70,,80833,32,,,1,30,,80834,32,,,1,70,,80835,32,,,1,30,,80836,32,,,1,70,,80837,32,,,1,29,,80839,32,,,1,70,,80838,32,,,1,27,,80840,32,,,1
3400,'Semaine-1',626,,80871,32,,,1,28,,80856,32,,,1,74,,80850,32,,,1,74,,80854,32,,,1,31,,80845,32,,,2,68,,80865,32,,,1,30,,80851,32,,,1,27,,80841,32,,,1,70,,80846,32,,,1,30,,80847,32,,,1,70,,80852,32,,,1,30,,80842,32,,,1,71,,80872,32,,,1,30,,80848,32,,,1,70,,80853,32,,,1,30,,80843,32,,,1,72,,80869,32,,,1,70,,80844,32,,,1,26,,80870,32,,,1,305,,80868,32,,,1,20,,80857,32,,,1,68,,80849,32,,,1,30,,80861,32,,,1,70,,80867,32,,,1,31,,80858,32,,,1,68,,80860,32,,,1,30,,80862,32,,,1,70,,80855,32,,,1,30,,80864,32,,,1,69,,80859,32,,,1,29,,80863,32,,,1,70,,80866,32,,,1
3400,'Semaine-12',626,,80903,32,,,1,28,,80888,32,,,1,74,,80882,32,,,1,74,,80886,32,,,1,31,,80877,32,,,2,68,,80897,32,,,1,30,,80883,32,,,1,27,,80873,32,,,1,70,,80878,32,,,1,30,,80879,32,,,1,70,,80884,32,,,1,30,,80874,32,,,1,71,,80904,32,,,1,30,,80880,32,,,1,70,,80885,32,,,1,30,,80875,32,,,1,72,,80901,32,,,1,70,,80876,32,,,1,26,,80902,32,,,1,305,,80900,32,,,1,20,,80889,32,,,1,68,,80881,32,,,1,30,,80893,32,,,1,70,,80899,32,,,1,31,,80890,32,,,1,68,,80892,32,,,1,30,,80894,32,,,1,70,,80887,32,,,1,30,,80896,32,,,1,69,,80891,32,,,1,29,,80895,32,,,1,70,,80898,32,,,1
3901,'Samedi-1',626,,81789,27,,,1,100,,81791,27,,,1,100,,81795,27,,,1,100,,81794,27,,,1,101,,81797,27,,,1,100,,81796,27,,,1,101,,81792,27,,,1,30,,81790,27,,,1,70,,81798,27,,,1,31,,81793,27,,,1,70,,81799,27,,,1,30,,81800,27,,,1,71,,81801,27,,,1,70,,81802,27,,,1,30,,81803,27,,,1,70,,81804,27,,,1,30,,81805,27,,,1,29,,81806,27,,,1,69,,81807,27,,,1,29,,81808,27,,,1,100,,81809,27,,,1,100,,81810,27,,,1,100,,81811,27,,,1,100,,81812,27,,,1
3901,'Samedi-10',626,,69456,27,,,1,100,,69458,27,,,1,100,,69462,27,,,1,100,,69461,27,,,1,101,,69464,27,,,1,100,,69463,27,,,1,101,,69459,27,,,1,30,,69457,27,,,1,70,,69465,27,,,1,31,,69460,27,,,1,70,,69466,27,,,1,30,,69467,27,,,1,71,,69468,27,,,1,70,,69469,27,,,1,30,,69470,27,,,1,70,,69471,27,,,1,30,,69472,27,,,1,29,,69473,27,,,1,69,,69474,27,,,1,29,,69475,27,,,1,100,,69476,27,,,1,100,,69477,27,,,1,100,,69478,27,,,1,100,,69479,27,,,1
3901,'Dimanche-1',626,,81813,27,,,1,100,,81820,27,,,1,100,,81823,27,,,1,100,,81816,27,,,1,101,,81818,27,,,1,100,,81819,27,,,1,101,,81822,27,,,1,30,,81815,27,,,1,70,,81817,27,,,1,31,,81824,27,,,1,70,,81814,27,,,1,30,,81826,27,,,1,71,,81821,27,,,1,70,,81828,27,,,1,30,,81831,27,,,1,70,,81833,27,,,1,30,,81829,27,,,1,29,,81830,27,,,1,69,,81832,27,,,1,29,,81825,27,,,1,100,,81827,27,,,1,100,,81834,27,,,1,100,,81835,27,,,1,100,,81836,27,,,1
3901,'Semaine-1',649,,81859,27,,,1,67,,81848,27,,,1,37,,81849,27,,,1,73,,81845,27,,,1,31,,81851,27,,,1,70,,81853,27,,,2,30,,81860,27,,,1,70,,81871,27,,,1,30,,81866,27,,,2,70,,81861,27,,,1,30,,81846,27,,,1,71,,81855,27,,,1,31,,81862,27,,,1,68,,81847,27,,,2,30,,81844,27,,,1,74,,81863,27,,,1,70,,81856,27,,,1,32,,81837,27,,,1,71,,81864,27,,,2,29,,81842,27,,,1,71,,81839,27,,,1,30,,81867,27,,,1,67,,81852,27,,,1,32,,81858,27,,,2,69,,81843,27,,,2,31,,81865,27,,,1,25,,81838,27,,,2,66,,81868,27,,,1,30,,81841,27,,,1,70,,81857,27,,,1,32,,81869,27,,,1,70,,81840,27,,,1,32,,81850,27,,,1,69,,81870,27,,,1,30,,81854,27,,,1
3901,'Semaine-12',649,,81894,27,,,1,67,,81883,27,,,1,37,,81884,27,,,1,73,,81880,27,,,1,31,,81886,27,,,1,70,,81888,27,,,2,30,,81895,27,,,1,70,,81906,27,,,1,30,,81901,27,,,2,70,,81896,27,,,1,30,,81881,27,,,1,71,,81890,27,,,1,31,,81897,27,,,1,68,,81882,27,,,2,30,,81879,27,,,1,74,,81898,27,,,1,70,,81891,27,,,1,32,,81872,27,,,1,71,,81899,27,,,2,29,,81877,27,,,1,71,,81874,27,,,1,30,,81902,27,,,1,67,,81887,27,,,1,32,,81893,27,,,2,69,,81878,27,,,2,31,,81900,27,,,1,25,,81873,27,,,2,66,,81903,27,,,1,30,,81876,27,,,1,70,,81892,27,,,1,32,,81904,27,,,1,70,,81875,27,,,1,32,,81885,27,,,1,69,,81905,27,,,1,30,,81889,27,,,1
4901,'Samedi-1',723,,82116,14,,,1,100,,82115,14,,,1,100,,82117,14,,,1,100,,82113,14,,,1,100,,82118,14,,,1,100,,82114,14,,,1,100,,82119,14,,,1,100,,82120,14,,,1,100,,82121,14,,,1,100,,82122,14,,,1,100,,82123,14,,,1,100,,82124,14,,,1,100,,82125,14,,,1,100,,82126,14,,,1,100,,82127,14,,,1,100,,82128,14,,,1,100,,82129,14,,,1
4901,'Samedi-10',723,,70061,14,,,1,100,,70060,14,,,1,100,,70062,14,,,1,100,,70058,14,,,1,100,,70063,14,,,1,100,,70059,14,,,1,100,,70064,14,,,1,100,,70065,14,,,1,100,,70066,14,,,1,100,,70067,14,,,1,100,,70068,14,,,1,100,,70069,14,,,1,100,,70070,14,,,1,100,,70071,14,,,1,100,,70072,14,,,1,100,,70073,14,,,1,100,,70074,14,,,1
4901,'Dimanche-1',723,,82143,14,,,1,100,,82132,14,,,1,100,,82142,14,,,1,100,,82135,14,,,1,100,,82131,14,,,1,100,,82130,14,,,1,100,,82133,14,,,1,100,,82134,14,,,1,100,,82137,14,,,1,100,,82136,14,,,1,100,,82140,14,,,1,100,,82139,14,,,1,100,,82141,14,,,1,100,,82138,14,,,1,100,,82144,14,,,1,100,,82145,14,,,1,100,,82146,14,,,1
4901,'Semaine-1',605,,82153,14,,,1,47,,82158,14,,,1,70,,82174,14,,,1,31,,82170,14,,,1,69,,82168,14,,,1,29,,82178,14,,,1,70,,82160,14,,,1,30,,82176,14,,,1,69,,82172,14,,,1,31,,82147,14,,,1,70,,82169,14,,,1,30,,82148,14,,,1,70,,82154,14,,,1,30,,82156,14,,,1,70,,82161,14,,,1,29,,82177,14,,,1,71,,82159,14,,,1,30,,82179,14,,,1,62,,82175,14,,,1,11,,82162,14,,,1,15,,82149,14,,,1,15,,82165,14,,,1,70,,82155,14,,,1,29,,82157,14,,,1,69,,82173,14,,,1,29,,82167,14,,,1,70,,82171,14,,,1,95,,82150,14,,,1,40,,82166,14,,,1,101,,82164,14,,,1,99,,82151,14,,,1,100,,82163,14,,,1,98,,82152,14,,,1
4901,'Semaine-12',605,,82186,14,,,1,47,,82191,14,,,1,70,,82207,14,,,1,31,,82203,14,,,1,69,,82201,14,,,1,29,,82211,14,,,1,70,,82193,14,,,1,30,,82209,14,,,1,69,,82205,14,,,1,31,,82180,14,,,1,70,,82202,14,,,1,30,,82181,14,,,1,70,,82187,14,,,1,30,,82189,14,,,1,70,,82194,14,,,1,29,,82210,14,,,1,71,,82192,14,,,1,30,,82212,14,,,1,62,,82208,14,,,1,11,,82195,14,,,1,15,,82182,14,,,1,15,,82198,14,,,1,70,,82188,14,,,1,29,,82190,14,,,1,69,,82206,14,,,1,29,,82200,14,,,1,70,,82204,14,,,1,95,,82183,14,,,1,40,,82199,14,,,1,101,,82197,14,,,1,99,,82184,14,,,1,100,,82196,14,,,1,98,,82185,14,,,1
32500,'Semaine-1',1636,,85896,22,0,7 8,1
32500,'Semaine-12',1636,,85898,22,0,7 8,1
42501,'Semaine-1',1506,,86757,10,0,9 14,1
42501,'Semaine-12',1506,,86758,10,0,9 14,1
44901,'Semaine-1',1507,,86793,10,0,9 14,1
44901,'Semaine-12',1507,,86794,10,0,9 14,1
54901,'Semaine-1',1527,,86796,7,,,1
54901,'Semaine-12',1527,,86798,7,,,1
63901,'Semaine-1',655,,86835,2,0,9 10,1
63901,'Semaine-12',655,,86836,2,0,9 10,1
72500,'Semaine-1',1630,,86867,14,0,5 11,1
72500,'Semaine-12',1630,,86868,14,0,5 11,1
82500,'Semaine-1',1534,,87113,8,0,9 12 13,1
82500,'Semaine-12',1534,,87115,8,0,9 12 13,1
