15,1500,'Semaine-1',79941
15,1500,'Semaine-12',79942
15,1501,'Semaine-1',79943
15,1501,'Semaine-12',79944
18,1800,'Semaine-1',79945,79946,79947,79948
18,1800,'Semaine-12',79949,79950,79951,79952
18,1801,'Semaine-1',79953,79954,79955
18,1801,'Semaine-12',79956,79957,79958
20,2000,'Semaine-1',79959,79960,79961
20,2000,'Semaine-12',79962,79963,79964
20,2001,'Semaine-1',79965,79966,79967
20,2001,'Semaine-12',79968,79969,79970
23,2300,'Semaine-1',79971,79972,79973,79974,79975,79976
23,2300,'Semaine-12',79977,79978,79979,79980,79981,79982
23,2301,'Semaine-1',79983,79984,79985,79986,79987
23,2301,'Semaine-12',79988,79989,79990,79991,79992
25,2500,'Semaine-1',79993,79994,79995,79996,79997,79998
25,2500,'Semaine-12',79999,80000,80001,80002,80003,80004
25,2501,'Semaine-1',80005,80006,80007,80008,80009,80010
25,2501,'Semaine-12',80011,80012,80013,80014,80015,80016
26,2600,'Semaine-1',80017,80018,80019,80020,80021
26,2600,'Semaine-12',80022,80023,80024,80025,80026
26,2601,'Semaine-1',80027,80028,80029,80030,80031
26,2601,'Semaine-12',80032,80033,80034,80035,80036
27,2700,'Semaine-1',80037,80038,80039,80040,80041
27,2700,'Semaine-12',80042,80043,80044,80045,80046
27,2701,'Semaine-1',80047,80048,80049,80050
27,2701,'Semaine-12',80051,80052,80053,80054
28,2800,'Semaine-1',80055,80056,80057
28,2800,'Semaine-12',80058,80059,80060
28,2801,'Semaine-1',80061,80062,80063
28,2801,'Semaine-12',80064,80065,80066
29,2900,'Semaine-1',80067,80068,80069,80070,80071
29,2900,'Semaine-12',80072,80073,80074,80075,80076
29,2901,'Semaine-1',80077,80078,80079,80080
29,2901,'Semaine-12',80081,80082,80083,80084
31,3100,'Samedi-1',80085,80086,80087,80088,80089,80090,80091,80092,80093,80094,80095,80096,80097,80098,80099,80100,80101,80102,80103
31,3100,'Samedi-10',66103,66104,66105,66106,66107,66108,66109,66110,66111,66112,66113,66114,66115,66116,66117,66118,66119,66120,66121
31,3100,'Dimanche-1',80104,80105,80106,80107,80108,80109,80110,80111,80112,80113,80114,80115,80116,80117,80118,80119,80120,80121,80122
31,3100,'Semaine-1',80123,80124,80125,80126,80127,80128,80129,80130,80131,80132,80133,80134,80135,80136,80137,80138,80139,80140,80141,80142,80143,80144,80145,80146,80147,80148,80149,80150,80151,80152,80153,80154,80155,80156,80157,80158,80159,80160,80161,80162,80163,80164,80165
31,3100,'Semaine-12',80166,80167,80168,80169,80170,80171,80172,80173,80174,80175,80176,80177,80178,80179,80180,80181,80182,80183,80184,80185,80186,80187,80188,80189,80190,80191,80192,80193,80194,80195,80196,80197,80198,80199,80200,80201,80202,80203,80204,80205,80206,80207,80208
31,3101,'Samedi-1',80209,80210,80211,80212,80213,80214,80215,80216,80217,80218,80219,80220,80221,80222,80223,80224,80225,80226
31,3101,'Samedi-10',66345,66346,66347,66348,66349,66350,66351,66352,66353,66354,66355,66356,66357,66358,66359,66360,66361,66362
31,3101,'Dimanche-1',80227,80228,80229,80230,80231,80232,80233,80234,80235,80236,80237,80238,80239,80240,80241,80242,80243,80244
31,3101,'Semaine-1',80245,80246,80247,80248,80249,80250,80251,80252,80253,80254,80255,80256,80257,80258,80259,80260,80261,80262,80263,80264,80265,80266,80267,80268,80269,80270,80271,80272,80273,80274,80275,80276,80277,80278,80279,80280,80281,80282,80283,80284,80285,80286,80287,80288
31,3101,'Semaine-12',80289,80290,80291,80292,80293,80294,80295,80296,80297,80298,80299,80300,80301,80302,80303,80304,80305,80306,80307,80308,80309,80310,80311,80312,80313,80314,80315,80316,80317,80318,80319,80320,80321,80322,80323,80324,80325,80326,80327,80328,80329,80330,80331,80332
32,3200,'Semaine-1',80333,80334,80335,80336,80337,80338,80339,80340,80341,80342,80343,80344,80345,80346,80347,80348,80349,80350,80351,80352,80353,80354,80355,80356,80357,80358,80359,80360,80361,80362,80363,80364,80365,80366,80367,80368,80369,80370,80371,80372,80373,80374,80375,80376,80377,80378,80379,80380,80381
32,3200,'Semaine-12',80382,80383,80384,80385,80386,80387,80388,80389,80390,80391,80392,80393,80394,80395,80396,80397,80398,80399,80400,80401,80402,80403,80404,80405,80406,80407,80408,80409,80410,80411,80412,80413,80414,80415,80416,80417,80418,80419,80420,80421,80422,80423,80424,80425,80426,80427,80428,80429,80430
32,3201,'Semaine-1',80431,80432,80433,80434,80435,80436,80437,80438,80439,80440,80441,80442,80443,80444,80445,80446,80447,80448,80449,80450,80451,80452,80453,80454,80455,80456,80457,80458,80459,80460,80461,80462,80463,80464,80465,80466,80467,80468,80469,80470,80471,80472,80473,80474,80475,80476,80477,80478,80479,80480,80481,80482
32,3201,'Semaine-12',80483,80484,80485,80486,80487,80488,80489,80490,80491,80492,80493,80494,80495,80496,80497,80498,80499,80500,80501,80502,80503,80504,80505,80506,80507,80508,80509,80510,80511,80512,80513,80514,80515,80516,80517,80518,80519,80520,80521,80522,80523,80524,80525,80526,80527,80528,80529,80530,80531,80532,80533,80534
33,3300,'Samedi-1',80535,80536,80537,80538,80539,80540,80541,80542,80543,80544,80545,80546,80547,80548,80549,80550,80551,80552
33,3300,'Samedi-10',66888,66889,66890,66891,66892,66893,66894,66895,66896,66897,66898,66899,66900,66901,66902,66903,66904,66905
33,3300,'Dimanche-1',80553,80554,80555,80556,80557,80558,80559,80560,80561,80562,80563,80564,80565,80566,80567,80568,80569,80570
33,3300,'Semaine-1',80571,80572,80573,80574,80575,80576,80577,80578,80579,80580,80581,80582,80583,80584,80585,80586,80587,80588,80589,80590,80591,80592,80593,80594,80595,80596,80597,80598,80599,80600,80601,80602,80603,80604,80605,80606,80607,80608,80609,80610,80611,80612
33,3300,'Semaine-12',80613,80614,80615,80616,80617,80618,80619,80620,80621,80622,80623,80624,80625,80626,80627,80628,80629,80630,80631,80632,80633,80634,80635,80636,80637,80638,80639,80640,80641,80642,80643,80644,80645,80646,80647,80648,80649,80650,80651,80652,80653,80654
33,3301,'Samedi-1',80655,80656,80657,80658,80659,80660,80661,80662,80663,80664,80665,80666,80667,80668,80669,80670,80671,80672
33,3301,'Samedi-10',67122,67123,67124,67125,67126,67127,67128,67129,67130,67131,67132,67133,67134,67135,67136,67137,67138,67139
33,3301,'Dimanche-1',80673,80674,80675,80676,80677,80678,80679,80680,80681,80682,80683,80684,80685,80686,80687,80688,80689,80690
33,3301,'Semaine-1',80691,80692,80693,80694,80695,80696,80697,80698,80699,80700,80701,80702,80703,80704,80705,80706,80707,80708,80709,80710,80711,80712,80713,80714,80715,80716,80717,80718,80719,80720,80721,80722,80723,80724,80725,80726,80727,80728,80729,80730,80731
33,3301,'Semaine-12',80732,80733,80734,80735,80736,80737,80738,80739,80740,80741,80742,80743,80744,80745,80746,80747,80748,80749,80750,80751,80752,80753,80754,80755,80756,80757,80758,80759,80760,80761,80762,80763,80764,80765,80766,80767,80768,80769,80770,80771,80772
34,3400,'Samedi-1',80773,80774,80775,80776,80777,80778,80779,80780,80781,80782,80783,80784,80785,80786,80787,80788,80789,80790,80791,80792,80793,80794,80795,80796,80797,80798,80799,80800,80801,80802,80803,80804,80805,80806
34,3400,'Samedi-10',67369,67370,67371,67372,67373,67374,67375,67376,67377,67378,67379,67380,67381,67382,67383,67384,67385,67386,67387,67388,67389,67390,67391,67392,67393,67394,67395,67396,67397,67398,67399,67400,67401,67402
34,3400,'Dimanche-1',80807,80808,80809,80810,80811,80812,80813,80814,80815,80816,80817,80818,80819,80820,80821,80822,80823,80824,80825,80826,80827,80828,80829,80830,80831,80832,80833,80834,80835,80836,80837,80838,80839,80840
34,3400,'Semaine-1',80841,80842,80843,80844,80845,80846,80847,80848,80849,80850,80851,80852,80853,80854,80855,80856,80857,80858,80859,80860,80861,80862,80863,80864,80865,80866,80867,80868,80869,80870,80871,80872
34,3400,'Semaine-12',80873,80874,80875,80876,80877,80878,80879,80880,80881,80882,80883,80884,80885,80886,80887,80888,80889,80890,80891,80892,80893,80894,80895,80896,80897,80898,80899,80900,80901,80902,80903,80904
34,3401,'Samedi-1',80905,80906,80907,80908,80909,80910,80911,80912,80913,80914,80915,80916,80917,80918,80919,80920,80921,80922,80923,80924,80925,80926,80927,80928,80929,80930,80931,80932,80933,80934,80935,80936
34,3401,'Samedi-10',67667,67668,67669,67670,67671,67672,67673,67674,67675,67676,67677,67678,67679,67680,67681,67682,67683,67684,67685,67686,67687,67688,67689,67690,67691,67692,67693,67694,67695,67696,67697,67698
34,3401,'Dimanche-1',80937,80938,80939,80940,80941,80942,80943,80944,80945,80946,80947,80948,80949,80950,80951,80952,80953,80954,80955,80956,80957,80958,80959,80960,80961,80962,80963,80964,80965,80966,80967,80968
34,3401,'Semaine-1',80969,80970,80971,80972,80973,80974,80975,80976,80977,80978,80979,80980,80981,80982,80983,80984,80985,80986,80987,80988,80989,80990,80991,80992,80993,80994,80995,80996,80997,80998
34,3401,'Semaine-12',80999,81000,81001,81002,81003,81004,81005,81006,81007,81008,81009,81010,81011,81012,81013,81014,81015,81016,81017,81018,81019,81020,81021,81022,81023,81024,81025,81026,81027,81028
35,3500,'Semaine-1',81029,81030,81031,81032,81033,81034,81035,81036,81037,81038,81039,81040,81041,81042,81043,81044,81045,81046,81047,81048,81049,81050,81051,81052,81053,81054,81055,81056,81057,81058,81059,81060,81061,81062,81063
35,3500,'Semaine-12',81064,81065,81066,81067,81068,81069,81070,81071,81072,81073,81074,81075,81076,81077,81078,81079,81080,81081,81082,81083,81084,81085,81086,81087,81088,81089,81090,81091,81092,81093,81094,81095,81096,81097,81098
35,3501,'Semaine-1',81099,81100,81101,81102,81103,81104,81105,81106,81107,81108,81109,81110,81111,81112,81113,81114,81115,81116,81117,81118,81119,81120,81121,81122,81123,81124,81125,81126,81127,81128,81129,81130
35,3501,'Semaine-12',81131,81132,81133,81134,81135,81136,81137,81138,81139,81140,81141,81142,81143,81144,81145,81146,81147,81148,81149,81150,81151,81152,81153,81154,81155,81156,81157,81158,81159,81160,81161,81162
36,3600,'Semaine-1',81163,81164,81165,81166,81167,81168,81169
36,3600,'Semaine-12',81170,81171,81172,81173,81174,81175,81176
36,3601,'Semaine-1',81177,81178,81179,81180,81181,81182,81183
36,3601,'Semaine-12',81184,81185,81186,81187,81188,81189,81190
37,3700,'Samedi-1',81191,81192,81193,81194,81195,81196,81197,81198,81199,81200,81201,81202,81203,81204,81205,81206,81207,81208
37,3700,'Samedi-10',68178,68179,68180,68181,68182,68183,68184,68185,68186,68187,68188,68189,68190,68191,68192,68193,68194,68195
37,3700,'Dimanche-1',81209,81210,81211,81212,81213,81214,81215,81216,81217,81218,81219,81220,81221,81222,81223,81224,81225,81226
37,3700,'Semaine-1',81227,81228,81229,81230,81231,81232,81233,81234,81235,81236,81237,81238,81239,81240,81241,81242,81243,81244,81245,81246,81247,81248,81249,81250,81251,81252,81253,81254,81255
37,3700,'Semaine-12',81256,81257,81258,81259,81260,81261,81262,81263,81264,81265,81266,81267,81268,81269,81270,81271,81272,81273,81274,81275,81276,81277,81278,81279,81280,81281,81282,81283,81284
37,3701,'Samedi-1',81285,81286,81287,81288,81289,81290,81291,81292,81293,81294,81295,81296,81297,81298,81299,81300,81301
37,3701,'Samedi-10',68372,68373,68374,68375,68376,68377,68378,68379,68380,68381,68382,68383,68384,68385,68386,68387,68388
37,3701,'Dimanche-1',81302,81303,81304,81305,81306,81307,81308,81309,81310,81311,81312,81313,81314,81315,81316,81317,81318
37,3701,'Semaine-1',81319,81320,81321,81322,81323,81324,81325,81326,81327,81328,81329,81330,81331,81332,81333,81334,81335,81336,81337,81338,81339,81340,81341,81342,81343
37,3701,'Semaine-12',81344,81345,81346,81347,81348,81349,81350,81351,81352,81353,81354,81355,81356,81357,81358,81359,81360,81361,81362,81363,81364,81365,81366,81367,81368
38,3800,'Samedi-1',81369,81370,81371,81372,81373,81374,81375,81376,81377,81378,81379,81380,81381,81382,81383,81384,81385,81386,81387,81388,81389,81390,81391,81392,81393,81394,81395,81396,81397,81398,81399,81400,81401
38,3800,'Samedi-10',68565,68566,68567,68568,68569,68570,68571,68572,68573,68574,68575,68576,68577,68578,68579,68580,68581,68582,68583,68584,68585,68586,68587,68588,68589,68590,68591,68592,68593,68594,68595,68596,68597
38,3800,'Dimanche-1',81402,81403,81404,81405,81406,81407,81408,81409,81410,81411,81412,81413,81414,81415,81416,81417,81418,81419,81420,81421,81422,81423,81424,81425,81426,81427,81428,81429,81430,81431,81432,81433,81434
38,3800,'Semaine-1',81435,81436,81437,81438,81439,81440,81441,81442,81443,81444,81445,81446,81447,81448,81449,81450,81451,81452,81453,81454,81455,81456,81457,81458,81459,81460,81461,81462,81463,81464,81465,81466,81467,81468,81469,81470,81471,81472,81473,81474,81475,81476
38,3800,'Semaine-12',81477,81478,81479,81480,81481,81482,81483,81484,81485,81486,81487,81488,81489,81490,81491,81492,81493,81494,81495,81496,81497,81498,81499,81500,81501,81502,81503,81504,81505,81506,81507,81508,81509,81510,81511,81512,81513,81514,81515,81516,81517,81518
38,3801,'Samedi-1',81519,81520,81521,81522,81523,81524,81525,81526,81527,81528,81529,81530,81531,81532,81533,81534,81535,81536,81537,81538,81539,81540,81541,81542,81543,81544,81545,81546,81547,81548,81549,81550,81551
38,3801,'Samedi-10',68889,68890,68891,68892,68893,68894,68895,68896,68897,68898,68899,68900,68901,68902,68903,68904,68905,68906,68907,68908,68909,68910,68911,68912,68913,68914,68915,68916,68917,68918,68919,68920,68921
38,3801,'Dimanche-1',81552,81553,81554,81555,81556,81557,81558,81559,81560,81561,81562,81563,81564,81565,81566,81567,81568,81569,81570,81571,81572,81573,81574,81575,81576,81577,81578,81579,81580,81581,81582,81583,81584
38,3801,'Semaine-1',81585,81586,81587,81588,81589,81590,81591,81592,81593,81594,81595,81596,81597,81598,81599,81600,81601,81602,81603,81604,81605,81606,81607,81608,81609,81610,81611,81612,81613,81614,81615,81616,81617,81618,81619,81620,81621,81622,81623,81624,81625,81626
38,3801,'Semaine-12',81627,81628,81629,81630,81631,81632,81633,81634,81635,81636,81637,81638,81639,81640,81641,81642,81643,81644,81645,81646,81647,81648,81649,81650,81651,81652,81653,81654,81655,81656,81657,81658,81659,81660,81661,81662,81663,81664,81665,81666,81667,81668
39,3900,'Samedi-1',81669,81670,81671,81672,81673,81674,81675,81676,81677,81678,81679,81680,81681,81682,81683,81684,81685,81686,81687,81688,81689,81690,81691,81692
39,3900,'Samedi-10',69204,69205,69206,69207,69208,69209,69210,69211,69212,69213,69214,69215,69216,69217,69218,69219,69220,69221,69222,69223,69224,69225,69226,69227
39,3900,'Dimanche-1',81693,81694,81695,81696,81697,81698,81699,81700,81701,81702,81703,81704,81705,81706,81707,81708,81709,81710,81711,81712,81713,81714,81715,81716
39,3900,'Semaine-1',81717,81718,81719,81720,81721,81722,81723,81724,81725,81726,81727,81728,81729,81730,81731,81732,81733,81734,81735,81736,81737,81738,81739,81740,81741,81742,81743,81744,81745,81746,81747,81748,81749,81750,81751,81752
39,3900,'Semaine-12',81753,81754,81755,81756,81757,81758,81759,81760,81761,81762,81763,81764,81765,81766,81767,81768,81769,81770,81771,81772,81773,81774,81775,81776,81777,81778,81779,81780,81781,81782,81783,81784,81785,81786,81787,81788
39,3901,'Samedi-1',81789,81790,81791,81792,81793,81794,81795,81796,81797,81798,81799,81800,81801,81802,81803,81804,81805,81806,81807,81808,81809,81810,81811,81812
39,3901,'Samedi-10',69456,69457,69458,69459,69460,69461,69462,69463,69464,69465,69466,69467,69468,69469,69470,69471,69472,69473,69474,69475,69476,69477,69478,69479
39,3901,'Dimanche-1',81813,81814,81815,81816,81817,81818,81819,81820,81821,81822,81823,81824,81825,81826,81827,81828,81829,81830,81831,81832,81833,81834,81835,81836
39,3901,'Semaine-1',81837,81838,81839,81840,81841,81842,81843,81844,81845,81846,81847,81848,81849,81850,81851,81852,81853,81854,81855,81856,81857,81858,81859,81860,81861,81862,81863,81864,81865,81866,81867,81868,81869,81870,81871
39,3901,'Semaine-12',81872,81873,81874,81875,81876,81877,81878,81879,81880,81881,81882,81883,81884,81885,81886,81887,81888,81889,81890,81891,81892,81893,81894,81895,81896,81897,81898,81899,81900,81901,81902,81903,81904,81905,81906
40,4000,'Semaine-1',81907,81908,81909,81910,81911,81912
40,4000,'Semaine-12',81913,81914,81915,81916,81917,81918
40,4001,'Semaine-1',81919,81920,81921,81922,81923,81924
40,4001,'Semaine-12',81925,81926,81927,81928,81929,81930
41,4100,'Semaine-1',81931,81932,81933,81934,81935
41,4100,'Semaine-12',81936,81937,81938,81939,81940
41,4101,'Semaine-1',81941,81942,81943,81944,81945
41,4101,'Semaine-12',81946,81947,81948,81949,81950
42,4200,'Semaine-1',81951,81952,81953,81954
42,4200,'Semaine-12',81955,81956,81957,81958
45,4500,'Semaine-1',81959,81960,81961,81962,81963,81964
45,4500,'Semaine-12',81965,81966,81967,81968,81969,81970
45,4501,'Semaine-1',81971,81972,81973,81974,81975,81976
45,4501,'Semaine-12',81977,81978,81979,81980,81981,81982
47,4700,'Semaine-1',81983,81984,81985
47,4700,'Semaine-12',81986,81987,81988
47,4701,'Semaine-1',81989,81990,81991,81992
47,4701,'Semaine-12',81993,81994,81995,81996
48,4800,'Semaine-1',81997
48,4800,'Semaine-12',81998
48,4801,'Semaine-1',81999
48,4801,'Semaine-12',82000
49,4900,'Samedi-1',82001,82002,82003,82004,82005,82006,82007,82008,82009,82010,82011,82012,82013,82014,82015,82016,82017
49,4900,'Samedi-10',69839,69840,69841,69842,69843,69844,69845,69846,69847,69848,69849,69850,69851,69852,69853,69854,69855
49,4900,'Dimanche-1',82018,82019,82020,82021,82022,82023,82024,82025,82026,82027,82028,82029,82030,82031,82032,82033,82034
49,4900,'Semaine-1',82035,82036,82037,82038,82039,82040,82041,82042,82043,82044,82045,82046,82047,82048,82049,82050,82051,82052,82053,82054,82055,82056,82057,82058,82059,82060,82061,82062,82063,82064,82065,82066,82067,82068,82069,82070,82071,82072,82073
49,4900,'Semaine-12',82074,82075,82076,82077,82078,82079,82080,82081,82082,82083,82084,82085,82086,82087,82088,82089,82090,82091,82092,82093,82094,82095,82096,82097,82098,82099,82100,82101,82102,82103,82104,82105,82106,82107,82108,82109,82110,82111,82112
49,4901,'Samedi-1',82113,82114,82115,82116,82117,82118,82119,82120,82121,82122,82123,82124,82125,82126,82127,82128,82129
49,4901,'Samedi-10',70058,70059,70060,70061,70062,70063,70064,70065,70066,70067,70068,70069,70070,70071,70072,70073,70074
49,4901,'Dimanche-1',82130,82131,82132,82133,82134,82135,82136,82137,82138,82139,82140,82141,82142,82143,82144,82145,82146
49,4901,'Semaine-1',82147,82148,82149,82150,82151,82152,82153,82154,82155,82156,82157,82158,82159,82160,82161,82162,82163,82164,82165,82166,82167,82168,82169,82170,82171,82172,82173,82174,82175,82176,82177,82178,82179
49,4901,'Semaine-12',82180,82181,82182,82183,82184,82185,82186,82187,82188,82189,82190,82191,82192,82193,82194,82195,82196,82197,82198,82199,82200,82201,82202,82203,82204,82205,82206,82207,82208,82209,82210,82211,82212
50,5000,'Semaine-1',82213,82214,82215,82216,82217,82218
50,5000,'Semaine-12',82219,82220,82221,82222,82223,82224
50,5001,'Semaine-1',82225,82226,82227
50,5001,'Semaine-12',82228,82229,82230
52,5200,'Samedi-1',82231,82232,82233,82234,82235,82236,82237,82238,82239,82240,82241,82242,82243,82244,82245,82246,82247,82248
52,5200,'Samedi-10',70287,70288,70289,70290,70291,70292,70293,70294,70295,70296,70297,70298,70299,70300,70301,70302,70303,70304
52,5200,'Dimanche-1',82249,82250,82251,82252,82253,82254,82255,82256,82257,82258,82259,82260,82261,82262,82263,82264,82265,82266
52,5200,'Semaine-1',82267,82268,82269,82270,82271,82272,82273,82274,82275,82276,82277,82278,82279,82280,82281,82282,82283,82284
52,5200,'Semaine-12',82285,82286,82287,82288,82289,82290,82291,82292,82293,82294,82295,82296,82297,82298,82299,82300,82301,82302
52,5201,'Samedi-1',82303,82304,82305,82306,82307,82308,82309,82310,82311,82312,82313,82314,82315,82316,82317,82318,82319,82320
52,5201,'Samedi-10',70449,70450,70451,70452,70453,70454,70455,70456,70457,70458,70459,70460,70461,70462,70463,70464,70465,70466
52,5201,'Dimanche-1',82321,82322,82323,82324,82325,82326,82327,82328,82329,82330,82331,82332,82333,82334,82335,82336,82337,82338
52,5201,'Semaine-1',82339,82340,82341,82342,82343,82344,82345,82346,82347,82348,82349,82350,82351,82352,82353,82354,82355,82356
52,5201,'Semaine-12',82357,82358,82359,82360,82361,82362,82363,82364,82365,82366,82367,82368,82369,82370,82371,82372,82373,82374
54,5400,'Semaine-1',82375,82376,82377
54,5400,'Semaine-12',82378,82379,82380
54,5401,'Semaine-1',82381,82382,82383
54,5401,'Semaine-12',82384,82385,82386
55,5500,'Samedi-1',82387,82388,82389,82390,82391,82392,82393,82394,82395,82396,82397,82398,82399,82400,82401,82402,82403,82404,82405,82406,82407,82408,82409,82410,82411,82412,82413,82414,82415,82416,82417,82418,82419,82420,82421,82422
55,5500,'Samedi-10',70647,70648,70649,70650,70651,70652,70653,70654,70655,70656,70657,70658,70659,70660,70661,70662,70663,70664,70665,70666,70667,70668,70669,70670,70671,70672,70673,70674,70675,70676,70677,70678,70679,70680,70681,70682
55,5500,'Dimanche-1',82423,82424,82425,82426,82427,82428,82429,82430,82431,82432,82433,82434,82435,82436,82437,82438,82439,82440,82441,82442,82443,82444,82445,82446,82447,82448,82449,82450,82451,82452,82453,82454,82455,82456,82457,82458
55,5500,'Semaine-1',82459,82460,82461,82462,82463,82464,82465,82466,82467,82468,82469,82470,82471,82472,82473,82474,82475,82476,82477,82478,82479,82480,82481,82482,82483,82484,82485,82486,82487,82488,82489,82490,82491,82492,82493,82494,82495,82496,82497,82498,82499,82500,82501,82502,82503,82504,82505,82506
55,5500,'Semaine-12',82507,82508,82509,82510,82511,82512,82513,82514,82515,82516,82517,82518,82519,82520,82521,82522,82523,82524,82525,82526,82527,82528,82529,82530,82531,82532,82533,82534,82535,82536,82537,82538,82539,82540,82541,82542,82543,82544,82545,82546,82547,82548,82549,82550,82551,82552,82553,82554
55,5501,'Samedi-1',82555,82556,82557,82558,82559,82560,82561,82562,82563,82564,82565,82566,82567,82568,82569,82570,82571,82572,82573,82574,82575,82576,82577,82578,82579,82580,82581,82582,82583,82584,82585,82586,82587
55,5501,'Samedi-10',71004,71005,71006,71007,71008,71009,71010,71011,71012,71013,71014,71015,71016,71017,71018,71019,71020,71021,71022,71023,71024,71025,71026,71027,71028,71029,71030,71031,71032,71033,71034,71035,71036
55,5501,'Dimanche-1',82588,82589,82590,82591,82592,82593,82594,82595,82596,82597,82598,82599,82600,82601,82602,82603,82604,82605,82606,82607,82608,82609,82610,82611,82612,82613,82614,82615,82616,82617,82618,82619,82620
55,5501,'Semaine-1',82621,82622,82623,82624,82625,82626,82627,82628,82629,82630,82631,82632,82633,82634,82635,82636,82637,82638,82639,82640,82641,82642,82643,82644,82645,82646,82647,82648,82649,82650,82651,82652,82653,82654,82655,82656,82657,82658,82659,82660,82661,82662,82663,82664,82665,82666
55,5501,'Semaine-12',82667,82668,82669,82670,82671,82672,82673,82674,82675,82676,82677,82678,82679,82680,82681,82682,82683,82684,82685,82686,82687,82688,82689,82690,82691,82692,82693,82694,82695,82696,82697,82698,82699,82700,82701,82702,82703,82704,82705,82706,82707,82708,82709,82710,82711,82712
56,5600,'Semaine-1',82713,82714,82715,82716,82717,82718,82719,82720,82721
56,5600,'Semaine-12',82722,82723,82724,82725,82726,82727,82728,82729,82730
56,5601,'Semaine-1',82731,82732,82733,82734,82735,82736,82737
56,5601,'Semaine-12',82738,82739,82740,82741,82742,82743,82744
58,5800,'Semaine-1',82745,82746,82747,82748,82749,82750,82751,82752
58,5800,'Semaine-12',82753,82754,82755,82756,82757,82758,82759,82760
58,5801,'Semaine-1',82761,82762,82763,82764,82765,82766,82767
58,5801,'Semaine-12',82768,82769,82770,82771,82772,82773,82774
59,5900,'Samedi-1',82775,82776,82777,82778,82779,82780,82781,82782,82783,82784,82785,82786,82787,82788,82789,82790,82791,82792,82793,82794,82795,82796,82797,82798,82799,82800,82801,82802,82803,82804,82805,82806,82807,82808
59,5900,'Samedi-10',71434,71435,71436,71437,71438,71439,71440,71441,71442,71443,71444,71445,71446,71447,71448,71449,71450,71451,71452,71453,71454,71455,71456,71457,71458,71459,71460,71461,71462,71463,71464,71465,71466,71467
59,5900,'Dimanche-1',82809,82810,82811,82812,82813,82814,82815,82816,82817,82818,82819,82820,82821,82822,82823,82824,82825,82826,82827,82828,82829,82830,82831,82832,82833,82834,82835,82836,82837,82838,82839,82840,82841,82842
59,5900,'Semaine-1',82843,82844,82845,82846,82847,82848,82849,82850,82851,82852,82853,82854,82855,82856,82857,82858,82859,82860,82861,82862,82863,82864,82865,82866,82867,82868,82869,82870,82871,82872,82873,82874,82875,82876,82877,82878,82879,82880,82881,82882,82883,82884,82885,82886,82887,82888,82889,82890
59,5900,'Semaine-12',82891,82892,82893,82894,82895,82896,82897,82898,82899,82900,82901,82902,82903,82904,82905,82906,82907,82908,82909,82910,82911,82912,82913,82914,82915,82916,82917,82918,82919,82920,82921,82922,82923,82924,82925,82926,82927,82928,82929,82930,82931,82932,82933,82934,82935,82936,82937,82938
59,5901,'Samedi-1',82939,82940,82941,82942,82943,82944,82945,82946,82947,82948,82949,82950,82951,82952,82953,82954,82955,82956,82957,82958,82959,82960,82961,82962,82963,82964,82965,82966,82967,82968,82969,82970
59,5901,'Samedi-10',71780,71781,71782,71783,71784,71785,71786,71787,71788,71789,71790,71791,71792,71793,71794,71795,71796,71797,71798,71799,71800,71801,71802,71803,71804,71805,71806,71807,71808,71809,71810,71811
59,5901,'Dimanche-1',82971,82972,82973,82974,82975,82976,82977,82978,82979,82980,82981,82982,82983,82984,82985,82986,82987,82988,82989,82990,82991,82992,82993,82994,82995,82996,82997,82998,82999,83000,83001,83002
59,5901,'Semaine-1',83003,83004,83005,83006,83007,83008,83009,83010,83011,83012,83013,83014,83015,83016,83017,83018,83019,83020,83021,83022,83023,83024,83025,83026,83027,83028,83029,83030,83031,83032,83033,83034,83035,83036,83037,83038,83039,83040,83041,83042,83043,83044,83045,83046,83047,83048,83049
59,5901,'Semaine-12',83050,83051,83052,83053,83054,83055,83056,83057,83058,83059,83060,83061,83062,83063,83064,83065,83066,83067,83068,83069,83070,83071,83072,83073,83074,83075,83076,83077,83078,83079,83080,83081,83082,83083,83084,83085,83086,83087,83088,83089,83090,83091,83092,83093,83094,83095,83096
62,6200,'Semaine-1',83097,83098,83099,83100,83101,83102,83103,83104,83105,83106,83107,83108,83109,83110,83111,83112,83113,83114,83115,83116,83117,83118,83119
62,6200,'Semaine-12',83120,83121,83122,83123,83124,83125,83126,83127,83128,83129,83130,83131,83132,83133,83134,83135,83136,83137,83138,83139,83140,83141,83142
62,6201,'Semaine-1',83143,83144,83145,83146,83147,83148,83149,83150,83151,83152,83153,83154,83155,83156,83157,83158,83159,83160,83161,83162,83163,83164,83165
62,6201,'Semaine-12',83166,83167,83168,83169,83170,83171,83172,83173,83174,83175,83176,83177,83178,83179,83180,83181,83182,83183,83184,83185,83186,83187,83188
63,6300,'Samedi-1',83189,83190,83191,83192,83193,83194,83195,83196
63,6300,'Samedi-10',72227,72228,72229,72230,72231,72232,72233,72234
63,6300,'Dimanche-1',83197,83198,83199,83200,83201,83202,83203,83204
63,6300,'Semaine-1',83205,83206,83207,83208,83209,83210,83211,83212,83213,83214,83215,83216,83217,83218,83219,83220,83221,83222,83223,83224,83225
63,6300,'Semaine-12',83226,83227,83228,83229,83230,83231,83232,83233,83234,83235,83236,83237,83238,83239,83240,83241,83242,83243,83244,83245,83246
63,6301,'Samedi-1',83247,83248,83249,83250,83251,83252,83253,83254
63,6301,'Samedi-10',72338,72339,72340,72341,72342,72343,72344,72345
63,6301,'Dimanche-1',83255,83256,83257,83258,83259,83260,83261,83262
63,6301,'Semaine-1',83263,83264,83265,83266,83267,83268,83269,83270,83271,83272,83273,83274,83275,83276,83277,83278,83279,83280,83281,83282,83283,83284
63,6301,'Semaine-12',83285,83286,83287,83288,83289,83290,83291,83292,83293,83294,83295,83296,83297,83298,83299,83300,83301,83302,83303,83304,83305,83306
64,6400,'Samedi-1',83307,83308,83309,83310,83311,83312,83313,83314,83315,83316,83317,83318
64,6400,'Samedi-10',72456,72457,72458,72459,72460,72461,72462,72463,72464,72465,72466,72467
64,6400,'Dimanche-1',83319,83320,83321,83322,83323,83324,83325,83326,83327,83328,83329,83330
64,6400,'Semaine-1',83331,83332,83333,83334,83335,83336,83337,83338,83339,83340,83341,83342,83343,83344,83345,83346,83347,83348,83349
64,6400,'Semaine-12',83350,83351,83352,83353,83354,83355,83356,83357,83358,83359,83360,83361,83362,83363,83364,83365,83366,83367,83368
64,6401,'Samedi-1',83369,83370,83371,83372,83373,83374,83375,83376,83377,83378,83379
64,6401,'Samedi-10',72584,72585,72586,72587,72588,72589,72590,72591,72592,72593,72594
64,6401,'Dimanche-1',83380,83381,83382,83383,83384,83385,83386,83387,83388,83389,83390
64,6401,'Semaine-1',83391,83392,83393,83394,83395,83396,83397,83398,83399,83400,83401,83402,83403,83404,83405,83406,83407,83408
64,6401,'Semaine-12',83409,83410,83411,83412,83413,83414,83415,83416,83417,83418,83419,83420,83421,83422,83423,83424,83425,83426
65,6500,'Samedi-1',83427,83428,83429,83430,83431,83432,83433,83434,83435,83436,83437,83438,83439,83440,83441,83442,83443
65,6500,'Samedi-10',72710,72711,72712,72713,72714,72715,72716,72717,72718,72719,72720,72721,72722,72723,72724,72725,72726
65,6500,'Dimanche-1',83444,83445,83446,83447,83448,83449,83450,83451,83452,83453,83454,83455,83456,83457,83458,83459,83460
65,6500,'Semaine-1',83461,83462,83463,83464,83465,83466,83467,83468,83469,83470,83471,83472,83473,83474,83475,83476,83477,83478,83479,83480,83481,83482,83483,83484,83485,83486,83487,83488,83489,83490,83491,83492,83493,83494,83495
65,6500,'Semaine-12',83496,83497,83498,83499,83500,83501,83502,83503,83504,83505,83506,83507,83508,83509,83510,83511,83512,83513,83514,83515,83516,83517,83518,83519,83520,83521,83522,83523,83524,83525,83526,83527,83528,83529,83530
65,6501,'Samedi-1',83531,83532,83533,83534,83535,83536,83537,83538,83539,83540,83541,83542,83543,83544,83545,83546,83547
65,6501,'Samedi-10',72917,72918,72919,72920,72921,72922,72923,72924,72925,72926,72927,72928,72929,72930,72931,72932,72933
65,6501,'Dimanche-1',83548,83549,83550,83551,83552,83553,83554,83555,83556,83557,83558,83559,83560,83561,83562,83563,83564
65,6501,'Semaine-1',83565,83566,83567,83568,83569,83570,83571,83572,83573,83574,83575,83576,83577,83578,83579,83580,83581,83582,83583,83584,83585,83586,83587,83588,83589,83590,83591,83592,83593,83594,83595,83596,83597
65,6501,'Semaine-12',83598,83599,83600,83601,83602,83603,83604,83605,83606,83607,83608,83609,83610,83611,83612,83613,83614,83615,83616,83617,83618,83619,83620,83621,83622,83623,83624,83625,83626,83627,83628,83629,83630
66,6600,'Samedi-1',83631,83632,83633,83634,83635,83636,83637,83638,83639,83640,83641,83642,83643,83644,83645,83646,83647
66,6600,'Samedi-10',73118,73119,73120,73121,73122,73123,73124,73125,73126,73127,73128,73129,73130,73131,73132,73133,73134
66,6600,'Dimanche-1',83648,83649,83650,83651,83652,83653,83654,83655,83656,83657,83658,83659,83660,83661,83662,83663,83664
66,6600,'Semaine-1',83665,83666,83667,83668,83669,83670,83671,83672,83673,83674,83675,83676,83677,83678,83679,83680,83681,83682,83683,83684,83685,83686,83687,83688,83689,83690,83691,83692,83693,83694,83695
66,6600,'Semaine-12',83696,83697,83698,83699,83700,83701,83702,83703,83704,83705,83706,83707,83708,83709,83710,83711,83712,83713,83714,83715,83716,83717,83718,83719,83720,83721,83722,83723,83724,83725,83726
66,6601,'Samedi-1',83727,83728,83729,83730,83731,83732,83733,83734,83735,83736,83737,83738,83739,83740,83741,83742,83743,83744
66,6601,'Samedi-10',73314,73315,73316,73317,73318,73319,73320,73321,73322,73323,73324,73325,73326,73327,73328,73329,73330,73331
66,6601,'Dimanche-1',83745,83746,83747,83748,83749,83750,83751,83752,83753,83754,83755,83756,83757,83758,83759,83760,83761,83762
66,6601,'Semaine-1',83763,83764,83765,83766,83767,83768,83769,83770,83771,83772,83773,83774,83775,83776,83777,83778,83779,83780,83781,83782,83783,83784,83785,83786,83787,83788,83789,83790,83791,83792,83793,83794,83795,83796,83797
66,6601,'Semaine-12',83798,83799,83800,83801,83802,83803,83804,83805,83806,83807,83808,83809,83810,83811,83812,83813,83814,83815,83816,83817,83818,83819,83820,83821,83822,83823,83824,83825,83826,83827,83828,83829,83830,83831,83832
67,6700,'Samedi-1',83833,83834,83835,83836,83837,83838,83839,83840,83841,83842,83843,83844,83845,83846,83847,83848,83849,83850,83851,83852,83853,83854,83855,83856,83857,83858,83859,83860
67,6700,'Samedi-10',73537,73538,73539,73540,73541,73542,73543,73544,73545,73546,73547,73548,73549,73550,73551,73552,73553,73554,73555,73556,73557,73558,73559,73560,73561,73562,73563,73564
67,6700,'Dimanche-1',83861,83862,83863,83864,83865,83866,83867,83868,83869,83870,83871,83872,83873,83874,83875,83876,83877,83878,83879,83880,83881,83882,83883,83884,83885,83886,83887,83888
67,6700,'Semaine-1',83889,83890,83891,83892,83893,83894,83895,83896,83897,83898,83899,83900,83901,83902,83903,83904,83905,83906,83907,83908,83909,83910,83911,83912,83913,83914,83915,83916,83917,83918,83919,83920,83921,83922,83923,83924,83925,83926,83927
67,6700,'Semaine-12',83928,83929,83930,83931,83932,83933,83934,83935,83936,83937,83938,83939,83940,83941,83942,83943,83944,83945,83946,83947,83948,83949,83950,83951,83952,83953,83954,83955,83956,83957,83958,83959,83960,83961,83962,83963,83964,83965,83966
67,6701,'Samedi-1',83967,83968,83969,83970,83971,83972,83973,83974,83975,83976,83977,83978,83979,83980,83981,83982,83983,83984,83985,83986,83987,83988,83989,83990,83991,83992,83993
67,6701,'Samedi-10',73821,73822,73823,73824,73825,73826,73827,73828,73829,73830,73831,73832,73833,73834,73835,73836,73837,73838,73839,73840,73841,73842,73843,73844,73845,73846,73847
67,6701,'Dimanche-1',83994,83995,83996,83997,83998,83999,84000,84001,84002,84003,84004,84005,84006,84007,84008,84009,84010,84011,84012,84013,84014,84015,84016,84017,84018,84019,84020
67,6701,'Semaine-1',84021,84022,84023,84024,84025,84026,84027,84028,84029,84030,84031,84032,84033,84034,84035,84036,84037,84038,84039,84040,84041,84042,84043,84044,84045,84046,84047,84048,84049,84050,84051,84052,84053,84054,84055,84056
67,6701,'Semaine-12',84057,84058,84059,84060,84061,84062,84063,84064,84065,84066,84067,84068,84069,84070,84071,84072,84073,84074,84075,84076,84077,84078,84079,84080,84081,84082,84083,84084,84085,84086,84087,84088,84089,84090,84091,84092
68,6800,'Semaine-1',84093,84094,84095,84096,84097,84098,84099,84100,84101,84102,84103,84104,84105,84106,84107,84108,84109,84110,84111,84112,84113,84114,84115,84116,84117,84118,84119,84120,84121,84122,84123
68,6800,'Semaine-12',84124,84125,84126,84127,84128,84129,84130,84131,84132,84133,84134,84135,84136,84137,84138,84139,84140,84141,84142,84143,84144,84145,84146,84147,84148,84149,84150,84151,84152,84153,84154
68,6801,'Semaine-1',84155,84156,84157,84158,84159,84160,84161,84162,84163,84164,84165,84166,84167,84168,84169,84170,84171,84172,84173,84174,84175,84176,84177,84178,84179,84180,84181,84182,84183,84184,84185
68,6801,'Semaine-12',84186,84187,84188,84189,84190,84191,84192,84193,84194,84195,84196,84197,84198,84199,84200,84201,84202,84203,84204,84205,84206,84207,84208,84209,84210,84211,84212,84213,84214,84215,84216
69,6900,'Samedi-1',84217,84218,84219,84220,84221,84222,84223,84224,84225,84226,84227,84228,84229,84230,84231
69,6900,'Samedi-10',74265,74266,74267,74268,74269,74270,74271,74272,74273,74274,74275,74276,74277,74278,74279
69,6900,'Dimanche-1',84232,84233,84234,84235,84236,84237,84238,84239,84240,84241,84242,84243,84244,84245,84246
69,6900,'Semaine-1',84247,84248,84249,84250,84251,84252,84253,84254,84255,84256,84257,84258,84259,84260,84261,84262,84263,84264,84265,84266
69,6900,'Semaine-12',84267,84268,84269,84270,84271,84272,84273,84274,84275,84276,84277,84278,84279,84280,84281,84282,84283,84284,84285,84286
69,6901,'Samedi-1',84287,84288,84289,84290,84291,84292,84293,84294,84295,84296,84297,84298,84299,84300,84301
69,6901,'Samedi-10',74415,74416,74417,74418,74419,74420,74421,74422,74423,74424,74425,74426,74427,74428,74429
69,6901,'Dimanche-1',84302,84303,84304,84305,84306,84307,84308,84309,84310,84311,84312,84313,84314,84315,84316
69,6901,'Semaine-1',84317,84318,84319,84320,84321,84322,84323,84324,84325,84326,84327,84328,84329,84330,84331,84332,84333,84334,84335,84336,84337,84338
69,6901,'Semaine-12',84339,84340,84341,84342,84343,84344,84345,84346,84347,84348,84349,84350,84351,84352,84353,84354,84355,84356,84357,84358,84359,84360
71,7100,'Samedi-1',84361,84362,84363,84364,84365,84366,84367,84368,84369,84370,84371,84372,84373,84374,84375,84376
71,7100,'Samedi-10',74572,74573,74574,74575,74576,74577,74578,74579,74580,74581,74582,74583,74584,74585,74586,74587
71,7100,'Dimanche-1',84377,84378,84379,84380,84381,84382,84383,84384,84385,84386,84387,84388,84389,84390,84391,84392
71,7100,'Semaine-1',84393,84394,84395,84396,84397,84398,84399,84400,84401,84402,84403,84404,84405,84406,84407,84408,84409,84410,84411,84412,84413,84414,84415,84416,84417,84418,84419,84420,84421,84422,84423,84424,84425,84426,84427,84428,84429,84430,84431,84432,84433,84434,84435
71,7100,'Semaine-12',84436,84437,84438,84439,84440,84441,84442,84443,84444,84445,84446,84447,84448,84449,84450,84451,84452,84453,84454,84455,84456,84457,84458,84459,84460,84461,84462,84463,84464,84465,84466,84467,84468,84469,84470,84471,84472,84473,84474,84475,84476,84477,84478
71,7101,'Samedi-1',84479,84480,84481,84482,84483,84484,84485,84486,84487,84488,84489,84490,84491,84492,84493,84494
71,7101,'Samedi-10',74797,74798,74799,74800,74801,74802,74803,74804,74805,74806,74807,74808,74809,74810,74811,74812
71,7101,'Dimanche-1',84495,84496,84497,84498,84499,84500,84501,84502,84503,84504,84505,84506,84507,84508,84509,84510
71,7101,'Semaine-1',84511,84512,84513,84514,84515,84516,84517,84518,84519,84520,84521,84522,84523,84524,84525,84526,84527,84528,84529,84530,84531,84532,84533,84534,84535,84536,84537,84538,84539,84540,84541,84542,84543,84544,84545,84546,84547,84548,84549,84550
71,7101,'Semaine-12',84551,84552,84553,84554,84555,84556,84557,84558,84559,84560,84561,84562,84563,84564,84565,84566,84567,84568,84569,84570,84571,84572,84573,84574,84575,84576,84577,84578,84579,84580,84581,84582,84583,84584,84585,84586,84587,84588,84589,84590
72,7200,'Samedi-1',84591,84592,84593,84594,84595,84596,84597,84598,84599,84600,84601,84602,84603,84604
72,7200,'Samedi-10',75011,75012,75013,75014,75015,75016,75017,75018,75019,75020,75021,75022,75023,75024
72,7200,'Dimanche-1',84605,84606,84607,84608,84609,84610,84611,84612,84613,84614,84615,84616,84617,84618
72,7200,'Semaine-1',84619,84620,84621,84622,84623,84624,84625,84626,84627,84628,84629,84630,84631,84632,84633,84634,84635,84636,84637,84638,84639
72,7200,'Semaine-12',84640,84641,84642,84643,84644,84645,84646,84647,84648,84649,84650,84651,84652,84653,84654,84655,84656,84657,84658,84659,84660
73,7300,'Semaine-1',84661,84662,84663,84664,84665,84666,84667,84668,84669,84670,84671,84672,84673,84674,84675,84676,84677,84678,84679,84680,84681,84682,84683,84684
73,7300,'Semaine-12',84685,84686,84687,84688,84689,84690,84691,84692,84693,84694,84695,84696,84697,84698,84699,84700,84701,84702,84703,84704,84705,84706,84707,84708
73,7301,'Semaine-1',84709,84710,84711,84712,84713,84714,84715,84716,84717,84718,84719,84720,84721,84722,84723,84724,84725,84726,84727,84728,84729,84730,84731,84732,84733,84734,84735
73,7301,'Semaine-12',84736,84737,84738,84739,84740,84741,84742,84743,84744,84745,84746,84747,84748,84749,84750,84751,84752,84753,84754,84755,84756,84757,84758,84759,84760,84761,84762
74,7401,'Semaine-1',84763,84764,84765,84766,84767,84768
74,7401,'Semaine-12',84769,84770,84771,84772,84773,84774
75,7500,'Samedi-1',84775,84776,84777,84778,84779,84780,84781,84782,84783,84784,84785,84786,84787,84788,84789,84790,84791,84792
75,7500,'Samedi-10',75333,75334,75335,75336,75337,75338,75339,75340,75341,75342,75343,75344,75345,75346,75347,75348,75349,75350
75,7500,'Dimanche-1',84793,84794,84795,84796,84797,84798,84799,84800,84801,84802,84803,84804,84805,84806,84807,84808,84809,84810
75,7500,'Semaine-1',84811,84812,84813,84814,84815,84816,84817,84818,84819,84820,84821,84822,84823,84824,84825,84826,84827,84828,84829,84830,84831,84832,84833,84834,84835,84836,84837,84838,84839,84840,84841
75,7500,'Semaine-12',84842,84843,84844,84845,84846,84847,84848,84849,84850,84851,84852,84853,84854,84855,84856,84857,84858,84859,84860,84861,84862,84863,84864,84865,84866,84867,84868,84869,84870,84871,84872
75,7501,'Samedi-1',84873,84874,84875,84876,84877,84878,84879,84880,84881,84882,84883,84884,84885,84886,84887,84888,84889,84890
75,7501,'Samedi-10',75534,75535,75536,75537,75538,75539,75540,75541,75542,75543,75544,75545,75546,75547,75548,75549,75550,75551
75,7501,'Dimanche-1',84891,84892,84893,84894,84895,84896,84897,84898,84899,84900,84901,84902,84903,84904,84905,84906,84907,84908
75,7501,'Semaine-1',84909,84910,84911,84912,84913,84914,84915,84916,84917,84918,84919,84920,84921,84922,84923,84924,84925,84926,84927,84928,84929,84930,84931,84932,84933,84934,84935,84936,84937,84938,84939,84940,84941
75,7501,'Semaine-12',84942,84943,84944,84945,84946,84947,84948,84949,84950,84951,84952,84953,84954,84955,84956,84957,84958,84959,84960,84961,84962,84963,84964,84965,84966,84967,84968,84969,84970,84971,84972,84973,84974
76,7600,'Samedi-1',84975,84976,84977,84978,84979,84980,84981,84982,84983,84984,84985,84986,84987,84988,84989,84990
76,7600,'Samedi-10',75739,75740,75741,75742,75743,75744,75745,75746,75747,75748,75749,75750,75751,75752,75753,75754
76,7600,'Dimanche-1',84991,84992,84993,84994,84995,84996,84997,84998,84999,85000,85001,85002,85003,85004,85005,85006
76,7600,'Semaine-1',85007,85008,85009,85010,85011,85012,85013,85014,85015,85016,85017,85018,85019,85020,85021,85022,85023,85024,85025,85026,85027,85028,85029,85030,85031,85032,85033,85034,85035,85036,85037,85038,85039,85040,85041,85042,85043,85044
76,7600,'Semaine-12',85045,85046,85047,85048,85049,85050,85051,85052,85053,85054,85055,85056,85057,85058,85059,85060,85061,85062,85063,85064,85065,85066,85067,85068,85069,85070,85071,85072,85073,85074,85075,85076,85077,85078,85079,85080,85081,85082
76,7601,'Samedi-1',85083,85084,85085,85086,85087,85088,85089,85090,85091,85092,85093,85094,85095,85096,85097,85098
76,7601,'Samedi-10',75949,75950,75951,75952,75953,75954,75955,75956,75957,75958,75959,75960,75961,75962,75963,75964
76,7601,'Dimanche-1',85099,85100,85101,85102,85103,85104,85105,85106,85107,85108,85109,85110,85111,85112,85113,85114
76,7601,'Semaine-1',85115,85116,85117,85118,85119,85120,85121,85122,85123,85124,85125,85126,85127,85128,85129,85130,85131,85132,85133,85134,85135,85136,85137,85138,85139,85140,85141,85142,85143,85144,85145,85146
76,7601,'Semaine-12',85147,85148,85149,85150,85151,85152,85153,85154,85155,85156,85157,85158,85159,85160,85161,85162,85163,85164,85165,85166,85167,85168,85169,85170,85171,85172,85173,85174,85175,85176,85177,85178
77,7700,'Samedi-1',85179,85180,85181,85182,85183,85184,85185,85186,85187,85188,85189,85190,85191,85192,85193,85194
77,7700,'Samedi-10',76141,76142,76143,76144,76145,76146,76147,76148,76149,76150,76151,76152,76153,76154,76155,76156
77,7700,'Dimanche-1',85195,85196,85197,85198,85199,85200,85201,85202,85203,85204,85205,85206,85207,85208,85209,85210
77,7700,'Semaine-1',85211,85212,85213,85214,85215,85216,85217,85218,85219,85220,85221,85222,85223,85224,85225,85226,85227,85228,85229,85230,85231,85232,85233,85234,85235,85236,85237,85238,85239,85240,85241,85242
77,7700,'Semaine-12',85243,85244,85245,85246,85247,85248,85249,85250,85251,85252,85253,85254,85255,85256,85257,85258,85259,85260,85261,85262,85263,85264,85265,85266,85267,85268,85269,85270,85271,85272,85273,85274
78,7800,'Samedi-1',85275,85276,85277,85278,85279,85280,85281,85282,85283,85284,85285,85286,85287,85288,85289,85290
78,7800,'Samedi-10',76333,76334,76335,76336,76337,76338,76339,76340,76341,76342,76343,76344,76345,76346,76347,76348
78,7800,'Dimanche-1',85291,85292,85293,85294,85295,85296,85297,85298,85299,85300,85301,85302,85303,85304,85305,85306
78,7800,'Semaine-1',85307,85308,85309,85310,85311,85312,85313,85314,85315,85316,85317,85318,85319,85320,85321,85322,85323,85324,85325,85326,85327,85328,85329,85330,85331,85332,85333,85334,85335,85336,85337,85338,85339,85340
78,7800,'Semaine-12',85341,85342,85343,85344,85345,85346,85347,85348,85349,85350,85351,85352,85353,85354,85355,85356,85357,85358,85359,85360,85361,85362,85363,85364,85365,85366,85367,85368,85369,85370,85371,85372,85373,85374
79,7900,'Semaine-1',85375,85376,85377,85378,85379,85380,85381,85382,85383,85384,85385
79,7900,'Semaine-12',85386,85387,85388,85389,85390,85391,85392,85393,85394,85395,85396
79,7901,'Semaine-1',85397,85398,85399,85400,85401,85402
79,7901,'Semaine-12',85403,85404,85405,85406,85407,85408
85,8500,'Semaine-1',85409,85410,85411,85412,85413,85414,85415,85416,85417,85418,85419
85,8500,'Semaine-12',85420,85421,85422,85423,85424,85425,85426,85427,85428,85429,85430
85,8501,'Semaine-1',85431,85432,85433,85434,85435,85436,85437,85438,85439,85440
85,8501,'Semaine-12',85441,85442,85443,85444,85445,85446,85447,85448,85449,85450
87,8700,'Semaine-1',85451,85452,85453,85454,85455,85456,85457,85458,85459,85460,85461
87,8700,'Semaine-12',85462,85463,85464,85465,85466,85467,85468,85469,85470,85471,85472
87,8701,'Semaine-1',85473,85474,85475,85476,85477,85478,85479,85480,85481,85482,85483,85484
87,8701,'Semaine-12',85485,85486,85487,85488,85489,85490,85491,85492,85493,85494,85495,85496
93,9300,'Semaine-1',85497,85498,85499,85500,85501,85502,85503
93,9300,'Semaine-12',85504,85505,85506,85507,85508,85509,85510
93,9301,'Semaine-1',85511,85512,85513,85514,85515
93,9301,'Semaine-12',85516,85517,85518,85519,85520
94,9401,'Semaine-1',85521
94,9401,'Semaine-12',85522
95,9500,'Semaine-1',85523,85524,85525,85526,85527,85528,85529,85530,85531,85532
95,9500,'Semaine-12',85533,85534,85535,85536,85537,85538,85539,85540,85541,85542
95,9501,'Semaine-1',85543,85544,85545,85546,85547,85548,85549,85550
95,9501,'Semaine-12',85551,85552,85553,85554,85555,85556,85557,85558
97,9700,'Samedi-1',85559,85560,85561,85562,85563,85564,85565,85566,85567,85568,85569,85570,85571,85572,85573,85574,85575
97,9700,'Samedi-10',76808,76809,76810,76811,76812,76813,76814,76815,76816,76817,76818,76819,76820,76821,76822,76823,76824
97,9700,'Dimanche-1',85576,85577,85578,85579,85580,85581,85582,85583,85584,85585,85586,85587,85588,85589,85590,85591,85592
97,9700,'Semaine-1',85593,85594,85595,85596,85597,85598,85599,85600,85601,85602,85603,85604,85605,85606,85607,85608,85609,85610,85611,85612
97,9700,'Semaine-12',85613,85614,85615,85616,85617,85618,85619,85620,85621,85622,85623,85624,85625,85626,85627,85628,85629,85630,85631,85632
97,9701,'Samedi-1',85633,85634,85635,85636,85637,85638,85639,85640,85641,85642,85643,85644,85645,85646,85647,85648
97,9701,'Samedi-10',76969,76970,76971,76972,76973,76974,76975,76976,76977,76978,76979,76980,76981,76982,76983,76984
97,9701,'Dimanche-1',85649,85650,85651,85652,85653,85654,85655,85656,85657,85658,85659,85660,85661,85662,85663,85664
97,9701,'Semaine-1',85665,85666,85667,85668,85669,85670,85671,85672,85673,85674,85675,85676,85677,85678,85679,85680,85681
97,9701,'Semaine-12',85682,85683,85684,85685,85686,85687,85688,85689,85690,85691,85692,85693,85694,85695,85696,85697,85698
98,9801,'Semaine-1',85699,85700,85701
98,9801,'Semaine-12',85702,85703,85704
100,10000,'Semaine-1',85705,85706,85707,85708,85709,85710,85711,85712,85713,85714,85715,85716,85717,85718,85719,85720
100,10000,'Semaine-12',85721,85722,85723,85724,85725,85726,85727,85728,85729,85730,85731,85732,85733,85734,85735,85736
100,10001,'Semaine-1',85737,85738,85739,85740,85741,85742,85743,85744,85745,85746,85747,85748,85749,85750,85751
100,10001,'Semaine-12',85752,85753,85754,85755,85756,85757,85758,85759,85760,85761,85762,85763,85764,85765,85766
200,20000,'Semaine-1',85767,85768,85769,85770,85771,85772,85773,85774,85775,85776,85777,85778,85779,85780,85781,85782,85783,85784,85785,85786,85787,85788,85789,85790,85791,85792,85793,85794,85795,85796
200,20000,'Semaine-12',85797,85798,85799,85800,85801,85802,85803,85804,85805,85806,85807,85808,85809,85810,85811,85812,85813,85814,85815,85816,85817,85818,85819,85820,85821,85822,85823,85824,85825,85826
200,20001,'Semaine-1',85827,85828,85829,85830,85831,85832,85833,85834,85835,85836,85837,85838,85839,85840,85841,85842,85843,85844,85845,85846,85847,85848,85849,85850,85851,85852,85853,85854,85855,85856
200,20001,'Semaine-12',85857,85858,85859,85860,85861,85862,85863,85864,85865,85866,85867,85868,85869,85870,85871,85872,85873,85874,85875,85876,85877,85878,85879,85880,85881,85882,85883,85884,85885,85886
297,29700,'Semaine-1',85887,85888
297,29700,'Semaine-12',85889,85890
297,29701,'Semaine-1',85891,85892
297,29701,'Semaine-12',85893,85894
325,32500,'Semaine-1',85895,85896
325,32500,'Semaine-12',85897,85898
325,32501,'Semaine-1',85899,85900
325,32501,'Semaine-12',85901,85902
326,32600,'Semaine-1',85903
326,32600,'Semaine-12',85904
326,32601,'Semaine-1',85905
326,32601,'Semaine-12',85906
329,32900,'Semaine-1',85907
329,32900,'Semaine-12',85908
329,32901,'Semaine-1',85909
329,32901,'Semaine-12',85910
331,33100,'Semaine-1',85911
331,33100,'Semaine-12',85912
331,33101,'Semaine-1',85913
331,33101,'Semaine-12',85914
371,37100,'Samedi-1',85915,85916,85917,85918,85919,85920,85921,85922,85923,85924,85925,85926,85927,85928,85929,85930,85931
371,37100,'Samedi-10',77441,77442,77443,77444,77445,77446,77447,77448,77449,77450,77451,77452,77453,77454,77455,77456,77457
371,37100,'Dimanche-1',85932,85933,85934,85935,85936,85937,85938,85939,85940,85941,85942,85943,85944,85945,85946,85947,85948
371,37100,'Semaine-1',85949,85950,85951,85952,85953,85954,85955,85956,85957,85958,85959,85960,85961,85962,85963,85964,85965,85966,85967,85968,85969,85970,85971,85972,85973,85974,85975
371,37100,'Semaine-12',85976,85977,85978,85979,85980,85981,85982,85983,85984,85985,85986,85987,85988,85989,85990,85991,85992,85993,85994,85995,85996,85997,85998,85999,86000,86001,86002
371,37101,'Samedi-1',86003,86004,86005,86006,86007,86008,86009,86010,86011,86012,86013,86014,86015,86016,86017,86018,86019
371,37101,'Samedi-10',77624,77625,77626,77627,77628,77629,77630,77631,77632,77633,77634,77635,77636,77637,77638,77639,77640
371,37101,'Dimanche-1',86020,86021,86022,86023,86024,86025,86026,86027,86028,86029,86030,86031,86032,86033,86034,86035,86036
371,37101,'Semaine-1',86037,86038,86039,86040,86041,86042,86043,86044,86045,86046,86047,86048,86049,86050,86051,86052,86053,86054,86055,86056,86057,86058,86059,86060,86061
371,37101,'Semaine-12',86062,86063,86064,86065,86066,86067,86068,86069,86070,86071,86072,86073,86074,86075,86076,86077,86078,86079,86080,86081,86082,86083,86084,86085,86086
400,40000,'Samedi-1',86087,86088,86089,86090,86091,86092,86093,86094,86095,86096,86097,86098,86099,86100,86101,86102,86103,86104,86105,86106,86107,86108,86109,86110,86111,86112,86113,86114,86115,86116,86117,86118,86119,86120,86121,86122,86123,86124,86125,86126,86127,86128,86129,86130,86131,86132,86133,86134,86135,86136,86137,86138,86139,86140,86141,86142,86143,86144,86145,86146,86147,86148,86149,86150,86151,86152,86153,86154,86155,86156,86157,86158,86159
400,40000,'Samedi-10',77857,77858,77859,77860,77861,77862,77863,77864,77865,77866,77867,77868,77869,77870,77871,77872,77873,77874,77875,77876,77877,77878,77879,77880,77881,77882,77883,77884,77885,77886,77887,77888,77889,77890,77891,77892,77893,77894,77895,77896,77897,77898,77899,77900,77901,77902,77903,77904,77905,77906,77907,77908,77909,77910,77911,77912,77913,77914,77915,77916,77917,77918,77919,77920,77921,77922,77923,77924,77925,77926,77927,77928,77929
400,40000,'Dimanche-1',86160,86161,86162,86163,86164,86165,86166,86167,86168,86169,86170,86171,86172,86173,86174,86175,86176,86177,86178,86179,86180,86181,86182,86183,86184,86185,86186,86187,86188,86189,86190,86191,86192,86193,86194,86195,86196,86197,86198,86199,86200,86201,86202,86203,86204,86205,86206,86207,86208,86209,86210,86211,86212,86213,86214,86215,86216,86217,86218,86219,86220,86221,86222,86223,86224,86225,86226,86227,86228,86229,86230,86231,86232
400,40000,'Semaine-1',86233,86234,86235,86236,86237,86238,86239,86240,86241,86242,86243,86244,86245,86246,86247,86248,86249,86250,86251,86252,86253,86254,86255,86256,86257,86258,86259,86260,86261,86262,86263,86264,86265,86266,86267,86268,86269,86270,86271,86272,86273,86274,86275,86276,86277,86278,86279,86280,86281,86282,86283,86284,86285,86286,86287,86288,86289,86290,86291,86292,86293,86294,86295,86296,86297,86298,86299,86300,86301,86302,86303,86304,86305,86306,86307,86308,86309,86310,86311,86312,86313,86314,86315,86316,86317,86318,86319,86320,86321,86322,86323,86324,86325
400,40000,'Semaine-12',86326,86327,86328,86329,86330,86331,86332,86333,86334,86335,86336,86337,86338,86339,86340,86341,86342,86343,86344,86345,86346,86347,86348,86349,86350,86351,86352,86353,86354,86355,86356,86357,86358,86359,86360,86361,86362,86363,86364,86365,86366,86367,86368,86369,86370,86371,86372,86373,86374,86375,86376,86377,86378,86379,86380,86381,86382,86383,86384,86385,86386,86387,86388,86389,86390,86391,86392,86393,86394,86395,86396,86397,86398,86399,86400,86401,86402,86403,86404,86405,86406,86407,86408,86409,86410,86411,86412,86413,86414,86415,86416,86417,86418
400,40001,'Samedi-1',86419,86420,86421,86422,86423,86424,86425,86426,86427,86428,86429,86430,86431,86432,86433,86434,86435,86436,86437,86438,86439,86440,86441,86442,86443,86444,86445,86446,86447,86448,86449,86450,86451,86452,86453,86454,86455,86456,86457,86458,86459,86460,86461,86462,86463,86464,86465,86466,86467,86468,86469,86470,86471,86472,86473,86474,86475,86476,86477,86478,86479,86480,86481,86482,86483,86484,86485,86486,86487,86488,86489,86490,86491
400,40001,'Samedi-10',78574,78575,78576,78577,78578,78579,78580,78581,78582,78583,78584,78585,78586,78587,78588,78589,78590,78591,78592,78593,78594,78595,78596,78597,78598,78599,78600,78601,78602,78603,78604,78605,78606,78607,78608,78609,78610,78611,78612,78613,78614,78615,78616,78617,78618,78619,78620,78621,78622,78623,78624,78625,78626,78627,78628,78629,78630,78631,78632,78633,78634,78635,78636,78637,78638,78639,78640,78641,78642,78643,78644,78645,78646
400,40001,'Dimanche-1',86492,86493,86494,86495,86496,86497,86498,86499,86500,86501,86502,86503,86504,86505,86506,86507,86508,86509,86510,86511,86512,86513,86514,86515,86516,86517,86518,86519,86520,86521,86522,86523,86524,86525,86526,86527,86528,86529,86530,86531,86532,86533,86534,86535,86536,86537,86538,86539,86540,86541,86542,86543,86544,86545,86546,86547,86548,86549,86550,86551,86552,86553,86554,86555,86556,86557,86558,86559,86560,86561,86562,86563,86564
400,40001,'Semaine-1',86565,86566,86567,86568,86569,86570,86571,86572,86573,86574,86575,86576,86577,86578,86579,86580,86581,86582,86583,86584,86585,86586,86587,86588,86589,86590,86591,86592,86593,86594,86595,86596,86597,86598,86599,86600,86601,86602,86603,86604,86605,86606,86607,86608,86609,86610,86611,86612,86613,86614,86615,86616,86617,86618,86619,86620,86621,86622,86623,86624,86625,86626,86627,86628,86629,86630,86631,86632,86633,86634,86635,86636,86637,86638,86639,86640,86641,86642,86643,86644,86645,86646,86647,86648,86649,86650,86651,86652,86653,86654,86655,86656,86657,86658
400,40001,'Semaine-12',86659,86660,86661,86662,86663,86664,86665,86666,86667,86668,86669,86670,86671,86672,86673,86674,86675,86676,86677,86678,86679,86680,86681,86682,86683,86684,86685,86686,86687,86688,86689,86690,86691,86692,86693,86694,86695,86696,86697,86698,86699,86700,86701,86702,86703,86704,86705,86706,86707,86708,86709,86710,86711,86712,86713,86714,86715,86716,86717,86718,86719,86720,86721,86722,86723,86724,86725,86726,86727,86728,86729,86730,86731,86732,86733,86734,86735,86736,86737,86738,86739,86740,86741,86742,86743,86744,86745,86746,86747,86748,86749,86750,86751,86752
425,42500,'Semaine-1',86753,86754
425,42500,'Semaine-12',86755,86756
425,42501,'Semaine-1',86757
425,42501,'Semaine-12',86758
426,42600,'Semaine-1',86759,86760
426,42600,'Semaine-12',86761,86762
426,42601,'Semaine-1',86763
426,42601,'Semaine-12',86764
429,42900,'Semaine-1',86765,86766
429,42900,'Semaine-12',86767,86768
429,42901,'Semaine-1',86769
429,42901,'Semaine-12',86770
431,43100,'Semaine-1',86771,86772
431,43100,'Semaine-12',86773,86774
431,43101,'Semaine-1',86775
431,43101,'Semaine-12',86776
433,43300,'Semaine-1',86777,86778
433,43300,'Semaine-12',86779,86780
433,43301,'Semaine-1',86781
433,43301,'Semaine-12',86782
437,43700,'Semaine-1',86783,86784
437,43700,'Semaine-12',86785,86786
437,43701,'Semaine-1',86787,86788
437,43701,'Semaine-12',86789,86790
449,44900,'Semaine-1',86791
449,44900,'Semaine-12',86792
449,44901,'Semaine-1',86793
449,44901,'Semaine-12',86794
549,54901,'Semaine-1',86795,86796
549,54901,'Semaine-12',86797,86798
550,55000,'Semaine-1',86799,86800
550,55000,'Semaine-12',86801,86802
550,55001,'Semaine-1',86803,86804,86805
550,55001,'Semaine-12',86806,86807,86808
554,55400,'Semaine-1',86809,86810
554,55400,'Semaine-12',86811,86812
554,55401,'Semaine-1',86813,86814
554,55401,'Semaine-12',86815,86816
566,56600,'Semaine-1',86817
566,56600,'Semaine-12',86818
566,56601,'Semaine-1',86819
566,56601,'Semaine-12',86820
569,56900,'Semaine-1',86821
569,56900,'Semaine-12',86822
569,56901,'Semaine-1',86823
569,56901,'Semaine-12',86824
571,57100,'Semaine-1',86825
571,57100,'Semaine-12',86826
571,57101,'Semaine-1',86827
571,57101,'Semaine-12',86828
576,57600,'Semaine-1',86829
576,57600,'Semaine-12',86830
576,57601,'Semaine-1',86831
576,57601,'Semaine-12',86832
639,63900,'Semaine-1',86833
639,63900,'Semaine-12',86834
639,63901,'Semaine-1',86835
639,63901,'Semaine-12',86836
640,64000,'Semaine-1',86837,86838,86839
640,64000,'Semaine-12',86840,86841,86842
640,64001,'Semaine-1',86843,86844
640,64001,'Semaine-12',86845,86846
641,64100,'Semaine-1',86847
641,64100,'Semaine-12',86848
641,64101,'Semaine-1',86849
641,64101,'Semaine-12',86850
645,64500,'Semaine-1',86851
645,64500,'Semaine-12',86852
645,64501,'Semaine-1',86853
645,64501,'Semaine-12',86854
647,64700,'Semaine-1',86855
647,64700,'Semaine-12',86856
647,64701,'Semaine-1',86857
647,64701,'Semaine-12',86858
654,65400,'Semaine-1',86859
654,65400,'Semaine-12',86860
654,65401,'Semaine-1',86861
654,65401,'Semaine-12',86862
655,65500,'Semaine-1',86863
655,65500,'Semaine-12',86864
655,65501,'Semaine-1',86865
655,65501,'Semaine-12',86866
725,72500,'Semaine-1',86867
725,72500,'Semaine-12',86868
725,72501,'Semaine-1',86869
725,72501,'Semaine-12',86870
726,72601,'Semaine-1',86871
726,72601,'Semaine-12',86872
729,72900,'Semaine-1',86873
729,72900,'Semaine-12',86874
729,72901,'Semaine-1',86875
729,72901,'Semaine-12',86876
733,73300,'Semaine-1',86877
733,73300,'Semaine-12',86878
740,74000,'Semaine-1',86879,86880
740,74000,'Semaine-12',86881,86882
740,74001,'Semaine-1',86883,86884
740,74001,'Semaine-12',86885,86886
752,75200,'Semaine-1',86887,86888
752,75200,'Semaine-12',86889,86890
752,75201,'Semaine-1',86891,86892
752,75201,'Semaine-12',86893,86894
754,75400,'Semaine-1',86895,86896
754,75400,'Semaine-12',86897,86898
754,75401,'Semaine-1',86899
754,75401,'Semaine-12',86900
800,80000,'Samedi-1',86901,86902,86903,86904,86905,86906,86907,86908,86909,86910,86911,86912,86913,86914,86915,86916,86917
800,80000,'Samedi-10',79460,79461,79462,79463,79464,79465,79466,79467,79468,79469,79470,79471,79472,79473,79474,79475,79476
800,80000,'Dimanche-1',86918,86919,86920,86921,86922,86923,86924,86925,86926,86927,86928,86929,86930,86931,86932,86933,86934
800,80000,'Semaine-1',86935,86936,86937,86938,86939,86940,86941,86942,86943,86944,86945,86946,86947,86948,86949,86950,86951,86952,86953,86954,86955,86956,86957,86958,86959,86960,86961,86962,86963,86964,86965,86966,86967,86968,86969,86970
800,80000,'Semaine-12',86971,86972,86973,86974,86975,86976,86977,86978,86979,86980,86981,86982,86983,86984,86985,86986,86987,86988,86989,86990,86991,86992,86993,86994,86995,86996,86997,86998,86999,87000,87001,87002,87003,87004,87005,87006
800,80001,'Samedi-1',87007,87008,87009,87010,87011,87012,87013,87014,87015,87016,87017,87018,87019,87020,87021,87022,87023
800,80001,'Samedi-10',79670,79671,79672,79673,79674,79675,79676,79677,79678,79679,79680,79681,79682,79683,79684,79685,79686
800,80001,'Dimanche-1',87024,87025,87026,87027,87028,87029,87030,87031,87032,87033,87034,87035,87036,87037,87038,87039,87040
800,80001,'Semaine-1',87041,87042,87043,87044,87045,87046,87047,87048,87049,87050,87051,87052,87053,87054,87055,87056,87057,87058,87059,87060,87061,87062,87063,87064,87065,87066,87067,87068,87069,87070,87071,87072,87073,87074,87075
800,80001,'Semaine-12',87076,87077,87078,87079,87080,87081,87082,87083,87084,87085,87086,87087,87088,87089,87090,87091,87092,87093,87094,87095,87096,87097,87098,87099,87100,87101,87102,87103,87104,87105,87106,87107,87108,87109,87110
804,80401,'Semaine-12',87111
825,82500,'Semaine-1',87112,87113
825,82500,'Semaine-12',87114,87115
825,82501,'Semaine-1',87116,87117
825,82501,'Semaine-12',87118,87119
826,82600,'Semaine-1',87120,87121
826,82600,'Semaine-12',87122,87123
826,82601,'Semaine-1',87124,87125
826,82601,'Semaine-12',87126,87127
827,82700,'Semaine-1',87128
827,82700,'Semaine-12',87129
827,82701,'Semaine-1',87130
827,82701,'Semaine-12',87131
829,82900,'Semaine-1',87132,87133,87134
829,82900,'Semaine-12',87135,87136,87137
829,82901,'Semaine-1',87138,87139,87140
829,82901,'Semaine-12',87141,87142,87143
831,83100,'Semaine-1',87144,87145
831,83100,'Semaine-12',87146,87147
831,83101,'Semaine-1',87148,87149
831,83101,'Semaine-12',87150,87151
833,83300,'Semaine-1',87152,87153
833,83300,'Semaine-12',87154,87155
833,83301,'Semaine-1',87156
833,83301,'Semaine-12',87157
859,85901,'Semaine-12',87158
867,86700,'Semaine-1',87159
867,86700,'Semaine-12',87160
867,86701,'Semaine-1',87161
867,86701,'Semaine-12',87162
