2601,'Semaine-1',555,,80028,13,,,1,72,,80030,13,,,2,30,,80031,13,,,2,70,,80029,13,,,1,29,,80027,13,,,2
2601,'Semaine-12',555,,80033,13,,,1,72,,80035,13,,,2,30,,80036,13,,,2,70,,80034,13,,,1,29,,80032,13,,,2
3900,'Samedi-1',652,,81669,24,,,1,101,,81670,24,,,1,100,,81674,24,,,1,102,,81673,24,,,1,100,,81676,24,,,1,100,,81675,24,,,1,102,,81671,24,,,1,70,,81672,24,,,1,30,,81677,24,,,1,71,,81678,24,,,1,30,,81679,24,,,1,70,,81680,24,,,1,31,,81681,24,,,1,70,,81682,24,,,1,30,,81683,24,,,1,70,,81684,24,,,1,29,,81685,24,,,1,69,,81686,24,,,1,29,,81687,24,,,1,68,,81688,24,,,1,100,,81689,24,,,1,100,,81690,24,,,1,100,,81691,24,,,1,100,,81692,24,,,1
3900,'Samedi-10',652,,69204,24,,,1,101,,69205,24,,,1,100,,69209,24,,,1,102,,69208,24,,,1,100,,69211,24,,,1,100,,69210,24,,,1,102,,69206,24,,,1,70,,69207,24,,,1,30,,69212,24,,,1,71,,69213,24,,,1,30,,69214,24,,,1,70,,69215,24,,,1,31,,69216,24,,,1,70,,69217,24,,,1,30,,69218,24,,,1,70,,69219,24,,,1,29,,69220,24,,,1,69,,69221,24,,,1,29,,69222,24,,,1,68,,69223,24,,,1,100,,69224,24,,,1,100,,69225,24,,,1,100,,69226,24,,,1,100,,69227,24,,,1
3900,'Dimanche-1',652,,81693,24,,,1,101,,81700,24,,,1,100,,81703,24,,,1,102,,81696,24,,,1,100,,81698,24,,,1,100,,81699,24,,,1,102,,81702,24,,,1,70,,81695,24,,,1,30,,81697,24,,,1,71,,81704,24,,,1,30,,81694,24,,,1,70,,81705,24,,,1,31,,81701,24,,,1,70,,81708,24,,,1,30,,81711,24,,,1,70,,81713,24,,,1,29,,81707,24,,,1,69,,81710,24,,,1,29,,81712,24,,,1,68,,81706,24,,,1,100,,81709,24,,,1,100,,81714,24,,,1,100,,81715,24,,,1,100,,81716,24,,,1
3900,'Semaine-1',629,,81734,24,,,1,22,,81720,24,,,1,72,,81739,24,,,1,29,,81732,24,,,1,74,,81733,24,,,1,32,,81731,24,,,1,72,,81728,24,,,1,70,,81745,24,,,2,30,,81740,24,,,1,71,,81752,24,,,1,30,,81737,24,,,2,70,,81741,24,,,1,30,,81729,24,,,1,71,,81727,24,,,1,30,,81742,24,,,1,69,,81730,24,,,2,30,,81717,24,,,1,73,,81743,24,,,1,34,,81724,24,,,1,69,,81726,24,,,1,31,,81744,24,,,2,72,,81723,24,,,1,28,,81718,24,,,1,69,,81746,24,,,1,28,,81725,24,,,1,71,,81719,24,,,2,29,,81747,24,,,2,72,,81722,24,,,1,25,,81738,24,,,2,25,,81748,24,,,1,70,,81721,24,,,1,30,,81736,24,,,1,69,,81749,24,,,1,30,,81735,24,,,1,72,,81751,24,,,1,28,,81750,24,,,1
3900,'Semaine-12',629,,81770,24,,,1,22,,81756,24,,,1,72,,81775,24,,,1,29,,81768,24,,,1,74,,81769,24,,,1,32,,81767,24,,,1,72,,81764,24,,,1,70,,81781,24,,,2,30,,81776,24,,,1,71,,81788,24,,,1,30,,81773,24,,,2,70,,81777,24,,,1,30,,81765,24,,,1,71,,81763,24,,,1,30,,81778,24,,,1,69,,81766,24,,,2,30,,81753,24,,,1,73,,81779,24,,,1,34,,81760,24,,,1,69,,81762,24,,,1,31,,81780,24,,,2,72,,81759,24,,,1,28,,81754,24,,,1,69,,81782,24,,,1,28,,81761,24,,,1,71,,81755,24,,,2,29,,81783,24,,,2,72,,81758,24,,,1,25,,81774,24,,,2,25,,81784,24,,,1,70,,81757,24,,,1,30,,81772,24,,,1,69,,81785,24,,,1,30,,81771,24,,,1,72,,81787,24,,,1,28,,81786,24,,,1
32600,'Semaine-1',1642,,85903,32,0,7 8,1
32600,'Semaine-12',1642,,85904,32,0,7 8,1
63900,'Semaine-1',1529,,86833,37,0,9 10,1
63900,'Semaine-12',1529,,86834,37,0,9 10,1
82600,'Semaine-1',1545,,87121,24,0,9 12 13,1
82600,'Semaine-12',1545,,87123,24,0,9 12 13,1
