2600,'Semaine-1',1555,,80019,15,,,1,72,,80018,15,,,1,28,,80017,15,,,2,70,,80020,15,,,1,27,,80021,15,,,2
2600,'Semaine-12',1555,,80024,15,,,1,72,,80023,15,,,1,28,,80022,15,,,2,70,,80025,15,,,1,27,,80026,15,,,2
2800,'Semaine-1',1553,,80055,10,,,1,82,,80056,10,,,1,91,,80057,10,,,1
2800,'Semaine-12',1553,,80058,10,,,1,82,,80059,10,,,1,91,,80060,10,,,1
2900,'Semaine-1',1546,,80070,15,,,2,75,,80069,15,,,1,32,,80067,15,,,2,65,,80071,15,,,1,30,,80068,15,,,1
2900,'Semaine-12',1546,,80075,15,,,2,75,,80074,15,,,1,32,,80072,15,,,2,65,,80076,15,,,1,30,,80073,15,,,1
3200,'Semaine-1',629,,80376,16,,,1,71,,80375,16,,,1,32,,80371,16,,,1,72,,80373,16,,,1,29,,80372,16,,,2,70,,80374,16,,,1,28,,80347,16,,,2,70,,80342,16,,,1,30,,80343,16,,,2,70,,80354,16,,,1,30,,80348,16,,,1,71,,80334,16,,,1,30,,80335,16,,,1,69,,80346,16,,,1,30,,80349,16,,,1,70,,80355,16,,,1,31,,80336,16,,,1,70,,80381,16,,,1,15,,80333,16,,,2,16,,80363,16,,,1,10,,80353,16,,,1,11,,80359,16,,,2,50,,80360,16,,,1,10,,80378,16,,,1,10,,80379,16,,,1,10,,80380,16,,,2,13,,80377,16,,,2,7,,80350,16,,,1,50,,80361,16,,,1,10,,80369,16,,,2,10,,80362,16,,,2,8,,80339,16,,,1,10,,80370,16,,,1,10,,80356,16,,,2,7,,80358,16,,,1,50,,80357,16,,,1,19,,80351,16,,,2,25,,80345,16,,,1,70,,80340,16,,,1,30,,80337,16,,,2,69,,80352,16,,,2,30,,80344,16,,,1,73,,80341,16,,,1,27,,80338,16,,,2,70,,80364,16,,,1,30,,80365,16,,,1,68,,80366,16,,,1,30,,80367,16,,,1,70,,80368,16,,,1
3200,'Semaine-12',629,,80425,16,,,1,71,,80424,16,,,1,32,,80420,16,,,1,72,,80422,16,,,1,29,,80421,16,,,2,70,,80423,16,,,1,28,,80396,16,,,2,70,,80391,16,,,1,30,,80392,16,,,2,70,,80403,16,,,1,30,,80397,16,,,1,71,,80383,16,,,1,30,,80384,16,,,1,69,,80395,16,,,1,30,,80398,16,,,1,70,,80404,16,,,1,31,,80385,16,,,1,70,,80430,16,,,1,15,,80382,16,,,2,16,,80412,16,,,1,10,,80402,16,,,1,11,,80408,16,,,2,50,,80409,16,,,1,10,,80427,16,,,1,10,,80428,16,,,1,10,,80429,16,,,2,13,,80426,16,,,2,7,,80399,16,,,1,50,,80410,16,,,1,10,,80418,16,,,2,10,,80411,16,,,2,8,,80388,16,,,1,10,,80419,16,,,1,10,,80405,16,,,2,7,,80407,16,,,1,50,,80406,16,,,1,19,,80400,16,,,2,25,,80394,16,,,1,70,,80389,16,,,1,30,,80386,16,,,2,69,,80401,16,,,2,30,,80393,16,,,1,73,,80390,16,,,1,27,,80387,16,,,2,70,,80413,16,,,1,30,,80414,16,,,1,68,,80415,16,,,1,30,,80416,16,,,1,70,,80417,16,,,1
3400,'Samedi-1',736,,80773,16,,,1,100,,80778,16,,,1,70,,80774,16,,,1,31,,80780,16,,,1,70,,80781,16,,,1,30,,80775,16,,,1,70,,80776,16,,,1,30,,80777,16,,,1,70,,80779,16,,,1,30,,80782,16,,,1,70,,80784,16,,,1,30,,80783,16,,,1,70,,80785,16,,,1,30,,80786,16,,,1,70,,80787,16,,,1,30,,80788,16,,,1,70,,80789,16,,,1,30,,80790,16,,,1,70,,80791,16,,,1,30,,80792,16,,,1,70,,80793,16,,,1,30,,80794,16,,,1,70,,80795,16,,,1,29,,80796,16,,,1,71,,80797,16,,,1,30,,80798,16,,,1,70,,80799,16,,,1,30,,80800,16,,,1,70,,80801,16,,,1,30,,80803,16,,,1,70,,80802,16,,,1,29,,80805,16,,,1,70,,80804,16,,,1,27,,80806,16,,,1
3400,'Samedi-10',736,,67369,16,,,1,100,,67374,16,,,1,70,,67370,16,,,1,31,,67376,16,,,1,70,,67377,16,,,1,30,,67371,16,,,1,70,,67372,16,,,1,30,,67373,16,,,1,70,,67375,16,,,1,30,,67378,16,,,1,70,,67380,16,,,1,30,,67379,16,,,1,70,,67381,16,,,1,30,,67382,16,,,1,70,,67383,16,,,1,30,,67384,16,,,1,70,,67385,16,,,1,30,,67386,16,,,1,70,,67387,16,,,1,30,,67388,16,,,1,70,,67389,16,,,1,30,,67390,16,,,1,70,,67391,16,,,1,29,,67392,16,,,1,71,,67393,16,,,1,30,,67394,16,,,1,70,,67395,16,,,1,30,,67396,16,,,1,70,,67397,16,,,1,30,,67399,16,,,1,70,,67398,16,,,1,29,,67401,16,,,1,70,,67400,16,,,1,27,,67402,16,,,1
3400,'Dimanche-1',736,,80811,16,,,1,100,,80831,16,,,1,70,,80813,16,,,1,31,,80817,16,,,1,70,,80810,16,,,1,30,,80818,16,,,1,70,,80809,16,,,1,30,,80808,16,,,1,70,,80821,16,,,1,30,,80812,16,,,1,70,,80815,16,,,1,30,,80814,16,,,1,70,,80807,16,,,1,30,,80823,16,,,1,70,,80819,16,,,1,30,,80820,16,,,1,70,,80816,16,,,1,30,,80827,16,,,1,70,,80826,16,,,1,30,,80824,16,,,1,70,,80822,16,,,1,30,,80825,16,,,1,70,,80830,16,,,1,29,,80828,16,,,1,71,,80829,16,,,1,30,,80832,16,,,1,70,,80833,16,,,1,30,,80834,16,,,1,70,,80835,16,,,1,30,,80836,16,,,1,70,,80837,16,,,1,29,,80839,16,,,1,70,,80838,16,,,1,27,,80840,16,,,1
3400,'Semaine-1',613,,80871,16,,,1,29,,80856,16,,,1,71,,80850,16,,,1,35,,80854,16,,,1,71,,80845,16,,,2,29,,80865,16,,,1,70,,80851,16,,,1,28,,80841,16,,,1,70,,80846,16,,,1,30,,80847,16,,,1,70,,80852,16,,,1,30,,80842,16,,,1,70,,80872,16,,,1,30,,80848,16,,,1,70,,80853,16,,,1,30,,80843,16,,,1,72,,80869,16,,,1,30,,80844,16,,,1,65,,80870,16,,,1,306,,80868,16,,,1,20,,80857,16,,,1,68,,80849,16,,,1,30,,80861,16,,,1,70,,80867,16,,,1,31,,80858,16,,,1,69,,80860,16,,,1,30,,80862,16,,,1,70,,80855,16,,,1,30,,80864,16,,,1,69,,80859,16,,,1,29,,80863,16,,,1,70,,80866,16,,,1
3400,'Semaine-12',613,,80903,16,,,1,29,,80888,16,,,1,71,,80882,16,,,1,35,,80886,16,,,1,71,,80877,16,,,2,29,,80897,16,,,1,70,,80883,16,,,1,28,,80873,16,,,1,70,,80878,16,,,1,30,,80879,16,,,1,70,,80884,16,,,1,30,,80874,16,,,1,70,,80904,16,,,1,30,,80880,16,,,1,70,,80885,16,,,1,30,,80875,16,,,1,72,,80901,16,,,1,30,,80876,16,,,1,65,,80902,16,,,1,306,,80900,16,,,1,20,,80889,16,,,1,68,,80881,16,,,1,30,,80893,16,,,1,70,,80899,16,,,1,31,,80890,16,,,1,69,,80892,16,,,1,30,,80894,16,,,1,70,,80887,16,,,1,30,,80896,16,,,1,69,,80891,16,,,1,29,,80895,16,,,1,70,,80898,16,,,1
4000,'Semaine-1',1525,,81911,15,,,1,30,,81907,15,,,2,75,,81910,15,,,1,27,,81909,15,,,1,68,,81908,15,,,1,29,,81912,15,,,1
4000,'Semaine-12',1525,,81917,15,,,1,30,,81913,15,,,2,75,,81916,15,,,1,27,,81915,15,,,1,68,,81914,15,,,1,29,,81918,15,,,1
4100,'Semaine-1',1536,,81932,15,,,1,71,,81934,15,,,1,35,,81933,15,,,2,64,,81931,15,,,1,29,,81935,15,,,1
4100,'Semaine-12',1536,,81937,15,,,1,71,,81939,15,,,1,35,,81938,15,,,2,64,,81936,15,,,1,29,,81940,15,,,1
4500,'Semaine-1',1510,,81964,15,,,1,35,,81959,15,,,1,70,,81960,15,,,1,32,,81962,15,,,1,67,,81963,15,,,1,27,,81961,15,,,2
4500,'Semaine-12',1510,,81970,15,,,1,35,,81965,15,,,1,70,,81966,15,,,1,32,,81968,15,,,1,67,,81969,15,,,1,27,,81967,15,,,2
4700,'Semaine-1',1532,,81983,15,,,1,103,,81984,15,,,1,96,,81985,15,,,2
4700,'Semaine-12',1532,,81986,15,,,1,103,,81987,15,,,1,96,,81988,15,,,2
5500,'Samedi-1',704,,82390,16,,,1,30,,82387,16,,,1,70,,82388,16,,,1,30,,82391,16,,,1,70,,82389,16,,,1,30,,82396,16,,,1,71,,82393,16,,,1,29,,82394,16,,,1,70,,82399,16,,,1,31,,82398,16,,,1,70,,82392,16,,,1,30,,82395,16,,,1,70,,82397,16,,,1,30,,82400,16,,,1,70,,82401,16,,,1,30,,82402,16,,,1,70,,82403,16,,,1,29,,82404,16,,,1,70,,82405,16,,,1,32,,82406,16,,,1,70,,82407,16,,,1,30,,82408,16,,,1,70,,82409,16,,,1,30,,82410,16,,,1,68,,82412,16,,,1,30,,82411,16,,,1,70,,82413,16,,,1,30,,82415,16,,,1,70,,82414,16,,,1,30,,82416,16,,,1,70,,82417,16,,,1,30,,82420,16,,,1,70,,82422,16,,,1,30,,82419,16,,,1,70,,82418,16,,,1,28,,82421,16,,,1
5500,'Samedi-10',704,,70650,16,,,1,30,,70647,16,,,1,70,,70648,16,,,1,30,,70651,16,,,1,70,,70649,16,,,1,30,,70656,16,,,1,71,,70653,16,,,1,29,,70654,16,,,1,70,,70659,16,,,1,31,,70658,16,,,1,70,,70652,16,,,1,30,,70655,16,,,1,70,,70657,16,,,1,30,,70660,16,,,1,70,,70661,16,,,1,30,,70662,16,,,1,70,,70663,16,,,1,29,,70664,16,,,1,70,,70665,16,,,1,32,,70666,16,,,1,70,,70667,16,,,1,30,,70668,16,,,1,70,,70669,16,,,1,30,,70670,16,,,1,68,,70672,16,,,1,30,,70671,16,,,1,70,,70673,16,,,1,30,,70675,16,,,1,70,,70674,16,,,1,30,,70676,16,,,1,70,,70677,16,,,1,30,,70680,16,,,1,70,,70682,16,,,1,30,,70679,16,,,1,70,,70678,16,,,1,28,,70681,16,,,1
5500,'Dimanche-1',704,,82427,16,,,1,30,,82432,16,,,1,70,,82424,16,,,1,30,,82429,16,,,1,70,,82426,16,,,1,30,,82423,16,,,1,71,,82434,16,,,1,29,,82428,16,,,1,70,,82425,16,,,1,31,,82437,16,,,1,70,,82433,16,,,1,30,,82438,16,,,1,70,,82431,16,,,1,30,,82430,16,,,1,70,,82436,16,,,1,30,,82441,16,,,1,70,,82435,16,,,1,29,,82440,16,,,1,70,,82443,16,,,1,32,,82447,16,,,1,70,,82442,16,,,1,30,,82448,16,,,1,70,,82439,16,,,1,30,,82445,16,,,1,68,,82446,16,,,1,30,,82449,16,,,1,70,,82444,16,,,1,30,,82450,16,,,1,70,,82452,16,,,1,30,,82451,16,,,1,70,,82453,16,,,1,30,,82455,16,,,1,70,,82456,16,,,1,30,,82454,16,,,1,70,,82457,16,,,1,28,,82458,16,,,1
5500,'Semaine-1',636,,82461,16,,,1,103,,82477,16,,,1,69,,82460,16,,,1,97,,82496,16,,,1,28,,82497,16,,,1,69,,82466,16,,,1,30,,82476,16,,,1,70,,82480,16,,,1,31,,82502,16,,,1,71,,82462,16,,,1,30,,82501,16,,,1,69,,82479,16,,,1,30,,82494,16,,,1,70,,82488,16,,,1,23,,82495,16,,,1,16,,82481,16,,,1,14,,82459,16,,,1,57,,82500,16,,,1,17,,82470,16,,,1,15,,82503,16,,,1,13,,82491,16,,,1,50,,82463,16,,,1,13,,82474,16,,,1,18,,82506,16,,,1,9,,82499,16,,,1,11,,82465,16,,,1,51,,82482,16,,,1,10,,82475,16,,,1,11,,82504,16,,,1,12,,82489,16,,,1,8,,82469,16,,,1,52,,82464,16,,,1,10,,82505,16,,,1,11,,82473,16,,,1,12,,82468,16,,,1,10,,82478,16,,,1,70,,82493,16,,,1,29,,82498,16,,,1,70,,82485,16,,,1,30,,82471,16,,,1,70,,82492,16,,,1,29,,82483,16,,,1,70,,82486,16,,,1,30,,82472,16,,,1,70,,82487,16,,,1,30,,82484,16,,,1,69,,82467,16,,,1,30,,82490,16,,,1
5500,'Semaine-12',636,,82509,16,,,1,103,,82525,16,,,1,69,,82508,16,,,1,97,,82544,16,,,1,28,,82545,16,,,1,69,,82514,16,,,1,30,,82524,16,,,1,70,,82528,16,,,1,31,,82550,16,,,1,71,,82510,16,,,1,30,,82549,16,,,1,69,,82527,16,,,1,30,,82542,16,,,1,70,,82536,16,,,1,23,,82543,16,,,1,16,,82529,16,,,1,14,,82507,16,,,1,57,,82548,16,,,1,17,,82518,16,,,1,15,,82551,16,,,1,13,,82539,16,,,1,50,,82511,16,,,1,13,,82522,16,,,1,18,,82554,16,,,1,9,,82547,16,,,1,11,,82513,16,,,1,51,,82530,16,,,1,10,,82523,16,,,1,11,,82552,16,,,1,12,,82537,16,,,1,8,,82517,16,,,1,52,,82512,16,,,1,10,,82553,16,,,1,11,,82521,16,,,1,12,,82516,16,,,1,10,,82526,16,,,1,70,,82541,16,,,1,29,,82546,16,,,1,70,,82533,16,,,1,30,,82519,16,,,1,70,,82540,16,,,1,29,,82531,16,,,1,70,,82534,16,,,1,30,,82520,16,,,1,70,,82535,16,,,1,30,,82532,16,,,1,69,,82515,16,,,1,30,,82538,16,,,1
5900,'Samedi-1',719,,82779,16,,,1,30,,82782,16,,,1,70,,82775,16,,,1,30,,82781,16,,,1,70,,82778,16,,,1,30,,82783,16,,,1,70,,82787,16,,,1,30,,82788,16,,,1,70,,82777,16,,,1,30,,82776,16,,,1,71,,82786,16,,,1,30,,82780,16,,,1,70,,82784,16,,,1,30,,82789,16,,,1,70,,82785,16,,,1,30,,82790,16,,,1,70,,82791,16,,,1,29,,82792,16,,,1,70,,82793,16,,,1,32,,82794,16,,,1,69,,82795,16,,,1,30,,82796,16,,,1,69,,82797,16,,,1,30,,82798,16,,,1,70,,82799,16,,,1,30,,82801,16,,,1,70,,82800,16,,,1,30,,82803,16,,,1,70,,82802,16,,,1,29,,82804,16,,,1,71,,82805,16,,,1,30,,82807,16,,,1,70,,82806,16,,,1,30,,82808,16,,,1
5900,'Samedi-10',719,,71438,16,,,1,30,,71441,16,,,1,70,,71434,16,,,1,30,,71440,16,,,1,70,,71437,16,,,1,30,,71442,16,,,1,70,,71446,16,,,1,30,,71447,16,,,1,70,,71436,16,,,1,30,,71435,16,,,1,71,,71445,16,,,1,30,,71439,16,,,1,70,,71443,16,,,1,30,,71448,16,,,1,70,,71444,16,,,1,30,,71449,16,,,1,70,,71450,16,,,1,29,,71451,16,,,1,70,,71452,16,,,1,32,,71453,16,,,1,69,,71454,16,,,1,30,,71455,16,,,1,69,,71456,16,,,1,30,,71457,16,,,1,70,,71458,16,,,1,30,,71460,16,,,1,70,,71459,16,,,1,30,,71462,16,,,1,70,,71461,16,,,1,29,,71463,16,,,1,71,,71464,16,,,1,30,,71466,16,,,1,70,,71465,16,,,1,30,,71467,16,,,1
5900,'Dimanche-1',719,,82814,16,,,1,30,,82813,16,,,1,70,,82809,16,,,1,30,,82818,16,,,1,70,,82824,16,,,1,30,,82815,16,,,1,70,,82822,16,,,1,30,,82817,16,,,1,70,,82823,16,,,1,30,,82810,16,,,1,71,,82821,16,,,1,30,,82811,16,,,1,70,,82819,16,,,1,30,,82825,16,,,1,70,,82812,16,,,1,30,,82816,16,,,1,70,,82820,16,,,1,29,,82829,16,,,1,70,,82830,16,,,1,32,,82827,16,,,1,69,,82832,16,,,1,30,,82828,16,,,1,69,,82834,16,,,1,30,,82826,16,,,1,70,,82831,16,,,1,30,,82835,16,,,1,70,,82833,16,,,1,30,,82836,16,,,1,70,,82837,16,,,1,29,,82838,16,,,1,71,,82839,16,,,1,30,,82841,16,,,1,70,,82840,16,,,1,30,,82842,16,,,1
5900,'Semaine-1',605,,82850,16,,,1,97,,82885,16,,,1,47,,82890,16,,,1,88,,82866,16,,,1,84,,82862,16,,,1,28,,82883,16,,,1,70,,82859,16,,,1,30,,82882,16,,,1,70,,82873,16,,,1,30,,82867,16,,,1,71,,82875,16,,,1,30,,82858,16,,,1,70,,82886,16,,,1,30,,82849,16,,,1,70,,82880,16,,,1,14,,82851,16,,,1,18,,82884,16,,,1,71,,82844,16,,,1,14,,82888,16,,,1,15,,82843,16,,,1,48,,82878,16,,,1,17,,82874,16,,,1,7,,82887,11,,,1,6,,82861,16,,,1,13,,82845,16,,,1,6,,82889,11,,,1,6,,82846,16,,,1,52,,82854,16,,,1,9,,82881,16,,,1,12,,82870,16,,,1,11,,82857,16,,,1,9,,82879,16,,,1,52,,82865,16,,,1,12,,82877,16,,,1,9,,82847,16,,,1,10,,82852,16,,,1,71,,82872,16,,,1,30,,82863,16,,,1,70,,82868,16,,,1,29,,82856,16,,,1,70,,82864,16,,,1,30,,82869,16,,,1,70,,82876,16,,,1,30,,82853,16,,,1,70,,82871,16,,,1,29,,82860,16,,,1,70,,82848,16,,,1,29,,82855,16,,,1
5900,'Semaine-12',605,,82898,16,,,1,97,,82933,16,,,1,47,,82938,16,,,1,88,,82914,16,,,1,84,,82910,16,,,1,28,,82931,16,,,1,70,,82907,16,,,1,30,,82930,16,,,1,70,,82921,16,,,1,30,,82915,16,,,1,71,,82923,16,,,1,30,,82906,16,,,1,70,,82934,16,,,1,30,,82897,16,,,1,70,,82928,16,,,1,14,,82899,16,,,1,18,,82932,16,,,1,71,,82892,16,,,1,14,,82936,16,,,1,15,,82891,16,,,1,48,,82926,16,,,1,17,,82922,16,,,1,7,,82935,11,,,1,6,,82909,16,,,1,13,,82893,16,,,1,6,,82937,11,,,1,6,,82894,16,,,1,52,,82902,16,,,1,9,,82929,16,,,1,12,,82918,16,,,1,11,,82905,16,,,1,9,,82927,16,,,1,52,,82913,16,,,1,12,,82925,16,,,1,9,,82895,16,,,1,10,,82900,16,,,1,71,,82920,16,,,1,30,,82911,16,,,1,70,,82916,16,,,1,29,,82904,16,,,1,70,,82912,16,,,1,30,,82917,16,,,1,70,,82924,16,,,1,30,,82901,16,,,1,70,,82919,16,,,1,29,,82908,16,,,1,70,,82896,16,,,1,29,,82903,16,,,1
32900,'Semaine-1',810,,85907,8,0,7 8,1
32900,'Semaine-12',810,,85908,8,0,7 8,1
42900,'Semaine-1',710,,86765,1,0,9 14,1,2,,86766,1,0,9 14,2
42900,'Semaine-12',710,,86767,1,0,9 14,1,2,,86768,1,0,9 14,2
65500,'Semaine-1',718,,86863,9,0,9 10,1
65500,'Semaine-12',718,,86864,9,0,9 10,1
72900,'Semaine-1',1629,,86873,13,0,5 11,2
72900,'Semaine-12',1629,,86874,13,0,5 11,2
74000,'Semaine-1',1626,,86880,12,0,5 11,1
74000,'Semaine-12',1626,,86882,12,0,5 11,1
80001,'Samedi-1',627,,87007,18,,,1,101,,87009,18,,,1,101,,87010,18,,,1,100,,87013,18,,,1,100,,87008,18,,,1,100,,87011,18,,,1,102,,87014,18,,,1,100,,87012,18,,,1,100,,87015,18,,,1,100,,87016,18,,,1,100,,87017,18,,,2,102,,87018,18,,,1,97,,87021,18,,,1,99,,87019,18,,,1,100,,87020,18,,,1,100,,87022,18,,,1,99,,87023,18,,,1
80001,'Samedi-10',627,,79670,18,,,1,101,,79672,18,,,1,101,,79673,18,,,1,100,,79676,18,,,1,100,,79671,18,,,1,100,,79674,18,,,1,102,,79677,18,,,1,100,,79675,18,,,1,100,,79678,18,,,1,100,,79679,18,,,1,100,,79680,18,,,2,102,,79681,18,,,1,97,,79684,18,,,1,99,,79682,18,,,1,100,,79683,18,,,1,100,,79685,18,,,1,99,,79686,18,,,1
80001,'Dimanche-1',627,,87024,18,,,1,101,,87026,18,,,1,101,,87028,18,,,1,100,,87025,18,,,1,100,,87027,18,,,1,100,,87029,18,,,1,102,,87030,18,,,1,100,,87031,18,,,1,100,,87034,18,,,1,100,,87032,18,,,1,100,,87033,18,,,2,102,,87036,18,,,1,97,,87037,18,,,1,99,,87035,18,,,1,100,,87038,18,,,1,100,,87039,18,,,1,99,,87040,18,,,1
80001,'Semaine-1',619,,87062,18,,,1,28,,87055,18,,,1,72,,87063,18,,,1,30,,87047,18,,,1,75,,87045,18,,,1,28,,87052,18,,,1,66,,87058,18,,,1,30,,87070,18,,,1,70,,87061,18,,,2,30,,87053,18,,,1,70,,87067,18,,,1,30,,87041,18,,,1,70,,87075,18,,,1,29,,87073,18,,,1,74,,87043,18,,,1,30,,87066,18,,,1,70,,87057,18,,,1,30,,87064,18,,,1,73,,87074,18,,,1,29,,87059,18,,,1,57,,87069,18,,,1,22,,87071,18,,,1,24,,87068,18,,,1,67,,87060,18,,,1,30,,87050,18,,,1,68,,87048,18,,,1,28,,87042,18,,,1,69,,87072,18,,,1,32,,87054,18,,,1,67,,87051,18,,,1,30,,87056,18,,,1,69,,87044,18,,,1,30,,87065,18,,,1,74,,87046,18,,,1,31,,87049,18,,,1
80001,'Semaine-12',619,,87097,18,,,1,28,,87090,18,,,1,72,,87098,18,,,1,30,,87082,18,,,1,75,,87080,18,,,1,28,,87087,18,,,1,66,,87093,18,,,1,30,,87105,18,,,1,70,,87096,18,,,2,30,,87088,18,,,1,70,,87102,18,,,1,30,,87076,18,,,1,70,,87110,18,,,1,29,,87108,18,,,1,74,,87078,18,,,1,30,,87101,18,,,1,70,,87092,18,,,1,30,,87099,18,,,1,73,,87109,18,,,1,29,,87094,18,,,1,57,,87104,18,,,1,22,,87106,18,,,1,24,,87103,18,,,1,67,,87095,18,,,1,30,,87085,18,,,1,68,,87083,18,,,1,28,,87077,18,,,1,69,,87107,18,,,1,32,,87089,18,,,1,67,,87086,18,,,1,30,,87091,18,,,1,69,,87079,18,,,1,30,,87100,18,,,1,74,,87081,18,,,1,31,,87084,18,,,1
82900,'Semaine-1',1535,,87134,13,0,9 12 13,1
82900,'Semaine-12',1535,,87137,13,0,9 12 13,1
