6301,'Samedi-1',1126,,83247,7,,,1,100,,83248,7,,,1,100,,83249,7,,,1,100,,83250,7,,,1,100,,83251,7,,,1,100,,83252,7,,,1,100,,83253,7,,,1,100,,83254,7,,,1
6301,'Samedi-10',1126,,72338,7,,,1,100,,72339,7,,,1,100,,72340,7,,,1,100,,72341,7,,,1,100,,72342,7,,,1,100,,72343,7,,,1,100,,72344,7,,,1,100,,72345,7,,,1
6301,'Dimanche-1',1126,,83255,7,,,1,100,,83257,7,,,1,100,,83256,7,,,1,100,,83259,7,,,1,100,,83260,7,,,1,100,,83258,7,,,1,100,,83261,7,,,1,100,,83262,7,,,1
6301,'Semaine-1',552,,83264,7,,,1,70,,83263,7,,,1,30,,83266,7,,,1,70,,83268,7,,,1,32,,83269,7,,,1,68,,83267,7,,,2,100,,83265,7,,,1,100,,83270,7,,,1,100,,83271,7,,,1,100,,83275,7,,,1,100,,83276,7,,,1,100,,83277,7,,,2,101,,83273,7,,,1,31,,83272,7,,,1,70,,83274,7,,,1,30,,83278,7,,,2,70,,83282,7,,,1,30,,83283,7,,,1,69,,83284,7,,,1,100,,83279,7,,,1,100,,83281,7,,,1,100,,83280,7,,,1
6301,'Semaine-12',552,,83286,7,,,1,70,,83285,7,,,1,30,,83288,7,,,1,70,,83290,7,,,1,32,,83291,7,,,1,68,,83289,7,,,2,100,,83287,7,,,1,100,,83292,7,,,1,100,,83293,7,,,1,100,,83297,7,,,1,100,,83298,7,,,1,100,,83299,7,,,2,101,,83295,7,,,1,31,,83294,7,,,1,70,,83296,7,,,1,30,,83300,7,,,2,70,,83304,7,,,1,30,,83305,7,,,1,69,,83306,7,,,1,100,,83301,7,,,1,100,,83303,7,,,1,100,,83302,7,,,1
6701,'Samedi-1',634,,83967,14,,,1,101,,83973,14,,,1,100,,83969,14,,,1,101,,83968,14,,,1,70,,83971,14,,,1,30,,83976,14,,,1,70,,83977,14,,,1,30,,83970,14,,,1,70,,83972,14,,,1,30,,83975,14,,,1,70,,83978,14,,,1,30,,83979,14,,,1,70,,83974,14,,,1,30,,83980,14,,,1,70,,83981,14,,,1,30,,83982,14,,,1,70,,83983,14,,,1,30,,83984,14,,,1,71,,83985,14,,,1,29,,83986,14,,,1,70,,83987,14,,,1,29,,83988,14,,,1,70,,83989,14,,,1,100,,83990,14,,,1,100,,83991,14,,,1,100,,83993,14,,,1,100,,83992,14,,,1
6701,'Samedi-10',634,,73821,14,,,1,101,,73827,14,,,1,100,,73823,14,,,1,101,,73822,14,,,1,70,,73825,14,,,1,30,,73830,14,,,1,70,,73831,14,,,1,30,,73824,14,,,1,70,,73826,14,,,1,30,,73829,14,,,1,70,,73832,14,,,1,30,,73833,14,,,1,70,,73828,14,,,1,30,,73834,14,,,1,70,,73835,14,,,1,30,,73836,14,,,1,70,,73837,14,,,1,30,,73838,14,,,1,71,,73839,14,,,1,29,,73840,14,,,1,70,,73841,14,,,1,29,,73842,14,,,1,70,,73843,14,,,1,100,,73844,14,,,1,100,,73845,14,,,1,100,,73847,14,,,1,100,,73846,14,,,1
6701,'Dimanche-1',634,,83994,14,,,1,101,,83997,14,,,1,100,,83999,14,,,1,101,,84002,14,,,1,70,,84008,14,,,1,30,,83996,14,,,1,70,,84009,14,,,1,30,,84000,14,,,1,70,,84003,14,,,1,30,,84001,14,,,1,70,,83995,14,,,1,30,,84005,14,,,1,70,,84006,14,,,1,30,,83998,14,,,1,70,,84004,14,,,1,30,,84011,14,,,1,70,,84007,14,,,1,30,,84014,14,,,1,71,,84015,14,,,1,29,,84012,14,,,1,70,,84017,14,,,1,29,,84010,14,,,1,70,,84016,14,,,1,100,,84013,14,,,1,100,,84018,14,,,1,100,,84019,14,,,1,100,,84020,14,,,1
6701,'Semaine-1',911,,84041,14,,,1,20,,84030,14,,,1,20,,84048,14,,,1,60,,84034,14,,,1,20,,84028,14,,,1,20,,84049,14,,,1,60,,84042,14,,,1,20,,84031,14,,,1,20,,84050,14,,,1,60,,84035,14,,,1,20,,84038,14,,,1,20,,84051,14,,,1,60,,84037,14,,,1,20,,84032,14,,,1,20,,84052,14,,,1,60,,84043,14,,,1,20,,84045,14,,,1,20,,84047,14,,,1,60,,84039,14,,,1,32,,84023,14,,,1,70,,84046,14,,,1,29,,84026,14,,,1,70,,84044,14,,,1,30,,84040,14,,,1,69,,84033,14,,,1,30,,84021,14,,,1,69,,84036,14,,,1,30,,84024,14,,,2,70,,84053,14,,,2,30,,84022,14,,,1,70,,84055,14,,,1,30,,84025,14,,,2,70,,84056,14,,,1,29,,84027,14,,,1,70,,84054,14,,,1,30,,84029,14,,,2
6701,'Semaine-12',911,,84077,14,,,1,20,,84066,14,,,1,20,,84084,14,,,1,60,,84070,14,,,1,20,,84064,14,,,1,20,,84085,14,,,1,60,,84078,14,,,1,20,,84067,14,,,1,20,,84086,14,,,1,60,,84071,14,,,1,20,,84074,14,,,1,20,,84087,14,,,1,60,,84073,14,,,1,20,,84068,14,,,1,20,,84088,14,,,1,60,,84079,14,,,1,20,,84081,14,,,1,20,,84083,14,,,1,60,,84075,14,,,1,32,,84059,14,,,1,70,,84082,14,,,1,29,,84062,14,,,1,70,,84080,14,,,1,30,,84076,14,,,1,69,,84069,14,,,1,30,,84057,14,,,1,69,,84072,14,,,1,30,,84060,14,,,2,70,,84089,14,,,2,30,,84058,14,,,1,70,,84091,14,,,1,30,,84061,14,,,2,70,,84092,14,,,1,29,,84063,14,,,1,70,,84090,14,,,1,30,,84065,14,,,2
8701,'Semaine-1',518,,85481,14,,,1,30,,85474,14,,,1,69,,85479,14,,,1,19,,85477,14,,,1,13,,85475,14,,,1,56,,85484,14,,,1,17,,85480,14,,,1,15,,85476,14,,,1,16,,85483,14,,,1,58,,85482,14,,,2,20,,85478,14,,,1,20,,85473,14,,,1
8701,'Semaine-12',518,,85493,14,,,1,30,,85486,14,,,1,69,,85491,14,,,1,19,,85489,14,,,1,13,,85487,14,,,1,56,,85496,14,,,1,17,,85492,14,,,1,15,,85488,14,,,1,16,,85495,14,,,1,58,,85494,14,,,2,20,,85490,14,,,1,20,,85485,14,,,1
