2601,'Semaine-1',608,,80028,27,,,1,31,,80030,27,,,2,70,,80031,27,,,2,30,,80029,27,,,1,69,,80027,27,,,2
2601,'Semaine-12',608,,80033,27,,,1,31,,80035,27,,,2,70,,80036,27,,,2,30,,80034,27,,,1,69,,80032,27,,,2
2801,'Semaine-1',703,,80062,37,,,1,34,,80063,37,,,2,99,,80061,37,,,2
2801,'Semaine-12',703,,80065,37,,,1,34,,80066,37,,,2,99,,80064,37,,,2
2901,'Semaine-1',721,,80077,13,,,2,30,,80080,13,,,1,69,,80078,13,,,1,33,,80079,13,,,2
2901,'Semaine-12',721,,80081,13,,,2,30,,80084,13,,,1,69,,80082,13,,,1,33,,80083,13,,,2
3201,'Semaine-1',524,,80478,25,,,1,20,,80477,25,,,1,60,,80469,25,,,1,21,,80479,25,,,2,10,,80459,25,,,1,8,,80480,25,,,1,11,,80460,25,,,1,50,,80461,25,,,1,8,,80453,25,,,1,11,,80456,25,,,1,8,,80482,25,,,1,8,,80462,25,,,1,8,,80457,25,,,1,9,,80470,25,,,1,48,,80452,25,,,1,8,,80463,25,,,1,8,,80481,25,,,2,8,,80451,25,,,1,10,,80450,25,,,1,10,,80455,25,,,1,8,,80458,25,,,1,50,,80464,25,,,1,22,,80438,25,,,2,30,,80448,25,,,1,70,,80441,25,,,1,30,,80444,25,,,1,69,,80437,25,,,1,31,,80447,25,,,1,70,,80442,25,,,1,30,,80449,25,,,1,70,,80431,25,,,1,29,,80436,25,,,1,70,,80443,25,,,1,31,,80454,25,,,1,71,,80471,25,,,1,71,,80472,25,,,2,29,,80473,25,,,1,30,,80474,25,,,1,69,,80475,25,,,2,30,,80476,25,,,1,70,,80434,25,,,1,29,,80432,25,,,2,70,,80445,25,,,2,30,,80440,25,,,1,69,,80435,25,,,1,31,,80433,25,,,2,70,,80446,25,,,1,28,,80439,25,,,1,68,,80466,25,,,1,32,,80465,25,,,1,69,,80467,25,,,1,30,,80468,25,,,1
3201,'Semaine-12',524,,80530,25,,,1,20,,80529,25,,,1,60,,80521,25,,,1,21,,80531,25,,,2,10,,80511,25,,,1,8,,80532,25,,,1,11,,80512,25,,,1,50,,80513,25,,,1,8,,80505,25,,,1,11,,80508,25,,,1,8,,80534,25,,,1,8,,80514,25,,,1,8,,80509,25,,,1,9,,80522,25,,,1,48,,80504,25,,,1,8,,80515,25,,,1,8,,80533,25,,,2,8,,80503,25,,,1,10,,80502,25,,,1,10,,80507,25,,,1,8,,80510,25,,,1,50,,80516,25,,,1,22,,80490,25,,,2,30,,80500,25,,,1,70,,80493,25,,,1,30,,80496,25,,,1,69,,80489,25,,,1,31,,80499,25,,,1,70,,80494,25,,,1,30,,80501,25,,,1,70,,80483,25,,,1,29,,80488,25,,,1,70,,80495,25,,,1,31,,80506,25,,,1,71,,80523,25,,,1,71,,80524,25,,,2,29,,80525,25,,,1,30,,80526,25,,,1,69,,80527,25,,,2,30,,80528,25,,,1,70,,80486,25,,,1,29,,80484,25,,,2,70,,80497,25,,,2,30,,80492,25,,,1,69,,80487,25,,,1,31,,80485,25,,,2,70,,80498,25,,,1,28,,80491,25,,,1,68,,80518,25,,,1,32,,80517,25,,,1,69,,80519,25,,,1,30,,80520,25,,,1
3401,'Samedi-1',715,,80905,46,,,1,100,,80908,46,,,1,30,,80917,46,,,1,70,,80906,46,,,1,33,,80911,46,,,1,70,,80913,46,,,1,28,,80907,46,,,1,70,,80916,46,,,1,33,,80909,46,,,1,69,,80918,46,,,1,31,,80910,46,,,1,70,,80912,46,,,1,30,,80914,46,,,1,70,,80915,46,,,1,30,,80919,46,,,1,71,,80920,46,,,1,30,,80921,46,,,1,70,,80922,46,,,1,30,,80923,46,,,1,68,,80924,46,,,1,30,,80925,46,,,1,69,,80926,46,,,1,30,,80927,46,,,1,70,,80929,46,,,1,28,,80928,46,,,1,70,,80930,46,,,1,30,,80931,46,,,1,70,,80932,46,,,1,30,,80934,46,,,1,70,,80933,46,,,1,30,,80935,46,,,1,95,,80936,46,,,1
3401,'Samedi-10',715,,67667,46,,,1,100,,67670,46,,,1,30,,67679,46,,,1,70,,67668,46,,,1,33,,67673,46,,,1,70,,67675,46,,,1,28,,67669,46,,,1,70,,67678,46,,,1,33,,67671,46,,,1,69,,67680,46,,,1,31,,67672,46,,,1,70,,67674,46,,,1,30,,67676,46,,,1,70,,67677,46,,,1,30,,67681,46,,,1,71,,67682,46,,,1,30,,67683,46,,,1,70,,67684,46,,,1,30,,67685,46,,,1,68,,67686,46,,,1,30,,67687,46,,,1,69,,67688,46,,,1,30,,67689,46,,,1,70,,67691,46,,,1,28,,67690,46,,,1,70,,67692,46,,,1,30,,67693,46,,,1,70,,67694,46,,,1,30,,67696,46,,,1,70,,67695,46,,,1,30,,67697,46,,,1,95,,67698,46,,,1
3401,'Dimanche-1',715,,80937,46,,,1,100,,80945,46,,,1,30,,80950,46,,,1,70,,80942,46,,,1,33,,80940,46,,,1,70,,80963,46,,,1,28,,80944,46,,,1,70,,80949,46,,,1,33,,80939,46,,,1,69,,80938,46,,,1,31,,80941,46,,,1,70,,80948,46,,,1,30,,80951,46,,,1,70,,80943,46,,,1,30,,80947,46,,,1,71,,80946,46,,,1,30,,80952,46,,,1,70,,80956,46,,,1,30,,80953,46,,,1,68,,80954,46,,,1,30,,80955,46,,,1,69,,80962,46,,,1,30,,80957,46,,,1,70,,80960,46,,,1,28,,80958,46,,,1,70,,80959,46,,,1,30,,80961,46,,,1,70,,80964,46,,,1,30,,80966,46,,,1,70,,80965,46,,,1,30,,80967,46,,,1,95,,80968,46,,,1
3401,'Semaine-1',922,,80994,46,,,1,30,,80974,46,,,2,70,,80978,46,,,1,30,,80998,46,,,1,70,,80971,46,,,1,30,,80975,46,,,1,70,,80979,46,,,1,30,,80969,46,,,1,70,,80972,46,,,1,30,,80976,46,,,1,70,,80980,46,,,2,31,,80973,46,,,1,70,,80995,46,,,1,31,,80970,46,,,1,75,,80996,46,,,1,27,,80997,46,,,1,69,,80991,46,,,1,27,,80987,46,,,1,70,,80977,46,,,1,29,,80984,46,,,1,69,,80993,46,,,1,30,,80981,46,,,1,70,,80983,46,,,1,30,,80985,46,,,1,70,,80989,46,,,2,30,,80982,46,,,1,70,,80988,46,,,1,29,,80986,46,,,1,70,,80990,46,,,1,30,,80992,46,,,1
3401,'Semaine-12',922,,81024,46,,,1,30,,81004,46,,,2,70,,81008,46,,,1,30,,81028,46,,,1,70,,81001,46,,,1,30,,81005,46,,,1,70,,81009,46,,,1,30,,80999,46,,,1,70,,81002,46,,,1,30,,81006,46,,,1,70,,81010,46,,,2,31,,81003,46,,,1,70,,81025,46,,,1,31,,81000,46,,,1,75,,81026,46,,,1,27,,81027,46,,,1,69,,81021,46,,,1,27,,81017,46,,,1,70,,81007,46,,,1,29,,81014,46,,,1,69,,81023,46,,,1,30,,81011,46,,,1,70,,81013,46,,,1,30,,81015,46,,,1,70,,81019,46,,,2,30,,81012,46,,,1,70,,81018,46,,,1,29,,81016,46,,,1,70,,81020,46,,,1,30,,81022,46,,,1
4001,'Semaine-1',627,,81922,45,,,1,30,,81921,45,,,1,73,,81924,45,,,1,74,,81920,45,,,2,26,,81919,45,,,1,27,,81923,45,,,1
4001,'Semaine-12',627,,81928,45,,,1,30,,81927,45,,,1,73,,81930,45,,,1,74,,81926,45,,,2,26,,81925,45,,,1,27,,81929,45,,,1
4101,'Semaine-1',649,,81943,36,,,1,73,,81944,36,,,1,36,,81945,36,,,1,66,,81942,36,,,2,28,,81941,36,,,1
4101,'Semaine-12',649,,81948,36,,,1,73,,81949,36,,,1,36,,81950,36,,,1,66,,81947,36,,,2,28,,81946,36,,,1
4501,'Semaine-1',616,,81972,39,,,1,30,,81971,39,,,1,73,,81975,39,,,2,30,,81974,39,,,1,72,,81973,39,,,1,29,,81976,39,,,1
4501,'Semaine-12',616,,81978,39,,,1,30,,81977,39,,,1,73,,81981,39,,,2,30,,81980,39,,,1,72,,81979,39,,,1,29,,81982,39,,,1
4701,'Semaine-1',628,,81991,32,,,2,87,,81990,32,,,1,89,,81989,32,,,1,27,,81992,32,,,1
4701,'Semaine-12',628,,81995,32,,,2,87,,81994,32,,,1,89,,81993,32,,,1,27,,81996,32,,,1
5501,'Samedi-1',712,,82555,44,,,1,30,,82558,44,,,1,71,,82557,44,,,1,30,,82567,44,,,1,69,,82556,44,,,1,30,,82559,44,,,1,71,,82560,44,,,1,29,,82566,44,,,1,71,,82562,44,,,1,30,,82563,44,,,1,70,,82561,44,,,1,30,,82569,44,,,1,70,,82568,44,,,1,30,,82564,44,,,1,70,,82565,44,,,1,32,,82570,44,,,1,68,,82571,44,,,1,32,,82572,44,,,1,68,,82573,44,,,1,32,,82574,44,,,1,68,,82575,44,,,1,32,,82576,44,,,1,68,,82577,44,,,1,30,,82578,44,,,1,70,,82579,44,,,1,30,,82580,44,,,1,70,,82581,44,,,1,29,,82582,44,,,1,70,,82583,44,,,1,30,,82585,44,,,1,69,,82584,44,,,1,30,,82587,44,,,1,70,,82586,44,,,1
5501,'Samedi-10',712,,71004,44,,,1,30,,71007,44,,,1,71,,71006,44,,,1,30,,71016,44,,,1,69,,71005,44,,,1,30,,71008,44,,,1,71,,71009,44,,,1,29,,71015,44,,,1,71,,71011,44,,,1,30,,71012,44,,,1,70,,71010,44,,,1,30,,71018,44,,,1,70,,71017,44,,,1,30,,71013,44,,,1,70,,71014,44,,,1,32,,71019,44,,,1,68,,71020,44,,,1,32,,71021,44,,,1,68,,71022,44,,,1,32,,71023,44,,,1,68,,71024,44,,,1,32,,71025,44,,,1,68,,71026,44,,,1,30,,71027,44,,,1,70,,71028,44,,,1,30,,71029,44,,,1,70,,71030,44,,,1,29,,71031,44,,,1,70,,71032,44,,,1,30,,71034,44,,,1,69,,71033,44,,,1,30,,71036,44,,,1,70,,71035,44,,,1
5501,'Dimanche-1',712,,82589,44,,,1,30,,82593,44,,,1,71,,82591,44,,,1,30,,82596,44,,,1,69,,82598,44,,,1,30,,82592,44,,,1,71,,82588,44,,,1,29,,82602,44,,,1,71,,82597,44,,,1,30,,82604,44,,,1,70,,82595,44,,,1,30,,82594,44,,,1,70,,82600,44,,,1,30,,82590,44,,,1,70,,82599,44,,,1,32,,82603,44,,,1,68,,82608,44,,,1,32,,82601,44,,,1,68,,82607,44,,,1,32,,82610,44,,,1,68,,82605,44,,,1,32,,82606,44,,,1,68,,82612,44,,,1,30,,82614,44,,,1,70,,82611,44,,,1,30,,82609,44,,,1,70,,82613,44,,,1,29,,82615,44,,,1,70,,82616,44,,,1,30,,82617,44,,,1,69,,82618,44,,,1,30,,82619,44,,,1,70,,82620,44,,,1
5501,'Semaine-1',530,,82634,44,,,1,14,,82641,44,,,1,14,,82640,43,,,1,58,,82624,43,,,1,15,,82662,43,,,1,22,,82661,43,,,1,48,,82621,43,,,1,14,,82666,43,,,1,15,,82647,43,,,1,15,,82655,43,,,1,56,,82625,43,,,1,8,,82629,43,,,1,12,,82627,43,,,1,9,,82656,43,,,1,4,,82658,43,,,1,14,,82635,43,,,1,68,,82639,43,,,1,12,,82626,43,,,1,11,,82660,43,,,1,69,,82653,44,,,1,23,,82665,11,,,1,8,,82657,44,,,1,69,,82623,44,,,1,29,,82630,44,,,1,70,,82643,44,,,1,30,,82654,44,,,1,70,,82650,44,,,1,30,,82631,44,,,1,70,,82663,44,,,1,31,,82622,44,,,1,72,,82628,44,,,1,49,,82632,44,,,1,100,,82637,44,,,1,100,,82642,44,,,1,99,,82659,44,,,1,60,,82648,44,,,1,30,,82636,44,,,1,70,,82652,44,,,1,30,,82645,44,,,1,70,,82664,44,,,1,30,,82638,44,,,1,69,,82644,44,,,1,31,,82646,44,,,1,70,,82633,44,,,1,28,,82651,44,,,1,70,,82649,44,,,1
5501,'Semaine-12',530,,82680,44,,,1,14,,82687,44,,,1,14,,82686,43,,,1,58,,82670,43,,,1,15,,82708,43,,,1,22,,82707,43,,,1,48,,82667,43,,,1,14,,82712,43,,,1,15,,82693,43,,,1,15,,82701,43,,,1,56,,82671,43,,,1,8,,82675,43,,,1,12,,82673,43,,,1,9,,82702,43,,,1,4,,82704,43,,,1,14,,82681,43,,,1,68,,82685,43,,,1,12,,82672,43,,,1,11,,82706,43,,,1,69,,82699,44,,,1,23,,82711,11,,,1,8,,82703,44,,,1,69,,82669,44,,,1,29,,82676,44,,,1,70,,82689,44,,,1,30,,82700,44,,,1,70,,82696,44,,,1,30,,82677,44,,,1,70,,82709,44,,,1,31,,82668,44,,,1,72,,82674,44,,,1,49,,82678,44,,,1,100,,82683,44,,,1,100,,82688,44,,,1,99,,82705,44,,,1,60,,82694,44,,,1,30,,82682,44,,,1,70,,82698,44,,,1,30,,82691,44,,,1,70,,82710,44,,,1,30,,82684,44,,,1,69,,82690,44,,,1,31,,82692,44,,,1,70,,82679,44,,,1,28,,82697,44,,,1,70,,82695,44,,,1
5901,'Samedi-1',726,,82939,33,,,1,30,,82946,33,,,1,70,,82943,33,,,1,30,,82948,33,,,1,70,,82940,33,,,1,30,,82945,33,,,1,71,,82944,33,,,1,30,,82947,33,,,1,70,,82951,33,,,1,31,,82952,33,,,1,70,,82941,33,,,1,30,,82942,33,,,1,70,,82950,33,,,1,30,,82949,33,,,1,70,,82953,33,,,1,29,,82954,33,,,1,70,,82955,33,,,1,30,,82956,33,,,1,70,,82957,33,,,1,30,,82958,33,,,1,70,,82959,33,,,1,30,,82960,33,,,1,70,,82961,33,,,1,30,,82962,33,,,1,71,,82963,33,,,1,30,,82965,33,,,1,70,,82964,33,,,1,28,,82966,33,,,1,70,,82967,33,,,1,30,,82968,33,,,1,70,,82970,33,,,1,30,,82969,33,,,1
5901,'Samedi-10',726,,71780,33,,,1,30,,71787,33,,,1,70,,71784,33,,,1,30,,71789,33,,,1,70,,71781,33,,,1,30,,71786,33,,,1,71,,71785,33,,,1,30,,71788,33,,,1,70,,71792,33,,,1,31,,71793,33,,,1,70,,71782,33,,,1,30,,71783,33,,,1,70,,71791,33,,,1,30,,71790,33,,,1,70,,71794,33,,,1,29,,71795,33,,,1,70,,71796,33,,,1,30,,71797,33,,,1,70,,71798,33,,,1,30,,71799,33,,,1,70,,71800,33,,,1,30,,71801,33,,,1,70,,71802,33,,,1,30,,71803,33,,,1,71,,71804,33,,,1,30,,71806,33,,,1,70,,71805,33,,,1,28,,71807,33,,,1,70,,71808,33,,,1,30,,71809,33,,,1,70,,71811,33,,,1,30,,71810,33,,,1
5901,'Dimanche-1',726,,82971,33,,,1,30,,82983,33,,,1,70,,82977,33,,,1,30,,82978,33,,,1,70,,82985,33,,,1,30,,82982,33,,,1,71,,82987,33,,,1,30,,82974,33,,,1,70,,82986,33,,,1,31,,82972,33,,,1,70,,82981,33,,,1,30,,82973,33,,,1,70,,82976,33,,,1,30,,82979,33,,,1,70,,82980,33,,,1,29,,82988,33,,,1,70,,82975,33,,,1,30,,82991,33,,,1,70,,82984,33,,,1,30,,82993,33,,,1,70,,82994,33,,,1,30,,82990,33,,,1,70,,82995,33,,,1,30,,82992,33,,,1,71,,82996,33,,,1,30,,82989,33,,,1,70,,82997,33,,,1,28,,82998,33,,,1,70,,82999,33,,,1,30,,83000,33,,,1,70,,83001,33,,,1,30,,83002,33,,,1
5901,'Semaine-1',525,,83007,33,,,1,15,,83043,33,,,1,15,,83016,33,,,1,55,,83037,32,,,1,16,,83017,32,,,1,14,,83006,32,,,1,13,,83008,32,,,1,55,,83011,32,,,1,10,,83046,10,,,1,8,,83014,32,,,1,7,,83047,10,,,1,8,,83015,32,,,1,7,,83048,10,,,1,11,,83010,32,,,1,47,,83004,10,,,1,5,,83039,32,,,1,19,,83025,32,,,1,12,,83030,32,,,1,13,,83020,32,,,1,55,,83005,32,,,1,16,,83023,32,,,1,27,,83049,32,,,1,70,,83044,33,,,1,30,,83031,33,,,1,70,,83013,33,,,1,30,,83024,33,,,1,70,,83027,33,,,1,30,,83012,33,,,1,70,,83041,33,,,1,30,,83003,33,,,1,70,,83045,33,,,1,30,,83035,33,,,1,76,,83038,33,,,1,100,,83042,33,,,1,100,,83022,33,,,1,99,,83029,33,,,1,75,,83034,33,,,1,30,,83021,33,,,1,70,,83028,33,,,1,30,,83033,33,,,1,70,,83040,33,,,1,30,,83018,33,,,1,70,,83036,33,,,1,29,,83026,33,,,1,70,,83009,33,,,1,30,,83019,33,,,1,70,,83032,33,,,1
5901,'Semaine-12',525,,83054,33,,,1,15,,83090,33,,,1,15,,83063,33,,,1,55,,83084,32,,,1,16,,83064,32,,,1,14,,83053,32,,,1,13,,83055,32,,,1,55,,83058,32,,,1,10,,83093,10,,,1,8,,83061,32,,,1,7,,83094,10,,,1,8,,83062,32,,,1,7,,83095,10,,,1,11,,83057,32,,,1,47,,83051,10,,,1,5,,83086,32,,,1,19,,83072,32,,,1,12,,83077,32,,,1,13,,83067,32,,,1,55,,83052,32,,,1,16,,83070,32,,,1,27,,83096,32,,,1,70,,83091,33,,,1,30,,83078,33,,,1,70,,83060,33,,,1,30,,83071,33,,,1,70,,83074,33,,,1,30,,83059,33,,,1,70,,83088,33,,,1,30,,83050,33,,,1,70,,83092,33,,,1,30,,83082,33,,,1,76,,83085,33,,,1,100,,83089,33,,,1,100,,83069,33,,,1,99,,83076,33,,,1,75,,83081,33,,,1,30,,83068,33,,,1,70,,83075,33,,,1,30,,83080,33,,,1,70,,83087,33,,,1,30,,83065,33,,,1,70,,83083,33,,,1,29,,83073,33,,,1,70,,83056,33,,,1,30,,83066,33,,,1,70,,83079,33,,,1
32901,'Semaine-1',1654,,85909,39,0,7 8,1
32901,'Semaine-12',1654,,85910,39,0,7 8,1
42901,'Semaine-1',1517,,86769,21,0,9 14,1
42901,'Semaine-12',1517,,86770,21,0,9 14,1
65501,'Semaine-1',1524,,86865,32,0,9 10,1
65501,'Semaine-12',1524,,86866,32,0,9 10,1
72901,'Semaine-1',821,,86875,25,0,5 11,2
72901,'Semaine-12',821,,86876,25,0,5 11,2
74001,'Semaine-1',831,,86883,46,0,5 11,2,2,,86884,46,0,5 11,1
74001,'Semaine-12',831,,86885,46,0,5 11,2,2,,86886,46,0,5 11,1
80000,'Samedi-1',731,,86901,37,,,1,103,,86902,37,,,1,98,,86903,37,,,1,101,,86905,37,,,1,100,,86906,37,,,1,100,,86904,37,,,1,100,,86907,37,,,1,100,,86908,37,,,1,100,,86909,37,,,1,100,,86910,37,,,1,99,,86911,37,,,2,100,,86912,37,,,1,100,,86915,37,,,1,99,,86913,37,,,1,100,,86914,37,,,1,98,,86916,37,,,1,100,,86917,37,,,1
80000,'Samedi-10',731,,79460,37,,,1,103,,79461,37,,,1,98,,79462,37,,,1,101,,79464,37,,,1,100,,79465,37,,,1,100,,79463,37,,,1,100,,79466,37,,,1,100,,79467,37,,,1,100,,79468,37,,,1,100,,79469,37,,,1,99,,79470,37,,,2,100,,79471,37,,,1,100,,79474,37,,,1,99,,79472,37,,,1,100,,79473,37,,,1,98,,79475,37,,,1,100,,79476,37,,,1
80000,'Dimanche-1',731,,86920,37,,,1,103,,86919,37,,,1,98,,86925,37,,,1,101,,86918,37,,,1,100,,86922,37,,,1,100,,86921,37,,,1,100,,86923,37,,,1,100,,86924,37,,,1,100,,86928,37,,,1,100,,86926,37,,,1,99,,86927,37,,,2,100,,86931,37,,,1,100,,86930,37,,,1,99,,86929,37,,,1,100,,86932,37,,,1,98,,86933,37,,,1,100,,86934,37,,,1
80000,'Semaine-1',607,,86967,36,,,1,32,,86953,36,,,1,71,,86943,36,,,1,15,,86942,36,,,1,16,,86963,36,,,1,70,,86954,36,,,1,18,,86940,36,,,1,29,,86959,36,,,1,70,,86944,37,,,1,30,,86961,37,,,1,70,,86956,37,,,1,29,,86970,37,,,1,70,,86937,37,,,1,30,,86958,37,,,1,70,,86948,37,,,1,31,,86964,37,,,1,69,,86957,37,,,1,30,,86968,37,,,1,71,,86947,37,,,1,29,,86962,37,,,1,74,,86960,37,,,1,70,,86949,37,,,1,32,,86965,37,,,1,68,,86938,37,,,1,30,,86955,37,,,1,70,,86952,37,,,1,28,,86966,37,,,1,29,,86951,37,,,1,71,,86945,37,,,1,28,,86939,37,,,1,71,,86969,37,,,1,28,,86950,37,,,1,68,,86946,37,,,1,30,,86936,37,,,1,69,,86941,37,,,1,30,,86935,37,,,1
80000,'Semaine-12',607,,87003,36,,,1,32,,86989,36,,,1,71,,86979,36,,,1,15,,86978,36,,,1,16,,86999,36,,,1,70,,86990,36,,,1,18,,86976,36,,,1,29,,86995,36,,,1,70,,86980,37,,,1,30,,86997,37,,,1,70,,86992,37,,,1,29,,87006,37,,,1,70,,86973,37,,,1,30,,86994,37,,,1,70,,86984,37,,,1,31,,87000,37,,,1,69,,86993,37,,,1,30,,87004,37,,,1,71,,86983,37,,,1,29,,86998,37,,,1,74,,86996,37,,,1,70,,86985,37,,,1,32,,87001,37,,,1,68,,86974,37,,,1,30,,86991,37,,,1,70,,86988,37,,,1,28,,87002,37,,,1,29,,86987,37,,,1,71,,86981,37,,,1,28,,86975,37,,,1,71,,87005,37,,,1,28,,86986,37,,,1,68,,86982,37,,,1,30,,86972,37,,,1,69,,86977,37,,,1,30,,86971,37,,,1
82901,'Semaine-1',757,,87138,13,0,9 12 13,1,1,,87139,13,0,9 12 13,1,1,,87140,13,0,9 12 13,2
82901,'Semaine-12',757,,87141,13,0,9 12 13,1,1,,87142,13,0,9 12 13,1,1,,87143,13,0,9 12 13,2
