6400,'Samedi-1',733,,83307,2,,,1,100,,83309,2,,,1,100,,83312,2,,,1,100,,83310,2,,,1,100,,83313,2,,,1,100,,83308,2,,,1,100,,83311,2,,,1,100,,83314,2,,,1,100,,83315,2,,,1,100,,83316,2,,,1,100,,83317,2,,,1,100,,83318,2,,,1
6400,'Samedi-10',733,,72456,2,,,1,100,,72458,2,,,1,100,,72461,2,,,1,100,,72459,2,,,1,100,,72462,2,,,1,100,,72457,2,,,1,100,,72460,2,,,1,100,,72463,2,,,1,100,,72464,2,,,1,100,,72465,2,,,1,100,,72466,2,,,1,100,,72467,2,,,1
6400,'Dimanche-1',733,,83320,2,,,1,100,,83321,2,,,1,100,,83326,2,,,1,100,,83324,2,,,1,100,,83319,2,,,1,100,,83322,2,,,1,100,,83323,2,,,1,100,,83327,2,,,1,100,,83325,2,,,1,100,,83329,2,,,1,100,,83330,2,,,1,100,,83328,2,,,1
6400,'Semaine-1',643,,83339,2,,,1,74,,83336,2,,,1,30,,83331,2,,,1,70,,83335,2,,,1,100,,83337,2,,,1,100,,83342,2,,,1,100,,83341,2,,,1,100,,83334,2,,,1,100,,83347,2,,,1,100,,83343,2,,,1,95,,83344,2,,,1,45,,83349,2,,,1,87,,83348,2,,,1,103,,83345,2,,,1,95,,83346,2,,,1,100,,83338,2,,,2,100,,83332,2,,,2,100,,83340,2,,,1,100,,83333,2,,,1
6400,'Semaine-12',643,,83358,2,,,1,74,,83355,2,,,1,30,,83350,2,,,1,70,,83354,2,,,1,100,,83356,2,,,1,100,,83361,2,,,1,100,,83360,2,,,1,100,,83353,2,,,1,100,,83366,2,,,1,100,,83362,2,,,1,95,,83363,2,,,1,45,,83368,2,,,1,87,,83367,2,,,1,103,,83364,2,,,1,95,,83365,2,,,1,100,,83357,2,,,2,100,,83351,2,,,2,100,,83359,2,,,1,100,,83352,2,,,1
6600,'Samedi-1',712,,83633,2,,,1,100,,83636,2,,,1,100,,83634,2,,,1,100,,83637,2,,,1,100,,83631,2,,,1,100,,83632,2,,,1,100,,83635,2,,,1,100,,83638,2,,,1,100,,83639,2,,,1,100,,83640,2,,,1,100,,83641,2,,,1,100,,83642,2,,,1,100,,83644,2,,,1,100,,83643,2,,,1,100,,83645,2,,,1,100,,83646,2,,,1,100,,83647,2,,,1
6600,'Samedi-10',712,,73120,2,,,1,100,,73123,2,,,1,100,,73121,2,,,1,100,,73124,2,,,1,100,,73118,2,,,1,100,,73119,2,,,1,100,,73122,2,,,1,100,,73125,2,,,1,100,,73126,2,,,1,100,,73127,2,,,1,100,,73128,2,,,1,100,,73129,2,,,1,100,,73131,2,,,1,100,,73130,2,,,1,100,,73132,2,,,1,100,,73133,2,,,1,100,,73134,2,,,1
6600,'Dimanche-1',712,,83652,2,,,1,100,,83653,2,,,1,100,,83654,2,,,1,100,,83648,2,,,1,100,,83649,2,,,1,100,,83650,2,,,1,100,,83651,2,,,1,100,,83656,2,,,1,100,,83655,2,,,1,100,,83659,2,,,1,100,,83657,2,,,1,100,,83661,2,,,1,100,,83658,2,,,1,100,,83660,2,,,1,100,,83662,2,,,1,100,,83663,2,,,1,100,,83664,2,,,1
6600,'Semaine-1',558,,83675,2,,,2,60,,83681,2,,,2,20,,83676,2,,,1,63,,83668,2,,,2,19,,83680,2,,,1,19,,83673,2,,,1,61,,83687,2,,,1,18,,83667,2,,,1,18,,83678,2,,,1,20,,83688,2,,,1,100,,83677,2,,,1,100,,83669,2,,,1,100,,83692,2,,,1,100,,83693,2,,,1,101,,83679,2,,,2,100,,83689,2,,,1,63,,83682,2,,,1,22,,83665,2,,,1,60,,83684,2,,,1,18,,83690,2,,,1,20,,83695,2,,,1,19,,83666,2,,,2,64,,83685,2,,,2,20,,83683,2,,,1,58,,83671,2,,,1,22,,83691,2,,,2,94,,83672,2,,,2,100,,83670,2,,,1,99,,83674,2,,,1,100,,83686,2,,,1,100,,83694,2,,,1
6600,'Semaine-12',558,,83706,2,,,2,60,,83712,2,,,2,20,,83707,2,,,1,63,,83699,2,,,2,19,,83711,2,,,1,19,,83704,2,,,1,61,,83718,2,,,1,18,,83698,2,,,1,18,,83709,2,,,1,20,,83719,2,,,1,100,,83708,2,,,1,100,,83700,2,,,1,100,,83723,2,,,1,100,,83724,2,,,1,101,,83710,2,,,2,100,,83720,2,,,1,63,,83713,2,,,1,22,,83696,2,,,1,60,,83715,2,,,1,18,,83721,2,,,1,20,,83726,2,,,1,19,,83697,2,,,2,64,,83716,2,,,2,20,,83714,2,,,1,58,,83702,2,,,1,22,,83722,2,,,2,94,,83703,2,,,2,100,,83701,2,,,1,99,,83705,2,,,1,100,,83717,2,,,1,100,,83725,2,,,1
6900,'Samedi-1',843,,84218,2,,,1,100,,84217,2,,,1,100,,84219,2,,,1,100,,84221,2,,,1,100,,84220,2,,,1,100,,84222,2,,,1,100,,84223,2,,,1,100,,84224,2,,,1,100,,84225,2,,,1,100,,84226,2,,,1,100,,84227,2,,,1,100,,84228,2,,,1,100,,84229,2,,,1,100,,84230,2,,,1,100,,84231,2,,,1
6900,'Samedi-10',843,,74266,2,,,1,100,,74265,2,,,1,100,,74267,2,,,1,100,,74269,2,,,1,100,,74268,2,,,1,100,,74270,2,,,1,100,,74271,2,,,1,100,,74272,2,,,1,100,,74273,2,,,1,100,,74274,2,,,1,100,,74275,2,,,1,100,,74276,2,,,1,100,,74277,2,,,1,100,,74278,2,,,1,100,,74279,2,,,1
6900,'Dimanche-1',843,,84236,2,,,1,100,,84237,2,,,1,100,,84238,2,,,1,100,,84232,2,,,1,100,,84234,2,,,1,100,,84235,2,,,1,100,,84233,2,,,1,100,,84241,2,,,1,100,,84242,2,,,1,100,,84239,2,,,1,100,,84240,2,,,1,100,,84243,2,,,1,100,,84244,2,,,1,100,,84245,2,,,1,100,,84246,2,,,1
6900,'Semaine-1',829,,84247,2,,,1,103,,84248,2,,,1,99,,84249,2,,,2,101,,84250,2,,,2,95,,84251,2,,,2,104,,84252,2,,,1,101,,84253,2,,,1,70,,84254,2,,,1,30,,84255,2,,,2,73,,84256,2,,,1,29,,84257,2,,,2,68,,84258,2,,,1,33,,84259,2,,,1,67,,84260,2,,,1,28,,84261,2,,,1,82,,84262,2,,,1,100,,84263,2,,,2,100,,84264,2,,,2,100,,84265,2,,,2,100,,84266,2,,,2
6900,'Semaine-12',829,,84267,2,,,1,103,,84268,2,,,1,99,,84269,2,,,2,101,,84270,2,,,2,95,,84271,2,,,2,104,,84272,2,,,1,101,,84273,2,,,1,70,,84274,2,,,1,30,,84275,2,,,2,73,,84276,2,,,1,29,,84277,2,,,2,68,,84278,2,,,1,33,,84279,2,,,1,67,,84280,2,,,1,28,,84281,2,,,1,82,,84282,2,,,1,100,,84283,2,,,2,100,,84284,2,,,2,100,,84285,2,,,2,100,,84286,2,,,2
56900,'Semaine-1',1536,,86821,9,0,5 6,2
56900,'Semaine-12',1536,,86822,9,0,5 6,2
