6400,'Samedi-1',749,,83307,28,,,1,100,,83309,28,,,1,100,,83312,28,,,1,100,,83310,28,,,1,100,,83313,28,,,1,100,,83308,28,,,1,100,,83311,28,,,1,100,,83314,28,,,1,99,,83315,28,,,1,100,,83316,28,,,1,100,,83317,28,,,1,100,,83318,28,,,1
6400,'Samedi-10',749,,72456,28,,,1,100,,72458,28,,,1,100,,72461,28,,,1,100,,72459,28,,,1,100,,72462,28,,,1,100,,72457,28,,,1,100,,72460,28,,,1,100,,72463,28,,,1,99,,72464,28,,,1,100,,72465,28,,,1,100,,72466,28,,,1,100,,72467,28,,,1
6400,'Dimanche-1',749,,83320,28,,,1,100,,83321,28,,,1,100,,83326,28,,,1,100,,83324,28,,,1,100,,83319,28,,,1,100,,83322,28,,,1,100,,83323,28,,,1,100,,83327,28,,,1,99,,83325,28,,,1,100,,83329,28,,,1,100,,83330,28,,,1,100,,83328,28,,,1
6400,'Semaine-1',701,,83339,28,,,1,34,,83336,28,,,1,70,,83331,28,,,1,30,,83335,28,,,1,100,,83337,28,,,1,100,,83342,28,,,1,100,,83341,28,,,1,100,,83334,28,,,1,100,,83347,28,,,1,100,,83343,28,,,1,95,,83344,28,,,1,85,,83349,28,,,1,87,,83348,28,,,1,101,,83345,28,,,1,55,,83346,28,,,1,100,,83338,28,,,2,99,,83332,28,,,2,100,,83340,28,,,1,100,,83333,28,,,1
6400,'Semaine-12',701,,83358,28,,,1,34,,83355,28,,,1,70,,83350,28,,,1,30,,83354,28,,,1,100,,83356,28,,,1,100,,83361,28,,,1,100,,83360,28,,,1,100,,83353,28,,,1,100,,83366,28,,,1,100,,83362,28,,,1,95,,83363,28,,,1,85,,83368,28,,,1,87,,83367,28,,,1,101,,83364,28,,,1,55,,83365,28,,,1,100,,83357,28,,,2,99,,83351,28,,,2,100,,83359,28,,,1,100,,83352,28,,,1
32500,'Semaine-1',1613,,85896,2,0,7 8,1
32500,'Semaine-12',1613,,85898,2,0,7 8,1
32600,'Semaine-1',1613,,85903,2,0,7 8,1
32600,'Semaine-12',1613,,85904,2,0,7 8,1
32901,'Semaine-1',1613,,85909,2,0,7 8,1
32901,'Semaine-12',1613,,85910,2,0,7 8,1
33101,'Semaine-1',1613,,85913,2,0,7 8,1
33101,'Semaine-12',1613,,85914,2,0,7 8,1
56601,'Semaine-1',703,,86819,30,0,5 6,1
56601,'Semaine-12',703,,86820,30,0,5 6,1
