4801,'Semaine-1',756,,81999,42,,,1
4801,'Semaine-12',756,,82000,42,,,1
8501,'Semaine-1',547,,85431,33,,,1,70,,85433,33,,,1,27,,85436,33,,,1,15,,85435,33,,,1,58,,85440,33,,,1,14,,85432,33,,,2,16,,85438,33,,,1,56,,85434,33,,,2,14,,85439,33,,,1,20,,85437,33,,,1
8501,'Semaine-12',547,,85441,33,,,1,70,,85443,33,,,1,27,,85446,33,,,1,15,,85445,33,,,1,58,,85450,33,,,1,14,,85442,33,,,2,16,,85448,33,,,1,56,,85444,33,,,2,14,,85449,33,,,1,20,,85447,33,,,1
8701,'Semaine-1',532,,85481,29,,,1,70,,85474,29,,,1,30,,85479,29,,,1,19,,85477,29,,,1,55,,85475,29,,,1,16,,85484,29,,,1,17,,85480,29,,,1,15,,85476,29,,,1,56,,85483,29,,,1,17,,85482,29,,,2,20,,85478,29,,,1,60,,85473,29,,,1
8701,'Semaine-12',532,,85493,29,,,1,70,,85486,29,,,1,30,,85491,29,,,1,19,,85489,29,,,1,55,,85487,29,,,1,16,,85496,29,,,1,17,,85492,29,,,1,15,,85488,29,,,1,56,,85495,29,,,1,17,,85494,29,,,2,20,,85490,29,,,1,60,,85485,29,,,1
9301,'Semaine-1',650,,85514,54,,,2,60,,85512,54,,,1,21,,85511,54,,,1,76,,85515,54,,,1,30,,85513,54,,,2
9301,'Semaine-12',650,,85519,54,,,2,60,,85517,54,,,1,21,,85516,54,,,1,76,,85520,54,,,1,30,,85518,54,,,2
9401,'Semaine-1',610,,85521,44,,,1
9401,'Semaine-12',610,,85522,44,,,1
9501,'Semaine-1',642,,85547,67,,,1,15,,85543,67,,,1,53,,85545,67,,,1,20,,85550,67,,,1,17,,85546,67,,,2,57,,85548,67,,,2,14,,85549,67,,,2,16,,85544,67,,,2
9501,'Semaine-12',642,,85555,67,,,1,15,,85551,67,,,1,53,,85553,67,,,1,20,,85558,67,,,1,17,,85554,67,,,2,57,,85556,67,,,2,14,,85557,67,,,2,16,,85552,67,,,2
9801,'Semaine-1',554,,85699,57,,,2,50,,85700,57,,,1,10,,85701,57,,,1
9801,'Semaine-12',554,,85702,57,,,2,50,,85703,57,,,1,10,,85704,57,,,1
10001,'Semaine-1',634,,85741,16,,,1,10,,85739,16,,,1,10,,85738,16,,,1,50,,85737,16,,,1,9,,85740,16,,,1,11,,85742,16,,,1,10,,85743,16,,,1,10,,85744,16,,,1,9,,85745,16,,,1,51,,85746,16,,,1,14,,85747,16,,,1,10,,85748,16,,,1,9,,85749,16,,,1,8,,85750,16,,,1,10,,85751,16,,,1
10001,'Semaine-12',634,,85756,16,,,1,10,,85754,16,,,1,10,,85753,16,,,1,50,,85752,16,,,1,9,,85755,16,,,1,11,,85757,16,,,1,10,,85758,16,,,1,10,,85759,16,,,1,9,,85760,16,,,1,51,,85761,16,,,1,14,,85762,16,,,1,10,,85763,16,,,1,9,,85764,16,,,1,8,,85765,16,,,1,10,,85766,16,,,1
43700,'Semaine-1',715,,86783,3,0,9 14,1
43700,'Semaine-12',715,,86785,3,0,9 14,1
80401,'Semaine-12',1736,,87111,15,,,1
