2500,'Semaine-1',1548,,79993,33,,,1,70,,79996,33,,,1,32,,79994,33,,,1,73,,79998,33,,,1,24,,79995,33,,,2,65,,79997,33,,,2
2500,'Semaine-12',1548,,79999,33,,,1,70,,80002,33,,,1,32,,80000,33,,,1,73,,80004,33,,,1,24,,80001,33,,,2,65,,80003,33,,,2
32500,'Semaine-1',1647,,85896,39,0,7 8,1
32500,'Semaine-12',1647,,85898,39,0,7 8,1
42501,'Semaine-1',1517,,86757,27,0,9 14,1
42501,'Semaine-12',1517,,86758,27,0,9 14,1
72500,'Semaine-1',1642,,86867,31,0,5 11,1
72500,'Semaine-12',1642,,86868,31,0,5 11,1
82500,'Semaine-1',1548,,87113,25,0,9 12 13,1
82500,'Semaine-12',1548,,87115,25,0,9 12 13,1
