2301,'Semaine-1',616,,79986,9,,,1,30,,79983,9,,,2,70,,79987,9,,,1,34,,79985,9,,,2,67,,79984,9,,,1
2301,'Semaine-12',616,,79991,9,,,1,30,,79988,9,,,2,70,,79992,9,,,1,34,,79990,9,,,2,67,,79989,9,,,1
2501,'Semaine-1',602,,80009,16,,,2,30,,80008,16,,,1,70,,80006,16,,,1,30,,80007,16,,,2,71,,80010,16,,,1,28,,80005,16,,,2
2501,'Semaine-12',602,,80015,16,,,2,30,,80014,16,,,1,70,,80012,16,,,1,30,,80013,16,,,2,71,,80016,16,,,1,28,,80011,16,,,2
2801,'Semaine-1',643,,80062,12,,,1,74,,80063,12,,,2,100,,80061,12,,,2
2801,'Semaine-12',643,,80065,12,,,1,74,,80066,12,,,2,100,,80064,12,,,2
3201,'Semaine-1',512,,80478,12,,,1,21,,80477,12,,,1,20,,80469,12,,,1,61,,80479,12,,,2,10,,80459,12,,,1,8,,80480,12,,,1,11,,80460,12,,,1,10,,80461,12,,,1,48,,80453,12,,,1,9,,80456,12,,,1,8,,80482,12,,,1,8,,80462,12,,,1,8,,80457,12,,,1,9,,80470,12,,,1,8,,80452,12,,,1,8,,80463,12,,,1,48,,80481,12,,,2,8,,80451,12,,,1,10,,80450,12,,,1,10,,80455,12,,,1,9,,80458,12,,,1,10,,80464,12,,,1,62,,80438,12,,,2,30,,80448,12,,,1,70,,80441,12,,,1,30,,80444,12,,,1,70,,80437,12,,,1,30,,80447,12,,,1,70,,80442,12,,,1,30,,80449,12,,,1,70,,80431,12,,,1,30,,80436,12,,,1,70,,80443,12,,,1,30,,80454,12,,,1,70,,80471,12,,,1,31,,80472,12,,,2,69,,80473,12,,,1,30,,80474,12,,,1,70,,80475,12,,,2,30,,80476,12,,,1,70,,80434,12,,,1,30,,80432,12,,,2,70,,80445,12,,,2,30,,80440,12,,,1,69,,80435,12,,,1,31,,80433,12,,,2,70,,80446,12,,,1,29,,80439,12,,,1,68,,80466,12,,,1,32,,80465,12,,,1,70,,80467,12,,,1,30,,80468,12,,,1
3201,'Semaine-12',512,,80530,12,,,1,21,,80529,12,,,1,20,,80521,12,,,1,61,,80531,12,,,2,10,,80511,12,,,1,8,,80532,12,,,1,11,,80512,12,,,1,10,,80513,12,,,1,48,,80505,12,,,1,9,,80508,12,,,1,8,,80534,12,,,1,8,,80514,12,,,1,8,,80509,12,,,1,9,,80522,12,,,1,8,,80504,12,,,1,8,,80515,12,,,1,48,,80533,12,,,2,8,,80503,12,,,1,10,,80502,12,,,1,10,,80507,12,,,1,9,,80510,12,,,1,10,,80516,12,,,1,62,,80490,12,,,2,30,,80500,12,,,1,70,,80493,12,,,1,30,,80496,12,,,1,70,,80489,12,,,1,30,,80499,12,,,1,70,,80494,12,,,1,30,,80501,12,,,1,70,,80483,12,,,1,30,,80488,12,,,1,70,,80495,12,,,1,30,,80506,12,,,1,70,,80523,12,,,1,31,,80524,12,,,2,69,,80525,12,,,1,30,,80526,12,,,1,70,,80527,12,,,2,30,,80528,12,,,1,70,,80486,12,,,1,30,,80484,12,,,2,70,,80497,12,,,2,30,,80492,12,,,1,69,,80487,12,,,1,31,,80485,12,,,2,70,,80498,12,,,1,29,,80491,12,,,1,68,,80518,12,,,1,32,,80517,12,,,1,70,,80519,12,,,1,30,,80520,12,,,1
3401,'Samedi-1',655,,80905,19,,,1,100,,80908,19,,,1,70,,80917,19,,,1,30,,80906,19,,,1,71,,80911,19,,,1,30,,80913,19,,,1,69,,80907,19,,,1,30,,80916,19,,,1,72,,80909,19,,,1,29,,80918,19,,,1,71,,80910,19,,,1,30,,80912,19,,,1,70,,80914,19,,,1,30,,80915,19,,,1,70,,80919,19,,,1,31,,80920,19,,,1,70,,80921,19,,,1,30,,80922,19,,,1,70,,80923,19,,,1,29,,80924,19,,,1,70,,80925,19,,,1,30,,80926,19,,,1,70,,80927,19,,,1,30,,80929,19,,,1,68,,80928,19,,,1,30,,80930,19,,,1,70,,80931,19,,,1,30,,80932,19,,,1,70,,80934,19,,,1,30,,80933,19,,,1,70,,80935,19,,,1,98,,80936,19,,,1
3401,'Samedi-10',655,,67667,19,,,1,100,,67670,19,,,1,70,,67679,19,,,1,30,,67668,19,,,1,71,,67673,19,,,1,30,,67675,19,,,1,69,,67669,19,,,1,30,,67678,19,,,1,72,,67671,19,,,1,29,,67680,19,,,1,71,,67672,19,,,1,30,,67674,19,,,1,70,,67676,19,,,1,30,,67677,19,,,1,70,,67681,19,,,1,31,,67682,19,,,1,70,,67683,19,,,1,30,,67684,19,,,1,70,,67685,19,,,1,29,,67686,19,,,1,70,,67687,19,,,1,30,,67688,19,,,1,70,,67689,19,,,1,30,,67691,19,,,1,68,,67690,19,,,1,30,,67692,19,,,1,70,,67693,19,,,1,30,,67694,19,,,1,70,,67696,19,,,1,30,,67695,19,,,1,70,,67697,19,,,1,98,,67698,19,,,1
3401,'Dimanche-1',655,,80937,19,,,1,100,,80945,19,,,1,70,,80950,19,,,1,30,,80942,19,,,1,71,,80940,19,,,1,30,,80963,19,,,1,69,,80944,19,,,1,30,,80949,19,,,1,72,,80939,19,,,1,29,,80938,19,,,1,71,,80941,19,,,1,30,,80948,19,,,1,70,,80951,19,,,1,30,,80943,19,,,1,70,,80947,19,,,1,31,,80946,19,,,1,70,,80952,19,,,1,30,,80956,19,,,1,70,,80953,19,,,1,29,,80954,19,,,1,70,,80955,19,,,1,30,,80962,19,,,1,70,,80957,19,,,1,30,,80960,19,,,1,68,,80958,19,,,1,30,,80959,19,,,1,70,,80961,19,,,1,30,,80964,19,,,1,70,,80966,19,,,1,30,,80965,19,,,1,70,,80967,19,,,1,98,,80968,19,,,1
3401,'Semaine-1',900,,80994,19,,,1,30,,80974,19,,,2,70,,80978,19,,,1,30,,80998,19,,,1,70,,80971,19,,,1,30,,80975,19,,,1,70,,80979,19,,,1,30,,80969,19,,,1,70,,80972,19,,,1,30,,80976,19,,,1,29,,80980,19,,,2,71,,80973,19,,,1,71,,80995,19,,,1,29,,80970,19,,,1,74,,80996,19,,,1,27,,80997,19,,,1,70,,80991,19,,,1,29,,80987,19,,,1,70,,80977,19,,,1,30,,80984,19,,,1,70,,80993,19,,,1,30,,80981,19,,,1,70,,80983,19,,,1,30,,80985,19,,,1,70,,80989,19,,,2,30,,80982,19,,,1,70,,80988,19,,,1,30,,80986,19,,,1,70,,80990,19,,,1,30,,80992,19,,,1
3401,'Semaine-12',900,,81024,19,,,1,30,,81004,19,,,2,70,,81008,19,,,1,30,,81028,19,,,1,70,,81001,19,,,1,30,,81005,19,,,1,70,,81009,19,,,1,30,,80999,19,,,1,70,,81002,19,,,1,30,,81006,19,,,1,29,,81010,19,,,2,71,,81003,19,,,1,71,,81025,19,,,1,29,,81000,19,,,1,74,,81026,19,,,1,27,,81027,19,,,1,70,,81021,19,,,1,29,,81017,19,,,1,70,,81007,19,,,1,30,,81014,19,,,1,70,,81023,19,,,1,30,,81011,19,,,1,70,,81013,19,,,1,30,,81015,19,,,1,70,,81019,19,,,2,30,,81012,19,,,1,70,,81018,19,,,1,30,,81016,19,,,1,70,,81020,19,,,1,30,,81022,19,,,1
4900,'Samedi-1',734,,82003,35,,,1,100,,82004,35,,,1,102,,82001,35,,,1,100,,82005,35,,,1,100,,82002,35,,,1,101,,82006,35,,,1,98,,82007,35,,,1,102,,82008,35,,,1,100,,82009,35,,,1,100,,82010,35,,,1,100,,82011,35,,,1,97,,82012,35,,,1,100,,82013,35,,,1,100,,82014,35,,,1,100,,82015,35,,,1,100,,82016,35,,,1,98,,82017,35,,,1
4900,'Samedi-10',734,,69841,35,,,1,100,,69842,35,,,1,102,,69839,35,,,1,100,,69843,35,,,1,100,,69840,35,,,1,101,,69844,35,,,1,98,,69845,35,,,1,102,,69846,35,,,1,100,,69847,35,,,1,100,,69848,35,,,1,100,,69849,35,,,1,97,,69850,35,,,1,100,,69851,35,,,1,100,,69852,35,,,1,100,,69853,35,,,1,100,,69854,35,,,1,98,,69855,35,,,1
4900,'Dimanche-1',734,,82018,35,,,1,100,,82031,35,,,1,102,,82019,35,,,1,100,,82030,35,,,1,100,,82022,35,,,1,101,,82021,35,,,1,98,,82025,35,,,1,102,,82020,35,,,1,100,,82024,35,,,1,100,,82023,35,,,1,100,,82027,35,,,1,97,,82029,35,,,1,100,,82026,35,,,1,100,,82028,35,,,1,100,,82032,35,,,1,100,,82033,35,,,1,98,,82034,35,,,1
4900,'Semaine-1',648,,82062,35,,,1,55,,82057,22,,,1,3,,82069,22,,,1,4,,82045,22,,,1,6,,82068,22,,,1,4,,82073,35,,,1,3,,82072,22,,,1,4,,82071,22,,,1,5,,82070,22,,,1,21,,82065,35,,,1,67,,82061,22,,,1,33,,82060,35,,,1,71,,82055,35,,,1,28,,82047,35,,,1,71,,82067,35,,,1,33,,82063,35,,,1,70,,82058,35,,,1,30,,82035,35,,,1,70,,82056,35,,,1,30,,82037,35,,,1,70,,82042,35,,,1,30,,82044,35,,,1,70,,82048,35,,,1,30,,82064,35,,,1,77,,82046,35,,,1,70,,82049,35,,,1,30,,82040,35,,,1,70,,82052,35,,,1,30,,82043,35,,,1,67,,82041,35,,,1,30,,82059,35,,,1,27,,82053,35,,,1,97,,82036,35,,,1,99,,82054,35,,,1,101,,82051,35,,,1,97,,82038,35,,,1,98,,82050,35,,,1,100,,82039,35,,,1
4900,'Semaine-12',648,,82101,35,,,1,55,,82096,22,,,1,3,,82108,22,,,1,4,,82084,22,,,1,6,,82107,22,,,1,4,,82112,35,,,1,3,,82111,22,,,1,4,,82110,22,,,1,5,,82109,22,,,1,21,,82104,35,,,1,67,,82100,22,,,1,33,,82099,35,,,1,71,,82094,35,,,1,28,,82086,35,,,1,71,,82106,35,,,1,33,,82102,35,,,1,70,,82097,35,,,1,30,,82074,35,,,1,70,,82095,35,,,1,30,,82076,35,,,1,70,,82081,35,,,1,30,,82083,35,,,1,70,,82087,35,,,1,30,,82103,35,,,1,77,,82085,35,,,1,70,,82088,35,,,1,30,,82079,35,,,1,70,,82091,35,,,1,30,,82082,35,,,1,67,,82080,35,,,1,30,,82098,35,,,1,27,,82092,35,,,1,97,,82075,35,,,1,99,,82093,35,,,1,101,,82090,35,,,1,97,,82077,35,,,1,98,,82089,35,,,1,100,,82078,35,,,1
32501,'Semaine-1',817,,85899,16,0,7 8,1,3,,85900,16,0,7 8,1
32501,'Semaine-12',817,,85901,16,0,7 8,1,3,,85902,16,0,7 8,1
32601,'Semaine-1',808,,85905,10,0,7 8,1
32601,'Semaine-12',808,,85906,10,0,7 8,1
42500,'Semaine-1',704,,86753,16,0,9 14,1,2,,86754,16,0,9 14,2
42500,'Semaine-12',704,,86755,16,0,9 14,1,2,,86756,16,0,9 14,2
44900,'Semaine-1',718,,86791,21,0,9 14,1
44900,'Semaine-12',718,,86792,21,0,9 14,1
72501,'Semaine-1',813,,86869,16,0,5 11,2
72501,'Semaine-12',813,,86870,16,0,5 11,2
72601,'Semaine-1',1521,,86871,4,,,1
72601,'Semaine-12',1521,,86872,4,,,1
82501,'Semaine-1',745,,87116,16,0,9 12 13,1,1,,87117,16,0,9 12 13,1
82501,'Semaine-12',745,,87118,16,0,9 12 13,1,1,,87119,16,0,9 12 13,1
82601,'Semaine-1',733,,87124,10,0,9 12 13,1,1,,87125,10,0,9 12 13,1
82601,'Semaine-12',733,,87126,10,0,9 12 13,1,1,,87127,10,0,9 12 13,1
