4501,'Semaine-1',602,,81972,16,,,1,30,,81971,16,,,1,71,,81975,16,,,2,30,,81974,16,,,1,72,,81973,16,,,1,30,,81976,16,,,1
4501,'Semaine-12',602,,81978,16,,,1,30,,81977,16,,,1,71,,81981,16,,,2,30,,81980,16,,,1,72,,81979,16,,,1,30,,81982,16,,,1
5201,'Samedi-1',657,,82303,40,,,1,100,,82304,40,,,1,101,,82305,40,,,1,100,,82306,40,,,1,142,,82308,40,,,1,100,,82307,40,,,1,100,,82309,40,,,1,100,,82310,40,,,1,101,,82311,40,,,1,99,,82312,40,,,1,100,,82313,40,,,1,100,,82314,40,,,1,59,,82317,40,,,1,100,,82315,40,,,1,97,,82319,40,,,1,101,,82316,40,,,1,100,,82318,40,,,1,101,,82320,40,,,1
5201,'Samedi-10',657,,70449,40,,,1,100,,70450,40,,,1,101,,70451,40,,,1,100,,70452,40,,,1,142,,70454,40,,,1,100,,70453,40,,,1,100,,70455,40,,,1,100,,70456,40,,,1,101,,70457,40,,,1,99,,70458,40,,,1,100,,70459,40,,,1,100,,70460,40,,,1,59,,70463,40,,,1,100,,70461,40,,,1,97,,70465,40,,,1,101,,70462,40,,,1,100,,70464,40,,,1,101,,70466,40,,,1
5201,'Dimanche-1',657,,82321,40,,,1,100,,82322,40,,,1,101,,82323,40,,,1,100,,82326,40,,,1,142,,82324,40,,,1,100,,82328,40,,,1,100,,82325,40,,,1,100,,82330,40,,,1,101,,82327,40,,,1,99,,82329,40,,,1,100,,82332,40,,,1,100,,82334,40,,,1,59,,82331,40,,,1,100,,82333,40,,,1,97,,82335,40,,,1,101,,82336,40,,,1,100,,82337,40,,,1,101,,82338,40,,,1
5201,'Semaine-1',628,,82354,40,,,1,102,,82356,40,,,1,102,,82355,40,,,1,97,,82339,40,,,1,102,,82345,40,,,1,99,,82342,40,,,1,100,,82349,40,,,1,100,,82340,40,,,1,100,,82344,40,,,1,102,,82343,40,,,1,100,,82353,40,,,1,100,,82352,40,,,1,98,,82346,40,,,1,97,,82347,40,,,1,100,,82351,40,,,1,100,,82348,40,,,1,100,,82350,40,,,1,100,,82341,40,,,2
5201,'Semaine-12',628,,82372,40,,,1,102,,82374,40,,,1,102,,82373,40,,,1,97,,82357,40,,,1,102,,82363,40,,,1,99,,82360,40,,,1,100,,82367,40,,,1,100,,82358,40,,,1,100,,82362,40,,,1,102,,82361,40,,,1,100,,82371,40,,,1,100,,82370,40,,,1,98,,82364,40,,,1,97,,82365,40,,,1,100,,82369,40,,,1,100,,82366,40,,,1,100,,82368,40,,,1,100,,82359,40,,,2
64500,'Semaine-1',709,,86851,10,0,9 10,1
64500,'Semaine-12',709,,86852,10,0,9 10,1
75200,'Semaine-1',710,,86888,3,0,9 18,1,2,,86887,3,0,9 18,2
75200,'Semaine-12',710,,86890,3,0,9 18,1,2,,86889,3,0,9 18,2
