3600,'Semaine-1',909,,81164,18,,,1,100,,81165,18,,,1,101,,81163,18,,,1,100,,81166,18,,,1,100,,81168,18,,,1,100,,81169,18,,,1,99,,81167,18,,,1
3600,'Semaine-12',909,,81171,18,,,1,100,,81172,18,,,1,101,,81170,18,,,1,100,,81173,18,,,1,100,,81175,18,,,1,100,,81176,18,,,1,99,,81174,18,,,1
3700,'Samedi-1',731,,81191,18,,,1,100,,81192,18,,,1,100,,81194,18,,,1,102,,81195,18,,,1,100,,81193,18,,,1,101,,81196,18,,,1,100,,81197,18,,,1,100,,81198,18,,,1,100,,81199,18,,,1,100,,81200,18,,,1,100,,81201,18,,,1,100,,81202,18,,,1,98,,81203,18,,,1,100,,81204,18,,,1,100,,81205,18,,,1,100,,81206,18,,,1,99,,81207,18,,,1,100,,81208,18,,,1
3700,'Samedi-10',731,,68178,18,,,1,100,,68179,18,,,1,100,,68181,18,,,1,102,,68182,18,,,1,100,,68180,18,,,1,101,,68183,18,,,1,100,,68184,18,,,1,100,,68185,18,,,1,100,,68186,18,,,1,100,,68187,18,,,1,100,,68188,18,,,1,100,,68189,18,,,1,98,,68190,18,,,1,100,,68191,18,,,1,100,,68192,18,,,1,100,,68193,18,,,1,99,,68194,18,,,1,100,,68195,18,,,1
3700,'Dimanche-1',731,,81211,18,,,1,100,,81214,18,,,1,100,,81216,18,,,1,102,,81212,18,,,1,100,,81209,18,,,1,101,,81213,18,,,1,100,,81210,18,,,1,100,,81215,18,,,1,100,,81217,18,,,1,100,,81219,18,,,1,100,,81218,18,,,1,100,,81222,18,,,1,98,,81221,18,,,1,100,,81220,18,,,1,100,,81223,18,,,1,100,,81224,18,,,1,99,,81225,18,,,1,100,,81226,18,,,1
3700,'Semaine-1',650,,81248,18,,,1,81,,81254,18,,,1,74,,81245,18,,,1,28,,81229,18,,,1,69,,81243,18,,,1,49,,81235,18,,,1,100,,81231,18,,,1,100,,81232,18,,,1,100,,81233,18,,,1,101,,81234,18,,,1,100,,81240,18,,,1,88,,81241,18,,,1,16,,81242,18,,,1,55,,81228,18,,,1,15,,81250,18,,,1,24,,81237,18,,,1,70,,81246,18,,,1,23,,81236,18,,,1,68,,81230,18,,,1,29,,81227,18,,,1,68,,81238,18,,,1,30,,81253,18,,,1,69,,81244,18,,,1,36,,81255,18,,,1,99,,81251,18,,,1,99,,81239,18,,,1,100,,81249,18,,,1,100,,81252,18,,,1,15,,81247,18,,,1
3700,'Semaine-12',650,,81277,18,,,1,81,,81283,18,,,1,74,,81274,18,,,1,28,,81258,18,,,1,69,,81272,18,,,1,49,,81264,18,,,1,100,,81260,18,,,1,100,,81261,18,,,1,100,,81262,18,,,1,101,,81263,18,,,1,100,,81269,18,,,1,88,,81270,18,,,1,16,,81271,18,,,1,55,,81257,18,,,1,15,,81279,18,,,1,24,,81266,18,,,1,70,,81275,18,,,1,23,,81265,18,,,1,68,,81259,18,,,1,29,,81256,18,,,1,68,,81267,18,,,1,30,,81282,18,,,1,69,,81273,18,,,1,36,,81284,18,,,1,99,,81280,18,,,1,99,,81268,18,,,1,100,,81278,18,,,1,100,,81281,18,,,1,15,,81276,18,,,1
3800,'Samedi-1',743,,81376,16,,,1,72,,81369,16,,,1,20,,81370,16,,,1,80,,81381,16,,,1,29,,81373,16,,,1,71,,81371,16,,,1,29,,81382,16,,,1,72,,81374,16,,,1,29,,81380,16,,,1,71,,81372,16,,,1,27,,81375,16,,,1,74,,81379,16,,,1,26,,81377,16,,,1,74,,81378,16,,,1,30,,81383,16,,,1,71,,81384,16,,,1,30,,81385,16,,,1,69,,81386,16,,,1,21,,81387,16,,,1,78,,81388,16,,,1,30,,81389,16,,,1,70,,81390,16,,,1,30,,81391,16,,,1,70,,81392,16,,,1,30,,81393,16,,,1,69,,81394,16,,,1,30,,81396,16,,,1,70,,81395,16,,,1,29,,81398,16,,,1,70,,81397,16,,,1,30,,81399,16,,,1,70,,81400,16,,,1,30,,81401,16,,,1
3800,'Samedi-10',743,,68572,16,,,1,72,,68565,16,,,1,20,,68566,16,,,1,80,,68577,16,,,1,29,,68569,16,,,1,71,,68567,16,,,1,29,,68578,16,,,1,72,,68570,16,,,1,29,,68576,16,,,1,71,,68568,16,,,1,27,,68571,16,,,1,74,,68575,16,,,1,26,,68573,16,,,1,74,,68574,16,,,1,30,,68579,16,,,1,71,,68580,16,,,1,30,,68581,16,,,1,69,,68582,16,,,1,21,,68583,16,,,1,78,,68584,16,,,1,30,,68585,16,,,1,70,,68586,16,,,1,30,,68587,16,,,1,70,,68588,16,,,1,30,,68589,16,,,1,69,,68590,16,,,1,30,,68592,16,,,1,70,,68591,16,,,1,29,,68594,16,,,1,70,,68593,16,,,1,30,,68595,16,,,1,70,,68596,16,,,1,30,,68597,16,,,1
3800,'Dimanche-1',743,,81405,16,,,1,72,,81410,16,,,1,20,,81413,16,,,1,80,,81411,16,,,1,29,,81404,16,,,1,71,,81426,16,,,1,29,,81403,16,,,1,72,,81406,16,,,1,29,,81427,16,,,1,71,,81425,16,,,1,27,,81407,16,,,1,74,,81417,16,,,1,26,,81414,16,,,1,74,,81408,16,,,1,30,,81412,16,,,1,71,,81419,16,,,1,30,,81402,16,,,1,69,,81409,16,,,1,21,,81416,16,,,1,78,,81421,16,,,1,30,,81415,16,,,1,70,,81423,16,,,1,30,,81420,16,,,1,70,,81424,16,,,1,30,,81422,16,,,1,69,,81418,16,,,1,30,,81428,16,,,1,70,,81429,16,,,1,29,,81430,16,,,1,70,,81431,16,,,1,30,,81432,16,,,1,70,,81433,16,,,1,30,,81434,16,,,1
3800,'Semaine-1',657,,81451,16,,,1,59,,81467,16,,,1,32,,81462,16,,,1,70,,81475,16,,,1,30,,81472,16,,,1,70,,81448,16,,,1,20,,81444,16,,,1,20,,81455,16,,,1,60,,81440,16,,,1,20,,81464,16,,,1,20,,81449,16,,,1,61,,81445,16,,,1,20,,81456,16,,,1,20,,81441,16,,,1,60,,81463,16,,,1,20,,81474,16,,,1,20,,81446,16,,,1,60,,81457,16,,,1,20,,81465,16,,,1,20,,81476,16,,,1,60,,81450,16,,,1,21,,81447,16,,,1,61,,81458,16,,,1,30,,81471,16,,,1,72,,81436,16,,,1,30,,81460,16,,,1,74,,81469,16,,,1,24,,81459,16,,,1,27,,81473,16,,,1,69,,81439,16,,,1,29,,81470,16,,,1,69,,81453,16,,,1,31,,81461,16,,,1,71,,81466,16,,,1,28,,81468,16,,,1,70,,81452,16,,,1,30,,81438,16,,,1,70,,81454,16,,,1,30,,81442,16,,,1,70,,81437,16,,,1,30,,81435,16,,,1,68,,81443,16,,,1
3800,'Semaine-12',657,,81493,16,,,1,59,,81509,16,,,1,32,,81504,16,,,1,70,,81517,16,,,1,30,,81514,16,,,1,70,,81490,16,,,1,20,,81486,16,,,1,20,,81497,16,,,1,60,,81482,16,,,1,20,,81506,16,,,1,20,,81491,16,,,1,61,,81487,16,,,1,20,,81498,16,,,1,20,,81483,16,,,1,60,,81505,16,,,1,20,,81516,16,,,1,20,,81488,16,,,1,60,,81499,16,,,1,20,,81507,16,,,1,20,,81518,16,,,1,60,,81492,16,,,1,21,,81489,16,,,1,61,,81500,16,,,1,30,,81513,16,,,1,72,,81478,16,,,1,30,,81502,16,,,1,74,,81511,16,,,1,24,,81501,16,,,1,27,,81515,16,,,1,69,,81481,16,,,1,29,,81512,16,,,1,69,,81495,16,,,1,31,,81503,16,,,1,71,,81508,16,,,1,28,,81510,16,,,1,70,,81494,16,,,1,30,,81480,16,,,1,70,,81496,16,,,1,30,,81484,16,,,1,70,,81479,16,,,1,30,,81477,16,,,1,68,,81485,16,,,1
37100,'Samedi-1',801,,85916,18,,,1,101,,85920,18,,,1,100,,85915,18,,,1,101,,85921,18,,,1,100,,85917,18,,,1,100,,85918,18,,,1,100,,85919,18,,,1,101,,85922,18,,,1,100,,85923,18,,,1,100,,85924,18,,,1,99,,85925,18,,,1,99,,85926,18,,,1,100,,85927,18,,,1,99,,85928,18,,,1,100,,85929,18,,,1,100,,85930,18,,,1,100,,85931,18,,,1
37100,'Samedi-10',801,,77442,18,,,1,101,,77446,18,,,1,100,,77441,18,,,1,101,,77447,18,,,1,100,,77443,18,,,1,100,,77444,18,,,1,100,,77445,18,,,1,101,,77448,18,,,1,100,,77449,18,,,1,100,,77450,18,,,1,99,,77451,18,,,1,99,,77452,18,,,1,100,,77453,18,,,1,99,,77454,18,,,1,100,,77455,18,,,1,100,,77456,18,,,1,100,,77457,18,,,1
37100,'Dimanche-1',801,,85932,18,,,1,101,,85934,18,,,1,100,,85936,18,,,1,101,,85937,18,,,1,100,,85944,18,,,1,100,,85933,18,,,1,100,,85938,18,,,1,101,,85935,18,,,1,100,,85940,18,,,1,100,,85942,18,,,1,99,,85943,18,,,1,99,,85941,18,,,1,100,,85939,18,,,1,99,,85945,18,,,1,100,,85946,18,,,1,100,,85947,18,,,1,100,,85948,18,,,1
37100,'Semaine-1',709,,85962,18,,,1,33,,85959,18,,,1,70,,85955,18,,,1,29,,85950,18,,,1,90,,85969,18,,,1,98,,85954,18,,,1,102,,85956,18,,,1,100,,85968,18,,,1,100,,85963,18,,,1,102,,85952,18,,,1,92,,85964,18,,,1,19,,85973,18,,,1,56,,85953,18,,,1,15,,85974,18,,,1,25,,85949,18,,,1,60,,85958,18,,,1,28,,85965,18,,,1,25,,85971,18,,,1,68,,85970,18,,,1,30,,85960,18,,,1,68,,85972,18,,,1,30,,85975,18,,,1,70,,85961,18,,,1,95,,85957,18,,,1,100,,85967,18,,,1,100,,85966,18,,,1,98,,85951,18,,,1
37100,'Semaine-12',709,,85989,18,,,1,33,,85986,18,,,1,70,,85982,18,,,1,29,,85977,18,,,1,90,,85996,18,,,1,98,,85981,18,,,1,102,,85983,18,,,1,100,,85995,18,,,1,100,,85990,18,,,1,102,,85979,18,,,1,92,,85991,18,,,1,19,,86000,18,,,1,56,,85980,18,,,1,15,,86001,18,,,1,25,,85976,18,,,1,60,,85985,18,,,1,28,,85992,18,,,1,25,,85998,18,,,1,68,,85997,18,,,1,30,,85987,18,,,1,68,,85999,18,,,1,30,,86002,18,,,1,70,,85988,18,,,1,95,,85984,18,,,1,100,,85994,18,,,1,100,,85993,18,,,1,98,,85978,18,,,1
43700,'Semaine-1',728,,86783,14,0,9 14,1,2,,86784,10,0,9 14,2
43700,'Semaine-12',728,,86785,14,0,9 14,1,2,,86786,10,0,9 14,2
