2500,'Semaine-1',1558,,79993,42,4,,1,70,,79996,42,4,,1,31,,79994,42,4,,1,73,,79998,42,4,,1,24,,79995,42,4,,2,65,,79997,42,4,,2
2500,'Semaine-12',1558,,79999,42,4,,1,70,,80002,42,4,,1,31,,80000,42,4,,1,73,,80004,42,4,,1,24,,80001,42,4,,2,65,,80003,42,4,,2
5001,'Semaine-1',1626,,82225,20,,,1,101,,82227,20,,,1,98,,82226,20,,,2
5001,'Semaine-12',1626,,82228,20,,,1,101,,82230,20,,,1,98,,82229,20,,,2
32500,'Semaine-1',1653,,85896,48,4,,1
32500,'Semaine-12',1653,,85898,48,4,,1
42501,'Semaine-1',1522,,86757,36,4,,1
42501,'Semaine-12',1522,,86758,36,4,,1
55001,'Semaine-1',1539,,86805,18,0,5 6,1
55001,'Semaine-12',1539,,86808,18,0,5 6,1
72500,'Semaine-1',1651,,86867,40,4,,1
72500,'Semaine-12',1651,,86868,40,4,,1
82500,'Semaine-1',1555,,87113,34,4,,1
82500,'Semaine-12',1555,,87115,34,4,,1
