2800,'Semaine-1',1621,,80055,46,,,1,82,,80056,46,,,1,49,,80057,46,,,1
2800,'Semaine-12',1621,,80058,46,,,1,82,,80059,46,,,1,49,,80060,46,,,1
4801,'Semaine-1',739,,81999,34,,,1
4801,'Semaine-12',739,,82000,34,,,1
5000,'Semaine-1',703,,82216,40,,,1,22,,82214,40,,,1,8,,82215,19,,,2,25,,82217,40,,,2,70,,82213,40,,,1,106,,82218,40,,,1
5000,'Semaine-12',703,,82222,40,,,1,22,,82220,40,,,1,8,,82221,19,,,2,25,,82223,40,,,2,70,,82219,40,,,1,106,,82224,40,,,1
32601,'Semaine-1',823,,85905,26,0,7 8,1
32601,'Semaine-12',823,,85906,26,0,7 8,1
42600,'Semaine-1',725,,86759,10,0,9 14,1,1,,86760,10,0,9 14,1
42600,'Semaine-12',725,,86761,10,0,9 14,1,1,,86762,10,0,9 14,1
55000,'Semaine-1',721,,86799,40,0,5 6,1,2,,86800,40,0,5 6,1
55000,'Semaine-12',721,,86801,40,0,5 6,1,2,,86802,40,0,5 6,1
72601,'Semaine-1',1536,,86871,20,4,,1
72601,'Semaine-12',1536,,86872,20,4,,1
72901,'Semaine-1',811,,86875,11,0,5 11,2
72901,'Semaine-12',811,,86876,11,0,5 11,2
82601,'Semaine-1',748,,87124,26,0,9 12 13,1,1,,87125,26,0,9 12 13,1
82601,'Semaine-12',748,,87126,26,0,9 12 13,1,1,,87127,26,0,9 12 13,1
