7700,'Samedi-1',744,,85181,3,,,1,100,,85180,3,,,1,100,,85179,3,,,1,100,,85184,3,,,1,100,,85182,3,,,1,100,,85183,3,,,1,100,,85185,3,,,1,100,,85186,3,,,2,100,,85187,3,,,1,100,,85188,3,,,1,100,,85189,3,,,1,100,,85190,3,,,1,100,,85191,3,,,1,100,,85194,3,,,1,100,,85192,3,,,1,100,,85193,3,,,1
7700,'Samedi-10',744,,76143,3,,,1,100,,76142,3,,,1,100,,76141,3,,,1,100,,76146,3,,,1,100,,76144,3,,,1,100,,76145,3,,,1,100,,76147,3,,,1,100,,76148,3,,,2,100,,76149,3,,,1,100,,76150,3,,,1,100,,76151,3,,,1,100,,76152,3,,,1,100,,76153,3,,,1,100,,76156,3,,,1,100,,76154,3,,,1,100,,76155,3,,,1
7700,'Dimanche-1',744,,85197,3,,,1,100,,85198,3,,,1,100,,85195,3,,,1,100,,85207,3,,,1,100,,85196,3,,,1,100,,85201,3,,,1,100,,85199,3,,,1,100,,85200,3,,,2,100,,85202,3,,,1,100,,85205,3,,,1,100,,85203,3,,,1,100,,85204,3,,,1,100,,85206,3,,,1,100,,85208,3,,,1,100,,85209,3,,,1,100,,85210,3,,,1
7700,'Semaine-1',523,,85236,3,,,1,29,,85221,3,,,1,70,,85223,3,,,1,30,,85213,3,,,1,70,,85224,3,,,1,34,,85235,3,,,2,66,,85220,3,,,2,26,,85225,3,,,2,70,,85240,3,,,2,30,,85226,3,,,1,70,,85241,3,,,1,30,,85227,3,,,1,70,,85242,3,,,1,30,,85228,3,,,1,70,,85239,3,,,1,30,,85229,3,,,1,70,,85238,3,,,1,30,,85230,3,,,1,70,,85237,3,,,1,30,,85212,3,,,1,71,,85232,3,,,1,30,,85217,3,,,1,70,,85231,3,,,1,30,,85215,3,,,1,70,,85233,3,,,1,29,,85216,3,,,1,70,,85222,3,,,1,30,,85234,3,,,1,100,,85218,3,,,1,100,,85219,3,,,1,100,,85214,3,,,1,100,,85211,3,,,1
7700,'Semaine-12',523,,85268,3,,,1,29,,85253,3,,,1,70,,85255,3,,,1,30,,85245,3,,,1,70,,85256,3,,,1,34,,85267,3,,,2,66,,85252,3,,,2,26,,85257,3,,,2,70,,85272,3,,,2,30,,85258,3,,,1,70,,85273,3,,,1,30,,85259,3,,,1,70,,85274,3,,,1,30,,85260,3,,,1,70,,85271,3,,,1,30,,85261,3,,,1,70,,85270,3,,,1,30,,85262,3,,,1,70,,85269,3,,,1,30,,85244,3,,,1,71,,85264,3,,,1,30,,85249,3,,,1,70,,85263,3,,,1,30,,85247,3,,,1,70,,85265,3,,,1,29,,85248,3,,,1,70,,85254,3,,,1,30,,85266,3,,,1,100,,85250,3,,,1,100,,85251,3,,,1,100,,85246,3,,,1,100,,85243,3,,,1
7800,'Samedi-1',815,,85278,3,,,1,100,,85277,3,,,1,100,,85275,3,,,1,100,,85280,3,,,1,100,,85276,3,,,1,100,,85279,3,,,1,100,,85281,3,,,1,100,,85282,3,,,2,100,,85283,3,,,1,100,,85284,3,,,1,100,,85285,3,,,1,100,,85286,3,,,1,100,,85287,3,,,1,100,,85288,3,,,1,100,,85289,3,,,1,100,,85290,3,,,1
7800,'Samedi-10',815,,76336,3,,,1,100,,76335,3,,,1,100,,76333,3,,,1,100,,76338,3,,,1,100,,76334,3,,,1,100,,76337,3,,,1,100,,76339,3,,,1,100,,76340,3,,,2,100,,76341,3,,,1,100,,76342,3,,,1,100,,76343,3,,,1,100,,76344,3,,,1,100,,76345,3,,,1,100,,76346,3,,,1,100,,76347,3,,,1,100,,76348,3,,,1
7800,'Dimanche-1',815,,85293,3,,,1,100,,85294,3,,,1,100,,85291,3,,,1,100,,85302,3,,,1,100,,85292,3,,,1,100,,85297,3,,,1,100,,85295,3,,,1,100,,85296,3,,,2,100,,85298,3,,,1,100,,85301,3,,,1,100,,85299,3,,,1,100,,85300,3,,,1,100,,85303,3,,,1,100,,85304,3,,,1,100,,85305,3,,,1,100,,85306,3,,,1
7800,'Semaine-1',446,,85319,3,,,1,60,,85320,3,,,1,30,,85309,3,,,1,71,,85321,3,,,1,30,,85307,3,,,1,67,,85322,3,,,2,37,,85331,3,,,2,67,,85312,3,,,1,26,,85323,3,,,2,70,,85324,3,,,1,30,,85335,3,,,1,70,,85325,3,,,1,30,,85336,3,,,1,70,,85326,3,,,1,30,,85337,3,,,1,70,,85327,3,,,1,30,,85338,3,,,1,70,,85328,3,,,1,30,,85339,3,,,1,70,,85329,3,,,1,30,,85314,3,,,1,70,,85330,3,,,1,30,,85308,3,,,1,72,,85317,3,,,1,28,,85332,3,,,1,70,,85316,3,,,1,30,,85340,3,,,1,70,,85333,3,,,1,30,,85310,3,,,1,85,,85334,3,,,1,100,,85315,3,,,1,100,,85318,3,,,1,100,,85311,3,,,1,100,,85313,3,,,1
7800,'Semaine-12',446,,85353,3,,,1,60,,85354,3,,,1,30,,85343,3,,,1,71,,85355,3,,,1,30,,85341,3,,,1,67,,85356,3,,,2,37,,85365,3,,,2,67,,85346,3,,,1,26,,85357,3,,,2,70,,85358,3,,,1,30,,85369,3,,,1,70,,85359,3,,,1,30,,85370,3,,,1,70,,85360,3,,,1,30,,85371,3,,,1,70,,85361,3,,,1,30,,85372,3,,,1,70,,85362,3,,,1,30,,85373,3,,,1,70,,85363,3,,,1,30,,85348,3,,,1,70,,85364,3,,,1,30,,85342,3,,,1,72,,85351,3,,,1,28,,85366,3,,,1,70,,85350,3,,,1,30,,85374,3,,,1,70,,85367,3,,,1,30,,85344,3,,,1,85,,85368,3,,,1,100,,85349,3,,,1,100,,85352,3,,,1,100,,85345,3,,,1,100,,85347,3,,,1
