9301,'Semaine-1',551,,85514,9,,,2,60,,85512,9,,,1,20,,85511,9,,,1,70,,85515,9,,,1,30,,85513,9,,,2
9301,'Semaine-12',551,,85519,9,,,2,60,,85517,9,,,1,20,,85516,9,,,1,70,,85520,9,,,1,30,,85518,9,,,2
9401,'Semaine-1',531,,85521,9,,,1
9401,'Semaine-12',531,,85522,9,,,1
9701,'Samedi-1',754,,85635,54,,,1,100,,85638,54,,,1,101,,85636,54,,,1,100,,85639,54,,,1,100,,85633,54,,,1,100,,85634,54,,,1,101,,85637,54,,,1,100,,85640,54,,,1,100,,85641,54,,,1,100,,85642,54,,,1,100,,85643,54,,,1,100,,85644,54,,,1,100,,85648,54,,,1,100,,85645,54,,,1,99,,85646,54,,,1,100,,85647,54,,,1
9701,'Samedi-10',754,,76971,54,,,1,100,,76974,54,,,1,101,,76972,54,,,1,100,,76975,54,,,1,100,,76969,54,,,1,100,,76970,54,,,1,101,,76973,54,,,1,100,,76976,54,,,1,100,,76977,54,,,1,100,,76978,54,,,1,100,,76979,54,,,1,100,,76980,54,,,1,100,,76984,54,,,1,100,,76981,54,,,1,99,,76982,54,,,1,100,,76983,54,,,1
9701,'Dimanche-1',754,,85654,54,,,1,100,,85661,54,,,1,101,,85650,54,,,1,100,,85657,54,,,1,100,,85656,54,,,1,100,,85649,54,,,1,101,,85653,54,,,1,100,,85651,54,,,1,100,,85652,54,,,1,100,,85655,54,,,1,100,,85658,54,,,1,100,,85659,54,,,1,100,,85660,54,,,1,100,,85662,54,,,1,99,,85663,54,,,1,100,,85664,54,,,1
9701,'Semaine-1',636,,85665,54,,,2,97,,85666,54,,,1,113,,85667,54,,,1,109,,85668,54,,,1,100,,85669,54,,,1,100,,85670,54,,,1,100,,85671,54,,,1,99,,85672,54,,,1,101,,85673,54,,,1,104,,85674,54,,,1,95,,85675,54,,,1,104,,85676,54,,,1,96,,85677,54,,,1,97,,85678,54,,,1,101,,85679,54,,,1,98,,85680,54,,,1,100,,85681,54,,,1
9701,'Semaine-12',636,,85682,54,,,2,97,,85683,54,,,1,113,,85684,54,,,1,109,,85685,54,,,1,100,,85686,54,,,1,100,,85687,54,,,1,100,,85688,54,,,1,99,,85689,54,,,1,101,,85690,54,,,1,104,,85691,54,,,1,95,,85692,54,,,1,104,,85693,54,,,1,96,,85694,54,,,1,97,,85695,54,,,1,101,,85696,54,,,1,98,,85697,54,,,1,100,,85698,54,,,1
29701,'Semaine-1',1524,,85892,30,0,19,2
29701,'Semaine-12',1524,,85894,30,0,19,2
