3300,'Samedi-1',802,,80535,27,,,1,101,,80536,27,,,1,101,,80537,27,,,1,100,,80538,27,,,1,102,,80539,27,,,1,100,,80540,27,,,1,100,,80541,27,,,1,100,,80542,27,,,1,100,,80543,27,,,1,100,,80544,27,,,1,100,,80545,27,,,1,98,,80546,27,,,1,99,,80547,27,,,1,100,,80548,27,,,1,100,,80549,27,,,1,100,,80550,27,,,1,99,,80551,27,,,1,99,,80552,27,,,1
3300,'Samedi-10',802,,66888,27,,,1,101,,66889,27,,,1,101,,66890,27,,,1,100,,66891,27,,,1,102,,66892,27,,,1,100,,66893,27,,,1,100,,66894,27,,,1,100,,66895,27,,,1,100,,66896,27,,,1,100,,66897,27,,,1,100,,66898,27,,,1,98,,66899,27,,,1,99,,66900,27,,,1,100,,66901,27,,,1,100,,66902,27,,,1,100,,66903,27,,,1,99,,66904,27,,,1,99,,66905,27,,,1
3300,'Dimanche-1',802,,80554,27,,,1,101,,80559,27,,,1,101,,80565,27,,,1,100,,80556,27,,,1,102,,80558,27,,,1,100,,80555,27,,,1,100,,80557,27,,,1,100,,80553,27,,,1,100,,80561,27,,,1,100,,80560,27,,,1,100,,80563,27,,,1,98,,80562,27,,,1,99,,80564,27,,,1,100,,80566,27,,,1,100,,80567,27,,,1,100,,80568,27,,,1,99,,80569,27,,,1,99,,80570,27,,,1
3300,'Semaine-1',641,,80596,27,,,1,60,,80595,27,,,1,19,,80602,27,,,1,34,,80575,27,,,1,53,,80589,27,,,1,21,,80597,27,,,1,16,,80610,27,,,1,57,,80603,27,,,1,27,,80587,27,,,1,27,,80605,27,,,1,71,,80590,27,,,1,78,,80580,27,,,1,21,,80599,27,,,1,20,,80585,27,,,1,60,,80592,27,,,1,20,,80581,27,,,1,22,,80607,27,,,1,58,,80588,27,,,1,20,,80609,27,,,1,32,,80594,27,,,1,70,,80582,27,,,1,20,,80604,27,,,1,60,,80600,27,,,1,21,,80593,27,,,1,23,,80572,27,,,1,61,,80584,27,,,1,12,,80591,27,,,1,13,,80608,27,,,1,17,,80606,27,,,1,65,,80601,27,,,1,20,,80579,27,,,1,19,,80578,27,,,1,55,,80583,27,,,1,18,,80571,27,,,1,18,,80576,27,,,1,81,,80611,27,,,1,73,,80586,27,,,1,98,,80577,27,,,1,102,,80573,27,,,1,100,,80598,27,,,2,100,,80612,27,,,1,103,,80574,27,,,1
3300,'Semaine-12',641,,80638,27,,,1,60,,80637,27,,,1,19,,80644,27,,,1,34,,80617,27,,,1,53,,80631,27,,,1,21,,80639,27,,,1,16,,80652,27,,,1,57,,80645,27,,,1,27,,80629,27,,,1,27,,80647,27,,,1,71,,80632,27,,,1,78,,80622,27,,,1,21,,80641,27,,,1,20,,80627,27,,,1,60,,80634,27,,,1,20,,80623,27,,,1,22,,80649,27,,,1,58,,80630,27,,,1,20,,80651,27,,,1,32,,80636,27,,,1,70,,80624,27,,,1,20,,80646,27,,,1,60,,80642,27,,,1,21,,80635,27,,,1,23,,80614,27,,,1,61,,80626,27,,,1,12,,80633,27,,,1,13,,80650,27,,,1,17,,80648,27,,,1,65,,80643,27,,,1,20,,80621,27,,,1,19,,80620,27,,,1,55,,80625,27,,,1,18,,80613,27,,,1,18,,80618,27,,,1,81,,80653,27,,,1,73,,80628,27,,,1,98,,80619,27,,,1,102,,80615,27,,,1,100,,80640,27,,,2,100,,80654,27,,,1,103,,80616,27,,,1
3500,'Semaine-1',652,,81054,36,0,15 16,1,77,,81029,36,0,15 16,2,23,,81039,36,0,15 16,1,63,,81057,36,0,15 16,1,15,,81047,36,0,15 16,1,20,,81062,36,0,15 16,1,60,,81059,36,0,15 16,1,23,,81052,36,0,15 16,1,21,,81058,36,0,15 16,1,70,,81037,36,0,15 16,1,26,,81050,36,0,15 16,1,74,,81031,36,0,15 16,1,28,,81035,36,0,15 16,1,70,,81045,36,0,15 16,2,32,,81030,36,0,15 16,1,70,,81040,36,0,15 16,1,30,,81061,36,0,15 16,2,70,,81048,36,0,15 16,1,30,,81032,36,0,15 16,2,76,,81044,36,,,2,74,,81046,36,0,15 16,1,19,,81038,29,0,15 16,1,19,,81049,36,,,1,13,,81043,29,0,15 16,1,57,,81053,36,,,1,23,,81055,36,0,15 16,1,70,,81036,36,,,1,24,,81034,36,0,15 16,1,28,,81063,36,,,1,66,,81051,36,0,15 16,1,30,,81041,29,0,15 16,1,70,,81042,36,,,1,100,,81056,36,,,1,100,,81060,36,,,1,100,,81033,36,0,15 16,1
3500,'Semaine-12',652,,81089,36,0,15 16,1,77,,81064,36,0,15 16,2,23,,81074,36,0,15 16,1,63,,81092,36,0,15 16,1,15,,81082,36,0,15 16,1,20,,81097,36,0,15 16,1,60,,81094,36,0,15 16,1,23,,81087,36,0,15 16,1,21,,81093,36,0,15 16,1,70,,81072,36,0,15 16,1,26,,81085,36,0,15 16,1,74,,81066,36,0,15 16,1,28,,81070,36,0,15 16,1,70,,81080,36,0,15 16,2,32,,81065,36,0,15 16,1,70,,81075,36,0,15 16,1,30,,81096,36,0,15 16,2,70,,81083,36,0,15 16,1,30,,81067,36,0,15 16,2,76,,81079,36,,,2,74,,81081,36,0,15 16,1,19,,81073,29,0,15 16,1,19,,81084,36,,,1,13,,81078,29,0,15 16,1,57,,81088,36,,,1,23,,81090,36,0,15 16,1,70,,81071,36,,,1,24,,81069,36,0,15 16,1,28,,81098,36,,,1,66,,81086,36,0,15 16,1,30,,81076,29,0,15 16,1,70,,81077,36,,,1,100,,81091,36,,,1,100,,81095,36,,,1,100,,81068,36,0,15 16,1
4900,'Samedi-1',752,,82003,56,,,1,100,,82004,56,,,1,102,,82001,56,,,1,100,,82005,56,,,1,100,,82002,56,,,1,101,,82006,56,,,1,98,,82007,56,,,1,102,,82008,56,,,1,101,,82009,56,,,1,100,,82010,56,,,1,100,,82011,56,,,1,96,,82012,56,,,1,100,,82013,56,,,1,100,,82014,56,,,1,100,,82015,56,,,1,100,,82016,56,,,1,98,,82017,56,,,1
4900,'Samedi-10',752,,69841,56,,,1,100,,69842,56,,,1,102,,69839,56,,,1,100,,69843,56,,,1,100,,69840,56,,,1,101,,69844,56,,,1,98,,69845,56,,,1,102,,69846,56,,,1,101,,69847,56,,,1,100,,69848,56,,,1,100,,69849,56,,,1,96,,69850,56,,,1,100,,69851,56,,,1,100,,69852,56,,,1,100,,69853,56,,,1,100,,69854,56,,,1,98,,69855,56,,,1
4900,'Dimanche-1',752,,82018,56,,,1,100,,82031,56,,,1,102,,82019,56,,,1,100,,82030,56,,,1,100,,82022,56,,,1,101,,82021,56,,,1,98,,82025,56,,,1,102,,82020,56,,,1,101,,82024,56,,,1,100,,82023,56,,,1,100,,82027,56,,,1,96,,82029,56,,,1,100,,82026,56,,,1,100,,82028,56,,,1,100,,82032,56,,,1,100,,82033,56,,,1,98,,82034,56,,,1
4900,'Semaine-1',709,,82062,56,,,1,17,,82057,43,,,1,3,,82069,43,,,1,4,,82045,43,,,1,7,,82068,43,,,1,3,,82073,56,,,1,5,,82072,43,,,1,4,,82071,43,,,1,5,,82070,43,,,1,60,,82065,56,,,1,24,,82061,43,,,1,1,,82066,56,,,1,72,,82060,56,,,1,30,,82055,56,,,1,68,,82047,56,,,1,31,,82067,56,,,1,73,,82063,56,,,1,30,,82058,56,,,1,70,,82035,56,,,1,30,,82056,56,,,1,70,,82037,56,,,1,30,,82042,56,,,1,70,,82044,56,,,1,30,,82048,56,,,1,70,,82064,56,,,1,38,,82046,56,,,1,70,,82049,56,,,1,30,,82040,56,,,1,70,,82052,56,,,1,30,,82043,56,,,1,66,,82041,56,,,1,30,,82059,56,,,1,66,,82053,56,,,1,96,,82036,56,,,1,99,,82054,56,,,1,100,,82051,56,,,1,97,,82038,56,,,1,97,,82050,56,,,1,100,,82039,56,,,1
4900,'Semaine-12',709,,82101,56,,,1,17,,82096,43,,,1,3,,82108,43,,,1,4,,82084,43,,,1,7,,82107,43,,,1,3,,82112,56,,,1,5,,82111,43,,,1,4,,82110,43,,,1,5,,82109,43,,,1,60,,82104,56,,,1,24,,82100,43,,,1,1,,82105,56,,,1,72,,82099,56,,,1,30,,82094,56,,,1,68,,82086,56,,,1,31,,82106,56,,,1,73,,82102,56,,,1,30,,82097,56,,,1,70,,82074,56,,,1,30,,82095,56,,,1,70,,82076,56,,,1,30,,82081,56,,,1,70,,82083,56,,,1,30,,82087,56,,,1,70,,82103,56,,,1,38,,82085,56,,,1,70,,82088,56,,,1,30,,82079,56,,,1,70,,82091,56,,,1,30,,82082,56,,,1,66,,82080,56,,,1,30,,82098,56,,,1,66,,82092,56,,,1,96,,82075,56,,,1,99,,82093,56,,,1,100,,82090,56,,,1,97,,82077,56,,,1,97,,82089,56,,,1,100,,82078,56,,,1
5000,'Semaine-1',708,,82216,44,,,1,26,,82214,44,,,1,8,,82215,23,,,2,65,,82217,44,,,2,30,,82213,44,,,1,105,,82218,44,,,1
5000,'Semaine-12',708,,82222,44,,,1,26,,82220,44,,,1,8,,82221,23,,,2,65,,82223,44,,,2,30,,82219,44,,,1,105,,82224,44,,,1
5600,'Semaine-1',705,,82719,47,,,1,30,,82717,47,,,1,6,,82721,47,,,1,66,,82720,47,,,1,31,,82714,47,,,1,100,,82713,47,,,1,106,,82715,47,,,1,99,,82718,47,,,2,100,,82716,47,,,1
5600,'Semaine-12',705,,82728,47,,,1,30,,82726,47,,,1,6,,82730,47,,,1,66,,82729,47,,,1,31,,82723,47,,,1,100,,82722,47,,,1,106,,82724,47,,,1,99,,82727,47,,,2,100,,82725,47,,,1
42500,'Semaine-1',733,,86753,33,0,9 14,1,2,,86754,33,0,9 14,2
42500,'Semaine-12',733,,86755,33,0,9 14,1,2,,86756,33,0,9 14,2
42600,'Semaine-1',736,,86759,14,0,9 14,1,1,,86760,14,0,9 14,1
42600,'Semaine-12',736,,86761,14,0,9 14,1,1,,86762,14,0,9 14,1
42900,'Semaine-1',736,,86765,20,0,9 14,1,2,,86766,20,0,9 14,2
42900,'Semaine-12',736,,86767,20,0,9 14,1,2,,86768,20,0,9 14,2
44900,'Semaine-1',738,,86791,34,0,9 14,1
44900,'Semaine-12',738,,86792,34,0,9 14,1
56600,'Semaine-1',1524,,86817,7,0,5 6,1
56600,'Semaine-12',1524,,86818,7,0,5 6,1
73300,'Semaine-1',1636,,86877,24,,,1
73300,'Semaine-12',1636,,86878,24,,,1
83300,'Semaine-1',1538,,87153,14,0,9 12 13,1
83300,'Semaine-12',1538,,87155,14,0,9 12 13,1
