6300,'Samedi-1',1102,,83189,29,,,1,100,,83191,29,,,1,100,,83192,29,,,1,100,,83190,29,,,1,100,,83193,29,,,1,100,,83194,29,,,1,100,,83195,29,,,1,100,,83196,29,,,1
6300,'Samedi-10',1102,,72227,29,,,1,100,,72229,29,,,1,100,,72230,29,,,1,100,,72228,29,,,1,100,,72231,29,,,1,100,,72232,29,,,1,100,,72233,29,,,1,100,,72234,29,,,1
6300,'Dimanche-1',1102,,83198,29,,,1,100,,83201,29,,,1,100,,83200,29,,,1,100,,83197,29,,,1,100,,83202,29,,,1,100,,83199,29,,,1,100,,83203,29,,,1,100,,83204,29,,,1
6300,'Semaine-1',635,,83206,29,,,1,100,,83205,29,,,1,70,,83207,29,,,1,30,,83208,29,,,1,70,,83209,29,,,1,100,,83210,29,,,1,100,,83219,29,,,1,100,,83215,29,,,1,100,,83216,29,,,1,100,,83220,29,,,1,101,,83217,29,,,1,31,,83211,29,,,2,70,,83218,29,,,1,31,,83221,29,,,2,66,,83214,29,,,2,30,,83212,29,,,1,70,,83213,29,,,1,30,,83224,29,,,2,100,,83223,29,,,2,100,,83225,29,,,1,100,,83222,29,,,1
6300,'Semaine-12',635,,83227,29,,,1,100,,83226,29,,,1,70,,83228,29,,,1,30,,83229,29,,,1,70,,83230,29,,,1,100,,83231,29,,,1,100,,83240,29,,,1,100,,83236,29,,,1,100,,83237,29,,,1,100,,83241,29,,,1,101,,83238,29,,,1,31,,83232,29,,,2,70,,83239,29,,,1,31,,83242,29,,,2,66,,83235,29,,,2,30,,83233,29,,,1,70,,83234,29,,,1,30,,83245,29,,,2,100,,83244,29,,,2,100,,83246,29,,,1,100,,83243,29,,,1
6700,'Samedi-1',736,,83839,41,,,1,102,,83838,41,,,1,100,,83837,41,,,1,71,,83833,41,,,1,30,,83841,41,,,1,70,,83834,41,,,1,30,,83835,41,,,1,71,,83840,41,,,1,30,,83845,41,,,1,70,,83836,41,,,1,29,,83844,41,,,1,71,,83842,41,,,1,30,,83843,41,,,1,72,,83846,41,,,1,30,,83847,41,,,1,70,,83848,41,,,1,30,,83849,41,,,1,69,,83850,41,,,1,30,,83851,41,,,1,69,,83852,41,,,1,30,,83853,41,,,1,70,,83854,41,,,1,28,,83855,41,,,1,70,,83856,41,,,1,100,,83860,41,,,1,100,,83857,41,,,1,99,,83858,41,,,1,100,,83859,41,,,1
6700,'Samedi-10',736,,73543,41,,,1,102,,73542,41,,,1,100,,73541,41,,,1,71,,73537,41,,,1,30,,73545,41,,,1,70,,73538,41,,,1,30,,73539,41,,,1,71,,73544,41,,,1,30,,73549,41,,,1,70,,73540,41,,,1,29,,73548,41,,,1,71,,73546,41,,,1,30,,73547,41,,,1,72,,73550,41,,,1,30,,73551,41,,,1,70,,73552,41,,,1,30,,73553,41,,,1,69,,73554,41,,,1,30,,73555,41,,,1,69,,73556,41,,,1,30,,73557,41,,,1,70,,73558,41,,,1,28,,73559,41,,,1,70,,73560,41,,,1,100,,73564,41,,,1,100,,73561,41,,,1,99,,73562,41,,,1,100,,73563,41,,,1
6700,'Dimanche-1',736,,83867,41,,,1,102,,83863,41,,,1,100,,83862,41,,,1,71,,83868,41,,,1,30,,83871,41,,,1,70,,83873,41,,,1,30,,83877,41,,,1,71,,83876,41,,,1,30,,83861,41,,,1,70,,83865,41,,,1,29,,83864,41,,,1,71,,83869,41,,,1,30,,83874,41,,,1,72,,83875,41,,,1,30,,83870,41,,,1,70,,83866,41,,,1,30,,83872,41,,,1,69,,83881,41,,,1,30,,83878,41,,,1,69,,83883,41,,,1,30,,83884,41,,,1,70,,83879,41,,,1,28,,83882,41,,,1,70,,83880,41,,,1,100,,83885,41,,,1,100,,83886,41,,,1,99,,83887,41,,,1,100,,83888,41,,,1
6700,'Semaine-1',637,,83897,41,,,1,70,,83891,41,,,1,34,,83899,41,,,1,61,,83908,41,,,1,21,,83892,41,,,1,18,,83917,41,,,1,69,,83902,41,,,1,27,,83910,41,,,1,20,,83900,41,,,1,59,,83920,41,,,1,20,,83918,41,,,1,21,,83905,41,,,2,60,,83921,41,,,1,20,,83911,41,,,1,20,,83914,41,,,1,61,,83922,41,,,1,20,,83919,41,,,1,20,,83906,41,,,1,60,,83923,41,,,1,20,,83912,41,,,1,20,,83915,41,,,1,60,,83924,41,,,1,22,,83904,41,,,1,60,,83907,41,,,1,22,,83925,41,,,1,325,,83927,41,,,1,55,,83901,41,,,1,16,,83926,41,,,1,19,,83909,41,,,1,70,,83889,41,,,1,32,,83913,41,,,1,68,,83893,41,,,2,30,,83916,41,,,2,70,,83890,41,,,1,29,,83898,41,,,1,70,,83894,41,,,2,30,,83903,41,,,1,65,,83896,41,,,1,29,,83895,41,,,2
6700,'Semaine-12',637,,83936,41,,,1,70,,83930,41,,,1,34,,83938,41,,,1,61,,83947,41,,,1,21,,83931,41,,,1,18,,83956,41,,,1,69,,83941,41,,,1,27,,83949,41,,,1,20,,83939,41,,,1,59,,83959,41,,,1,20,,83957,41,,,1,21,,83944,41,,,2,60,,83960,41,,,1,20,,83950,41,,,1,20,,83953,41,,,1,61,,83961,41,,,1,20,,83958,41,,,1,20,,83945,41,,,1,60,,83962,41,,,1,20,,83951,41,,,1,20,,83954,41,,,1,60,,83963,41,,,1,22,,83943,41,,,1,60,,83946,41,,,1,22,,83964,41,,,1,325,,83966,41,,,1,55,,83940,41,,,1,16,,83965,41,,,1,19,,83948,41,,,1,70,,83928,41,,,1,32,,83952,41,,,1,68,,83932,41,,,2,30,,83955,41,,,2,70,,83929,41,,,1,29,,83937,41,,,1,70,,83933,41,,,2,30,,83942,41,,,1,65,,83935,41,,,1,29,,83934,41,,,2
8700,'Semaine-1',1544,,85460,39,,,1,56,,85459,39,,,2,15,,85452,39,,,1,15,,85454,39,,,2,14,,85451,39,,,1,58,,85461,39,,,1,12,,85457,39,,,1,13,,85458,39,,,2,19,,85453,39,,,1,57,,85456,39,,,1,19,,85455,39,,,1
8700,'Semaine-12',1544,,85471,39,,,1,56,,85470,39,,,2,15,,85463,39,,,1,15,,85465,39,,,2,14,,85462,39,,,1,58,,85472,39,,,1,12,,85468,39,,,1,13,,85469,39,,,2,19,,85464,39,,,1,57,,85467,39,,,1,19,,85466,39,,,1
