4000,'Semaine-1',1552,,81911,48,,,1,70,,81907,48,,,2,34,,81910,48,,,1,68,,81909,48,,,1,28,,81908,48,,,1,67,,81912,48,,,1
4000,'Semaine-12',1552,,81917,48,,,1,70,,81913,48,,,2,34,,81916,48,,,1,68,,81915,48,,,1,28,,81914,48,,,1,67,,81918,48,,,1
5001,'Semaine-1',1643,,82225,30,,,1,103,,82227,30,,,1,93,,82226,30,,,2
5001,'Semaine-12',1643,,82228,30,,,1,103,,82230,30,,,1,93,,82229,30,,,2
5200,'Samedi-1',700,,82231,48,,,1,100,,82232,48,,,1,102,,82233,48,,,1,99,,82234,48,,,1,100,,82235,48,,,1,103,,82236,48,,,1,100,,82237,48,,,1,100,,82238,48,,,1,99,,82239,48,,,1,101,,82240,48,,,1,100,,82241,48,,,1,99,,82242,48,,,1,99,,82243,48,,,1,100,,82246,48,,,1,100,,82244,48,,,1,98,,82245,48,,,1,58,,82247,48,,,1,100,,82248,48,,,1
5200,'Samedi-10',700,,70287,48,,,1,100,,70288,48,,,1,102,,70289,48,,,1,99,,70290,48,,,1,100,,70291,48,,,1,103,,70292,48,,,1,100,,70293,48,,,1,100,,70294,48,,,1,99,,70295,48,,,1,101,,70296,48,,,1,100,,70297,48,,,1,99,,70298,48,,,1,99,,70299,48,,,1,100,,70302,48,,,1,100,,70300,48,,,1,98,,70301,48,,,1,58,,70303,48,,,1,100,,70304,48,,,1
5200,'Dimanche-1',700,,82250,48,,,1,100,,82249,48,,,1,102,,82251,48,,,1,99,,82254,48,,,1,100,,82252,48,,,1,103,,82253,48,,,1,100,,82257,48,,,1,100,,82256,48,,,1,99,,82258,48,,,1,101,,82255,48,,,1,100,,82259,48,,,1,99,,82261,48,,,1,99,,82262,48,,,1,100,,82260,48,,,1,100,,82263,48,,,1,98,,82264,48,,,1,58,,82265,48,,,1,100,,82266,48,,,1
5200,'Semaine-1',631,,82270,48,,,1,99,,82272,48,,,1,110,,82267,48,,,1,95,,82283,48,,,1,98,,82281,48,,,1,101,,82268,48,,,1,100,,82275,48,,,1,99,,82274,48,,,1,101,,82271,48,,,1,103,,82269,48,,,1,108,,82273,48,,,1,98,,82284,48,,,1,106,,82282,48,,,1,100,,82276,48,,,1,83,,82280,48,,,1,100,,82279,48,,,1,99,,82277,48,,,1,99,,82278,48,,,1
5200,'Semaine-12',631,,82288,48,,,1,99,,82290,48,,,1,110,,82285,48,,,1,95,,82301,48,,,1,98,,82299,48,,,1,101,,82286,48,,,1,100,,82293,48,,,1,99,,82292,48,,,1,101,,82289,48,,,1,103,,82287,48,,,1,108,,82291,48,,,1,98,,82302,48,,,1,106,,82300,48,,,1,100,,82294,48,,,1,83,,82298,48,,,1,100,,82297,48,,,1,99,,82295,48,,,1,99,,82296,48,,,1
55001,'Semaine-1',1552,,86805,28,0,5 6,1
55001,'Semaine-12',1552,,86808,28,0,5 6,1
64000,'Semaine-1',1508,,86839,9,0,9 10,2
64000,'Semaine-12',1508,,86842,9,0,9 10,2
74000,'Semaine-1',1654,,86880,45,0,5 11,1
74000,'Semaine-12',1654,,86882,45,0,5 11,1
