3100,'Samedi-1',720,,80085,27,,,1,105,,80086,27,,,1,102,,80087,27,,,1,100,,80088,27,,,1,102,,80089,27,,,1,102,,80090,27,,,1,101,,80091,27,,,1,100,,80092,27,,,1,100,,80093,27,,,1,102,,80094,27,,,1,100,,80095,27,,,1,100,,80096,27,,,1,93,,80097,27,,,1,100,,80098,27,,,1,100,,80099,27,,,1,100,,80100,27,,,1,101,,80101,27,,,1,100,,80102,27,,,1,100,,80103,27,,,1
3100,'Samedi-10',720,,66103,27,,,1,105,,66104,27,,,1,102,,66105,27,,,1,100,,66106,27,,,1,102,,66107,27,,,1,102,,66108,27,,,1,101,,66109,27,,,1,100,,66110,27,,,1,100,,66111,27,,,1,102,,66112,27,,,1,100,,66113,27,,,1,100,,66114,27,,,1,93,,66115,27,,,1,100,,66116,27,,,1,100,,66117,27,,,1,100,,66118,27,,,1,101,,66119,27,,,1,100,,66120,27,,,1,100,,66121,27,,,1
3100,'Dimanche-1',720,,80108,27,,,1,105,,80110,27,,,1,102,,80109,27,,,1,100,,80117,27,,,1,102,,80112,27,,,1,102,,80104,27,,,1,101,,80107,27,,,1,100,,80106,27,,,1,100,,80105,27,,,1,102,,80111,27,,,1,100,,80113,27,,,1,100,,80114,27,,,1,93,,80116,27,,,1,100,,80115,27,,,1,100,,80118,27,,,1,100,,80119,27,,,1,101,,80120,27,,,1,100,,80121,27,,,1,100,,80122,27,,,1
3100,'Semaine-1',628,,80127,27,,,1,84,,80160,27,,,1,21,,80140,27,,,1,21,,80128,27,,,1,55,,80165,27,,,1,21,,80162,27,,,1,21,,80124,27,,,1,58,,80137,27,,,1,23,,80138,27,,,1,9,,80129,27,,,1,64,,80131,27,,,1,20,,80148,27,,,1,27,,80149,27,,,1,71,,80130,27,,,1,30,,80135,27,,,1,70,,80154,27,,,1,30,,80151,27,,,1,57,,80132,27,,,1,13,,80125,27,,,1,19,,80159,27,,,1,60,,80163,27,,,1,18,,80150,27,,,1,29,,80133,27,,,1,63,,80153,27,,,1,10,,80155,27,,,1,35,,80161,27,,,1,64,,80152,27,,,1,18,,80134,27,,,1,19,,80145,27,,,1,63,,80147,27,,,1,19,,80136,27,,,1,17,,80123,27,,,1,55,,80126,27,,,1,10,,80157,27,,,1,29,,80164,27,,,1,52,,80142,27,,,1,20,,80158,27,,,1,106,,80143,27,,,1,99,,80139,27,,,1,100,,80144,27,,,1,100,,80146,27,,,1,100,,80156,27,,,1,100,,80141,27,,,1
3100,'Semaine-12',628,,80170,27,,,1,84,,80203,27,,,1,21,,80183,27,,,1,21,,80171,27,,,1,55,,80208,27,,,1,21,,80205,27,,,1,21,,80167,27,,,1,58,,80180,27,,,1,23,,80181,27,,,1,9,,80172,27,,,1,64,,80174,27,,,1,20,,80191,27,,,1,27,,80192,27,,,1,71,,80173,27,,,1,30,,80178,27,,,1,70,,80197,27,,,1,30,,80194,27,,,1,57,,80175,27,,,1,13,,80168,27,,,1,19,,80202,27,,,1,60,,80206,27,,,1,18,,80193,27,,,1,29,,80176,27,,,1,63,,80196,27,,,1,10,,80198,27,,,1,35,,80204,27,,,1,64,,80195,27,,,1,18,,80177,27,,,1,19,,80188,27,,,1,63,,80190,27,,,1,19,,80179,27,,,1,17,,80166,27,,,1,55,,80169,27,,,1,10,,80200,27,,,1,29,,80207,27,,,1,52,,80185,27,,,1,20,,80201,27,,,1,106,,80186,27,,,1,99,,80182,27,,,1,100,,80187,27,,,1,100,,80189,27,,,1,100,,80199,27,,,1,100,,80184,27,,,1
3600,'Semaine-1',915,,81164,25,,,1,100,,81165,25,,,1,102,,81163,25,,,1,100,,81166,25,,,1,100,,81168,25,,,1,100,,81169,25,,,1,99,,81167,25,,,1
3600,'Semaine-12',915,,81171,25,,,1,100,,81172,25,,,1,102,,81170,25,,,1,100,,81173,25,,,1,100,,81175,25,,,1,100,,81176,25,,,1,99,,81174,25,,,1
4801,'Semaine-1',744,,81999,36,,,1
4801,'Semaine-12',744,,82000,36,,,1
32501,'Semaine-1',833,,85899,31,0,7 8,1,3,,85900,31,0,7 8,1
32501,'Semaine-12',833,,85901,31,0,7 8,1,3,,85902,31,0,7 8,1
32601,'Semaine-1',829,,85905,28,0,7 8,1
32601,'Semaine-12',829,,85906,28,0,7 8,1
43101,'Semaine-1',732,,86775,2,0,9 14,1
43101,'Semaine-12',732,,86776,2,0,9 14,1
56900,'Semaine-1',1519,,86821,3,0,5 6,2
56900,'Semaine-12',1519,,86822,3,0,5 6,2
57600,'Semaine-1',1519,,86829,3,0,5 6,1
57600,'Semaine-12',1519,,86830,3,0,5 6,1
