3900,'Samedi-1',639,,81669,7,,,1,101,,81670,7,,,1,100,,81674,7,,,1,101,,81673,7,,,1,100,,81676,7,,,1,100,,81675,7,,,1,102,,81671,7,,,1,70,,81672,7,,,1,30,,81677,7,,,1,71,,81678,7,,,1,30,,81679,7,,,1,70,,81680,7,,,1,31,,81681,7,,,1,70,,81682,7,,,1,30,,81683,7,,,1,70,,81684,7,,,1,30,,81685,7,,,1,69,,81686,7,,,1,29,,81687,7,,,1,69,,81688,7,,,1,100,,81689,7,,,1,100,,81690,7,,,1,100,,81691,7,,,1,100,,81692,7,,,1
3900,'Samedi-10',639,,69204,7,,,1,101,,69205,7,,,1,100,,69209,7,,,1,101,,69208,7,,,1,100,,69211,7,,,1,100,,69210,7,,,1,102,,69206,7,,,1,70,,69207,7,,,1,30,,69212,7,,,1,71,,69213,7,,,1,30,,69214,7,,,1,70,,69215,7,,,1,31,,69216,7,,,1,70,,69217,7,,,1,30,,69218,7,,,1,70,,69219,7,,,1,30,,69220,7,,,1,69,,69221,7,,,1,29,,69222,7,,,1,69,,69223,7,,,1,100,,69224,7,,,1,100,,69225,7,,,1,100,,69226,7,,,1,100,,69227,7,,,1
3900,'Dimanche-1',639,,81693,7,,,1,101,,81700,7,,,1,100,,81703,7,,,1,101,,81696,7,,,1,100,,81698,7,,,1,100,,81699,7,,,1,102,,81702,7,,,1,70,,81695,7,,,1,30,,81697,7,,,1,71,,81704,7,,,1,30,,81694,7,,,1,70,,81705,7,,,1,31,,81701,7,,,1,70,,81708,7,,,1,30,,81711,7,,,1,70,,81713,7,,,1,30,,81707,7,,,1,69,,81710,7,,,1,29,,81712,7,,,1,69,,81706,7,,,1,100,,81709,7,,,1,100,,81714,7,,,1,100,,81715,7,,,1,100,,81716,7,,,1
3900,'Semaine-1',616,,81734,7,,,1,22,,81720,7,,,1,69,,81739,7,,,1,29,,81732,7,,,1,75,,81733,7,,,1,33,,81731,7,,,1,72,,81728,7,,,1,30,,81745,7,,,2,70,,81740,7,,,1,30,,81752,7,,,1,70,,81737,7,,,2,30,,81741,7,,,1,70,,81729,7,,,1,31,,81727,7,,,1,70,,81742,7,,,1,29,,81730,7,,,2,70,,81717,7,,,1,34,,81743,7,,,1,73,,81724,7,,,1,29,,81726,7,,,1,72,,81744,7,,,2,32,,81723,7,,,1,68,,81718,7,,,1,29,,81746,7,,,1,67,,81725,7,,,1,32,,81719,7,,,2,69,,81747,7,,,2,32,,81722,7,,,1,65,,81738,7,,,2,26,,81748,7,,,1,70,,81721,7,,,1,30,,81736,7,,,1,69,,81749,7,,,1,30,,81735,7,,,1,72,,81751,7,,,1,28,,81750,7,,,1
3900,'Semaine-12',616,,81770,7,,,1,22,,81756,7,,,1,69,,81775,7,,,1,29,,81768,7,,,1,75,,81769,7,,,1,33,,81767,7,,,1,72,,81764,7,,,1,30,,81781,7,,,2,70,,81776,7,,,1,30,,81788,7,,,1,70,,81773,7,,,2,30,,81777,7,,,1,70,,81765,7,,,1,31,,81763,7,,,1,70,,81778,7,,,1,29,,81766,7,,,2,70,,81753,7,,,1,34,,81779,7,,,1,73,,81760,7,,,1,29,,81762,7,,,1,72,,81780,7,,,2,32,,81759,7,,,1,68,,81754,7,,,1,29,,81782,7,,,1,67,,81761,7,,,1,32,,81755,7,,,2,69,,81783,7,,,2,32,,81758,7,,,1,65,,81774,7,,,2,26,,81784,7,,,1,70,,81757,7,,,1,30,,81772,7,,,1,69,,81785,7,,,1,30,,81771,7,,,1,72,,81787,7,,,1,28,,81786,7,,,1
5000,'Semaine-1',649,,82216,23,,,1,62,,82214,23,,,1,7,,82215,2,,,2,25,,82217,23,,,2,70,,82213,23,,,1,107,,82218,23,,,1
5000,'Semaine-12',649,,82222,23,,,1,62,,82220,23,,,1,7,,82221,2,,,2,25,,82223,23,,,2,70,,82219,23,,,1,107,,82224,23,,,1
55000,'Semaine-1',704,,86799,23,0,5 6,1,2,,86800,23,0,5 6,1
55000,'Semaine-12',704,,86801,23,0,5 6,1,2,,86802,23,0,5 6,1
63901,'Semaine-1',710,,86835,24,0,9 10,1
63901,'Semaine-12',710,,86836,24,0,9 10,1
