9301,'Semaine-1',553,,85514,11,,,2,60,,85512,11,,,1,20,,85511,11,,,1,71,,85515,11,,,1,30,,85513,11,,,2
9301,'Semaine-12',553,,85519,11,,,2,60,,85517,11,,,1,20,,85516,11,,,1,71,,85520,11,,,1,30,,85518,11,,,2
9401,'Semaine-1',534,,85521,11,,,1
9401,'Semaine-12',534,,85522,11,,,1
9701,'Samedi-1',757,,85635,56,,,1,100,,85638,56,,,1,101,,85636,56,,,1,100,,85639,56,,,1,99,,85633,56,,,1,100,,85634,56,,,1,101,,85637,56,,,1,100,,85640,56,,,1,100,,85641,56,,,1,100,,85642,56,,,1,100,,85643,56,,,1,100,,85644,56,,,1,100,,85648,56,,,1,100,,85645,56,,,1,99,,85646,56,,,1,100,,85647,56,,,1
9701,'Samedi-10',757,,76971,56,,,1,100,,76974,56,,,1,101,,76972,56,,,1,100,,76975,56,,,1,99,,76969,56,,,1,100,,76970,56,,,1,101,,76973,56,,,1,100,,76976,56,,,1,100,,76977,56,,,1,100,,76978,56,,,1,100,,76979,56,,,1,100,,76980,56,,,1,100,,76984,56,,,1,100,,76981,56,,,1,99,,76982,56,,,1,100,,76983,56,,,1
9701,'Dimanche-1',757,,85654,56,,,1,100,,85661,56,,,1,101,,85650,56,,,1,100,,85657,56,,,1,99,,85656,56,,,1,100,,85649,56,,,1,101,,85653,56,,,1,100,,85651,56,,,1,100,,85652,56,,,1,100,,85655,56,,,1,100,,85658,56,,,1,100,,85659,56,,,1,100,,85660,56,,,1,100,,85662,56,,,1,99,,85663,56,,,1,100,,85664,56,,,1
9701,'Semaine-1',639,,85665,56,,,2,97,,85666,56,,,1,113,,85667,56,,,1,109,,85668,56,,,1,99,,85669,56,,,1,100,,85670,56,,,1,100,,85671,56,,,1,99,,85672,56,,,1,101,,85673,56,,,1,144,,85674,56,,,1,55,,85675,56,,,1,144,,85676,56,,,1,56,,85677,56,,,1,98,,85678,56,,,1,100,,85679,56,,,1,98,,85680,56,,,1,100,,85681,56,,,1
9701,'Semaine-12',639,,85682,56,,,2,97,,85683,56,,,1,113,,85684,56,,,1,109,,85685,56,,,1,99,,85686,56,,,1,100,,85687,56,,,1,100,,85688,56,,,1,99,,85689,56,,,1,101,,85690,56,,,1,144,,85691,56,,,1,55,,85692,56,,,1,144,,85693,56,,,1,56,,85694,56,,,1,98,,85695,56,,,1,100,,85696,56,,,1,98,,85697,56,,,1,100,,85698,56,,,1
29701,'Semaine-1',1525,,85892,32,0,19,2
29701,'Semaine-12',1525,,85894,32,0,19,2
