3601,'Semaine-0',847,,68141,16,,,1,90,,68139,16,,,1,100,,68142,16,,,1,100,,68140,16,,,1,99,,68145,16,,,1,100,,68144,16,,,1,101,,68143,16,,,1
3601,'Semaine-10',847,,68148,16,,,1,90,,68146,16,,,1,100,,68149,16,,,1,100,,68147,16,,,1,99,,68152,16,,,1,100,,68151,16,,,1,101,,68150,16,,,1
3601,'Semaine-11',847,,68155,16,,,1,90,,68153,16,,,1,100,,68156,16,,,1,100,,68154,16,,,1,99,,68159,16,,,1,100,,68158,16,,,1,101,,68157,16,,,1
3701,'Samedi-0',652,,68356,16,,,1,100,,68361,16,,,1,100,,68355,16,,,1,100,,68360,16,,,1,100,,68357,16,,,1,100,,68358,16,,,1,100,,68362,16,,,1,99,,68359,16,,,1,100,,68363,16,,,1,100,,68364,16,,,1,100,,68365,16,,,1,102,,68366,16,,,1,100,,68367,16,,,1,100,,68368,16,,,1,100,,68369,16,,,1,99,,68370,16,,,1,101,,68371,16,,,1
3701,'Samedi-10',652,,68373,16,,,1,100,,68378,16,,,1,100,,68372,16,,,1,100,,68377,16,,,1,100,,68374,16,,,1,100,,68375,16,,,1,100,,68379,16,,,1,99,,68376,16,,,1,100,,68380,16,,,1,100,,68381,16,,,1,100,,68382,16,,,1,102,,68383,16,,,1,100,,68384,16,,,1,100,,68385,16,,,1,100,,68386,16,,,1,99,,68387,16,,,1,101,,68388,16,,,1
3701,'Samedi-11',652,,68390,16,,,1,100,,68395,16,,,1,100,,68389,16,,,1,100,,68394,16,,,1,100,,68391,16,,,1,100,,68392,16,,,1,100,,68396,16,,,1,99,,68393,16,,,1,100,,68397,16,,,1,100,,68398,16,,,1,100,,68399,16,,,1,102,,68400,16,,,1,100,,68401,16,,,1,100,,68402,16,,,1,100,,68403,16,,,1,99,,68404,16,,,1,101,,68405,16,,,1
3701,'Dimanche-0',652,,68407,16,,,1,100,,68408,16,,,1,100,,68410,16,,,1,100,,68411,16,,,1,100,,68419,16,,,1,100,,68406,16,,,1,100,,68412,16,,,1,99,,68409,16,,,1,100,,68414,16,,,1,100,,68415,16,,,1,100,,68417,16,,,1,102,,68416,16,,,1,100,,68413,16,,,1,100,,68418,16,,,1,100,,68420,16,,,1,99,,68421,16,,,1,101,,68422,16,,,1
3701,'Dimanche-10',652,,68424,16,,,1,100,,68425,16,,,1,100,,68427,16,,,1,100,,68428,16,,,1,100,,68436,16,,,1,100,,68423,16,,,1,100,,68429,16,,,1,99,,68426,16,,,1,100,,68431,16,,,1,100,,68432,16,,,1,100,,68434,16,,,1,102,,68433,16,,,1,100,,68430,16,,,1,100,,68435,16,,,1,100,,68437,16,,,1,99,,68438,16,,,1,101,,68439,16,,,1
3701,'Semaine-0',519,,68470,16,,,1,29,,68468,16,,,1,75,,68472,16,,,1,30,,68462,16,,,1,72,,68479,16,,,1,16,,68459,16,,,1,14,,68480,16,,,1,70,,68461,16,,,1,97,,68478,16,,,1,100,,68466,16,,,1,100,,68460,16,,,1,100,,68458,16,,,1,100,,68463,16,,,1,100,,68474,16,,,1,99,,68457,16,,,1,30,,68473,16,,,1,71,,68476,16,,,1,29,,68471,16,,,1,71,,68477,16,,,1,30,,68481,16,,,1,85,,68465,16,,,1,100,,68475,16,,,1,100,,68467,16,,,1,102,,68464,16,,,1,95,,68469,16,,,1
3701,'Semaine-10',519,,68495,16,,,1,29,,68493,16,,,1,75,,68497,16,,,1,30,,68487,16,,,1,72,,68504,16,,,1,16,,68484,16,,,1,14,,68505,16,,,1,70,,68486,16,,,1,97,,68503,16,,,1,100,,68491,16,,,1,100,,68485,16,,,1,100,,68483,16,,,1,100,,68488,16,,,1,100,,68499,16,,,1,99,,68482,16,,,1,30,,68498,16,,,1,71,,68501,16,,,1,29,,68496,16,,,1,71,,68502,16,,,1,30,,68506,16,,,1,85,,68490,16,,,1,100,,68500,16,,,1,100,,68492,16,,,1,102,,68489,16,,,1,95,,68494,16,,,1
3701,'Semaine-11',519,,68520,16,,,1,29,,68518,16,,,1,75,,68522,16,,,1,30,,68512,16,,,1,72,,68529,16,,,1,16,,68509,16,,,1,14,,68530,16,,,1,70,,68511,16,,,1,97,,68528,16,,,1,100,,68516,16,,,1,100,,68510,16,,,1,100,,68508,16,,,1,100,,68513,16,,,1,100,,68524,16,,,1,99,,68507,16,,,1,30,,68523,16,,,1,71,,68526,16,,,1,29,,68521,16,,,1,71,,68527,16,,,1,30,,68531,16,,,1,85,,68515,16,,,1,100,,68525,16,,,1,100,,68517,16,,,1,102,,68514,16,,,1,95,,68519,16,,,1
37101,'Samedi-0',722,,77608,16,,,1,100,,77607,16,,,1,99,,77611,16,,,1,100,,77610,16,,,1,101,,77612,16,,,1,99,,77609,16,,,1,99,,77613,16,,,1,99,,77614,16,,,1,102,,77615,16,,,1,99,,77616,16,,,1,100,,77617,16,,,1,105,,77618,16,,,1,95,,77619,16,,,1,101,,77620,16,,,1,100,,77621,16,,,1,102,,77622,16,,,1,100,,77623,16,,,1
37101,'Samedi-10',722,,77625,16,,,1,100,,77624,16,,,1,99,,77628,16,,,1,100,,77627,16,,,1,101,,77629,16,,,1,99,,77626,16,,,1,99,,77630,16,,,1,99,,77631,16,,,1,102,,77632,16,,,1,99,,77633,16,,,1,100,,77634,16,,,1,105,,77635,16,,,1,95,,77636,16,,,1,101,,77637,16,,,1,100,,77638,16,,,1,102,,77639,16,,,1,100,,77640,16,,,1
37101,'Samedi-11',722,,77642,16,,,1,100,,77641,16,,,1,99,,77645,16,,,1,100,,77644,16,,,1,101,,77646,16,,,1,99,,77643,16,,,1,99,,77647,16,,,1,99,,77648,16,,,1,102,,77649,16,,,1,99,,77650,16,,,1,100,,77651,16,,,1,105,,77652,16,,,1,95,,77653,16,,,1,101,,77654,16,,,1,100,,77655,16,,,1,102,,77656,16,,,1,100,,77657,16,,,1
37101,'Dimanche-0',722,,77671,16,,,1,100,,77660,16,,,1,99,,77661,16,,,1,100,,77658,16,,,1,101,,77663,16,,,1,99,,77659,16,,,1,99,,77662,16,,,1,99,,77665,16,,,1,102,,77664,16,,,1,99,,77666,16,,,1,100,,77670,16,,,1,105,,77669,16,,,1,95,,77667,16,,,1,101,,77668,16,,,1,100,,77672,16,,,1,102,,77673,16,,,1,100,,77674,16,,,1
37101,'Dimanche-10',722,,77688,16,,,1,100,,77677,16,,,1,99,,77678,16,,,1,100,,77675,16,,,1,101,,77680,16,,,1,99,,77676,16,,,1,99,,77679,16,,,1,99,,77682,16,,,1,102,,77681,16,,,1,99,,77683,16,,,1,100,,77687,16,,,1,105,,77686,16,,,1,95,,77684,16,,,1,101,,77685,16,,,1,100,,77689,16,,,1,102,,77690,16,,,1,100,,77691,16,,,1
37101,'Semaine-0',530,,77725,16,,,1,71,,77728,16,,,1,30,,77721,16,,,1,69,,77723,16,,,1,31,,77733,16,,,1,70,,77732,16,,,1,30,,77727,16,,,1,72,,77711,16,,,1,98,,77718,16,,,1,100,,77716,16,,,1,100,,77717,16,,,1,100,,77731,16,,,1,100,,77714,16,,,1,100,,77715,16,,,1,29,,77712,16,,,1,70,,77719,16,,,1,31,,77729,16,,,1,70,,77730,16,,,1,30,,77709,16,,,1,80,,77713,16,,,1,96,,77724,16,,,1,100,,77726,16,,,1,100,,77710,16,,,1,99,,77720,16,,,1,145,,77722,16,,,1
37101,'Semaine-10',530,,77750,16,,,1,71,,77753,16,,,1,30,,77746,16,,,1,69,,77748,16,,,1,31,,77758,16,,,1,70,,77757,16,,,1,30,,77752,16,,,1,72,,77736,16,,,1,98,,77743,16,,,1,100,,77741,16,,,1,100,,77742,16,,,1,100,,77756,16,,,1,100,,77739,16,,,1,100,,77740,16,,,1,29,,77737,16,,,1,70,,77744,16,,,1,31,,77754,16,,,1,70,,77755,16,,,1,30,,77734,16,,,1,80,,77738,16,,,1,96,,77749,16,,,1,100,,77751,16,,,1,100,,77735,16,,,1,99,,77745,16,,,1,145,,77747,16,,,1
37101,'Semaine-11',530,,77775,16,,,1,71,,77778,16,,,1,30,,77771,16,,,1,69,,77773,16,,,1,31,,77783,16,,,1,70,,77782,16,,,1,30,,77777,16,,,1,72,,77761,16,,,1,98,,77768,16,,,1,100,,77766,16,,,1,100,,77767,16,,,1,100,,77781,16,,,1,100,,77764,16,,,1,100,,77765,16,,,1,29,,77762,16,,,1,70,,77769,16,,,1,31,,77779,16,,,1,70,,77780,16,,,1,30,,77759,16,,,1,80,,77763,16,,,1,96,,77774,16,,,1,100,,77776,16,,,1,100,,77760,16,,,1,99,,77770,16,,,1,145,,77772,16,,,1
43701,'Semaine-0',1508,,79273,16,0,9 14,1
43701,'Semaine-10',1508,,79275,16,0,9 14,1
43701,'Semaine-11',1508,,79277,16,0,9 14,1
