2301,'Semaine-1',617,,79986,10,,,1,30,,79983,10,,,2,70,,79987,10,,,1,34,,79985,10,,,2,67,,79984,10,,,1
2301,'Semaine-12',617,,79991,10,,,1,30,,79988,10,,,2,70,,79992,10,,,1,34,,79990,10,,,2,67,,79989,10,,,1
2501,'Semaine-1',603,,80009,17,,,2,30,,80008,17,,,1,70,,80006,17,,,1,30,,80007,17,,,2,71,,80010,17,,,1,28,,80005,17,,,2
2501,'Semaine-12',603,,80015,17,,,2,30,,80014,17,,,1,70,,80012,17,,,1,30,,80013,17,,,2,71,,80016,17,,,1,28,,80011,17,,,2
2801,'Semaine-1',644,,80062,13,,,1,74,,80063,13,,,2,100,,80061,13,,,2
2801,'Semaine-12',644,,80065,13,,,1,74,,80066,13,,,2,100,,80064,13,,,2
4900,'Samedi-1',735,,82003,36,,,1,100,,82004,36,,,1,102,,82001,36,,,1,100,,82005,36,,,1,100,,82002,36,,,1,101,,82006,36,,,1,98,,82007,36,,,1,102,,82008,36,,,1,100,,82009,36,,,1,100,,82010,36,,,1,100,,82011,36,,,1,97,,82012,36,,,1,100,,82013,36,,,1,100,,82014,36,,,1,100,,82015,36,,,1,100,,82016,36,,,1,98,,82017,36,,,1
4900,'Samedi-10',735,,69841,36,,,1,100,,69842,36,,,1,102,,69839,36,,,1,100,,69843,36,,,1,100,,69840,36,,,1,101,,69844,36,,,1,98,,69845,36,,,1,102,,69846,36,,,1,100,,69847,36,,,1,100,,69848,36,,,1,100,,69849,36,,,1,97,,69850,36,,,1,100,,69851,36,,,1,100,,69852,36,,,1,100,,69853,36,,,1,100,,69854,36,,,1,98,,69855,36,,,1
4900,'Dimanche-1',735,,82018,36,,,1,100,,82031,36,,,1,102,,82019,36,,,1,100,,82030,36,,,1,100,,82022,36,,,1,101,,82021,36,,,1,98,,82025,36,,,1,102,,82020,36,,,1,100,,82024,36,,,1,100,,82023,36,,,1,100,,82027,36,,,1,97,,82029,36,,,1,100,,82026,36,,,1,100,,82028,36,,,1,100,,82032,36,,,1,100,,82033,36,,,1,98,,82034,36,,,1
4900,'Semaine-1',649,,82062,36,,,1,55,,82057,23,,,1,3,,82069,23,,,1,4,,82045,23,,,1,6,,82068,23,,,1,4,,82073,36,,,1,3,,82072,23,,,1,4,,82071,23,,,1,5,,82070,23,,,1,21,,82065,36,,,1,67,,82061,23,,,1,33,,82060,36,,,1,71,,82055,36,,,1,28,,82047,36,,,1,71,,82067,36,,,1,33,,82063,36,,,1,70,,82058,36,,,1,30,,82035,36,,,1,70,,82056,36,,,1,30,,82037,36,,,1,70,,82042,36,,,1,30,,82044,36,,,1,70,,82048,36,,,1,30,,82064,36,,,1,77,,82046,36,,,1,70,,82049,36,,,1,30,,82040,36,,,1,70,,82052,36,,,1,30,,82043,36,,,1,67,,82041,36,,,1,30,,82059,36,,,1,27,,82053,36,,,1,97,,82036,36,,,1,99,,82054,36,,,1,101,,82051,36,,,1,97,,82038,36,,,1,98,,82050,36,,,1,100,,82039,36,,,1
4900,'Semaine-12',649,,82101,36,,,1,55,,82096,23,,,1,3,,82108,23,,,1,4,,82084,23,,,1,6,,82107,23,,,1,4,,82112,36,,,1,3,,82111,23,,,1,4,,82110,23,,,1,5,,82109,23,,,1,21,,82104,36,,,1,67,,82100,23,,,1,33,,82099,36,,,1,71,,82094,36,,,1,28,,82086,36,,,1,71,,82106,36,,,1,33,,82102,36,,,1,70,,82097,36,,,1,30,,82074,36,,,1,70,,82095,36,,,1,30,,82076,36,,,1,70,,82081,36,,,1,30,,82083,36,,,1,70,,82087,36,,,1,30,,82103,36,,,1,77,,82085,36,,,1,70,,82088,36,,,1,30,,82079,36,,,1,70,,82091,36,,,1,30,,82082,36,,,1,67,,82080,36,,,1,30,,82098,36,,,1,27,,82092,36,,,1,97,,82075,36,,,1,99,,82093,36,,,1,101,,82090,36,,,1,97,,82077,36,,,1,98,,82089,36,,,1,100,,82078,36,,,1
32501,'Semaine-1',818,,85899,17,0,7 8,1,3,,85900,17,0,7 8,1
32501,'Semaine-12',818,,85901,17,0,7 8,1,3,,85902,17,0,7 8,1
42500,'Semaine-1',705,,86753,17,0,9 14,1,2,,86754,17,0,9 14,2
42500,'Semaine-12',705,,86755,17,0,9 14,1,2,,86756,17,0,9 14,2
72501,'Semaine-1',814,,86869,17,0,5 11,2
72501,'Semaine-12',814,,86870,17,0,5 11,2
82501,'Semaine-1',746,,87116,17,0,9 12 13,1,1,,87117,17,0,9 12 13,1
82501,'Semaine-12',746,,87118,17,0,9 12 13,1,1,,87119,17,0,9 12 13,1
