3900,'Samedi-1',643,,81669,14,,,1,101,,81670,14,,,1,100,,81674,14,,,1,101,,81673,14,,,1,100,,81676,14,,,1,101,,81675,14,,,1,102,,81671,14,,,1,70,,81672,14,,,1,30,,81677,14,,,1,71,,81678,14,,,1,30,,81679,14,,,1,70,,81680,14,,,1,31,,81681,14,,,1,70,,81682,14,,,1,30,,81683,14,,,1,70,,81684,14,,,1,30,,81685,14,,,1,69,,81686,14,,,1,29,,81687,14,,,1,68,,81688,14,,,1,100,,81689,14,,,1,100,,81690,14,,,1,100,,81691,14,,,1,100,,81692,14,,,1
3900,'Samedi-10',643,,69204,14,,,1,101,,69205,14,,,1,100,,69209,14,,,1,101,,69208,14,,,1,100,,69211,14,,,1,101,,69210,14,,,1,102,,69206,14,,,1,70,,69207,14,,,1,30,,69212,14,,,1,71,,69213,14,,,1,30,,69214,14,,,1,70,,69215,14,,,1,31,,69216,14,,,1,70,,69217,14,,,1,30,,69218,14,,,1,70,,69219,14,,,1,30,,69220,14,,,1,69,,69221,14,,,1,29,,69222,14,,,1,68,,69223,14,,,1,100,,69224,14,,,1,100,,69225,14,,,1,100,,69226,14,,,1,100,,69227,14,,,1
3900,'Dimanche-1',643,,81693,14,,,1,101,,81700,14,,,1,100,,81703,14,,,1,101,,81696,14,,,1,100,,81698,14,,,1,101,,81699,14,,,1,102,,81702,14,,,1,70,,81695,14,,,1,30,,81697,14,,,1,71,,81704,14,,,1,30,,81694,14,,,1,70,,81705,14,,,1,31,,81701,14,,,1,70,,81708,14,,,1,30,,81711,14,,,1,70,,81713,14,,,1,30,,81707,14,,,1,69,,81710,14,,,1,29,,81712,14,,,1,68,,81706,14,,,1,100,,81709,14,,,1,100,,81714,14,,,1,100,,81715,14,,,1,100,,81716,14,,,1
3900,'Semaine-1',619,,81734,14,,,1,22,,81720,14,,,1,71,,81739,14,,,1,29,,81732,14,,,1,75,,81733,14,,,1,32,,81731,14,,,1,72,,81728,14,,,1,30,,81745,14,,,2,70,,81740,14,,,1,30,,81752,14,,,1,70,,81737,14,,,2,30,,81741,14,,,1,70,,81729,14,,,1,31,,81727,14,,,1,70,,81742,14,,,1,29,,81730,14,,,2,70,,81717,14,,,1,34,,81743,14,,,1,73,,81724,14,,,1,29,,81726,14,,,1,72,,81744,14,,,2,72,,81723,14,,,1,28,,81718,14,,,1,29,,81746,14,,,1,67,,81725,14,,,1,31,,81719,14,,,2,69,,81747,14,,,2,32,,81722,14,,,1,65,,81738,14,,,2,26,,81748,14,,,1,70,,81721,14,,,1,30,,81736,14,,,1,69,,81749,14,,,1,30,,81735,14,,,1,72,,81751,14,,,1,28,,81750,14,,,1
3900,'Semaine-12',619,,81770,14,,,1,22,,81756,14,,,1,71,,81775,14,,,1,29,,81768,14,,,1,75,,81769,14,,,1,32,,81767,14,,,1,72,,81764,14,,,1,30,,81781,14,,,2,70,,81776,14,,,1,30,,81788,14,,,1,70,,81773,14,,,2,30,,81777,14,,,1,70,,81765,14,,,1,31,,81763,14,,,1,70,,81778,14,,,1,29,,81766,14,,,2,70,,81753,14,,,1,34,,81779,14,,,1,73,,81760,14,,,1,29,,81762,14,,,1,72,,81780,14,,,2,72,,81759,14,,,1,28,,81754,14,,,1,29,,81782,14,,,1,67,,81761,14,,,1,31,,81755,14,,,2,69,,81783,14,,,2,32,,81758,14,,,1,65,,81774,14,,,2,26,,81784,14,,,1,70,,81757,14,,,1,30,,81772,14,,,1,69,,81785,14,,,1,30,,81771,14,,,1,72,,81787,14,,,1,28,,81786,14,,,1
5000,'Semaine-1',655,,82216,30,,,1,62,,82214,30,,,1,7,,82215,9,,,2,25,,82217,30,,,2,70,,82213,30,,,1,107,,82218,30,,,1
5000,'Semaine-12',655,,82222,30,,,1,62,,82220,30,,,1,7,,82221,9,,,2,25,,82223,30,,,2,70,,82219,30,,,1,107,,82224,30,,,1
55000,'Semaine-1',710,,86799,30,0,5 6,1,2,,86800,30,0,5 6,1
55000,'Semaine-12',710,,86801,30,0,5 6,1,2,,86802,30,0,5 6,1
63901,'Semaine-1',715,,86835,31,0,9 10,1
63901,'Semaine-12',715,,86836,31,0,9 10,1
