4200,'Semaine-1',624,,81951,15,,,1,105,,81952,15,,,1,903,,81953,15,,,1,99,,81954,15,,,1
4200,'Semaine-12',624,,81955,15,,,1,105,,81956,15,,,1,903,,81957,15,,,1,99,,81958,15,,,1
5200,'Samedi-1',627,,82231,4,,,1,100,,82232,4,,,1,100,,82233,4,,,1,100,,82234,4,,,1,101,,82235,4,,,1,101,,82236,4,,,1,101,,82237,4,,,1,100,,82238,4,,,1,99,,82239,4,,,1,100,,82240,4,,,1,100,,82241,4,,,1,100,,82242,4,,,1,99,,82243,4,,,1,100,,82246,4,,,1,100,,82244,4,,,1,100,,82245,4,,,1,99,,82247,4,,,1,100,,82248,4,,,1
5200,'Samedi-10',627,,70287,4,,,1,100,,70288,4,,,1,100,,70289,4,,,1,100,,70290,4,,,1,101,,70291,4,,,1,101,,70292,4,,,1,101,,70293,4,,,1,100,,70294,4,,,1,99,,70295,4,,,1,100,,70296,4,,,1,100,,70297,4,,,1,100,,70298,4,,,1,99,,70299,4,,,1,100,,70302,4,,,1,100,,70300,4,,,1,100,,70301,4,,,1,99,,70303,4,,,1,100,,70304,4,,,1
5200,'Dimanche-1',627,,82250,4,,,1,100,,82249,4,,,1,100,,82251,4,,,1,100,,82254,4,,,1,101,,82252,4,,,1,101,,82253,4,,,1,101,,82257,4,,,1,100,,82256,4,,,1,99,,82258,4,,,1,100,,82255,4,,,1,100,,82259,4,,,1,100,,82261,4,,,1,99,,82262,4,,,1,100,,82260,4,,,1,100,,82263,4,,,1,100,,82264,4,,,1,99,,82265,4,,,1,100,,82266,4,,,1
5200,'Semaine-1',558,,82270,4,,,1,97,,82272,4,,,1,147,,82267,4,,,1,98,,82283,4,,,1,58,,82281,4,,,1,101,,82268,4,,,1,100,,82275,4,,,1,100,,82274,4,,,1,100,,82271,4,,,1,100,,82269,4,,,1,147,,82273,4,,,1,100,,82284,4,,,1,109,,82282,4,,,1,99,,82276,4,,,1,45,,82280,4,,,1,100,,82279,4,,,1,100,,82277,4,,,1,100,,82278,4,,,1
5200,'Semaine-12',558,,82288,4,,,1,97,,82290,4,,,1,147,,82285,4,,,1,98,,82301,4,,,1,58,,82299,4,,,1,101,,82286,4,,,1,100,,82293,4,,,1,100,,82292,4,,,1,100,,82289,4,,,1,100,,82287,4,,,1,147,,82291,4,,,1,100,,82302,4,,,1,109,,82300,4,,,1,99,,82294,4,,,1,45,,82298,4,,,1,100,,82297,4,,,1,100,,82295,4,,,1,100,,82296,4,,,1
44901,'Semaine-1',1525,,86793,28,0,9 14,1
44901,'Semaine-12',1525,,86794,28,0,9 14,1
65400,'Semaine-1',1511,,86859,8,0,9 10,2
65400,'Semaine-12',1511,,86860,8,0,9 10,2
75400,'Semaine-1',1508,,86896,6,0,9 18,1
75400,'Semaine-12',1508,,86898,6,0,9 18,1
