4500,'Semaine-1',1527,,81964,37,,,1,76,,81959,37,,,1,30,,81960,37,,,1,72,,81962,37,,,1,27,,81963,37,,,1,25,,81961,37,,,2
4500,'Semaine-12',1527,,81970,37,,,1,76,,81965,37,,,1,30,,81966,37,,,1,72,,81968,37,,,1,27,,81969,37,,,1,25,,81967,37,,,2
5200,'Samedi-1',641,,82231,23,,,1,100,,82232,23,,,1,100,,82233,23,,,1,101,,82234,23,,,1,100,,82235,23,,,1,101,,82236,23,,,1,100,,82237,23,,,1,100,,82238,23,,,1,99,,82239,23,,,1,101,,82240,23,,,1,100,,82241,23,,,1,100,,82242,23,,,1,99,,82243,23,,,1,100,,82246,23,,,1,100,,82244,23,,,1,99,,82245,23,,,1,98,,82247,23,,,1,100,,82248,23,,,1
5200,'Samedi-10',641,,70287,23,,,1,100,,70288,23,,,1,100,,70289,23,,,1,101,,70290,23,,,1,100,,70291,23,,,1,101,,70292,23,,,1,100,,70293,23,,,1,100,,70294,23,,,1,99,,70295,23,,,1,101,,70296,23,,,1,100,,70297,23,,,1,100,,70298,23,,,1,99,,70299,23,,,1,100,,70302,23,,,1,100,,70300,23,,,1,99,,70301,23,,,1,98,,70303,23,,,1,100,,70304,23,,,1
5200,'Dimanche-1',641,,82250,23,,,1,100,,82249,23,,,1,100,,82251,23,,,1,101,,82254,23,,,1,100,,82252,23,,,1,101,,82253,23,,,1,100,,82257,23,,,1,100,,82256,23,,,1,99,,82258,23,,,1,101,,82255,23,,,1,100,,82259,23,,,1,100,,82261,23,,,1,99,,82262,23,,,1,100,,82260,23,,,1,100,,82263,23,,,1,99,,82264,23,,,1,98,,82265,23,,,1,100,,82266,23,,,1
5200,'Semaine-1',612,,82270,23,,,1,98,,82272,23,,,1,107,,82267,23,,,1,98,,82283,23,,,1,97,,82281,23,,,1,101,,82268,23,,,1,100,,82275,23,,,1,100,,82274,23,,,1,100,,82271,23,,,1,101,,82269,23,,,1,108,,82273,23,,,1,100,,82284,23,,,1,107,,82282,23,,,1,99,,82276,23,,,1,84,,82280,23,,,1,100,,82279,23,,,1,100,,82277,23,,,1,100,,82278,23,,,1
5200,'Semaine-12',612,,82288,23,,,1,98,,82290,23,,,1,107,,82285,23,,,1,98,,82301,23,,,1,97,,82299,23,,,1,101,,82286,23,,,1,100,,82293,23,,,1,100,,82292,23,,,1,100,,82289,23,,,1,101,,82287,23,,,1,108,,82291,23,,,1,100,,82302,23,,,1,107,,82300,23,,,1,99,,82294,23,,,1,84,,82298,23,,,1,100,,82297,23,,,1,100,,82295,23,,,1,100,,82296,23,,,1
64501,'Semaine-1',1522,,86853,29,0,9 10,1
64501,'Semaine-12',1522,,86854,29,0,9 10,1
75201,'Semaine-1',1516,,86892,15,0,9 18,1
75201,'Semaine-12',1516,,86894,15,0,9 18,1
