3601,'Semaine-1',909,,81179,39,,,1,50,,81177,39,,,1,100,,81180,39,,,1,141,,81178,39,,,1,100,,81183,39,,,1,59,,81182,39,,,1,141,,81181,39,,,1
3601,'Semaine-12',909,,81186,39,,,1,50,,81184,39,,,1,100,,81187,39,,,1,141,,81185,39,,,1,100,,81190,39,,,1,59,,81189,39,,,1,141,,81188,39,,,1
3701,'Samedi-1',707,,81286,32,,,1,100,,81291,32,,,1,100,,81285,32,,,1,102,,81290,32,,,1,100,,81287,32,,,1,100,,81288,32,,,1,100,,81292,32,,,1,101,,81289,32,,,1,100,,81293,32,,,1,100,,81294,32,,,1,100,,81295,32,,,1,99,,81296,32,,,1,100,,81297,32,,,1,100,,81298,32,,,1,100,,81299,32,,,1,97,,81300,32,,,1,100,,81301,32,,,1
3701,'Samedi-10',707,,68373,32,,,1,100,,68378,32,,,1,100,,68372,32,,,1,102,,68377,32,,,1,100,,68374,32,,,1,100,,68375,32,,,1,100,,68379,32,,,1,101,,68376,32,,,1,100,,68380,32,,,1,100,,68381,32,,,1,100,,68382,32,,,1,99,,68383,32,,,1,100,,68384,32,,,1,100,,68385,32,,,1,100,,68386,32,,,1,97,,68387,32,,,1,100,,68388,32,,,1
3701,'Dimanche-1',707,,81303,32,,,1,100,,81304,32,,,1,100,,81306,32,,,1,102,,81307,32,,,1,100,,81315,32,,,1,100,,81302,32,,,1,100,,81308,32,,,1,101,,81305,32,,,1,100,,81310,32,,,1,100,,81311,32,,,1,100,,81313,32,,,1,99,,81312,32,,,1,100,,81309,32,,,1,100,,81314,32,,,1,100,,81316,32,,,1,97,,81317,32,,,1,100,,81318,32,,,1
3701,'Semaine-1',533,,81332,32,,,1,71,,81330,32,,,1,35,,81334,32,,,1,70,,81324,32,,,1,35,,81341,32,,,1,56,,81321,32,,,1,14,,81342,32,,,1,28,,81323,32,,,1,98,,81340,32,,,1,100,,81328,32,,,1,100,,81322,32,,,1,100,,81320,32,,,1,100,,81325,32,,,1,101,,81336,32,,,1,101,,81319,32,,,1,70,,81335,32,,,1,31,,81338,32,,,1,69,,81333,32,,,1,29,,81339,32,,,1,70,,81343,32,,,1,45,,81327,32,,,1,98,,81337,32,,,1,100,,81329,32,,,1,102,,81326,32,,,1,90,,81331,32,,,1
3701,'Semaine-12',533,,81357,32,,,1,71,,81355,32,,,1,35,,81359,32,,,1,70,,81349,32,,,1,35,,81366,32,,,1,56,,81346,32,,,1,14,,81367,32,,,1,28,,81348,32,,,1,98,,81365,32,,,1,100,,81353,32,,,1,100,,81347,32,,,1,100,,81345,32,,,1,100,,81350,32,,,1,101,,81361,32,,,1,101,,81344,32,,,1,70,,81360,32,,,1,31,,81363,32,,,1,69,,81358,32,,,1,29,,81364,32,,,1,70,,81368,32,,,1,45,,81352,32,,,1,98,,81362,32,,,1,100,,81354,32,,,1,102,,81351,32,,,1,90,,81356,32,,,1
37101,'Samedi-1',737,,86004,32,,,1,100,,86003,32,,,1,101,,86007,32,,,1,100,,86006,32,,,1,100,,86008,32,,,1,101,,86005,32,,,1,100,,86009,32,,,1,98,,86010,32,,,1,101,,86011,32,,,1,100,,86012,32,,,1,98,,86013,32,,,1,105,,86014,32,,,1,95,,86015,32,,,1,99,,86016,32,,,1,100,,86017,32,,,1,99,,86018,32,,,1,100,,86019,32,,,1
37101,'Samedi-10',737,,77625,32,,,1,100,,77624,32,,,1,101,,77628,32,,,1,100,,77627,32,,,1,100,,77629,32,,,1,101,,77626,32,,,1,100,,77630,32,,,1,98,,77631,32,,,1,101,,77632,32,,,1,100,,77633,32,,,1,98,,77634,32,,,1,105,,77635,32,,,1,95,,77636,32,,,1,99,,77637,32,,,1,100,,77638,32,,,1,99,,77639,32,,,1,100,,77640,32,,,1
37101,'Dimanche-1',737,,86033,32,,,1,100,,86022,32,,,1,101,,86023,32,,,1,100,,86020,32,,,1,100,,86025,32,,,1,101,,86021,32,,,1,100,,86024,32,,,1,98,,86027,32,,,1,101,,86026,32,,,1,100,,86028,32,,,1,98,,86032,32,,,1,105,,86031,32,,,1,95,,86029,32,,,1,99,,86030,32,,,1,100,,86034,32,,,1,99,,86035,32,,,1,100,,86036,32,,,1
37101,'Semaine-1',545,,86053,32,,,1,72,,86056,32,,,1,32,,86049,32,,,1,69,,86051,32,,,1,32,,86061,32,,,1,70,,86060,32,,,1,29,,86055,32,,,1,72,,86039,32,,,1,98,,86046,32,,,1,100,,86044,32,,,1,101,,86045,32,,,1,100,,86059,32,,,1,100,,86042,32,,,1,100,,86043,32,,,1,31,,86040,32,,,1,70,,86047,32,,,1,30,,86057,32,,,1,69,,86058,32,,,1,30,,86037,32,,,1,80,,86041,32,,,1,94,,86052,32,,,1,100,,86054,32,,,1,100,,86038,32,,,1,100,,86048,32,,,1,183,,86050,32,,,1
37101,'Semaine-12',545,,86078,32,,,1,72,,86081,32,,,1,32,,86074,32,,,1,69,,86076,32,,,1,32,,86086,32,,,1,70,,86085,32,,,1,29,,86080,32,,,1,72,,86064,32,,,1,98,,86071,32,,,1,100,,86069,32,,,1,101,,86070,32,,,1,100,,86084,32,,,1,100,,86067,32,,,1,100,,86068,32,,,1,31,,86065,32,,,1,70,,86072,32,,,1,30,,86082,32,,,1,69,,86083,32,,,1,30,,86062,32,,,1,80,,86066,32,,,1,94,,86077,32,,,1,100,,86079,32,,,1,100,,86063,32,,,1,100,,86073,32,,,1,183,,86075,32,,,1
43701,'Semaine-1',1521,,86788,32,0,9 14,1
43701,'Semaine-12',1521,,86790,32,0,9 14,1
82900,'Semaine-1',1528,,87134,7,0,9 12 13,1
82900,'Semaine-12',1528,,87137,7,0,9 12 13,1
