2700,'Semaine-1',1553,,80039,5,,,1,70,,80037,5,,,2,29,,80041,5,,,1,70,,80038,5,,,2,29,,80040,5,,,2
2700,'Semaine-12',1553,,80044,5,,,1,70,,80042,5,,,2,29,,80046,5,,,1,70,,80043,5,,,2,29,,80045,5,,,2
3300,'Samedi-1',746,,80535,8,,,1,100,,80536,8,,,1,99,,80537,8,,,1,100,,80538,8,,,1,101,,80539,8,,,1,100,,80540,8,,,1,100,,80541,8,,,1,100,,80542,8,,,1,100,,80543,8,,,1,100,,80544,8,,,1,100,,80545,8,,,1,100,,80546,8,,,1,100,,80547,8,,,1,100,,80548,8,,,1,100,,80549,8,,,1,100,,80550,8,,,1,100,,80551,8,,,1,100,,80552,8,,,1
3300,'Samedi-10',746,,66888,8,,,1,100,,66889,8,,,1,99,,66890,8,,,1,100,,66891,8,,,1,101,,66892,8,,,1,100,,66893,8,,,1,100,,66894,8,,,1,100,,66895,8,,,1,100,,66896,8,,,1,100,,66897,8,,,1,100,,66898,8,,,1,100,,66899,8,,,1,100,,66900,8,,,1,100,,66901,8,,,1,100,,66902,8,,,1,100,,66903,8,,,1,100,,66904,8,,,1,100,,66905,8,,,1
3300,'Dimanche-1',746,,80554,8,,,1,100,,80559,8,,,1,99,,80565,8,,,1,100,,80556,8,,,1,101,,80558,8,,,1,100,,80555,8,,,1,100,,80557,8,,,1,100,,80553,8,,,1,100,,80561,8,,,1,100,,80560,8,,,1,100,,80563,8,,,1,100,,80562,8,,,1,100,,80564,8,,,1,100,,80566,8,,,1,100,,80567,8,,,1,100,,80568,8,,,1,100,,80569,8,,,1,100,,80570,8,,,1
3300,'Semaine-1',620,,80596,8,,,1,20,,80595,8,,,1,18,,80602,8,,,1,74,,80575,8,,,1,13,,80589,8,,,1,60,,80597,8,,,1,16,,80610,8,,,1,17,,80603,8,,,1,68,,80587,8,,,1,29,,80605,8,,,1,72,,80590,8,,,1,38,,80580,8,,,1,61,,80599,8,,,1,20,,80585,8,,,1,20,,80592,8,,,1,60,,80581,8,,,1,22,,80607,8,,,1,18,,80588,8,,,1,60,,80609,8,,,1,32,,80594,8,,,1,69,,80582,8,,,1,20,,80604,8,,,1,20,,80600,8,,,1,59,,80593,8,,,1,23,,80572,8,,,1,21,,80584,8,,,1,52,,80591,8,,,1,15,,80608,8,,,1,17,,80606,8,,,1,25,,80601,8,,,1,60,,80579,8,,,1,20,,80578,8,,,1,15,,80583,8,,,1,58,,80571,8,,,1,18,,80576,8,,,1,81,,80611,8,,,1,33,,80586,8,,,1,99,,80577,8,,,1,102,,80573,8,,,1,100,,80598,8,,,2,100,,80612,8,,,1,103,,80574,8,,,1
3300,'Semaine-12',620,,80638,8,,,1,20,,80637,8,,,1,18,,80644,8,,,1,74,,80617,8,,,1,13,,80631,8,,,1,60,,80639,8,,,1,16,,80652,8,,,1,17,,80645,8,,,1,68,,80629,8,,,1,29,,80647,8,,,1,72,,80632,8,,,1,38,,80622,8,,,1,61,,80641,8,,,1,20,,80627,8,,,1,20,,80634,8,,,1,60,,80623,8,,,1,22,,80649,8,,,1,18,,80630,8,,,1,60,,80651,8,,,1,32,,80636,8,,,1,69,,80624,8,,,1,20,,80646,8,,,1,20,,80642,8,,,1,59,,80635,8,,,1,23,,80614,8,,,1,21,,80626,8,,,1,52,,80633,8,,,1,15,,80650,8,,,1,17,,80648,8,,,1,25,,80643,8,,,1,60,,80621,8,,,1,20,,80620,8,,,1,15,,80625,8,,,1,58,,80613,8,,,1,18,,80618,8,,,1,81,,80653,8,,,1,33,,80628,8,,,1,99,,80619,8,,,1,102,,80615,8,,,1,100,,80640,8,,,2,100,,80654,8,,,1,103,,80616,8,,,1
10000,'Semaine-1',1514,,85718,8,,,1,9,,85720,8,,,1,11,,85705,8,,,1,8,,85706,8,,,1,7,,85707,8,,,1,9,,85719,8,,,1,48,,85708,8,,,1,10,,85709,8,,,1,9,,85710,8,,,1,10,,85711,8,,,1,10,,85712,8,,,1,9,,85713,8,,,1,52,,85714,8,,,1,10,,85715,8,,,1,8,,85716,8,,,1,12,,85717,8,,,1
10000,'Semaine-12',1514,,85734,8,,,1,9,,85736,8,,,1,11,,85721,8,,,1,8,,85722,8,,,1,7,,85723,8,,,1,9,,85735,8,,,1,48,,85724,8,,,1,10,,85725,8,,,1,9,,85726,8,,,1,10,,85727,8,,,1,10,,85728,8,,,1,9,,85729,8,,,1,52,,85730,8,,,1,10,,85731,8,,,1,8,,85732,8,,,1,12,,85733,8,,,1
73300,'Semaine-1',1616,,86877,5,,,1
73300,'Semaine-12',1616,,86878,5,,,1
