6401,'Samedi-1',727,,83372,20,,,1,100,,83369,20,,,1,100,,83371,20,,,1,100,,83374,20,,,1,100,,83370,20,,,1,100,,83375,20,,,1,100,,83373,20,,,1,100,,83376,20,,,1,100,,83377,20,,,1,100,,83378,20,,,1,100,,83379,20,,,1
6401,'Samedi-10',727,,72587,20,,,1,100,,72584,20,,,1,100,,72586,20,,,1,100,,72589,20,,,1,100,,72585,20,,,1,100,,72590,20,,,1,100,,72588,20,,,1,100,,72591,20,,,1,100,,72592,20,,,1,100,,72593,20,,,1,100,,72594,20,,,1
6401,'Dimanche-1',727,,83384,20,,,1,100,,83381,20,,,1,100,,83387,20,,,1,100,,83388,20,,,1,100,,83385,20,,,1,100,,83380,20,,,1,100,,83382,20,,,1,100,,83383,20,,,1,100,,83389,20,,,1,100,,83386,20,,,1,100,,83390,20,,,1
6401,'Semaine-1',527,,83391,20,,,2,108,,83401,20,,,2,100,,83403,20,,,1,100,,83400,20,,,1,95,,83408,20,,,1,100,,83395,20,,,1,100,,83394,20,,,1,100,,83406,20,,,1,100,,83402,20,,,2,100,,83404,20,,,1,100,,83405,20,,,1,102,,83396,20,,,1,98,,83392,20,,,1,100,,83393,20,,,1,98,,83399,20,,,1,100,,83397,20,,,1,100,,83398,20,,,1,100,,83407,20,,,1
6401,'Semaine-12',527,,83409,20,,,2,108,,83419,20,,,2,100,,83421,20,,,1,100,,83418,20,,,1,95,,83426,20,,,1,100,,83413,20,,,1,100,,83412,20,,,1,100,,83424,20,,,1,100,,83420,20,,,2,100,,83422,20,,,1,100,,83423,20,,,1,102,,83414,20,,,1,98,,83410,20,,,1,100,,83411,20,,,1,98,,83417,20,,,1,100,,83415,20,,,1,100,,83416,20,,,1,100,,83425,20,,,1
6601,'Samedi-1',654,,83727,23,,,1,100,,83729,23,,,1,100,,83733,23,,,1,100,,83730,23,,,1,100,,83734,23,,,1,100,,83728,23,,,1,100,,83731,23,,,1,100,,83732,23,,,1,100,,83735,23,,,1,100,,83736,23,,,1,100,,83737,23,,,1,100,,83738,23,,,1,100,,83739,23,,,1,100,,83741,23,,,1,100,,83740,23,,,1,100,,83742,23,,,1,100,,83743,23,,,1,100,,83744,23,,,1
6601,'Samedi-10',654,,73314,23,,,1,100,,73316,23,,,1,100,,73320,23,,,1,100,,73317,23,,,1,100,,73321,23,,,1,100,,73315,23,,,1,100,,73318,23,,,1,100,,73319,23,,,1,100,,73322,23,,,1,100,,73323,23,,,1,100,,73324,23,,,1,100,,73325,23,,,1,100,,73326,23,,,1,100,,73328,23,,,1,100,,73327,23,,,1,100,,73329,23,,,1,100,,73330,23,,,1,100,,73331,23,,,1
6601,'Dimanche-1',654,,83746,23,,,1,100,,83750,23,,,1,100,,83751,23,,,1,100,,83752,23,,,1,100,,83745,23,,,1,100,,83747,23,,,1,100,,83748,23,,,1,100,,83749,23,,,1,100,,83754,23,,,1,100,,83753,23,,,1,100,,83757,23,,,1,100,,83755,23,,,1,100,,83758,23,,,1,100,,83756,23,,,1,100,,83759,23,,,1,100,,83760,23,,,1,100,,83761,23,,,1,100,,83762,23,,,1
6601,'Semaine-1',545,,83772,23,,,2,60,,83765,23,,,1,18,,83774,23,,,1,21,,83780,23,,,2,60,,83775,23,,,2,21,,83766,23,,,1,23,,83778,23,,,2,59,,83771,23,,,1,18,,83787,23,,,1,21,,83764,23,,,1,59,,83777,23,,,1,18,,83788,23,,,1,20,,83796,23,,,1,102,,83776,23,,,1,100,,83768,23,,,1,100,,83792,23,,,1,100,,83793,23,,,1,100,,83779,23,,,2,62,,83767,23,,,1,19,,83784,23,,,2,19,,83781,23,,,1,64,,83794,23,,,1,22,,83763,23,,,1,19,,83789,23,,,1,60,,83782,23,,,1,20,,83795,23,,,1,18,,83785,23,,,2,64,,83790,23,,,2,20,,83783,23,,,1,18,,83791,23,,,1,60,,83797,23,,,2,94,,83770,23,,,2,100,,83769,23,,,1,55,,83773,23,,,1,100,,83786,23,,,1
6601,'Semaine-12',545,,83807,23,,,2,60,,83800,23,,,1,18,,83809,23,,,1,21,,83815,23,,,2,60,,83810,23,,,2,21,,83801,23,,,1,23,,83813,23,,,2,59,,83806,23,,,1,18,,83822,23,,,1,21,,83799,23,,,1,59,,83812,23,,,1,18,,83823,23,,,1,20,,83831,23,,,1,102,,83811,23,,,1,100,,83803,23,,,1,100,,83827,23,,,1,100,,83828,23,,,1,100,,83814,23,,,2,62,,83802,23,,,1,19,,83819,23,,,2,19,,83816,23,,,1,64,,83829,23,,,1,22,,83798,23,,,1,19,,83824,23,,,1,60,,83817,23,,,1,20,,83830,23,,,1,18,,83820,23,,,2,64,,83825,23,,,2,20,,83818,23,,,1,18,,83826,23,,,1,60,,83832,23,,,2,94,,83805,23,,,2,100,,83804,23,,,1,55,,83808,23,,,1,100,,83821,23,,,1
