3600,'Semaine-1',929,,81164,45,,,1,102,,81165,45,,,1,101,,81163,45,,,1,100,,81166,45,,,1,100,,81168,45,,,1,100,,81169,45,,,1,100,,81167,45,,,1
3600,'Semaine-12',929,,81171,45,,,1,102,,81172,45,,,1,101,,81170,45,,,1,100,,81173,45,,,1,100,,81175,45,,,1,100,,81176,45,,,1,100,,81174,45,,,1
3700,'Samedi-1',746,,81191,37,,,1,100,,81192,37,,,1,100,,81194,37,,,1,103,,81195,37,,,1,100,,81193,37,,,1,102,,81196,37,,,1,100,,81197,37,,,1,100,,81198,37,,,1,100,,81199,37,,,1,100,,81200,37,,,1,100,,81201,37,,,1,100,,81202,37,,,1,97,,81203,37,,,1,100,,81204,37,,,1,100,,81205,37,,,1,100,,81206,37,,,1,97,,81207,37,,,1,100,,81208,37,,,1
3700,'Samedi-10',746,,68178,37,,,1,100,,68179,37,,,1,100,,68181,37,,,1,103,,68182,37,,,1,100,,68180,37,,,1,102,,68183,37,,,1,100,,68184,37,,,1,100,,68185,37,,,1,100,,68186,37,,,1,100,,68187,37,,,1,100,,68188,37,,,1,100,,68189,37,,,1,97,,68190,37,,,1,100,,68191,37,,,1,100,,68192,37,,,1,100,,68193,37,,,1,97,,68194,37,,,1,100,,68195,37,,,1
3700,'Dimanche-1',746,,81211,37,,,1,100,,81214,37,,,1,100,,81216,37,,,1,103,,81212,37,,,1,100,,81209,37,,,1,102,,81213,37,,,1,100,,81210,37,,,1,100,,81215,37,,,1,100,,81217,37,,,1,100,,81219,37,,,1,100,,81218,37,,,1,100,,81222,37,,,1,97,,81221,37,,,1,100,,81220,37,,,1,100,,81223,37,,,1,100,,81224,37,,,1,97,,81225,37,,,1,100,,81226,37,,,1
3700,'Semaine-1',707,,81248,37,,,1,42,,81254,37,,,1,72,,81245,37,,,1,27,,81229,37,,,1,69,,81243,37,,,1,89,,81235,37,,,1,100,,81231,37,,,1,101,,81232,37,,,1,100,,81233,37,,,1,103,,81234,37,,,1,100,,81240,37,,,1,49,,81241,37,,,1,56,,81242,37,,,1,15,,81228,37,,,1,15,,81250,37,,,1,63,,81237,37,,,1,30,,81246,37,,,1,63,,81236,37,,,1,28,,81230,37,,,1,29,,81227,37,,,1,66,,81238,37,,,1,30,,81253,37,,,1,69,,81244,37,,,1,36,,81255,37,,,1,99,,81251,37,,,1,98,,81239,37,,,1,100,,81249,37,,,1,99,,81252,37,,,1,55,,81247,37,,,1
3700,'Semaine-12',707,,81277,37,,,1,42,,81283,37,,,1,72,,81274,37,,,1,27,,81258,37,,,1,69,,81272,37,,,1,89,,81264,37,,,1,100,,81260,37,,,1,101,,81261,37,,,1,100,,81262,37,,,1,103,,81263,37,,,1,100,,81269,37,,,1,49,,81270,37,,,1,56,,81271,37,,,1,15,,81257,37,,,1,15,,81279,37,,,1,63,,81266,37,,,1,30,,81275,37,,,1,63,,81265,37,,,1,28,,81259,37,,,1,29,,81256,37,,,1,66,,81267,37,,,1,30,,81282,37,,,1,69,,81273,37,,,1,36,,81284,37,,,1,99,,81280,37,,,1,98,,81268,37,,,1,100,,81278,37,,,1,99,,81281,37,,,1,55,,81276,37,,,1
6400,'Samedi-1',757,,83307,37,,,1,100,,83309,37,,,1,100,,83312,37,,,1,100,,83310,37,,,1,100,,83313,37,,,1,100,,83308,37,,,1,100,,83311,37,,,1,100,,83314,37,,,1,99,,83315,37,,,1,100,,83316,37,,,1,100,,83317,37,,,1,100,,83318,37,,,1
6400,'Samedi-10',757,,72456,37,,,1,100,,72458,37,,,1,100,,72461,37,,,1,100,,72459,37,,,1,100,,72462,37,,,1,100,,72457,37,,,1,100,,72460,37,,,1,100,,72463,37,,,1,99,,72464,37,,,1,100,,72465,37,,,1,100,,72466,37,,,1,100,,72467,37,,,1
6400,'Dimanche-1',757,,83320,37,,,1,100,,83321,37,,,1,100,,83326,37,,,1,100,,83324,37,,,1,100,,83319,37,,,1,100,,83322,37,,,1,100,,83323,37,,,1,100,,83327,37,,,1,99,,83325,37,,,1,100,,83329,37,,,1,100,,83330,37,,,1,100,,83328,37,,,1
6400,'Semaine-1',711,,83339,37,,,1,34,,83336,37,,,1,70,,83331,37,,,1,30,,83335,37,,,1,100,,83337,37,,,1,100,,83342,37,,,1,100,,83341,37,,,1,100,,83334,37,,,1,100,,83347,37,,,1,100,,83343,37,,,1,95,,83344,37,,,1,85,,83349,37,,,1,87,,83348,37,,,1,99,,83345,37,,,1,95,,83346,37,,,1,100,,83338,37,,,2,99,,83332,37,,,2,100,,83340,37,,,1,100,,83333,37,,,1
6400,'Semaine-12',711,,83358,37,,,1,34,,83355,37,,,1,70,,83350,37,,,1,30,,83354,37,,,1,100,,83356,37,,,1,100,,83361,37,,,1,100,,83360,37,,,1,100,,83353,37,,,1,100,,83366,37,,,1,100,,83362,37,,,1,95,,83363,37,,,1,85,,83368,37,,,1,87,,83367,37,,,1,99,,83364,37,,,1,95,,83365,37,,,1,100,,83357,37,,,2,99,,83351,37,,,2,100,,83359,37,,,1,100,,83352,37,,,1
6801,'Semaine-1',628,,84171,15,,,1,20,,84184,15,,,1,58,,84155,15,,,1,19,,84168,15,,,1,6,,84182,15,,,1,7,,84162,15,,,1,6,,84167,15,,,1,62,,84173,15,,,1,18,,84185,15,,,1,20,,84161,15,,,1,60,,84180,15,,,1,19,,84178,15,,,1,20,,84183,15,,,1,68,,84156,15,,,1,31,,84176,15,,,1,70,,84157,15,,,1,30,,84159,15,,,1,70,,84179,15,,,1,30,,84163,15,,,1,70,,84181,15,,,1,31,,84175,15,,,1,70,,84164,15,,,1,30,,84174,15,,,1,69,,84165,15,,,1,34,,84160,15,,,1,71,,84158,15,,,1,26,,84172,15,,,1,70,,84166,15,,,1,29,,84177,15,,,1,70,,84170,15,,,1,30,,84169,15,,,1
6801,'Semaine-12',628,,84202,15,,,1,20,,84215,15,,,1,58,,84186,15,,,1,19,,84199,15,,,1,6,,84213,15,,,1,7,,84193,15,,,1,6,,84198,15,,,1,62,,84204,15,,,1,18,,84216,15,,,1,20,,84192,15,,,1,60,,84211,15,,,1,19,,84209,15,,,1,20,,84214,15,,,1,68,,84187,15,,,1,31,,84207,15,,,1,70,,84188,15,,,1,30,,84190,15,,,1,70,,84210,15,,,1,30,,84194,15,,,1,70,,84212,15,,,1,31,,84206,15,,,1,70,,84195,15,,,1,30,,84205,15,,,1,69,,84196,15,,,1,34,,84191,15,,,1,71,,84189,15,,,1,26,,84203,15,,,1,70,,84197,15,,,1,29,,84208,15,,,1,70,,84201,15,,,1,30,,84200,15,,,1
37100,'Samedi-1',817,,85916,38,,,1,101,,85920,38,,,1,100,,85915,38,,,1,102,,85921,38,,,1,100,,85917,38,,,1,100,,85918,38,,,1,100,,85919,38,,,1,104,,85922,38,,,1,100,,85923,38,,,1,100,,85924,38,,,1,98,,85925,38,,,1,98,,85926,38,,,1,100,,85927,38,,,1,98,,85928,38,,,1,100,,85929,38,,,1,99,,85930,38,,,1,98,,85931,38,,,1
37100,'Samedi-10',817,,77442,38,,,1,101,,77446,38,,,1,100,,77441,38,,,1,102,,77447,38,,,1,100,,77443,38,,,1,100,,77444,38,,,1,100,,77445,38,,,1,104,,77448,38,,,1,100,,77449,38,,,1,100,,77450,38,,,1,98,,77451,38,,,1,98,,77452,38,,,1,100,,77453,38,,,1,98,,77454,38,,,1,100,,77455,38,,,1,99,,77456,38,,,1,98,,77457,38,,,1
37100,'Dimanche-1',817,,85932,38,,,1,101,,85934,38,,,1,100,,85936,38,,,1,102,,85937,38,,,1,100,,85944,38,,,1,100,,85933,38,,,1,100,,85938,38,,,1,104,,85935,38,,,1,100,,85940,38,,,1,100,,85942,38,,,1,98,,85943,38,,,1,98,,85941,38,,,1,100,,85939,38,,,1,98,,85945,38,,,1,100,,85946,38,,,1,99,,85947,38,,,1,98,,85948,38,,,1
37100,'Semaine-1',727,,85962,38,,,1,73,,85959,38,,,1,30,,85955,38,,,1,28,,85950,38,,,1,90,,85969,38,,,1,98,,85954,38,,,1,102,,85956,38,,,1,100,,85968,38,,,1,100,,85963,38,,,1,103,,85952,38,,,1,95,,85964,38,,,1,59,,85973,38,,,1,16,,85953,38,,,1,15,,85974,38,,,1,65,,85949,38,,,1,20,,85958,38,,,1,26,,85965,38,,,1,65,,85971,38,,,1,27,,85970,38,,,1,70,,85960,38,,,1,27,,85972,38,,,1,70,,85975,38,,,1,30,,85961,38,,,1,95,,85957,38,,,1,100,,85967,38,,,1,100,,85966,38,,,1,97,,85951,38,,,1
37100,'Semaine-12',727,,85989,38,,,1,73,,85986,38,,,1,30,,85982,38,,,1,28,,85977,38,,,1,90,,85996,38,,,1,98,,85981,38,,,1,102,,85983,38,,,1,100,,85995,38,,,1,100,,85990,38,,,1,103,,85979,38,,,1,95,,85991,38,,,1,59,,86000,38,,,1,16,,85980,38,,,1,15,,86001,38,,,1,65,,85976,38,,,1,20,,85985,38,,,1,26,,85992,38,,,1,65,,85998,38,,,1,27,,85997,38,,,1,70,,85987,38,,,1,27,,85999,38,,,1,70,,86002,38,,,1,30,,85988,38,,,1,95,,85984,38,,,1,100,,85994,38,,,1,100,,85993,38,,,1,97,,85978,38,,,1
43700,'Semaine-1',745,,86783,33,0,9 14,1,2,,86784,29,0,9 14,2
43700,'Semaine-12',745,,86785,33,0,9 14,1,2,,86786,29,0,9 14,2
