4001,'Semaine-1',605,,81922,13,,,1,29,,81921,13,,,1,71,,81924,13,,,1,31,,81920,13,,,2,69,,81919,13,,,1,29,,81923,13,,,1
4001,'Semaine-12',605,,81928,13,,,1,29,,81927,13,,,1,71,,81930,13,,,1,31,,81926,13,,,2,69,,81925,13,,,1,29,,81929,13,,,1
5000,'Semaine-1',639,,82216,14,,,1,61,,82214,14,,,1,31,,82217,14,,,2,70,,82213,14,,,1,109,,82218,14,,,1
5000,'Semaine-12',639,,82222,14,,,1,61,,82220,14,,,1,31,,82223,14,,,2,70,,82219,14,,,1,109,,82224,14,,,1
5201,'Samedi-1',640,,82303,14,,,1,100,,82304,14,,,1,100,,82305,14,,,1,100,,82306,14,,,1,100,,82308,14,,,1,100,,82307,14,,,1,100,,82309,14,,,1,100,,82310,14,,,1,101,,82311,14,,,1,99,,82312,14,,,1,100,,82313,14,,,1,100,,82314,14,,,1,100,,82317,14,,,1,100,,82315,14,,,1,99,,82319,14,,,1,100,,82316,14,,,1,100,,82318,14,,,1,101,,82320,14,,,1
5201,'Samedi-10',640,,70449,14,,,1,100,,70450,14,,,1,100,,70451,14,,,1,100,,70452,14,,,1,100,,70454,14,,,1,100,,70453,14,,,1,100,,70455,14,,,1,100,,70456,14,,,1,101,,70457,14,,,1,99,,70458,14,,,1,100,,70459,14,,,1,100,,70460,14,,,1,100,,70463,14,,,1,100,,70461,14,,,1,99,,70465,14,,,1,100,,70462,14,,,1,100,,70464,14,,,1,101,,70466,14,,,1
5201,'Dimanche-1',640,,82321,14,,,1,100,,82322,14,,,1,100,,82323,14,,,1,100,,82326,14,,,1,100,,82324,14,,,1,100,,82328,14,,,1,100,,82325,14,,,1,100,,82330,14,,,1,101,,82327,14,,,1,99,,82329,14,,,1,100,,82332,14,,,1,100,,82334,14,,,1,100,,82331,14,,,1,100,,82333,14,,,1,99,,82335,14,,,1,100,,82336,14,,,1,100,,82337,14,,,1,101,,82338,14,,,1
5201,'Semaine-1',611,,82354,14,,,1,100,,82356,14,,,1,103,,82355,14,,,1,97,,82339,14,,,1,101,,82345,14,,,1,99,,82342,14,,,1,100,,82349,14,,,1,100,,82340,14,,,1,99,,82344,14,,,1,102,,82343,14,,,1,100,,82353,14,,,1,100,,82352,14,,,1,99,,82346,14,,,1,99,,82347,14,,,1,100,,82351,14,,,1,100,,82348,14,,,1,100,,82350,14,,,1,100,,82341,14,,,2
5201,'Semaine-12',611,,82372,14,,,1,100,,82374,14,,,1,103,,82373,14,,,1,97,,82357,14,,,1,101,,82363,14,,,1,99,,82360,14,,,1,100,,82367,14,,,1,100,,82358,14,,,1,99,,82362,14,,,1,102,,82361,14,,,1,100,,82371,14,,,1,100,,82370,14,,,1,99,,82364,14,,,1,99,,82365,14,,,1,100,,82369,14,,,1,100,,82366,14,,,1,100,,82368,14,,,1,100,,82359,14,,,2
55000,'Semaine-1',653,,86799,14,0,5 6,1,2,,86800,14,0,5 6,1
55000,'Semaine-12',653,,86801,14,0,5 6,1,2,,86802,14,0,5 6,1
64001,'Semaine-1',721,,86843,14,0,9 10,1,2,,86844,14,0,9 10,1
64001,'Semaine-12',721,,86845,14,0,9 10,1,2,,86846,14,0,9 10,1
74001,'Semaine-1',804,,86883,14,0,5 11,2,2,,86884,14,0,5 11,1
74001,'Semaine-12',804,,86885,14,0,5 11,2,2,,86886,14,0,5 11,1
