3300,'Samedi-1',802,,80535,26,,,1,101,,80536,26,,,1,101,,80537,26,,,1,100,,80538,26,,,1,101,,80539,26,,,1,100,,80540,26,,,1,100,,80541,26,,,1,100,,80542,26,,,1,100,,80543,26,,,1,100,,80544,26,,,1,100,,80545,26,,,1,98,,80546,26,,,1,99,,80547,26,,,1,100,,80548,26,,,1,100,,80549,26,,,1,100,,80550,26,,,1,100,,80551,26,,,1,99,,80552,26,,,1
3300,'Samedi-10',802,,66888,26,,,1,101,,66889,26,,,1,101,,66890,26,,,1,100,,66891,26,,,1,101,,66892,26,,,1,100,,66893,26,,,1,100,,66894,26,,,1,100,,66895,26,,,1,100,,66896,26,,,1,100,,66897,26,,,1,100,,66898,26,,,1,98,,66899,26,,,1,99,,66900,26,,,1,100,,66901,26,,,1,100,,66902,26,,,1,100,,66903,26,,,1,100,,66904,26,,,1,99,,66905,26,,,1
3300,'Dimanche-1',802,,80554,26,,,1,101,,80559,26,,,1,101,,80565,26,,,1,100,,80556,26,,,1,101,,80558,26,,,1,100,,80555,26,,,1,100,,80557,26,,,1,100,,80553,26,,,1,100,,80561,26,,,1,100,,80560,26,,,1,100,,80563,26,,,1,98,,80562,26,,,1,99,,80564,26,,,1,100,,80566,26,,,1,100,,80567,26,,,1,100,,80568,26,,,1,100,,80569,26,,,1,99,,80570,26,,,1
3300,'Semaine-1',639,,80596,26,,,1,20,,80595,26,,,1,59,,80602,26,,,1,34,,80575,26,,,1,53,,80589,26,,,1,21,,80597,26,,,1,16,,80610,26,,,1,17,,80603,26,,,1,68,,80587,26,,,1,27,,80605,26,,,1,71,,80590,26,,,1,78,,80580,26,,,1,21,,80599,26,,,1,20,,80585,26,,,1,60,,80592,26,,,1,20,,80581,26,,,1,22,,80607,26,,,1,58,,80588,26,,,1,20,,80609,26,,,1,32,,80594,26,,,1,70,,80582,26,,,1,20,,80604,26,,,1,60,,80600,26,,,1,21,,80593,26,,,1,23,,80572,26,,,1,61,,80584,26,,,1,12,,80591,26,,,1,13,,80608,26,,,1,17,,80606,26,,,1,65,,80601,26,,,1,20,,80579,26,,,1,19,,80578,26,,,1,55,,80583,26,,,1,18,,80571,26,,,1,18,,80576,26,,,1,81,,80611,26,,,1,73,,80586,26,,,1,98,,80577,26,,,1,102,,80573,26,,,1,100,,80598,26,,,2,100,,80612,26,,,1,103,,80574,26,,,1
3300,'Semaine-12',639,,80638,26,,,1,20,,80637,26,,,1,59,,80644,26,,,1,34,,80617,26,,,1,53,,80631,26,,,1,21,,80639,26,,,1,16,,80652,26,,,1,17,,80645,26,,,1,68,,80629,26,,,1,27,,80647,26,,,1,71,,80632,26,,,1,78,,80622,26,,,1,21,,80641,26,,,1,20,,80627,26,,,1,60,,80634,26,,,1,20,,80623,26,,,1,22,,80649,26,,,1,58,,80630,26,,,1,20,,80651,26,,,1,32,,80636,26,,,1,70,,80624,26,,,1,20,,80646,26,,,1,60,,80642,26,,,1,21,,80635,26,,,1,23,,80614,26,,,1,61,,80626,26,,,1,12,,80633,26,,,1,13,,80650,26,,,1,17,,80648,26,,,1,65,,80643,26,,,1,20,,80621,26,,,1,19,,80620,26,,,1,55,,80625,26,,,1,18,,80613,26,,,1,18,,80618,26,,,1,81,,80653,26,,,1,73,,80628,26,,,1,98,,80619,26,,,1,102,,80615,26,,,1,100,,80640,26,,,2,100,,80654,26,,,1,103,,80616,26,,,1
4900,'Samedi-1',751,,82003,55,,,1,100,,82004,55,,,1,102,,82001,55,,,1,100,,82005,55,,,1,100,,82002,55,,,1,101,,82006,55,,,1,98,,82007,55,,,1,102,,82008,55,,,1,101,,82009,55,,,1,100,,82010,55,,,1,100,,82011,55,,,1,96,,82012,55,,,1,100,,82013,55,,,1,100,,82014,55,,,1,100,,82015,55,,,1,100,,82016,55,,,1,98,,82017,55,,,1
4900,'Samedi-10',751,,69841,55,,,1,100,,69842,55,,,1,102,,69839,55,,,1,100,,69843,55,,,1,100,,69840,55,,,1,101,,69844,55,,,1,98,,69845,55,,,1,102,,69846,55,,,1,101,,69847,55,,,1,100,,69848,55,,,1,100,,69849,55,,,1,96,,69850,55,,,1,100,,69851,55,,,1,100,,69852,55,,,1,100,,69853,55,,,1,100,,69854,55,,,1,98,,69855,55,,,1
4900,'Dimanche-1',751,,82018,55,,,1,100,,82031,55,,,1,102,,82019,55,,,1,100,,82030,55,,,1,100,,82022,55,,,1,101,,82021,55,,,1,98,,82025,55,,,1,102,,82020,55,,,1,101,,82024,55,,,1,100,,82023,55,,,1,100,,82027,55,,,1,96,,82029,55,,,1,100,,82026,55,,,1,100,,82028,55,,,1,100,,82032,55,,,1,100,,82033,55,,,1,98,,82034,55,,,1
4900,'Semaine-1',708,,82062,55,,,1,17,,82057,42,,,1,3,,82069,42,,,1,4,,82045,42,,,1,7,,82068,42,,,1,3,,82073,55,,,1,5,,82072,42,,,1,4,,82071,42,,,1,5,,82070,42,,,1,60,,82065,55,,,1,24,,82061,42,,,1,1,,82066,55,,,1,72,,82060,55,,,1,30,,82055,55,,,1,68,,82047,55,,,1,31,,82067,55,,,1,73,,82063,55,,,1,30,,82058,55,,,1,70,,82035,55,,,1,30,,82056,55,,,1,70,,82037,55,,,1,30,,82042,55,,,1,70,,82044,55,,,1,30,,82048,55,,,1,70,,82064,55,,,1,38,,82046,55,,,1,70,,82049,55,,,1,30,,82040,55,,,1,70,,82052,55,,,1,30,,82043,55,,,1,67,,82041,55,,,1,30,,82059,55,,,1,66,,82053,55,,,1,95,,82036,55,,,1,99,,82054,55,,,1,101,,82051,55,,,1,97,,82038,55,,,1,97,,82050,55,,,1,100,,82039,55,,,1
4900,'Semaine-12',708,,82101,55,,,1,17,,82096,42,,,1,3,,82108,42,,,1,4,,82084,42,,,1,7,,82107,42,,,1,3,,82112,55,,,1,5,,82111,42,,,1,4,,82110,42,,,1,5,,82109,42,,,1,60,,82104,55,,,1,24,,82100,42,,,1,1,,82105,55,,,1,72,,82099,55,,,1,30,,82094,55,,,1,68,,82086,55,,,1,31,,82106,55,,,1,73,,82102,55,,,1,30,,82097,55,,,1,70,,82074,55,,,1,30,,82095,55,,,1,70,,82076,55,,,1,30,,82081,55,,,1,70,,82083,55,,,1,30,,82087,55,,,1,70,,82103,55,,,1,38,,82085,55,,,1,70,,82088,55,,,1,30,,82079,55,,,1,70,,82091,55,,,1,30,,82082,55,,,1,67,,82080,55,,,1,30,,82098,55,,,1,66,,82092,55,,,1,95,,82075,55,,,1,99,,82093,55,,,1,101,,82090,55,,,1,97,,82077,55,,,1,97,,82089,55,,,1,100,,82078,55,,,1
5000,'Semaine-1',708,,82216,43,,,1,25,,82214,43,,,1,8,,82215,22,,,2,65,,82217,43,,,2,30,,82213,43,,,1,105,,82218,43,,,1
5000,'Semaine-12',708,,82222,43,,,1,25,,82220,43,,,1,8,,82221,22,,,2,65,,82223,43,,,2,30,,82219,43,,,1,105,,82224,43,,,1
5600,'Semaine-1',704,,82719,46,,,1,30,,82717,46,,,1,6,,82721,46,,,1,66,,82720,46,,,1,31,,82714,46,,,1,100,,82713,46,,,1,107,,82715,46,,,1,98,,82718,46,,,2,100,,82716,46,,,1
5600,'Semaine-12',704,,82728,46,,,1,30,,82726,46,,,1,6,,82730,46,,,1,66,,82729,46,,,1,31,,82723,46,,,1,100,,82722,46,,,1,107,,82724,46,,,1,98,,82727,46,,,2,100,,82725,46,,,1
42500,'Semaine-1',732,,86753,32,0,9 14,1,2,,86754,32,0,9 14,2
42500,'Semaine-12',732,,86755,32,0,9 14,1,2,,86756,32,0,9 14,2
42600,'Semaine-1',735,,86759,13,0,9 14,1,1,,86760,13,0,9 14,1
42600,'Semaine-12',735,,86761,13,0,9 14,1,1,,86762,13,0,9 14,1
42900,'Semaine-1',735,,86765,19,0,9 14,1,2,,86766,19,0,9 14,2
42900,'Semaine-12',735,,86767,19,0,9 14,1,2,,86768,19,0,9 14,2
44900,'Semaine-1',736,,86791,33,0,9 14,1
44900,'Semaine-12',736,,86792,33,0,9 14,1
56600,'Semaine-1',1523,,86817,6,0,5 6,1
56600,'Semaine-12',1523,,86818,6,0,5 6,1
73300,'Semaine-1',1635,,86877,23,,,1
73300,'Semaine-12',1635,,86878,23,,,1
83300,'Semaine-1',1537,,87153,13,0,9 12 13,1
83300,'Semaine-12',1537,,87155,13,0,9 12 13,1
