6401,'Samedi-0',723,,72576,15,,,1,100,,72573,15,,,1,100,,72575,15,,,1,100,,72578,15,,,1,100,,72574,15,,,1,100,,72579,15,,,1,100,,72577,15,,,1,100,,72580,15,,,1,100,,72581,15,,,1,100,,72582,15,,,1,100,,72583,15,,,1
6401,'Samedi-10',723,,72587,15,,,1,100,,72584,15,,,1,100,,72586,15,,,1,100,,72589,15,,,1,100,,72585,15,,,1,100,,72590,15,,,1,100,,72588,15,,,1,100,,72591,15,,,1,100,,72592,15,,,1,100,,72593,15,,,1,100,,72594,15,,,1
6401,'Samedi-11',723,,72598,15,,,1,100,,72595,15,,,1,100,,72597,15,,,1,100,,72600,15,,,1,100,,72596,15,,,1,100,,72601,15,,,1,100,,72599,15,,,1,100,,72602,15,,,1,100,,72603,15,,,1,100,,72604,15,,,1,100,,72605,15,,,1
6401,'Dimanche-0',723,,72610,15,,,1,100,,72607,15,,,1,100,,72613,15,,,1,100,,72614,15,,,1,100,,72611,15,,,1,100,,72606,15,,,1,100,,72608,15,,,1,100,,72609,15,,,1,100,,72615,15,,,1,100,,72612,15,,,1,100,,72616,15,,,1
6401,'Dimanche-10',723,,72621,15,,,1,100,,72618,15,,,1,100,,72624,15,,,1,100,,72625,15,,,1,100,,72622,15,,,1,100,,72617,15,,,1,100,,72619,15,,,1,100,,72620,15,,,1,100,,72626,15,,,1,100,,72623,15,,,1,100,,72627,15,,,1
6401,'Dimanche-11',723,,72632,15,,,1,100,,72629,15,,,1,100,,72635,15,,,1,100,,72636,15,,,1,100,,72633,15,,,1,100,,72628,15,,,1,100,,72630,15,,,1,100,,72631,15,,,1,100,,72637,15,,,1,100,,72634,15,,,1,100,,72638,15,,,1
6401,'Semaine-0',523,,72639,15,,,2,108,,72649,15,,,2,100,,72651,15,,,1,100,,72648,15,,,1,95,,72656,15,,,1,100,,72643,15,,,1,100,,72642,15,,,1,100,,72654,15,,,1,100,,72650,15,,,2,99,,72652,15,,,1,100,,72653,15,,,1,102,,72644,15,,,1,98,,72640,15,,,1,100,,72641,15,,,1,99,,72647,15,,,1,100,,72645,15,,,1,100,,72646,15,,,1,100,,72655,15,,,1
6401,'Semaine-10',523,,72657,15,,,2,108,,72667,15,,,2,100,,72669,15,,,1,100,,72666,15,,,1,95,,72674,15,,,1,100,,72661,15,,,1,100,,72660,15,,,1,100,,72672,15,,,1,100,,72668,15,,,2,99,,72670,15,,,1,100,,72671,15,,,1,102,,72662,15,,,1,98,,72658,15,,,1,100,,72659,15,,,1,99,,72665,15,,,1,100,,72663,15,,,1,100,,72664,15,,,1,100,,72673,15,,,1
6401,'Semaine-11',523,,72675,15,,,2,108,,72685,15,,,2,100,,72687,15,,,1,100,,72684,15,,,1,95,,72692,15,,,1,100,,72679,15,,,1,100,,72678,15,,,1,100,,72690,15,,,1,100,,72686,15,,,2,99,,72688,15,,,1,100,,72689,15,,,1,102,,72680,15,,,1,98,,72676,15,,,1,100,,72677,15,,,1,99,,72683,15,,,1,100,,72681,15,,,1,100,,72682,15,,,1,100,,72691,15,,,1
32501,'Semaine-0',846,,77400,45,,,1,3,,77401,45,,,1
32501,'Semaine-10',846,,77402,45,,,1,3,,77403,45,,,1
32501,'Semaine-11',846,,77404,45,,,1,3,,77405,45,,,1
32601,'Semaine-0',843,,77409,42,,,1
32601,'Semaine-10',843,,77410,42,,,1
32601,'Semaine-11',843,,77411,42,,,1
32900,'Semaine-0',848,,77412,45,,,1
32900,'Semaine-10',848,,77413,45,,,1
32900,'Semaine-11',848,,77414,45,,,1
33100,'Semaine-0',843,,77418,41,,,1
33100,'Semaine-10',843,,77419,41,,,1
33100,'Semaine-11',843,,77420,41,,,1
56600,'Semaine-0',1542,,79317,29,0,5 6,1
56600,'Semaine-10',1542,,79318,29,0,5 6,1
56600,'Semaine-11',1542,,79319,29,0,5 6,1
