6301,'Samedi-1',1127,,83247,8,,,1,100,,83248,8,,,1,100,,83249,8,,,1,100,,83250,8,,,1,100,,83251,8,,,1,100,,83252,8,,,1,100,,83253,8,,,1,100,,83254,8,,,1
6301,'Samedi-10',1127,,72338,8,,,1,100,,72339,8,,,1,100,,72340,8,,,1,100,,72341,8,,,1,100,,72342,8,,,1,100,,72343,8,,,1,100,,72344,8,,,1,100,,72345,8,,,1
6301,'Dimanche-1',1127,,83255,8,,,1,100,,83257,8,,,1,100,,83256,8,,,1,100,,83259,8,,,1,100,,83260,8,,,1,100,,83258,8,,,1,100,,83261,8,,,1,100,,83262,8,,,1
6301,'Semaine-1',553,,83264,8,,,1,70,,83263,8,,,1,30,,83266,8,,,1,70,,83268,8,,,1,32,,83269,8,,,1,68,,83267,8,,,2,100,,83265,8,,,1,100,,83270,8,,,1,100,,83271,8,,,1,100,,83275,8,,,1,100,,83276,8,,,1,100,,83277,8,,,2,101,,83273,8,,,1,31,,83272,8,,,1,70,,83274,8,,,1,30,,83278,8,,,2,70,,83282,8,,,1,30,,83283,8,,,1,69,,83284,8,,,1,100,,83279,8,,,1,100,,83281,8,,,1,100,,83280,8,,,1
6301,'Semaine-12',553,,83286,8,,,1,70,,83285,8,,,1,30,,83288,8,,,1,70,,83290,8,,,1,32,,83291,8,,,1,68,,83289,8,,,2,100,,83287,8,,,1,100,,83292,8,,,1,100,,83293,8,,,1,100,,83297,8,,,1,100,,83298,8,,,1,100,,83299,8,,,2,101,,83295,8,,,1,31,,83294,8,,,1,70,,83296,8,,,1,30,,83300,8,,,2,70,,83304,8,,,1,30,,83305,8,,,1,69,,83306,8,,,1,100,,83301,8,,,1,100,,83303,8,,,1,100,,83302,8,,,1
6701,'Samedi-1',635,,83967,15,,,1,101,,83973,15,,,1,100,,83969,15,,,1,101,,83968,15,,,1,70,,83971,15,,,1,30,,83976,15,,,1,70,,83977,15,,,1,30,,83970,15,,,1,70,,83972,15,,,1,30,,83975,15,,,1,70,,83978,15,,,1,30,,83979,15,,,1,70,,83974,15,,,1,30,,83980,15,,,1,70,,83981,15,,,1,30,,83982,15,,,1,70,,83983,15,,,1,30,,83984,15,,,1,71,,83985,15,,,1,29,,83986,15,,,1,70,,83987,15,,,1,29,,83988,15,,,1,70,,83989,15,,,1,100,,83990,15,,,1,100,,83991,15,,,1,100,,83993,15,,,1,100,,83992,15,,,1
6701,'Samedi-10',635,,73821,15,,,1,101,,73827,15,,,1,100,,73823,15,,,1,101,,73822,15,,,1,70,,73825,15,,,1,30,,73830,15,,,1,70,,73831,15,,,1,30,,73824,15,,,1,70,,73826,15,,,1,30,,73829,15,,,1,70,,73832,15,,,1,30,,73833,15,,,1,70,,73828,15,,,1,30,,73834,15,,,1,70,,73835,15,,,1,30,,73836,15,,,1,70,,73837,15,,,1,30,,73838,15,,,1,71,,73839,15,,,1,29,,73840,15,,,1,70,,73841,15,,,1,29,,73842,15,,,1,70,,73843,15,,,1,100,,73844,15,,,1,100,,73845,15,,,1,100,,73847,15,,,1,100,,73846,15,,,1
6701,'Dimanche-1',635,,83994,15,,,1,101,,83997,15,,,1,100,,83999,15,,,1,101,,84002,15,,,1,70,,84008,15,,,1,30,,83996,15,,,1,70,,84009,15,,,1,30,,84000,15,,,1,70,,84003,15,,,1,30,,84001,15,,,1,70,,83995,15,,,1,30,,84005,15,,,1,70,,84006,15,,,1,30,,83998,15,,,1,70,,84004,15,,,1,30,,84011,15,,,1,70,,84007,15,,,1,30,,84014,15,,,1,71,,84015,15,,,1,29,,84012,15,,,1,70,,84017,15,,,1,29,,84010,15,,,1,70,,84016,15,,,1,100,,84013,15,,,1,100,,84018,15,,,1,100,,84019,15,,,1,100,,84020,15,,,1
6701,'Semaine-1',912,,84041,15,,,1,20,,84030,15,,,1,20,,84048,15,,,1,60,,84034,15,,,1,20,,84028,15,,,1,20,,84049,15,,,1,60,,84042,15,,,1,20,,84031,15,,,1,20,,84050,15,,,1,60,,84035,15,,,1,20,,84038,15,,,1,20,,84051,15,,,1,60,,84037,15,,,1,20,,84032,15,,,1,20,,84052,15,,,1,60,,84043,15,,,1,20,,84045,15,,,1,20,,84047,15,,,1,60,,84039,15,,,1,32,,84023,15,,,1,70,,84046,15,,,1,29,,84026,15,,,1,70,,84044,15,,,1,30,,84040,15,,,1,69,,84033,15,,,1,30,,84021,15,,,1,69,,84036,15,,,1,30,,84024,15,,,2,70,,84053,15,,,2,30,,84022,15,,,1,70,,84055,15,,,1,30,,84025,15,,,2,70,,84056,15,,,1,29,,84027,15,,,1,70,,84054,15,,,1,30,,84029,15,,,2
6701,'Semaine-12',912,,84077,15,,,1,20,,84066,15,,,1,20,,84084,15,,,1,60,,84070,15,,,1,20,,84064,15,,,1,20,,84085,15,,,1,60,,84078,15,,,1,20,,84067,15,,,1,20,,84086,15,,,1,60,,84071,15,,,1,20,,84074,15,,,1,20,,84087,15,,,1,60,,84073,15,,,1,20,,84068,15,,,1,20,,84088,15,,,1,60,,84079,15,,,1,20,,84081,15,,,1,20,,84083,15,,,1,60,,84075,15,,,1,32,,84059,15,,,1,70,,84082,15,,,1,29,,84062,15,,,1,70,,84080,15,,,1,30,,84076,15,,,1,69,,84069,15,,,1,30,,84057,15,,,1,69,,84072,15,,,1,30,,84060,15,,,2,70,,84089,15,,,2,30,,84058,15,,,1,70,,84091,15,,,1,30,,84061,15,,,2,70,,84092,15,,,1,29,,84063,15,,,1,70,,84090,15,,,1,30,,84065,15,,,2
8701,'Semaine-1',519,,85481,15,,,1,30,,85474,15,,,1,69,,85479,15,,,1,19,,85477,15,,,1,13,,85475,15,,,1,56,,85484,15,,,1,17,,85480,15,,,1,15,,85476,15,,,1,16,,85483,15,,,1,58,,85482,15,,,2,20,,85478,15,,,1,20,,85473,15,,,1
8701,'Semaine-12',519,,85493,15,,,1,30,,85486,15,,,1,69,,85491,15,,,1,19,,85489,15,,,1,13,,85487,15,,,1,56,,85496,15,,,1,17,,85492,15,,,1,15,,85488,15,,,1,16,,85495,15,,,1,58,,85494,15,,,2,20,,85490,15,,,1,20,,85485,15,,,1
