4101,'Semaine-1',633,,81943,15,,,1,73,,81944,15,,,1,35,,81945,15,,,1,65,,81942,15,,,2,30,,81941,15,,,1
4101,'Semaine-12',633,,81948,15,,,1,73,,81949,15,,,1,35,,81950,15,,,1,65,,81947,15,,,2,30,,81946,15,,,1
4900,'Samedi-1',716,,82003,12,,,1,100,,82004,12,,,1,101,,82001,12,,,1,100,,82005,12,,,1,100,,82002,12,,,1,100,,82006,12,,,1,98,,82007,12,,,1,102,,82008,12,,,1,100,,82009,12,,,1,100,,82010,12,,,1,100,,82011,12,,,1,99,,82012,12,,,1,100,,82013,12,,,1,100,,82014,12,,,1,100,,82015,12,,,1,100,,82016,12,,,1,99,,82017,12,,,1
4900,'Samedi-10',716,,69841,12,,,1,100,,69842,12,,,1,101,,69839,12,,,1,100,,69843,12,,,1,100,,69840,12,,,1,100,,69844,12,,,1,98,,69845,12,,,1,102,,69846,12,,,1,100,,69847,12,,,1,100,,69848,12,,,1,100,,69849,12,,,1,99,,69850,12,,,1,100,,69851,12,,,1,100,,69852,12,,,1,100,,69853,12,,,1,100,,69854,12,,,1,99,,69855,12,,,1
4900,'Dimanche-1',716,,82018,12,,,1,100,,82031,12,,,1,101,,82019,12,,,1,100,,82030,12,,,1,100,,82022,12,,,1,100,,82021,12,,,1,98,,82025,12,,,1,102,,82020,12,,,1,100,,82024,12,,,1,100,,82023,12,,,1,100,,82027,12,,,1,99,,82029,12,,,1,100,,82026,12,,,1,100,,82028,12,,,1,100,,82032,12,,,1,100,,82033,12,,,1,99,,82034,12,,,1
4900,'Semaine-1',628,,82062,12,,,1,31,,82073,12,,,1,70,,82065,12,,,1,26,,82066,12,,,1,74,,82060,12,,,1,74,,82055,12,,,1,29,,82047,12,,,1,71,,82067,12,,,1,33,,82063,12,,,1,70,,82058,12,,,1,30,,82035,12,,,1,70,,82056,12,,,1,30,,82037,12,,,1,70,,82042,12,,,1,30,,82044,12,,,1,70,,82048,12,,,1,30,,82064,12,,,1,70,,82046,12,,,1,30,,82049,12,,,1,70,,82040,12,,,1,30,,82052,12,,,1,70,,82043,12,,,1,30,,82041,12,,,1,70,,82059,12,,,1,29,,82053,12,,,1,100,,82036,12,,,1,99,,82054,12,,,1,101,,82051,12,,,1,100,,82038,12,,,1,98,,82050,12,,,1,100,,82039,12,,,1
4900,'Semaine-12',628,,82101,12,,,1,31,,82112,12,,,1,70,,82104,12,,,1,26,,82105,12,,,1,74,,82099,12,,,1,74,,82094,12,,,1,29,,82086,12,,,1,71,,82106,12,,,1,33,,82102,12,,,1,70,,82097,12,,,1,30,,82074,12,,,1,70,,82095,12,,,1,30,,82076,12,,,1,70,,82081,12,,,1,30,,82083,12,,,1,70,,82087,12,,,1,30,,82103,12,,,1,70,,82085,12,,,1,30,,82088,12,,,1,70,,82079,12,,,1,30,,82091,12,,,1,70,,82082,12,,,1,30,,82080,12,,,1,70,,82098,12,,,1,29,,82092,12,,,1,100,,82075,12,,,1,99,,82093,12,,,1,101,,82090,12,,,1,100,,82077,12,,,1,98,,82089,12,,,1,100,,82078,12,,,1
5901,'Samedi-1',714,,82939,11,,,1,30,,82946,11,,,1,69,,82943,11,,,1,30,,82948,11,,,1,70,,82940,11,,,1,30,,82945,11,,,1,70,,82944,11,,,1,30,,82947,11,,,1,70,,82951,11,,,1,30,,82952,11,,,1,70,,82941,11,,,1,30,,82942,11,,,1,70,,82950,11,,,1,30,,82949,11,,,1,70,,82953,11,,,1,30,,82954,11,,,1,70,,82955,11,,,1,30,,82956,11,,,1,70,,82957,11,,,1,30,,82958,11,,,1,70,,82959,11,,,1,30,,82960,11,,,1,70,,82961,11,,,1,30,,82962,11,,,1,71,,82963,11,,,1,30,,82965,11,,,1,70,,82964,11,,,1,30,,82966,11,,,1,70,,82967,11,,,1,30,,82968,11,,,1,70,,82970,11,,,1,31,,82969,11,,,1
5901,'Samedi-10',714,,71780,11,,,1,30,,71787,11,,,1,69,,71784,11,,,1,30,,71789,11,,,1,70,,71781,11,,,1,30,,71786,11,,,1,70,,71785,11,,,1,30,,71788,11,,,1,70,,71792,11,,,1,30,,71793,11,,,1,70,,71782,11,,,1,30,,71783,11,,,1,70,,71791,11,,,1,30,,71790,11,,,1,70,,71794,11,,,1,30,,71795,11,,,1,70,,71796,11,,,1,30,,71797,11,,,1,70,,71798,11,,,1,30,,71799,11,,,1,70,,71800,11,,,1,30,,71801,11,,,1,70,,71802,11,,,1,30,,71803,11,,,1,71,,71804,11,,,1,30,,71806,11,,,1,70,,71805,11,,,1,30,,71807,11,,,1,70,,71808,11,,,1,30,,71809,11,,,1,70,,71811,11,,,1,31,,71810,11,,,1
5901,'Dimanche-1',714,,82971,11,,,1,30,,82983,11,,,1,69,,82977,11,,,1,30,,82978,11,,,1,70,,82985,11,,,1,30,,82982,11,,,1,70,,82987,11,,,1,30,,82974,11,,,1,70,,82986,11,,,1,30,,82972,11,,,1,70,,82981,11,,,1,30,,82973,11,,,1,70,,82976,11,,,1,30,,82979,11,,,1,70,,82980,11,,,1,30,,82988,11,,,1,70,,82975,11,,,1,30,,82991,11,,,1,70,,82984,11,,,1,30,,82993,11,,,1,70,,82994,11,,,1,30,,82990,11,,,1,70,,82995,11,,,1,30,,82992,11,,,1,71,,82996,11,,,1,30,,82989,11,,,1,70,,82997,11,,,1,30,,82998,11,,,1,70,,82999,11,,,1,30,,83000,11,,,1,70,,83001,11,,,1,31,,83002,11,,,1
5901,'Semaine-1',512,,83007,11,,,1,15,,83043,11,,,1,15,,83016,11,,,1,15,,83037,11,,,1,55,,83017,11,,,1,14,,83006,11,,,1,13,,83008,11,,,1,13,,83011,11,,,1,57,,83014,11,,,1,15,,83015,11,,,1,18,,83010,11,,,1,12,,83039,11,,,1,59,,83025,11,,,1,15,,83030,11,,,1,13,,83020,11,,,1,15,,83005,11,,,1,56,,83023,11,,,1,27,,83049,11,,,1,69,,83044,11,,,1,30,,83031,11,,,1,70,,83013,11,,,1,30,,83024,11,,,1,70,,83027,11,,,1,30,,83012,11,,,1,70,,83041,11,,,1,30,,83003,11,,,1,70,,83045,11,,,1,30,,83035,11,,,1,73,,83038,11,,,1,100,,83042,11,,,1,101,,83022,11,,,1,101,,83029,11,,,1,37,,83034,11,,,1,70,,83021,11,,,1,30,,83028,11,,,1,70,,83033,11,,,1,30,,83040,11,,,1,70,,83018,11,,,1,30,,83036,11,,,1,71,,83026,11,,,1,30,,83009,11,,,1,70,,83019,11,,,1,30,,83032,11,,,1
5901,'Semaine-12',512,,83054,11,,,1,15,,83090,11,,,1,15,,83063,11,,,1,15,,83084,11,,,1,55,,83064,11,,,1,14,,83053,11,,,1,13,,83055,11,,,1,13,,83058,11,,,1,57,,83061,11,,,1,15,,83062,11,,,1,18,,83057,11,,,1,12,,83086,11,,,1,59,,83072,11,,,1,15,,83077,11,,,1,13,,83067,11,,,1,15,,83052,11,,,1,56,,83070,11,,,1,27,,83096,11,,,1,69,,83091,11,,,1,30,,83078,11,,,1,70,,83060,11,,,1,30,,83071,11,,,1,70,,83074,11,,,1,30,,83059,11,,,1,70,,83088,11,,,1,30,,83050,11,,,1,70,,83092,11,,,1,30,,83082,11,,,1,73,,83085,11,,,1,100,,83089,11,,,1,101,,83069,11,,,1,101,,83076,11,,,1,37,,83081,11,,,1,70,,83068,11,,,1,30,,83075,11,,,1,70,,83080,11,,,1,30,,83087,11,,,1,70,,83065,11,,,1,30,,83083,11,,,1,71,,83073,11,,,1,30,,83056,11,,,1,70,,83066,11,,,1,30,,83079,11,,,1
64101,'Semaine-1',1521,,86849,18,0,9 10,1
64101,'Semaine-12',1521,,86850,18,0,9 10,1
80000,'Samedi-1',718,,86901,15,,,1,102,,86902,15,,,1,98,,86903,15,,,1,100,,86905,15,,,1,100,,86906,15,,,1,100,,86904,15,,,1,100,,86907,15,,,1,100,,86908,15,,,1,100,,86909,15,,,1,100,,86910,15,,,1,100,,86911,15,,,2,100,,86912,15,,,1,100,,86915,15,,,1,100,,86913,15,,,1,100,,86914,15,,,1,99,,86916,15,,,1,100,,86917,15,,,1
80000,'Samedi-10',718,,79460,15,,,1,102,,79461,15,,,1,98,,79462,15,,,1,100,,79464,15,,,1,100,,79465,15,,,1,100,,79463,15,,,1,100,,79466,15,,,1,100,,79467,15,,,1,100,,79468,15,,,1,100,,79469,15,,,1,100,,79470,15,,,2,100,,79471,15,,,1,100,,79474,15,,,1,100,,79472,15,,,1,100,,79473,15,,,1,99,,79475,15,,,1,100,,79476,15,,,1
80000,'Dimanche-1',718,,86920,15,,,1,102,,86919,15,,,1,98,,86925,15,,,1,100,,86918,15,,,1,100,,86922,15,,,1,100,,86921,15,,,1,100,,86923,15,,,1,100,,86924,15,,,1,100,,86928,15,,,1,100,,86926,15,,,1,100,,86927,15,,,2,100,,86931,15,,,1,100,,86930,15,,,1,100,,86929,15,,,1,100,,86932,15,,,1,99,,86933,15,,,1,100,,86934,15,,,1
80000,'Semaine-1',552,,86967,15,,,1,70,,86953,15,,,1,31,,86943,15,,,1,55,,86942,15,,,1,15,,86963,15,,,1,31,,86954,15,,,1,58,,86940,15,,,1,30,,86959,15,,,1,70,,86944,15,,,1,30,,86961,15,,,1,70,,86956,15,,,1,30,,86970,15,,,1,70,,86937,15,,,1,30,,86958,15,,,1,70,,86948,15,,,1,31,,86964,15,,,1,69,,86957,15,,,1,30,,86968,15,,,1,70,,86947,15,,,1,29,,86962,15,,,1,72,,86960,15,,,1,31,,86949,15,,,1,70,,86965,15,,,1,30,,86938,15,,,1,69,,86955,15,,,1,30,,86952,15,,,1,70,,86966,15,,,1,29,,86951,15,,,1,72,,86945,15,,,1,28,,86939,15,,,1,71,,86969,15,,,1,29,,86950,15,,,1,70,,86946,15,,,1,30,,86936,15,,,1,69,,86941,15,,,1,30,,86935,15,,,1
80000,'Semaine-12',552,,87003,15,,,1,70,,86989,15,,,1,31,,86979,15,,,1,55,,86978,15,,,1,15,,86999,15,,,1,31,,86990,15,,,1,58,,86976,15,,,1,30,,86995,15,,,1,70,,86980,15,,,1,30,,86997,15,,,1,70,,86992,15,,,1,30,,87006,15,,,1,70,,86973,15,,,1,30,,86994,15,,,1,70,,86984,15,,,1,31,,87000,15,,,1,69,,86993,15,,,1,30,,87004,15,,,1,70,,86983,15,,,1,29,,86998,15,,,1,72,,86996,15,,,1,31,,86985,15,,,1,70,,87001,15,,,1,30,,86974,15,,,1,69,,86991,15,,,1,30,,86988,15,,,1,70,,87002,15,,,1,29,,86987,15,,,1,72,,86981,15,,,1,28,,86975,15,,,1,71,,87005,15,,,1,29,,86986,15,,,1,70,,86982,15,,,1,30,,86972,15,,,1,69,,86977,15,,,1,30,,86971,15,,,1
