4101,'Semaine-1',634,,81943,16,,,1,73,,81944,16,,,1,35,,81945,16,,,1,65,,81942,16,,,2,29,,81941,16,,,1
4101,'Semaine-12',634,,81948,16,,,1,73,,81949,16,,,1,35,,81950,16,,,1,65,,81947,16,,,2,29,,81946,16,,,1
4500,'Semaine-1',1542,,81964,52,,,1,76,,81959,52,,,1,30,,81960,52,,,1,72,,81962,52,,,1,27,,81963,52,,,1,63,,81961,52,,,2
4500,'Semaine-12',1542,,81970,52,,,1,76,,81965,52,,,1,30,,81966,52,,,1,72,,81968,52,,,1,27,,81969,52,,,1,63,,81967,52,,,2
4900,'Samedi-1',716,,82003,13,,,1,100,,82004,13,,,1,101,,82001,13,,,1,100,,82005,13,,,1,100,,82002,13,,,1,100,,82006,13,,,1,98,,82007,13,,,1,102,,82008,13,,,1,100,,82009,13,,,1,100,,82010,13,,,1,100,,82011,13,,,1,99,,82012,13,,,1,100,,82013,13,,,1,100,,82014,13,,,1,100,,82015,13,,,1,100,,82016,13,,,1,99,,82017,13,,,1
4900,'Samedi-10',716,,69841,13,,,1,100,,69842,13,,,1,101,,69839,13,,,1,100,,69843,13,,,1,100,,69840,13,,,1,100,,69844,13,,,1,98,,69845,13,,,1,102,,69846,13,,,1,100,,69847,13,,,1,100,,69848,13,,,1,100,,69849,13,,,1,99,,69850,13,,,1,100,,69851,13,,,1,100,,69852,13,,,1,100,,69853,13,,,1,100,,69854,13,,,1,99,,69855,13,,,1
4900,'Dimanche-1',716,,82018,13,,,1,100,,82031,13,,,1,101,,82019,13,,,1,100,,82030,13,,,1,100,,82022,13,,,1,100,,82021,13,,,1,98,,82025,13,,,1,102,,82020,13,,,1,100,,82024,13,,,1,100,,82023,13,,,1,100,,82027,13,,,1,99,,82029,13,,,1,100,,82026,13,,,1,100,,82028,13,,,1,100,,82032,13,,,1,100,,82033,13,,,1,99,,82034,13,,,1
4900,'Semaine-1',628,,82062,13,,,1,31,,82073,13,,,1,71,,82065,13,,,1,26,,82066,13,,,1,73,,82060,13,,,1,74,,82055,13,,,1,29,,82047,13,,,1,71,,82067,13,,,1,33,,82063,13,,,1,70,,82058,13,,,1,30,,82035,13,,,1,70,,82056,13,,,1,30,,82037,13,,,1,70,,82042,13,,,1,30,,82044,13,,,1,71,,82048,13,,,1,30,,82064,13,,,1,70,,82046,13,,,1,30,,82049,13,,,1,70,,82040,13,,,1,30,,82052,13,,,1,70,,82043,13,,,1,30,,82041,13,,,1,70,,82059,13,,,1,28,,82053,13,,,1,100,,82036,13,,,1,99,,82054,13,,,1,101,,82051,13,,,1,100,,82038,13,,,1,98,,82050,13,,,1,100,,82039,13,,,1
4900,'Semaine-12',628,,82101,13,,,1,31,,82112,13,,,1,71,,82104,13,,,1,26,,82105,13,,,1,73,,82099,13,,,1,74,,82094,13,,,1,29,,82086,13,,,1,71,,82106,13,,,1,33,,82102,13,,,1,70,,82097,13,,,1,30,,82074,13,,,1,70,,82095,13,,,1,30,,82076,13,,,1,70,,82081,13,,,1,30,,82083,13,,,1,71,,82087,13,,,1,30,,82103,13,,,1,70,,82085,13,,,1,30,,82088,13,,,1,70,,82079,13,,,1,30,,82091,13,,,1,70,,82082,13,,,1,30,,82080,13,,,1,70,,82098,13,,,1,28,,82092,13,,,1,100,,82075,13,,,1,99,,82093,13,,,1,101,,82090,13,,,1,100,,82077,13,,,1,98,,82089,13,,,1,100,,82078,13,,,1
5200,'Samedi-1',649,,82231,33,,,1,100,,82232,33,,,1,101,,82233,33,,,1,100,,82234,33,,,1,100,,82235,33,,,1,102,,82236,33,,,1,100,,82237,33,,,1,100,,82238,33,,,1,99,,82239,33,,,1,100,,82240,33,,,1,100,,82241,33,,,1,100,,82242,33,,,1,99,,82243,33,,,1,100,,82246,33,,,1,100,,82244,33,,,1,99,,82245,33,,,1,98,,82247,33,,,1,100,,82248,33,,,1
5200,'Samedi-10',649,,70287,33,,,1,100,,70288,33,,,1,101,,70289,33,,,1,100,,70290,33,,,1,100,,70291,33,,,1,102,,70292,33,,,1,100,,70293,33,,,1,100,,70294,33,,,1,99,,70295,33,,,1,100,,70296,33,,,1,100,,70297,33,,,1,100,,70298,33,,,1,99,,70299,33,,,1,100,,70302,33,,,1,100,,70300,33,,,1,99,,70301,33,,,1,98,,70303,33,,,1,100,,70304,33,,,1
5200,'Dimanche-1',649,,82250,33,,,1,100,,82249,33,,,1,101,,82251,33,,,1,100,,82254,33,,,1,100,,82252,33,,,1,102,,82253,33,,,1,100,,82257,33,,,1,100,,82256,33,,,1,99,,82258,33,,,1,100,,82255,33,,,1,100,,82259,33,,,1,100,,82261,33,,,1,99,,82262,33,,,1,100,,82260,33,,,1,100,,82263,33,,,1,99,,82264,33,,,1,98,,82265,33,,,1,100,,82266,33,,,1
5200,'Semaine-1',620,,82270,33,,,1,98,,82272,33,,,1,109,,82267,33,,,1,96,,82283,33,,,1,98,,82281,33,,,1,101,,82268,33,,,1,100,,82275,33,,,1,100,,82274,33,,,1,100,,82271,33,,,1,101,,82269,33,,,1,108,,82273,33,,,1,100,,82284,33,,,1,106,,82282,33,,,1,99,,82276,33,,,1,84,,82280,33,,,1,100,,82279,33,,,1,99,,82277,33,,,1,100,,82278,33,,,1
5200,'Semaine-12',620,,82288,33,,,1,98,,82290,33,,,1,109,,82285,33,,,1,96,,82301,33,,,1,98,,82299,33,,,1,101,,82286,33,,,1,100,,82293,33,,,1,100,,82292,33,,,1,100,,82289,33,,,1,101,,82287,33,,,1,108,,82291,33,,,1,100,,82302,33,,,1,106,,82300,33,,,1,99,,82294,33,,,1,84,,82298,33,,,1,100,,82297,33,,,1,99,,82295,33,,,1,100,,82296,33,,,1
5601,'Semaine-1',1250,,82735,44,,,1,101,,82732,44,,,1,101,,82731,44,,,1,104,,82734,44,,,2,144,,82733,44,,,1,59,,82736,44,,,1,94,,82737,44,,,1
5601,'Semaine-12',1250,,82742,44,,,1,101,,82739,44,,,1,101,,82738,44,,,1,104,,82741,44,,,2,144,,82740,44,,,1,59,,82743,44,,,1,94,,82744,44,,,1
5901,'Samedi-1',714,,82939,12,,,1,30,,82946,12,,,1,69,,82943,12,,,1,30,,82948,12,,,1,70,,82940,12,,,1,30,,82945,12,,,1,70,,82944,12,,,1,30,,82947,12,,,1,70,,82951,12,,,1,30,,82952,12,,,1,70,,82941,12,,,1,30,,82942,12,,,1,70,,82950,12,,,1,30,,82949,12,,,1,70,,82953,12,,,1,30,,82954,12,,,1,70,,82955,12,,,1,30,,82956,12,,,1,70,,82957,12,,,1,30,,82958,12,,,1,70,,82959,12,,,1,30,,82960,12,,,1,70,,82961,12,,,1,30,,82962,12,,,1,71,,82963,12,,,1,30,,82965,12,,,1,70,,82964,12,,,1,30,,82966,12,,,1,70,,82967,12,,,1,30,,82968,12,,,1,70,,82970,12,,,1,31,,82969,12,,,1
5901,'Samedi-10',714,,71780,12,,,1,30,,71787,12,,,1,69,,71784,12,,,1,30,,71789,12,,,1,70,,71781,12,,,1,30,,71786,12,,,1,70,,71785,12,,,1,30,,71788,12,,,1,70,,71792,12,,,1,30,,71793,12,,,1,70,,71782,12,,,1,30,,71783,12,,,1,70,,71791,12,,,1,30,,71790,12,,,1,70,,71794,12,,,1,30,,71795,12,,,1,70,,71796,12,,,1,30,,71797,12,,,1,70,,71798,12,,,1,30,,71799,12,,,1,70,,71800,12,,,1,30,,71801,12,,,1,70,,71802,12,,,1,30,,71803,12,,,1,71,,71804,12,,,1,30,,71806,12,,,1,70,,71805,12,,,1,30,,71807,12,,,1,70,,71808,12,,,1,30,,71809,12,,,1,70,,71811,12,,,1,31,,71810,12,,,1
5901,'Dimanche-1',714,,82971,12,,,1,30,,82983,12,,,1,69,,82977,12,,,1,30,,82978,12,,,1,70,,82985,12,,,1,30,,82982,12,,,1,70,,82987,12,,,1,30,,82974,12,,,1,70,,82986,12,,,1,30,,82972,12,,,1,70,,82981,12,,,1,30,,82973,12,,,1,70,,82976,12,,,1,30,,82979,12,,,1,70,,82980,12,,,1,30,,82988,12,,,1,70,,82975,12,,,1,30,,82991,12,,,1,70,,82984,12,,,1,30,,82993,12,,,1,70,,82994,12,,,1,30,,82990,12,,,1,70,,82995,12,,,1,30,,82992,12,,,1,71,,82996,12,,,1,30,,82989,12,,,1,70,,82997,12,,,1,30,,82998,12,,,1,70,,82999,12,,,1,30,,83000,12,,,1,70,,83001,12,,,1,31,,83002,12,,,1
5901,'Semaine-1',512,,83007,12,,,1,15,,83043,12,,,1,15,,83016,12,,,1,15,,83037,12,,,1,55,,83017,12,,,1,14,,83006,12,,,1,13,,83008,12,,,1,13,,83011,12,,,1,58,,83014,12,,,1,15,,83015,12,,,1,18,,83010,12,,,1,12,,83039,12,,,1,58,,83025,12,,,1,15,,83030,12,,,1,13,,83020,12,,,1,15,,83005,12,,,1,56,,83023,12,,,1,27,,83049,12,,,1,70,,83044,12,,,1,30,,83031,12,,,1,70,,83013,12,,,1,30,,83024,12,,,1,70,,83027,12,,,1,30,,83012,12,,,1,70,,83041,12,,,1,30,,83003,12,,,1,70,,83045,12,,,1,30,,83035,12,,,1,73,,83038,12,,,1,100,,83042,12,,,1,101,,83022,12,,,1,100,,83029,12,,,1,37,,83034,12,,,1,70,,83021,12,,,1,30,,83028,12,,,1,70,,83033,12,,,1,30,,83040,12,,,1,70,,83018,12,,,1,30,,83036,12,,,1,71,,83026,12,,,1,30,,83009,12,,,1,70,,83019,12,,,1,30,,83032,12,,,1
5901,'Semaine-12',512,,83054,12,,,1,15,,83090,12,,,1,15,,83063,12,,,1,15,,83084,12,,,1,55,,83064,12,,,1,14,,83053,12,,,1,13,,83055,12,,,1,13,,83058,12,,,1,58,,83061,12,,,1,15,,83062,12,,,1,18,,83057,12,,,1,12,,83086,12,,,1,58,,83072,12,,,1,15,,83077,12,,,1,13,,83067,12,,,1,15,,83052,12,,,1,56,,83070,12,,,1,27,,83096,12,,,1,70,,83091,12,,,1,30,,83078,12,,,1,70,,83060,12,,,1,30,,83071,12,,,1,70,,83074,12,,,1,30,,83059,12,,,1,70,,83088,12,,,1,30,,83050,12,,,1,70,,83092,12,,,1,30,,83082,12,,,1,73,,83085,12,,,1,100,,83089,12,,,1,101,,83069,12,,,1,100,,83076,12,,,1,37,,83081,12,,,1,70,,83068,12,,,1,30,,83075,12,,,1,70,,83080,12,,,1,30,,83087,12,,,1,70,,83065,12,,,1,30,,83083,12,,,1,71,,83073,12,,,1,30,,83056,12,,,1,70,,83066,12,,,1,30,,83079,12,,,1
64101,'Semaine-1',1522,,86849,19,4,,1
64101,'Semaine-12',1522,,86850,19,4,,1
64500,'Semaine-1',725,,86851,29,0,9 10,1
64500,'Semaine-12',725,,86852,29,0,9 10,1
75200,'Semaine-1',723,,86888,17,0,9 18,1,2,,86887,17,0,9 18,2
75200,'Semaine-12',723,,86890,17,0,9 18,1,2,,86889,17,0,9 18,2
80000,'Samedi-1',718,,86901,16,,,1,102,,86902,16,,,1,98,,86903,16,,,1,101,,86905,16,,,1,100,,86906,16,,,1,100,,86904,16,,,1,100,,86907,16,,,1,100,,86908,16,,,1,100,,86909,16,,,1,100,,86910,16,,,1,99,,86911,16,,,2,100,,86912,16,,,1,100,,86915,16,,,1,100,,86913,16,,,1,100,,86914,16,,,1,99,,86916,16,,,1,100,,86917,16,,,1
80000,'Samedi-10',718,,79460,16,,,1,102,,79461,16,,,1,98,,79462,16,,,1,101,,79464,16,,,1,100,,79465,16,,,1,100,,79463,16,,,1,100,,79466,16,,,1,100,,79467,16,,,1,100,,79468,16,,,1,100,,79469,16,,,1,99,,79470,16,,,2,100,,79471,16,,,1,100,,79474,16,,,1,100,,79472,16,,,1,100,,79473,16,,,1,99,,79475,16,,,1,100,,79476,16,,,1
80000,'Dimanche-1',718,,86920,16,,,1,102,,86919,16,,,1,98,,86925,16,,,1,101,,86918,16,,,1,100,,86922,16,,,1,100,,86921,16,,,1,100,,86923,16,,,1,100,,86924,16,,,1,100,,86928,16,,,1,100,,86926,16,,,1,99,,86927,16,,,2,100,,86931,16,,,1,100,,86930,16,,,1,100,,86929,16,,,1,100,,86932,16,,,1,99,,86933,16,,,1,100,,86934,16,,,1
80000,'Semaine-1',552,,86967,16,,,1,71,,86953,16,,,1,31,,86943,16,,,1,55,,86942,16,,,1,15,,86963,16,,,1,31,,86954,16,,,1,58,,86940,16,,,1,30,,86959,16,,,1,70,,86944,16,,,1,30,,86961,16,,,1,70,,86956,16,,,1,30,,86970,16,,,1,70,,86937,16,,,1,30,,86958,16,,,1,70,,86948,16,,,1,31,,86964,16,,,1,69,,86957,16,,,1,30,,86968,16,,,1,70,,86947,16,,,1,29,,86962,16,,,1,72,,86960,16,,,1,31,,86949,16,,,1,70,,86965,16,,,1,30,,86938,16,,,1,69,,86955,16,,,1,30,,86952,16,,,1,70,,86966,16,,,1,29,,86951,16,,,1,72,,86945,16,,,1,28,,86939,16,,,1,71,,86969,16,,,1,29,,86950,16,,,1,69,,86946,16,,,1,30,,86936,16,,,1,69,,86941,16,,,1,30,,86935,16,,,1
80000,'Semaine-12',552,,87003,16,,,1,71,,86989,16,,,1,31,,86979,16,,,1,55,,86978,16,,,1,15,,86999,16,,,1,31,,86990,16,,,1,58,,86976,16,,,1,30,,86995,16,,,1,70,,86980,16,,,1,30,,86997,16,,,1,70,,86992,16,,,1,30,,87006,16,,,1,70,,86973,16,,,1,30,,86994,16,,,1,70,,86984,16,,,1,31,,87000,16,,,1,69,,86993,16,,,1,30,,87004,16,,,1,70,,86983,16,,,1,29,,86998,16,,,1,72,,86996,16,,,1,31,,86985,16,,,1,70,,87001,16,,,1,30,,86974,16,,,1,69,,86991,16,,,1,30,,86988,16,,,1,70,,87002,16,,,1,29,,86987,16,,,1,72,,86981,16,,,1,28,,86975,16,,,1,71,,87005,16,,,1,29,,86986,16,,,1,69,,86982,16,,,1,30,,86972,16,,,1,69,,86977,16,,,1,30,,86971,16,,,1
