3300,'Samedi-1',803,,80535,29,,,1,101,,80536,29,,,1,101,,80537,29,,,1,100,,80538,29,,,1,102,,80539,29,,,1,100,,80540,29,,,1,100,,80541,29,,,1,100,,80542,29,,,1,100,,80543,29,,,1,100,,80544,29,,,1,100,,80545,29,,,1,98,,80546,29,,,1,99,,80547,29,,,1,100,,80548,29,,,1,100,,80549,29,,,1,100,,80550,29,,,1,99,,80551,29,,,1,99,,80552,29,,,1
3300,'Samedi-10',803,,66888,29,,,1,101,,66889,29,,,1,101,,66890,29,,,1,100,,66891,29,,,1,102,,66892,29,,,1,100,,66893,29,,,1,100,,66894,29,,,1,100,,66895,29,,,1,100,,66896,29,,,1,100,,66897,29,,,1,100,,66898,29,,,1,98,,66899,29,,,1,99,,66900,29,,,1,100,,66901,29,,,1,100,,66902,29,,,1,100,,66903,29,,,1,99,,66904,29,,,1,99,,66905,29,,,1
3300,'Dimanche-1',803,,80554,29,,,1,101,,80559,29,,,1,101,,80565,29,,,1,100,,80556,29,,,1,102,,80558,29,,,1,100,,80555,29,,,1,100,,80557,29,,,1,100,,80553,29,,,1,100,,80561,29,,,1,100,,80560,29,,,1,100,,80563,29,,,1,98,,80562,29,,,1,99,,80564,29,,,1,100,,80566,29,,,1,100,,80567,29,,,1,100,,80568,29,,,1,99,,80569,29,,,1,99,,80570,29,,,1
3300,'Semaine-1',645,,80596,29,,,1,60,,80595,29,,,1,19,,80602,29,,,1,34,,80575,29,,,1,53,,80589,29,,,1,19,,80597,29,,,1,16,,80610,29,,,1,57,,80603,29,,,1,27,,80587,29,,,1,27,,80605,29,,,1,71,,80590,29,,,1,78,,80580,29,,,1,21,,80599,29,,,1,20,,80585,29,,,1,60,,80592,29,,,1,20,,80581,29,,,1,22,,80607,29,,,1,58,,80588,29,,,1,20,,80609,29,,,1,32,,80594,29,,,1,69,,80582,29,,,1,20,,80604,29,,,1,60,,80600,29,,,1,22,,80593,29,,,1,23,,80572,29,,,1,61,,80584,29,,,1,12,,80591,29,,,1,13,,80608,29,,,1,17,,80606,29,,,1,65,,80601,29,,,1,20,,80579,29,,,1,59,,80578,29,,,1,15,,80583,29,,,1,18,,80571,29,,,1,18,,80576,29,,,1,81,,80611,29,,,1,73,,80586,29,,,1,98,,80577,29,,,1,102,,80573,29,,,1,100,,80598,29,,,2,100,,80612,29,,,1,103,,80574,29,,,1
3300,'Semaine-12',645,,80638,29,,,1,60,,80637,29,,,1,19,,80644,29,,,1,34,,80617,29,,,1,53,,80631,29,,,1,19,,80639,29,,,1,16,,80652,29,,,1,57,,80645,29,,,1,27,,80629,29,,,1,27,,80647,29,,,1,71,,80632,29,,,1,78,,80622,29,,,1,21,,80641,29,,,1,20,,80627,29,,,1,60,,80634,29,,,1,20,,80623,29,,,1,22,,80649,29,,,1,58,,80630,29,,,1,20,,80651,29,,,1,32,,80636,29,,,1,69,,80624,29,,,1,20,,80646,29,,,1,60,,80642,29,,,1,22,,80635,29,,,1,23,,80614,29,,,1,61,,80626,29,,,1,12,,80633,29,,,1,13,,80650,29,,,1,17,,80648,29,,,1,65,,80643,29,,,1,20,,80621,29,,,1,59,,80620,29,,,1,15,,80625,29,,,1,18,,80613,29,,,1,18,,80618,29,,,1,81,,80653,29,,,1,73,,80628,29,,,1,98,,80619,29,,,1,102,,80615,29,,,1,100,,80640,29,,,2,100,,80654,29,,,1,103,,80616,29,,,1
3500,'Semaine-1',653,,81054,38,0,15 16,1,78,,81029,38,0,15 16,2,23,,81039,38,0,15 16,1,63,,81057,38,0,15 16,1,15,,81047,38,0,15 16,1,20,,81062,38,0,15 16,1,60,,81059,38,0,15 16,1,23,,81052,38,0,15 16,1,21,,81058,38,0,15 16,1,70,,81037,38,0,15 16,1,26,,81050,38,0,15 16,1,74,,81031,38,0,15 16,1,28,,81035,38,0,15 16,1,70,,81045,38,0,15 16,2,32,,81030,38,0,15 16,1,70,,81040,38,0,15 16,1,30,,81061,38,0,15 16,2,70,,81048,38,0,15 16,1,30,,81032,38,0,15 16,2,76,,81044,38,,,2,74,,81046,38,0,15 16,1,19,,81038,31,0,15 16,1,19,,81049,38,,,1,13,,81043,31,0,15 16,1,57,,81053,38,,,1,23,,81055,38,0,15 16,1,70,,81036,38,,,1,24,,81034,38,0,15 16,1,28,,81063,38,,,1,66,,81051,38,0,15 16,1,30,,81041,31,0,15 16,1,70,,81042,38,,,1,100,,81056,38,,,1,100,,81060,38,,,1,100,,81033,38,0,15 16,1
3500,'Semaine-12',653,,81089,38,0,15 16,1,78,,81064,38,0,15 16,2,23,,81074,38,0,15 16,1,63,,81092,38,0,15 16,1,15,,81082,38,0,15 16,1,20,,81097,38,0,15 16,1,60,,81094,38,0,15 16,1,23,,81087,38,0,15 16,1,21,,81093,38,0,15 16,1,70,,81072,38,0,15 16,1,26,,81085,38,0,15 16,1,74,,81066,38,0,15 16,1,28,,81070,38,0,15 16,1,70,,81080,38,0,15 16,2,32,,81065,38,0,15 16,1,70,,81075,38,0,15 16,1,30,,81096,38,0,15 16,2,70,,81083,38,0,15 16,1,30,,81067,38,0,15 16,2,76,,81079,38,,,2,74,,81081,38,0,15 16,1,19,,81073,31,0,15 16,1,19,,81084,38,,,1,13,,81078,31,0,15 16,1,57,,81088,38,,,1,23,,81090,38,0,15 16,1,70,,81071,38,,,1,24,,81069,38,0,15 16,1,28,,81098,38,,,1,66,,81086,38,0,15 16,1,30,,81076,31,0,15 16,1,70,,81077,38,,,1,100,,81091,38,,,1,100,,81095,38,,,1,100,,81068,38,0,15 16,1
4900,'Samedi-1',753,,82003,58,,,1,100,,82004,58,,,1,102,,82001,58,,,1,100,,82005,58,,,1,100,,82002,58,,,1,101,,82006,58,,,1,98,,82007,58,,,1,102,,82008,58,,,1,102,,82009,58,,,1,100,,82010,58,,,1,100,,82011,58,,,1,95,,82012,58,,,1,100,,82013,58,,,1,100,,82014,58,,,1,100,,82015,58,,,1,100,,82016,58,,,1,98,,82017,58,,,1
4900,'Samedi-10',753,,69841,58,,,1,100,,69842,58,,,1,102,,69839,58,,,1,100,,69843,58,,,1,100,,69840,58,,,1,101,,69844,58,,,1,98,,69845,58,,,1,102,,69846,58,,,1,102,,69847,58,,,1,100,,69848,58,,,1,100,,69849,58,,,1,95,,69850,58,,,1,100,,69851,58,,,1,100,,69852,58,,,1,100,,69853,58,,,1,100,,69854,58,,,1,98,,69855,58,,,1
4900,'Dimanche-1',753,,82018,58,,,1,100,,82031,58,,,1,102,,82019,58,,,1,100,,82030,58,,,1,100,,82022,58,,,1,101,,82021,58,,,1,98,,82025,58,,,1,102,,82020,58,,,1,102,,82024,58,,,1,100,,82023,58,,,1,100,,82027,58,,,1,95,,82029,58,,,1,100,,82026,58,,,1,100,,82028,58,,,1,100,,82032,58,,,1,100,,82033,58,,,1,98,,82034,58,,,1
4900,'Semaine-1',710,,82062,58,,,1,18,,82057,45,,,1,3,,82069,45,,,1,4,,82045,45,,,1,7,,82068,45,,,1,3,,82073,58,,,1,5,,82072,45,,,1,4,,82071,45,,,1,5,,82070,45,,,1,60,,82065,58,,,1,24,,82061,45,,,1,1,,82066,58,,,1,71,,82060,58,,,1,30,,82055,58,,,1,68,,82047,58,,,1,31,,82067,58,,,1,73,,82063,58,,,1,30,,82058,58,,,1,70,,82035,58,,,1,30,,82056,58,,,1,70,,82037,58,,,1,30,,82042,58,,,1,70,,82044,58,,,1,30,,82048,58,,,1,70,,82064,58,,,1,38,,82046,58,,,1,70,,82049,58,,,1,30,,82040,58,,,1,70,,82052,58,,,1,30,,82043,58,,,1,67,,82041,58,,,1,30,,82059,58,,,1,66,,82053,58,,,1,95,,82036,58,,,1,99,,82054,58,,,1,101,,82051,58,,,1,97,,82038,58,,,1,97,,82050,58,,,1,100,,82039,58,,,1
4900,'Semaine-12',710,,82101,58,,,1,18,,82096,45,,,1,3,,82108,45,,,1,4,,82084,45,,,1,7,,82107,45,,,1,3,,82112,58,,,1,5,,82111,45,,,1,4,,82110,45,,,1,5,,82109,45,,,1,60,,82104,58,,,1,24,,82100,45,,,1,1,,82105,58,,,1,71,,82099,58,,,1,30,,82094,58,,,1,68,,82086,58,,,1,31,,82106,58,,,1,73,,82102,58,,,1,30,,82097,58,,,1,70,,82074,58,,,1,30,,82095,58,,,1,70,,82076,58,,,1,30,,82081,58,,,1,70,,82083,58,,,1,30,,82087,58,,,1,70,,82103,58,,,1,38,,82085,58,,,1,70,,82088,58,,,1,30,,82079,58,,,1,70,,82091,58,,,1,30,,82082,58,,,1,67,,82080,58,,,1,30,,82098,58,,,1,66,,82092,58,,,1,95,,82075,58,,,1,99,,82093,58,,,1,101,,82090,58,,,1,97,,82077,58,,,1,97,,82089,58,,,1,100,,82078,58,,,1
5000,'Semaine-1',710,,82216,46,,,1,26,,82214,46,,,1,8,,82215,25,,,2,65,,82217,46,,,2,30,,82213,46,,,1,105,,82218,46,,,1
5000,'Semaine-12',710,,82222,46,,,1,26,,82220,46,,,1,8,,82221,25,,,2,65,,82223,46,,,2,30,,82219,46,,,1,105,,82224,46,,,1
5600,'Semaine-1',706,,82719,49,,,1,32,,82717,49,,,1,6,,82721,49,,,1,65,,82720,49,,,1,30,,82714,49,,,1,100,,82713,49,,,1,106,,82715,49,,,1,99,,82718,49,,,2,100,,82716,49,,,1
5600,'Semaine-12',706,,82728,49,,,1,32,,82726,49,,,1,6,,82730,49,,,1,65,,82729,49,,,1,30,,82723,49,,,1,100,,82722,49,,,1,106,,82724,49,,,1,99,,82727,49,,,2,100,,82725,49,,,1
42500,'Semaine-1',734,,86753,35,0,9 14,1,2,,86754,35,0,9 14,2
42500,'Semaine-12',734,,86755,35,0,9 14,1,2,,86756,35,0,9 14,2
42600,'Semaine-1',737,,86759,16,0,9 14,1,1,,86760,16,0,9 14,1
42600,'Semaine-12',737,,86761,16,0,9 14,1,1,,86762,16,0,9 14,1
42900,'Semaine-1',738,,86765,22,0,9 14,1,2,,86766,22,0,9 14,2
42900,'Semaine-12',738,,86767,22,0,9 14,1,2,,86768,22,0,9 14,2
44900,'Semaine-1',740,,86791,36,0,9 14,1
44900,'Semaine-12',740,,86792,36,0,9 14,1
56600,'Semaine-1',1525,,86817,9,0,5 6,1
56600,'Semaine-12',1525,,86818,9,0,5 6,1
73300,'Semaine-1',1637,,86877,26,,,1
73300,'Semaine-12',1637,,86878,26,,,1
83300,'Semaine-1',1540,,87153,16,0,9 12 13,1
83300,'Semaine-12',1540,,87155,16,0,9 12 13,1
