6501,'Samedi-1',743,,83537,7,,,1,100,,83535,7,,,1,100,,83534,7,,,1,100,,83532,7,,,1,100,,83531,7,,,1,100,,83533,7,,,1,100,,83536,7,,,1,100,,83538,7,,,1,100,,83539,7,,,1,100,,83540,7,,,1,100,,83541,7,,,1,100,,83545,7,,,1,100,,83542,7,,,1,100,,83543,7,,,1,100,,83544,7,,,1,100,,83546,7,,,1,100,,83547,7,,,1
6501,'Samedi-10',743,,72923,7,,,1,100,,72921,7,,,1,100,,72920,7,,,1,100,,72918,7,,,1,100,,72917,7,,,1,100,,72919,7,,,1,100,,72922,7,,,1,100,,72924,7,,,1,100,,72925,7,,,1,100,,72926,7,,,1,100,,72927,7,,,1,100,,72931,7,,,1,100,,72928,7,,,1,100,,72929,7,,,1,100,,72930,7,,,1,100,,72932,7,,,1,100,,72933,7,,,1
6501,'Dimanche-1',743,,83551,7,,,1,100,,83552,7,,,1,100,,83548,7,,,1,100,,83549,7,,,1,100,,83550,7,,,1,100,,83553,7,,,1,100,,83555,7,,,1,100,,83554,7,,,1,100,,83559,7,,,1,100,,83556,7,,,1,100,,83558,7,,,1,100,,83560,7,,,1,100,,83557,7,,,1,100,,83561,7,,,1,100,,83562,7,,,1,100,,83563,7,,,1,100,,83564,7,,,1
6501,'Semaine-1',538,,83577,7,,,1,70,,83590,7,,,1,32,,83594,7,,,1,60,,83579,7,,,1,19,,83580,7,,,1,21,,83593,7,,,1,62,,83578,7,,,2,19,,83576,7,,,1,19,,83587,7,,,2,60,,83566,7,,,2,20,,83582,7,,,1,26,,83573,7,,,1,70,,83575,7,,,1,100,,83583,7,,,1,101,,83570,7,,,1,100,,83585,7,,,1,100,,83567,7,,,1,100,,83571,7,,,1,33,,83584,7,,,2,61,,83569,7,,,1,14,,83591,7,,,2,22,,83588,7,,,1,60,,83572,7,,,2,14,,83565,7,,,1,20,,83586,7,,,2,60,,83589,7,,,2,19,,83574,7,,,1,20,,83568,7,,,2,60,,83596,7,,,2,57,,83592,7,,,1,100,,83595,7,,,1,100,,83597,7,,,1,100,,83581,7,,,1
6501,'Semaine-12',538,,83610,7,,,1,70,,83623,7,,,1,32,,83627,7,,,1,60,,83612,7,,,1,19,,83613,7,,,1,21,,83626,7,,,1,62,,83611,7,,,2,19,,83609,7,,,1,19,,83620,7,,,2,60,,83599,7,,,2,20,,83615,7,,,1,26,,83606,7,,,1,70,,83608,7,,,1,100,,83616,7,,,1,101,,83603,7,,,1,100,,83618,7,,,1,100,,83600,7,,,1,100,,83604,7,,,1,33,,83617,7,,,2,61,,83602,7,,,1,14,,83624,7,,,2,22,,83621,7,,,1,60,,83605,7,,,2,14,,83598,7,,,1,20,,83619,7,,,2,60,,83622,7,,,2,19,,83607,7,,,1,20,,83601,7,,,2,60,,83629,7,,,2,57,,83625,7,,,1,100,,83628,7,,,1,100,,83630,7,,,1,100,,83614,7,,,1
7600,'Samedi-1',737,,84976,7,,,1,100,,84979,7,,,1,100,,84978,7,,,1,100,,84981,7,,,1,100,,84980,7,,,1,101,,84975,7,,,1,99,,84977,7,,,1,100,,84982,7,,,1,100,,84983,7,,,1,100,,84984,7,,,1,100,,84985,7,,,1,100,,84986,7,,,1,100,,84987,7,,,1,100,,84988,7,,,1,100,,84989,7,,,1,100,,84990,7,,,1
7600,'Samedi-10',737,,75740,7,,,1,100,,75743,7,,,1,100,,75742,7,,,1,100,,75745,7,,,1,100,,75744,7,,,1,101,,75739,7,,,1,99,,75741,7,,,1,100,,75746,7,,,1,100,,75747,7,,,1,100,,75748,7,,,1,100,,75749,7,,,1,100,,75750,7,,,1,100,,75751,7,,,1,100,,75752,7,,,1,100,,75753,7,,,1,100,,75754,7,,,1
7600,'Dimanche-1',737,,84994,7,,,1,100,,84993,7,,,1,100,,84992,7,,,1,100,,84997,7,,,1,100,,84991,7,,,1,101,,84996,7,,,1,99,,84995,7,,,1,100,,84998,7,,,1,100,,84999,7,,,1,100,,85000,7,,,1,100,,85003,7,,,1,100,,85001,7,,,1,100,,85002,7,,,1,100,,85004,7,,,1,100,,85005,7,,,1,100,,85006,7,,,1
7600,'Semaine-1',543,,85033,7,,,1,70,,85030,7,,,1,22,,85034,7,,,1,18,,85031,7,,,1,59,,85032,7,,,2,24,,85035,7,,,1,23,,85036,7,,,1,54,,85044,7,,,1,20,,85043,7,,,1,23,,85038,7,,,1,60,,85039,7,,,2,25,,85037,7,,,1,70,,85041,7,,,1,30,,85040,7,,,1,70,,85042,7,,,2,28,,85010,7,,,1,72,,85011,7,,,1,30,,85012,7,,,1,70,,85008,7,,,1,30,,85015,7,,,1,70,,85009,7,,,1,31,,85013,7,,,1,70,,85014,7,,,1,34,,85007,7,,,1,56,,85022,7,,,1,17,,85016,7,,,1,23,,85019,7,,,2,60,,85023,7,,,1,14,,85020,7,,,2,20,,85024,7,,,1,70,,85025,7,,,1,30,,85021,7,,,1,70,,85026,7,,,1,46,,85017,7,,,1,98,,85027,7,,,2,100,,85028,7,,,2,100,,85018,7,,,2,100,,85029,7,,,1
7600,'Semaine-12',543,,85071,7,,,1,70,,85068,7,,,1,22,,85072,7,,,1,18,,85069,7,,,1,59,,85070,7,,,2,24,,85073,7,,,1,23,,85074,7,,,1,54,,85082,7,,,1,20,,85081,7,,,1,23,,85076,7,,,1,60,,85077,7,,,2,25,,85075,7,,,1,70,,85079,7,,,1,30,,85078,7,,,1,70,,85080,7,,,2,28,,85048,7,,,1,72,,85049,7,,,1,30,,85050,7,,,1,70,,85046,7,,,1,30,,85053,7,,,1,70,,85047,7,,,1,31,,85051,7,,,1,70,,85052,7,,,1,34,,85045,7,,,1,56,,85060,7,,,1,17,,85054,7,,,1,23,,85057,7,,,2,60,,85061,7,,,1,14,,85058,7,,,2,20,,85062,7,,,1,70,,85063,7,,,1,30,,85059,7,,,1,70,,85064,7,,,1,46,,85055,7,,,1,98,,85065,7,,,2,100,,85066,7,,,2,100,,85056,7,,,2,100,,85067,7,,,1
