2001,'Semaine-1',1553,,79965,19,,,1,99,,79967,19,,,1,100,,79966,19,,,1
2001,'Semaine-12',1553,,79968,19,,,1,99,,79970,19,,,1,100,,79969,19,,,1
2601,'Semaine-1',618,,80028,34,,,1,31,,80030,34,,,2,71,,80031,34,,,2,30,,80029,34,,,1,70,,80027,34,,,2
2601,'Semaine-12',618,,80033,34,,,1,31,,80035,34,,,2,71,,80036,34,,,2,30,,80034,34,,,1,70,,80032,34,,,2
2901,'Semaine-1',732,,80077,20,,,2,70,,80080,20,,,1,29,,80078,20,,,1,71,,80079,20,,,2
2901,'Semaine-12',732,,80081,20,,,2,70,,80084,20,,,1,29,,80082,20,,,1,71,,80083,20,,,2
3201,'Semaine-1',533,,80478,32,,,1,20,,80477,32,,,1,60,,80469,32,,,1,21,,80479,32,,,2,10,,80459,32,,,1,8,,80480,32,,,1,53,,80460,32,,,1,10,,80461,32,,,1,8,,80453,32,,,1,11,,80456,32,,,1,8,,80482,32,,,1,8,,80462,32,,,1,8,,80457,32,,,1,49,,80470,32,,,1,8,,80452,32,,,1,8,,80463,32,,,1,8,,80481,32,,,2,8,,80451,32,,,1,10,,80450,32,,,1,10,,80455,32,,,1,48,,80458,32,,,1,9,,80464,32,,,1,22,,80438,32,,,2,68,,80448,33,,,1,31,,80441,33,,,1,70,,80444,33,,,1,30,,80437,33,,,1,70,,80447,33,,,1,30,,80442,33,,,1,70,,80449,33,,,1,30,,80431,33,,,1,69,,80436,33,,,1,30,,80443,33,,,1,71,,80454,33,,,1,33,,80471,33,,,1,71,,80472,33,,,2,29,,80473,33,,,1,70,,80474,33,,,1,27,,80475,33,,,2,70,,80476,33,,,1,30,,80434,33,,,1,69,,80432,33,,,2,29,,80445,33,,,2,70,,80440,33,,,1,29,,80435,33,,,1,71,,80433,33,,,2,30,,80446,33,,,1,68,,80439,33,,,1,28,,80466,33,,,1,72,,80465,33,,,1,29,,80467,33,,,1,70,,80468,33,,,1
3201,'Semaine-12',533,,80530,32,,,1,20,,80529,32,,,1,60,,80521,32,,,1,21,,80531,32,,,2,10,,80511,32,,,1,8,,80532,32,,,1,53,,80512,32,,,1,10,,80513,32,,,1,8,,80505,32,,,1,11,,80508,32,,,1,8,,80534,32,,,1,8,,80514,32,,,1,8,,80509,32,,,1,49,,80522,32,,,1,8,,80504,32,,,1,8,,80515,32,,,1,8,,80533,32,,,2,8,,80503,32,,,1,10,,80502,32,,,1,10,,80507,32,,,1,48,,80510,32,,,1,9,,80516,32,,,1,22,,80490,32,,,2,68,,80500,33,,,1,31,,80493,33,,,1,70,,80496,33,,,1,30,,80489,33,,,1,70,,80499,33,,,1,30,,80494,33,,,1,70,,80501,33,,,1,30,,80483,33,,,1,69,,80488,33,,,1,30,,80495,33,,,1,71,,80506,33,,,1,33,,80523,33,,,1,71,,80524,33,,,2,29,,80525,33,,,1,70,,80526,33,,,1,27,,80527,33,,,2,70,,80528,33,,,1,30,,80486,33,,,1,69,,80484,33,,,2,29,,80497,33,,,2,70,,80492,33,,,1,29,,80487,33,,,1,71,,80485,33,,,2,30,,80498,33,,,1,68,,80491,33,,,1,28,,80518,33,,,1,72,,80517,33,,,1,29,,80519,33,,,1,70,,80520,33,,,1
3401,'Samedi-1',723,,80905,54,,,1,100,,80908,54,,,1,30,,80917,54,,,1,70,,80906,54,,,1,33,,80911,54,,,1,70,,80913,54,,,1,28,,80907,54,,,1,70,,80916,54,,,1,34,,80909,54,,,1,69,,80918,54,,,1,31,,80910,54,,,1,70,,80912,54,,,1,30,,80914,54,,,1,70,,80915,54,,,1,30,,80919,54,,,1,71,,80920,54,,,1,30,,80921,54,,,1,70,,80922,54,,,1,30,,80923,54,,,1,68,,80924,54,,,1,30,,80925,54,,,1,68,,80926,54,,,1,30,,80927,54,,,1,70,,80929,54,,,1,28,,80928,54,,,1,70,,80930,54,,,1,30,,80931,54,,,1,70,,80932,54,,,1,30,,80934,54,,,1,70,,80933,54,,,1,30,,80935,54,,,1,95,,80936,54,,,1
3401,'Samedi-10',723,,67667,54,,,1,100,,67670,54,,,1,30,,67679,54,,,1,70,,67668,54,,,1,33,,67673,54,,,1,70,,67675,54,,,1,28,,67669,54,,,1,70,,67678,54,,,1,34,,67671,54,,,1,69,,67680,54,,,1,31,,67672,54,,,1,70,,67674,54,,,1,30,,67676,54,,,1,70,,67677,54,,,1,30,,67681,54,,,1,71,,67682,54,,,1,30,,67683,54,,,1,70,,67684,54,,,1,30,,67685,54,,,1,68,,67686,54,,,1,30,,67687,54,,,1,68,,67688,54,,,1,30,,67689,54,,,1,70,,67691,54,,,1,28,,67690,54,,,1,70,,67692,54,,,1,30,,67693,54,,,1,70,,67694,54,,,1,30,,67696,54,,,1,70,,67695,54,,,1,30,,67697,54,,,1,95,,67698,54,,,1
3401,'Dimanche-1',723,,80937,54,,,1,100,,80945,54,,,1,30,,80950,54,,,1,70,,80942,54,,,1,33,,80940,54,,,1,70,,80963,54,,,1,28,,80944,54,,,1,70,,80949,54,,,1,34,,80939,54,,,1,69,,80938,54,,,1,31,,80941,54,,,1,70,,80948,54,,,1,30,,80951,54,,,1,70,,80943,54,,,1,30,,80947,54,,,1,71,,80946,54,,,1,30,,80952,54,,,1,70,,80956,54,,,1,30,,80953,54,,,1,68,,80954,54,,,1,30,,80955,54,,,1,68,,80962,54,,,1,30,,80957,54,,,1,70,,80960,54,,,1,28,,80958,54,,,1,70,,80959,54,,,1,30,,80961,54,,,1,70,,80964,54,,,1,30,,80966,54,,,1,70,,80965,54,,,1,30,,80967,54,,,1,95,,80968,54,,,1
3401,'Semaine-1',930,,80994,53,,,1,71,,80974,53,,,2,30,,80978,54,,,1,70,,80998,54,,,1,30,,80971,54,,,1,70,,80975,54,,,1,30,,80979,54,,,1,70,,80969,54,,,1,30,,80972,54,,,1,70,,80976,54,,,1,30,,80980,54,,,2,71,,80973,54,,,1,31,,80995,54,,,1,72,,80970,54,,,1,36,,80996,54,,,1,67,,80997,54,,,1,30,,80991,54,,,1,66,,80987,54,,,1,27,,80977,54,,,1,69,,80984,54,,,1,29,,80993,54,,,1,29,,80981,54,,,1,70,,80983,54,,,1,30,,80985,54,,,1,70,,80989,54,,,2,30,,80982,54,,,1,70,,80988,54,,,1,28,,80986,54,,,1,70,,80990,54,,,1,30,,80992,54,,,1
3401,'Semaine-12',930,,81024,53,,,1,71,,81004,53,,,2,30,,81008,54,,,1,70,,81028,54,,,1,30,,81001,54,,,1,70,,81005,54,,,1,30,,81009,54,,,1,70,,80999,54,,,1,30,,81002,54,,,1,70,,81006,54,,,1,30,,81010,54,,,2,71,,81003,54,,,1,31,,81025,54,,,1,72,,81000,54,,,1,36,,81026,54,,,1,67,,81027,54,,,1,30,,81021,54,,,1,66,,81017,54,,,1,27,,81007,54,,,1,69,,81014,54,,,1,29,,81023,54,,,1,29,,81011,54,,,1,70,,81013,54,,,1,30,,81015,54,,,1,70,,81019,54,,,2,30,,81012,54,,,1,70,,81018,54,,,1,28,,81016,54,,,1,70,,81020,54,,,1,30,,81022,54,,,1
3501,'Semaine-1',557,,81121,26,,,1,375,,81106,26,,,1,70,,81108,26,,,1,30,,81101,26,,,1,68,,81105,26,,,1,30,,81114,26,,,2,72,,81100,26,,,1,30,,81112,26,,,1,70,,81113,26,,,2,30,,81116,26,,,1,70,,81104,26,,,2,30,,81125,26,,,2,70,,81115,26,,,1,36,,81103,26,,,1,72,,81127,26,,,1,28,,81122,26,,,1,71,,81107,26,,,1,25,,81110,26,,,1,70,,81128,26,,,1,27,,81117,26,,,1,100,,81111,26,,,1,100,,81109,26,,,1,100,,81126,26,,,1,100,,81120,26,,,1
3501,'Semaine-12',557,,81153,26,,,1,375,,81138,26,,,1,70,,81140,26,,,1,30,,81133,26,,,1,68,,81137,26,,,1,30,,81146,26,,,2,72,,81132,26,,,1,30,,81144,26,,,1,70,,81145,26,,,2,30,,81148,26,,,1,70,,81136,26,,,2,30,,81157,26,,,2,70,,81147,26,,,1,36,,81135,26,,,1,72,,81159,26,,,1,28,,81154,26,,,1,71,,81139,26,,,1,25,,81142,26,,,1,70,,81160,26,,,1,27,,81149,26,,,1,100,,81143,26,,,1,100,,81141,26,,,1,100,,81158,26,,,1,100,,81152,26,,,1
3601,'Semaine-1',912,,81179,41,,,1,90,,81177,42,,,1,100,,81180,42,,,1,101,,81178,42,,,1,100,,81183,42,,,1,100,,81182,42,,,1,101,,81181,42,,,1
3601,'Semaine-12',912,,81186,41,,,1,90,,81184,42,,,1,100,,81187,42,,,1,101,,81185,42,,,1,100,,81190,42,,,1,100,,81189,42,,,1,101,,81188,42,,,1
3701,'Samedi-1',710,,81286,35,,,1,100,,81291,35,,,1,100,,81285,35,,,1,102,,81290,35,,,1,100,,81287,35,,,1,100,,81288,35,,,1,100,,81292,35,,,1,102,,81289,35,,,1,100,,81293,35,,,1,100,,81294,35,,,1,100,,81295,35,,,1,98,,81296,35,,,1,100,,81297,35,,,1,100,,81298,35,,,1,100,,81299,35,,,1,97,,81300,35,,,1,99,,81301,35,,,1
3701,'Samedi-10',710,,68373,35,,,1,100,,68378,35,,,1,100,,68372,35,,,1,102,,68377,35,,,1,100,,68374,35,,,1,100,,68375,35,,,1,100,,68379,35,,,1,102,,68376,35,,,1,100,,68380,35,,,1,100,,68381,35,,,1,100,,68382,35,,,1,98,,68383,35,,,1,100,,68384,35,,,1,100,,68385,35,,,1,100,,68386,35,,,1,97,,68387,35,,,1,99,,68388,35,,,1
3701,'Dimanche-1',710,,81303,35,,,1,100,,81304,35,,,1,100,,81306,35,,,1,102,,81307,35,,,1,100,,81315,35,,,1,100,,81302,35,,,1,100,,81308,35,,,1,102,,81305,35,,,1,100,,81310,35,,,1,100,,81311,35,,,1,100,,81313,35,,,1,98,,81312,35,,,1,100,,81309,35,,,1,100,,81314,35,,,1,100,,81316,35,,,1,97,,81317,35,,,1,99,,81318,35,,,1
3701,'Semaine-1',536,,81332,34,,,1,71,,81330,34,,,1,35,,81334,34,,,1,70,,81324,34,,,1,36,,81341,34,,,1,56,,81321,34,,,1,14,,81342,34,,,1,28,,81323,34,,,1,97,,81340,34,,,1,100,,81328,35,,,1,100,,81322,35,,,1,100,,81320,35,,,1,100,,81325,35,,,1,102,,81336,35,,,1,101,,81319,35,,,1,70,,81335,35,,,1,31,,81338,35,,,1,69,,81333,35,,,1,30,,81339,35,,,1,68,,81343,35,,,1,45,,81327,35,,,1,99,,81337,35,,,1,100,,81329,35,,,1,142,,81326,35,,,1,50,,81331,35,,,1
3701,'Semaine-12',536,,81357,34,,,1,71,,81355,34,,,1,35,,81359,34,,,1,70,,81349,34,,,1,36,,81366,34,,,1,56,,81346,34,,,1,14,,81367,34,,,1,28,,81348,34,,,1,97,,81365,34,,,1,100,,81353,35,,,1,100,,81347,35,,,1,100,,81345,35,,,1,100,,81350,35,,,1,102,,81361,35,,,1,101,,81344,35,,,1,70,,81360,35,,,1,31,,81363,35,,,1,69,,81358,35,,,1,30,,81364,35,,,1,68,,81368,35,,,1,45,,81352,35,,,1,99,,81362,35,,,1,100,,81354,35,,,1,142,,81351,35,,,1,50,,81356,35,,,1
3801,'Samedi-1',725,,81523,22,,,1,30,,81519,22,,,1,70,,81531,22,,,1,30,,81524,22,,,1,70,,81520,22,,,1,31,,81532,22,,,1,68,,81525,22,,,1,32,,81529,22,,,1,70,,81521,22,,,1,30,,81526,22,,,1,70,,81530,22,,,1,30,,81522,22,,,1,71,,81527,22,,,1,30,,81528,22,,,1,70,,81533,22,,,1,30,,81534,22,,,1,71,,81535,22,,,1,30,,81536,22,,,1,69,,81537,22,,,1,30,,81538,22,,,1,70,,81539,22,,,1,30,,81540,22,,,1,67,,81541,22,,,1,32,,81543,22,,,1,70,,81542,22,,,1,30,,81545,22,,,1,70,,81544,22,,,1,30,,81546,22,,,1,69,,81547,22,,,1,30,,81551,22,,,1,70,,81548,22,,,1,30,,81549,22,,,1,70,,81550,22,,,1
3801,'Samedi-10',725,,68893,22,,,1,30,,68889,22,,,1,70,,68901,22,,,1,30,,68894,22,,,1,70,,68890,22,,,1,31,,68902,22,,,1,68,,68895,22,,,1,32,,68899,22,,,1,70,,68891,22,,,1,30,,68896,22,,,1,70,,68900,22,,,1,30,,68892,22,,,1,71,,68897,22,,,1,30,,68898,22,,,1,70,,68903,22,,,1,30,,68904,22,,,1,71,,68905,22,,,1,30,,68906,22,,,1,69,,68907,22,,,1,30,,68908,22,,,1,70,,68909,22,,,1,30,,68910,22,,,1,67,,68911,22,,,1,32,,68913,22,,,1,70,,68912,22,,,1,30,,68915,22,,,1,70,,68914,22,,,1,30,,68916,22,,,1,69,,68917,22,,,1,30,,68921,22,,,1,70,,68918,22,,,1,30,,68919,22,,,1,70,,68920,22,,,1
3801,'Dimanche-1',725,,81560,22,,,1,30,,81562,22,,,1,70,,81555,22,,,1,30,,81554,22,,,1,70,,81576,22,,,1,31,,81565,22,,,1,68,,81556,22,,,1,32,,81578,22,,,1,70,,81575,22,,,1,30,,81557,22,,,1,70,,81577,22,,,1,30,,81564,22,,,1,71,,81558,22,,,1,30,,81561,22,,,1,70,,81563,22,,,1,30,,81553,22,,,1,71,,81559,22,,,1,30,,81552,22,,,1,69,,81569,22,,,1,30,,81570,22,,,1,70,,81572,22,,,1,30,,81568,22,,,1,67,,81574,22,,,1,32,,81571,22,,,1,70,,81566,22,,,1,30,,81573,22,,,1,70,,81567,22,,,1,30,,81579,22,,,1,69,,81580,22,,,1,30,,81581,22,,,1,70,,81582,22,,,1,30,,81583,22,,,1,70,,81584,22,,,1
3801,'Semaine-1',932,,81608,22,,,1,19,,81591,22,,,1,60,,81617,22,,,1,20,,81602,22,,,1,20,,81594,22,,,1,61,,81609,22,,,1,20,,81592,22,,,1,20,,81616,22,,,1,60,,81622,22,,,1,22,,81595,22,,,1,20,,81624,22,,,1,60,,81610,22,,,1,20,,81615,22,,,1,18,,81603,22,,,1,60,,81596,22,,,1,20,,81611,22,,,1,21,,81625,22,,,1,62,,81598,22,,,1,22,,81604,22,,,1,70,,81618,22,,,1,30,,81593,22,,,1,71,,81600,22,,,1,27,,81590,22,,,1,69,,81626,22,,,1,20,,81587,22,,,1,19,,81620,22,,,1,69,,81589,22,,,1,29,,81599,22,,,1,71,,81607,22,,,1,30,,81614,22,,,1,70,,81597,22,,,1,28,,81605,22,,,1,71,,81606,22,,,1,29,,81586,22,,,1,85,,81588,22,,,1
3801,'Semaine-12',932,,81650,22,,,1,19,,81633,22,,,1,60,,81659,22,,,1,20,,81644,22,,,1,20,,81636,22,,,1,61,,81651,22,,,1,20,,81634,22,,,1,20,,81658,22,,,1,60,,81664,22,,,1,22,,81637,22,,,1,20,,81666,22,,,1,60,,81652,22,,,1,20,,81657,22,,,1,18,,81645,22,,,1,60,,81638,22,,,1,20,,81653,22,,,1,21,,81667,22,,,1,62,,81640,22,,,1,22,,81646,22,,,1,70,,81660,22,,,1,30,,81635,22,,,1,71,,81642,22,,,1,27,,81632,22,,,1,69,,81668,22,,,1,20,,81629,22,,,1,19,,81662,22,,,1,69,,81631,22,,,1,29,,81641,22,,,1,71,,81649,22,,,1,30,,81656,22,,,1,70,,81639,22,,,1,28,,81647,22,,,1,71,,81648,22,,,1,29,,81628,22,,,1,85,,81630,22,,,1
4001,'Semaine-1',636,,81922,52,,,1,70,,81921,52,,,1,34,,81924,52,,,1,74,,81920,52,,,2,24,,81919,52,,,1,68,,81923,52,,,1
4001,'Semaine-12',636,,81928,52,,,1,70,,81927,52,,,1,34,,81930,52,,,1,74,,81926,52,,,2,24,,81925,52,,,1,68,,81929,52,,,1
4101,'Semaine-1',659,,81943,43,,,1,73,,81944,43,,,1,76,,81945,43,,,1,26,,81942,43,,,2,67,,81941,43,,,1
4101,'Semaine-12',659,,81948,43,,,1,73,,81949,43,,,1,76,,81950,43,,,1,26,,81947,43,,,2,67,,81946,43,,,1
4501,'Semaine-1',624,,81972,46,,,1,30,,81971,46,,,1,75,,81975,46,,,2,30,,81974,46,,,1,72,,81973,46,,,1,27,,81976,46,,,1
4501,'Semaine-12',624,,81978,46,,,1,30,,81977,46,,,1,75,,81981,46,,,2,30,,81980,46,,,1,72,,81979,46,,,1,27,,81982,46,,,1
4701,'Semaine-1',637,,81991,39,,,2,87,,81990,39,,,1,91,,81989,39,,,1,27,,81992,39,,,1
4701,'Semaine-12',637,,81995,39,,,2,87,,81994,39,,,1,91,,81993,39,,,1,27,,81996,39,,,1
5501,'Samedi-1',719,,82555,52,,,1,30,,82558,52,,,1,71,,82557,52,,,1,30,,82567,52,,,1,69,,82556,52,,,1,31,,82559,52,,,1,71,,82560,52,,,1,29,,82566,52,,,1,71,,82562,52,,,1,30,,82563,52,,,1,70,,82561,52,,,1,30,,82569,52,,,1,70,,82568,52,,,1,30,,82564,52,,,1,70,,82565,52,,,1,32,,82570,52,,,1,68,,82571,52,,,1,32,,82572,52,,,1,68,,82573,52,,,1,32,,82574,52,,,1,68,,82575,52,,,1,32,,82576,52,,,1,68,,82577,52,,,1,29,,82578,52,,,1,70,,82579,52,,,1,30,,82580,52,,,1,70,,82581,52,,,1,29,,82582,52,,,1,70,,82583,52,,,1,30,,82585,52,,,1,69,,82584,52,,,1,30,,82587,52,,,1,70,,82586,52,,,1
5501,'Samedi-10',719,,71004,52,,,1,30,,71007,52,,,1,71,,71006,52,,,1,30,,71016,52,,,1,69,,71005,52,,,1,31,,71008,52,,,1,71,,71009,52,,,1,29,,71015,52,,,1,71,,71011,52,,,1,30,,71012,52,,,1,70,,71010,52,,,1,30,,71018,52,,,1,70,,71017,52,,,1,30,,71013,52,,,1,70,,71014,52,,,1,32,,71019,52,,,1,68,,71020,52,,,1,32,,71021,52,,,1,68,,71022,52,,,1,32,,71023,52,,,1,68,,71024,52,,,1,32,,71025,52,,,1,68,,71026,52,,,1,29,,71027,52,,,1,70,,71028,52,,,1,30,,71029,52,,,1,70,,71030,52,,,1,29,,71031,52,,,1,70,,71032,52,,,1,30,,71034,52,,,1,69,,71033,52,,,1,30,,71036,52,,,1,70,,71035,52,,,1
5501,'Dimanche-1',719,,82589,52,,,1,30,,82593,52,,,1,71,,82591,52,,,1,30,,82596,52,,,1,69,,82598,52,,,1,31,,82592,52,,,1,71,,82588,52,,,1,29,,82602,52,,,1,71,,82597,52,,,1,30,,82604,52,,,1,70,,82595,52,,,1,30,,82594,52,,,1,70,,82600,52,,,1,30,,82590,52,,,1,70,,82599,52,,,1,32,,82603,52,,,1,68,,82608,52,,,1,32,,82601,52,,,1,68,,82607,52,,,1,32,,82610,52,,,1,68,,82605,52,,,1,32,,82606,52,,,1,68,,82612,52,,,1,29,,82614,52,,,1,70,,82611,52,,,1,30,,82609,52,,,1,70,,82613,52,,,1,29,,82615,52,,,1,70,,82616,52,,,1,30,,82617,52,,,1,69,,82618,52,,,1,30,,82619,52,,,1,70,,82620,52,,,1
5501,'Semaine-1',537,,82634,52,,,1,15,,82641,52,,,1,54,,82640,50,,,1,18,,82624,50,,,1,16,,82662,50,,,1,62,,82661,50,,,1,8,,82621,50,,,1,15,,82666,50,,,1,15,,82647,50,,,1,15,,82655,50,,,1,56,,82625,50,,,1,8,,82629,50,,,1,12,,82627,50,,,1,9,,82656,50,,,1,4,,82658,50,,,1,14,,82635,50,,,1,66,,82639,50,,,1,12,,82626,50,,,1,11,,82660,50,,,1,71,,82653,52,,,1,23,,82665,19,,,1,8,,82657,52,,,1,69,,82623,52,,,1,28,,82630,52,,,1,70,,82643,52,,,1,30,,82654,52,,,1,70,,82650,52,,,1,30,,82631,52,,,1,70,,82663,52,,,1,30,,82622,52,,,1,73,,82628,52,,,1,91,,82632,52,,,1,98,,82637,52,,,1,100,,82642,52,,,1,98,,82659,52,,,1,20,,82648,52,,,1,30,,82636,52,,,1,70,,82652,52,,,1,30,,82645,52,,,1,70,,82664,52,,,1,30,,82638,52,,,1,69,,82644,52,,,1,30,,82646,52,,,1,70,,82633,52,,,1,28,,82651,52,,,1,70,,82649,52,,,1
5501,'Semaine-12',537,,82680,52,,,1,15,,82687,52,,,1,54,,82686,50,,,1,18,,82670,50,,,1,16,,82708,50,,,1,62,,82707,50,,,1,8,,82667,50,,,1,15,,82712,50,,,1,15,,82693,50,,,1,15,,82701,50,,,1,56,,82671,50,,,1,8,,82675,50,,,1,12,,82673,50,,,1,9,,82702,50,,,1,4,,82704,50,,,1,14,,82681,50,,,1,66,,82685,50,,,1,12,,82672,50,,,1,11,,82706,50,,,1,71,,82699,52,,,1,23,,82711,19,,,1,8,,82703,52,,,1,69,,82669,52,,,1,28,,82676,52,,,1,70,,82689,52,,,1,30,,82700,52,,,1,70,,82696,52,,,1,30,,82677,52,,,1,70,,82709,52,,,1,30,,82668,52,,,1,73,,82674,52,,,1,91,,82678,52,,,1,98,,82683,52,,,1,100,,82688,52,,,1,98,,82705,52,,,1,20,,82694,52,,,1,30,,82682,52,,,1,70,,82698,52,,,1,30,,82691,52,,,1,70,,82710,52,,,1,30,,82684,52,,,1,69,,82690,52,,,1,30,,82692,52,,,1,70,,82679,52,,,1,28,,82697,52,,,1,70,,82695,52,,,1
5901,'Samedi-1',734,,82939,41,,,1,70,,82946,41,,,1,30,,82943,41,,,1,70,,82948,41,,,1,30,,82940,41,,,1,70,,82945,41,,,1,31,,82944,41,,,1,70,,82947,41,,,1,30,,82951,41,,,1,71,,82952,41,,,1,30,,82941,41,,,1,70,,82942,41,,,1,30,,82950,41,,,1,70,,82949,41,,,1,30,,82953,41,,,1,70,,82954,41,,,1,30,,82955,41,,,1,70,,82956,41,,,1,30,,82957,41,,,1,70,,82958,41,,,1,30,,82959,41,,,1,70,,82960,41,,,1,30,,82961,41,,,1,68,,82962,41,,,1,31,,82963,41,,,1,71,,82965,41,,,1,30,,82964,41,,,1,68,,82966,41,,,1,30,,82967,41,,,1,70,,82968,41,,,1,30,,82970,41,,,1,70,,82969,41,,,1
5901,'Samedi-10',734,,71780,41,,,1,70,,71787,41,,,1,30,,71784,41,,,1,70,,71789,41,,,1,30,,71781,41,,,1,70,,71786,41,,,1,31,,71785,41,,,1,70,,71788,41,,,1,30,,71792,41,,,1,71,,71793,41,,,1,30,,71782,41,,,1,70,,71783,41,,,1,30,,71791,41,,,1,70,,71790,41,,,1,30,,71794,41,,,1,70,,71795,41,,,1,30,,71796,41,,,1,70,,71797,41,,,1,30,,71798,41,,,1,70,,71799,41,,,1,30,,71800,41,,,1,70,,71801,41,,,1,30,,71802,41,,,1,68,,71803,41,,,1,31,,71804,41,,,1,71,,71806,41,,,1,30,,71805,41,,,1,68,,71807,41,,,1,30,,71808,41,,,1,70,,71809,41,,,1,30,,71811,41,,,1,70,,71810,41,,,1
5901,'Dimanche-1',734,,82971,41,,,1,70,,82983,41,,,1,30,,82977,41,,,1,70,,82978,41,,,1,30,,82985,41,,,1,70,,82982,41,,,1,31,,82987,41,,,1,70,,82974,41,,,1,30,,82986,41,,,1,71,,82972,41,,,1,30,,82981,41,,,1,70,,82973,41,,,1,30,,82976,41,,,1,70,,82979,41,,,1,30,,82980,41,,,1,70,,82988,41,,,1,30,,82975,41,,,1,70,,82991,41,,,1,30,,82984,41,,,1,70,,82993,41,,,1,30,,82994,41,,,1,70,,82990,41,,,1,30,,82995,41,,,1,68,,82992,41,,,1,31,,82996,41,,,1,71,,82989,41,,,1,30,,82997,41,,,1,68,,82998,41,,,1,30,,82999,41,,,1,70,,83000,41,,,1,30,,83001,41,,,1,70,,83002,41,,,1
5901,'Semaine-1',532,,83007,41,,,1,15,,83043,41,,,1,55,,83016,41,,,1,15,,83037,39,,,1,17,,83017,39,,,1,14,,83006,39,,,1,53,,83008,39,,,1,16,,83011,39,,,1,11,,83046,17,,,1,8,,83014,39,,,1,7,,83047,17,,,1,8,,83015,39,,,1,7,,83048,17,,,1,51,,83010,39,,,1,7,,83004,17,,,1,5,,83039,39,,,1,19,,83025,39,,,1,11,,83030,39,,,1,53,,83020,39,,,1,15,,83005,39,,,1,16,,83023,39,,,1,67,,83049,39,,,1,29,,83044,41,,,1,70,,83031,41,,,1,30,,83013,41,,,1,70,,83024,41,,,1,30,,83027,41,,,1,70,,83012,41,,,1,30,,83041,41,,,1,70,,83003,41,,,1,30,,83045,41,,,1,70,,83035,41,,,1,39,,83038,41,,,1,100,,83042,41,,,1,100,,83022,41,,,1,97,,83029,41,,,1,74,,83034,41,,,1,30,,83021,41,,,1,70,,83028,41,,,1,30,,83033,41,,,1,69,,83040,41,,,1,30,,83018,41,,,1,70,,83036,41,,,1,29,,83026,41,,,1,70,,83009,41,,,1,30,,83019,41,,,1,70,,83032,41,,,1
5901,'Semaine-12',532,,83054,41,,,1,15,,83090,41,,,1,55,,83063,41,,,1,15,,83084,39,,,1,17,,83064,39,,,1,14,,83053,39,,,1,53,,83055,39,,,1,16,,83058,39,,,1,11,,83093,17,,,1,8,,83061,39,,,1,7,,83094,17,,,1,8,,83062,39,,,1,7,,83095,17,,,1,51,,83057,39,,,1,7,,83051,17,,,1,5,,83086,39,,,1,19,,83072,39,,,1,11,,83077,39,,,1,53,,83067,39,,,1,15,,83052,39,,,1,16,,83070,39,,,1,67,,83096,39,,,1,29,,83091,41,,,1,70,,83078,41,,,1,30,,83060,41,,,1,70,,83071,41,,,1,30,,83074,41,,,1,70,,83059,41,,,1,30,,83088,41,,,1,70,,83050,41,,,1,30,,83092,41,,,1,70,,83082,41,,,1,39,,83085,41,,,1,100,,83089,41,,,1,100,,83069,41,,,1,97,,83076,41,,,1,74,,83081,41,,,1,30,,83068,41,,,1,70,,83075,41,,,1,30,,83080,41,,,1,69,,83087,41,,,1,30,,83065,41,,,1,70,,83083,41,,,1,29,,83073,41,,,1,70,,83056,41,,,1,30,,83066,41,,,1,70,,83079,41,,,1
32901,'Semaine-1',1703,,85909,47,4,,1
32901,'Semaine-12',1703,,85910,47,4,,1
37101,'Samedi-1',740,,86004,35,,,1,100,,86003,35,,,1,101,,86007,35,,,1,100,,86006,35,,,1,100,,86008,35,,,1,101,,86005,35,,,1,100,,86009,35,,,1,98,,86010,35,,,1,101,,86011,35,,,1,100,,86012,35,,,1,98,,86013,35,,,1,105,,86014,35,,,1,95,,86015,35,,,1,99,,86016,35,,,1,100,,86017,35,,,1,99,,86018,35,,,1,100,,86019,35,,,1
37101,'Samedi-10',740,,77625,35,,,1,100,,77624,35,,,1,101,,77628,35,,,1,100,,77627,35,,,1,100,,77629,35,,,1,101,,77626,35,,,1,100,,77630,35,,,1,98,,77631,35,,,1,101,,77632,35,,,1,100,,77633,35,,,1,98,,77634,35,,,1,105,,77635,35,,,1,95,,77636,35,,,1,99,,77637,35,,,1,100,,77638,35,,,1,99,,77639,35,,,1,100,,77640,35,,,1
37101,'Dimanche-1',740,,86033,35,,,1,100,,86022,35,,,1,101,,86023,35,,,1,100,,86020,35,,,1,100,,86025,35,,,1,101,,86021,35,,,1,100,,86024,35,,,1,98,,86027,35,,,1,101,,86026,35,,,1,100,,86028,35,,,1,98,,86032,35,,,1,105,,86031,35,,,1,95,,86029,35,,,1,99,,86030,35,,,1,100,,86034,35,,,1,99,,86035,35,,,1,100,,86036,35,,,1
37101,'Semaine-1',548,,86053,35,,,1,72,,86056,34,,,1,32,,86049,34,,,1,69,,86051,34,,,1,34,,86061,34,,,1,70,,86060,34,,,1,28,,86055,34,,,1,72,,86039,34,,,1,97,,86046,35,,,1,100,,86044,35,,,1,102,,86045,35,,,1,100,,86059,35,,,1,100,,86042,35,,,1,102,,86043,35,,,1,31,,86040,35,,,1,70,,86047,35,,,1,29,,86057,35,,,1,69,,86058,35,,,1,30,,86037,35,,,1,80,,86041,35,,,1,93,,86052,35,,,1,100,,86054,35,,,1,100,,86038,35,,,1,99,,86048,35,,,1,183,,86050,35,,,1
37101,'Semaine-12',548,,86078,35,,,1,72,,86081,34,,,1,32,,86074,34,,,1,69,,86076,34,,,1,34,,86086,34,,,1,70,,86085,34,,,1,28,,86080,34,,,1,72,,86064,34,,,1,97,,86071,35,,,1,100,,86069,35,,,1,102,,86070,35,,,1,100,,86084,35,,,1,100,,86067,35,,,1,102,,86068,35,,,1,31,,86065,35,,,1,70,,86072,35,,,1,29,,86082,35,,,1,69,,86083,35,,,1,30,,86062,35,,,1,80,,86066,35,,,1,93,,86077,35,,,1,100,,86079,35,,,1,100,,86063,35,,,1,99,,86073,35,,,1,183,,86075,35,,,1
40001,'Samedi-1',644,,86419,14,,,1,15,,86422,14,,,1,55,,86424,14,,,1,15,,86420,14,,,1,15,,86421,14,,,1,15,,86423,14,,,1,55,,86429,14,,,1,15,,86436,14,,,1,15,,86427,14,,,1,15,,86447,14,,,1,55,,86425,14,,,1,16,,86426,14,,,1,15,,86435,14,,,1,55,,86428,14,,,1,15,,86430,14,,,1,15,,86438,14,,,1,15,,86439,14,,,1,55,,86440,14,,,1,15,,86446,14,,,1,15,,86445,14,,,1,15,,86449,14,,,1,55,,86432,14,,,1,16,,86431,14,,,1,15,,86434,14,,,1,15,,86437,14,,,1,55,,86433,14,,,1,15,,86442,14,,,1,15,,86444,14,,,1,15,,86450,14,,,1,55,,86441,14,,,1,15,,86443,14,,,1,15,,86448,14,,,1,15,,86451,14,,,1,55,,86452,14,,,1,15,,86453,14,,,1,15,,86454,14,,,1,15,,86455,14,,,1,55,,86456,14,,,1,15,,86457,14,,,1,15,,86458,14,,,1,16,,86459,14,,,1,54,,86460,14,,,1,15,,86461,14,,,1,15,,86462,14,,,1,15,,86463,14,,,1,55,,86464,14,,,1,15,,86465,14,,,1,15,,86468,14,,,1,13,,86466,14,,,1,56,,86467,14,,,1,16,,86470,14,,,1,15,,86469,14,,,1,15,,86474,14,,,1,55,,86472,14,,,1,14,,86473,14,,,1,15,,86471,14,,,1,15,,86475,14,,,1,55,,86477,14,,,1,15,,86478,14,,,1,15,,86479,14,,,1,15,,86476,14,,,1,55,,86482,14,,,1,15,,86481,14,,,1,15,,86480,14,,,1,15,,86483,14,,,1,55,,86484,14,,,1,15,,86485,14,,,1,15,,86486,14,,,1,15,,86488,14,,,1,55,,86487,14,,,1,15,,86490,14,,,1,15,,86489,14,,,1,15,,86491,14,,,1
40001,'Samedi-10',644,,78574,14,,,1,15,,78577,14,,,1,55,,78579,14,,,1,15,,78575,14,,,1,15,,78576,14,,,1,15,,78578,14,,,1,55,,78584,14,,,1,15,,78591,14,,,1,15,,78582,14,,,1,15,,78602,14,,,1,55,,78580,14,,,1,16,,78581,14,,,1,15,,78590,14,,,1,55,,78583,14,,,1,15,,78585,14,,,1,15,,78593,14,,,1,15,,78594,14,,,1,55,,78595,14,,,1,15,,78601,14,,,1,15,,78600,14,,,1,15,,78604,14,,,1,55,,78587,14,,,1,16,,78586,14,,,1,15,,78589,14,,,1,15,,78592,14,,,1,55,,78588,14,,,1,15,,78597,14,,,1,15,,78599,14,,,1,15,,78605,14,,,1,55,,78596,14,,,1,15,,78598,14,,,1,15,,78603,14,,,1,15,,78606,14,,,1,55,,78607,14,,,1,15,,78608,14,,,1,15,,78609,14,,,1,15,,78610,14,,,1,55,,78611,14,,,1,15,,78612,14,,,1,15,,78613,14,,,1,16,,78614,14,,,1,54,,78615,14,,,1,15,,78616,14,,,1,15,,78617,14,,,1,15,,78618,14,,,1,55,,78619,14,,,1,15,,78620,14,,,1,15,,78623,14,,,1,13,,78621,14,,,1,56,,78622,14,,,1,16,,78625,14,,,1,15,,78624,14,,,1,15,,78629,14,,,1,55,,78627,14,,,1,14,,78628,14,,,1,15,,78626,14,,,1,15,,78630,14,,,1,55,,78632,14,,,1,15,,78633,14,,,1,15,,78634,14,,,1,15,,78631,14,,,1,55,,78637,14,,,1,15,,78636,14,,,1,15,,78635,14,,,1,15,,78638,14,,,1,55,,78639,14,,,1,15,,78640,14,,,1,15,,78641,14,,,1,15,,78643,14,,,1,55,,78642,14,,,1,15,,78645,14,,,1,15,,78644,14,,,1,15,,78646,14,,,1
40001,'Dimanche-1',644,,86492,14,,,1,15,,86499,14,,,1,55,,86500,14,,,1,15,,86494,14,,,1,15,,86493,14,,,1,15,,86498,14,,,1,55,,86509,14,,,1,15,,86512,14,,,1,15,,86495,14,,,1,15,,86504,14,,,1,55,,86501,14,,,1,16,,86518,14,,,1,15,,86521,14,,,1,55,,86502,14,,,1,15,,86510,14,,,1,15,,86525,14,,,1,15,,86514,14,,,1,55,,86530,14,,,1,15,,86503,14,,,1,15,,86519,14,,,1,15,,86520,14,,,1,55,,86515,14,,,1,16,,86531,14,,,1,15,,86524,14,,,1,15,,86505,14,,,1,55,,86513,14,,,1,15,,86507,14,,,1,15,,86517,14,,,1,15,,86526,14,,,1,55,,86511,14,,,1,15,,86506,14,,,1,15,,86523,14,,,1,15,,86496,14,,,1,55,,86528,14,,,1,15,,86497,14,,,1,15,,86516,14,,,1,15,,86527,14,,,1,55,,86508,14,,,1,15,,86536,14,,,1,15,,86522,14,,,1,16,,86539,14,,,1,54,,86529,14,,,1,15,,86543,14,,,1,15,,86537,14,,,1,15,,86545,14,,,1,55,,86541,14,,,1,15,,86547,14,,,1,15,,86532,14,,,1,13,,86538,14,,,1,56,,86533,14,,,1,16,,86542,14,,,1,15,,86535,14,,,1,15,,86544,14,,,1,55,,86540,14,,,1,14,,86546,14,,,1,15,,86534,14,,,1,15,,86548,14,,,1,55,,86550,14,,,1,15,,86549,14,,,1,15,,86552,14,,,1,15,,86551,14,,,1,55,,86553,14,,,1,15,,86554,14,,,1,15,,86555,14,,,1,15,,86556,14,,,1,55,,86557,14,,,1,15,,86558,14,,,1,15,,86559,14,,,1,15,,86560,14,,,1,55,,86561,14,,,1,15,,86562,14,,,1,15,,86563,14,,,1,15,,86564,14,,,1
40001,'Semaine-1',515,,86635,14,,,1,10,,86636,14,,,1,10,,86637,14,,,1,10,,86638,14,,,1,10,,86639,14,,,1,52,,86640,14,,,1,5,,86641,14,,,1,5,,86642,14,,,1,4,,86643,14,,,1,6,,86649,14,,,1,231,,86644,14,,,1,49,,86645,12,,,1,6,,86646,14,,,1,10,,86647,14,,,1,11,,86648,14,,,1,10,,86594,14,,,1,9,,86579,14,,,1,51,,86604,14,,,1,11,,86605,14,,,1,9,,86651,14,,,1,10,,86569,14,,,1,10,,86652,14,,,1,10,,86567,14,,,1,50,,86601,14,,,1,10,,86621,14,,,1,10,,86588,14,,,1,10,,86596,14,,,1,10,,86593,14,,,1,10,,86571,14,,,1,50,,86632,14,,,1,10,,86606,14,,,1,10,,86618,14,,,1,10,,86570,14,,,1,10,,86580,14,,,1,10,,86573,14,,,1,50,,86589,14,,,1,10,,86622,14,,,1,10,,86603,14,,,1,10,,86597,14,,,1,10,,86592,14,,,1,10,,86585,14,,,1,50,,86628,14,,,1,10,,86607,14,,,1,10,,86619,14,,,1,10,,86634,14,,,1,11,,86582,14,,,1,10,,86565,14,,,1,50,,86624,14,,,1,10,,86623,14,,,1,10,,86608,14,,,1,10,,86598,14,,,1,6,,86590,10,,,1,6,,86575,14,,,1,12,,86626,14,,,1,53,,86633,14,,,1,7,,86650,10,,,1,5,,86620,14,,,1,14,,86655,14,,,1,10,,86600,14,,,1,52,,86629,14,,,1,12,,86653,14,,,1,12,,86613,14,,,1,13,,86591,14,,,1,11,,86576,14,,,1,52,,86581,14,,,1,12,,86654,14,,,1,12,,86583,14,,,1,12,,86609,14,,,1,10,,86599,14,,,1,12,,86630,14,,,1,51,,86616,14,,,1,12,,86595,14,,,1,9,,86577,14,,,1,13,,86617,14,,,1,12,,86657,14,,,1,52,,86656,14,,,1,12,,86584,14,,,1,12,,86610,14,,,1,12,,86587,14,,,1,12,,86631,14,,,1,52,,86614,14,,,1,15,,86572,14,,,1,13,,86658,14,,,1,17,,86578,14,,,1,55,,86574,14,,,1,15,,86625,14,,,1,12,,86611,14,,,1,15,,86586,14,,,1,55,,86615,14,,,1,15,,86627,14,,,1,15,,86568,14,,,1,15,,86566,14,,,1,55,,86602,14,,,1,30,,86612,14,,,1
40001,'Semaine-12',515,,86729,14,,,1,10,,86730,14,,,1,10,,86731,14,,,1,10,,86732,14,,,1,10,,86733,14,,,1,52,,86734,14,,,1,5,,86735,14,,,1,5,,86736,14,,,1,4,,86737,14,,,1,6,,86743,14,,,1,231,,86738,14,,,1,49,,86739,12,,,1,6,,86740,14,,,1,10,,86741,14,,,1,11,,86742,14,,,1,10,,86688,14,,,1,9,,86673,14,,,1,51,,86698,14,,,1,11,,86699,14,,,1,9,,86745,14,,,1,10,,86663,14,,,1,10,,86746,14,,,1,10,,86661,14,,,1,50,,86695,14,,,1,10,,86715,14,,,1,10,,86682,14,,,1,10,,86690,14,,,1,10,,86687,14,,,1,10,,86665,14,,,1,50,,86726,14,,,1,10,,86700,14,,,1,10,,86712,14,,,1,10,,86664,14,,,1,10,,86674,14,,,1,10,,86667,14,,,1,50,,86683,14,,,1,10,,86716,14,,,1,10,,86697,14,,,1,10,,86691,14,,,1,10,,86686,14,,,1,10,,86679,14,,,1,50,,86722,14,,,1,10,,86701,14,,,1,10,,86713,14,,,1,10,,86728,14,,,1,11,,86676,14,,,1,10,,86659,14,,,1,50,,86718,14,,,1,10,,86717,14,,,1,10,,86702,14,,,1,10,,86692,14,,,1,6,,86684,10,,,1,6,,86669,14,,,1,12,,86720,14,,,1,53,,86727,14,,,1,7,,86744,10,,,1,5,,86714,14,,,1,14,,86749,14,,,1,10,,86694,14,,,1,52,,86723,14,,,1,12,,86747,14,,,1,12,,86707,14,,,1,13,,86685,14,,,1,11,,86670,14,,,1,52,,86675,14,,,1,12,,86748,14,,,1,12,,86677,14,,,1,12,,86703,14,,,1,10,,86693,14,,,1,12,,86724,14,,,1,51,,86710,14,,,1,12,,86689,14,,,1,9,,86671,14,,,1,13,,86711,14,,,1,12,,86751,14,,,1,52,,86750,14,,,1,12,,86678,14,,,1,12,,86704,14,,,1,12,,86681,14,,,1,12,,86725,14,,,1,52,,86708,14,,,1,15,,86666,14,,,1,13,,86752,14,,,1,17,,86672,14,,,1,55,,86668,14,,,1,15,,86719,14,,,1,12,,86705,14,,,1,15,,86680,14,,,1,55,,86709,14,,,1,15,,86721,14,,,1,15,,86662,14,,,1,15,,86660,14,,,1,55,,86696,14,,,1,30,,86706,14,,,1
43701,'Semaine-1',1524,,86788,35,0,9 14,1
43701,'Semaine-12',1524,,86790,35,0,9 14,1
65501,'Semaine-1',1532,,86865,40,4,,1
65501,'Semaine-12',1532,,86866,40,4,,1
85901,'Semaine-12',1722,,87158,5,,,1
