3601,'Semaine-1',851,,81179,21,,,1,90,,81177,21,,,1,100,,81180,21,,,1,100,,81178,21,,,1,99,,81183,21,,,1,100,,81182,21,,,1,101,,81181,21,,,1
3601,'Semaine-12',851,,81186,21,,,1,90,,81184,21,,,1,100,,81187,21,,,1,100,,81185,21,,,1,99,,81190,21,,,1,100,,81189,21,,,1,101,,81188,21,,,1
3701,'Samedi-1',657,,81286,21,,,1,100,,81291,21,,,1,100,,81285,21,,,1,100,,81290,21,,,1,100,,81287,21,,,1,100,,81288,21,,,1,100,,81292,21,,,1,100,,81289,21,,,1,100,,81293,21,,,1,100,,81294,21,,,1,100,,81295,21,,,1,100,,81296,21,,,1,100,,81297,21,,,1,100,,81298,21,,,1,100,,81299,21,,,1,99,,81300,21,,,1,101,,81301,21,,,1
3701,'Samedi-10',657,,68373,21,,,1,100,,68378,21,,,1,100,,68372,21,,,1,100,,68377,21,,,1,100,,68374,21,,,1,100,,68375,21,,,1,100,,68379,21,,,1,100,,68376,21,,,1,100,,68380,21,,,1,100,,68381,21,,,1,100,,68382,21,,,1,100,,68383,21,,,1,100,,68384,21,,,1,100,,68385,21,,,1,100,,68386,21,,,1,99,,68387,21,,,1,101,,68388,21,,,1
3701,'Dimanche-1',657,,81303,21,,,1,100,,81304,21,,,1,100,,81306,21,,,1,100,,81307,21,,,1,100,,81315,21,,,1,100,,81302,21,,,1,100,,81308,21,,,1,100,,81305,21,,,1,100,,81310,21,,,1,100,,81311,21,,,1,100,,81313,21,,,1,100,,81312,21,,,1,100,,81309,21,,,1,100,,81314,21,,,1,100,,81316,21,,,1,99,,81317,21,,,1,101,,81318,21,,,1
3701,'Semaine-1',523,,81332,21,,,1,29,,81330,21,,,1,75,,81334,21,,,1,30,,81324,21,,,1,73,,81341,21,,,1,16,,81321,21,,,1,54,,81342,21,,,1,29,,81323,21,,,1,97,,81340,21,,,1,100,,81328,21,,,1,100,,81322,21,,,1,100,,81320,21,,,1,100,,81325,21,,,1,100,,81336,21,,,1,99,,81319,21,,,1,30,,81335,21,,,1,71,,81338,21,,,1,29,,81333,21,,,1,71,,81339,21,,,1,30,,81343,21,,,1,85,,81327,21,,,1,100,,81337,21,,,1,100,,81329,21,,,1,102,,81326,21,,,1,95,,81331,21,,,1
3701,'Semaine-12',523,,81357,21,,,1,29,,81355,21,,,1,75,,81359,21,,,1,30,,81349,21,,,1,73,,81366,21,,,1,16,,81346,21,,,1,54,,81367,21,,,1,29,,81348,21,,,1,97,,81365,21,,,1,100,,81353,21,,,1,100,,81347,21,,,1,100,,81345,21,,,1,100,,81350,21,,,1,100,,81361,21,,,1,99,,81344,21,,,1,30,,81360,21,,,1,71,,81363,21,,,1,29,,81358,21,,,1,71,,81364,21,,,1,30,,81368,21,,,1,85,,81352,21,,,1,100,,81362,21,,,1,100,,81354,21,,,1,102,,81351,21,,,1,95,,81356,21,,,1
3801,'Samedi-1',712,,81523,10,,,1,30,,81519,10,,,1,70,,81531,10,,,1,30,,81524,10,,,1,70,,81520,10,,,1,30,,81532,10,,,1,68,,81525,10,,,1,32,,81529,10,,,1,70,,81521,10,,,1,30,,81526,10,,,1,70,,81530,10,,,1,30,,81522,10,,,1,70,,81527,10,,,1,30,,81528,10,,,1,70,,81533,10,,,1,30,,81534,10,,,1,70,,81535,10,,,1,30,,81536,10,,,1,70,,81537,10,,,1,30,,81538,10,,,1,70,,81539,10,,,1,30,,81540,10,,,1,68,,81541,10,,,1,33,,81543,10,,,1,70,,81542,10,,,1,30,,81545,10,,,1,70,,81544,10,,,1,30,,81546,10,,,1,70,,81547,10,,,1,30,,81551,10,,,1,70,,81548,10,,,1,30,,81549,10,,,1,70,,81550,10,,,1
3801,'Samedi-10',712,,68893,10,,,1,30,,68889,10,,,1,70,,68901,10,,,1,30,,68894,10,,,1,70,,68890,10,,,1,30,,68902,10,,,1,68,,68895,10,,,1,32,,68899,10,,,1,70,,68891,10,,,1,30,,68896,10,,,1,70,,68900,10,,,1,30,,68892,10,,,1,70,,68897,10,,,1,30,,68898,10,,,1,70,,68903,10,,,1,30,,68904,10,,,1,70,,68905,10,,,1,30,,68906,10,,,1,70,,68907,10,,,1,30,,68908,10,,,1,70,,68909,10,,,1,30,,68910,10,,,1,68,,68911,10,,,1,33,,68913,10,,,1,70,,68912,10,,,1,30,,68915,10,,,1,70,,68914,10,,,1,30,,68916,10,,,1,70,,68917,10,,,1,30,,68921,10,,,1,70,,68918,10,,,1,30,,68919,10,,,1,70,,68920,10,,,1
3801,'Dimanche-1',712,,81560,10,,,1,30,,81562,10,,,1,70,,81555,10,,,1,30,,81554,10,,,1,70,,81576,10,,,1,30,,81565,10,,,1,68,,81556,10,,,1,32,,81578,10,,,1,70,,81575,10,,,1,30,,81557,10,,,1,70,,81577,10,,,1,30,,81564,10,,,1,70,,81558,10,,,1,30,,81561,10,,,1,70,,81563,10,,,1,30,,81553,10,,,1,70,,81559,10,,,1,30,,81552,10,,,1,70,,81569,10,,,1,30,,81570,10,,,1,70,,81572,10,,,1,30,,81568,10,,,1,68,,81574,10,,,1,33,,81571,10,,,1,70,,81566,10,,,1,30,,81573,10,,,1,70,,81567,10,,,1,30,,81579,10,,,1,70,,81580,10,,,1,30,,81581,10,,,1,70,,81582,10,,,1,30,,81583,10,,,1,70,,81584,10,,,1
3801,'Semaine-1',618,,81613,10,,,1,29,,81585,10,,,1,70,,81612,10,,,1,19,,81623,10,,,1,18,,81619,10,,,1,63,,81601,10,,,1,30,,81621,10,,,1,71,,81608,10,,,1,19,,81591,10,,,1,20,,81617,10,,,1,60,,81602,10,,,1,20,,81594,10,,,1,20,,81609,10,,,1,60,,81592,10,,,1,20,,81616,10,,,1,20,,81622,10,,,1,60,,81595,10,,,1,20,,81624,10,,,1,20,,81610,10,,,1,60,,81615,10,,,1,20,,81603,10,,,1,20,,81596,10,,,1,60,,81611,10,,,1,20,,81625,10,,,1,19,,81598,10,,,1,60,,81604,10,,,1,30,,81618,10,,,1,70,,81593,10,,,1,31,,81600,10,,,1,69,,81590,10,,,1,30,,81626,10,,,1,60,,81587,10,,,1,21,,81620,10,,,1,31,,81589,10,,,1,69,,81599,10,,,1,31,,81607,10,,,1,70,,81614,10,,,1,30,,81597,10,,,1,68,,81605,10,,,1,32,,81606,10,,,1,70,,81586,10,,,1,85,,81588,10,,,1
3801,'Semaine-12',618,,81655,10,,,1,29,,81627,10,,,1,70,,81654,10,,,1,19,,81665,10,,,1,18,,81661,10,,,1,63,,81643,10,,,1,30,,81663,10,,,1,71,,81650,10,,,1,19,,81633,10,,,1,20,,81659,10,,,1,60,,81644,10,,,1,20,,81636,10,,,1,20,,81651,10,,,1,60,,81634,10,,,1,20,,81658,10,,,1,20,,81664,10,,,1,60,,81637,10,,,1,20,,81666,10,,,1,20,,81652,10,,,1,60,,81657,10,,,1,20,,81645,10,,,1,20,,81638,10,,,1,60,,81653,10,,,1,20,,81667,10,,,1,19,,81640,10,,,1,60,,81646,10,,,1,30,,81660,10,,,1,70,,81635,10,,,1,31,,81642,10,,,1,69,,81632,10,,,1,30,,81668,10,,,1,60,,81629,10,,,1,21,,81662,10,,,1,31,,81631,10,,,1,69,,81641,10,,,1,31,,81649,10,,,1,70,,81656,10,,,1,30,,81639,10,,,1,68,,81647,10,,,1,32,,81648,10,,,1,70,,81628,10,,,1,85,,81630,10,,,1
32500,'Semaine-1',1624,,85896,14,0,7 8,1
32500,'Semaine-12',1624,,85898,14,0,7 8,1
32600,'Semaine-1',1624,,85903,14,0,7 8,1
32600,'Semaine-12',1624,,85904,14,0,7 8,1
32901,'Semaine-1',1625,,85909,14,0,7 8,1
32901,'Semaine-12',1625,,85910,14,0,7 8,1
37101,'Samedi-1',727,,86004,21,,,1,100,,86003,21,,,1,100,,86007,21,,,1,100,,86006,21,,,1,100,,86008,21,,,1,100,,86005,21,,,1,99,,86009,21,,,1,99,,86010,21,,,1,101,,86011,21,,,1,100,,86012,21,,,1,100,,86013,21,,,1,105,,86014,21,,,1,95,,86015,21,,,1,101,,86016,21,,,1,100,,86017,21,,,1,100,,86018,21,,,1,100,,86019,21,,,1
37101,'Samedi-10',727,,77625,21,,,1,100,,77624,21,,,1,100,,77628,21,,,1,100,,77627,21,,,1,100,,77629,21,,,1,100,,77626,21,,,1,99,,77630,21,,,1,99,,77631,21,,,1,101,,77632,21,,,1,100,,77633,21,,,1,100,,77634,21,,,1,105,,77635,21,,,1,95,,77636,21,,,1,101,,77637,21,,,1,100,,77638,21,,,1,100,,77639,21,,,1,100,,77640,21,,,1
37101,'Dimanche-1',727,,86033,21,,,1,100,,86022,21,,,1,100,,86023,21,,,1,100,,86020,21,,,1,100,,86025,21,,,1,100,,86021,21,,,1,99,,86024,21,,,1,99,,86027,21,,,1,101,,86026,21,,,1,100,,86028,21,,,1,100,,86032,21,,,1,105,,86031,21,,,1,95,,86029,21,,,1,101,,86030,21,,,1,100,,86034,21,,,1,100,,86035,21,,,1,100,,86036,21,,,1
37101,'Semaine-1',536,,86053,21,,,1,71,,86056,21,,,1,30,,86049,21,,,1,69,,86051,21,,,1,31,,86061,21,,,1,70,,86060,21,,,1,30,,86055,21,,,1,72,,86039,21,,,1,97,,86046,21,,,1,100,,86044,21,,,1,100,,86045,21,,,1,100,,86059,21,,,1,100,,86042,21,,,1,100,,86043,21,,,1,30,,86040,21,,,1,70,,86047,21,,,1,30,,86057,21,,,1,70,,86058,21,,,1,30,,86037,21,,,1,80,,86041,21,,,1,96,,86052,21,,,1,100,,86054,21,,,1,100,,86038,21,,,1,100,,86048,21,,,1,145,,86050,21,,,1
37101,'Semaine-12',536,,86078,21,,,1,71,,86081,21,,,1,30,,86074,21,,,1,69,,86076,21,,,1,31,,86086,21,,,1,70,,86085,21,,,1,30,,86080,21,,,1,72,,86064,21,,,1,97,,86071,21,,,1,100,,86069,21,,,1,100,,86070,21,,,1,100,,86084,21,,,1,100,,86067,21,,,1,100,,86068,21,,,1,30,,86065,21,,,1,70,,86072,21,,,1,30,,86082,21,,,1,70,,86083,21,,,1,30,,86062,21,,,1,80,,86066,21,,,1,96,,86077,21,,,1,100,,86079,21,,,1,100,,86063,21,,,1,100,,86073,21,,,1,145,,86075,21,,,1
43701,'Semaine-1',1511,,86788,21,0,9 14,1
43701,'Semaine-12',1511,,86790,21,0,9 14,1
