4200,'Semaine-1',615,,81951,7,,,1,101,,81952,7,,,1,902,,81953,7,,,1,99,,81954,7,,,1
4200,'Semaine-12',615,,81955,7,,,1,101,,81956,7,,,1,902,,81957,7,,,1,99,,81958,7,,,1
5201,'Samedi-1',709,,82303,60,,,1,100,,82304,60,,,1,100,,82305,60,,,1,100,,82306,60,,,1,102,,82308,60,,,1,100,,82307,60,,,1,100,,82309,60,,,1,100,,82310,60,,,1,101,,82311,60,,,1,99,,82312,60,,,1,100,,82313,60,,,1,100,,82314,60,,,1,99,,82317,60,,,1,100,,82315,60,,,1,96,,82319,60,,,1,101,,82316,60,,,1,100,,82318,60,,,1,101,,82320,60,,,1
5201,'Samedi-10',709,,70449,60,,,1,100,,70450,60,,,1,100,,70451,60,,,1,100,,70452,60,,,1,102,,70454,60,,,1,100,,70453,60,,,1,100,,70455,60,,,1,100,,70456,60,,,1,101,,70457,60,,,1,99,,70458,60,,,1,100,,70459,60,,,1,100,,70460,60,,,1,99,,70463,60,,,1,100,,70461,60,,,1,96,,70465,60,,,1,101,,70462,60,,,1,100,,70464,60,,,1,101,,70466,60,,,1
5201,'Dimanche-1',709,,82321,60,,,1,100,,82322,60,,,1,100,,82323,60,,,1,100,,82326,60,,,1,102,,82324,60,,,1,100,,82328,60,,,1,100,,82325,60,,,1,100,,82330,60,,,1,101,,82327,60,,,1,99,,82329,60,,,1,100,,82332,60,,,1,100,,82334,60,,,1,99,,82331,60,,,1,100,,82333,60,,,1,96,,82335,60,,,1,101,,82336,60,,,1,100,,82337,60,,,1,101,,82338,60,,,1
5201,'Semaine-1',642,,82354,60,,,1,104,,82356,60,,,1,102,,82355,60,,,1,97,,82339,60,,,1,102,,82345,60,,,1,99,,82342,60,,,1,100,,82349,60,,,1,100,,82340,60,,,1,100,,82344,60,,,1,103,,82343,60,,,1,100,,82353,60,,,1,98,,82352,60,,,1,98,,82346,60,,,1,96,,82347,60,,,1,100,,82351,60,,,1,100,,82348,60,,,1,100,,82350,60,,,1,100,,82341,60,,,2
5201,'Semaine-12',642,,82372,60,,,1,104,,82374,60,,,1,102,,82373,60,,,1,97,,82357,60,,,1,102,,82363,60,,,1,99,,82360,60,,,1,100,,82367,60,,,1,100,,82358,60,,,1,100,,82362,60,,,1,103,,82361,60,,,1,100,,82371,60,,,1,98,,82370,60,,,1,98,,82364,60,,,1,96,,82365,60,,,1,100,,82369,60,,,1,100,,82366,60,,,1,100,,82368,60,,,1,100,,82359,60,,,2
44900,'Semaine-1',707,,86791,7,0,9 14,1
44900,'Semaine-12',707,,86792,7,0,9 14,1
55400,'Semaine-1',654,,86810,8,0,5 6,2
55400,'Semaine-12',654,,86812,8,0,5 6,2
55401,'Semaine-1',1601,,86814,35,4,,1
55401,'Semaine-12',1601,,86816,35,4,,1
65401,'Semaine-1',715,,86861,11,0,9 10,1
65401,'Semaine-12',715,,86862,11,0,9 10,1
75401,'Semaine-1',718,,86899,11,0,9 18,1
75401,'Semaine-12',718,,86900,11,0,9 18,1
