6400,'Samedi-1',741,,83307,16,,,1,100,,83309,16,,,1,100,,83312,16,,,1,100,,83310,16,,,1,100,,83313,16,,,1,100,,83308,16,,,1,100,,83311,16,,,1,100,,83314,16,,,1,99,,83315,16,,,1,100,,83316,16,,,1,100,,83317,16,,,1,100,,83318,16,,,1
6400,'Samedi-10',741,,72456,16,,,1,100,,72458,16,,,1,100,,72461,16,,,1,100,,72459,16,,,1,100,,72462,16,,,1,100,,72457,16,,,1,100,,72460,16,,,1,100,,72463,16,,,1,99,,72464,16,,,1,100,,72465,16,,,1,100,,72466,16,,,1,100,,72467,16,,,1
6400,'Dimanche-1',741,,83320,16,,,1,100,,83321,16,,,1,100,,83326,16,,,1,100,,83324,16,,,1,100,,83319,16,,,1,100,,83322,16,,,1,100,,83323,16,,,1,100,,83327,16,,,1,99,,83325,16,,,1,100,,83329,16,,,1,100,,83330,16,,,1,100,,83328,16,,,1
6400,'Semaine-1',652,,83339,16,,,1,74,,83336,16,,,1,30,,83331,16,,,1,70,,83335,16,,,1,100,,83337,16,,,1,100,,83342,16,,,1,100,,83341,16,,,1,100,,83334,16,,,1,100,,83347,16,,,1,100,,83343,16,,,1,95,,83344,16,,,1,85,,83349,16,,,1,47,,83348,16,,,1,102,,83345,16,,,1,95,,83346,16,,,1,100,,83338,16,,,2,100,,83332,16,,,2,100,,83340,16,,,1,100,,83333,16,,,1
6400,'Semaine-12',652,,83358,16,,,1,74,,83355,16,,,1,30,,83350,16,,,1,70,,83354,16,,,1,100,,83356,16,,,1,100,,83361,16,,,1,100,,83360,16,,,1,100,,83353,16,,,1,100,,83366,16,,,1,100,,83362,16,,,1,95,,83363,16,,,1,85,,83368,16,,,1,47,,83367,16,,,1,102,,83364,16,,,1,95,,83365,16,,,1,100,,83357,16,,,2,100,,83351,16,,,2,100,,83359,16,,,1,100,,83352,16,,,1
6600,'Samedi-1',720,,83633,15,,,1,100,,83636,15,,,1,100,,83634,15,,,1,100,,83637,15,,,1,100,,83631,15,,,1,100,,83632,15,,,1,100,,83635,15,,,1,100,,83638,15,,,1,100,,83639,15,,,1,100,,83640,15,,,1,100,,83641,15,,,1,100,,83642,15,,,1,100,,83644,15,,,1,100,,83643,15,,,1,100,,83645,15,,,1,100,,83646,15,,,1,100,,83647,15,,,1
6600,'Samedi-10',720,,73120,15,,,1,100,,73123,15,,,1,100,,73121,15,,,1,100,,73124,15,,,1,100,,73118,15,,,1,100,,73119,15,,,1,100,,73122,15,,,1,100,,73125,15,,,1,100,,73126,15,,,1,100,,73127,15,,,1,100,,73128,15,,,1,100,,73129,15,,,1,100,,73131,15,,,1,100,,73130,15,,,1,100,,73132,15,,,1,100,,73133,15,,,1,100,,73134,15,,,1
6600,'Dimanche-1',720,,83652,15,,,1,100,,83653,15,,,1,100,,83654,15,,,1,100,,83648,15,,,1,100,,83649,15,,,1,100,,83650,15,,,1,100,,83651,15,,,1,100,,83656,15,,,1,100,,83655,15,,,1,100,,83659,15,,,1,100,,83657,15,,,1,100,,83661,15,,,1,100,,83658,15,,,1,100,,83660,15,,,1,100,,83662,15,,,1,100,,83663,15,,,1,100,,83664,15,,,1
6600,'Semaine-1',606,,83675,15,,,2,20,,83681,15,,,2,20,,83676,15,,,1,63,,83668,15,,,2,19,,83680,15,,,1,19,,83673,15,,,1,61,,83687,15,,,1,18,,83667,15,,,1,18,,83678,15,,,1,60,,83688,15,,,1,100,,83677,15,,,1,100,,83669,15,,,1,100,,83692,15,,,1,100,,83693,15,,,1,101,,83679,15,,,2,100,,83689,15,,,1,23,,83682,15,,,1,22,,83665,15,,,1,60,,83684,15,,,1,18,,83690,15,,,1,20,,83695,15,,,1,59,,83666,15,,,2,24,,83685,15,,,2,20,,83683,15,,,1,58,,83671,15,,,1,22,,83691,15,,,2,94,,83672,15,,,2,100,,83670,15,,,1,98,,83674,15,,,1,100,,83686,15,,,1,100,,83694,15,,,1
6600,'Semaine-12',606,,83706,15,,,2,20,,83712,15,,,2,20,,83707,15,,,1,63,,83699,15,,,2,19,,83711,15,,,1,19,,83704,15,,,1,61,,83718,15,,,1,18,,83698,15,,,1,18,,83709,15,,,1,60,,83719,15,,,1,100,,83708,15,,,1,100,,83700,15,,,1,100,,83723,15,,,1,100,,83724,15,,,1,101,,83710,15,,,2,100,,83720,15,,,1,23,,83713,15,,,1,22,,83696,15,,,1,60,,83715,15,,,1,18,,83721,15,,,1,20,,83726,15,,,1,59,,83697,15,,,2,24,,83716,15,,,2,20,,83714,15,,,1,58,,83702,15,,,1,22,,83722,15,,,2,94,,83703,15,,,2,100,,83701,15,,,1,98,,83705,15,,,1,100,,83717,15,,,1,100,,83725,15,,,1
56600,'Semaine-1',1600,,86817,53,0,5 6,1
56600,'Semaine-12',1600,,86818,53,0,5 6,1
