9501,'Semaine-1',553,,85547,40,,,1,55,,85543,40,,,1,13,,85545,40,,,1,18,,85550,40,,,1,16,,85546,40,,,2,55,,85548,40,,,2,14,,85549,40,,,2,16,,85544,40,,,2
9501,'Semaine-12',553,,85555,40,,,1,55,,85551,40,,,1,13,,85553,40,,,1,18,,85558,40,,,1,16,,85554,40,,,2,55,,85556,40,,,2,14,,85557,40,,,2,16,,85552,40,,,2
9701,'Samedi-1',748,,85635,44,,,1,100,,85638,44,,,1,101,,85636,44,,,1,100,,85639,44,,,1,99,,85633,44,,,1,100,,85634,44,,,1,101,,85637,44,,,1,100,,85640,44,,,1,100,,85641,44,,,1,100,,85642,44,,,1,100,,85643,44,,,1,100,,85644,44,,,1,100,,85648,44,,,1,100,,85645,44,,,1,99,,85646,44,,,1,100,,85647,44,,,1
9701,'Samedi-10',748,,76971,44,,,1,100,,76974,44,,,1,101,,76972,44,,,1,100,,76975,44,,,1,99,,76969,44,,,1,100,,76970,44,,,1,101,,76973,44,,,1,100,,76976,44,,,1,100,,76977,44,,,1,100,,76978,44,,,1,100,,76979,44,,,1,100,,76980,44,,,1,100,,76984,44,,,1,100,,76981,44,,,1,99,,76982,44,,,1,100,,76983,44,,,1
9701,'Dimanche-1',748,,85654,44,,,1,100,,85661,44,,,1,101,,85650,44,,,1,100,,85657,44,,,1,99,,85656,44,,,1,100,,85649,44,,,1,101,,85653,44,,,1,100,,85651,44,,,1,100,,85652,44,,,1,100,,85655,44,,,1,100,,85658,44,,,1,100,,85659,44,,,1,100,,85660,44,,,1,100,,85662,44,,,1,99,,85663,44,,,1,100,,85664,44,,,1
9701,'Semaine-1',629,,85665,44,,,2,98,,85666,44,,,1,112,,85667,44,,,1,109,,85668,44,,,1,100,,85669,44,,,1,100,,85670,44,,,1,100,,85671,44,,,1,100,,85672,44,,,1,100,,85673,44,,,1,104,,85674,44,,,1,95,,85675,44,,,1,104,,85676,44,,,1,97,,85677,44,,,1,97,,85678,44,,,1,101,,85679,44,,,1,98,,85680,44,,,1,100,,85681,44,,,1
9701,'Semaine-12',629,,85682,44,,,2,98,,85683,44,,,1,112,,85684,44,,,1,109,,85685,44,,,1,100,,85686,44,,,1,100,,85687,44,,,1,100,,85688,44,,,1,100,,85689,44,,,1,100,,85690,44,,,1,104,,85691,44,,,1,95,,85692,44,,,1,104,,85693,44,,,1,97,,85694,44,,,1,97,,85695,44,,,1,101,,85696,44,,,1,98,,85697,44,,,1,100,,85698,44,,,1
9801,'Semaine-1',525,,85699,40,,,2,10,,85700,40,,,1,10,,85701,40,,,1
9801,'Semaine-12',525,,85702,40,,,2,10,,85703,40,,,1,10,,85704,40,,,1
29701,'Semaine-1',1517,,85892,20,0,19,2
29701,'Semaine-12',1517,,85894,20,0,19,2
