9501,'Semaine-1',544,,85547,25,,,1,15,,85543,25,,,1,53,,85545,25,,,1,17,,85550,25,,,1,15,,85546,25,,,2,15,,85548,25,,,2,54,,85549,25,,,2,16,,85544,25,,,2
9501,'Semaine-12',544,,85555,25,,,1,15,,85551,25,,,1,53,,85553,25,,,1,17,,85558,25,,,1,15,,85554,25,,,2,15,,85556,25,,,2,54,,85557,25,,,2,16,,85552,25,,,2
9701,'Samedi-1',739,,85635,29,,,1,100,,85638,29,,,1,100,,85636,29,,,1,100,,85639,29,,,1,100,,85633,29,,,1,100,,85634,29,,,1,101,,85637,29,,,1,100,,85640,29,,,1,100,,85641,29,,,1,100,,85642,29,,,1,100,,85643,29,,,1,100,,85644,29,,,1,100,,85648,29,,,1,100,,85645,29,,,1,99,,85646,29,,,1,100,,85647,29,,,1
9701,'Samedi-10',739,,76971,29,,,1,100,,76974,29,,,1,100,,76972,29,,,1,100,,76975,29,,,1,100,,76969,29,,,1,100,,76970,29,,,1,101,,76973,29,,,1,100,,76976,29,,,1,100,,76977,29,,,1,100,,76978,29,,,1,100,,76979,29,,,1,100,,76980,29,,,1,100,,76984,29,,,1,100,,76981,29,,,1,99,,76982,29,,,1,100,,76983,29,,,1
9701,'Dimanche-1',739,,85654,29,,,1,100,,85661,29,,,1,100,,85650,29,,,1,100,,85657,29,,,1,100,,85656,29,,,1,100,,85649,29,,,1,101,,85653,29,,,1,100,,85651,29,,,1,100,,85652,29,,,1,100,,85655,29,,,1,100,,85658,29,,,1,100,,85659,29,,,1,100,,85660,29,,,1,100,,85662,29,,,1,99,,85663,29,,,1,100,,85664,29,,,1
9701,'Semaine-1',620,,85665,29,,,2,98,,85666,29,,,1,112,,85667,29,,,1,109,,85668,29,,,1,100,,85669,29,,,1,100,,85670,29,,,1,100,,85671,29,,,1,100,,85672,29,,,1,100,,85673,29,,,1,103,,85674,29,,,1,95,,85675,29,,,1,104,,85676,29,,,1,97,,85677,29,,,1,98,,85678,29,,,1,101,,85679,29,,,1,98,,85680,29,,,1,100,,85681,29,,,1
9701,'Semaine-12',620,,85682,29,,,2,98,,85683,29,,,1,112,,85684,29,,,1,109,,85685,29,,,1,100,,85686,29,,,1,100,,85687,29,,,1,100,,85688,29,,,1,100,,85689,29,,,1,100,,85690,29,,,1,103,,85691,29,,,1,95,,85692,29,,,1,104,,85693,29,,,1,97,,85694,29,,,1,98,,85695,29,,,1,101,,85696,29,,,1,98,,85697,29,,,1,100,,85698,29,,,1
9801,'Semaine-1',516,,85699,25,,,2,10,,85700,25,,,1,10,,85701,25,,,1
9801,'Semaine-12',516,,85702,25,,,2,10,,85703,25,,,1,10,,85704,25,,,1
29701,'Semaine-1',1507,,85892,5,0,19,2
29701,'Semaine-12',1507,,85894,5,0,19,2
