2700,'Semaine-1',1615,,80039,29,,,1,30,,80037,29,,,2,67,,80041,29,,,1,29,,80038,29,,,2,69,,80040,29,,,2
2700,'Semaine-12',1615,,80044,29,,,1,30,,80042,29,,,2,67,,80046,29,,,1,29,,80043,29,,,2,69,,80045,29,,,2
3301,'Samedi-1',708,,80655,5,,,1,100,,80656,5,,,1,100,,80657,5,,,1,100,,80658,5,,,1,100,,80659,5,,,1,100,,80660,5,,,1,100,,80661,5,,,1,100,,80662,5,,,1,101,,80663,5,,,1,99,,80664,5,,,1,100,,80665,5,,,1,100,,80666,5,,,1,100,,80667,5,,,1,100,,80668,5,,,1,100,,80669,5,,,1,100,,80670,5,,,1,100,,80671,5,,,1,100,,80672,5,,,1
3301,'Samedi-10',708,,67122,5,,,1,100,,67123,5,,,1,100,,67124,5,,,1,100,,67125,5,,,1,100,,67126,5,,,1,100,,67127,5,,,1,100,,67128,5,,,1,100,,67129,5,,,1,101,,67130,5,,,1,99,,67131,5,,,1,100,,67132,5,,,1,100,,67133,5,,,1,100,,67134,5,,,1,100,,67135,5,,,1,100,,67136,5,,,1,100,,67137,5,,,1,100,,67138,5,,,1,100,,67139,5,,,1
3301,'Dimanche-1',708,,80677,5,,,1,100,,80678,5,,,1,100,,80686,5,,,1,100,,80679,5,,,1,100,,80674,5,,,1,100,,80675,5,,,1,100,,80673,5,,,1,100,,80676,5,,,1,101,,80680,5,,,1,99,,80681,5,,,1,100,,80683,5,,,1,100,,80685,5,,,1,100,,80684,5,,,1,100,,80682,5,,,1,100,,80687,5,,,1,100,,80688,5,,,1,100,,80689,5,,,1,100,,80690,5,,,1
3301,'Semaine-1',553,,80714,5,,,1,60,,80722,5,,,1,18,,80699,5,,,1,15,,80719,5,,,1,58,,80715,5,,,1,10,,80710,5,,,1,11,,80730,5,,,1,13,,80728,5,,,1,15,,80717,5,,,1,54,,80705,5,,,1,11,,80721,5,,,1,14,,80695,5,,,1,70,,80707,5,,,1,31,,80713,5,,,1,70,,80703,5,,,1,30,,80724,5,,,1,70,,80708,5,,,1,30,,80700,5,,,1,70,,80702,5,,,1,15,,80720,5,,,1,15,,80729,5,,,1,25,,80711,5,,,1,70,,80701,5,,,1,30,,80706,5,,,1,70,,80709,5,,,1,20,,80731,5,,,1,60,,80712,5,,,1,18,,80716,5,,,1,23,,80697,5,,,1,60,,80727,5,,,1,20,,80704,5,,,1,27,,80694,5,,,1,71,,80691,5,,,1,76,,80725,5,,,1,30,,80698,5,,,1,70,,80693,5,,,1,100,,80696,5,,,1,34,,80718,5,,,1,101,,80723,5,,,2,100,,80692,5,,,1,100,,80726,5,,,1
3301,'Semaine-12',553,,80755,5,,,1,60,,80763,5,,,1,18,,80740,5,,,1,15,,80760,5,,,1,58,,80756,5,,,1,10,,80751,5,,,1,11,,80771,5,,,1,13,,80769,5,,,1,15,,80758,5,,,1,54,,80746,5,,,1,11,,80762,5,,,1,14,,80736,5,,,1,70,,80748,5,,,1,31,,80754,5,,,1,70,,80744,5,,,1,30,,80765,5,,,1,70,,80749,5,,,1,30,,80741,5,,,1,70,,80743,5,,,1,15,,80761,5,,,1,15,,80770,5,,,1,25,,80752,5,,,1,70,,80742,5,,,1,30,,80747,5,,,1,70,,80750,5,,,1,20,,80772,5,,,1,60,,80753,5,,,1,18,,80757,5,,,1,23,,80738,5,,,1,60,,80768,5,,,1,20,,80745,5,,,1,27,,80735,5,,,1,71,,80732,5,,,1,76,,80766,5,,,1,30,,80739,5,,,1,70,,80734,5,,,1,100,,80737,5,,,1,34,,80759,5,,,1,101,,80764,5,,,2,100,,80733,5,,,1,100,,80767,5,,,1
33101,'Semaine-1',1623,,85913,10,0,7 8,1
33101,'Semaine-12',1623,,85914,10,0,7 8,1
43301,'Semaine-1',724,,86781,6,0,9 14,1
43301,'Semaine-12',724,,86782,6,0,9 14,1
56601,'Semaine-1',711,,86819,38,0,5 6,1
56601,'Semaine-12',711,,86820,38,0,5 6,1
82700,'Semaine-1',1536,,87128,19,0,9 12 13,2
82700,'Semaine-12',1536,,87129,19,0,9 12 13,2
