2701,'Semaine-1',608,,80049,3,,,1,43,,80050,3,,,1,91,,80047,3,,,1,66,,80048,3,,,2
2701,'Semaine-12',608,,80053,3,,,1,43,,80054,3,,,1,91,,80051,3,,,1,66,,80052,3,,,2
3501,'Semaine-1',646,,81130,3,,,1,75,,81123,3,,,1
3501,'Semaine-12',646,,81162,3,,,1,75,,81155,3,,,1
33100,'Semaine-1',827,,85911,25,0,7 8,1
33100,'Semaine-12',827,,85912,25,0,7 8,1
43300,'Semaine-1',1501,,86778,12,0,9 14,2
43300,'Semaine-12',1501,,86780,12,0,9 14,2
82701,'Semaine-1',746,,87130,3,0,9 12 13,2
82701,'Semaine-12',746,,87131,3,0,9 12 13,2
