2501,'Semaine-1',558,,80009,11,,,2,70,,80008,11,,,1,30,,80006,11,,,1,70,,80007,11,,,2,31,,80010,11,,,1,68,,80005,11,,,2
2501,'Semaine-12',558,,80015,11,,,2,70,,80014,11,,,1,30,,80012,11,,,1,70,,80013,11,,,2,31,,80016,11,,,1,68,,80011,11,,,2
2801,'Semaine-1',640,,80062,7,,,1,74,,80063,7,,,2,100,,80061,7,,,2
2801,'Semaine-12',640,,80065,7,,,1,74,,80066,7,,,2,100,,80064,7,,,2
3901,'Samedi-1',632,,81789,37,,,1,101,,81791,37,,,1,100,,81795,37,,,1,101,,81794,37,,,1,100,,81797,37,,,1,100,,81796,37,,,1,102,,81792,37,,,1,70,,81790,37,,,1,30,,81798,37,,,1,71,,81793,37,,,1,30,,81799,37,,,1,70,,81800,37,,,1,31,,81801,37,,,1,70,,81802,37,,,1,30,,81803,37,,,1,70,,81804,37,,,1,30,,81805,37,,,1,69,,81806,37,,,1,29,,81807,37,,,1,69,,81808,37,,,1,100,,81809,37,,,1,100,,81810,37,,,1,100,,81811,37,,,1,100,,81812,37,,,1
3901,'Samedi-10',632,,69456,37,,,1,101,,69458,37,,,1,100,,69462,37,,,1,101,,69461,37,,,1,100,,69464,37,,,1,100,,69463,37,,,1,102,,69459,37,,,1,70,,69457,37,,,1,30,,69465,37,,,1,71,,69460,37,,,1,30,,69466,37,,,1,70,,69467,37,,,1,31,,69468,37,,,1,70,,69469,37,,,1,30,,69470,37,,,1,70,,69471,37,,,1,30,,69472,37,,,1,69,,69473,37,,,1,29,,69474,37,,,1,69,,69475,37,,,1,100,,69476,37,,,1,100,,69477,37,,,1,100,,69478,37,,,1,100,,69479,37,,,1
3901,'Dimanche-1',632,,81813,37,,,1,101,,81820,37,,,1,100,,81823,37,,,1,101,,81816,37,,,1,100,,81818,37,,,1,100,,81819,37,,,1,102,,81822,37,,,1,70,,81815,37,,,1,30,,81817,37,,,1,71,,81824,37,,,1,30,,81814,37,,,1,70,,81826,37,,,1,31,,81821,37,,,1,70,,81828,37,,,1,30,,81831,37,,,1,70,,81833,37,,,1,30,,81829,37,,,1,69,,81830,37,,,1,29,,81832,37,,,1,69,,81825,37,,,1,100,,81827,37,,,1,100,,81834,37,,,1,100,,81835,37,,,1,100,,81836,37,,,1
3901,'Semaine-1',656,,81859,37,,,1,68,,81848,37,,,1,77,,81849,37,,,1,33,,81845,37,,,1,70,,81851,37,,,1,30,,81853,37,,,2,70,,81860,37,,,1,30,,81871,37,,,1,70,,81866,37,,,2,30,,81861,37,,,1,70,,81846,37,,,1,32,,81855,37,,,1,70,,81862,37,,,1,29,,81847,37,,,2,70,,81844,37,,,1,34,,81863,37,,,1,70,,81856,37,,,1,33,,81837,37,,,1,71,,81864,37,,,2,31,,81842,37,,,1,69,,81839,37,,,1,29,,81867,37,,,1,67,,81852,37,,,1,32,,81858,37,,,2,69,,81843,37,,,2,31,,81865,37,,,1,65,,81838,37,,,2,26,,81868,37,,,1,70,,81841,37,,,1,30,,81857,37,,,1,72,,81869,37,,,1,30,,81840,37,,,1,72,,81850,37,,,1,28,,81870,37,,,1,70,,81854,37,,,1
3901,'Semaine-12',656,,81894,37,,,1,68,,81883,37,,,1,77,,81884,37,,,1,33,,81880,37,,,1,70,,81886,37,,,1,30,,81888,37,,,2,70,,81895,37,,,1,30,,81906,37,,,1,70,,81901,37,,,2,30,,81896,37,,,1,70,,81881,37,,,1,32,,81890,37,,,1,70,,81897,37,,,1,29,,81882,37,,,2,70,,81879,37,,,1,34,,81898,37,,,1,70,,81891,37,,,1,33,,81872,37,,,1,71,,81899,37,,,2,31,,81877,37,,,1,69,,81874,37,,,1,29,,81902,37,,,1,67,,81887,37,,,1,32,,81893,37,,,2,69,,81878,37,,,2,31,,81900,37,,,1,65,,81873,37,,,2,26,,81903,37,,,1,70,,81876,37,,,1,30,,81892,37,,,1,72,,81904,37,,,1,30,,81875,37,,,1,72,,81885,37,,,1,28,,81905,37,,,1,70,,81889,37,,,1
5001,'Semaine-1',1620,,82225,11,,,1,100,,82227,11,,,1,99,,82226,11,,,2
5001,'Semaine-12',1620,,82228,11,,,1,100,,82230,11,,,1,99,,82229,11,,,2
32501,'Semaine-1',813,,85899,11,0,7 8,1,3,,85900,11,0,7 8,1
32501,'Semaine-12',813,,85901,11,0,7 8,1,3,,85902,11,0,7 8,1
42500,'Semaine-1',701,,86753,11,0,9 14,1,2,,86754,11,0,9 14,2
42500,'Semaine-12',701,,86755,11,0,9 14,1,2,,86756,11,0,9 14,2
55001,'Semaine-1',1533,,86805,9,0,5 6,1
55001,'Semaine-12',1533,,86808,9,0,5 6,1
63901,'Semaine-1',703,,86835,12,0,9 10,1
63901,'Semaine-12',703,,86836,12,0,9 10,1
72501,'Semaine-1',809,,86869,11,0,5 11,2
72501,'Semaine-12',809,,86870,11,0,5 11,2
82501,'Semaine-1',742,,87116,11,0,9 12 13,1,1,,87117,11,0,9 12 13,1
82501,'Semaine-12',742,,87118,11,0,9 12 13,1,1,,87119,11,0,9 12 13,1
