9501,'Semaine-1',545,,85547,27,,,1,55,,85543,27,,,1,13,,85545,27,,,1,17,,85550,27,,,1,15,,85546,27,,,2,55,,85548,27,,,2,14,,85549,27,,,2,16,,85544,27,,,2
9501,'Semaine-12',545,,85555,27,,,1,55,,85551,27,,,1,13,,85553,27,,,1,17,,85558,27,,,1,15,,85554,27,,,2,55,,85556,27,,,2,14,,85557,27,,,2,16,,85552,27,,,2
9701,'Samedi-1',740,,85635,31,,,1,100,,85638,31,,,1,101,,85636,31,,,1,100,,85639,31,,,1,99,,85633,31,,,1,100,,85634,31,,,1,101,,85637,31,,,1,100,,85640,31,,,1,100,,85641,31,,,1,100,,85642,31,,,1,100,,85643,31,,,1,100,,85644,31,,,1,100,,85648,31,,,1,100,,85645,31,,,1,99,,85646,31,,,1,100,,85647,31,,,1
9701,'Samedi-10',740,,76971,31,,,1,100,,76974,31,,,1,101,,76972,31,,,1,100,,76975,31,,,1,99,,76969,31,,,1,100,,76970,31,,,1,101,,76973,31,,,1,100,,76976,31,,,1,100,,76977,31,,,1,100,,76978,31,,,1,100,,76979,31,,,1,100,,76980,31,,,1,100,,76984,31,,,1,100,,76981,31,,,1,99,,76982,31,,,1,100,,76983,31,,,1
9701,'Dimanche-1',740,,85654,31,,,1,100,,85661,31,,,1,101,,85650,31,,,1,100,,85657,31,,,1,99,,85656,31,,,1,100,,85649,31,,,1,101,,85653,31,,,1,100,,85651,31,,,1,100,,85652,31,,,1,100,,85655,31,,,1,100,,85658,31,,,1,100,,85659,31,,,1,100,,85660,31,,,1,100,,85662,31,,,1,99,,85663,31,,,1,100,,85664,31,,,1
9701,'Semaine-1',621,,85665,31,,,2,98,,85666,31,,,1,112,,85667,31,,,1,109,,85668,31,,,1,100,,85669,31,,,1,100,,85670,31,,,1,100,,85671,31,,,1,100,,85672,31,,,1,100,,85673,31,,,1,104,,85674,31,,,1,95,,85675,31,,,1,104,,85676,31,,,1,97,,85677,31,,,1,97,,85678,31,,,1,101,,85679,31,,,1,98,,85680,31,,,1,100,,85681,31,,,1
9701,'Semaine-12',621,,85682,31,,,2,98,,85683,31,,,1,112,,85684,31,,,1,109,,85685,31,,,1,100,,85686,31,,,1,100,,85687,31,,,1,100,,85688,31,,,1,100,,85689,31,,,1,100,,85690,31,,,1,104,,85691,31,,,1,95,,85692,31,,,1,104,,85693,31,,,1,97,,85694,31,,,1,97,,85695,31,,,1,101,,85696,31,,,1,98,,85697,31,,,1,100,,85698,31,,,1
9801,'Semaine-1',517,,85699,27,,,2,10,,85700,27,,,1,10,,85701,27,,,1
9801,'Semaine-12',517,,85702,27,,,2,10,,85703,27,,,1,10,,85704,27,,,1
29701,'Semaine-1',1509,,85892,7,0,19,2
29701,'Semaine-12',1509,,85894,7,0,19,2
