2000,'Semaine-1',636,,79961,5,,,1,110,,79960,5,,,1,97,,79959,5,,,1
2000,'Semaine-12',636,,79964,5,,,1,110,,79963,5,,,1,97,,79962,5,,,1
2300,'Semaine-1',1538,,79976,8,,,1,68,,79974,8,,,1,34,,79972,8,,,1,65,,79973,8,,,2,27,,79975,8,,,2,70,,79971,8,,,1
2300,'Semaine-12',1538,,79982,8,,,1,68,,79980,8,,,1,34,,79978,8,,,1,65,,79979,8,,,2,27,,79981,8,,,2,70,,79977,8,,,1
2500,'Semaine-1',1521,,79993,7,,,1,30,,79996,7,,,1,71,,79994,7,,,1,33,,79998,7,,,1,65,,79995,7,,,2,28,,79997,7,,,2
2500,'Semaine-12',1521,,79999,7,,,1,30,,80002,7,,,1,71,,80000,7,,,1,33,,80004,7,,,1,65,,80001,7,,,2,28,,80003,7,,,2
3500,'Semaine-1',635,,81054,15,0,15 16,1,77,,81029,15,0,15 16,2,23,,81039,15,0,15 16,1,23,,81057,15,0,15 16,1,55,,81047,15,0,15 16,1,20,,81062,15,0,15 16,1,20,,81059,15,0,15 16,1,63,,81052,15,0,15 16,1,21,,81058,15,0,15 16,1,70,,81037,15,0,15 16,1,27,,81050,15,0,15 16,1,74,,81031,15,0,15 16,1,28,,81035,15,0,15 16,1,70,,81045,15,0,15 16,2,32,,81030,15,0,15 16,1,70,,81040,15,0,15 16,1,30,,81061,15,0,15 16,2,70,,81048,15,0,15 16,1,30,,81032,15,0,15 16,2,72,,81044,15,,,2,30,,81046,15,0,15 16,1,18,,81038,8,0,15 16,1,59,,81049,15,,,1,13,,81043,8,0,15 16,1,18,,81053,15,,,1,68,,81055,15,0,15 16,1,31,,81036,15,,,1,63,,81034,15,0,15 16,1,28,,81063,15,,,1,66,,81051,15,0,15 16,1,30,,81041,8,0,15 16,1,70,,81042,15,,,1,100,,81056,15,,,1,100,,81060,15,,,1,100,,81033,15,0,15 16,1
3500,'Semaine-12',635,,81089,15,0,15 16,1,77,,81064,15,0,15 16,2,23,,81074,15,0,15 16,1,23,,81092,15,0,15 16,1,55,,81082,15,0,15 16,1,20,,81097,15,0,15 16,1,20,,81094,15,0,15 16,1,63,,81087,15,0,15 16,1,21,,81093,15,0,15 16,1,70,,81072,15,0,15 16,1,27,,81085,15,0,15 16,1,74,,81066,15,0,15 16,1,28,,81070,15,0,15 16,1,70,,81080,15,0,15 16,2,32,,81065,15,0,15 16,1,70,,81075,15,0,15 16,1,30,,81096,15,0,15 16,2,70,,81083,15,0,15 16,1,30,,81067,15,0,15 16,2,72,,81079,15,,,2,30,,81081,15,0,15 16,1,18,,81073,8,0,15 16,1,59,,81084,15,,,1,13,,81078,8,0,15 16,1,18,,81088,15,,,1,68,,81090,15,0,15 16,1,31,,81071,15,,,1,63,,81069,15,0,15 16,1,28,,81098,15,,,1,66,,81086,15,0,15 16,1,30,,81076,8,0,15 16,1,70,,81077,15,,,1,100,,81091,15,,,1,100,,81095,15,,,1,100,,81068,15,0,15 16,1
3800,'Samedi-1',737,,81376,8,,,1,71,,81369,8,,,1,20,,81370,8,,,1,80,,81381,8,,,1,29,,81373,8,,,1,71,,81371,8,,,1,28,,81382,8,,,1,72,,81374,8,,,1,28,,81380,8,,,1,71,,81372,8,,,1,27,,81375,8,,,1,75,,81379,8,,,1,26,,81377,8,,,1,74,,81378,8,,,1,30,,81383,8,,,1,70,,81384,8,,,1,30,,81385,8,,,1,69,,81386,8,,,1,21,,81387,8,,,1,79,,81388,8,,,1,30,,81389,8,,,1,70,,81390,8,,,1,30,,81391,8,,,1,70,,81392,8,,,1,31,,81393,8,,,1,69,,81394,8,,,1,30,,81396,8,,,1,70,,81395,8,,,1,30,,81398,8,,,1,70,,81397,8,,,1,30,,81399,8,,,1,70,,81400,8,,,1,30,,81401,8,,,1
3800,'Samedi-10',737,,68572,8,,,1,71,,68565,8,,,1,20,,68566,8,,,1,80,,68577,8,,,1,29,,68569,8,,,1,71,,68567,8,,,1,28,,68578,8,,,1,72,,68570,8,,,1,28,,68576,8,,,1,71,,68568,8,,,1,27,,68571,8,,,1,75,,68575,8,,,1,26,,68573,8,,,1,74,,68574,8,,,1,30,,68579,8,,,1,70,,68580,8,,,1,30,,68581,8,,,1,69,,68582,8,,,1,21,,68583,8,,,1,79,,68584,8,,,1,30,,68585,8,,,1,70,,68586,8,,,1,30,,68587,8,,,1,70,,68588,8,,,1,31,,68589,8,,,1,69,,68590,8,,,1,30,,68592,8,,,1,70,,68591,8,,,1,30,,68594,8,,,1,70,,68593,8,,,1,30,,68595,8,,,1,70,,68596,8,,,1,30,,68597,8,,,1
3800,'Dimanche-1',737,,81405,8,,,1,71,,81410,8,,,1,20,,81413,8,,,1,80,,81411,8,,,1,29,,81404,8,,,1,71,,81426,8,,,1,28,,81403,8,,,1,72,,81406,8,,,1,28,,81427,8,,,1,71,,81425,8,,,1,27,,81407,8,,,1,75,,81417,8,,,1,26,,81414,8,,,1,74,,81408,8,,,1,30,,81412,8,,,1,70,,81419,8,,,1,30,,81402,8,,,1,69,,81409,8,,,1,21,,81416,8,,,1,79,,81421,8,,,1,30,,81415,8,,,1,70,,81423,8,,,1,30,,81420,8,,,1,70,,81424,8,,,1,31,,81422,8,,,1,69,,81418,8,,,1,30,,81428,8,,,1,70,,81429,8,,,1,30,,81430,8,,,1,70,,81431,8,,,1,30,,81432,8,,,1,70,,81433,8,,,1,30,,81434,8,,,1
3800,'Semaine-1',648,,81451,8,,,1,59,,81467,8,,,1,32,,81462,8,,,1,71,,81475,8,,,1,30,,81472,8,,,1,70,,81448,8,,,1,19,,81444,8,,,1,20,,81455,8,,,1,60,,81440,8,,,1,20,,81464,8,,,1,20,,81449,8,,,1,60,,81445,8,,,1,20,,81456,8,,,1,20,,81441,8,,,1,60,,81463,8,,,1,20,,81474,8,,,1,20,,81446,8,,,1,60,,81457,8,,,1,21,,81465,8,,,1,20,,81476,8,,,1,60,,81450,8,,,1,20,,81447,8,,,1,21,,81458,8,,,1,70,,81471,8,,,1,31,,81436,8,,,1,70,,81460,8,,,1,34,,81469,8,,,1,64,,81459,8,,,1,29,,81473,8,,,1,69,,81439,8,,,1,30,,81470,8,,,1,69,,81453,8,,,1,31,,81461,8,,,1,72,,81466,8,,,1,28,,81468,8,,,1,70,,81452,8,,,1,30,,81438,8,,,1,70,,81454,8,,,1,30,,81442,8,,,1,70,,81437,8,,,1,30,,81435,8,,,1,68,,81443,8,,,1
3800,'Semaine-12',648,,81493,8,,,1,59,,81509,8,,,1,32,,81504,8,,,1,71,,81517,8,,,1,30,,81514,8,,,1,70,,81490,8,,,1,19,,81486,8,,,1,20,,81497,8,,,1,60,,81482,8,,,1,20,,81506,8,,,1,20,,81491,8,,,1,60,,81487,8,,,1,20,,81498,8,,,1,20,,81483,8,,,1,60,,81505,8,,,1,20,,81516,8,,,1,20,,81488,8,,,1,60,,81499,8,,,1,21,,81507,8,,,1,20,,81518,8,,,1,60,,81492,8,,,1,20,,81489,8,,,1,21,,81500,8,,,1,70,,81513,8,,,1,31,,81478,8,,,1,70,,81502,8,,,1,34,,81511,8,,,1,64,,81501,8,,,1,29,,81515,8,,,1,69,,81481,8,,,1,30,,81512,8,,,1,69,,81495,8,,,1,31,,81503,8,,,1,72,,81508,8,,,1,28,,81510,8,,,1,70,,81494,8,,,1,30,,81480,8,,,1,70,,81496,8,,,1,30,,81484,8,,,1,70,,81479,8,,,1,30,,81477,8,,,1,68,,81485,8,,,1
10001,'Semaine-1',638,,85741,20,4,,1,10,,85739,20,4,,1,10,,85738,20,4,,1,50,,85737,20,4,,1,9,,85740,20,4,,1,11,,85742,20,4,,1,10,,85743,20,4,,1,10,,85744,20,4,,1,9,,85745,20,4,,1,51,,85746,20,4,,1,14,,85747,20,4,,1,10,,85748,20,4,,1,10,,85749,20,4,,1,8,,85750,20,4,,1,50,,85751,20,4,,1
10001,'Semaine-12',638,,85756,20,4,,1,10,,85754,20,4,,1,10,,85753,20,4,,1,50,,85752,20,4,,1,9,,85755,20,4,,1,11,,85757,20,4,,1,10,,85758,20,4,,1,10,,85759,20,4,,1,9,,85760,20,4,,1,51,,85761,20,4,,1,14,,85762,20,4,,1,10,,85763,20,4,,1,10,,85764,20,4,,1,8,,85765,20,4,,1,50,,85766,20,4,,1
40000,'Samedi-1',607,,86087,8,,,1,20,,86088,8,,,1,15,,86091,8,,,1,15,,86096,8,,,1,55,,86105,8,,,1,15,,86106,8,,,1,15,,86089,8,,,1,15,,86093,8,,,1,55,,86090,8,,,1,15,,86114,8,,,1,15,,86092,8,,,1,15,,86095,8,,,1,55,,86094,8,,,1,15,,86097,8,,,1,15,,86115,8,,,1,15,,86113,8,,,1,55,,86116,8,,,1,15,,86098,8,,,1,15,,86100,8,,,1,15,,86103,8,,,1,55,,86104,8,,,1,15,,86099,8,,,1,15,,86110,8,,,1,15,,86112,8,,,1,55,,86117,8,,,1,15,,86102,8,,,1,15,,86101,8,,,1,15,,86107,8,,,1,56,,86108,8,,,1,15,,86109,8,,,1,15,,86118,8,,,1,15,,86111,8,,,1,55,,86119,8,,,1,15,,86120,8,,,1,15,,86121,8,,,1,15,,86122,8,,,1,55,,86123,8,,,1,15,,86124,8,,,1,15,,86125,8,,,1,15,,86126,8,,,1,55,,86127,8,,,1,15,,86128,8,,,1,15,,86129,8,,,1,15,,86130,8,,,1,55,,86131,8,,,1,15,,86132,8,,,1,15,,86133,8,,,1,15,,86134,8,,,1,55,,86140,8,,,1,15,,86135,8,,,1,15,,86136,8,,,1,15,,86137,8,,,1,54,,86138,8,,,1,16,,86139,8,,,1,14,,86143,8,,,1,15,,86141,8,,,1,55,,86142,8,,,1,15,,86147,8,,,1,15,,86146,8,,,1,16,,86145,8,,,1,54,,86144,8,,,1,16,,86151,8,,,1,14,,86148,8,,,1,15,,86149,8,,,1,55,,86150,8,,,1,15,,86158,8,,,1,16,,86153,8,,,1,15,,86152,8,,,1,54,,86154,8,,,1,16,,86155,8,,,1,13,,86156,8,,,1,16,,86157,8,,,1,54,,86159,8,,,1
40000,'Samedi-10',607,,77857,8,,,1,20,,77858,8,,,1,15,,77861,8,,,1,15,,77866,8,,,1,55,,77875,8,,,1,15,,77876,8,,,1,15,,77859,8,,,1,15,,77863,8,,,1,55,,77860,8,,,1,15,,77884,8,,,1,15,,77862,8,,,1,15,,77865,8,,,1,55,,77864,8,,,1,15,,77867,8,,,1,15,,77885,8,,,1,15,,77883,8,,,1,55,,77886,8,,,1,15,,77868,8,,,1,15,,77870,8,,,1,15,,77873,8,,,1,55,,77874,8,,,1,15,,77869,8,,,1,15,,77880,8,,,1,15,,77882,8,,,1,55,,77887,8,,,1,15,,77872,8,,,1,15,,77871,8,,,1,15,,77877,8,,,1,56,,77878,8,,,1,15,,77879,8,,,1,15,,77888,8,,,1,15,,77881,8,,,1,55,,77889,8,,,1,15,,77890,8,,,1,15,,77891,8,,,1,15,,77892,8,,,1,55,,77893,8,,,1,15,,77894,8,,,1,15,,77895,8,,,1,15,,77896,8,,,1,55,,77897,8,,,1,15,,77898,8,,,1,15,,77899,8,,,1,15,,77900,8,,,1,55,,77901,8,,,1,15,,77902,8,,,1,15,,77903,8,,,1,15,,77904,8,,,1,55,,77910,8,,,1,15,,77905,8,,,1,15,,77906,8,,,1,15,,77907,8,,,1,54,,77908,8,,,1,16,,77909,8,,,1,14,,77913,8,,,1,15,,77911,8,,,1,55,,77912,8,,,1,15,,77917,8,,,1,15,,77916,8,,,1,16,,77915,8,,,1,54,,77914,8,,,1,16,,77921,8,,,1,14,,77918,8,,,1,15,,77919,8,,,1,55,,77920,8,,,1,15,,77928,8,,,1,16,,77923,8,,,1,15,,77922,8,,,1,54,,77924,8,,,1,16,,77925,8,,,1,13,,77926,8,,,1,16,,77927,8,,,1,54,,77929,8,,,1
40000,'Dimanche-1',607,,86160,8,,,1,20,,86161,8,,,1,15,,86169,8,,,1,15,,86181,8,,,1,55,,86183,8,,,1,15,,86164,8,,,1,15,,86171,8,,,1,15,,86170,8,,,1,55,,86162,8,,,1,15,,86163,8,,,1,15,,86172,8,,,1,15,,86180,8,,,1,55,,86182,8,,,1,15,,86165,8,,,1,15,,86175,8,,,1,15,,86174,8,,,1,55,,86189,8,,,1,15,,86190,8,,,1,15,,86186,8,,,1,15,,86201,8,,,1,55,,86194,8,,,1,15,,86185,8,,,1,15,,86200,8,,,1,15,,86173,8,,,1,55,,86188,8,,,1,15,,86191,8,,,1,15,,86179,8,,,1,15,,86202,8,,,1,56,,86195,8,,,1,15,,86176,8,,,1,15,,86184,8,,,1,15,,86177,8,,,1,55,,86187,8,,,1,15,,86196,8,,,1,15,,86178,8,,,1,15,,86166,8,,,1,55,,86192,8,,,1,15,,86167,8,,,1,15,,86199,8,,,1,15,,86168,8,,,1,55,,86208,8,,,1,15,,86197,8,,,1,15,,86212,8,,,1,15,,86206,8,,,1,55,,86193,8,,,1,15,,86210,8,,,1,15,,86198,8,,,1,15,,86214,8,,,1,55,,86207,8,,,1,15,,86215,8,,,1,15,,86211,8,,,1,15,,86216,8,,,1,54,,86203,8,,,1,16,,86209,8,,,1,14,,86204,8,,,1,15,,86213,8,,,1,55,,86205,8,,,1,15,,86217,8,,,1,15,,86218,8,,,1,16,,86220,8,,,1,54,,86219,8,,,1,16,,86222,8,,,1,14,,86221,8,,,1,15,,86223,8,,,1,55,,86224,8,,,1,15,,86229,8,,,1,16,,86225,8,,,1,15,,86227,8,,,1,54,,86226,8,,,1,16,,86228,8,,,1,13,,86231,8,,,1,16,,86230,8,,,1,54,,86232,8,,,1
40000,'Semaine-1',542,,86233,8,,,1,15,,86239,8,,,1,55,,86262,8,,,1,14,,86277,8,,,1,16,,86267,8,,,1,17,,86325,8,,,1,49,,86297,8,,,1,10,,86249,8,,,1,10,,86296,8,,,1,17,,86291,8,,,1,13,,86292,8,,,1,50,,86247,8,,,1,12,,86269,8,,,1,12,,86271,8,,,1,12,,86318,8,,,1,12,,86288,8,,,1,52,,86242,8,,,1,13,,86251,8,,,1,9,,86237,8,,,1,9,,86240,8,,,1,10,,86293,8,,,1,10,,86259,8,,,1,50,,86272,8,,,1,10,,86265,8,,,1,10,,86266,8,,,1,10,,86298,8,,,1,10,,86278,8,,,1,10,,86289,8,,,1,51,,86243,8,,,1,9,,86252,8,,,1,10,,86241,8,,,1,11,,86319,8,,,1,9,,86294,8,,,1,10,,86260,8,,,1,50,,86273,8,,,1,11,,86264,8,,,1,10,,86256,8,,,1,9,,86285,8,,,1,11,,86268,8,,,1,4,,86279,8,,,1,5,,86290,8,,,1,51,,86244,8,,,1,10,,86254,8,,,1,10,,86246,8,,,1,10,,86236,8,,,1,10,,86295,8,,,1,50,,86276,8,,,1,10,,86274,8,,,1,7,,86286,8,,,1,6,,86263,8,,,1,6,,86255,8,,,1,6,,86303,8,,,1,6,,86304,8,,,1,4,,86305,8,,,1,7,,86306,8,,,1,2,,86307,8,,,1,48,,86317,8,,,1,5,,86323,8,,,1,2,,86308,8,,,1,236,,86309,8,,,1,5,,86310,8,,,1,5,,86311,8,,,1,45,,86312,8,,,1,5,,86324,8,,,1,5,,86313,8,,,1,8,,86314,8,,,1,8,,86315,8,,,1,12,,86316,8,,,1,12,,86280,8,,,1,52,,86281,8,,,1,11,,86275,8,,,1,12,,86301,8,,,1,12,,86284,8,,,1,12,,86270,8,,,1,52,,86248,8,,,1,12,,86320,8,,,1,12,,86253,8,,,1,13,,86321,8,,,1,11,,86261,8,,,1,52,,86282,8,,,1,12,,86322,8,,,1,14,,86258,8,,,1,14,,86302,8,,,1,15,,86300,8,,,1,55,,86245,8,,,1,15,,86234,8,,,1,15,,86250,8,,,1,14,,86283,8,,,1,55,,86257,8,,,1,15,,86287,8,,,1,15,,86299,8,,,1,15,,86238,8,,,1,55,,86235,8,,,1
40000,'Semaine-12',542,,86326,8,,,1,15,,86332,8,,,1,55,,86355,8,,,1,14,,86370,8,,,1,16,,86360,8,,,1,17,,86418,8,,,1,49,,86390,8,,,1,10,,86342,8,,,1,10,,86389,8,,,1,17,,86384,8,,,1,13,,86385,8,,,1,50,,86340,8,,,1,12,,86362,8,,,1,12,,86364,8,,,1,12,,86411,8,,,1,12,,86381,8,,,1,52,,86335,8,,,1,13,,86344,8,,,1,9,,86330,8,,,1,9,,86333,8,,,1,10,,86386,8,,,1,10,,86352,8,,,1,50,,86365,8,,,1,10,,86358,8,,,1,10,,86359,8,,,1,10,,86391,8,,,1,10,,86371,8,,,1,10,,86382,8,,,1,51,,86336,8,,,1,9,,86345,8,,,1,10,,86334,8,,,1,11,,86412,8,,,1,9,,86387,8,,,1,10,,86353,8,,,1,50,,86366,8,,,1,11,,86357,8,,,1,10,,86349,8,,,1,9,,86378,8,,,1,11,,86361,8,,,1,4,,86372,8,,,1,5,,86383,8,,,1,51,,86337,8,,,1,10,,86347,8,,,1,10,,86339,8,,,1,10,,86329,8,,,1,10,,86388,8,,,1,50,,86369,8,,,1,10,,86367,8,,,1,7,,86379,8,,,1,6,,86356,8,,,1,6,,86348,8,,,1,6,,86396,8,,,1,6,,86397,8,,,1,4,,86398,8,,,1,7,,86399,8,,,1,2,,86400,8,,,1,48,,86410,8,,,1,5,,86416,8,,,1,2,,86401,8,,,1,236,,86402,8,,,1,5,,86403,8,,,1,5,,86404,8,,,1,45,,86405,8,,,1,5,,86417,8,,,1,5,,86406,8,,,1,8,,86407,8,,,1,8,,86408,8,,,1,12,,86409,8,,,1,12,,86373,8,,,1,52,,86374,8,,,1,11,,86368,8,,,1,12,,86394,8,,,1,12,,86377,8,,,1,12,,86363,8,,,1,52,,86341,8,,,1,12,,86413,8,,,1,12,,86346,8,,,1,13,,86414,8,,,1,11,,86354,8,,,1,52,,86375,8,,,1,12,,86415,8,,,1,14,,86351,8,,,1,14,,86395,8,,,1,15,,86393,8,,,1,55,,86338,8,,,1,15,,86327,8,,,1,15,,86343,8,,,1,14,,86376,8,,,1,55,,86350,8,,,1,15,,86380,8,,,1,15,,86392,8,,,1,15,,86331,8,,,1,55,,86328,8,,,1
