2001,'Semaine-1',1541,,79965,13,,,1,100,,79967,13,,,1,100,,79966,13,,,1
2001,'Semaine-12',1541,,79968,13,,,1,100,,79970,13,,,1,100,,79969,13,,,1
2701,'Semaine-1',627,,80049,28,,,1,85,,80050,28,,,1,91,,80047,28,,,1,26,,80048,28,,,2
2701,'Semaine-12',627,,80053,28,,,1,85,,80054,28,,,1,91,,80051,28,,,1,26,,80052,28,,,2
3901,'Samedi-1',613,,81789,12,,,1,100,,81791,12,,,1,100,,81795,12,,,1,100,,81794,12,,,1,100,,81797,12,,,1,100,,81796,12,,,1,100,,81792,12,,,1,30,,81790,12,,,1,70,,81798,12,,,1,30,,81793,12,,,1,71,,81799,12,,,1,30,,81800,12,,,1,70,,81801,12,,,1,30,,81802,12,,,1,70,,81803,12,,,1,30,,81804,12,,,1,70,,81805,12,,,1,30,,81806,12,,,1,70,,81807,12,,,1,29,,81808,12,,,1,100,,81809,12,,,1,100,,81810,12,,,1,100,,81811,12,,,1,100,,81812,12,,,1
3901,'Samedi-10',613,,69456,12,,,1,100,,69458,12,,,1,100,,69462,12,,,1,100,,69461,12,,,1,100,,69464,12,,,1,100,,69463,12,,,1,100,,69459,12,,,1,30,,69457,12,,,1,70,,69465,12,,,1,30,,69460,12,,,1,71,,69466,12,,,1,30,,69467,12,,,1,70,,69468,12,,,1,30,,69469,12,,,1,70,,69470,12,,,1,30,,69471,12,,,1,70,,69472,12,,,1,30,,69473,12,,,1,70,,69474,12,,,1,29,,69475,12,,,1,100,,69476,12,,,1,100,,69477,12,,,1,100,,69478,12,,,1,100,,69479,12,,,1
3901,'Dimanche-1',613,,81813,12,,,1,100,,81820,12,,,1,100,,81823,12,,,1,100,,81816,12,,,1,100,,81818,12,,,1,100,,81819,12,,,1,100,,81822,12,,,1,30,,81815,12,,,1,70,,81817,12,,,1,30,,81824,12,,,1,71,,81814,12,,,1,30,,81826,12,,,1,70,,81821,12,,,1,30,,81828,12,,,1,70,,81831,12,,,1,30,,81833,12,,,1,70,,81829,12,,,1,30,,81830,12,,,1,70,,81832,12,,,1,29,,81825,12,,,1,100,,81827,12,,,1,100,,81834,12,,,1,100,,81835,12,,,1,100,,81836,12,,,1
3901,'Semaine-1',634,,81859,12,,,1,66,,81848,12,,,1,37,,81849,12,,,1,73,,81845,12,,,1,32,,81851,12,,,1,70,,81853,12,,,2,30,,81860,12,,,1,70,,81871,12,,,1,30,,81866,12,,,2,70,,81861,12,,,1,30,,81846,12,,,1,71,,81855,12,,,1,31,,81862,12,,,1,69,,81847,12,,,2,30,,81844,12,,,1,73,,81863,12,,,1,29,,81856,12,,,1,70,,81837,12,,,1,31,,81864,12,,,2,69,,81842,12,,,1,31,,81839,12,,,1,70,,81867,12,,,1,28,,81852,12,,,1,72,,81858,12,,,2,31,,81843,12,,,2,72,,81865,12,,,1,25,,81838,12,,,2,66,,81868,12,,,1,30,,81841,12,,,1,70,,81857,12,,,1,32,,81869,12,,,1,70,,81840,12,,,1,32,,81850,12,,,1,70,,81870,12,,,1,30,,81854,12,,,1
3901,'Semaine-12',634,,81894,12,,,1,66,,81883,12,,,1,37,,81884,12,,,1,73,,81880,12,,,1,32,,81886,12,,,1,70,,81888,12,,,2,30,,81895,12,,,1,70,,81906,12,,,1,30,,81901,12,,,2,70,,81896,12,,,1,30,,81881,12,,,1,71,,81890,12,,,1,31,,81897,12,,,1,69,,81882,12,,,2,30,,81879,12,,,1,73,,81898,12,,,1,29,,81891,12,,,1,70,,81872,12,,,1,31,,81899,12,,,2,69,,81877,12,,,1,31,,81874,12,,,1,70,,81902,12,,,1,28,,81887,12,,,1,72,,81893,12,,,2,31,,81878,12,,,2,72,,81900,12,,,1,25,,81873,12,,,2,66,,81903,12,,,1,30,,81876,12,,,1,70,,81892,12,,,1,32,,81904,12,,,1,70,,81875,12,,,1,32,,81885,12,,,1,70,,81905,12,,,1,30,,81889,12,,,1
82701,'Semaine-1',805,,87130,28,0,9 12 13,2
82701,'Semaine-12',805,,87131,28,0,9 12 13,2
