6400,'Samedi-1',734,,83307,4,,,1,100,,83309,4,,,1,100,,83312,4,,,1,100,,83310,4,,,1,100,,83313,4,,,1,100,,83308,4,,,1,100,,83311,4,,,1,100,,83314,4,,,1,100,,83315,4,,,1,100,,83316,4,,,1,100,,83317,4,,,1,100,,83318,4,,,1
6400,'Samedi-10',734,,72456,4,,,1,100,,72458,4,,,1,100,,72461,4,,,1,100,,72459,4,,,1,100,,72462,4,,,1,100,,72457,4,,,1,100,,72460,4,,,1,100,,72463,4,,,1,100,,72464,4,,,1,100,,72465,4,,,1,100,,72466,4,,,1,100,,72467,4,,,1
6400,'Dimanche-1',734,,83320,4,,,1,100,,83321,4,,,1,100,,83326,4,,,1,100,,83324,4,,,1,100,,83319,4,,,1,100,,83322,4,,,1,100,,83323,4,,,1,100,,83327,4,,,1,100,,83325,4,,,1,100,,83329,4,,,1,100,,83330,4,,,1,100,,83328,4,,,1
6400,'Semaine-1',644,,83339,4,,,1,74,,83336,4,,,1,30,,83331,4,,,1,70,,83335,4,,,1,100,,83337,4,,,1,100,,83342,4,,,1,100,,83341,4,,,1,100,,83334,4,,,1,100,,83347,4,,,1,100,,83343,4,,,1,95,,83344,4,,,1,45,,83349,4,,,1,87,,83348,4,,,1,103,,83345,4,,,1,95,,83346,4,,,1,100,,83338,4,,,2,100,,83332,4,,,2,100,,83340,4,,,1,100,,83333,4,,,1
6400,'Semaine-12',644,,83358,4,,,1,74,,83355,4,,,1,30,,83350,4,,,1,70,,83354,4,,,1,100,,83356,4,,,1,100,,83361,4,,,1,100,,83360,4,,,1,100,,83353,4,,,1,100,,83366,4,,,1,100,,83362,4,,,1,95,,83363,4,,,1,45,,83368,4,,,1,87,,83367,4,,,1,103,,83364,4,,,1,95,,83365,4,,,1,100,,83357,4,,,2,100,,83351,4,,,2,100,,83359,4,,,1,100,,83352,4,,,1
6600,'Samedi-1',713,,83633,4,,,1,100,,83636,4,,,1,100,,83634,4,,,1,100,,83637,4,,,1,100,,83631,4,,,1,100,,83632,4,,,1,100,,83635,4,,,1,100,,83638,4,,,1,100,,83639,4,,,1,100,,83640,4,,,1,100,,83641,4,,,1,100,,83642,4,,,1,100,,83644,4,,,1,100,,83643,4,,,1,100,,83645,4,,,1,100,,83646,4,,,1,100,,83647,4,,,1
6600,'Samedi-10',713,,73120,4,,,1,100,,73123,4,,,1,100,,73121,4,,,1,100,,73124,4,,,1,100,,73118,4,,,1,100,,73119,4,,,1,100,,73122,4,,,1,100,,73125,4,,,1,100,,73126,4,,,1,100,,73127,4,,,1,100,,73128,4,,,1,100,,73129,4,,,1,100,,73131,4,,,1,100,,73130,4,,,1,100,,73132,4,,,1,100,,73133,4,,,1,100,,73134,4,,,1
6600,'Dimanche-1',713,,83652,4,,,1,100,,83653,4,,,1,100,,83654,4,,,1,100,,83648,4,,,1,100,,83649,4,,,1,100,,83650,4,,,1,100,,83651,4,,,1,100,,83656,4,,,1,100,,83655,4,,,1,100,,83659,4,,,1,100,,83657,4,,,1,100,,83661,4,,,1,100,,83658,4,,,1,100,,83660,4,,,1,100,,83662,4,,,1,100,,83663,4,,,1,100,,83664,4,,,1
6600,'Semaine-1',559,,83675,4,,,2,60,,83681,4,,,2,20,,83676,4,,,1,63,,83668,4,,,2,19,,83680,4,,,1,19,,83673,4,,,1,61,,83687,4,,,1,18,,83667,4,,,1,18,,83678,4,,,1,20,,83688,4,,,1,100,,83677,4,,,1,100,,83669,4,,,1,100,,83692,4,,,1,100,,83693,4,,,1,101,,83679,4,,,2,100,,83689,4,,,1,63,,83682,4,,,1,22,,83665,4,,,1,60,,83684,4,,,1,18,,83690,4,,,1,20,,83695,4,,,1,59,,83666,4,,,2,24,,83685,4,,,2,20,,83683,4,,,1,58,,83671,4,,,1,22,,83691,4,,,2,94,,83672,4,,,2,100,,83670,4,,,1,99,,83674,4,,,1,100,,83686,4,,,1,100,,83694,4,,,1
6600,'Semaine-12',559,,83706,4,,,2,60,,83712,4,,,2,20,,83707,4,,,1,63,,83699,4,,,2,19,,83711,4,,,1,19,,83704,4,,,1,61,,83718,4,,,1,18,,83698,4,,,1,18,,83709,4,,,1,20,,83719,4,,,1,100,,83708,4,,,1,100,,83700,4,,,1,100,,83723,4,,,1,100,,83724,4,,,1,101,,83710,4,,,2,100,,83720,4,,,1,63,,83713,4,,,1,22,,83696,4,,,1,60,,83715,4,,,1,18,,83721,4,,,1,20,,83726,4,,,1,59,,83697,4,,,2,24,,83716,4,,,2,20,,83714,4,,,1,58,,83702,4,,,1,22,,83722,4,,,2,94,,83703,4,,,2,100,,83701,4,,,1,99,,83705,4,,,1,100,,83717,4,,,1,100,,83725,4,,,1
56900,'Semaine-1',1537,,86821,11,0,5 6,2
56900,'Semaine-12',1537,,86822,11,0,5 6,2
