2800,'Semaine-1',1601,,80055,20,,,1,42,,80056,20,,,1,91,,80057,20,,,1
2800,'Semaine-12',1601,,80058,20,,,1,42,,80059,20,,,1,91,,80060,20,,,1
2900,'Semaine-1',1555,,80070,25,,,2,75,,80069,25,,,1,72,,80067,25,,,2,25,,80071,25,,,1,29,,80068,25,,,1
2900,'Semaine-12',1555,,80075,25,,,2,75,,80074,25,,,1,72,,80072,25,,,2,25,,80076,25,,,1,29,,80073,25,,,1
3400,'Samedi-1',743,,80773,26,,,1,100,,80778,26,,,1,70,,80774,26,,,1,31,,80780,26,,,1,70,,80781,26,,,1,30,,80775,26,,,1,70,,80776,26,,,1,30,,80777,26,,,1,70,,80779,26,,,1,31,,80782,26,,,1,70,,80784,26,,,1,30,,80783,26,,,1,70,,80785,26,,,1,30,,80786,26,,,1,70,,80787,26,,,1,30,,80788,26,,,1,70,,80789,26,,,1,31,,80790,26,,,1,70,,80791,26,,,1,30,,80792,26,,,1,70,,80793,26,,,1,29,,80794,26,,,1,69,,80795,26,,,1,29,,80796,26,,,1,71,,80797,26,,,1,30,,80798,26,,,1,70,,80799,26,,,1,30,,80800,26,,,1,70,,80801,26,,,1,30,,80803,26,,,1,70,,80802,26,,,1,29,,80805,26,,,1,70,,80804,26,,,1,27,,80806,26,,,1
3400,'Samedi-10',743,,67369,26,,,1,100,,67374,26,,,1,70,,67370,26,,,1,31,,67376,26,,,1,70,,67377,26,,,1,30,,67371,26,,,1,70,,67372,26,,,1,30,,67373,26,,,1,70,,67375,26,,,1,31,,67378,26,,,1,70,,67380,26,,,1,30,,67379,26,,,1,70,,67381,26,,,1,30,,67382,26,,,1,70,,67383,26,,,1,30,,67384,26,,,1,70,,67385,26,,,1,31,,67386,26,,,1,70,,67387,26,,,1,30,,67388,26,,,1,70,,67389,26,,,1,29,,67390,26,,,1,69,,67391,26,,,1,29,,67392,26,,,1,71,,67393,26,,,1,30,,67394,26,,,1,70,,67395,26,,,1,30,,67396,26,,,1,70,,67397,26,,,1,30,,67399,26,,,1,70,,67398,26,,,1,29,,67401,26,,,1,70,,67400,26,,,1,27,,67402,26,,,1
3400,'Dimanche-1',743,,80811,26,,,1,100,,80831,26,,,1,70,,80813,26,,,1,31,,80817,26,,,1,70,,80810,26,,,1,30,,80818,26,,,1,70,,80809,26,,,1,30,,80808,26,,,1,70,,80821,26,,,1,31,,80812,26,,,1,70,,80815,26,,,1,30,,80814,26,,,1,70,,80807,26,,,1,30,,80823,26,,,1,70,,80819,26,,,1,30,,80820,26,,,1,70,,80816,26,,,1,31,,80827,26,,,1,70,,80826,26,,,1,30,,80824,26,,,1,70,,80822,26,,,1,29,,80825,26,,,1,69,,80830,26,,,1,29,,80828,26,,,1,71,,80829,26,,,1,30,,80832,26,,,1,70,,80833,26,,,1,30,,80834,26,,,1,70,,80835,26,,,1,30,,80836,26,,,1,70,,80837,26,,,1,29,,80839,26,,,1,70,,80838,26,,,1,27,,80840,26,,,1
3400,'Semaine-1',620,,80871,26,,,1,29,,80856,26,,,1,72,,80850,26,,,1,34,,80854,26,,,1,71,,80845,26,,,2,29,,80865,26,,,1,70,,80851,26,,,1,28,,80841,26,,,1,70,,80846,26,,,1,30,,80847,26,,,1,70,,80852,26,,,1,30,,80842,26,,,1,70,,80872,26,,,1,30,,80848,26,,,1,70,,80853,26,,,1,30,,80843,26,,,1,72,,80869,26,,,1,30,,80844,26,,,1,65,,80870,26,,,1,306,,80868,26,,,1,20,,80857,26,,,1,68,,80849,26,,,1,30,,80861,26,,,1,70,,80867,26,,,1,31,,80858,26,,,1,69,,80860,26,,,1,30,,80862,26,,,1,70,,80855,26,,,1,30,,80864,26,,,1,69,,80859,26,,,1,29,,80863,26,,,1,70,,80866,26,,,1
3400,'Semaine-12',620,,80903,26,,,1,29,,80888,26,,,1,72,,80882,26,,,1,34,,80886,26,,,1,71,,80877,26,,,2,29,,80897,26,,,1,70,,80883,26,,,1,28,,80873,26,,,1,70,,80878,26,,,1,30,,80879,26,,,1,70,,80884,26,,,1,30,,80874,26,,,1,70,,80904,26,,,1,30,,80880,26,,,1,70,,80885,26,,,1,30,,80875,26,,,1,72,,80901,26,,,1,30,,80876,26,,,1,65,,80902,26,,,1,306,,80900,26,,,1,20,,80889,26,,,1,68,,80881,26,,,1,30,,80893,26,,,1,70,,80899,26,,,1,31,,80890,26,,,1,69,,80892,26,,,1,30,,80894,26,,,1,70,,80887,26,,,1,30,,80896,26,,,1,69,,80891,26,,,1,29,,80895,26,,,1,70,,80898,26,,,1
5600,'Semaine-1',652,,82719,38,,,1,64,,82717,38,,,1,6,,82721,38,,,1,31,,82720,38,,,1,72,,82714,38,,,1,100,,82713,38,,,1,107,,82715,38,,,1,98,,82718,38,,,2,101,,82716,38,,,1
5600,'Semaine-12',652,,82728,38,,,1,64,,82726,38,,,1,6,,82730,38,,,1,31,,82729,38,,,1,72,,82723,38,,,1,100,,82722,38,,,1,107,,82724,38,,,1,98,,82727,38,,,2,101,,82725,38,,,1
32900,'Semaine-1',817,,85907,18,0,7 8,1
32900,'Semaine-12',817,,85908,18,0,7 8,1
42900,'Semaine-1',720,,86765,11,0,9 14,1,2,,86766,11,0,9 14,2
42900,'Semaine-12',720,,86767,11,0,9 14,1,2,,86768,11,0,9 14,2
55400,'Semaine-1',715,,86810,28,0,5 6,2
55400,'Semaine-12',715,,86812,28,0,5 6,2
72900,'Semaine-1',1637,,86873,23,0,5 11,2
72900,'Semaine-12',1637,,86874,23,0,5 11,2
82900,'Semaine-1',1542,,87134,23,0,9 12 13,1
82900,'Semaine-12',1542,,87137,23,0,9 12 13,1
