1801,'Semaine-1',633,,79953,13,,,1,86,,79955,13,,,2,85,,79954,13,,,1
1801,'Semaine-12',633,,79956,13,,,1,86,,79958,13,,,2,85,,79957,13,,,1
2600,'Semaine-1',1551,,80019,10,,,1,72,,80018,10,,,1,28,,80017,10,,,2,70,,80020,10,,,1,27,,80021,10,,,2
2600,'Semaine-12',1551,,80024,10,,,1,72,,80023,10,,,1,28,,80022,10,,,2,70,,80025,10,,,1,27,,80026,10,,,2
2900,'Semaine-1',1542,,80070,10,,,2,73,,80069,10,,,1,32,,80067,10,,,2,65,,80071,10,,,1,32,,80068,10,,,1
2900,'Semaine-12',1542,,80075,10,,,2,73,,80074,10,,,1,32,,80072,10,,,2,65,,80076,10,,,1,32,,80073,10,,,1
3200,'Semaine-1',625,,80376,11,,,1,32,,80375,11,,,1,71,,80371,11,,,1,72,,80373,11,,,1,30,,80372,11,,,2,29,,80374,11,,,1,69,,80347,11,,,2,30,,80342,11,,,1,70,,80343,11,,,2,30,,80354,11,,,1,70,,80348,11,,,1,30,,80334,11,,,1,70,,80335,11,,,1,30,,80346,11,,,1,70,,80349,11,,,1,30,,80355,11,,,1,70,,80336,11,,,1,30,,80381,11,,,1,55,,80333,11,,,2,16,,80363,11,,,1,10,,80353,11,,,1,11,,80359,11,,,2,50,,80360,11,,,1,10,,80378,11,,,1,10,,80379,11,,,1,10,,80380,11,,,2,13,,80377,11,,,2,7,,80350,11,,,1,50,,80361,11,,,1,10,,80369,11,,,2,10,,80362,11,,,2,8,,80339,11,,,1,10,,80370,11,,,1,10,,80356,11,,,2,8,,80358,11,,,1,50,,80357,11,,,1,19,,80351,11,,,2,24,,80345,11,,,1,71,,80340,11,,,1,30,,80337,11,,,2,69,,80352,11,,,2,30,,80344,11,,,1,73,,80341,11,,,1,27,,80338,11,,,2,70,,80364,11,,,1,30,,80365,11,,,1,68,,80366,11,,,1,30,,80367,11,,,1,70,,80368,11,,,1
3200,'Semaine-12',625,,80425,11,,,1,32,,80424,11,,,1,71,,80420,11,,,1,72,,80422,11,,,1,30,,80421,11,,,2,29,,80423,11,,,1,69,,80396,11,,,2,30,,80391,11,,,1,70,,80392,11,,,2,30,,80403,11,,,1,70,,80397,11,,,1,30,,80383,11,,,1,70,,80384,11,,,1,30,,80395,11,,,1,70,,80398,11,,,1,30,,80404,11,,,1,70,,80385,11,,,1,30,,80430,11,,,1,55,,80382,11,,,2,16,,80412,11,,,1,10,,80402,11,,,1,11,,80408,11,,,2,50,,80409,11,,,1,10,,80427,11,,,1,10,,80428,11,,,1,10,,80429,11,,,2,13,,80426,11,,,2,7,,80399,11,,,1,50,,80410,11,,,1,10,,80418,11,,,2,10,,80411,11,,,2,8,,80388,11,,,1,10,,80419,11,,,1,10,,80405,11,,,2,8,,80407,11,,,1,50,,80406,11,,,1,19,,80400,11,,,2,24,,80394,11,,,1,71,,80389,11,,,1,30,,80386,11,,,2,69,,80401,11,,,2,30,,80393,11,,,1,73,,80390,11,,,1,27,,80387,11,,,2,70,,80413,11,,,1,30,,80414,11,,,1,68,,80415,11,,,1,30,,80416,11,,,1,70,,80417,11,,,1
3400,'Samedi-1',733,,80773,11,,,1,100,,80778,11,,,1,70,,80774,11,,,1,31,,80780,11,,,1,70,,80781,11,,,1,30,,80775,11,,,1,70,,80776,11,,,1,30,,80777,11,,,1,70,,80779,11,,,1,30,,80782,11,,,1,70,,80784,11,,,1,30,,80783,11,,,1,70,,80785,11,,,1,30,,80786,11,,,1,70,,80787,11,,,1,30,,80788,11,,,1,70,,80789,11,,,1,30,,80790,11,,,1,70,,80791,11,,,1,30,,80792,11,,,1,70,,80793,11,,,1,30,,80794,11,,,1,70,,80795,11,,,1,29,,80796,11,,,1,71,,80797,11,,,1,30,,80798,11,,,1,70,,80799,11,,,1,30,,80800,11,,,1,70,,80801,11,,,1,30,,80803,11,,,1,70,,80802,11,,,1,30,,80805,11,,,1,70,,80804,11,,,1,27,,80806,11,,,1
3400,'Samedi-10',733,,67369,11,,,1,100,,67374,11,,,1,70,,67370,11,,,1,31,,67376,11,,,1,70,,67377,11,,,1,30,,67371,11,,,1,70,,67372,11,,,1,30,,67373,11,,,1,70,,67375,11,,,1,30,,67378,11,,,1,70,,67380,11,,,1,30,,67379,11,,,1,70,,67381,11,,,1,30,,67382,11,,,1,70,,67383,11,,,1,30,,67384,11,,,1,70,,67385,11,,,1,30,,67386,11,,,1,70,,67387,11,,,1,30,,67388,11,,,1,70,,67389,11,,,1,30,,67390,11,,,1,70,,67391,11,,,1,29,,67392,11,,,1,71,,67393,11,,,1,30,,67394,11,,,1,70,,67395,11,,,1,30,,67396,11,,,1,70,,67397,11,,,1,30,,67399,11,,,1,70,,67398,11,,,1,30,,67401,11,,,1,70,,67400,11,,,1,27,,67402,11,,,1
3400,'Dimanche-1',733,,80811,11,,,1,100,,80831,11,,,1,70,,80813,11,,,1,31,,80817,11,,,1,70,,80810,11,,,1,30,,80818,11,,,1,70,,80809,11,,,1,30,,80808,11,,,1,70,,80821,11,,,1,30,,80812,11,,,1,70,,80815,11,,,1,30,,80814,11,,,1,70,,80807,11,,,1,30,,80823,11,,,1,70,,80819,11,,,1,30,,80820,11,,,1,70,,80816,11,,,1,30,,80827,11,,,1,70,,80826,11,,,1,30,,80824,11,,,1,70,,80822,11,,,1,30,,80825,11,,,1,70,,80830,11,,,1,29,,80828,11,,,1,71,,80829,11,,,1,30,,80832,11,,,1,70,,80833,11,,,1,30,,80834,11,,,1,70,,80835,11,,,1,30,,80836,11,,,1,70,,80837,11,,,1,30,,80839,11,,,1,70,,80838,11,,,1,27,,80840,11,,,1
3400,'Semaine-1',610,,80871,11,,,1,29,,80856,11,,,1,71,,80850,11,,,1,34,,80854,11,,,1,71,,80845,11,,,2,30,,80865,11,,,1,70,,80851,11,,,1,28,,80841,11,,,1,70,,80846,11,,,1,30,,80847,11,,,1,70,,80852,11,,,1,30,,80842,11,,,1,70,,80872,11,,,1,30,,80848,11,,,1,70,,80853,11,,,1,30,,80843,11,,,1,70,,80869,11,,,1,31,,80844,11,,,1,65,,80870,11,,,1,306,,80868,11,,,1,20,,80857,11,,,1,69,,80849,11,,,1,30,,80861,11,,,1,70,,80867,11,,,1,31,,80858,11,,,1,69,,80860,11,,,1,30,,80862,11,,,1,70,,80855,11,,,1,30,,80864,11,,,1,70,,80859,11,,,1,29,,80863,11,,,1,70,,80866,11,,,1
3400,'Semaine-12',610,,80903,11,,,1,29,,80888,11,,,1,71,,80882,11,,,1,34,,80886,11,,,1,71,,80877,11,,,2,30,,80897,11,,,1,70,,80883,11,,,1,28,,80873,11,,,1,70,,80878,11,,,1,30,,80879,11,,,1,70,,80884,11,,,1,30,,80874,11,,,1,70,,80904,11,,,1,30,,80880,11,,,1,70,,80885,11,,,1,30,,80875,11,,,1,70,,80901,11,,,1,31,,80876,11,,,1,65,,80902,11,,,1,306,,80900,11,,,1,20,,80889,11,,,1,69,,80881,11,,,1,30,,80893,11,,,1,70,,80899,11,,,1,31,,80890,11,,,1,69,,80892,11,,,1,30,,80894,11,,,1,70,,80887,11,,,1,30,,80896,11,,,1,70,,80891,11,,,1,29,,80895,11,,,1,70,,80898,11,,,1
4000,'Semaine-1',1521,,81911,10,,,1,30,,81907,10,,,2,74,,81910,10,,,1,27,,81909,10,,,1,70,,81908,10,,,1,29,,81912,10,,,1
4000,'Semaine-12',1521,,81917,10,,,1,30,,81913,10,,,2,74,,81916,10,,,1,27,,81915,10,,,1,70,,81914,10,,,1,29,,81918,10,,,1
4100,'Semaine-1',1533,,81932,10,,,1,70,,81934,10,,,1,34,,81933,10,,,2,65,,81931,10,,,1,29,,81935,10,,,1
4100,'Semaine-12',1533,,81937,10,,,1,70,,81939,10,,,1,34,,81938,10,,,2,65,,81936,10,,,1,29,,81940,10,,,1
4500,'Semaine-1',1507,,81964,10,,,1,35,,81959,10,,,1,70,,81960,10,,,1,31,,81962,10,,,1,67,,81963,10,,,1,28,,81961,10,,,2
4500,'Semaine-12',1507,,81970,10,,,1,35,,81965,10,,,1,70,,81966,10,,,1,31,,81968,10,,,1,67,,81969,10,,,1,28,,81967,10,,,2
4700,'Semaine-1',1528,,81983,10,,,1,102,,81984,10,,,1,96,,81985,10,,,2
4700,'Semaine-12',1528,,81986,10,,,1,102,,81987,10,,,1,96,,81988,10,,,2
5500,'Samedi-1',701,,82390,11,,,1,30,,82387,11,,,1,70,,82388,11,,,1,30,,82391,11,,,1,70,,82389,11,,,1,30,,82396,11,,,1,71,,82393,11,,,1,29,,82394,11,,,1,70,,82399,11,,,1,31,,82398,11,,,1,70,,82392,11,,,1,30,,82395,11,,,1,70,,82397,11,,,1,30,,82400,11,,,1,70,,82401,11,,,1,30,,82402,11,,,1,70,,82403,11,,,1,29,,82404,11,,,1,70,,82405,11,,,1,31,,82406,11,,,1,70,,82407,11,,,1,30,,82408,11,,,1,70,,82409,11,,,1,30,,82410,11,,,1,69,,82412,11,,,1,30,,82411,11,,,1,70,,82413,11,,,1,30,,82415,11,,,1,70,,82414,11,,,1,30,,82416,11,,,1,70,,82417,11,,,1,30,,82420,11,,,1,70,,82422,11,,,1,30,,82419,11,,,1,70,,82418,11,,,1,28,,82421,11,,,1
5500,'Samedi-10',701,,70650,11,,,1,30,,70647,11,,,1,70,,70648,11,,,1,30,,70651,11,,,1,70,,70649,11,,,1,30,,70656,11,,,1,71,,70653,11,,,1,29,,70654,11,,,1,70,,70659,11,,,1,31,,70658,11,,,1,70,,70652,11,,,1,30,,70655,11,,,1,70,,70657,11,,,1,30,,70660,11,,,1,70,,70661,11,,,1,30,,70662,11,,,1,70,,70663,11,,,1,29,,70664,11,,,1,70,,70665,11,,,1,31,,70666,11,,,1,70,,70667,11,,,1,30,,70668,11,,,1,70,,70669,11,,,1,30,,70670,11,,,1,69,,70672,11,,,1,30,,70671,11,,,1,70,,70673,11,,,1,30,,70675,11,,,1,70,,70674,11,,,1,30,,70676,11,,,1,70,,70677,11,,,1,30,,70680,11,,,1,70,,70682,11,,,1,30,,70679,11,,,1,70,,70678,11,,,1,28,,70681,11,,,1
5500,'Dimanche-1',701,,82427,11,,,1,30,,82432,11,,,1,70,,82424,11,,,1,30,,82429,11,,,1,70,,82426,11,,,1,30,,82423,11,,,1,71,,82434,11,,,1,29,,82428,11,,,1,70,,82425,11,,,1,31,,82437,11,,,1,70,,82433,11,,,1,30,,82438,11,,,1,70,,82431,11,,,1,30,,82430,11,,,1,70,,82436,11,,,1,30,,82441,11,,,1,70,,82435,11,,,1,29,,82440,11,,,1,70,,82443,11,,,1,31,,82447,11,,,1,70,,82442,11,,,1,30,,82448,11,,,1,70,,82439,11,,,1,30,,82445,11,,,1,69,,82446,11,,,1,30,,82449,11,,,1,70,,82444,11,,,1,30,,82450,11,,,1,70,,82452,11,,,1,30,,82451,11,,,1,70,,82453,11,,,1,30,,82455,11,,,1,70,,82456,11,,,1,30,,82454,11,,,1,70,,82457,11,,,1,28,,82458,11,,,1
5500,'Semaine-1',633,,82461,11,,,1,101,,82477,11,,,1,69,,82460,11,,,1,99,,82496,11,,,1,28,,82497,11,,,1,70,,82466,11,,,1,29,,82476,11,,,1,30,,82480,11,,,1,71,,82502,11,,,1,70,,82462,11,,,1,31,,82501,11,,,1,69,,82479,11,,,1,30,,82494,11,,,1,70,,82488,11,,,1,23,,82495,11,,,1,16,,82481,11,,,1,14,,82459,11,,,1,56,,82500,11,,,1,17,,82470,11,,,1,15,,82503,11,,,1,13,,82491,11,,,1,50,,82463,11,,,1,13,,82474,11,,,1,18,,82506,11,,,1,9,,82499,11,,,1,11,,82465,11,,,1,51,,82482,11,,,1,10,,82475,11,,,1,11,,82504,11,,,1,13,,82489,11,,,1,8,,82469,11,,,1,52,,82464,11,,,1,10,,82505,11,,,1,11,,82473,11,,,1,12,,82468,11,,,1,10,,82478,11,,,1,70,,82493,11,,,1,29,,82498,11,,,1,70,,82485,11,,,1,30,,82471,11,,,1,70,,82492,11,,,1,29,,82483,11,,,1,70,,82486,11,,,1,30,,82472,11,,,1,70,,82487,11,,,1,30,,82484,11,,,1,69,,82467,11,,,1,30,,82490,11,,,1
5500,'Semaine-12',633,,82509,11,,,1,101,,82525,11,,,1,69,,82508,11,,,1,99,,82544,11,,,1,28,,82545,11,,,1,70,,82514,11,,,1,29,,82524,11,,,1,30,,82528,11,,,1,71,,82550,11,,,1,70,,82510,11,,,1,31,,82549,11,,,1,69,,82527,11,,,1,30,,82542,11,,,1,70,,82536,11,,,1,23,,82543,11,,,1,16,,82529,11,,,1,14,,82507,11,,,1,56,,82548,11,,,1,17,,82518,11,,,1,15,,82551,11,,,1,13,,82539,11,,,1,50,,82511,11,,,1,13,,82522,11,,,1,18,,82554,11,,,1,9,,82547,11,,,1,11,,82513,11,,,1,51,,82530,11,,,1,10,,82523,11,,,1,11,,82552,11,,,1,13,,82537,11,,,1,8,,82517,11,,,1,52,,82512,11,,,1,10,,82553,11,,,1,11,,82521,11,,,1,12,,82516,11,,,1,10,,82526,11,,,1,70,,82541,11,,,1,29,,82546,11,,,1,70,,82533,11,,,1,30,,82519,11,,,1,70,,82540,11,,,1,29,,82531,11,,,1,70,,82534,11,,,1,30,,82520,11,,,1,70,,82535,11,,,1,30,,82532,11,,,1,69,,82515,11,,,1,30,,82538,11,,,1
5900,'Samedi-1',716,,82779,11,,,1,30,,82782,11,,,1,70,,82775,11,,,1,30,,82781,11,,,1,70,,82778,11,,,1,30,,82783,11,,,1,70,,82787,11,,,1,30,,82788,11,,,1,70,,82777,11,,,1,30,,82776,11,,,1,71,,82786,11,,,1,30,,82780,11,,,1,70,,82784,11,,,1,30,,82789,11,,,1,70,,82785,11,,,1,30,,82790,11,,,1,70,,82791,11,,,1,29,,82792,11,,,1,70,,82793,11,,,1,32,,82794,11,,,1,69,,82795,11,,,1,30,,82796,11,,,1,69,,82797,11,,,1,30,,82798,11,,,1,70,,82799,11,,,1,30,,82801,11,,,1,70,,82800,11,,,1,30,,82803,11,,,1,70,,82802,11,,,1,29,,82804,11,,,1,71,,82805,11,,,1,30,,82807,11,,,1,70,,82806,11,,,1,30,,82808,11,,,1
5900,'Samedi-10',716,,71438,11,,,1,30,,71441,11,,,1,70,,71434,11,,,1,30,,71440,11,,,1,70,,71437,11,,,1,30,,71442,11,,,1,70,,71446,11,,,1,30,,71447,11,,,1,70,,71436,11,,,1,30,,71435,11,,,1,71,,71445,11,,,1,30,,71439,11,,,1,70,,71443,11,,,1,30,,71448,11,,,1,70,,71444,11,,,1,30,,71449,11,,,1,70,,71450,11,,,1,29,,71451,11,,,1,70,,71452,11,,,1,32,,71453,11,,,1,69,,71454,11,,,1,30,,71455,11,,,1,69,,71456,11,,,1,30,,71457,11,,,1,70,,71458,11,,,1,30,,71460,11,,,1,70,,71459,11,,,1,30,,71462,11,,,1,70,,71461,11,,,1,29,,71463,11,,,1,71,,71464,11,,,1,30,,71466,11,,,1,70,,71465,11,,,1,30,,71467,11,,,1
5900,'Dimanche-1',716,,82814,11,,,1,30,,82813,11,,,1,70,,82809,11,,,1,30,,82818,11,,,1,70,,82824,11,,,1,30,,82815,11,,,1,70,,82822,11,,,1,30,,82817,11,,,1,70,,82823,11,,,1,30,,82810,11,,,1,71,,82821,11,,,1,30,,82811,11,,,1,70,,82819,11,,,1,30,,82825,11,,,1,70,,82812,11,,,1,30,,82816,11,,,1,70,,82820,11,,,1,29,,82829,11,,,1,70,,82830,11,,,1,32,,82827,11,,,1,69,,82832,11,,,1,30,,82828,11,,,1,69,,82834,11,,,1,30,,82826,11,,,1,70,,82831,11,,,1,30,,82835,11,,,1,70,,82833,11,,,1,30,,82836,11,,,1,70,,82837,11,,,1,29,,82838,11,,,1,71,,82839,11,,,1,30,,82841,11,,,1,70,,82840,11,,,1,30,,82842,11,,,1
5900,'Semaine-1',602,,82850,11,,,1,57,,82885,11,,,1,86,,82890,11,,,1,88,,82866,11,,,1,84,,82862,11,,,1,29,,82883,11,,,1,70,,82859,11,,,1,30,,82882,11,,,1,70,,82873,11,,,1,30,,82867,11,,,1,71,,82875,11,,,1,30,,82858,11,,,1,70,,82886,11,,,1,30,,82849,11,,,1,70,,82880,11,,,1,14,,82851,11,,,1,17,,82884,11,,,1,72,,82844,11,,,1,14,,82888,11,,,1,15,,82843,11,,,1,8,,82878,11,,,1,54,,82874,11,,,1,7,,82887,6,,,1,6,,82861,11,,,1,13,,82845,11,,,1,6,,82889,6,,,1,6,,82846,11,,,1,52,,82854,11,,,1,12,,82881,11,,,1,12,,82870,11,,,1,11,,82857,11,,,1,9,,82879,11,,,1,12,,82865,11,,,1,52,,82877,11,,,1,9,,82847,11,,,1,10,,82852,11,,,1,31,,82872,11,,,1,70,,82863,11,,,1,30,,82868,11,,,1,69,,82856,11,,,1,30,,82864,11,,,1,70,,82869,11,,,1,30,,82876,11,,,1,70,,82853,11,,,1,30,,82871,11,,,1,69,,82860,11,,,1,30,,82848,11,,,1,69,,82855,11,,,1
5900,'Semaine-12',602,,82898,11,,,1,57,,82933,11,,,1,86,,82938,11,,,1,88,,82914,11,,,1,84,,82910,11,,,1,29,,82931,11,,,1,70,,82907,11,,,1,30,,82930,11,,,1,70,,82921,11,,,1,30,,82915,11,,,1,71,,82923,11,,,1,30,,82906,11,,,1,70,,82934,11,,,1,30,,82897,11,,,1,70,,82928,11,,,1,14,,82899,11,,,1,17,,82932,11,,,1,72,,82892,11,,,1,14,,82936,11,,,1,15,,82891,11,,,1,8,,82926,11,,,1,54,,82922,11,,,1,7,,82935,6,,,1,6,,82909,11,,,1,13,,82893,11,,,1,6,,82937,6,,,1,6,,82894,11,,,1,52,,82902,11,,,1,12,,82929,11,,,1,12,,82918,11,,,1,11,,82905,11,,,1,9,,82927,11,,,1,12,,82913,11,,,1,52,,82925,11,,,1,9,,82895,11,,,1,10,,82900,11,,,1,31,,82920,11,,,1,70,,82911,11,,,1,30,,82916,11,,,1,69,,82904,11,,,1,30,,82912,11,,,1,70,,82917,11,,,1,30,,82924,11,,,1,70,,82901,11,,,1,30,,82919,11,,,1,69,,82908,11,,,1,30,,82896,11,,,1,69,,82903,11,,,1
32900,'Semaine-1',806,,85907,3,0,7 8,1
32900,'Semaine-12',806,,85908,3,0,7 8,1
65500,'Semaine-1',714,,86863,4,0,9 10,1
65500,'Semaine-12',714,,86864,4,0,9 10,1
72900,'Semaine-1',1625,,86873,8,0,5 11,2
72900,'Semaine-12',1625,,86874,8,0,5 11,2
74000,'Semaine-1',1622,,86880,7,0,5 11,1
74000,'Semaine-12',1622,,86882,7,0,5 11,1
80001,'Samedi-1',625,,87007,13,,,1,101,,87009,13,,,1,101,,87010,13,,,1,100,,87013,13,,,1,100,,87008,13,,,1,100,,87011,13,,,1,101,,87014,13,,,1,100,,87012,13,,,1,100,,87015,13,,,1,100,,87016,13,,,1,100,,87017,13,,,2,102,,87018,13,,,1,98,,87021,13,,,1,99,,87019,13,,,1,100,,87020,13,,,1,100,,87022,13,,,1,99,,87023,13,,,1
80001,'Samedi-10',625,,79670,13,,,1,101,,79672,13,,,1,101,,79673,13,,,1,100,,79676,13,,,1,100,,79671,13,,,1,100,,79674,13,,,1,101,,79677,13,,,1,100,,79675,13,,,1,100,,79678,13,,,1,100,,79679,13,,,1,100,,79680,13,,,2,102,,79681,13,,,1,98,,79684,13,,,1,99,,79682,13,,,1,100,,79683,13,,,1,100,,79685,13,,,1,99,,79686,13,,,1
80001,'Dimanche-1',625,,87024,13,,,1,101,,87026,13,,,1,101,,87028,13,,,1,100,,87025,13,,,1,100,,87027,13,,,1,100,,87029,13,,,1,101,,87030,13,,,1,100,,87031,13,,,1,100,,87034,13,,,1,100,,87032,13,,,1,100,,87033,13,,,2,102,,87036,13,,,1,98,,87037,13,,,1,99,,87035,13,,,1,100,,87038,13,,,1,100,,87039,13,,,1,99,,87040,13,,,1
80001,'Semaine-1',617,,87062,13,,,1,28,,87055,13,,,1,71,,87063,13,,,1,28,,87047,13,,,1,75,,87045,13,,,1,29,,87052,13,,,1,67,,87058,13,,,1,30,,87070,13,,,1,70,,87061,13,,,2,30,,87053,13,,,1,70,,87067,13,,,1,30,,87041,13,,,1,70,,87075,13,,,1,29,,87073,13,,,1,74,,87043,13,,,1,30,,87066,13,,,1,70,,87057,13,,,1,30,,87064,13,,,1,72,,87074,13,,,1,29,,87059,13,,,1,57,,87069,13,,,1,22,,87071,13,,,1,24,,87068,13,,,1,67,,87060,13,,,1,30,,87050,13,,,1,69,,87048,13,,,1,28,,87042,13,,,1,69,,87072,13,,,1,32,,87054,13,,,1,67,,87051,13,,,1,30,,87056,13,,,1,69,,87044,13,,,1,30,,87065,13,,,1,74,,87046,13,,,1,32,,87049,13,,,1
80001,'Semaine-12',617,,87097,13,,,1,28,,87090,13,,,1,71,,87098,13,,,1,28,,87082,13,,,1,75,,87080,13,,,1,29,,87087,13,,,1,67,,87093,13,,,1,30,,87105,13,,,1,70,,87096,13,,,2,30,,87088,13,,,1,70,,87102,13,,,1,30,,87076,13,,,1,70,,87110,13,,,1,29,,87108,13,,,1,74,,87078,13,,,1,30,,87101,13,,,1,70,,87092,13,,,1,30,,87099,13,,,1,72,,87109,13,,,1,29,,87094,13,,,1,57,,87104,13,,,1,22,,87106,13,,,1,24,,87103,13,,,1,67,,87095,13,,,1,30,,87085,13,,,1,69,,87083,13,,,1,28,,87077,13,,,1,69,,87107,13,,,1,32,,87089,13,,,1,67,,87086,13,,,1,30,,87091,13,,,1,69,,87079,13,,,1,30,,87100,13,,,1,74,,87081,13,,,1,32,,87084,13,,,1
82900,'Semaine-1',1531,,87134,8,0,9 12 13,1
82900,'Semaine-12',1531,,87137,8,0,9 12 13,1
