5001,'Semaine-0',1631,,70260,23,,,1,102,,70262,23,,,1,96,,70261,23,,,2
5001,'Semaine-10',1631,,70263,23,,,1,102,,70265,23,,,1,96,,70264,23,,,2
5001,'Semaine-11',1631,,70266,23,,,1,102,,70268,23,,,1,96,,70267,23,,,2
44901,'Semaine-0',1520,,79281,25,0,9 14,1
44901,'Semaine-10',1520,,79282,25,0,9 14,1
44901,'Semaine-11',1520,,79283,25,0,9 14,1
54901,'Semaine-0',1541,,79285,26,,,1
54901,'Semaine-10',1541,,79287,26,,,1
54901,'Semaine-11',1541,,79289,26,,,1
55001,'Semaine-0',1543,,79298,21,0,5 6,1
55001,'Semaine-10',1543,,79301,21,0,5 6,1
55001,'Semaine-11',1543,,79304,21,0,5 6,1
63901,'Semaine-0',720,,79344,36,0,9 10,1
63901,'Semaine-10',720,,79345,36,0,9 10,1
63901,'Semaine-11',720,,79346,36,0,9 10,1
