6401,'Samedi-1',726,,83372,18,,,1,100,,83369,18,,,1,100,,83371,18,,,1,100,,83374,18,,,1,100,,83370,18,,,1,100,,83375,18,,,1,100,,83373,18,,,1,100,,83376,18,,,1,100,,83377,18,,,1,100,,83378,18,,,1,100,,83379,18,,,1
6401,'Samedi-10',726,,72587,18,,,1,100,,72584,18,,,1,100,,72586,18,,,1,100,,72589,18,,,1,100,,72585,18,,,1,100,,72590,18,,,1,100,,72588,18,,,1,100,,72591,18,,,1,100,,72592,18,,,1,100,,72593,18,,,1,100,,72594,18,,,1
6401,'Dimanche-1',726,,83384,18,,,1,100,,83381,18,,,1,100,,83387,18,,,1,100,,83388,18,,,1,100,,83385,18,,,1,100,,83380,18,,,1,100,,83382,18,,,1,100,,83383,18,,,1,100,,83389,18,,,1,100,,83386,18,,,1,100,,83390,18,,,1
6401,'Semaine-1',526,,83391,18,,,2,108,,83401,18,,,2,100,,83403,18,,,1,100,,83400,18,,,1,95,,83408,18,,,1,100,,83395,18,,,1,100,,83394,18,,,1,100,,83406,18,,,1,100,,83402,18,,,2,99,,83404,18,,,1,100,,83405,18,,,1,102,,83396,18,,,1,98,,83392,18,,,1,100,,83393,18,,,1,99,,83399,18,,,1,100,,83397,18,,,1,100,,83398,18,,,1,100,,83407,18,,,1
6401,'Semaine-12',526,,83409,18,,,2,108,,83419,18,,,2,100,,83421,18,,,1,100,,83418,18,,,1,95,,83426,18,,,1,100,,83413,18,,,1,100,,83412,18,,,1,100,,83424,18,,,1,100,,83420,18,,,2,99,,83422,18,,,1,100,,83423,18,,,1,102,,83414,18,,,1,98,,83410,18,,,1,100,,83411,18,,,1,99,,83417,18,,,1,100,,83415,18,,,1,100,,83416,18,,,1,100,,83425,18,,,1
6900,'Samedi-1',853,,84218,17,,,1,100,,84217,17,,,1,100,,84219,17,,,1,100,,84221,17,,,1,100,,84220,17,,,1,100,,84222,17,,,1,100,,84223,17,,,1,100,,84224,17,,,1,100,,84225,17,,,1,100,,84226,17,,,1,100,,84227,17,,,1,100,,84228,17,,,1,100,,84229,17,,,1,100,,84230,17,,,1,100,,84231,17,,,1
6900,'Samedi-10',853,,74266,17,,,1,100,,74265,17,,,1,100,,74267,17,,,1,100,,74269,17,,,1,100,,74268,17,,,1,100,,74270,17,,,1,100,,74271,17,,,1,100,,74272,17,,,1,100,,74273,17,,,1,100,,74274,17,,,1,100,,74275,17,,,1,100,,74276,17,,,1,100,,74277,17,,,1,100,,74278,17,,,1,100,,74279,17,,,1
6900,'Dimanche-1',853,,84236,17,,,1,100,,84237,17,,,1,100,,84238,17,,,1,100,,84232,17,,,1,100,,84234,17,,,1,100,,84235,17,,,1,100,,84233,17,,,1,100,,84241,17,,,1,100,,84242,17,,,1,100,,84239,17,,,1,100,,84240,17,,,1,100,,84243,17,,,1,100,,84244,17,,,1,100,,84245,17,,,1,100,,84246,17,,,1
6900,'Semaine-1',839,,84247,17,,,1,103,,84248,17,,,1,99,,84249,17,,,2,101,,84250,17,,,2,95,,84251,17,,,2,104,,84252,17,,,1,101,,84253,17,,,1,70,,84254,17,,,1,30,,84255,17,,,2,73,,84256,17,,,1,29,,84257,17,,,2,68,,84258,17,,,1,33,,84259,17,,,1,67,,84260,17,,,1,28,,84261,17,,,1,82,,84262,17,,,1,100,,84263,17,,,2,100,,84264,17,,,2,100,,84265,17,,,2,100,,84266,17,,,2
6900,'Semaine-12',839,,84267,17,,,1,103,,84268,17,,,1,99,,84269,17,,,2,101,,84270,17,,,2,95,,84271,17,,,2,104,,84272,17,,,1,101,,84273,17,,,1,70,,84274,17,,,1,30,,84275,17,,,2,73,,84276,17,,,1,29,,84277,17,,,2,68,,84278,17,,,1,33,,84279,17,,,1,67,,84280,17,,,1,28,,84281,17,,,1,82,,84282,17,,,1,100,,84283,17,,,2,100,,84284,17,,,2,100,,84285,17,,,2,100,,84286,17,,,2
