3601,'Semaine-1',908,,81179,37,,,1,50,,81177,37,,,1,100,,81180,37,,,1,100,,81178,37,,,1,100,,81183,37,,,1,100,,81182,37,,,1,100,,81181,37,,,1
3601,'Semaine-12',908,,81186,37,,,1,50,,81184,37,,,1,100,,81187,37,,,1,100,,81185,37,,,1,100,,81190,37,,,1,100,,81189,37,,,1,100,,81188,37,,,1
3701,'Samedi-1',706,,81286,30,,,1,100,,81291,30,,,1,100,,81285,30,,,1,102,,81290,30,,,1,100,,81287,30,,,1,100,,81288,30,,,1,100,,81292,30,,,1,101,,81289,30,,,1,100,,81293,30,,,1,100,,81294,30,,,1,100,,81295,30,,,1,99,,81296,30,,,1,100,,81297,30,,,1,100,,81298,30,,,1,100,,81299,30,,,1,97,,81300,30,,,1,100,,81301,30,,,1
3701,'Samedi-10',706,,68373,30,,,1,100,,68378,30,,,1,100,,68372,30,,,1,102,,68377,30,,,1,100,,68374,30,,,1,100,,68375,30,,,1,100,,68379,30,,,1,101,,68376,30,,,1,100,,68380,30,,,1,100,,68381,30,,,1,100,,68382,30,,,1,99,,68383,30,,,1,100,,68384,30,,,1,100,,68385,30,,,1,100,,68386,30,,,1,97,,68387,30,,,1,100,,68388,30,,,1
3701,'Dimanche-1',706,,81303,30,,,1,100,,81304,30,,,1,100,,81306,30,,,1,102,,81307,30,,,1,100,,81315,30,,,1,100,,81302,30,,,1,100,,81308,30,,,1,101,,81305,30,,,1,100,,81310,30,,,1,100,,81311,30,,,1,100,,81313,30,,,1,99,,81312,30,,,1,100,,81309,30,,,1,100,,81314,30,,,1,100,,81316,30,,,1,97,,81317,30,,,1,100,,81318,30,,,1
3701,'Semaine-1',532,,81332,30,,,1,71,,81330,30,,,1,35,,81334,30,,,1,70,,81324,30,,,1,34,,81341,30,,,1,16,,81321,30,,,1,54,,81342,30,,,1,29,,81323,30,,,1,98,,81340,30,,,1,100,,81328,30,,,1,100,,81322,30,,,1,100,,81320,30,,,1,100,,81325,30,,,1,101,,81336,30,,,1,100,,81319,30,,,1,70,,81335,30,,,1,31,,81338,30,,,1,69,,81333,30,,,1,29,,81339,30,,,1,70,,81343,30,,,1,45,,81327,30,,,1,99,,81337,30,,,1,100,,81329,30,,,1,102,,81326,30,,,1,90,,81331,30,,,1
3701,'Semaine-12',532,,81357,30,,,1,71,,81355,30,,,1,35,,81359,30,,,1,70,,81349,30,,,1,34,,81366,30,,,1,16,,81346,30,,,1,54,,81367,30,,,1,29,,81348,30,,,1,98,,81365,30,,,1,100,,81353,30,,,1,100,,81347,30,,,1,100,,81345,30,,,1,100,,81350,30,,,1,101,,81361,30,,,1,100,,81344,30,,,1,70,,81360,30,,,1,31,,81363,30,,,1,69,,81358,30,,,1,29,,81364,30,,,1,70,,81368,30,,,1,45,,81352,30,,,1,99,,81362,30,,,1,100,,81354,30,,,1,102,,81351,30,,,1,90,,81356,30,,,1
37101,'Samedi-1',736,,86004,30,,,1,100,,86003,30,,,1,101,,86007,30,,,1,100,,86006,30,,,1,100,,86008,30,,,1,101,,86005,30,,,1,100,,86009,30,,,1,98,,86010,30,,,1,101,,86011,30,,,1,100,,86012,30,,,1,98,,86013,30,,,1,105,,86014,30,,,1,95,,86015,30,,,1,99,,86016,30,,,1,100,,86017,30,,,1,99,,86018,30,,,1,100,,86019,30,,,1
37101,'Samedi-10',736,,77625,30,,,1,100,,77624,30,,,1,101,,77628,30,,,1,100,,77627,30,,,1,100,,77629,30,,,1,101,,77626,30,,,1,100,,77630,30,,,1,98,,77631,30,,,1,101,,77632,30,,,1,100,,77633,30,,,1,98,,77634,30,,,1,105,,77635,30,,,1,95,,77636,30,,,1,99,,77637,30,,,1,100,,77638,30,,,1,99,,77639,30,,,1,100,,77640,30,,,1
37101,'Dimanche-1',736,,86033,30,,,1,100,,86022,30,,,1,101,,86023,30,,,1,100,,86020,30,,,1,100,,86025,30,,,1,101,,86021,30,,,1,100,,86024,30,,,1,98,,86027,30,,,1,101,,86026,30,,,1,100,,86028,30,,,1,98,,86032,30,,,1,105,,86031,30,,,1,95,,86029,30,,,1,99,,86030,30,,,1,100,,86034,30,,,1,99,,86035,30,,,1,100,,86036,30,,,1
37101,'Semaine-1',544,,86053,30,,,1,72,,86056,30,,,1,32,,86049,30,,,1,69,,86051,30,,,1,32,,86061,30,,,1,70,,86060,30,,,1,29,,86055,30,,,1,72,,86039,30,,,1,98,,86046,30,,,1,100,,86044,30,,,1,101,,86045,30,,,1,100,,86059,30,,,1,100,,86042,30,,,1,100,,86043,30,,,1,31,,86040,30,,,1,70,,86047,30,,,1,30,,86057,30,,,1,69,,86058,30,,,1,30,,86037,30,,,1,80,,86041,30,,,1,94,,86052,30,,,1,100,,86054,30,,,1,100,,86038,30,,,1,100,,86048,30,,,1,183,,86050,30,,,1
37101,'Semaine-12',544,,86078,30,,,1,72,,86081,30,,,1,32,,86074,30,,,1,69,,86076,30,,,1,32,,86086,30,,,1,70,,86085,30,,,1,29,,86080,30,,,1,72,,86064,30,,,1,98,,86071,30,,,1,100,,86069,30,,,1,101,,86070,30,,,1,100,,86084,30,,,1,100,,86067,30,,,1,100,,86068,30,,,1,31,,86065,30,,,1,70,,86072,30,,,1,30,,86082,30,,,1,69,,86083,30,,,1,30,,86062,30,,,1,80,,86066,30,,,1,94,,86077,30,,,1,100,,86079,30,,,1,100,,86063,30,,,1,100,,86073,30,,,1,183,,86075,30,,,1
43701,'Semaine-1',1519,,86788,30,0,9 14,1
43701,'Semaine-12',1519,,86790,30,0,9 14,1
82900,'Semaine-1',1527,,87134,5,0,9 12 13,1
82900,'Semaine-12',1527,,87137,5,0,9 12 13,1
