5501,'Samedi-1',654,,82555,18,,,1,70,,82558,18,,,1,31,,82557,18,,,1,70,,82567,18,,,1,29,,82556,18,,,1,71,,82559,18,,,1,31,,82560,18,,,1,69,,82566,18,,,1,29,,82562,18,,,1,70,,82563,18,,,1,30,,82561,18,,,1,70,,82569,18,,,1,30,,82568,18,,,1,70,,82564,18,,,1,30,,82565,18,,,1,72,,82570,18,,,1,28,,82571,18,,,1,72,,82572,18,,,1,28,,82573,18,,,1,72,,82574,18,,,1,28,,82575,18,,,1,72,,82576,18,,,1,28,,82577,18,,,1,71,,82578,18,,,1,30,,82579,18,,,1,70,,82580,18,,,1,30,,82581,18,,,1,71,,82582,18,,,1,30,,82583,18,,,1,70,,82585,18,,,1,30,,82584,18,,,1,70,,82587,18,,,1,30,,82586,18,,,1
5501,'Samedi-10',654,,71004,18,,,1,70,,71007,18,,,1,31,,71006,18,,,1,70,,71016,18,,,1,29,,71005,18,,,1,71,,71008,18,,,1,31,,71009,18,,,1,69,,71015,18,,,1,29,,71011,18,,,1,70,,71012,18,,,1,30,,71010,18,,,1,70,,71018,18,,,1,30,,71017,18,,,1,70,,71013,18,,,1,30,,71014,18,,,1,72,,71019,18,,,1,28,,71020,18,,,1,72,,71021,18,,,1,28,,71022,18,,,1,72,,71023,18,,,1,28,,71024,18,,,1,72,,71025,18,,,1,28,,71026,18,,,1,71,,71027,18,,,1,30,,71028,18,,,1,70,,71029,18,,,1,30,,71030,18,,,1,71,,71031,18,,,1,30,,71032,18,,,1,70,,71034,18,,,1,30,,71033,18,,,1,70,,71036,18,,,1,30,,71035,18,,,1
5501,'Dimanche-1',654,,82589,18,,,1,70,,82593,18,,,1,31,,82591,18,,,1,70,,82596,18,,,1,29,,82598,18,,,1,71,,82592,18,,,1,31,,82588,18,,,1,69,,82602,18,,,1,29,,82597,18,,,1,70,,82604,18,,,1,30,,82595,18,,,1,70,,82594,18,,,1,30,,82600,18,,,1,70,,82590,18,,,1,30,,82599,18,,,1,72,,82603,18,,,1,28,,82608,18,,,1,72,,82601,18,,,1,28,,82607,18,,,1,72,,82610,18,,,1,28,,82605,18,,,1,72,,82606,18,,,1,28,,82612,18,,,1,71,,82614,18,,,1,30,,82611,18,,,1,70,,82609,18,,,1,30,,82613,18,,,1,71,,82615,18,,,1,30,,82616,18,,,1,70,,82617,18,,,1,30,,82618,18,,,1,70,,82619,18,,,1,30,,82620,18,,,1
5501,'Semaine-1',515,,82634,18,,,1,14,,82641,18,,,1,14,,82640,18,,,1,16,,82624,18,,,1,55,,82662,18,,,1,21,,82661,18,,,1,8,,82621,18,,,1,12,,82666,18,,,1,55,,82647,18,,,1,13,,82655,18,,,1,16,,82625,18,,,1,9,,82629,18,,,1,53,,82627,18,,,1,9,,82656,18,,,1,6,,82658,18,,,1,13,,82635,18,,,1,29,,82639,18,,,1,52,,82626,18,,,1,11,,82660,18,,,1,29,,82653,18,,,1,71,,82657,18,,,1,28,,82623,18,,,1,70,,82630,18,,,1,30,,82643,18,,,1,70,,82654,18,,,1,29,,82650,18,,,1,70,,82631,18,,,1,30,,82663,18,,,1,70,,82622,18,,,1,30,,82628,18,,,1,88,,82632,18,,,1,102,,82637,18,,,1,100,,82642,18,,,1,101,,82659,18,,,1,61,,82648,18,,,1,30,,82636,18,,,1,72,,82652,18,,,1,29,,82645,18,,,1,70,,82664,18,,,1,30,,82638,18,,,1,69,,82644,18,,,1,34,,82646,18,,,1,70,,82633,18,,,1,30,,82651,18,,,1,70,,82649,18,,,1
5501,'Semaine-12',515,,82680,18,,,1,14,,82687,18,,,1,14,,82686,18,,,1,16,,82670,18,,,1,55,,82708,18,,,1,21,,82707,18,,,1,8,,82667,18,,,1,12,,82712,18,,,1,55,,82693,18,,,1,13,,82701,18,,,1,16,,82671,18,,,1,9,,82675,18,,,1,53,,82673,18,,,1,9,,82702,18,,,1,6,,82704,18,,,1,13,,82681,18,,,1,29,,82685,18,,,1,52,,82672,18,,,1,11,,82706,18,,,1,29,,82699,18,,,1,71,,82703,18,,,1,28,,82669,18,,,1,70,,82676,18,,,1,30,,82689,18,,,1,70,,82700,18,,,1,29,,82696,18,,,1,70,,82677,18,,,1,30,,82709,18,,,1,70,,82668,18,,,1,30,,82674,18,,,1,88,,82678,18,,,1,102,,82683,18,,,1,100,,82688,18,,,1,101,,82705,18,,,1,61,,82694,18,,,1,30,,82682,18,,,1,72,,82698,18,,,1,29,,82691,18,,,1,70,,82710,18,,,1,30,,82684,18,,,1,69,,82690,18,,,1,34,,82692,18,,,1,70,,82679,18,,,1,30,,82697,18,,,1,70,,82695,18,,,1
5801,'Semaine-1',552,,82763,6,,,1,70,,82767,6,,,1,30,,82765,6,,,1,70,,82764,6,,,1,30,,82761,6,,,1,70,,82766,6,,,1,800,,82762,6,,,1
5801,'Semaine-12',552,,82770,6,,,1,70,,82774,6,,,1,30,,82772,6,,,1,70,,82771,6,,,1,30,,82768,6,,,1,70,,82773,6,,,1,800,,82769,6,,,1
64501,'Semaine-1',1505,,86853,6,0,9 10,1
64501,'Semaine-12',1505,,86854,6,0,9 10,1
64701,'Semaine-1',1507,,86857,6,0,9 10,1
64701,'Semaine-12',1507,,86858,6,0,9 10,1
65501,'Semaine-1',1505,,86865,6,0,9 10,1
65501,'Semaine-12',1505,,86866,6,0,9 10,1
