4100,'Semaine-1',1556,,81932,43,,,1,71,,81934,43,,,1,75,,81933,43,,,2,23,,81931,43,,,1,29,,81935,43,,,1
4100,'Semaine-12',1556,,81937,43,,,1,71,,81939,43,,,1,75,,81938,43,,,2,23,,81936,43,,,1,29,,81940,43,,,1
4901,'Samedi-1',753,,82116,51,,,1,100,,82115,51,,,1,100,,82117,51,,,1,102,,82113,51,,,1,100,,82118,51,,,1,102,,82114,51,,,1,101,,82119,51,,,1,100,,82120,51,,,1,100,,82121,51,,,1,100,,82122,51,,,1,100,,82123,51,,,1,96,,82124,51,,,1,100,,82125,51,,,1,100,,82126,51,,,1,100,,82127,51,,,1,98,,82128,51,,,1,100,,82129,51,,,1
4901,'Samedi-10',753,,70061,51,,,1,100,,70060,51,,,1,100,,70062,51,,,1,102,,70058,51,,,1,100,,70063,51,,,1,102,,70059,51,,,1,101,,70064,51,,,1,100,,70065,51,,,1,100,,70066,51,,,1,100,,70067,51,,,1,100,,70068,51,,,1,96,,70069,51,,,1,100,,70070,51,,,1,100,,70071,51,,,1,100,,70072,51,,,1,98,,70073,51,,,1,100,,70074,51,,,1
4901,'Dimanche-1',753,,82143,51,,,1,100,,82132,51,,,1,100,,82142,51,,,1,102,,82135,51,,,1,100,,82131,51,,,1,102,,82130,51,,,1,101,,82133,51,,,1,100,,82134,51,,,1,100,,82137,51,,,1,100,,82136,51,,,1,100,,82140,51,,,1,96,,82139,51,,,1,100,,82141,51,,,1,100,,82138,51,,,1,100,,82144,51,,,1,98,,82145,51,,,1,100,,82146,51,,,1
4901,'Semaine-1',639,,82153,51,,,1,89,,82158,51,,,1,31,,82174,51,,,1,73,,82170,51,,,1,70,,82168,51,,,1,26,,82178,51,,,1,28,,82160,51,,,1,69,,82176,51,,,1,29,,82172,51,,,1,72,,82147,51,,,1,30,,82169,51,,,1,70,,82148,51,,,1,30,,82154,51,,,1,70,,82156,51,,,1,30,,82161,51,,,1,69,,82177,51,,,1,32,,82159,51,,,1,71,,82179,51,,,1,25,,82175,51,,,1,52,,82162,51,,,1,15,,82149,51,,,1,15,,82165,51,,,1,70,,82155,51,,,1,26,,82157,51,,,1,69,,82173,51,,,1,26,,82167,51,,,1,30,,82171,51,,,1,94,,82150,51,,,1,80,,82166,51,,,1,101,,82164,51,,,1,95,,82151,51,,,1,100,,82163,51,,,1,95,,82152,51,,,1
4901,'Semaine-12',639,,82186,51,,,1,89,,82191,51,,,1,31,,82207,51,,,1,73,,82203,51,,,1,70,,82201,51,,,1,26,,82211,51,,,1,28,,82193,51,,,1,69,,82209,51,,,1,29,,82205,51,,,1,72,,82180,51,,,1,30,,82202,51,,,1,70,,82181,51,,,1,30,,82187,51,,,1,70,,82189,51,,,1,30,,82194,51,,,1,69,,82210,51,,,1,32,,82192,51,,,1,71,,82212,51,,,1,25,,82208,51,,,1,52,,82195,51,,,1,15,,82182,51,,,1,15,,82198,51,,,1,70,,82188,51,,,1,26,,82190,51,,,1,69,,82206,51,,,1,26,,82200,51,,,1,30,,82204,51,,,1,94,,82183,51,,,1,80,,82199,51,,,1,101,,82197,51,,,1,95,,82184,51,,,1,100,,82196,51,,,1,95,,82185,51,,,1
64100,'Semaine-1',726,,86847,7,0,9 10,2
64100,'Semaine-12',726,,86848,7,0,9 10,2
80001,'Samedi-1',647,,87007,46,,,1,101,,87009,46,,,1,101,,87010,46,,,1,100,,87013,46,,,1,101,,87008,46,,,1,100,,87011,46,,,1,102,,87014,46,,,1,100,,87012,46,,,1,100,,87015,46,,,1,100,,87016,46,,,1,100,,87017,46,,,2,102,,87018,46,,,1,97,,87021,46,,,1,99,,87019,46,,,1,100,,87020,46,,,1,100,,87022,46,,,1,97,,87023,46,,,1
80001,'Samedi-10',647,,79670,46,,,1,101,,79672,46,,,1,101,,79673,46,,,1,100,,79676,46,,,1,101,,79671,46,,,1,100,,79674,46,,,1,102,,79677,46,,,1,100,,79675,46,,,1,100,,79678,46,,,1,100,,79679,46,,,1,100,,79680,46,,,2,102,,79681,46,,,1,97,,79684,46,,,1,99,,79682,46,,,1,100,,79683,46,,,1,100,,79685,46,,,1,97,,79686,46,,,1
80001,'Dimanche-1',647,,87024,46,,,1,101,,87026,46,,,1,101,,87028,46,,,1,100,,87025,46,,,1,101,,87027,46,,,1,100,,87029,46,,,1,102,,87030,46,,,1,100,,87031,46,,,1,100,,87034,46,,,1,100,,87032,46,,,1,100,,87033,46,,,2,102,,87036,46,,,1,97,,87037,46,,,1,99,,87035,46,,,1,100,,87038,46,,,1,100,,87039,46,,,1,97,,87040,46,,,1
80001,'Semaine-1',642,,87062,46,,,1,68,,87055,46,,,1,35,,87063,46,,,1,69,,87047,46,,,1,32,,87045,46,,,1,67,,87052,46,,,1,27,,87058,46,,,1,70,,87070,46,,,1,30,,87061,46,,,2,70,,87053,46,,,1,30,,87067,46,,,1,70,,87041,46,,,1,30,,87075,46,,,1,70,,87073,46,,,1,34,,87043,46,,,1,70,,87066,46,,,1,30,,87057,46,,,1,70,,87064,46,,,1,35,,87074,46,,,1,69,,87059,46,,,1,17,,87069,46,,,1,22,,87071,46,,,1,64,,87068,46,,,1,27,,87060,46,,,1,70,,87050,46,,,1,25,,87048,46,,,1,67,,87042,46,,,1,29,,87072,46,,,1,71,,87054,46,,,1,27,,87051,46,,,1,70,,87056,46,,,1,29,,87044,46,,,1,70,,87065,46,,,1,32,,87046,46,,,1,70,,87049,46,,,1
80001,'Semaine-12',642,,87097,46,,,1,68,,87090,46,,,1,35,,87098,46,,,1,69,,87082,46,,,1,32,,87080,46,,,1,67,,87087,46,,,1,27,,87093,46,,,1,70,,87105,46,,,1,30,,87096,46,,,2,70,,87088,46,,,1,30,,87102,46,,,1,70,,87076,46,,,1,30,,87110,46,,,1,70,,87108,46,,,1,34,,87078,46,,,1,70,,87101,46,,,1,30,,87092,46,,,1,70,,87099,46,,,1,35,,87109,46,,,1,69,,87094,46,,,1,17,,87104,46,,,1,22,,87106,46,,,1,64,,87103,46,,,1,27,,87095,46,,,1,70,,87085,46,,,1,25,,87083,46,,,1,67,,87077,46,,,1,29,,87107,46,,,1,71,,87089,46,,,1,27,,87086,46,,,1,70,,87091,46,,,1,29,,87079,46,,,1,70,,87100,46,,,1,32,,87081,46,,,1,70,,87084,46,,,1
