5500,'Samedi-0',727,,70614,52,,,1,30,,70611,52,,,1,70,,70612,52,,,1,30,,70615,52,,,1,70,,70613,52,,,1,30,,70620,52,,,1,73,,70617,52,,,1,70,,70618,52,,,1,27,,70623,52,,,1,74,,70622,52,,,1,30,,70616,52,,,1,70,,70619,52,,,1,30,,70621,52,,,1,70,,70624,52,,,1,30,,70625,52,,,1,70,,70626,52,,,1,30,,70627,52,,,1,70,,70628,52,,,1,30,,70629,52,,,1,72,,70630,52,,,1,30,,70631,52,,,1,70,,70632,52,,,1,30,,70633,52,,,1,70,,70634,52,,,1,27,,70636,52,,,1,70,,70635,52,,,1,30,,70637,52,,,1,70,,70639,52,,,1,30,,70638,52,,,1,29,,70640,52,,,1,68,,70641,52,,,1,30,,70644,52,,,1,70,,70646,52,,,1,30,,70643,52,,,1,69,,70642,52,,,1,27,,70645,52,,,1
5500,'Samedi-10',727,,70650,51,,,1,30,,70647,51,,,1,70,,70648,51,,,1,30,,70651,51,,,1,70,,70649,51,,,1,30,,70656,51,,,1,73,,70653,51,,,1,70,,70654,51,,,1,27,,70659,51,,,1,74,,70658,51,,,1,30,,70652,51,,,1,70,,70655,51,,,1,30,,70657,51,,,1,70,,70660,51,,,1,30,,70661,51,,,1,70,,70662,51,,,1,30,,70663,51,,,1,70,,70664,51,,,1,30,,70665,51,,,1,72,,70666,51,,,1,30,,70667,51,,,1,70,,70668,51,,,1,30,,70669,51,,,1,70,,70670,51,,,1,27,,70672,51,,,1,70,,70671,51,,,1,30,,70673,51,,,1,70,,70675,51,,,1,30,,70674,51,,,1,29,,70676,51,,,1,68,,70677,51,,,1,30,,70680,51,,,1,70,,70682,51,,,1,30,,70679,51,,,1,69,,70678,51,,,1,27,,70681,51,,,1
5500,'Dimanche-0',727,,70723,52,,,1,30,,70728,52,,,1,70,,70720,52,,,1,30,,70725,52,,,1,70,,70722,52,,,1,30,,70719,52,,,1,73,,70730,52,,,1,70,,70724,52,,,1,27,,70721,52,,,1,74,,70733,52,,,1,30,,70729,52,,,1,70,,70734,52,,,1,30,,70727,52,,,1,70,,70726,52,,,1,30,,70732,52,,,1,70,,70737,52,,,1,30,,70731,52,,,1,70,,70736,52,,,1,30,,70739,52,,,1,72,,70743,52,,,1,30,,70738,52,,,1,70,,70744,52,,,1,30,,70735,52,,,1,70,,70741,52,,,1,27,,70742,52,,,1,70,,70745,52,,,1,30,,70740,52,,,1,70,,70746,52,,,1,30,,70748,52,,,1,29,,70747,52,,,1,68,,70749,52,,,1,30,,70751,52,,,1,70,,70752,52,,,1,30,,70750,52,,,1,69,,70753,52,,,1,27,,70754,52,,,1
5500,'Semaine-0',701,,70829,52,,,1,105,,70845,52,,,1,29,,70828,52,,,1,96,,70864,52,,,1,27,,70865,52,,,1,70,,70834,52,,,1,30,,70844,52,,,1,70,,70848,52,,,1,72,,70870,52,,,1,30,,70830,52,,,1,70,,70869,52,,,1,30,,70847,52,,,1,70,,70862,52,,,1,30,,70856,52,,,1,26,,70863,52,,,1,56,,70849,52,,,1,14,,70827,52,,,1,17,,70868,52,,,1,58,,70838,52,,,1,15,,70871,52,,,1,13,,70859,52,,,1,10,,70831,52,,,1,13,,70842,52,,,1,58,,70874,52,,,1,9,,70867,52,,,1,11,,70833,52,,,1,11,,70850,52,,,1,9,,70843,52,,,1,51,,70872,52,,,1,11,,70857,52,,,1,7,,70837,52,,,1,12,,70832,52,,,1,10,,70873,52,,,1,11,,70841,52,,,1,52,,70836,52,,,1,10,,70846,52,,,1,30,,70861,52,,,1,69,,70866,52,,,1,30,,70853,52,,,1,70,,70839,52,,,1,30,,70860,52,,,1,67,,70851,52,,,1,27,,70854,52,,,1,70,,70840,52,,,1,30,,70855,52,,,1,67,,70852,52,,,1,29,,70835,52,,,1,70,,70858,52,,,1
5500,'Semaine-10',701,,70877,52,,,1,105,,70893,52,,,1,29,,70876,52,,,1,96,,70912,52,,,1,27,,70913,52,,,1,70,,70882,52,,,1,30,,70892,52,,,1,70,,70896,52,,,1,72,,70918,52,,,1,30,,70878,52,,,1,70,,70917,52,,,1,30,,70895,52,,,1,70,,70910,52,,,1,30,,70904,52,,,1,26,,70911,52,,,1,56,,70897,52,,,1,14,,70875,52,,,1,17,,70916,52,,,1,58,,70886,52,,,1,15,,70919,52,,,1,13,,70907,52,,,1,10,,70879,52,,,1,13,,70890,52,,,1,58,,70922,52,,,1,9,,70915,52,,,1,11,,70881,52,,,1,11,,70898,52,,,1,9,,70891,52,,,1,51,,70920,52,,,1,11,,70905,52,,,1,7,,70885,52,,,1,12,,70880,52,,,1,10,,70921,52,,,1,11,,70889,52,,,1,52,,70884,52,,,1,10,,70894,52,,,1,30,,70909,52,,,1,69,,70914,52,,,1,30,,70901,52,,,1,70,,70887,52,,,1,30,,70908,52,,,1,67,,70899,52,,,1,27,,70902,52,,,1,70,,70888,52,,,1,30,,70903,52,,,1,67,,70900,52,,,1,29,,70883,52,,,1,70,,70906,52,,,1
5500,'Semaine-11',701,,70925,52,,,1,105,,70941,52,,,1,29,,70924,52,,,1,96,,70960,52,,,1,27,,70961,52,,,1,70,,70930,52,,,1,30,,70940,52,,,1,70,,70944,52,,,1,72,,70966,52,,,1,30,,70926,52,,,1,70,,70965,52,,,1,30,,70943,52,,,1,70,,70958,52,,,1,30,,70952,52,,,1,26,,70959,52,,,1,56,,70945,52,,,1,14,,70923,52,,,1,17,,70964,52,,,1,58,,70934,52,,,1,15,,70967,52,,,1,13,,70955,52,,,1,10,,70927,52,,,1,13,,70938,52,,,1,58,,70970,52,,,1,9,,70963,52,,,1,11,,70929,52,,,1,11,,70946,52,,,1,9,,70939,52,,,1,51,,70968,52,,,1,11,,70953,52,,,1,7,,70933,52,,,1,12,,70928,52,,,1,10,,70969,52,,,1,11,,70937,52,,,1,52,,70932,52,,,1,10,,70942,52,,,1,30,,70957,52,,,1,69,,70962,52,,,1,30,,70949,52,,,1,70,,70935,52,,,1,30,,70956,52,,,1,67,,70947,52,,,1,27,,70950,52,,,1,70,,70936,52,,,1,30,,70951,52,,,1,67,,70948,52,,,1,29,,70931,52,,,1,70,,70954,52,,,1
63901,'Semaine-0',728,,79344,41,0,9 10,1
63901,'Semaine-10',728,,79345,41,0,9 10,1
63901,'Semaine-11',728,,79346,41,0,9 10,1
64001,'Semaine-0',727,,79356,20,0,9 10,1,2,,79357,20,0,9 10,1
64001,'Semaine-10',727,,79358,20,0,9 10,1,2,,79359,20,0,9 10,1
64001,'Semaine-11',727,,79360,20,0,9 10,1,2,,79361,20,0,9 10,1
64100,'Semaine-0',739,,79362,18,0,9 10,2
64100,'Semaine-10',739,,79363,18,0,9 10,2
64100,'Semaine-11',739,,79364,18,0,9 10,2
65401,'Semaine-0',723,,79383,16,0,9 10,1
65401,'Semaine-10',723,,79384,16,0,9 10,1
65401,'Semaine-11',723,,79385,16,0,9 10,1
