4001,'Semaine-1',623,,81922,37,,,1,30,,81921,37,,,1,72,,81924,37,,,1,33,,81920,37,,,2,67,,81919,37,,,1,27,,81923,37,,,1
4001,'Semaine-12',623,,81928,37,,,1,30,,81927,37,,,1,72,,81930,37,,,1,33,,81926,37,,,2,67,,81925,37,,,1,27,,81929,37,,,1
4101,'Semaine-1',645,,81943,28,,,1,73,,81944,28,,,1,35,,81945,28,,,1,65,,81942,28,,,2,29,,81941,28,,,1
4101,'Semaine-12',645,,81948,28,,,1,73,,81949,28,,,1,35,,81950,28,,,1,65,,81947,28,,,2,29,,81946,28,,,1
4501,'Semaine-1',612,,81972,31,,,1,30,,81971,31,,,1,72,,81975,31,,,2,30,,81974,31,,,1,73,,81973,31,,,1,28,,81976,31,,,1
4501,'Semaine-12',612,,81978,31,,,1,30,,81977,31,,,1,72,,81981,31,,,2,30,,81980,31,,,1,73,,81979,31,,,1,28,,81982,31,,,1
4701,'Semaine-1',624,,81991,24,,,2,86,,81990,24,,,1,49,,81989,24,,,1,67,,81992,24,,,1
4701,'Semaine-12',624,,81995,24,,,2,86,,81994,24,,,1,49,,81993,24,,,1,67,,81996,24,,,1
5501,'Samedi-1',708,,82555,35,,,1,30,,82558,35,,,1,71,,82557,35,,,1,30,,82567,35,,,1,69,,82556,35,,,1,30,,82559,35,,,1,71,,82560,35,,,1,29,,82566,35,,,1,70,,82562,35,,,1,30,,82563,35,,,1,70,,82561,35,,,1,30,,82569,35,,,1,70,,82568,35,,,1,30,,82564,35,,,1,70,,82565,35,,,1,32,,82570,35,,,1,68,,82571,35,,,1,32,,82572,35,,,1,68,,82573,35,,,1,32,,82574,35,,,1,68,,82575,35,,,1,32,,82576,35,,,1,68,,82577,35,,,1,30,,82578,35,,,1,70,,82579,35,,,1,30,,82580,35,,,1,70,,82581,35,,,1,30,,82582,35,,,1,70,,82583,35,,,1,30,,82585,35,,,1,69,,82584,35,,,1,30,,82587,35,,,1,70,,82586,35,,,1
5501,'Samedi-10',708,,71004,35,,,1,30,,71007,35,,,1,71,,71006,35,,,1,30,,71016,35,,,1,69,,71005,35,,,1,30,,71008,35,,,1,71,,71009,35,,,1,29,,71015,35,,,1,70,,71011,35,,,1,30,,71012,35,,,1,70,,71010,35,,,1,30,,71018,35,,,1,70,,71017,35,,,1,30,,71013,35,,,1,70,,71014,35,,,1,32,,71019,35,,,1,68,,71020,35,,,1,32,,71021,35,,,1,68,,71022,35,,,1,32,,71023,35,,,1,68,,71024,35,,,1,32,,71025,35,,,1,68,,71026,35,,,1,30,,71027,35,,,1,70,,71028,35,,,1,30,,71029,35,,,1,70,,71030,35,,,1,30,,71031,35,,,1,70,,71032,35,,,1,30,,71034,35,,,1,69,,71033,35,,,1,30,,71036,35,,,1,70,,71035,35,,,1
5501,'Dimanche-1',708,,82589,35,,,1,30,,82593,35,,,1,71,,82591,35,,,1,30,,82596,35,,,1,69,,82598,35,,,1,30,,82592,35,,,1,71,,82588,35,,,1,29,,82602,35,,,1,70,,82597,35,,,1,30,,82604,35,,,1,70,,82595,35,,,1,30,,82594,35,,,1,70,,82600,35,,,1,30,,82590,35,,,1,70,,82599,35,,,1,32,,82603,35,,,1,68,,82608,35,,,1,32,,82601,35,,,1,68,,82607,35,,,1,32,,82610,35,,,1,68,,82605,35,,,1,32,,82606,35,,,1,68,,82612,35,,,1,30,,82614,35,,,1,70,,82611,35,,,1,30,,82609,35,,,1,70,,82613,35,,,1,30,,82615,35,,,1,70,,82616,35,,,1,30,,82617,35,,,1,69,,82618,35,,,1,30,,82619,35,,,1,70,,82620,35,,,1
5501,'Semaine-1',526,,82634,35,,,1,14,,82641,35,,,1,14,,82640,35,,,1,58,,82624,35,,,1,15,,82662,35,,,1,22,,82661,35,,,1,8,,82621,35,,,1,53,,82666,35,,,1,15,,82647,35,,,1,13,,82655,35,,,1,16,,82625,35,,,1,49,,82629,35,,,1,12,,82627,35,,,1,9,,82656,35,,,1,6,,82658,35,,,1,14,,82635,35,,,1,68,,82639,35,,,1,12,,82626,35,,,1,11,,82660,35,,,1,69,,82653,35,,,1,23,,82665,2,,,1,8,,82657,35,,,1,69,,82623,35,,,1,29,,82630,35,,,1,70,,82643,35,,,1,30,,82654,35,,,1,70,,82650,35,,,1,30,,82631,35,,,1,70,,82663,35,,,1,31,,82622,35,,,1,70,,82628,35,,,1,50,,82632,35,,,1,100,,82637,35,,,1,100,,82642,35,,,1,100,,82659,35,,,1,60,,82648,35,,,1,30,,82636,35,,,1,70,,82652,35,,,1,30,,82645,35,,,1,70,,82664,35,,,1,30,,82638,35,,,1,69,,82644,35,,,1,31,,82646,35,,,1,70,,82633,35,,,1,29,,82651,35,,,1,70,,82649,35,,,1
5501,'Semaine-12',526,,82680,35,,,1,14,,82687,35,,,1,14,,82686,35,,,1,58,,82670,35,,,1,15,,82708,35,,,1,22,,82707,35,,,1,8,,82667,35,,,1,53,,82712,35,,,1,15,,82693,35,,,1,13,,82701,35,,,1,16,,82671,35,,,1,49,,82675,35,,,1,12,,82673,35,,,1,9,,82702,35,,,1,6,,82704,35,,,1,14,,82681,35,,,1,68,,82685,35,,,1,12,,82672,35,,,1,11,,82706,35,,,1,69,,82699,35,,,1,23,,82711,2,,,1,8,,82703,35,,,1,69,,82669,35,,,1,29,,82676,35,,,1,70,,82689,35,,,1,30,,82700,35,,,1,70,,82696,35,,,1,30,,82677,35,,,1,70,,82709,35,,,1,31,,82668,35,,,1,70,,82674,35,,,1,50,,82678,35,,,1,100,,82683,35,,,1,100,,82688,35,,,1,100,,82705,35,,,1,60,,82694,35,,,1,30,,82682,35,,,1,70,,82698,35,,,1,30,,82691,35,,,1,70,,82710,35,,,1,30,,82684,35,,,1,69,,82690,35,,,1,31,,82692,35,,,1,70,,82679,35,,,1,29,,82697,35,,,1,70,,82695,35,,,1
5600,'Semaine-1',640,,82719,22,,,1,64,,82717,22,,,1,6,,82721,22,,,1,31,,82720,22,,,1,71,,82714,22,,,1,100,,82713,22,,,1,109,,82715,22,,,1,98,,82718,22,,,2,100,,82716,22,,,1
5600,'Semaine-12',640,,82728,22,,,1,64,,82726,22,,,1,6,,82730,22,,,1,31,,82729,22,,,1,71,,82723,22,,,1,100,,82722,22,,,1,109,,82724,22,,,1,98,,82727,22,,,2,100,,82725,22,,,1
5801,'Semaine-1',604,,82763,23,,,1,32,,82767,23,,,1,71,,82765,23,,,1,30,,82764,23,,,1,70,,82761,23,,,1,30,,82766,23,,,1,800,,82762,23,,,1
5801,'Semaine-12',604,,82770,23,,,1,32,,82774,23,,,1,71,,82772,23,,,1,30,,82771,23,,,1,70,,82768,23,,,1,30,,82773,23,,,1,800,,82769,23,,,1
5901,'Samedi-1',722,,82939,24,,,1,30,,82946,24,,,1,70,,82943,24,,,1,30,,82948,24,,,1,70,,82940,24,,,1,30,,82945,24,,,1,71,,82944,24,,,1,30,,82947,24,,,1,70,,82951,24,,,1,30,,82952,24,,,1,70,,82941,24,,,1,30,,82942,24,,,1,70,,82950,24,,,1,30,,82949,24,,,1,70,,82953,24,,,1,30,,82954,24,,,1,70,,82955,24,,,1,30,,82956,24,,,1,70,,82957,24,,,1,30,,82958,24,,,1,70,,82959,24,,,1,30,,82960,24,,,1,70,,82961,24,,,1,30,,82962,24,,,1,70,,82963,24,,,1,30,,82965,24,,,1,70,,82964,24,,,1,29,,82966,24,,,1,70,,82967,24,,,1,30,,82968,24,,,1,70,,82970,24,,,1,30,,82969,24,,,1
5901,'Samedi-10',722,,71780,24,,,1,30,,71787,24,,,1,70,,71784,24,,,1,30,,71789,24,,,1,70,,71781,24,,,1,30,,71786,24,,,1,71,,71785,24,,,1,30,,71788,24,,,1,70,,71792,24,,,1,30,,71793,24,,,1,70,,71782,24,,,1,30,,71783,24,,,1,70,,71791,24,,,1,30,,71790,24,,,1,70,,71794,24,,,1,30,,71795,24,,,1,70,,71796,24,,,1,30,,71797,24,,,1,70,,71798,24,,,1,30,,71799,24,,,1,70,,71800,24,,,1,30,,71801,24,,,1,70,,71802,24,,,1,30,,71803,24,,,1,70,,71804,24,,,1,30,,71806,24,,,1,70,,71805,24,,,1,29,,71807,24,,,1,70,,71808,24,,,1,30,,71809,24,,,1,70,,71811,24,,,1,30,,71810,24,,,1
5901,'Dimanche-1',722,,82971,24,,,1,30,,82983,24,,,1,70,,82977,24,,,1,30,,82978,24,,,1,70,,82985,24,,,1,30,,82982,24,,,1,71,,82987,24,,,1,30,,82974,24,,,1,70,,82986,24,,,1,30,,82972,24,,,1,70,,82981,24,,,1,30,,82973,24,,,1,70,,82976,24,,,1,30,,82979,24,,,1,70,,82980,24,,,1,30,,82988,24,,,1,70,,82975,24,,,1,30,,82991,24,,,1,70,,82984,24,,,1,30,,82993,24,,,1,70,,82994,24,,,1,30,,82990,24,,,1,70,,82995,24,,,1,30,,82992,24,,,1,70,,82996,24,,,1,30,,82989,24,,,1,70,,82997,24,,,1,29,,82998,24,,,1,70,,82999,24,,,1,30,,83000,24,,,1,70,,83001,24,,,1,30,,83002,24,,,1
5901,'Semaine-1',521,,83007,24,,,1,15,,83043,24,,,1,15,,83016,24,,,1,55,,83037,24,,,1,15,,83017,24,,,1,14,,83006,24,,,1,13,,83008,24,,,1,55,,83011,24,,,1,10,,83046,2,,,1,8,,83014,24,,,1,7,,83047,2,,,1,8,,83015,24,,,1,7,,83048,2,,,1,11,,83010,24,,,1,47,,83004,2,,,1,5,,83039,24,,,1,19,,83025,24,,,1,13,,83030,24,,,1,13,,83020,24,,,1,55,,83005,24,,,1,16,,83023,24,,,1,27,,83049,24,,,1,70,,83044,24,,,1,30,,83031,24,,,1,70,,83013,24,,,1,30,,83024,24,,,1,70,,83027,24,,,1,30,,83012,24,,,1,70,,83041,24,,,1,30,,83003,24,,,1,70,,83045,24,,,1,30,,83035,24,,,1,75,,83038,24,,,1,100,,83042,24,,,1,100,,83022,24,,,1,100,,83029,24,,,1,35,,83034,24,,,1,70,,83021,24,,,1,30,,83028,24,,,1,70,,83033,24,,,1,30,,83040,24,,,1,70,,83018,24,,,1,30,,83036,24,,,1,69,,83026,24,,,1,30,,83009,24,,,1,70,,83019,24,,,1,30,,83032,24,,,1
5901,'Semaine-12',521,,83054,24,,,1,15,,83090,24,,,1,15,,83063,24,,,1,55,,83084,24,,,1,15,,83064,24,,,1,14,,83053,24,,,1,13,,83055,24,,,1,55,,83058,24,,,1,10,,83093,2,,,1,8,,83061,24,,,1,7,,83094,2,,,1,8,,83062,24,,,1,7,,83095,2,,,1,11,,83057,24,,,1,47,,83051,2,,,1,5,,83086,24,,,1,19,,83072,24,,,1,13,,83077,24,,,1,13,,83067,24,,,1,55,,83052,24,,,1,16,,83070,24,,,1,27,,83096,24,,,1,70,,83091,24,,,1,30,,83078,24,,,1,70,,83060,24,,,1,30,,83071,24,,,1,70,,83074,24,,,1,30,,83059,24,,,1,70,,83088,24,,,1,30,,83050,24,,,1,70,,83092,24,,,1,30,,83082,24,,,1,75,,83085,24,,,1,100,,83089,24,,,1,100,,83069,24,,,1,100,,83076,24,,,1,35,,83081,24,,,1,70,,83068,24,,,1,30,,83075,24,,,1,70,,83080,24,,,1,30,,83087,24,,,1,70,,83065,24,,,1,30,,83083,24,,,1,69,,83073,24,,,1,30,,83056,24,,,1,70,,83066,24,,,1,30,,83079,24,,,1
55400,'Semaine-1',703,,86810,12,0,5 6,2
55400,'Semaine-12',703,,86812,12,0,5 6,2
65501,'Semaine-1',1520,,86865,23,0,9 10,1
65501,'Semaine-12',1520,,86866,23,0,9 10,1
74001,'Semaine-1',827,,86883,38,0,5 11,2,2,,86884,38,0,5 11,1
74001,'Semaine-12',827,,86885,38,0,5 11,2,2,,86886,38,0,5 11,1
80000,'Samedi-1',727,,86901,28,,,1,102,,86902,28,,,1,98,,86903,28,,,1,101,,86905,28,,,1,100,,86906,28,,,1,100,,86904,28,,,1,100,,86907,28,,,1,100,,86908,28,,,1,100,,86909,28,,,1,100,,86910,28,,,1,100,,86911,28,,,2,100,,86912,28,,,1,100,,86915,28,,,1,99,,86913,28,,,1,100,,86914,28,,,1,98,,86916,28,,,1,100,,86917,28,,,1
80000,'Samedi-10',727,,79460,28,,,1,102,,79461,28,,,1,98,,79462,28,,,1,101,,79464,28,,,1,100,,79465,28,,,1,100,,79463,28,,,1,100,,79466,28,,,1,100,,79467,28,,,1,100,,79468,28,,,1,100,,79469,28,,,1,100,,79470,28,,,2,100,,79471,28,,,1,100,,79474,28,,,1,99,,79472,28,,,1,100,,79473,28,,,1,98,,79475,28,,,1,100,,79476,28,,,1
80000,'Dimanche-1',727,,86920,28,,,1,102,,86919,28,,,1,98,,86925,28,,,1,101,,86918,28,,,1,100,,86922,28,,,1,100,,86921,28,,,1,100,,86923,28,,,1,100,,86924,28,,,1,100,,86928,28,,,1,100,,86926,28,,,1,100,,86927,28,,,2,100,,86931,28,,,1,100,,86930,28,,,1,99,,86929,28,,,1,100,,86932,28,,,1,98,,86933,28,,,1,100,,86934,28,,,1
80000,'Semaine-1',603,,86967,28,,,1,31,,86953,28,,,1,71,,86943,28,,,1,15,,86942,28,,,1,15,,86963,28,,,1,71,,86954,28,,,1,18,,86940,28,,,1,30,,86959,28,,,1,70,,86944,28,,,1,30,,86961,28,,,1,70,,86956,28,,,1,29,,86970,28,,,1,70,,86937,28,,,1,30,,86958,28,,,1,70,,86948,28,,,1,31,,86964,28,,,1,69,,86957,28,,,1,30,,86968,28,,,1,71,,86947,28,,,1,29,,86962,28,,,1,73,,86960,28,,,1,30,,86949,28,,,1,72,,86965,28,,,1,28,,86938,28,,,1,70,,86955,28,,,1,30,,86952,28,,,1,69,,86966,28,,,1,29,,86951,28,,,1,71,,86945,28,,,1,28,,86939,28,,,1,71,,86969,28,,,1,28,,86950,28,,,1,68,,86946,28,,,1,30,,86936,28,,,1,69,,86941,28,,,1,30,,86935,28,,,1
80000,'Semaine-12',603,,87003,28,,,1,31,,86989,28,,,1,71,,86979,28,,,1,15,,86978,28,,,1,15,,86999,28,,,1,71,,86990,28,,,1,18,,86976,28,,,1,30,,86995,28,,,1,70,,86980,28,,,1,30,,86997,28,,,1,70,,86992,28,,,1,29,,87006,28,,,1,70,,86973,28,,,1,30,,86994,28,,,1,70,,86984,28,,,1,31,,87000,28,,,1,69,,86993,28,,,1,30,,87004,28,,,1,71,,86983,28,,,1,29,,86998,28,,,1,73,,86996,28,,,1,30,,86985,28,,,1,72,,87001,28,,,1,28,,86974,28,,,1,70,,86991,28,,,1,30,,86988,28,,,1,69,,87002,28,,,1,29,,86987,28,,,1,71,,86981,28,,,1,28,,86975,28,,,1,71,,87005,28,,,1,28,,86986,28,,,1,68,,86982,28,,,1,30,,86972,28,,,1,69,,86977,28,,,1,30,,86971,28,,,1
