3100,'Samedi-1',721,,80085,29,,,1,105,,80086,29,,,1,103,,80087,29,,,1,100,,80088,29,,,1,102,,80089,29,,,1,102,,80090,29,,,1,101,,80091,29,,,1,100,,80092,29,,,1,100,,80093,29,,,1,102,,80094,29,,,1,100,,80095,29,,,1,100,,80096,29,,,1,93,,80097,29,,,1,100,,80098,29,,,1,100,,80099,29,,,1,100,,80100,29,,,1,101,,80101,29,,,1,100,,80102,29,,,1,100,,80103,29,,,1
3100,'Samedi-10',721,,66103,29,,,1,105,,66104,29,,,1,103,,66105,29,,,1,100,,66106,29,,,1,102,,66107,29,,,1,102,,66108,29,,,1,101,,66109,29,,,1,100,,66110,29,,,1,100,,66111,29,,,1,102,,66112,29,,,1,100,,66113,29,,,1,100,,66114,29,,,1,93,,66115,29,,,1,100,,66116,29,,,1,100,,66117,29,,,1,100,,66118,29,,,1,101,,66119,29,,,1,100,,66120,29,,,1,100,,66121,29,,,1
3100,'Dimanche-1',721,,80108,29,,,1,105,,80110,29,,,1,103,,80109,29,,,1,100,,80117,29,,,1,102,,80112,29,,,1,102,,80104,29,,,1,101,,80107,29,,,1,100,,80106,29,,,1,100,,80105,29,,,1,102,,80111,29,,,1,100,,80113,29,,,1,100,,80114,29,,,1,93,,80116,29,,,1,100,,80115,29,,,1,100,,80118,29,,,1,100,,80119,29,,,1,101,,80120,29,,,1,100,,80121,29,,,1,100,,80122,29,,,1
3100,'Semaine-1',630,,80127,29,,,1,84,,80160,29,,,1,21,,80140,29,,,1,21,,80128,29,,,1,55,,80165,29,,,1,21,,80162,29,,,1,21,,80124,29,,,1,58,,80137,29,,,1,23,,80138,29,,,1,9,,80129,29,,,1,64,,80131,29,,,1,20,,80148,29,,,1,27,,80149,29,,,1,71,,80130,29,,,1,30,,80135,29,,,1,70,,80154,29,,,1,30,,80151,29,,,1,57,,80132,29,,,1,13,,80125,29,,,1,19,,80159,29,,,1,60,,80163,29,,,1,18,,80150,29,,,1,29,,80133,29,,,1,63,,80153,29,,,1,11,,80155,29,,,1,75,,80161,29,,,1,24,,80152,29,,,1,18,,80134,29,,,1,59,,80145,29,,,1,23,,80147,29,,,1,18,,80136,29,,,1,17,,80123,29,,,1,55,,80126,29,,,1,10,,80157,29,,,1,29,,80164,29,,,1,52,,80142,29,,,1,20,,80158,29,,,1,106,,80143,29,,,1,99,,80139,29,,,1,100,,80144,29,,,1,100,,80146,29,,,1,100,,80156,29,,,1,100,,80141,29,,,1
3100,'Semaine-12',630,,80170,29,,,1,84,,80203,29,,,1,21,,80183,29,,,1,21,,80171,29,,,1,55,,80208,29,,,1,21,,80205,29,,,1,21,,80167,29,,,1,58,,80180,29,,,1,23,,80181,29,,,1,9,,80172,29,,,1,64,,80174,29,,,1,20,,80191,29,,,1,27,,80192,29,,,1,71,,80173,29,,,1,30,,80178,29,,,1,70,,80197,29,,,1,30,,80194,29,,,1,57,,80175,29,,,1,13,,80168,29,,,1,19,,80202,29,,,1,60,,80206,29,,,1,18,,80193,29,,,1,29,,80176,29,,,1,63,,80196,29,,,1,11,,80198,29,,,1,75,,80204,29,,,1,24,,80195,29,,,1,18,,80177,29,,,1,59,,80188,29,,,1,23,,80190,29,,,1,18,,80179,29,,,1,17,,80166,29,,,1,55,,80169,29,,,1,10,,80200,29,,,1,29,,80207,29,,,1,52,,80185,29,,,1,20,,80201,29,,,1,106,,80186,29,,,1,99,,80182,29,,,1,100,,80187,29,,,1,100,,80189,29,,,1,100,,80199,29,,,1,100,,80184,29,,,1
33100,'Semaine-1',812,,85911,3,0,7 8,1
33100,'Semaine-12',812,,85912,3,0,7 8,1
43101,'Semaine-1',734,,86775,4,0,9 14,1
43101,'Semaine-12',734,,86776,4,0,9 14,1
83100,'Semaine-1',1534,,87145,12,0,9 12 13,1
83100,'Semaine-12',1534,,87147,12,0,9 12 13,1
