7101,'Samedi-1',733,,84481,1,,,1,100,,84480,1,,,1,100,,84485,1,,,1,100,,84483,1,,,1,100,,84484,1,,,1,100,,84479,1,,,1,100,,84482,1,,,1,100,,84486,1,,,1,100,,84487,1,,,1,100,,84488,1,,,1,100,,84489,1,,,1,100,,84490,1,,,1,100,,84491,1,,,1,100,,84492,1,,,1,100,,84493,1,,,1,100,,84494,1,,,1
7101,'Samedi-10',733,,74799,1,,,1,100,,74798,1,,,1,100,,74803,1,,,1,100,,74801,1,,,1,100,,74802,1,,,1,100,,74797,1,,,1,100,,74800,1,,,1,100,,74804,1,,,1,100,,74805,1,,,1,100,,74806,1,,,1,100,,74807,1,,,1,100,,74808,1,,,1,100,,74809,1,,,1,100,,74810,1,,,1,100,,74811,1,,,1,100,,74812,1,,,1
7101,'Dimanche-1',733,,84498,1,,,1,100,,84497,1,,,1,100,,84496,1,,,1,100,,84495,1,,,1,100,,84499,1,,,1,100,,84500,1,,,1,100,,84504,1,,,1,100,,84501,1,,,1,100,,84502,1,,,1,100,,84503,1,,,1,100,,84507,1,,,1,100,,84506,1,,,1,100,,84505,1,,,1,100,,84508,1,,,1,100,,84509,1,,,1,100,,84510,1,,,1
7101,'Semaine-1',535,,84521,1,,,1,22,,84516,1,,,2,55,,84512,1,,,1,20,,84513,1,,,1,20,,84514,1,,,2,54,,84515,1,,,1,20,,84511,1,,,2,17,,84520,1,,,1,57,,84519,1,,,2,30,,84518,1,,,1,70,,84523,1,,,2,30,,84525,1,,,1,70,,84522,1,,,1,30,,84524,1,,,1,70,,84517,1,,,1,30,,84533,1,,,1,70,,84527,1,,,1,30,,84528,1,,,2,70,,84532,1,,,1,30,,84531,1,,,2,71,,84534,1,,,1,30,,84529,1,,,1,70,,84535,1,,,1,14,,84526,1,,,1,16,,84530,1,,,1,15,,84536,1,,,1,56,,84537,1,,,1,16,,84538,1,,,1,13,,84539,1,,,2,15,,84542,1,,,1,55,,84545,1,,,1,15,,84540,1,,,1,20,,84541,1,,,2,71,,84543,1,,,2,29,,84544,1,,,1,100,,84548,1,,,1,100,,84546,1,,,1,100,,84549,1,,,2,100,,84547,1,,,2,100,,84550,1,,,2
7101,'Semaine-12',535,,84561,1,,,1,22,,84556,1,,,2,55,,84552,1,,,1,20,,84553,1,,,1,20,,84554,1,,,2,54,,84555,1,,,1,20,,84551,1,,,2,17,,84560,1,,,1,57,,84559,1,,,2,30,,84558,1,,,1,70,,84563,1,,,2,30,,84565,1,,,1,70,,84562,1,,,1,30,,84564,1,,,1,70,,84557,1,,,1,30,,84573,1,,,1,70,,84567,1,,,1,30,,84568,1,,,2,70,,84572,1,,,1,30,,84571,1,,,2,71,,84574,1,,,1,30,,84569,1,,,1,70,,84575,1,,,1,14,,84566,1,,,1,16,,84570,1,,,1,15,,84576,1,,,1,56,,84577,1,,,1,16,,84578,1,,,1,13,,84579,1,,,2,15,,84582,1,,,1,55,,84585,1,,,1,15,,84580,1,,,1,20,,84581,1,,,2,71,,84583,1,,,2,29,,84584,1,,,1,100,,84588,1,,,1,100,,84586,1,,,1,100,,84589,1,,,2,100,,84587,1,,,2,100,,84590,1,,,2
7601,'Samedi-1',704,,85083,1,,,1,100,,85086,1,,,1,100,,85085,1,,,1,100,,85089,1,,,1,100,,85088,1,,,1,100,,85087,1,,,1,100,,85084,1,,,1,100,,85090,1,,,1,100,,85091,1,,,1,100,,85092,1,,,1,100,,85093,1,,,1,100,,85094,1,,,1,100,,85095,1,,,1,100,,85096,1,,,1,100,,85097,1,,,1,100,,85098,1,,,1
7601,'Samedi-10',704,,75949,1,,,1,100,,75952,1,,,1,100,,75951,1,,,1,100,,75955,1,,,1,100,,75954,1,,,1,100,,75953,1,,,1,100,,75950,1,,,1,100,,75956,1,,,1,100,,75957,1,,,1,100,,75958,1,,,1,100,,75959,1,,,1,100,,75960,1,,,1,100,,75961,1,,,1,100,,75962,1,,,1,100,,75963,1,,,1,100,,75964,1,,,1
7601,'Dimanche-1',704,,85101,1,,,1,100,,85102,1,,,1,100,,85100,1,,,1,100,,85104,1,,,1,100,,85099,1,,,1,100,,85105,1,,,1,100,,85103,1,,,1,100,,85106,1,,,1,100,,85107,1,,,1,100,,85112,1,,,1,100,,85108,1,,,1,100,,85110,1,,,1,100,,85109,1,,,1,100,,85111,1,,,1,100,,85113,1,,,1,100,,85114,1,,,1
7601,'Semaine-1',620,,85115,1,,,1,18,,85119,1,,,2,19,,85116,1,,,1,59,,85117,1,,,1,16,,85118,1,,,2,21,,85120,1,,,1,65,,85121,1,,,1,30,,85123,1,,,2,70,,85122,1,,,1,30,,85124,1,,,2,70,,85125,1,,,1,30,,85126,1,,,1,70,,85132,1,,,1,30,,85127,1,,,1,70,,85128,1,,,1,30,,85134,1,,,2,70,,85133,1,,,1,29,,85129,1,,,1,70,,85130,1,,,1,28,,85135,1,,,1,72,,85136,1,,,1,25,,85137,1,,,1,72,,85138,1,,,1,26,,85131,1,,,1,65,,85139,1,,,1,25,,85140,1,,,1,25,,85141,1,,,1,70,,85142,1,,,1,83,,85145,1,,,1,102,,85143,1,,,2,100,,85144,1,,,2,100,,85146,1,,,2
7601,'Semaine-12',620,,85147,1,,,1,18,,85151,1,,,2,19,,85148,1,,,1,59,,85149,1,,,1,16,,85150,1,,,2,21,,85152,1,,,1,65,,85153,1,,,1,30,,85155,1,,,2,70,,85154,1,,,1,30,,85156,1,,,2,70,,85157,1,,,1,30,,85158,1,,,1,70,,85164,1,,,1,30,,85159,1,,,1,70,,85160,1,,,1,30,,85166,1,,,2,70,,85165,1,,,1,29,,85161,1,,,1,70,,85162,1,,,1,28,,85167,1,,,1,72,,85168,1,,,1,25,,85169,1,,,1,72,,85170,1,,,1,26,,85163,1,,,1,65,,85171,1,,,1,25,,85172,1,,,1,25,,85173,1,,,1,70,,85174,1,,,1,83,,85177,1,,,1,102,,85175,1,,,2,100,,85176,1,,,2,100,,85178,1,,,2
57101,'Semaine-1',633,,86827,1,0,5 6,2
57101,'Semaine-12',633,,86828,1,0,5 6,2
57600,'Semaine-1',1556,,86829,31,0,5 6,1
57600,'Semaine-12',1556,,86830,31,0,5 6,1
57601,'Semaine-1',659,,86831,3,0,5 6,1
57601,'Semaine-12',659,,86832,3,0,5 6,1
