4001,'Semaine-1',603,,81922,10,,,1,29,,81921,10,,,1,71,,81924,10,,,1,31,,81920,10,,,2,69,,81919,10,,,1,29,,81923,10,,,1
4001,'Semaine-12',603,,81928,10,,,1,29,,81927,10,,,1,71,,81930,10,,,1,31,,81926,10,,,2,69,,81925,10,,,1,29,,81929,10,,,1
5000,'Semaine-1',637,,82216,11,,,1,21,,82214,11,,,1,71,,82217,11,,,2,30,,82213,11,,,1,149,,82218,11,,,1
5000,'Semaine-12',637,,82222,11,,,1,21,,82220,11,,,1,71,,82223,11,,,2,30,,82219,11,,,1,149,,82224,11,,,1
5201,'Samedi-1',639,,82303,11,,,1,100,,82304,11,,,1,100,,82305,11,,,1,100,,82306,11,,,1,100,,82308,11,,,1,100,,82307,11,,,1,100,,82309,11,,,1,100,,82310,11,,,1,100,,82311,11,,,1,100,,82312,11,,,1,100,,82313,11,,,1,100,,82314,11,,,1,100,,82317,11,,,1,100,,82315,11,,,1,99,,82319,11,,,1,100,,82316,11,,,1,100,,82318,11,,,1,101,,82320,11,,,1
5201,'Samedi-10',639,,70449,11,,,1,100,,70450,11,,,1,100,,70451,11,,,1,100,,70452,11,,,1,100,,70454,11,,,1,100,,70453,11,,,1,100,,70455,11,,,1,100,,70456,11,,,1,100,,70457,11,,,1,100,,70458,11,,,1,100,,70459,11,,,1,100,,70460,11,,,1,100,,70463,11,,,1,100,,70461,11,,,1,99,,70465,11,,,1,100,,70462,11,,,1,100,,70464,11,,,1,101,,70466,11,,,1
5201,'Dimanche-1',639,,82321,11,,,1,100,,82322,11,,,1,100,,82323,11,,,1,100,,82326,11,,,1,100,,82324,11,,,1,100,,82328,11,,,1,100,,82325,11,,,1,100,,82330,11,,,1,100,,82327,11,,,1,100,,82329,11,,,1,100,,82332,11,,,1,100,,82334,11,,,1,100,,82331,11,,,1,100,,82333,11,,,1,99,,82335,11,,,1,100,,82336,11,,,1,100,,82337,11,,,1,101,,82338,11,,,1
5201,'Semaine-1',609,,82354,11,,,1,100,,82356,11,,,1,103,,82355,11,,,1,97,,82339,11,,,1,101,,82345,11,,,1,99,,82342,11,,,1,100,,82349,11,,,1,100,,82340,11,,,1,100,,82344,11,,,1,101,,82343,11,,,1,100,,82353,11,,,1,100,,82352,11,,,1,99,,82346,11,,,1,100,,82347,11,,,1,100,,82351,11,,,1,100,,82348,11,,,1,100,,82350,11,,,1,100,,82341,11,,,2
5201,'Semaine-12',609,,82372,11,,,1,100,,82374,11,,,1,103,,82373,11,,,1,97,,82357,11,,,1,101,,82363,11,,,1,99,,82360,11,,,1,100,,82367,11,,,1,100,,82358,11,,,1,100,,82362,11,,,1,101,,82361,11,,,1,100,,82371,11,,,1,100,,82370,11,,,1,99,,82364,11,,,1,100,,82365,11,,,1,100,,82369,11,,,1,100,,82366,11,,,1,100,,82368,11,,,1,100,,82359,11,,,2
55000,'Semaine-1',651,,86799,11,0,5 6,1,2,,86800,11,0,5 6,1
55000,'Semaine-12',651,,86801,11,0,5 6,1,2,,86802,11,0,5 6,1
64001,'Semaine-1',719,,86843,11,0,9 10,1,2,,86844,11,0,9 10,1
64001,'Semaine-12',719,,86845,11,0,9 10,1,2,,86846,11,0,9 10,1
74001,'Semaine-1',802,,86883,11,0,5 11,2,2,,86884,11,0,5 11,1
74001,'Semaine-12',802,,86885,11,0,5 11,2,2,,86886,11,0,5 11,1
