3600,'Semaine-1',930,,81164,47,,,1,102,,81165,47,,,1,101,,81163,47,,,1,100,,81166,47,,,1,100,,81168,47,,,1,100,,81169,47,,,1,100,,81167,47,,,1
3600,'Semaine-12',930,,81171,47,,,1,102,,81172,47,,,1,101,,81170,47,,,1,100,,81173,47,,,1,100,,81175,47,,,1,100,,81176,47,,,1,100,,81174,47,,,1
3700,'Samedi-1',747,,81191,39,,,1,100,,81192,39,,,1,100,,81194,39,,,1,103,,81195,39,,,1,100,,81193,39,,,1,102,,81196,39,,,1,100,,81197,39,,,1,100,,81198,39,,,1,100,,81199,39,,,1,100,,81200,39,,,1,100,,81201,39,,,1,100,,81202,39,,,1,97,,81203,39,,,1,100,,81204,39,,,1,100,,81205,39,,,1,100,,81206,39,,,1,97,,81207,39,,,1,100,,81208,39,,,1
3700,'Samedi-10',747,,68178,39,,,1,100,,68179,39,,,1,100,,68181,39,,,1,103,,68182,39,,,1,100,,68180,39,,,1,102,,68183,39,,,1,100,,68184,39,,,1,100,,68185,39,,,1,100,,68186,39,,,1,100,,68187,39,,,1,100,,68188,39,,,1,100,,68189,39,,,1,97,,68190,39,,,1,100,,68191,39,,,1,100,,68192,39,,,1,100,,68193,39,,,1,97,,68194,39,,,1,100,,68195,39,,,1
3700,'Dimanche-1',747,,81211,39,,,1,100,,81214,39,,,1,100,,81216,39,,,1,103,,81212,39,,,1,100,,81209,39,,,1,102,,81213,39,,,1,100,,81210,39,,,1,100,,81215,39,,,1,100,,81217,39,,,1,100,,81219,39,,,1,100,,81218,39,,,1,100,,81222,39,,,1,97,,81221,39,,,1,100,,81220,39,,,1,100,,81223,39,,,1,100,,81224,39,,,1,97,,81225,39,,,1,100,,81226,39,,,1
3700,'Semaine-1',708,,81248,39,,,1,44,,81254,39,,,1,71,,81245,39,,,1,27,,81229,39,,,1,69,,81243,39,,,1,89,,81235,39,,,1,100,,81231,39,,,1,100,,81232,39,,,1,100,,81233,39,,,1,103,,81234,39,,,1,100,,81240,39,,,1,90,,81241,39,,,1,16,,81242,39,,,1,15,,81228,39,,,1,15,,81250,39,,,1,63,,81237,39,,,1,30,,81246,39,,,1,63,,81236,39,,,1,27,,81230,39,,,1,29,,81227,39,,,1,66,,81238,39,,,1,30,,81253,39,,,1,69,,81244,39,,,1,76,,81255,39,,,1,59,,81251,39,,,1,98,,81239,39,,,1,100,,81249,39,,,1,99,,81252,39,,,1,55,,81247,39,,,1
3700,'Semaine-12',708,,81277,39,,,1,44,,81283,39,,,1,71,,81274,39,,,1,27,,81258,39,,,1,69,,81272,39,,,1,89,,81264,39,,,1,100,,81260,39,,,1,100,,81261,39,,,1,100,,81262,39,,,1,103,,81263,39,,,1,100,,81269,39,,,1,90,,81270,39,,,1,16,,81271,39,,,1,15,,81257,39,,,1,15,,81279,39,,,1,63,,81266,39,,,1,30,,81275,39,,,1,63,,81265,39,,,1,27,,81259,39,,,1,29,,81256,39,,,1,66,,81267,39,,,1,30,,81282,39,,,1,69,,81273,39,,,1,76,,81284,39,,,1,59,,81280,39,,,1,98,,81268,39,,,1,100,,81278,39,,,1,99,,81281,39,,,1,55,,81276,39,,,1
6400,'Samedi-1',759,,83307,39,,,1,100,,83309,39,,,1,100,,83312,39,,,1,100,,83310,39,,,1,100,,83313,39,,,1,100,,83308,39,,,1,100,,83311,39,,,1,100,,83314,39,,,1,98,,83315,39,,,1,100,,83316,39,,,1,100,,83317,39,,,1,100,,83318,39,,,1
6400,'Samedi-10',759,,72456,39,,,1,100,,72458,39,,,1,100,,72461,39,,,1,100,,72459,39,,,1,100,,72462,39,,,1,100,,72457,39,,,1,100,,72460,39,,,1,100,,72463,39,,,1,98,,72464,39,,,1,100,,72465,39,,,1,100,,72466,39,,,1,100,,72467,39,,,1
6400,'Dimanche-1',759,,83320,39,,,1,100,,83321,39,,,1,100,,83326,39,,,1,100,,83324,39,,,1,100,,83319,39,,,1,100,,83322,39,,,1,100,,83323,39,,,1,100,,83327,39,,,1,98,,83325,39,,,1,100,,83329,39,,,1,100,,83330,39,,,1,100,,83328,39,,,1
6400,'Semaine-1',712,,83339,39,,,1,34,,83336,39,,,1,70,,83331,39,,,1,30,,83335,39,,,1,100,,83337,39,,,1,100,,83342,39,,,1,100,,83341,39,,,1,100,,83334,39,,,1,100,,83347,39,,,1,100,,83343,39,,,1,95,,83344,39,,,1,85,,83349,39,,,1,87,,83348,39,,,1,100,,83345,39,,,1,95,,83346,39,,,1,100,,83338,39,,,2,99,,83332,39,,,2,100,,83340,39,,,1,100,,83333,39,,,1
6400,'Semaine-12',712,,83358,39,,,1,34,,83355,39,,,1,70,,83350,39,,,1,30,,83354,39,,,1,100,,83356,39,,,1,100,,83361,39,,,1,100,,83360,39,,,1,100,,83353,39,,,1,100,,83366,39,,,1,100,,83362,39,,,1,95,,83363,39,,,1,85,,83368,39,,,1,87,,83367,39,,,1,100,,83364,39,,,1,95,,83365,39,,,1,100,,83357,39,,,2,99,,83351,39,,,2,100,,83359,39,,,1,100,,83352,39,,,1
6801,'Semaine-1',630,,84171,17,,,1,20,,84184,17,,,1,58,,84155,17,,,1,19,,84168,17,,,1,6,,84182,17,,,1,7,,84162,17,,,1,6,,84167,17,,,1,62,,84173,17,,,1,18,,84185,17,,,1,20,,84161,17,,,1,60,,84180,17,,,1,19,,84178,17,,,1,20,,84183,17,,,1,68,,84156,17,,,1,30,,84176,17,,,1,70,,84157,17,,,1,30,,84159,17,,,1,70,,84179,17,,,1,30,,84163,17,,,1,70,,84181,17,,,1,32,,84175,17,,,1,70,,84164,17,,,1,30,,84174,17,,,1,69,,84165,17,,,1,34,,84160,17,,,1,71,,84158,17,,,1,26,,84172,17,,,1,70,,84166,17,,,1,28,,84177,17,,,1,70,,84170,17,,,1,30,,84169,17,,,1
6801,'Semaine-12',630,,84202,17,,,1,20,,84215,17,,,1,58,,84186,17,,,1,19,,84199,17,,,1,6,,84213,17,,,1,7,,84193,17,,,1,6,,84198,17,,,1,62,,84204,17,,,1,18,,84216,17,,,1,20,,84192,17,,,1,60,,84211,17,,,1,19,,84209,17,,,1,20,,84214,17,,,1,68,,84187,17,,,1,30,,84207,17,,,1,70,,84188,17,,,1,30,,84190,17,,,1,70,,84210,17,,,1,30,,84194,17,,,1,70,,84212,17,,,1,32,,84206,17,,,1,70,,84195,17,,,1,30,,84205,17,,,1,69,,84196,17,,,1,34,,84191,17,,,1,71,,84189,17,,,1,26,,84203,17,,,1,70,,84197,17,,,1,28,,84208,17,,,1,70,,84201,17,,,1,30,,84200,17,,,1
33100,'Semaine-1',817,,85911,11,0,7 8,1
33100,'Semaine-12',817,,85912,11,0,7 8,1
37100,'Samedi-1',818,,85916,40,,,1,101,,85920,40,,,1,100,,85915,40,,,1,103,,85921,40,,,1,100,,85917,40,,,1,100,,85918,40,,,1,100,,85919,40,,,1,104,,85922,40,,,1,100,,85923,40,,,1,100,,85924,40,,,1,98,,85925,40,,,1,98,,85926,40,,,1,100,,85927,40,,,1,98,,85928,40,,,1,100,,85929,40,,,1,99,,85930,40,,,1,98,,85931,40,,,1
37100,'Samedi-10',818,,77442,40,,,1,101,,77446,40,,,1,100,,77441,40,,,1,103,,77447,40,,,1,100,,77443,40,,,1,100,,77444,40,,,1,100,,77445,40,,,1,104,,77448,40,,,1,100,,77449,40,,,1,100,,77450,40,,,1,98,,77451,40,,,1,98,,77452,40,,,1,100,,77453,40,,,1,98,,77454,40,,,1,100,,77455,40,,,1,99,,77456,40,,,1,98,,77457,40,,,1
37100,'Dimanche-1',818,,85932,40,,,1,101,,85934,40,,,1,100,,85936,40,,,1,103,,85937,40,,,1,100,,85944,40,,,1,100,,85933,40,,,1,100,,85938,40,,,1,104,,85935,40,,,1,100,,85940,40,,,1,100,,85942,40,,,1,98,,85943,40,,,1,98,,85941,40,,,1,100,,85939,40,,,1,98,,85945,40,,,1,100,,85946,40,,,1,99,,85947,40,,,1,98,,85948,40,,,1
37100,'Semaine-1',728,,85962,40,,,1,74,,85959,40,,,1,30,,85955,40,,,1,68,,85950,40,,,1,50,,85969,40,,,1,97,,85954,40,,,1,102,,85956,40,,,1,100,,85968,40,,,1,100,,85963,40,,,1,103,,85952,40,,,1,95,,85964,40,,,1,59,,85973,40,,,1,16,,85953,40,,,1,15,,85974,40,,,1,65,,85949,40,,,1,20,,85958,40,,,1,27,,85965,40,,,1,65,,85971,40,,,1,26,,85970,40,,,1,70,,85960,40,,,1,28,,85972,40,,,1,70,,85975,40,,,1,30,,85961,40,,,1,95,,85957,40,,,1,100,,85967,40,,,1,100,,85966,40,,,1,97,,85951,40,,,1
37100,'Semaine-12',728,,85989,40,,,1,74,,85986,40,,,1,30,,85982,40,,,1,68,,85977,40,,,1,50,,85996,40,,,1,97,,85981,40,,,1,102,,85983,40,,,1,100,,85995,40,,,1,100,,85990,40,,,1,103,,85979,40,,,1,95,,85991,40,,,1,59,,86000,40,,,1,16,,85980,40,,,1,15,,86001,40,,,1,65,,85976,40,,,1,20,,85985,40,,,1,27,,85992,40,,,1,65,,85998,40,,,1,26,,85997,40,,,1,70,,85987,40,,,1,28,,85999,40,,,1,70,,86002,40,,,1,30,,85988,40,,,1,95,,85984,40,,,1,100,,85994,40,,,1,100,,85993,40,,,1,97,,85978,40,,,1
43700,'Semaine-1',747,,86783,35,0,9 14,1,2,,86784,31,0,9 14,2
43700,'Semaine-12',747,,86785,35,0,9 14,1,2,,86786,31,0,9 14,2
