2500,'Semaine-1',1546,,79993,31,,,1,70,,79996,31,,,1,32,,79994,31,,,1,73,,79998,31,,,1,24,,79995,31,,,2,65,,79997,31,,,2
2500,'Semaine-12',1546,,79999,31,,,1,70,,80002,31,,,1,32,,80000,31,,,1,73,,80004,31,,,1,24,,80001,31,,,2,65,,80003,31,,,2
2800,'Semaine-1',1617,,80055,41,,,1,42,,80056,41,,,1,90,,80057,41,,,1
2800,'Semaine-12',1617,,80058,41,,,1,42,,80059,41,,,1,90,,80060,41,,,1
3900,'Samedi-1',648,,81669,19,,,1,101,,81670,19,,,1,100,,81674,19,,,1,101,,81673,19,,,1,100,,81676,19,,,1,100,,81675,19,,,1,102,,81671,19,,,1,70,,81672,19,,,1,30,,81677,19,,,1,71,,81678,19,,,1,30,,81679,19,,,1,70,,81680,19,,,1,31,,81681,19,,,1,70,,81682,19,,,1,30,,81683,19,,,1,70,,81684,19,,,1,30,,81685,19,,,1,69,,81686,19,,,1,29,,81687,19,,,1,68,,81688,19,,,1,100,,81689,19,,,1,100,,81690,19,,,1,100,,81691,19,,,1,100,,81692,19,,,1
3900,'Samedi-10',648,,69204,19,,,1,101,,69205,19,,,1,100,,69209,19,,,1,101,,69208,19,,,1,100,,69211,19,,,1,100,,69210,19,,,1,102,,69206,19,,,1,70,,69207,19,,,1,30,,69212,19,,,1,71,,69213,19,,,1,30,,69214,19,,,1,70,,69215,19,,,1,31,,69216,19,,,1,70,,69217,19,,,1,30,,69218,19,,,1,70,,69219,19,,,1,30,,69220,19,,,1,69,,69221,19,,,1,29,,69222,19,,,1,68,,69223,19,,,1,100,,69224,19,,,1,100,,69225,19,,,1,100,,69226,19,,,1,100,,69227,19,,,1
3900,'Dimanche-1',648,,81693,19,,,1,101,,81700,19,,,1,100,,81703,19,,,1,101,,81696,19,,,1,100,,81698,19,,,1,100,,81699,19,,,1,102,,81702,19,,,1,70,,81695,19,,,1,30,,81697,19,,,1,71,,81704,19,,,1,30,,81694,19,,,1,70,,81705,19,,,1,31,,81701,19,,,1,70,,81708,19,,,1,30,,81711,19,,,1,70,,81713,19,,,1,30,,81707,19,,,1,69,,81710,19,,,1,29,,81712,19,,,1,68,,81706,19,,,1,100,,81709,19,,,1,100,,81714,19,,,1,100,,81715,19,,,1,100,,81716,19,,,1
3900,'Semaine-1',624,,81734,19,,,1,22,,81720,19,,,1,72,,81739,19,,,1,29,,81732,19,,,1,74,,81733,19,,,1,32,,81731,19,,,1,72,,81728,19,,,1,30,,81745,19,,,2,70,,81740,19,,,1,31,,81752,19,,,1,70,,81737,19,,,2,30,,81741,19,,,1,70,,81729,19,,,1,31,,81727,19,,,1,70,,81742,19,,,1,29,,81730,19,,,2,70,,81717,19,,,1,33,,81743,19,,,1,74,,81724,19,,,1,69,,81726,19,,,1,31,,81744,19,,,2,72,,81723,19,,,1,28,,81718,19,,,1,69,,81746,19,,,1,28,,81725,19,,,1,71,,81719,19,,,2,29,,81747,19,,,2,72,,81722,19,,,1,25,,81738,19,,,2,26,,81748,19,,,1,70,,81721,19,,,1,30,,81736,19,,,1,69,,81749,19,,,1,30,,81735,19,,,1,72,,81751,19,,,1,28,,81750,19,,,1
3900,'Semaine-12',624,,81770,19,,,1,22,,81756,19,,,1,72,,81775,19,,,1,29,,81768,19,,,1,74,,81769,19,,,1,32,,81767,19,,,1,72,,81764,19,,,1,30,,81781,19,,,2,70,,81776,19,,,1,31,,81788,19,,,1,70,,81773,19,,,2,30,,81777,19,,,1,70,,81765,19,,,1,31,,81763,19,,,1,70,,81778,19,,,1,29,,81766,19,,,2,70,,81753,19,,,1,33,,81779,19,,,1,74,,81760,19,,,1,69,,81762,19,,,1,31,,81780,19,,,2,72,,81759,19,,,1,28,,81754,19,,,1,69,,81782,19,,,1,28,,81761,19,,,1,71,,81755,19,,,2,29,,81783,19,,,2,72,,81758,19,,,1,25,,81774,19,,,2,26,,81784,19,,,1,70,,81757,19,,,1,30,,81772,19,,,1,69,,81785,19,,,1,30,,81771,19,,,1,72,,81787,19,,,1,28,,81786,19,,,1
5000,'Semaine-1',658,,82216,35,,,1,62,,82214,35,,,1,8,,82215,14,,,2,25,,82217,35,,,2,70,,82213,35,,,1,106,,82218,35,,,1
5000,'Semaine-12',658,,82222,35,,,1,62,,82220,35,,,1,8,,82221,14,,,2,25,,82223,35,,,2,70,,82219,35,,,1,106,,82224,35,,,1
32500,'Semaine-1',1645,,85896,37,0,7 8,1
32500,'Semaine-12',1645,,85898,37,0,7 8,1
42501,'Semaine-1',1515,,86757,25,0,9 14,1
42501,'Semaine-12',1515,,86758,25,0,9 14,1
55000,'Semaine-1',714,,86799,35,0,5 6,1,2,,86800,35,0,5 6,1
55000,'Semaine-12',714,,86801,35,0,5 6,1,2,,86802,35,0,5 6,1
63900,'Semaine-1',1526,,86833,32,0,9 10,1
63900,'Semaine-12',1526,,86834,32,0,9 10,1
72500,'Semaine-1',1640,,86867,29,0,5 11,1
72500,'Semaine-12',1640,,86868,29,0,5 11,1
82500,'Semaine-1',1546,,87113,23,0,9 12 13,1
82500,'Semaine-12',1546,,87115,23,0,9 12 13,1
