2000,'Semaine-1',634,,79961,4,,,1,110,,79960,4,,,1,97,,79959,4,,,1
2000,'Semaine-12',634,,79964,4,,,1,110,,79963,4,,,1,97,,79962,4,,,1
2300,'Semaine-1',1536,,79976,7,,,1,68,,79974,7,,,1,34,,79972,7,,,1,65,,79973,7,,,2,27,,79975,7,,,2,71,,79971,7,,,1
2300,'Semaine-12',1536,,79982,7,,,1,68,,79980,7,,,1,34,,79978,7,,,1,65,,79979,7,,,2,27,,79981,7,,,2,71,,79977,7,,,1
2500,'Semaine-1',1519,,79993,6,,,1,29,,79996,6,,,1,71,,79994,6,,,1,33,,79998,6,,,1,66,,79995,6,,,2,28,,79997,6,,,2
2500,'Semaine-12',1519,,79999,6,,,1,29,,80002,6,,,1,71,,80000,6,,,1,33,,80004,6,,,1,66,,80001,6,,,2,28,,80003,6,,,2
2600,'Semaine-1',1542,,80019,6,,,1,71,,80018,6,,,1,29,,80017,6,,,2,71,,80020,6,,,1,28,,80021,6,,,2
2600,'Semaine-12',1542,,80024,6,,,1,71,,80023,6,,,1,29,,80022,6,,,2,71,,80025,6,,,1,28,,80026,6,,,2
2700,'Semaine-1',1551,,80039,4,,,1,70,,80037,4,,,2,29,,80041,4,,,1,70,,80038,4,,,2,29,,80040,4,,,2
2700,'Semaine-12',1551,,80044,4,,,1,70,,80042,4,,,2,29,,80046,4,,,1,70,,80043,4,,,2,29,,80045,4,,,2
2900,'Semaine-1',1533,,80070,6,,,2,73,,80069,6,,,1,32,,80067,6,,,2,67,,80071,6,,,1,32,,80068,6,,,1
2900,'Semaine-12',1533,,80075,6,,,2,73,,80074,6,,,1,32,,80072,6,,,2,67,,80076,6,,,1,32,,80073,6,,,1
3101,'Samedi-1',710,,80209,36,,,1,100,,80210,36,,,1,100,,80211,36,,,1,103,,80212,36,,,1,100,,80213,36,,,1,100,,80214,36,,,1,100,,80215,36,,,1,100,,80216,36,,,1,100,,80217,36,,,1,100,,80218,36,,,1,100,,80219,36,,,1,99,,80220,36,,,1,99,,80221,36,,,1,98,,80222,36,,,1,100,,80223,36,,,1,100,,80224,36,,,1,100,,80225,36,,,1,100,,80226,36,,,1
3101,'Samedi-10',710,,66345,36,,,1,100,,66346,36,,,1,100,,66347,36,,,1,103,,66348,36,,,1,100,,66349,36,,,1,100,,66350,36,,,1,100,,66351,36,,,1,100,,66352,36,,,1,100,,66353,36,,,1,100,,66354,36,,,1,100,,66355,36,,,1,99,,66356,36,,,1,99,,66357,36,,,1,98,,66358,36,,,1,100,,66359,36,,,1,100,,66360,36,,,1,100,,66361,36,,,1,100,,66362,36,,,1
3101,'Dimanche-1',710,,80228,36,,,1,100,,80233,36,,,1,100,,80240,36,,,1,103,,80230,36,,,1,100,,80232,36,,,1,100,,80229,36,,,1,100,,80231,36,,,1,100,,80227,36,,,1,100,,80234,36,,,1,100,,80237,36,,,1,100,,80236,36,,,1,99,,80235,36,,,1,99,,80239,36,,,1,98,,80238,36,,,1,100,,80241,36,,,1,100,,80242,36,,,1,100,,80243,36,,,1,100,,80244,36,,,1
3101,'Semaine-1',551,,80248,36,,,1,76,,80282,36,,,1,74,,80262,36,,,1,33,,80249,36,,,1,16,,80285,36,,,1,57,,80245,36,,,1,15,,80287,36,,,1,11,,80259,36,,,1,15,,80260,36,,,1,54,,80279,36,,,1,15,,80250,36,,,1,19,,80252,36,,,1,20,,80277,36,,,1,60,,80269,36,,,1,21,,80278,36,,,1,20,,80251,36,,,1,60,,80253,36,,,1,20,,80273,36,,,1,20,,80283,36,,,1,60,,80272,36,,,1,20,,80254,36,,,1,20,,80246,36,,,1,60,,80276,36,,,1,20,,80286,36,,,1,20,,80271,36,,,1,60,,80255,36,,,1,17,,80274,36,,,1,23,,80275,36,,,1,61,,80284,36,,,1,23,,80270,36,,,1,59,,80256,36,,,1,23,,80267,36,,,1,20,,80268,36,,,1,60,,80257,36,,,1,19,,80263,36,,,1,19,,80247,36,,,1,59,,80280,36,,,1,18,,80288,36,,,1,23,,80258,36,,,1,97,,80281,36,,,1,100,,80264,36,,,1,100,,80261,36,,,1,98,,80265,36,,,1,100,,80266,36,,,1
3101,'Semaine-12',551,,80292,36,,,1,76,,80326,36,,,1,74,,80306,36,,,1,33,,80293,36,,,1,16,,80329,36,,,1,57,,80289,36,,,1,15,,80331,36,,,1,11,,80303,36,,,1,15,,80304,36,,,1,54,,80323,36,,,1,15,,80294,36,,,1,19,,80296,36,,,1,20,,80321,36,,,1,60,,80313,36,,,1,21,,80322,36,,,1,20,,80295,36,,,1,60,,80297,36,,,1,20,,80317,36,,,1,20,,80327,36,,,1,60,,80316,36,,,1,20,,80298,36,,,1,20,,80290,36,,,1,60,,80320,36,,,1,20,,80330,36,,,1,20,,80315,36,,,1,60,,80299,36,,,1,17,,80318,36,,,1,23,,80319,36,,,1,61,,80328,36,,,1,23,,80314,36,,,1,59,,80300,36,,,1,23,,80311,36,,,1,20,,80312,36,,,1,60,,80301,36,,,1,19,,80307,36,,,1,19,,80291,36,,,1,59,,80324,36,,,1,18,,80332,36,,,1,23,,80302,36,,,1,97,,80325,36,,,1,100,,80308,36,,,1,100,,80305,36,,,1,98,,80309,36,,,1,100,,80310,36,,,1
3200,'Semaine-1',620,,80376,7,,,1,32,,80375,7,,,1,71,,80371,7,,,1,31,,80373,7,,,1,70,,80372,7,,,2,30,,80374,7,,,1,69,,80347,7,,,2,30,,80342,7,,,1,70,,80343,7,,,2,30,,80354,7,,,1,70,,80348,7,,,1,30,,80334,7,,,1,70,,80335,7,,,1,30,,80346,7,,,1,70,,80349,7,,,1,30,,80355,7,,,1,70,,80336,7,,,1,30,,80381,7,,,1,54,,80333,7,,,2,13,,80363,7,,,1,10,,80353,7,,,1,11,,80359,7,,,2,10,,80360,7,,,1,50,,80378,7,,,1,10,,80379,7,,,1,10,,80380,7,,,2,13,,80377,7,,,2,7,,80350,7,,,1,10,,80361,7,,,1,50,,80369,7,,,2,10,,80362,7,,,2,10,,80339,7,,,1,10,,80370,7,,,1,10,,80356,7,,,2,8,,80358,7,,,1,10,,80357,7,,,1,61,,80351,7,,,2,25,,80345,7,,,1,70,,80340,7,,,1,30,,80337,7,,,2,69,,80352,7,,,2,30,,80344,7,,,1,73,,80341,7,,,1,27,,80338,7,,,2,70,,80364,7,,,1,29,,80365,7,,,1,69,,80366,7,,,1,30,,80367,7,,,1,70,,80368,7,,,1
3200,'Semaine-12',620,,80425,7,,,1,32,,80424,7,,,1,71,,80420,7,,,1,31,,80422,7,,,1,70,,80421,7,,,2,30,,80423,7,,,1,69,,80396,7,,,2,30,,80391,7,,,1,70,,80392,7,,,2,30,,80403,7,,,1,70,,80397,7,,,1,30,,80383,7,,,1,70,,80384,7,,,1,30,,80395,7,,,1,70,,80398,7,,,1,30,,80404,7,,,1,70,,80385,7,,,1,30,,80430,7,,,1,54,,80382,7,,,2,13,,80412,7,,,1,10,,80402,7,,,1,11,,80408,7,,,2,10,,80409,7,,,1,50,,80427,7,,,1,10,,80428,7,,,1,10,,80429,7,,,2,13,,80426,7,,,2,7,,80399,7,,,1,10,,80410,7,,,1,50,,80418,7,,,2,10,,80411,7,,,2,10,,80388,7,,,1,10,,80419,7,,,1,10,,80405,7,,,2,8,,80407,7,,,1,10,,80406,7,,,1,61,,80400,7,,,2,25,,80394,7,,,1,70,,80389,7,,,1,30,,80386,7,,,2,69,,80401,7,,,2,30,,80393,7,,,1,73,,80390,7,,,1,27,,80387,7,,,2,70,,80413,7,,,1,29,,80414,7,,,1,69,,80415,7,,,1,30,,80416,7,,,1,70,,80417,7,,,1
3300,'Samedi-1',745,,80535,7,,,1,100,,80536,7,,,1,99,,80537,7,,,1,100,,80538,7,,,1,101,,80539,7,,,1,100,,80540,7,,,1,100,,80541,7,,,1,100,,80542,7,,,1,100,,80543,7,,,1,100,,80544,7,,,1,100,,80545,7,,,1,100,,80546,7,,,1,100,,80547,7,,,1,100,,80548,7,,,1,100,,80549,7,,,1,100,,80550,7,,,1,100,,80551,7,,,1,100,,80552,7,,,1
3300,'Samedi-10',745,,66888,7,,,1,100,,66889,7,,,1,99,,66890,7,,,1,100,,66891,7,,,1,101,,66892,7,,,1,100,,66893,7,,,1,100,,66894,7,,,1,100,,66895,7,,,1,100,,66896,7,,,1,100,,66897,7,,,1,100,,66898,7,,,1,100,,66899,7,,,1,100,,66900,7,,,1,100,,66901,7,,,1,100,,66902,7,,,1,100,,66903,7,,,1,100,,66904,7,,,1,100,,66905,7,,,1
3300,'Dimanche-1',745,,80554,7,,,1,100,,80559,7,,,1,99,,80565,7,,,1,100,,80556,7,,,1,101,,80558,7,,,1,100,,80555,7,,,1,100,,80557,7,,,1,100,,80553,7,,,1,100,,80561,7,,,1,100,,80560,7,,,1,100,,80563,7,,,1,100,,80562,7,,,1,100,,80564,7,,,1,100,,80566,7,,,1,100,,80567,7,,,1,100,,80568,7,,,1,100,,80569,7,,,1,100,,80570,7,,,1
3300,'Semaine-1',619,,80596,7,,,1,20,,80595,7,,,1,18,,80602,7,,,1,74,,80575,7,,,1,13,,80589,7,,,1,60,,80597,7,,,1,16,,80610,7,,,1,17,,80603,7,,,1,68,,80587,7,,,1,29,,80605,7,,,1,72,,80590,7,,,1,38,,80580,7,,,1,61,,80599,7,,,1,20,,80585,7,,,1,20,,80592,7,,,1,60,,80581,7,,,1,22,,80607,7,,,1,18,,80588,7,,,1,60,,80609,7,,,1,32,,80594,7,,,1,69,,80582,7,,,1,20,,80604,7,,,1,20,,80600,7,,,1,59,,80593,7,,,1,23,,80572,7,,,1,21,,80584,7,,,1,52,,80591,7,,,1,15,,80608,7,,,1,17,,80606,7,,,1,25,,80601,7,,,1,60,,80579,7,,,1,20,,80578,7,,,1,15,,80583,7,,,1,58,,80571,7,,,1,18,,80576,7,,,1,81,,80611,7,,,1,33,,80586,7,,,1,99,,80577,7,,,1,102,,80573,7,,,1,100,,80598,7,,,2,100,,80612,7,,,1,103,,80574,7,,,1
3300,'Semaine-12',619,,80638,7,,,1,20,,80637,7,,,1,18,,80644,7,,,1,74,,80617,7,,,1,13,,80631,7,,,1,60,,80639,7,,,1,16,,80652,7,,,1,17,,80645,7,,,1,68,,80629,7,,,1,29,,80647,7,,,1,72,,80632,7,,,1,38,,80622,7,,,1,61,,80641,7,,,1,20,,80627,7,,,1,20,,80634,7,,,1,60,,80623,7,,,1,22,,80649,7,,,1,18,,80630,7,,,1,60,,80651,7,,,1,32,,80636,7,,,1,69,,80624,7,,,1,20,,80646,7,,,1,20,,80642,7,,,1,59,,80635,7,,,1,23,,80614,7,,,1,21,,80626,7,,,1,52,,80633,7,,,1,15,,80650,7,,,1,17,,80648,7,,,1,25,,80643,7,,,1,60,,80621,7,,,1,20,,80620,7,,,1,15,,80625,7,,,1,58,,80613,7,,,1,18,,80618,7,,,1,81,,80653,7,,,1,33,,80628,7,,,1,99,,80619,7,,,1,102,,80615,7,,,1,100,,80640,7,,,2,100,,80654,7,,,1,103,,80616,7,,,1
3400,'Samedi-1',728,,80773,7,,,1,100,,80778,7,,,1,30,,80774,7,,,1,70,,80780,7,,,1,30,,80781,7,,,1,70,,80775,7,,,1,30,,80776,7,,,1,70,,80777,7,,,1,30,,80779,7,,,1,70,,80782,7,,,1,30,,80784,7,,,1,70,,80783,7,,,1,30,,80785,7,,,1,70,,80786,7,,,1,30,,80787,7,,,1,70,,80788,7,,,1,30,,80789,7,,,1,70,,80790,7,,,1,30,,80791,7,,,1,70,,80792,7,,,1,30,,80793,7,,,1,70,,80794,7,,,1,29,,80795,7,,,1,69,,80796,7,,,1,31,,80797,7,,,1,70,,80798,7,,,1,30,,80799,7,,,1,70,,80800,7,,,1,30,,80801,7,,,1,70,,80803,7,,,1,30,,80802,7,,,1,70,,80805,7,,,1,30,,80804,7,,,1,69,,80806,7,,,1
3400,'Samedi-10',728,,67369,7,,,1,100,,67374,7,,,1,30,,67370,7,,,1,70,,67376,7,,,1,30,,67377,7,,,1,70,,67371,7,,,1,30,,67372,7,,,1,70,,67373,7,,,1,30,,67375,7,,,1,70,,67378,7,,,1,30,,67380,7,,,1,70,,67379,7,,,1,30,,67381,7,,,1,70,,67382,7,,,1,30,,67383,7,,,1,70,,67384,7,,,1,30,,67385,7,,,1,70,,67386,7,,,1,30,,67387,7,,,1,70,,67388,7,,,1,30,,67389,7,,,1,70,,67390,7,,,1,29,,67391,7,,,1,69,,67392,7,,,1,31,,67393,7,,,1,70,,67394,7,,,1,30,,67395,7,,,1,70,,67396,7,,,1,30,,67397,7,,,1,70,,67399,7,,,1,30,,67398,7,,,1,70,,67401,7,,,1,30,,67400,7,,,1,69,,67402,7,,,1
3400,'Dimanche-1',728,,80811,7,,,1,100,,80831,7,,,1,30,,80813,7,,,1,70,,80817,7,,,1,30,,80810,7,,,1,70,,80818,7,,,1,30,,80809,7,,,1,70,,80808,7,,,1,30,,80821,7,,,1,70,,80812,7,,,1,30,,80815,7,,,1,70,,80814,7,,,1,30,,80807,7,,,1,70,,80823,7,,,1,30,,80819,7,,,1,70,,80820,7,,,1,30,,80816,7,,,1,70,,80827,7,,,1,30,,80826,7,,,1,70,,80824,7,,,1,30,,80822,7,,,1,70,,80825,7,,,1,29,,80830,7,,,1,69,,80828,7,,,1,31,,80829,7,,,1,70,,80832,7,,,1,30,,80833,7,,,1,70,,80834,7,,,1,30,,80835,7,,,1,70,,80836,7,,,1,30,,80837,7,,,1,70,,80839,7,,,1,30,,80838,7,,,1,69,,80840,7,,,1
3400,'Semaine-1',606,,80871,7,,,1,28,,80856,7,,,1,71,,80850,7,,,1,34,,80854,7,,,1,70,,80845,7,,,2,30,,80865,7,,,1,70,,80851,7,,,1,29,,80841,7,,,1,70,,80846,7,,,1,30,,80847,7,,,1,70,,80852,7,,,1,30,,80842,7,,,1,70,,80872,7,,,1,30,,80848,7,,,1,70,,80853,7,,,1,30,,80843,7,,,1,70,,80869,7,,,1,31,,80844,7,,,1,63,,80870,7,,,1,308,,80868,7,,,1,20,,80857,7,,,1,29,,80849,7,,,1,70,,80861,7,,,1,30,,80867,7,,,1,71,,80858,7,,,1,29,,80860,7,,,1,70,,80862,7,,,1,30,,80855,7,,,1,70,,80864,7,,,1,30,,80859,7,,,1,69,,80863,7,,,1,30,,80866,7,,,1
3400,'Semaine-12',606,,80903,7,,,1,28,,80888,7,,,1,71,,80882,7,,,1,34,,80886,7,,,1,70,,80877,7,,,2,30,,80897,7,,,1,70,,80883,7,,,1,29,,80873,7,,,1,70,,80878,7,,,1,30,,80879,7,,,1,70,,80884,7,,,1,30,,80874,7,,,1,70,,80904,7,,,1,30,,80880,7,,,1,70,,80885,7,,,1,30,,80875,7,,,1,70,,80901,7,,,1,31,,80876,7,,,1,63,,80902,7,,,1,308,,80900,7,,,1,20,,80889,7,,,1,29,,80881,7,,,1,70,,80893,7,,,1,30,,80899,7,,,1,71,,80890,7,,,1,29,,80892,7,,,1,70,,80894,7,,,1,30,,80887,7,,,1,70,,80896,7,,,1,30,,80891,7,,,1,69,,80895,7,,,1,30,,80898,7,,,1
3500,'Semaine-1',632,,81054,14,0,15 16,1,78,,81029,14,0,15 16,2,23,,81039,14,0,15 16,1,23,,81057,14,0,15 16,1,55,,81047,14,0,15 16,1,20,,81062,14,0,15 16,1,20,,81059,14,0,15 16,1,63,,81052,14,0,15 16,1,21,,81058,14,0,15 16,1,70,,81037,14,0,15 16,1,26,,81050,14,0,15 16,1,74,,81031,14,0,15 16,1,28,,81035,14,0,15 16,1,70,,81045,14,0,15 16,2,32,,81030,14,0,15 16,1,70,,81040,14,0,15 16,1,30,,81061,14,0,15 16,2,70,,81048,14,0,15 16,1,30,,81032,14,0,15 16,2,72,,81044,14,,,2,30,,81046,14,0,15 16,1,18,,81038,7,0,15 16,1,59,,81049,14,,,1,13,,81043,7,0,15 16,1,18,,81053,14,,,1,68,,81055,14,0,15 16,1,31,,81036,14,,,1,63,,81034,14,0,15 16,1,28,,81063,14,,,1,66,,81051,14,0,15 16,1,30,,81041,7,0,15 16,1,70,,81042,14,,,1,100,,81056,14,,,1,101,,81060,14,,,1,100,,81033,14,0,15 16,1
3500,'Semaine-12',632,,81089,14,0,15 16,1,78,,81064,14,0,15 16,2,23,,81074,14,0,15 16,1,23,,81092,14,0,15 16,1,55,,81082,14,0,15 16,1,20,,81097,14,0,15 16,1,20,,81094,14,0,15 16,1,63,,81087,14,0,15 16,1,21,,81093,14,0,15 16,1,70,,81072,14,0,15 16,1,26,,81085,14,0,15 16,1,74,,81066,14,0,15 16,1,28,,81070,14,0,15 16,1,70,,81080,14,0,15 16,2,32,,81065,14,0,15 16,1,70,,81075,14,0,15 16,1,30,,81096,14,0,15 16,2,70,,81083,14,0,15 16,1,30,,81067,14,0,15 16,2,72,,81079,14,,,2,30,,81081,14,0,15 16,1,18,,81073,7,0,15 16,1,59,,81084,14,,,1,13,,81078,7,0,15 16,1,18,,81088,14,,,1,68,,81090,14,0,15 16,1,31,,81071,14,,,1,63,,81069,14,0,15 16,1,28,,81098,14,,,1,66,,81086,14,0,15 16,1,30,,81076,7,0,15 16,1,70,,81077,14,,,1,100,,81091,14,,,1,101,,81095,14,,,1,100,,81068,14,0,15 16,1
3600,'Semaine-1',858,,81164,7,,,1,99,,81165,7,,,1,100,,81163,7,,,1,100,,81166,7,,,1,100,,81168,7,,,1,100,,81169,7,,,1,99,,81167,7,,,1
3600,'Semaine-12',858,,81171,7,,,1,99,,81172,7,,,1,100,,81170,7,,,1,100,,81173,7,,,1,100,,81175,7,,,1,100,,81176,7,,,1,99,,81174,7,,,1
3700,'Samedi-1',720,,81191,7,,,1,100,,81192,7,,,1,100,,81194,7,,,1,101,,81195,7,,,1,100,,81193,7,,,1,100,,81196,7,,,1,100,,81197,7,,,1,100,,81198,7,,,1,100,,81199,7,,,1,100,,81200,7,,,1,100,,81201,7,,,1,100,,81202,7,,,1,99,,81203,7,,,1,100,,81204,7,,,1,100,,81205,7,,,1,100,,81206,7,,,1,100,,81207,7,,,1,100,,81208,7,,,1
3700,'Samedi-10',720,,68178,7,,,1,100,,68179,7,,,1,100,,68181,7,,,1,101,,68182,7,,,1,100,,68180,7,,,1,100,,68183,7,,,1,100,,68184,7,,,1,100,,68185,7,,,1,100,,68186,7,,,1,100,,68187,7,,,1,100,,68188,7,,,1,100,,68189,7,,,1,99,,68190,7,,,1,100,,68191,7,,,1,100,,68192,7,,,1,100,,68193,7,,,1,100,,68194,7,,,1,100,,68195,7,,,1
3700,'Dimanche-1',720,,81211,7,,,1,100,,81214,7,,,1,100,,81216,7,,,1,101,,81212,7,,,1,100,,81209,7,,,1,100,,81213,7,,,1,100,,81210,7,,,1,100,,81215,7,,,1,100,,81217,7,,,1,100,,81219,7,,,1,100,,81218,7,,,1,100,,81222,7,,,1,99,,81221,7,,,1,100,,81220,7,,,1,100,,81223,7,,,1,100,,81224,7,,,1,100,,81225,7,,,1,100,,81226,7,,,1
3700,'Semaine-1',637,,81248,7,,,1,81,,81254,7,,,1,35,,81245,7,,,1,66,,81229,7,,,1,31,,81243,7,,,1,88,,81235,7,,,1,100,,81231,7,,,1,100,,81232,7,,,1,100,,81233,7,,,1,100,,81234,7,,,1,100,,81240,7,,,1,86,,81241,7,,,1,16,,81242,7,,,1,15,,81228,7,,,1,55,,81250,7,,,1,25,,81237,7,,,1,70,,81246,7,,,1,24,,81236,7,,,1,28,,81230,7,,,1,70,,81227,7,,,1,30,,81238,7,,,1,70,,81253,7,,,1,28,,81244,7,,,1,77,,81255,7,,,1,100,,81251,7,,,1,100,,81239,7,,,1,100,,81249,7,,,1,98,,81252,7,,,1,15,,81247,7,,,1
3700,'Semaine-12',637,,81277,7,,,1,81,,81283,7,,,1,35,,81274,7,,,1,66,,81258,7,,,1,31,,81272,7,,,1,88,,81264,7,,,1,100,,81260,7,,,1,100,,81261,7,,,1,100,,81262,7,,,1,100,,81263,7,,,1,100,,81269,7,,,1,86,,81270,7,,,1,16,,81271,7,,,1,15,,81257,7,,,1,55,,81279,7,,,1,25,,81266,7,,,1,70,,81275,7,,,1,24,,81265,7,,,1,28,,81259,7,,,1,70,,81256,7,,,1,30,,81267,7,,,1,70,,81282,7,,,1,28,,81273,7,,,1,77,,81284,7,,,1,100,,81280,7,,,1,100,,81268,7,,,1,100,,81278,7,,,1,98,,81281,7,,,1,15,,81276,7,,,1
3800,'Samedi-1',735,,81376,7,,,1,71,,81369,7,,,1,20,,81370,7,,,1,80,,81381,7,,,1,29,,81373,7,,,1,71,,81371,7,,,1,28,,81382,7,,,1,72,,81374,7,,,1,28,,81380,7,,,1,71,,81372,7,,,1,27,,81375,7,,,1,75,,81379,7,,,1,26,,81377,7,,,1,74,,81378,7,,,1,30,,81383,7,,,1,70,,81384,7,,,1,30,,81385,7,,,1,69,,81386,7,,,1,21,,81387,7,,,1,79,,81388,7,,,1,30,,81389,7,,,1,70,,81390,7,,,1,30,,81391,7,,,1,70,,81392,7,,,1,31,,81393,7,,,1,69,,81394,7,,,1,30,,81396,7,,,1,70,,81395,7,,,1,30,,81398,7,,,1,70,,81397,7,,,1,30,,81399,7,,,1,70,,81400,7,,,1,30,,81401,7,,,1
3800,'Samedi-10',735,,68572,7,,,1,71,,68565,7,,,1,20,,68566,7,,,1,80,,68577,7,,,1,29,,68569,7,,,1,71,,68567,7,,,1,28,,68578,7,,,1,72,,68570,7,,,1,28,,68576,7,,,1,71,,68568,7,,,1,27,,68571,7,,,1,75,,68575,7,,,1,26,,68573,7,,,1,74,,68574,7,,,1,30,,68579,7,,,1,70,,68580,7,,,1,30,,68581,7,,,1,69,,68582,7,,,1,21,,68583,7,,,1,79,,68584,7,,,1,30,,68585,7,,,1,70,,68586,7,,,1,30,,68587,7,,,1,70,,68588,7,,,1,31,,68589,7,,,1,69,,68590,7,,,1,30,,68592,7,,,1,70,,68591,7,,,1,30,,68594,7,,,1,70,,68593,7,,,1,30,,68595,7,,,1,70,,68596,7,,,1,30,,68597,7,,,1
3800,'Dimanche-1',735,,81405,7,,,1,71,,81410,7,,,1,20,,81413,7,,,1,80,,81411,7,,,1,29,,81404,7,,,1,71,,81426,7,,,1,28,,81403,7,,,1,72,,81406,7,,,1,28,,81427,7,,,1,71,,81425,7,,,1,27,,81407,7,,,1,75,,81417,7,,,1,26,,81414,7,,,1,74,,81408,7,,,1,30,,81412,7,,,1,70,,81419,7,,,1,30,,81402,7,,,1,69,,81409,7,,,1,21,,81416,7,,,1,79,,81421,7,,,1,30,,81415,7,,,1,70,,81423,7,,,1,30,,81420,7,,,1,70,,81424,7,,,1,31,,81422,7,,,1,69,,81418,7,,,1,30,,81428,7,,,1,70,,81429,7,,,1,30,,81430,7,,,1,70,,81431,7,,,1,30,,81432,7,,,1,70,,81433,7,,,1,30,,81434,7,,,1
3800,'Semaine-1',647,,81451,7,,,1,59,,81467,7,,,1,32,,81462,7,,,1,70,,81475,7,,,1,30,,81472,7,,,1,71,,81448,7,,,1,19,,81444,7,,,1,20,,81455,7,,,1,60,,81440,7,,,1,20,,81464,7,,,1,20,,81449,7,,,1,60,,81445,7,,,1,20,,81456,7,,,1,20,,81441,7,,,1,60,,81463,7,,,1,20,,81474,7,,,1,20,,81446,7,,,1,60,,81457,7,,,1,20,,81465,7,,,1,20,,81476,7,,,1,60,,81450,7,,,1,20,,81447,7,,,1,21,,81458,7,,,1,70,,81471,7,,,1,31,,81436,7,,,1,70,,81460,7,,,1,34,,81469,7,,,1,64,,81459,7,,,1,30,,81473,7,,,1,69,,81439,7,,,1,30,,81470,7,,,1,69,,81453,7,,,1,31,,81461,7,,,1,72,,81466,7,,,1,27,,81468,7,,,1,70,,81452,7,,,1,30,,81438,7,,,1,70,,81454,7,,,1,30,,81442,7,,,1,70,,81437,7,,,1,30,,81435,7,,,1,69,,81443,7,,,1
3800,'Semaine-12',647,,81493,7,,,1,59,,81509,7,,,1,32,,81504,7,,,1,70,,81517,7,,,1,30,,81514,7,,,1,71,,81490,7,,,1,19,,81486,7,,,1,20,,81497,7,,,1,60,,81482,7,,,1,20,,81506,7,,,1,20,,81491,7,,,1,60,,81487,7,,,1,20,,81498,7,,,1,20,,81483,7,,,1,60,,81505,7,,,1,20,,81516,7,,,1,20,,81488,7,,,1,60,,81499,7,,,1,20,,81507,7,,,1,20,,81518,7,,,1,60,,81492,7,,,1,20,,81489,7,,,1,21,,81500,7,,,1,70,,81513,7,,,1,31,,81478,7,,,1,70,,81502,7,,,1,34,,81511,7,,,1,64,,81501,7,,,1,30,,81515,7,,,1,69,,81481,7,,,1,30,,81512,7,,,1,69,,81495,7,,,1,31,,81503,7,,,1,72,,81508,7,,,1,27,,81510,7,,,1,70,,81494,7,,,1,30,,81480,7,,,1,70,,81496,7,,,1,30,,81484,7,,,1,70,,81479,7,,,1,30,,81477,7,,,1,69,,81485,7,,,1
4000,'Semaine-1',1514,,81911,6,,,1,30,,81907,6,,,2,70,,81910,6,,,1,29,,81909,6,,,1,70,,81908,6,,,1,32,,81912,6,,,1
4000,'Semaine-12',1514,,81917,6,,,1,30,,81913,6,,,2,70,,81916,6,,,1,29,,81915,6,,,1,70,,81914,6,,,1,32,,81918,6,,,1
4100,'Semaine-1',1524,,81932,6,,,1,30,,81934,6,,,1,72,,81933,6,,,2,27,,81931,6,,,1,70,,81935,6,,,1
4100,'Semaine-12',1524,,81937,6,,,1,30,,81939,6,,,1,72,,81938,6,,,2,27,,81936,6,,,1,70,,81940,6,,,1
4500,'Semaine-1',1500,,81964,6,,,1,33,,81959,6,,,1,70,,81960,6,,,1,32,,81962,6,,,1,67,,81963,6,,,1,30,,81961,6,,,2
4500,'Semaine-12',1500,,81970,6,,,1,33,,81965,6,,,1,70,,81966,6,,,1,32,,81968,6,,,1,67,,81969,6,,,1,30,,81967,6,,,2
4700,'Semaine-1',1519,,81983,6,,,1,100,,81984,6,,,1,98,,81985,6,,,2
4700,'Semaine-12',1519,,81986,6,,,1,100,,81987,6,,,1,98,,81988,6,,,2
5500,'Samedi-1',655,,82390,7,,,1,70,,82387,7,,,1,30,,82388,7,,,1,71,,82391,7,,,1,30,,82389,7,,,1,70,,82396,7,,,1,30,,82393,7,,,1,70,,82394,7,,,1,30,,82399,7,,,1,70,,82398,7,,,1,30,,82392,7,,,1,70,,82395,7,,,1,30,,82397,7,,,1,70,,82400,7,,,1,30,,82401,7,,,1,70,,82402,7,,,1,30,,82403,7,,,1,70,,82404,7,,,1,30,,82405,7,,,1,70,,82406,7,,,1,30,,82407,7,,,1,70,,82408,7,,,1,30,,82409,7,,,1,70,,82410,7,,,1,30,,82412,7,,,1,70,,82411,7,,,1,30,,82413,7,,,1,70,,82415,7,,,1,30,,82414,7,,,1,70,,82416,7,,,1,30,,82417,7,,,1,69,,82420,7,,,1,30,,82422,7,,,1,70,,82419,7,,,1,30,,82418,7,,,1,69,,82421,7,,,1
5500,'Samedi-10',655,,70650,7,,,1,70,,70647,7,,,1,30,,70648,7,,,1,71,,70651,7,,,1,30,,70649,7,,,1,70,,70656,7,,,1,30,,70653,7,,,1,70,,70654,7,,,1,30,,70659,7,,,1,70,,70658,7,,,1,30,,70652,7,,,1,70,,70655,7,,,1,30,,70657,7,,,1,70,,70660,7,,,1,30,,70661,7,,,1,70,,70662,7,,,1,30,,70663,7,,,1,70,,70664,7,,,1,30,,70665,7,,,1,70,,70666,7,,,1,30,,70667,7,,,1,70,,70668,7,,,1,30,,70669,7,,,1,70,,70670,7,,,1,30,,70672,7,,,1,70,,70671,7,,,1,30,,70673,7,,,1,70,,70675,7,,,1,30,,70674,7,,,1,70,,70676,7,,,1,30,,70677,7,,,1,69,,70680,7,,,1,30,,70682,7,,,1,70,,70679,7,,,1,30,,70678,7,,,1,69,,70681,7,,,1
5500,'Dimanche-1',655,,82427,7,,,1,70,,82432,7,,,1,30,,82424,7,,,1,71,,82429,7,,,1,30,,82426,7,,,1,70,,82423,7,,,1,30,,82434,7,,,1,70,,82428,7,,,1,30,,82425,7,,,1,70,,82437,7,,,1,30,,82433,7,,,1,70,,82438,7,,,1,30,,82431,7,,,1,70,,82430,7,,,1,30,,82436,7,,,1,70,,82441,7,,,1,30,,82435,7,,,1,70,,82440,7,,,1,30,,82443,7,,,1,70,,82447,7,,,1,30,,82442,7,,,1,70,,82448,7,,,1,30,,82439,7,,,1,70,,82445,7,,,1,30,,82446,7,,,1,70,,82449,7,,,1,30,,82444,7,,,1,70,,82450,7,,,1,30,,82452,7,,,1,70,,82451,7,,,1,30,,82453,7,,,1,69,,82455,7,,,1,30,,82456,7,,,1,70,,82454,7,,,1,30,,82457,7,,,1,69,,82458,7,,,1
5500,'Semaine-1',628,,82461,7,,,1,100,,82477,7,,,1,29,,82460,7,,,1,100,,82496,7,,,1,68,,82497,7,,,1,30,,82466,7,,,1,70,,82476,7,,,1,30,,82480,7,,,1,70,,82502,7,,,1,30,,82462,7,,,1,71,,82501,7,,,1,29,,82479,7,,,1,70,,82494,7,,,1,30,,82488,7,,,1,63,,82495,7,,,1,15,,82481,7,,,1,14,,82459,7,,,1,53,,82500,7,,,1,17,,82470,7,,,1,15,,82503,7,,,1,13,,82491,7,,,1,10,,82463,7,,,1,53,,82474,7,,,1,18,,82506,7,,,1,9,,82499,7,,,1,11,,82465,7,,,1,11,,82482,7,,,1,51,,82475,7,,,1,12,,82504,7,,,1,13,,82489,7,,,1,10,,82469,7,,,1,12,,82464,7,,,1,50,,82505,7,,,1,11,,82473,7,,,1,12,,82468,7,,,1,10,,82478,7,,,1,70,,82493,7,,,1,30,,82498,7,,,1,70,,82485,7,,,1,30,,82471,7,,,1,70,,82492,7,,,1,29,,82483,7,,,1,70,,82486,7,,,1,30,,82472,7,,,1,70,,82487,7,,,1,30,,82484,7,,,1,69,,82467,7,,,1,30,,82490,7,,,1
5500,'Semaine-12',628,,82509,7,,,1,100,,82525,7,,,1,29,,82508,7,,,1,100,,82544,7,,,1,68,,82545,7,,,1,30,,82514,7,,,1,70,,82524,7,,,1,30,,82528,7,,,1,70,,82550,7,,,1,30,,82510,7,,,1,71,,82549,7,,,1,29,,82527,7,,,1,70,,82542,7,,,1,30,,82536,7,,,1,63,,82543,7,,,1,15,,82529,7,,,1,14,,82507,7,,,1,53,,82548,7,,,1,17,,82518,7,,,1,15,,82551,7,,,1,13,,82539,7,,,1,10,,82511,7,,,1,53,,82522,7,,,1,18,,82554,7,,,1,9,,82547,7,,,1,11,,82513,7,,,1,11,,82530,7,,,1,51,,82523,7,,,1,12,,82552,7,,,1,13,,82537,7,,,1,10,,82517,7,,,1,12,,82512,7,,,1,50,,82553,7,,,1,11,,82521,7,,,1,12,,82516,7,,,1,10,,82526,7,,,1,70,,82541,7,,,1,30,,82546,7,,,1,70,,82533,7,,,1,30,,82519,7,,,1,70,,82540,7,,,1,29,,82531,7,,,1,70,,82534,7,,,1,30,,82520,7,,,1,70,,82535,7,,,1,30,,82532,7,,,1,69,,82515,7,,,1,30,,82538,7,,,1
5900,'Samedi-1',711,,82779,7,,,1,30,,82782,7,,,1,70,,82775,7,,,1,30,,82781,7,,,1,70,,82778,7,,,1,30,,82783,7,,,1,70,,82787,7,,,1,30,,82788,7,,,1,70,,82777,7,,,1,30,,82776,7,,,1,70,,82786,7,,,1,30,,82780,7,,,1,70,,82784,7,,,1,30,,82789,7,,,1,70,,82785,7,,,1,30,,82790,7,,,1,70,,82791,7,,,1,30,,82792,7,,,1,70,,82793,7,,,1,31,,82794,7,,,1,70,,82795,7,,,1,30,,82796,7,,,1,69,,82797,7,,,1,30,,82798,7,,,1,70,,82799,7,,,1,30,,82801,7,,,1,70,,82800,7,,,1,30,,82803,7,,,1,70,,82802,7,,,1,29,,82804,7,,,1,71,,82805,7,,,1,30,,82807,7,,,1,70,,82806,7,,,1,30,,82808,7,,,1
5900,'Samedi-10',711,,71438,7,,,1,30,,71441,7,,,1,70,,71434,7,,,1,30,,71440,7,,,1,70,,71437,7,,,1,30,,71442,7,,,1,70,,71446,7,,,1,30,,71447,7,,,1,70,,71436,7,,,1,30,,71435,7,,,1,70,,71445,7,,,1,30,,71439,7,,,1,70,,71443,7,,,1,30,,71448,7,,,1,70,,71444,7,,,1,30,,71449,7,,,1,70,,71450,7,,,1,30,,71451,7,,,1,70,,71452,7,,,1,31,,71453,7,,,1,70,,71454,7,,,1,30,,71455,7,,,1,69,,71456,7,,,1,30,,71457,7,,,1,70,,71458,7,,,1,30,,71460,7,,,1,70,,71459,7,,,1,30,,71462,7,,,1,70,,71461,7,,,1,29,,71463,7,,,1,71,,71464,7,,,1,30,,71466,7,,,1,70,,71465,7,,,1,30,,71467,7,,,1
5900,'Dimanche-1',711,,82814,7,,,1,30,,82813,7,,,1,70,,82809,7,,,1,30,,82818,7,,,1,70,,82824,7,,,1,30,,82815,7,,,1,70,,82822,7,,,1,30,,82817,7,,,1,70,,82823,7,,,1,30,,82810,7,,,1,70,,82821,7,,,1,30,,82811,7,,,1,70,,82819,7,,,1,30,,82825,7,,,1,70,,82812,7,,,1,30,,82816,7,,,1,70,,82820,7,,,1,30,,82829,7,,,1,70,,82830,7,,,1,31,,82827,7,,,1,70,,82832,7,,,1,30,,82828,7,,,1,69,,82834,7,,,1,30,,82826,7,,,1,70,,82831,7,,,1,30,,82835,7,,,1,70,,82833,7,,,1,30,,82836,7,,,1,70,,82837,7,,,1,29,,82838,7,,,1,71,,82839,7,,,1,30,,82841,7,,,1,70,,82840,7,,,1,30,,82842,7,,,1
5900,'Semaine-1',556,,82850,7,,,1,97,,82885,7,,,1,86,,82890,7,,,1,88,,82866,7,,,1,84,,82862,7,,,1,29,,82883,7,,,1,70,,82859,7,,,1,30,,82882,7,,,1,70,,82873,7,,,1,30,,82867,7,,,1,70,,82875,7,,,1,30,,82858,7,,,1,70,,82886,7,,,1,30,,82849,7,,,1,71,,82880,7,,,1,14,,82851,7,,,1,16,,82884,7,,,1,70,,82844,7,,,1,14,,82888,7,,,1,15,,82843,7,,,1,8,,82878,7,,,1,54,,82874,7,,,1,7,,82887,2,,,1,6,,82861,7,,,1,13,,82845,7,,,1,6,,82889,2,,,1,6,,82846,7,,,1,12,,82854,7,,,1,52,,82881,7,,,1,12,,82870,7,,,1,11,,82857,7,,,1,12,,82879,7,,,1,12,,82865,7,,,1,52,,82877,7,,,1,9,,82847,7,,,1,10,,82852,7,,,1,31,,82872,7,,,1,70,,82863,7,,,1,30,,82868,7,,,1,69,,82856,7,,,1,30,,82864,7,,,1,70,,82869,7,,,1,30,,82876,7,,,1,70,,82853,7,,,1,30,,82871,7,,,1,70,,82860,7,,,1,30,,82848,7,,,1,70,,82855,7,,,1
5900,'Semaine-12',556,,82898,7,,,1,97,,82933,7,,,1,86,,82938,7,,,1,88,,82914,7,,,1,84,,82910,7,,,1,29,,82931,7,,,1,70,,82907,7,,,1,30,,82930,7,,,1,70,,82921,7,,,1,30,,82915,7,,,1,70,,82923,7,,,1,30,,82906,7,,,1,70,,82934,7,,,1,30,,82897,7,,,1,71,,82928,7,,,1,14,,82899,7,,,1,16,,82932,7,,,1,70,,82892,7,,,1,14,,82936,7,,,1,15,,82891,7,,,1,8,,82926,7,,,1,54,,82922,7,,,1,7,,82935,2,,,1,6,,82909,7,,,1,13,,82893,7,,,1,6,,82937,2,,,1,6,,82894,7,,,1,12,,82902,7,,,1,52,,82929,7,,,1,12,,82918,7,,,1,11,,82905,7,,,1,12,,82927,7,,,1,12,,82913,7,,,1,52,,82925,7,,,1,9,,82895,7,,,1,10,,82900,7,,,1,31,,82920,7,,,1,70,,82911,7,,,1,30,,82916,7,,,1,69,,82904,7,,,1,30,,82912,7,,,1,70,,82917,7,,,1,30,,82924,7,,,1,70,,82901,7,,,1,30,,82919,7,,,1,70,,82908,7,,,1,30,,82896,7,,,1,70,,82903,7,,,1
6701,'Samedi-1',652,,83967,32,,,1,100,,83973,32,,,1,102,,83969,32,,,1,101,,83968,32,,,1,70,,83971,32,,,1,31,,83976,32,,,1,70,,83977,32,,,1,30,,83970,32,,,1,70,,83972,32,,,1,30,,83975,32,,,1,70,,83978,32,,,1,31,,83979,32,,,1,70,,83974,32,,,1,30,,83980,32,,,1,70,,83981,32,,,1,30,,83982,32,,,1,71,,83983,32,,,1,28,,83984,32,,,1,72,,83985,32,,,1,29,,83986,32,,,1,70,,83987,32,,,1,26,,83988,32,,,1,72,,83989,32,,,1,100,,83990,32,,,1,100,,83991,32,,,1,100,,83993,32,,,1,98,,83992,32,,,1
6701,'Samedi-10',652,,73821,32,,,1,100,,73827,32,,,1,102,,73823,32,,,1,101,,73822,32,,,1,70,,73825,32,,,1,31,,73830,32,,,1,70,,73831,32,,,1,30,,73824,32,,,1,70,,73826,32,,,1,30,,73829,32,,,1,70,,73832,32,,,1,31,,73833,32,,,1,70,,73828,32,,,1,30,,73834,32,,,1,70,,73835,32,,,1,30,,73836,32,,,1,71,,73837,32,,,1,28,,73838,32,,,1,72,,73839,32,,,1,29,,73840,32,,,1,70,,73841,32,,,1,26,,73842,32,,,1,72,,73843,32,,,1,100,,73844,32,,,1,100,,73845,32,,,1,100,,73847,32,,,1,98,,73846,32,,,1
6701,'Dimanche-1',652,,83994,32,,,1,100,,83997,32,,,1,102,,83999,32,,,1,101,,84002,32,,,1,70,,84008,32,,,1,31,,83996,32,,,1,70,,84009,32,,,1,30,,84000,32,,,1,70,,84003,32,,,1,30,,84001,32,,,1,70,,83995,32,,,1,31,,84005,32,,,1,70,,84006,32,,,1,30,,83998,32,,,1,70,,84004,32,,,1,30,,84011,32,,,1,71,,84007,32,,,1,28,,84014,32,,,1,72,,84015,32,,,1,29,,84012,32,,,1,70,,84017,32,,,1,26,,84010,32,,,1,72,,84016,32,,,1,100,,84013,32,,,1,100,,84018,32,,,1,100,,84019,32,,,1,98,,84020,32,,,1
6701,'Semaine-1',931,,84041,32,,,1,20,,84030,32,,,1,60,,84048,32,,,1,20,,84034,32,,,1,20,,84028,32,,,1,60,,84049,32,,,1,20,,84042,32,,,1,20,,84031,32,,,1,60,,84050,32,,,1,20,,84035,32,,,1,20,,84038,32,,,1,60,,84051,32,,,1,20,,84037,32,,,1,20,,84032,32,,,1,60,,84052,32,,,1,20,,84043,32,,,1,20,,84045,32,,,1,61,,84047,32,,,1,20,,84039,32,,,1,74,,84023,32,,,1,30,,84046,32,,,1,68,,84026,32,,,1,30,,84044,32,,,1,70,,84040,32,,,1,28,,84033,32,,,1,69,,84021,32,,,1,28,,84036,32,,,1,30,,84024,32,,,2,70,,84053,32,,,2,30,,84022,32,,,1,70,,84055,32,,,1,29,,84025,32,,,2,70,,84056,32,,,1,28,,84027,32,,,1,69,,84054,32,,,1,30,,84029,32,,,2
6701,'Semaine-12',931,,84077,32,,,1,20,,84066,32,,,1,60,,84084,32,,,1,20,,84070,32,,,1,20,,84064,32,,,1,60,,84085,32,,,1,20,,84078,32,,,1,20,,84067,32,,,1,60,,84086,32,,,1,20,,84071,32,,,1,20,,84074,32,,,1,60,,84087,32,,,1,20,,84073,32,,,1,20,,84068,32,,,1,60,,84088,32,,,1,20,,84079,32,,,1,20,,84081,32,,,1,61,,84083,32,,,1,20,,84075,32,,,1,74,,84059,32,,,1,30,,84082,32,,,1,68,,84062,32,,,1,30,,84080,32,,,1,70,,84076,32,,,1,28,,84069,32,,,1,69,,84057,32,,,1,28,,84072,32,,,1,30,,84060,32,,,2,70,,84089,32,,,2,30,,84058,32,,,1,70,,84091,32,,,1,29,,84061,32,,,2,70,,84092,32,,,1,28,,84063,32,,,1,69,,84090,32,,,1,30,,84065,32,,,2
37100,'Samedi-1',751,,85916,7,,,1,100,,85920,7,,,1,100,,85915,7,,,1,100,,85921,7,,,1,100,,85917,7,,,1,100,,85918,7,,,1,100,,85919,7,,,1,100,,85922,7,,,1,100,,85923,7,,,1,100,,85924,7,,,1,100,,85925,7,,,1,100,,85926,7,,,1,100,,85927,7,,,1,100,,85928,7,,,1,100,,85929,7,,,1,100,,85930,7,,,1,100,,85931,7,,,1
37100,'Samedi-10',751,,77442,7,,,1,100,,77446,7,,,1,100,,77441,7,,,1,100,,77447,7,,,1,100,,77443,7,,,1,100,,77444,7,,,1,100,,77445,7,,,1,100,,77448,7,,,1,100,,77449,7,,,1,100,,77450,7,,,1,100,,77451,7,,,1,100,,77452,7,,,1,100,,77453,7,,,1,100,,77454,7,,,1,100,,77455,7,,,1,100,,77456,7,,,1,100,,77457,7,,,1
37100,'Dimanche-1',751,,85932,7,,,1,100,,85934,7,,,1,100,,85936,7,,,1,100,,85937,7,,,1,100,,85944,7,,,1,100,,85933,7,,,1,100,,85938,7,,,1,100,,85935,7,,,1,100,,85940,7,,,1,100,,85942,7,,,1,100,,85943,7,,,1,100,,85941,7,,,1,100,,85939,7,,,1,100,,85945,7,,,1,100,,85946,7,,,1,100,,85947,7,,,1,100,,85948,7,,,1
37100,'Semaine-1',657,,85962,7,,,1,72,,85959,7,,,1,30,,85955,7,,,1,69,,85950,7,,,1,90,,85969,7,,,1,99,,85954,7,,,1,100,,85956,7,,,1,100,,85968,7,,,1,100,,85963,7,,,1,101,,85952,7,,,1,91,,85964,7,,,1,19,,85973,7,,,1,16,,85953,7,,,1,15,,85974,7,,,1,66,,85949,7,,,1,20,,85958,7,,,1,69,,85965,7,,,1,25,,85971,7,,,1,69,,85970,7,,,1,30,,85960,7,,,1,69,,85972,7,,,1,30,,85975,7,,,1,70,,85961,7,,,1,95,,85957,7,,,1,100,,85967,7,,,1,100,,85966,7,,,1,99,,85951,7,,,1
37100,'Semaine-12',657,,85989,7,,,1,72,,85986,7,,,1,30,,85982,7,,,1,69,,85977,7,,,1,90,,85996,7,,,1,99,,85981,7,,,1,100,,85983,7,,,1,100,,85995,7,,,1,100,,85990,7,,,1,101,,85979,7,,,1,91,,85991,7,,,1,19,,86000,7,,,1,16,,85980,7,,,1,15,,86001,7,,,1,66,,85976,7,,,1,20,,85985,7,,,1,69,,85992,7,,,1,25,,85998,7,,,1,69,,85997,7,,,1,30,,85987,7,,,1,69,,85999,7,,,1,30,,86002,7,,,1,70,,85988,7,,,1,95,,85984,7,,,1,100,,85994,7,,,1,100,,85993,7,,,1,99,,85978,7,,,1
40000,'Samedi-1',605,,86087,7,,,1,20,,86088,7,,,1,15,,86091,7,,,1,15,,86096,7,,,1,55,,86105,7,,,1,15,,86106,7,,,1,15,,86089,7,,,1,15,,86093,7,,,1,55,,86090,7,,,1,15,,86114,7,,,1,15,,86092,7,,,1,15,,86095,7,,,1,55,,86094,7,,,1,15,,86097,7,,,1,15,,86115,7,,,1,15,,86113,7,,,1,55,,86116,7,,,1,15,,86098,7,,,1,15,,86100,7,,,1,15,,86103,7,,,1,55,,86104,7,,,1,15,,86099,7,,,1,15,,86110,7,,,1,15,,86112,7,,,1,55,,86117,7,,,1,15,,86102,7,,,1,15,,86101,7,,,1,15,,86107,7,,,1,56,,86108,7,,,1,15,,86109,7,,,1,15,,86118,7,,,1,15,,86111,7,,,1,55,,86119,7,,,1,15,,86120,7,,,1,15,,86121,7,,,1,15,,86122,7,,,1,55,,86123,7,,,1,15,,86124,7,,,1,15,,86125,7,,,1,15,,86126,7,,,1,55,,86127,7,,,1,15,,86128,7,,,1,15,,86129,7,,,1,15,,86130,7,,,1,55,,86131,7,,,1,15,,86132,7,,,1,15,,86133,7,,,1,15,,86134,7,,,1,55,,86140,7,,,1,15,,86135,7,,,1,15,,86136,7,,,1,15,,86137,7,,,1,54,,86138,7,,,1,16,,86139,7,,,1,14,,86143,7,,,1,15,,86141,7,,,1,55,,86142,7,,,1,15,,86147,7,,,1,15,,86146,7,,,1,16,,86145,7,,,1,54,,86144,7,,,1,16,,86151,7,,,1,14,,86148,7,,,1,15,,86149,7,,,1,55,,86150,7,,,1,15,,86158,7,,,1,16,,86153,7,,,1,15,,86152,7,,,1,54,,86154,7,,,1,16,,86155,7,,,1,14,,86156,7,,,1,16,,86157,7,,,1,54,,86159,7,,,1
40000,'Samedi-10',605,,77857,7,,,1,20,,77858,7,,,1,15,,77861,7,,,1,15,,77866,7,,,1,55,,77875,7,,,1,15,,77876,7,,,1,15,,77859,7,,,1,15,,77863,7,,,1,55,,77860,7,,,1,15,,77884,7,,,1,15,,77862,7,,,1,15,,77865,7,,,1,55,,77864,7,,,1,15,,77867,7,,,1,15,,77885,7,,,1,15,,77883,7,,,1,55,,77886,7,,,1,15,,77868,7,,,1,15,,77870,7,,,1,15,,77873,7,,,1,55,,77874,7,,,1,15,,77869,7,,,1,15,,77880,7,,,1,15,,77882,7,,,1,55,,77887,7,,,1,15,,77872,7,,,1,15,,77871,7,,,1,15,,77877,7,,,1,56,,77878,7,,,1,15,,77879,7,,,1,15,,77888,7,,,1,15,,77881,7,,,1,55,,77889,7,,,1,15,,77890,7,,,1,15,,77891,7,,,1,15,,77892,7,,,1,55,,77893,7,,,1,15,,77894,7,,,1,15,,77895,7,,,1,15,,77896,7,,,1,55,,77897,7,,,1,15,,77898,7,,,1,15,,77899,7,,,1,15,,77900,7,,,1,55,,77901,7,,,1,15,,77902,7,,,1,15,,77903,7,,,1,15,,77904,7,,,1,55,,77910,7,,,1,15,,77905,7,,,1,15,,77906,7,,,1,15,,77907,7,,,1,54,,77908,7,,,1,16,,77909,7,,,1,14,,77913,7,,,1,15,,77911,7,,,1,55,,77912,7,,,1,15,,77917,7,,,1,15,,77916,7,,,1,16,,77915,7,,,1,54,,77914,7,,,1,16,,77921,7,,,1,14,,77918,7,,,1,15,,77919,7,,,1,55,,77920,7,,,1,15,,77928,7,,,1,16,,77923,7,,,1,15,,77922,7,,,1,54,,77924,7,,,1,16,,77925,7,,,1,14,,77926,7,,,1,16,,77927,7,,,1,54,,77929,7,,,1
40000,'Dimanche-1',605,,86160,7,,,1,20,,86161,7,,,1,15,,86169,7,,,1,15,,86181,7,,,1,55,,86183,7,,,1,15,,86164,7,,,1,15,,86171,7,,,1,15,,86170,7,,,1,55,,86162,7,,,1,15,,86163,7,,,1,15,,86172,7,,,1,15,,86180,7,,,1,55,,86182,7,,,1,15,,86165,7,,,1,15,,86175,7,,,1,15,,86174,7,,,1,55,,86189,7,,,1,15,,86190,7,,,1,15,,86186,7,,,1,15,,86201,7,,,1,55,,86194,7,,,1,15,,86185,7,,,1,15,,86200,7,,,1,15,,86173,7,,,1,55,,86188,7,,,1,15,,86191,7,,,1,15,,86179,7,,,1,15,,86202,7,,,1,56,,86195,7,,,1,15,,86176,7,,,1,15,,86184,7,,,1,15,,86177,7,,,1,55,,86187,7,,,1,15,,86196,7,,,1,15,,86178,7,,,1,15,,86166,7,,,1,55,,86192,7,,,1,15,,86167,7,,,1,15,,86199,7,,,1,15,,86168,7,,,1,55,,86208,7,,,1,15,,86197,7,,,1,15,,86212,7,,,1,15,,86206,7,,,1,55,,86193,7,,,1,15,,86210,7,,,1,15,,86198,7,,,1,15,,86214,7,,,1,55,,86207,7,,,1,15,,86215,7,,,1,15,,86211,7,,,1,15,,86216,7,,,1,54,,86203,7,,,1,16,,86209,7,,,1,14,,86204,7,,,1,15,,86213,7,,,1,55,,86205,7,,,1,15,,86217,7,,,1,15,,86218,7,,,1,16,,86220,7,,,1,54,,86219,7,,,1,16,,86222,7,,,1,14,,86221,7,,,1,15,,86223,7,,,1,55,,86224,7,,,1,15,,86229,7,,,1,16,,86225,7,,,1,15,,86227,7,,,1,54,,86226,7,,,1,16,,86228,7,,,1,14,,86231,7,,,1,16,,86230,7,,,1,54,,86232,7,,,1
40000,'Semaine-1',541,,86233,7,,,1,15,,86239,7,,,1,55,,86262,7,,,1,14,,86277,7,,,1,16,,86267,7,,,1,16,,86325,7,,,1,49,,86297,7,,,1,10,,86249,7,,,1,10,,86296,7,,,1,18,,86291,7,,,1,13,,86292,7,,,1,50,,86247,7,,,1,12,,86269,7,,,1,12,,86271,7,,,1,12,,86318,7,,,1,12,,86288,7,,,1,52,,86242,7,,,1,13,,86251,7,,,1,9,,86237,7,,,1,8,,86240,7,,,1,10,,86293,7,,,1,10,,86259,7,,,1,50,,86272,7,,,1,10,,86265,7,,,1,10,,86266,7,,,1,10,,86298,7,,,1,10,,86278,7,,,1,10,,86289,7,,,1,51,,86243,7,,,1,9,,86252,7,,,1,10,,86241,7,,,1,11,,86319,7,,,1,9,,86294,7,,,1,10,,86260,7,,,1,51,,86273,7,,,1,11,,86264,7,,,1,10,,86256,7,,,1,9,,86285,7,,,1,11,,86268,7,,,1,4,,86279,7,,,1,5,,86290,7,,,1,51,,86244,7,,,1,10,,86254,7,,,1,10,,86246,7,,,1,10,,86236,7,,,1,10,,86295,7,,,1,10,,86276,7,,,1,50,,86274,7,,,1,6,,86286,7,,,1,6,,86263,7,,,1,6,,86255,7,,,1,6,,86303,7,,,1,6,,86304,7,,,1,4,,86305,7,,,1,6,,86306,7,,,1,2,,86307,7,,,1,8,,86317,7,,,1,45,,86323,7,,,1,2,,86308,7,,,1,238,,86309,7,,,1,5,,86310,7,,,1,5,,86311,7,,,1,5,,86312,7,,,1,45,,86324,7,,,1,5,,86313,7,,,1,8,,86314,7,,,1,8,,86315,7,,,1,12,,86316,7,,,1,12,,86280,7,,,1,52,,86281,7,,,1,11,,86275,7,,,1,12,,86301,7,,,1,12,,86284,7,,,1,12,,86270,7,,,1,52,,86248,7,,,1,12,,86320,7,,,1,12,,86253,7,,,1,13,,86321,7,,,1,11,,86261,7,,,1,52,,86282,7,,,1,12,,86322,7,,,1,14,,86258,7,,,1,14,,86302,7,,,1,15,,86300,7,,,1,55,,86245,7,,,1,15,,86234,7,,,1,15,,86250,7,,,1,14,,86283,7,,,1,55,,86257,7,,,1,15,,86287,7,,,1,15,,86299,7,,,1,15,,86238,7,,,1,55,,86235,7,,,1
40000,'Semaine-12',541,,86326,7,,,1,15,,86332,7,,,1,55,,86355,7,,,1,14,,86370,7,,,1,16,,86360,7,,,1,16,,86418,7,,,1,49,,86390,7,,,1,10,,86342,7,,,1,10,,86389,7,,,1,18,,86384,7,,,1,13,,86385,7,,,1,50,,86340,7,,,1,12,,86362,7,,,1,12,,86364,7,,,1,12,,86411,7,,,1,12,,86381,7,,,1,52,,86335,7,,,1,13,,86344,7,,,1,9,,86330,7,,,1,8,,86333,7,,,1,10,,86386,7,,,1,10,,86352,7,,,1,50,,86365,7,,,1,10,,86358,7,,,1,10,,86359,7,,,1,10,,86391,7,,,1,10,,86371,7,,,1,10,,86382,7,,,1,51,,86336,7,,,1,9,,86345,7,,,1,10,,86334,7,,,1,11,,86412,7,,,1,9,,86387,7,,,1,10,,86353,7,,,1,51,,86366,7,,,1,11,,86357,7,,,1,10,,86349,7,,,1,9,,86378,7,,,1,11,,86361,7,,,1,4,,86372,7,,,1,5,,86383,7,,,1,51,,86337,7,,,1,10,,86347,7,,,1,10,,86339,7,,,1,10,,86329,7,,,1,10,,86388,7,,,1,10,,86369,7,,,1,50,,86367,7,,,1,6,,86379,7,,,1,6,,86356,7,,,1,6,,86348,7,,,1,6,,86396,7,,,1,6,,86397,7,,,1,4,,86398,7,,,1,6,,86399,7,,,1,2,,86400,7,,,1,8,,86410,7,,,1,45,,86416,7,,,1,2,,86401,7,,,1,238,,86402,7,,,1,5,,86403,7,,,1,5,,86404,7,,,1,5,,86405,7,,,1,45,,86417,7,,,1,5,,86406,7,,,1,8,,86407,7,,,1,8,,86408,7,,,1,12,,86409,7,,,1,12,,86373,7,,,1,52,,86374,7,,,1,11,,86368,7,,,1,12,,86394,7,,,1,12,,86377,7,,,1,12,,86363,7,,,1,52,,86341,7,,,1,12,,86413,7,,,1,12,,86346,7,,,1,13,,86414,7,,,1,11,,86354,7,,,1,52,,86375,7,,,1,12,,86415,7,,,1,14,,86351,7,,,1,14,,86395,7,,,1,15,,86393,7,,,1,55,,86338,7,,,1,15,,86327,7,,,1,15,,86343,7,,,1,14,,86376,7,,,1,55,,86350,7,,,1,15,,86380,7,,,1,15,,86392,7,,,1,15,,86331,7,,,1,55,,86328,7,,,1
