9301,'Semaine-1',555,,85514,14,,,2,60,,85512,14,,,1,20,,85511,14,,,1,70,,85515,14,,,1,30,,85513,14,,,2
9301,'Semaine-12',555,,85519,14,,,2,60,,85517,14,,,1,20,,85516,14,,,1,70,,85520,14,,,1,30,,85518,14,,,2
9401,'Semaine-1',535,,85521,14,,,1
9401,'Semaine-12',535,,85522,14,,,1
9701,'Samedi-1',758,,85635,59,,,1,100,,85638,59,,,1,101,,85636,59,,,1,100,,85639,59,,,1,100,,85633,59,,,1,100,,85634,59,,,1,141,,85637,59,,,1,100,,85640,59,,,1,100,,85641,59,,,1,100,,85642,59,,,1,100,,85643,59,,,1,100,,85644,59,,,1,100,,85648,59,,,1,100,,85645,59,,,1,59,,85646,59,,,1,100,,85647,59,,,1
9701,'Samedi-10',758,,76971,59,,,1,100,,76974,59,,,1,101,,76972,59,,,1,100,,76975,59,,,1,100,,76969,59,,,1,100,,76970,59,,,1,141,,76973,59,,,1,100,,76976,59,,,1,100,,76977,59,,,1,100,,76978,59,,,1,100,,76979,59,,,1,100,,76980,59,,,1,100,,76984,59,,,1,100,,76981,59,,,1,59,,76982,59,,,1,100,,76983,59,,,1
9701,'Dimanche-1',758,,85654,59,,,1,100,,85661,59,,,1,101,,85650,59,,,1,100,,85657,59,,,1,100,,85656,59,,,1,100,,85649,59,,,1,141,,85653,59,,,1,100,,85651,59,,,1,100,,85652,59,,,1,100,,85655,59,,,1,100,,85658,59,,,1,100,,85659,59,,,1,100,,85660,59,,,1,100,,85662,59,,,1,59,,85663,59,,,1,100,,85664,59,,,1
9701,'Semaine-1',640,,85665,59,,,2,97,,85666,59,,,1,113,,85667,59,,,1,109,,85668,59,,,1,100,,85669,59,,,1,100,,85670,59,,,1,100,,85671,59,,,1,99,,85672,59,,,1,101,,85673,59,,,1,144,,85674,59,,,1,55,,85675,59,,,1,144,,85676,59,,,1,55,,85677,59,,,1,98,,85678,59,,,1,101,,85679,59,,,1,98,,85680,59,,,1,99,,85681,59,,,1
9701,'Semaine-12',640,,85682,59,,,2,97,,85683,59,,,1,113,,85684,59,,,1,109,,85685,59,,,1,100,,85686,59,,,1,100,,85687,59,,,1,100,,85688,59,,,1,99,,85689,59,,,1,101,,85690,59,,,1,144,,85691,59,,,1,55,,85692,59,,,1,144,,85693,59,,,1,55,,85694,59,,,1,98,,85695,59,,,1,101,,85696,59,,,1,98,,85697,59,,,1,99,,85698,59,,,1
29701,'Semaine-1',1527,,85892,35,0,19,2
29701,'Semaine-12',1527,,85894,35,0,19,2
