2601,'Semaine-1',555,,80028,12,,,1,72,,80030,12,,,2,30,,80031,12,,,2,70,,80029,12,,,1,29,,80027,12,,,2
2601,'Semaine-12',555,,80033,12,,,1,72,,80035,12,,,2,30,,80036,12,,,2,70,,80034,12,,,1,29,,80032,12,,,2
3900,'Samedi-1',652,,81669,23,,,1,101,,81670,23,,,1,100,,81674,23,,,1,101,,81673,23,,,1,100,,81676,23,,,1,100,,81675,23,,,1,102,,81671,23,,,1,70,,81672,23,,,1,30,,81677,23,,,1,71,,81678,23,,,1,30,,81679,23,,,1,70,,81680,23,,,1,31,,81681,23,,,1,70,,81682,23,,,1,30,,81683,23,,,1,70,,81684,23,,,1,30,,81685,23,,,1,69,,81686,23,,,1,29,,81687,23,,,1,68,,81688,23,,,1,100,,81689,23,,,1,100,,81690,23,,,1,100,,81691,23,,,1,100,,81692,23,,,1
3900,'Samedi-10',652,,69204,23,,,1,101,,69205,23,,,1,100,,69209,23,,,1,101,,69208,23,,,1,100,,69211,23,,,1,100,,69210,23,,,1,102,,69206,23,,,1,70,,69207,23,,,1,30,,69212,23,,,1,71,,69213,23,,,1,30,,69214,23,,,1,70,,69215,23,,,1,31,,69216,23,,,1,70,,69217,23,,,1,30,,69218,23,,,1,70,,69219,23,,,1,30,,69220,23,,,1,69,,69221,23,,,1,29,,69222,23,,,1,68,,69223,23,,,1,100,,69224,23,,,1,100,,69225,23,,,1,100,,69226,23,,,1,100,,69227,23,,,1
3900,'Dimanche-1',652,,81693,23,,,1,101,,81700,23,,,1,100,,81703,23,,,1,101,,81696,23,,,1,100,,81698,23,,,1,100,,81699,23,,,1,102,,81702,23,,,1,70,,81695,23,,,1,30,,81697,23,,,1,71,,81704,23,,,1,30,,81694,23,,,1,70,,81705,23,,,1,31,,81701,23,,,1,70,,81708,23,,,1,30,,81711,23,,,1,70,,81713,23,,,1,30,,81707,23,,,1,69,,81710,23,,,1,29,,81712,23,,,1,68,,81706,23,,,1,100,,81709,23,,,1,100,,81714,23,,,1,100,,81715,23,,,1,100,,81716,23,,,1
3900,'Semaine-1',628,,81734,23,,,1,23,,81720,23,,,1,72,,81739,23,,,1,29,,81732,23,,,1,73,,81733,23,,,1,32,,81731,23,,,1,72,,81728,23,,,1,30,,81745,23,,,2,70,,81740,23,,,1,71,,81752,23,,,1,30,,81737,23,,,2,70,,81741,23,,,1,30,,81729,23,,,1,71,,81727,23,,,1,30,,81742,23,,,1,69,,81730,23,,,2,30,,81717,23,,,1,73,,81743,23,,,1,34,,81724,23,,,1,70,,81726,23,,,1,31,,81744,23,,,2,72,,81723,23,,,1,28,,81718,23,,,1,69,,81746,23,,,1,27,,81725,23,,,1,71,,81719,23,,,2,29,,81747,23,,,2,72,,81722,23,,,1,25,,81738,23,,,2,26,,81748,23,,,1,70,,81721,23,,,1,30,,81736,23,,,1,69,,81749,23,,,1,30,,81735,23,,,1,72,,81751,23,,,1,28,,81750,23,,,1
3900,'Semaine-12',628,,81770,23,,,1,23,,81756,23,,,1,72,,81775,23,,,1,29,,81768,23,,,1,73,,81769,23,,,1,32,,81767,23,,,1,72,,81764,23,,,1,30,,81781,23,,,2,70,,81776,23,,,1,71,,81788,23,,,1,30,,81773,23,,,2,70,,81777,23,,,1,30,,81765,23,,,1,71,,81763,23,,,1,30,,81778,23,,,1,69,,81766,23,,,2,30,,81753,23,,,1,73,,81779,23,,,1,34,,81760,23,,,1,70,,81762,23,,,1,31,,81780,23,,,2,72,,81759,23,,,1,28,,81754,23,,,1,69,,81782,23,,,1,27,,81761,23,,,1,71,,81755,23,,,2,29,,81783,23,,,2,72,,81758,23,,,1,25,,81774,23,,,2,26,,81784,23,,,1,70,,81757,23,,,1,30,,81772,23,,,1,69,,81785,23,,,1,30,,81771,23,,,1,72,,81787,23,,,1,28,,81786,23,,,1
32600,'Semaine-1',1642,,85903,31,0,7 8,1
32600,'Semaine-12',1642,,85904,31,0,7 8,1
63900,'Semaine-1',1529,,86833,36,0,9 10,1
63900,'Semaine-12',1529,,86834,36,0,9 10,1
82600,'Semaine-1',1545,,87121,23,0,9 12 13,1
82600,'Semaine-12',1545,,87123,23,0,9 12 13,1
