2601,'Semaine-1',605,,80028,24,,,1,31,,80030,24,,,2,70,,80031,24,,,2,30,,80029,24,,,1,69,,80027,24,,,2
2601,'Semaine-12',605,,80033,24,,,1,31,,80035,24,,,2,70,,80036,24,,,2,30,,80034,24,,,1,69,,80032,24,,,2
2801,'Semaine-1',701,,80062,34,,,1,33,,80063,34,,,2,99,,80061,34,,,2
2801,'Semaine-12',701,,80065,34,,,1,33,,80066,34,,,2,99,,80064,34,,,2
2901,'Semaine-1',718,,80077,10,,,2,30,,80080,10,,,1,69,,80078,10,,,1,33,,80079,10,,,2
2901,'Semaine-12',718,,80081,10,,,2,30,,80084,10,,,1,69,,80082,10,,,1,33,,80083,10,,,2
3201,'Semaine-1',521,,80478,22,,,1,20,,80477,22,,,1,60,,80469,22,,,1,21,,80479,22,,,2,10,,80459,22,,,1,8,,80480,22,,,1,11,,80460,22,,,1,50,,80461,22,,,1,8,,80453,22,,,1,11,,80456,22,,,1,8,,80482,22,,,1,8,,80462,22,,,1,8,,80457,22,,,1,9,,80470,22,,,1,48,,80452,22,,,1,8,,80463,22,,,1,8,,80481,22,,,2,8,,80451,22,,,1,10,,80450,22,,,1,10,,80455,22,,,1,8,,80458,22,,,1,50,,80464,22,,,1,22,,80438,22,,,2,30,,80448,22,,,1,71,,80441,22,,,1,29,,80444,22,,,1,70,,80437,22,,,1,30,,80447,22,,,1,70,,80442,22,,,1,30,,80449,22,,,1,70,,80431,22,,,1,30,,80436,22,,,1,70,,80443,22,,,1,30,,80454,22,,,1,71,,80471,22,,,1,31,,80472,22,,,2,69,,80473,22,,,1,30,,80474,22,,,1,69,,80475,22,,,2,30,,80476,22,,,1,70,,80434,22,,,1,30,,80432,22,,,2,70,,80445,22,,,2,30,,80440,22,,,1,69,,80435,22,,,1,31,,80433,22,,,2,70,,80446,22,,,1,28,,80439,22,,,1,68,,80466,22,,,1,32,,80465,22,,,1,69,,80467,22,,,1,30,,80468,22,,,1
3201,'Semaine-12',521,,80530,22,,,1,20,,80529,22,,,1,60,,80521,22,,,1,21,,80531,22,,,2,10,,80511,22,,,1,8,,80532,22,,,1,11,,80512,22,,,1,50,,80513,22,,,1,8,,80505,22,,,1,11,,80508,22,,,1,8,,80534,22,,,1,8,,80514,22,,,1,8,,80509,22,,,1,9,,80522,22,,,1,48,,80504,22,,,1,8,,80515,22,,,1,8,,80533,22,,,2,8,,80503,22,,,1,10,,80502,22,,,1,10,,80507,22,,,1,8,,80510,22,,,1,50,,80516,22,,,1,22,,80490,22,,,2,30,,80500,22,,,1,71,,80493,22,,,1,29,,80496,22,,,1,70,,80489,22,,,1,30,,80499,22,,,1,70,,80494,22,,,1,30,,80501,22,,,1,70,,80483,22,,,1,30,,80488,22,,,1,70,,80495,22,,,1,30,,80506,22,,,1,71,,80523,22,,,1,31,,80524,22,,,2,69,,80525,22,,,1,30,,80526,22,,,1,69,,80527,22,,,2,30,,80528,22,,,1,70,,80486,22,,,1,30,,80484,22,,,2,70,,80497,22,,,2,30,,80492,22,,,1,69,,80487,22,,,1,31,,80485,22,,,2,70,,80498,22,,,1,28,,80491,22,,,1,68,,80518,22,,,1,32,,80517,22,,,1,69,,80519,22,,,1,30,,80520,22,,,1
3401,'Samedi-1',712,,80905,43,,,1,100,,80908,43,,,1,30,,80917,43,,,1,70,,80906,43,,,1,33,,80911,43,,,1,70,,80913,43,,,1,28,,80907,43,,,1,70,,80916,43,,,1,33,,80909,43,,,1,69,,80918,43,,,1,31,,80910,43,,,1,70,,80912,43,,,1,30,,80914,43,,,1,70,,80915,43,,,1,30,,80919,43,,,1,71,,80920,43,,,1,30,,80921,43,,,1,70,,80922,43,,,1,30,,80923,43,,,1,68,,80924,43,,,1,30,,80925,43,,,1,69,,80926,43,,,1,30,,80927,43,,,1,70,,80929,43,,,1,28,,80928,43,,,1,70,,80930,43,,,1,30,,80931,43,,,1,70,,80932,43,,,1,30,,80934,43,,,1,70,,80933,43,,,1,30,,80935,43,,,1,96,,80936,43,,,1
3401,'Samedi-10',712,,67667,43,,,1,100,,67670,43,,,1,30,,67679,43,,,1,70,,67668,43,,,1,33,,67673,43,,,1,70,,67675,43,,,1,28,,67669,43,,,1,70,,67678,43,,,1,33,,67671,43,,,1,69,,67680,43,,,1,31,,67672,43,,,1,70,,67674,43,,,1,30,,67676,43,,,1,70,,67677,43,,,1,30,,67681,43,,,1,71,,67682,43,,,1,30,,67683,43,,,1,70,,67684,43,,,1,30,,67685,43,,,1,68,,67686,43,,,1,30,,67687,43,,,1,69,,67688,43,,,1,30,,67689,43,,,1,70,,67691,43,,,1,28,,67690,43,,,1,70,,67692,43,,,1,30,,67693,43,,,1,70,,67694,43,,,1,30,,67696,43,,,1,70,,67695,43,,,1,30,,67697,43,,,1,96,,67698,43,,,1
3401,'Dimanche-1',712,,80937,43,,,1,100,,80945,43,,,1,30,,80950,43,,,1,70,,80942,43,,,1,33,,80940,43,,,1,70,,80963,43,,,1,28,,80944,43,,,1,70,,80949,43,,,1,33,,80939,43,,,1,69,,80938,43,,,1,31,,80941,43,,,1,70,,80948,43,,,1,30,,80951,43,,,1,70,,80943,43,,,1,30,,80947,43,,,1,71,,80946,43,,,1,30,,80952,43,,,1,70,,80956,43,,,1,30,,80953,43,,,1,68,,80954,43,,,1,30,,80955,43,,,1,69,,80962,43,,,1,30,,80957,43,,,1,70,,80960,43,,,1,28,,80958,43,,,1,70,,80959,43,,,1,30,,80961,43,,,1,70,,80964,43,,,1,30,,80966,43,,,1,70,,80965,43,,,1,30,,80967,43,,,1,96,,80968,43,,,1
3401,'Semaine-1',919,,80994,43,,,1,30,,80974,43,,,2,70,,80978,43,,,1,30,,80998,43,,,1,70,,80971,43,,,1,30,,80975,43,,,1,70,,80979,43,,,1,30,,80969,43,,,1,70,,80972,43,,,1,30,,80976,43,,,1,70,,80980,43,,,2,31,,80973,43,,,1,70,,80995,43,,,1,31,,80970,43,,,1,75,,80996,43,,,1,27,,80997,43,,,1,69,,80991,43,,,1,27,,80987,43,,,1,70,,80977,43,,,1,29,,80984,43,,,1,70,,80993,43,,,1,30,,80981,43,,,1,70,,80983,43,,,1,30,,80985,43,,,1,70,,80989,43,,,2,30,,80982,43,,,1,70,,80988,43,,,1,29,,80986,43,,,1,70,,80990,43,,,1,30,,80992,43,,,1
3401,'Semaine-12',919,,81024,43,,,1,30,,81004,43,,,2,70,,81008,43,,,1,30,,81028,43,,,1,70,,81001,43,,,1,30,,81005,43,,,1,70,,81009,43,,,1,30,,80999,43,,,1,70,,81002,43,,,1,30,,81006,43,,,1,70,,81010,43,,,2,31,,81003,43,,,1,70,,81025,43,,,1,31,,81000,43,,,1,75,,81026,43,,,1,27,,81027,43,,,1,69,,81021,43,,,1,27,,81017,43,,,1,70,,81007,43,,,1,29,,81014,43,,,1,70,,81023,43,,,1,30,,81011,43,,,1,70,,81013,43,,,1,30,,81015,43,,,1,70,,81019,43,,,2,30,,81012,43,,,1,70,,81018,43,,,1,29,,81016,43,,,1,70,,81020,43,,,1,30,,81022,43,,,1
5601,'Semaine-1',1225,,82735,17,,,1,103,,82732,17,,,1,100,,82731,17,,,1,101,,82734,17,,,2,104,,82733,17,,,1,97,,82736,17,,,1,96,,82737,17,,,1
5601,'Semaine-12',1225,,82742,17,,,1,103,,82739,17,,,1,100,,82738,17,,,1,101,,82741,17,,,2,104,,82740,17,,,1,97,,82743,17,,,1,96,,82744,17,,,1
32901,'Semaine-1',1651,,85909,36,0,7 8,1
32901,'Semaine-12',1651,,85910,36,0,7 8,1
42901,'Semaine-1',1514,,86769,18,0,9 14,1
42901,'Semaine-12',1514,,86770,18,0,9 14,1
55401,'Semaine-1',1533,,86814,15,0,5 6,1
55401,'Semaine-12',1533,,86816,15,0,5 6,1
72901,'Semaine-1',819,,86875,22,0,5 11,2
72901,'Semaine-12',819,,86876,22,0,5 11,2
82901,'Semaine-1',754,,87138,10,0,9 12 13,1,1,,87139,10,0,9 12 13,1,1,,87140,10,0,9 12 13,2
82901,'Semaine-12',754,,87141,10,0,9 12 13,1,1,,87142,10,0,9 12 13,1,1,,87143,10,0,9 12 13,2
