2700,'Semaine-1',1616,,80039,31,,,1,30,,80037,31,,,2,67,,80041,31,,,1,29,,80038,31,,,2,69,,80040,31,,,2
2700,'Semaine-12',1616,,80044,31,,,1,30,,80042,31,,,2,67,,80046,31,,,1,29,,80043,31,,,2,69,,80045,31,,,2
3301,'Samedi-1',710,,80655,7,,,1,100,,80656,7,,,1,100,,80657,7,,,1,100,,80658,7,,,1,99,,80659,7,,,1,101,,80660,7,,,1,100,,80661,7,,,1,100,,80662,7,,,1,100,,80663,7,,,1,100,,80664,7,,,1,100,,80665,7,,,1,99,,80666,7,,,1,100,,80667,7,,,1,100,,80668,7,,,1,100,,80669,7,,,1,100,,80670,7,,,1,100,,80671,7,,,1,100,,80672,7,,,1
3301,'Samedi-10',710,,67122,7,,,1,100,,67123,7,,,1,100,,67124,7,,,1,100,,67125,7,,,1,99,,67126,7,,,1,101,,67127,7,,,1,100,,67128,7,,,1,100,,67129,7,,,1,100,,67130,7,,,1,100,,67131,7,,,1,100,,67132,7,,,1,99,,67133,7,,,1,100,,67134,7,,,1,100,,67135,7,,,1,100,,67136,7,,,1,100,,67137,7,,,1,100,,67138,7,,,1,100,,67139,7,,,1
3301,'Dimanche-1',710,,80677,7,,,1,100,,80678,7,,,1,100,,80686,7,,,1,100,,80679,7,,,1,99,,80674,7,,,1,101,,80675,7,,,1,100,,80673,7,,,1,100,,80676,7,,,1,100,,80680,7,,,1,100,,80681,7,,,1,100,,80683,7,,,1,99,,80685,7,,,1,100,,80684,7,,,1,100,,80682,7,,,1,100,,80687,7,,,1,100,,80688,7,,,1,100,,80689,7,,,1,100,,80690,7,,,1
3301,'Semaine-1',555,,80714,7,,,1,60,,80722,7,,,1,18,,80699,7,,,1,14,,80719,7,,,1,59,,80715,7,,,1,10,,80710,7,,,1,11,,80730,7,,,1,12,,80728,7,,,1,15,,80717,7,,,1,54,,80705,7,,,1,12,,80721,7,,,1,14,,80695,7,,,1,70,,80707,7,,,1,31,,80713,7,,,1,70,,80703,7,,,1,30,,80724,7,,,1,70,,80708,7,,,1,30,,80700,7,,,1,70,,80702,7,,,1,15,,80720,7,,,1,15,,80729,7,,,1,65,,80711,7,,,1,30,,80701,7,,,1,70,,80706,7,,,1,30,,80709,7,,,1,20,,80731,7,,,1,60,,80712,7,,,1,18,,80716,7,,,1,22,,80697,7,,,1,60,,80727,7,,,1,20,,80704,7,,,1,27,,80694,7,,,1,72,,80691,7,,,1,75,,80725,7,,,1,30,,80698,7,,,1,70,,80693,7,,,1,100,,80696,7,,,1,34,,80718,7,,,1,101,,80723,7,,,2,100,,80692,7,,,1,100,,80726,7,,,1
3301,'Semaine-12',555,,80755,7,,,1,60,,80763,7,,,1,18,,80740,7,,,1,14,,80760,7,,,1,59,,80756,7,,,1,10,,80751,7,,,1,11,,80771,7,,,1,12,,80769,7,,,1,15,,80758,7,,,1,54,,80746,7,,,1,12,,80762,7,,,1,14,,80736,7,,,1,70,,80748,7,,,1,31,,80754,7,,,1,70,,80744,7,,,1,30,,80765,7,,,1,70,,80749,7,,,1,30,,80741,7,,,1,70,,80743,7,,,1,15,,80761,7,,,1,15,,80770,7,,,1,65,,80752,7,,,1,30,,80742,7,,,1,70,,80747,7,,,1,30,,80750,7,,,1,20,,80772,7,,,1,60,,80753,7,,,1,18,,80757,7,,,1,22,,80738,7,,,1,60,,80768,7,,,1,20,,80745,7,,,1,27,,80735,7,,,1,72,,80732,7,,,1,75,,80766,7,,,1,30,,80739,7,,,1,70,,80734,7,,,1,100,,80737,7,,,1,34,,80759,7,,,1,101,,80764,7,,,2,100,,80733,7,,,1,100,,80767,7,,,1
33101,'Semaine-1',1624,,85913,12,0,7 8,1
33101,'Semaine-12',1624,,85914,12,0,7 8,1
43301,'Semaine-1',727,,86781,8,0,9 14,1
43301,'Semaine-12',727,,86782,8,0,9 14,1
56601,'Semaine-1',712,,86819,40,0,5 6,1
56601,'Semaine-12',712,,86820,40,0,5 6,1
82700,'Semaine-1',1537,,87128,21,0,9 12 13,2
82700,'Semaine-12',1537,,87129,21,0,9 12 13,2
