6401,'Samedi-1',732,,83372,29,,,1,100,,83369,29,,,1,100,,83371,29,,,1,100,,83374,29,,,1,100,,83370,29,,,1,100,,83375,29,,,1,100,,83373,29,,,1,100,,83376,29,,,1,100,,83377,29,,,1,100,,83378,29,,,1,100,,83379,29,,,1
6401,'Samedi-10',732,,72587,29,,,1,100,,72584,29,,,1,100,,72586,29,,,1,100,,72589,29,,,1,100,,72585,29,,,1,100,,72590,29,,,1,100,,72588,29,,,1,100,,72591,29,,,1,100,,72592,29,,,1,100,,72593,29,,,1,100,,72594,29,,,1
6401,'Dimanche-1',732,,83384,29,,,1,100,,83381,29,,,1,100,,83387,29,,,1,100,,83388,29,,,1,100,,83385,29,,,1,100,,83380,29,,,1,100,,83382,29,,,1,100,,83383,29,,,1,100,,83389,29,,,1,100,,83386,29,,,1,100,,83390,29,,,1
6401,'Semaine-1',532,,83391,29,,,2,108,,83401,29,,,2,100,,83403,29,,,1,100,,83400,29,,,1,96,,83408,29,,,1,100,,83395,29,,,1,100,,83394,29,,,1,100,,83406,29,,,1,100,,83402,29,,,2,100,,83404,29,,,1,100,,83405,29,,,1,102,,83396,29,,,1,98,,83392,29,,,1,100,,83393,29,,,1,97,,83399,29,,,1,100,,83397,29,,,1,100,,83398,29,,,1,100,,83407,29,,,1
6401,'Semaine-12',532,,83409,29,,,2,108,,83419,29,,,2,100,,83421,29,,,1,100,,83418,29,,,1,96,,83426,29,,,1,100,,83413,29,,,1,100,,83412,29,,,1,100,,83424,29,,,1,100,,83420,29,,,2,100,,83422,29,,,1,100,,83423,29,,,1,102,,83414,29,,,1,98,,83410,29,,,1,100,,83411,29,,,1,97,,83417,29,,,1,100,,83415,29,,,1,100,,83416,29,,,1,100,,83425,29,,,1
6601,'Samedi-1',659,,83727,32,,,1,100,,83729,32,,,1,100,,83733,32,,,1,100,,83730,32,,,1,100,,83734,32,,,1,100,,83728,32,,,1,100,,83731,32,,,1,100,,83732,32,,,1,100,,83735,32,,,1,100,,83736,32,,,1,100,,83737,32,,,1,100,,83738,32,,,1,100,,83739,32,,,1,100,,83741,32,,,1,100,,83740,32,,,1,100,,83742,32,,,1,100,,83743,32,,,1,100,,83744,32,,,1
6601,'Samedi-10',659,,73314,32,,,1,100,,73316,32,,,1,100,,73320,32,,,1,100,,73317,32,,,1,100,,73321,32,,,1,100,,73315,32,,,1,100,,73318,32,,,1,100,,73319,32,,,1,100,,73322,32,,,1,100,,73323,32,,,1,100,,73324,32,,,1,100,,73325,32,,,1,100,,73326,32,,,1,100,,73328,32,,,1,100,,73327,32,,,1,100,,73329,32,,,1,100,,73330,32,,,1,100,,73331,32,,,1
6601,'Dimanche-1',659,,83746,32,,,1,100,,83750,32,,,1,100,,83751,32,,,1,100,,83752,32,,,1,100,,83745,32,,,1,100,,83747,32,,,1,100,,83748,32,,,1,100,,83749,32,,,1,100,,83754,32,,,1,100,,83753,32,,,1,100,,83757,32,,,1,100,,83755,32,,,1,100,,83758,32,,,1,100,,83756,32,,,1,100,,83759,32,,,1,100,,83760,32,,,1,100,,83761,32,,,1,100,,83762,32,,,1
6601,'Semaine-1',550,,83772,32,,,2,60,,83765,32,,,1,18,,83774,32,,,1,21,,83780,32,,,2,60,,83775,32,,,2,21,,83766,32,,,1,23,,83778,32,,,2,59,,83771,32,,,1,18,,83787,32,,,1,21,,83764,32,,,1,59,,83777,32,,,1,18,,83788,32,,,1,20,,83796,32,,,1,102,,83776,32,,,1,100,,83768,32,,,1,100,,83792,32,,,1,100,,83793,32,,,1,100,,83779,32,,,2,62,,83767,32,,,1,19,,83784,32,,,2,19,,83781,32,,,1,64,,83794,32,,,1,22,,83763,32,,,1,19,,83789,32,,,1,60,,83782,32,,,1,20,,83795,32,,,1,18,,83785,32,,,2,64,,83790,32,,,2,20,,83783,32,,,1,18,,83791,32,,,1,60,,83797,32,,,2,94,,83770,32,,,2,100,,83769,32,,,1,95,,83773,32,,,1,100,,83786,32,,,1
6601,'Semaine-12',550,,83807,32,,,2,60,,83800,32,,,1,18,,83809,32,,,1,21,,83815,32,,,2,60,,83810,32,,,2,21,,83801,32,,,1,23,,83813,32,,,2,59,,83806,32,,,1,18,,83822,32,,,1,21,,83799,32,,,1,59,,83812,32,,,1,18,,83823,32,,,1,20,,83831,32,,,1,102,,83811,32,,,1,100,,83803,32,,,1,100,,83827,32,,,1,100,,83828,32,,,1,100,,83814,32,,,2,62,,83802,32,,,1,19,,83819,32,,,2,19,,83816,32,,,1,64,,83829,32,,,1,22,,83798,32,,,1,19,,83824,32,,,1,60,,83817,32,,,1,20,,83830,32,,,1,18,,83820,32,,,2,64,,83825,32,,,2,20,,83818,32,,,1,18,,83826,32,,,1,60,,83832,32,,,2,94,,83805,32,,,2,100,,83804,32,,,1,95,,83808,32,,,1,100,,83821,32,,,1
56601,'Semaine-1',645,,86819,7,0,5 6,1
56601,'Semaine-12',645,,86820,7,0,5 6,1
