1801,'Semaine-1',611,,79953,5,,,1,45,,79955,5,,,2,85,,79954,5,,,1
1801,'Semaine-12',611,,79956,5,,,1,45,,79958,5,,,2,85,,79957,5,,,1
10001,'Semaine-1',612,,85741,5,,,1,10,,85739,5,,,1,10,,85738,5,,,1,10,,85737,5,,,1,9,,85740,5,,,1,51,,85742,5,,,1,10,,85743,5,,,1,10,,85744,5,,,1,9,,85745,5,,,1,11,,85746,5,,,1,14,,85747,5,,,1,49,,85748,5,,,1,10,,85749,5,,,1,8,,85750,5,,,1,10,,85751,5,,,1
10001,'Semaine-12',612,,85756,5,,,1,10,,85754,5,,,1,10,,85753,5,,,1,10,,85752,5,,,1,9,,85755,5,,,1,51,,85757,5,,,1,10,,85758,5,,,1,10,,85759,5,,,1,9,,85760,5,,,1,11,,85761,5,,,1,14,,85762,5,,,1,49,,85763,5,,,1,10,,85764,5,,,1,8,,85765,5,,,1,10,,85766,5,,,1
40001,'Samedi-1',622,,86419,5,,,1,15,,86422,5,,,1,15,,86424,5,,,1,55,,86420,5,,,1,15,,86421,5,,,1,15,,86423,5,,,1,15,,86429,5,,,1,55,,86436,5,,,1,15,,86427,5,,,1,14,,86447,5,,,1,15,,86425,5,,,1,54,,86426,5,,,1,15,,86435,5,,,1,15,,86428,5,,,1,15,,86430,5,,,1,55,,86438,5,,,1,15,,86439,5,,,1,15,,86440,5,,,1,15,,86446,5,,,1,55,,86445,5,,,1,15,,86449,5,,,1,15,,86432,5,,,1,15,,86431,5,,,1,55,,86434,5,,,1,15,,86437,5,,,1,15,,86433,5,,,1,15,,86442,5,,,1,55,,86444,5,,,1,15,,86450,5,,,1,15,,86441,5,,,1,15,,86443,5,,,1,55,,86448,5,,,1,15,,86451,5,,,1,15,,86452,5,,,1,15,,86453,5,,,1,55,,86454,5,,,1,15,,86455,5,,,1,15,,86456,5,,,1,15,,86457,5,,,1,55,,86458,5,,,1,16,,86459,5,,,1,14,,86460,5,,,1,15,,86461,5,,,1,55,,86462,5,,,1,15,,86463,5,,,1,15,,86464,5,,,1,15,,86465,5,,,1,55,,86468,5,,,1,15,,86466,5,,,1,16,,86467,5,,,1,16,,86470,5,,,1,55,,86469,5,,,1,15,,86474,5,,,1,15,,86472,5,,,1,15,,86473,5,,,1,55,,86471,5,,,1,15,,86475,5,,,1,15,,86477,5,,,1,15,,86478,5,,,1,55,,86479,5,,,1,15,,86476,5,,,1,15,,86482,5,,,1,15,,86481,5,,,1,55,,86480,5,,,1,15,,86483,5,,,1,15,,86484,5,,,1,15,,86485,5,,,1,55,,86486,5,,,1,15,,86488,5,,,1,15,,86487,5,,,1,15,,86490,5,,,1,55,,86489,5,,,1,15,,86491,5,,,1
40001,'Samedi-10',622,,78574,5,,,1,15,,78577,5,,,1,15,,78579,5,,,1,55,,78575,5,,,1,15,,78576,5,,,1,15,,78578,5,,,1,15,,78584,5,,,1,55,,78591,5,,,1,15,,78582,5,,,1,14,,78602,5,,,1,15,,78580,5,,,1,54,,78581,5,,,1,15,,78590,5,,,1,15,,78583,5,,,1,15,,78585,5,,,1,55,,78593,5,,,1,15,,78594,5,,,1,15,,78595,5,,,1,15,,78601,5,,,1,55,,78600,5,,,1,15,,78604,5,,,1,15,,78587,5,,,1,15,,78586,5,,,1,55,,78589,5,,,1,15,,78592,5,,,1,15,,78588,5,,,1,15,,78597,5,,,1,55,,78599,5,,,1,15,,78605,5,,,1,15,,78596,5,,,1,15,,78598,5,,,1,55,,78603,5,,,1,15,,78606,5,,,1,15,,78607,5,,,1,15,,78608,5,,,1,55,,78609,5,,,1,15,,78610,5,,,1,15,,78611,5,,,1,15,,78612,5,,,1,55,,78613,5,,,1,16,,78614,5,,,1,14,,78615,5,,,1,15,,78616,5,,,1,55,,78617,5,,,1,15,,78618,5,,,1,15,,78619,5,,,1,15,,78620,5,,,1,55,,78623,5,,,1,15,,78621,5,,,1,16,,78622,5,,,1,16,,78625,5,,,1,55,,78624,5,,,1,15,,78629,5,,,1,15,,78627,5,,,1,15,,78628,5,,,1,55,,78626,5,,,1,15,,78630,5,,,1,15,,78632,5,,,1,15,,78633,5,,,1,55,,78634,5,,,1,15,,78631,5,,,1,15,,78637,5,,,1,15,,78636,5,,,1,55,,78635,5,,,1,15,,78638,5,,,1,15,,78639,5,,,1,15,,78640,5,,,1,55,,78641,5,,,1,15,,78643,5,,,1,15,,78642,5,,,1,15,,78645,5,,,1,55,,78644,5,,,1,15,,78646,5,,,1
40001,'Dimanche-1',622,,86492,5,,,1,15,,86499,5,,,1,15,,86500,5,,,1,55,,86494,5,,,1,15,,86493,5,,,1,15,,86498,5,,,1,15,,86509,5,,,1,55,,86512,5,,,1,15,,86495,5,,,1,14,,86504,5,,,1,15,,86501,5,,,1,54,,86518,5,,,1,15,,86521,5,,,1,15,,86502,5,,,1,15,,86510,5,,,1,55,,86525,5,,,1,15,,86514,5,,,1,15,,86530,5,,,1,15,,86503,5,,,1,55,,86519,5,,,1,15,,86520,5,,,1,15,,86515,5,,,1,15,,86531,5,,,1,55,,86524,5,,,1,15,,86505,5,,,1,15,,86513,5,,,1,15,,86507,5,,,1,55,,86517,5,,,1,15,,86526,5,,,1,15,,86511,5,,,1,15,,86506,5,,,1,55,,86523,5,,,1,15,,86496,5,,,1,15,,86528,5,,,1,15,,86497,5,,,1,55,,86516,5,,,1,15,,86527,5,,,1,15,,86508,5,,,1,15,,86536,5,,,1,55,,86522,5,,,1,16,,86539,5,,,1,14,,86529,5,,,1,15,,86543,5,,,1,55,,86537,5,,,1,15,,86545,5,,,1,15,,86541,5,,,1,15,,86547,5,,,1,55,,86532,5,,,1,15,,86538,5,,,1,16,,86533,5,,,1,16,,86542,5,,,1,55,,86535,5,,,1,15,,86544,5,,,1,15,,86540,5,,,1,15,,86546,5,,,1,55,,86534,5,,,1,15,,86548,5,,,1,15,,86550,5,,,1,15,,86549,5,,,1,55,,86552,5,,,1,15,,86551,5,,,1,15,,86553,5,,,1,15,,86554,5,,,1,55,,86555,5,,,1,15,,86556,5,,,1,15,,86557,5,,,1,15,,86558,5,,,1,55,,86559,5,,,1,15,,86560,5,,,1,15,,86561,5,,,1,15,,86562,5,,,1,55,,86563,5,,,1,15,,86564,5,,,1
40001,'Semaine-1',455,,86635,5,,,1,50,,86636,5,,,1,10,,86637,5,,,1,10,,86638,5,,,1,10,,86639,5,,,1,10,,86640,5,,,1,5,,86641,5,,,1,5,,86642,5,,,1,4,,86643,5,,,1,46,,86649,5,,,1,230,,86644,5,,,1,9,,86645,3,,,1,6,,86646,5,,,1,50,,86647,5,,,1,11,,86648,5,,,1,10,,86594,5,,,1,9,,86579,5,,,1,11,,86604,5,,,1,11,,86605,5,,,1,49,,86651,5,,,1,10,,86569,5,,,1,10,,86652,5,,,1,10,,86567,5,,,1,10,,86601,5,,,1,10,,86621,5,,,1,50,,86588,5,,,1,10,,86596,5,,,1,10,,86593,5,,,1,10,,86571,5,,,1,10,,86632,5,,,1,10,,86606,5,,,1,50,,86618,5,,,1,10,,86570,5,,,1,10,,86580,5,,,1,10,,86573,5,,,1,10,,86589,5,,,1,10,,86622,5,,,1,50,,86603,5,,,1,10,,86597,5,,,1,10,,86592,5,,,1,10,,86585,5,,,1,9,,86628,5,,,1,10,,86607,5,,,1,50,,86619,5,,,1,10,,86634,5,,,1,10,,86582,5,,,1,10,,86565,5,,,1,10,,86624,5,,,1,10,,86623,5,,,1,50,,86608,5,,,1,9,,86598,5,,,1,6,,86590,1,,,1,6,,86575,5,,,1,12,,86626,5,,,1,13,,86633,5,,,1,7,,86650,1,,,1,5,,86620,5,,,1,53,,86655,5,,,1,10,,86600,5,,,1,12,,86629,5,,,1,12,,86653,5,,,1,12,,86613,5,,,1,53,,86591,5,,,1,11,,86576,5,,,1,12,,86581,5,,,1,12,,86654,5,,,1,12,,86583,5,,,1,52,,86609,5,,,1,12,,86599,5,,,1,12,,86630,5,,,1,12,,86616,5,,,1,12,,86595,5,,,1,50,,86577,5,,,1,14,,86617,5,,,1,12,,86657,5,,,1,12,,86656,5,,,1,12,,86584,5,,,1,52,,86610,5,,,1,12,,86587,5,,,1,12,,86631,5,,,1,12,,86614,5,,,1,55,,86572,5,,,1,13,,86658,5,,,1,17,,86578,5,,,1,15,,86574,5,,,1,55,,86625,5,,,1,13,,86611,5,,,1,15,,86586,5,,,1,15,,86615,5,,,1,15,,86627,5,,,1,55,,86568,5,,,1,15,,86566,5,,,1,15,,86602,5,,,1,70,,86612,5,,,1
40001,'Semaine-12',455,,86729,5,,,1,50,,86730,5,,,1,10,,86731,5,,,1,10,,86732,5,,,1,10,,86733,5,,,1,10,,86734,5,,,1,5,,86735,5,,,1,5,,86736,5,,,1,4,,86737,5,,,1,46,,86743,5,,,1,230,,86738,5,,,1,9,,86739,3,,,1,6,,86740,5,,,1,50,,86741,5,,,1,11,,86742,5,,,1,10,,86688,5,,,1,9,,86673,5,,,1,11,,86698,5,,,1,11,,86699,5,,,1,49,,86745,5,,,1,10,,86663,5,,,1,10,,86746,5,,,1,10,,86661,5,,,1,10,,86695,5,,,1,10,,86715,5,,,1,50,,86682,5,,,1,10,,86690,5,,,1,10,,86687,5,,,1,10,,86665,5,,,1,10,,86726,5,,,1,10,,86700,5,,,1,50,,86712,5,,,1,10,,86664,5,,,1,10,,86674,5,,,1,10,,86667,5,,,1,10,,86683,5,,,1,10,,86716,5,,,1,50,,86697,5,,,1,10,,86691,5,,,1,10,,86686,5,,,1,10,,86679,5,,,1,9,,86722,5,,,1,10,,86701,5,,,1,50,,86713,5,,,1,10,,86728,5,,,1,10,,86676,5,,,1,10,,86659,5,,,1,10,,86718,5,,,1,10,,86717,5,,,1,50,,86702,5,,,1,9,,86692,5,,,1,6,,86684,1,,,1,6,,86669,5,,,1,12,,86720,5,,,1,13,,86727,5,,,1,7,,86744,1,,,1,5,,86714,5,,,1,53,,86749,5,,,1,10,,86694,5,,,1,12,,86723,5,,,1,12,,86747,5,,,1,12,,86707,5,,,1,53,,86685,5,,,1,11,,86670,5,,,1,12,,86675,5,,,1,12,,86748,5,,,1,12,,86677,5,,,1,52,,86703,5,,,1,12,,86693,5,,,1,12,,86724,5,,,1,12,,86710,5,,,1,12,,86689,5,,,1,50,,86671,5,,,1,14,,86711,5,,,1,12,,86751,5,,,1,12,,86750,5,,,1,12,,86678,5,,,1,52,,86704,5,,,1,12,,86681,5,,,1,12,,86725,5,,,1,12,,86708,5,,,1,55,,86666,5,,,1,13,,86752,5,,,1,17,,86672,5,,,1,15,,86668,5,,,1,55,,86719,5,,,1,13,,86705,5,,,1,15,,86680,5,,,1,15,,86709,5,,,1,15,,86721,5,,,1,55,,86662,5,,,1,15,,86660,5,,,1,15,,86696,5,,,1,70,,86706,5,,,1
80001,'Samedi-1',605,,87007,5,,,1,101,,87009,5,,,1,100,,87010,5,,,1,100,,87013,5,,,1,100,,87008,5,,,1,100,,87011,5,,,1,100,,87014,5,,,1,100,,87012,5,,,1,100,,87015,5,,,1,100,,87016,5,,,1,100,,87017,5,,,2,100,,87018,5,,,1,100,,87021,5,,,1,100,,87019,5,,,1,100,,87020,5,,,1,100,,87022,5,,,1,100,,87023,5,,,1
80001,'Samedi-10',605,,79670,5,,,1,101,,79672,5,,,1,100,,79673,5,,,1,100,,79676,5,,,1,100,,79671,5,,,1,100,,79674,5,,,1,100,,79677,5,,,1,100,,79675,5,,,1,100,,79678,5,,,1,100,,79679,5,,,1,100,,79680,5,,,2,100,,79681,5,,,1,100,,79684,5,,,1,100,,79682,5,,,1,100,,79683,5,,,1,100,,79685,5,,,1,100,,79686,5,,,1
80001,'Dimanche-1',605,,87024,5,,,1,101,,87026,5,,,1,100,,87028,5,,,1,100,,87025,5,,,1,100,,87027,5,,,1,100,,87029,5,,,1,100,,87030,5,,,1,100,,87031,5,,,1,100,,87034,5,,,1,100,,87032,5,,,1,100,,87033,5,,,2,100,,87036,5,,,1,100,,87037,5,,,1,100,,87035,5,,,1,100,,87038,5,,,1,100,,87039,5,,,1,100,,87040,5,,,1
80001,'Semaine-1',555,,87062,5,,,1,68,,87055,5,,,1,31,,87063,5,,,1,68,,87047,5,,,1,35,,87045,5,,,1,69,,87052,5,,,1,27,,87058,5,,,1,70,,87070,5,,,1,30,,87061,5,,,2,70,,87053,5,,,1,30,,87067,5,,,1,70,,87041,5,,,1,30,,87075,5,,,1,69,,87073,5,,,1,34,,87043,5,,,1,70,,87066,5,,,1,29,,87057,5,,,1,70,,87064,5,,,1,32,,87074,5,,,1,67,,87059,5,,,1,17,,87069,5,,,1,62,,87071,5,,,1,24,,87068,5,,,1,26,,87060,5,,,1,71,,87050,5,,,1,31,,87048,5,,,1,68,,87042,5,,,1,29,,87072,5,,,1,74,,87054,5,,,1,27,,87051,5,,,1,70,,87056,5,,,1,29,,87044,5,,,1,70,,87065,5,,,1,34,,87046,5,,,1,72,,87049,5,,,1
80001,'Semaine-12',555,,87097,5,,,1,68,,87090,5,,,1,31,,87098,5,,,1,68,,87082,5,,,1,35,,87080,5,,,1,69,,87087,5,,,1,27,,87093,5,,,1,70,,87105,5,,,1,30,,87096,5,,,2,70,,87088,5,,,1,30,,87102,5,,,1,70,,87076,5,,,1,30,,87110,5,,,1,69,,87108,5,,,1,34,,87078,5,,,1,70,,87101,5,,,1,29,,87092,5,,,1,70,,87099,5,,,1,32,,87109,5,,,1,67,,87094,5,,,1,17,,87104,5,,,1,62,,87106,5,,,1,24,,87103,5,,,1,26,,87095,5,,,1,71,,87085,5,,,1,31,,87083,5,,,1,68,,87077,5,,,1,29,,87107,5,,,1,74,,87089,5,,,1,27,,87086,5,,,1,70,,87091,5,,,1,29,,87079,5,,,1,70,,87100,5,,,1,34,,87081,5,,,1,72,,87084,5,,,1
