5001,'Semaine-0',1632,,70260,24,,,1,102,,70262,24,,,1,96,,70261,24,,,2
5001,'Semaine-10',1632,,70263,24,,,1,102,,70265,24,,,1,96,,70264,24,,,2
5001,'Semaine-11',1632,,70266,24,,,1,102,,70268,24,,,1,96,,70267,24,,,2
44901,'Semaine-0',1521,,79281,26,0,9 14,1
44901,'Semaine-10',1521,,79282,26,0,9 14,1
44901,'Semaine-11',1521,,79283,26,0,9 14,1
54901,'Semaine-0',1543,,79285,27,,,1
54901,'Semaine-10',1543,,79287,27,,,1
54901,'Semaine-11',1543,,79289,27,,,1
55001,'Semaine-0',1543,,79298,22,0,5 6,1
55001,'Semaine-10',1543,,79301,22,0,5 6,1
55001,'Semaine-11',1543,,79304,22,0,5 6,1
63901,'Semaine-0',721,,79344,37,,,1
63901,'Semaine-10',721,,79345,37,,,1
63901,'Semaine-11',721,,79346,37,,,1
