2500,'Semaine-1',1557,,79993,41,,,1,70,,79996,41,,,1,31,,79994,41,,,1,73,,79998,41,,,1,24,,79995,41,,,2,65,,79997,41,,,2
2500,'Semaine-12',1557,,79999,41,,,1,70,,80002,41,,,1,31,,80000,41,,,1,73,,80004,41,,,1,24,,80001,41,,,2,65,,80003,41,,,2
5001,'Semaine-1',1626,,82225,19,,,1,101,,82227,19,,,1,97,,82226,19,,,2
5001,'Semaine-12',1626,,82228,19,,,1,101,,82230,19,,,1,97,,82229,19,,,2
32500,'Semaine-1',1652,,85896,47,0,7 8,1
32500,'Semaine-12',1652,,85898,47,0,7 8,1
42501,'Semaine-1',1522,,86757,35,0,9 14,1
42501,'Semaine-12',1522,,86758,35,0,9 14,1
55001,'Semaine-1',1538,,86805,17,0,5 6,1
55001,'Semaine-12',1538,,86808,17,0,5 6,1
72500,'Semaine-1',1650,,86867,39,0,5 11,1
72500,'Semaine-12',1650,,86868,39,0,5 11,1
82500,'Semaine-1',1554,,87113,33,0,9 12 13,1
82500,'Semaine-12',1554,,87115,33,0,9 12 13,1
