2001,'Semaine-1',1556,,79965,22,,,1,99,,79967,22,,,1,100,,79966,22,,,1
2001,'Semaine-12',1556,,79968,22,,,1,99,,79970,22,,,1,100,,79969,22,,,1
2301,'Semaine-1',640,,79986,32,,,1,70,,79983,32,,,2,34,,79987,32,,,1,74,,79985,32,,,2,25,,79984,32,,,1
2301,'Semaine-12',640,,79991,32,,,1,70,,79988,32,,,2,34,,79992,32,,,1,74,,79990,32,,,2,25,,79989,32,,,1
2501,'Semaine-1',625,,80009,39,,,2,29,,80008,39,,,1,74,,80006,39,,,1,78,,80007,39,,,2,28,,80010,39,,,1,24,,80005,39,,,2
2501,'Semaine-12',625,,80015,39,,,2,29,,80014,39,,,1,74,,80012,39,,,1,78,,80013,39,,,2,28,,80016,39,,,1,24,,80011,39,,,2
2601,'Semaine-1',622,,80028,37,,,1,32,,80030,37,,,2,71,,80031,37,,,2,30,,80029,37,,,1,70,,80027,37,,,2
2601,'Semaine-12',622,,80033,37,,,1,32,,80035,37,,,2,71,,80036,37,,,2,30,,80034,37,,,1,70,,80032,37,,,2
2701,'Semaine-1',640,,80049,42,,,1,86,,80050,42,,,1,91,,80047,42,,,1,27,,80048,42,,,2
2701,'Semaine-12',640,,80053,42,,,1,86,,80054,42,,,1,91,,80051,42,,,1,27,,80052,42,,,2
2901,'Semaine-1',735,,80077,23,,,2,71,,80080,23,,,1,28,,80078,23,,,1,71,,80079,23,,,2
2901,'Semaine-12',735,,80081,23,,,2,71,,80084,23,,,1,28,,80082,23,,,1,71,,80083,23,,,2
3100,'Samedi-1',705,,80085,8,,,1,105,,80086,8,,,1,101,,80087,8,,,1,101,,80088,8,,,1,102,,80089,8,,,1,100,,80090,8,,,1,101,,80091,8,,,1,100,,80092,8,,,1,100,,80093,8,,,1,102,,80094,8,,,1,100,,80095,8,,,1,100,,80096,8,,,1,95,,80097,8,,,1,100,,80098,8,,,1,100,,80099,8,,,1,100,,80100,8,,,1,101,,80101,8,,,1,101,,80102,8,,,1,100,,80103,8,,,1
3100,'Samedi-10',705,,66103,8,,,1,105,,66104,8,,,1,101,,66105,8,,,1,101,,66106,8,,,1,102,,66107,8,,,1,100,,66108,8,,,1,101,,66109,8,,,1,100,,66110,8,,,1,100,,66111,8,,,1,102,,66112,8,,,1,100,,66113,8,,,1,100,,66114,8,,,1,95,,66115,8,,,1,100,,66116,8,,,1,100,,66117,8,,,1,100,,66118,8,,,1,101,,66119,8,,,1,101,,66120,8,,,1,100,,66121,8,,,1
3100,'Dimanche-1',705,,80108,8,,,1,105,,80110,8,,,1,101,,80109,8,,,1,101,,80117,8,,,1,102,,80112,8,,,1,100,,80104,8,,,1,101,,80107,8,,,1,100,,80106,8,,,1,100,,80105,8,,,1,102,,80111,8,,,1,100,,80113,8,,,1,100,,80114,8,,,1,95,,80116,8,,,1,100,,80115,8,,,1,100,,80118,8,,,1,100,,80119,8,,,1,101,,80120,8,,,1,101,,80121,8,,,1,100,,80122,8,,,1
3100,'Semaine-1',612,,80127,8,,,1,42,,80160,8,,,1,61,,80140,8,,,1,21,,80128,8,,,1,15,,80165,8,,,1,61,,80162,8,,,1,21,,80124,8,,,1,18,,80137,8,,,1,63,,80138,8,,,1,9,,80129,8,,,1,24,,80131,8,,,1,60,,80148,8,,,1,27,,80149,8,,,1,71,,80130,8,,,1,30,,80135,8,,,1,70,,80154,8,,,1,30,,80151,8,,,1,17,,80132,8,,,1,53,,80125,8,,,1,19,,80159,8,,,1,20,,80163,8,,,1,58,,80150,8,,,1,29,,80133,8,,,1,21,,80153,8,,,1,49,,80155,8,,,1,35,,80161,8,,,1,64,,80152,8,,,1,18,,80134,8,,,1,19,,80145,8,,,1,63,,80147,8,,,1,22,,80136,8,,,1,17,,80123,8,,,1,15,,80126,8,,,1,51,,80157,8,,,1,29,,80164,8,,,1,12,,80142,8,,,1,60,,80158,8,,,1,106,,80143,8,,,1,100,,80139,8,,,1,100,,80144,8,,,1,100,,80146,8,,,1,100,,80156,8,,,1,100,,80141,8,,,1
3100,'Semaine-12',612,,80170,8,,,1,42,,80203,8,,,1,61,,80183,8,,,1,21,,80171,8,,,1,15,,80208,8,,,1,61,,80205,8,,,1,21,,80167,8,,,1,18,,80180,8,,,1,63,,80181,8,,,1,9,,80172,8,,,1,24,,80174,8,,,1,60,,80191,8,,,1,27,,80192,8,,,1,71,,80173,8,,,1,30,,80178,8,,,1,70,,80197,8,,,1,30,,80194,8,,,1,17,,80175,8,,,1,53,,80168,8,,,1,19,,80202,8,,,1,20,,80206,8,,,1,58,,80193,8,,,1,29,,80176,8,,,1,21,,80196,8,,,1,49,,80198,8,,,1,35,,80204,8,,,1,64,,80195,8,,,1,18,,80177,8,,,1,19,,80188,8,,,1,63,,80190,8,,,1,22,,80179,8,,,1,17,,80166,8,,,1,15,,80169,8,,,1,51,,80200,8,,,1,29,,80207,8,,,1,12,,80185,8,,,1,60,,80201,8,,,1,106,,80186,8,,,1,100,,80182,8,,,1,100,,80187,8,,,1,100,,80189,8,,,1,100,,80199,8,,,1,100,,80184,8,,,1
3201,'Semaine-1',536,,80478,35,,,1,20,,80477,35,,,1,60,,80469,35,,,1,21,,80479,35,,,2,10,,80459,35,,,1,8,,80480,35,,,1,52,,80460,35,,,1,12,,80461,35,,,1,8,,80453,35,,,1,11,,80456,35,,,1,8,,80482,35,,,1,8,,80462,35,,,1,48,,80457,35,,,1,9,,80470,35,,,1,8,,80452,35,,,1,8,,80463,35,,,1,8,,80481,35,,,2,8,,80451,35,,,1,10,,80450,35,,,1,50,,80455,35,,,1,8,,80458,35,,,1,9,,80464,35,,,1,22,,80438,35,,,2,68,,80448,36,,,1,30,,80441,36,,,1,70,,80444,36,,,1,30,,80437,36,,,1,70,,80447,36,,,1,30,,80442,36,,,1,70,,80449,36,,,1,30,,80431,36,,,1,70,,80436,36,,,1,30,,80443,36,,,1,71,,80454,36,,,1,33,,80471,36,,,1,71,,80472,36,,,2,29,,80473,36,,,1,70,,80474,36,,,1,27,,80475,36,,,2,70,,80476,36,,,1,30,,80434,36,,,1,68,,80432,36,,,2,29,,80445,36,,,2,70,,80440,36,,,1,29,,80435,36,,,1,71,,80433,36,,,2,30,,80446,36,,,1,69,,80439,36,,,1,28,,80466,36,,,1,72,,80465,36,,,1,28,,80467,36,,,1,70,,80468,36,,,1
3201,'Semaine-12',536,,80530,35,,,1,20,,80529,35,,,1,60,,80521,35,,,1,21,,80531,35,,,2,10,,80511,35,,,1,8,,80532,35,,,1,52,,80512,35,,,1,12,,80513,35,,,1,8,,80505,35,,,1,11,,80508,35,,,1,8,,80534,35,,,1,8,,80514,35,,,1,48,,80509,35,,,1,9,,80522,35,,,1,8,,80504,35,,,1,8,,80515,35,,,1,8,,80533,35,,,2,8,,80503,35,,,1,10,,80502,35,,,1,50,,80507,35,,,1,8,,80510,35,,,1,9,,80516,35,,,1,22,,80490,35,,,2,68,,80500,36,,,1,30,,80493,36,,,1,70,,80496,36,,,1,30,,80489,36,,,1,70,,80499,36,,,1,30,,80494,36,,,1,70,,80501,36,,,1,30,,80483,36,,,1,70,,80488,36,,,1,30,,80495,36,,,1,71,,80506,36,,,1,33,,80523,36,,,1,71,,80524,36,,,2,29,,80525,36,,,1,70,,80526,36,,,1,27,,80527,36,,,2,70,,80528,36,,,1,30,,80486,36,,,1,68,,80484,36,,,2,29,,80497,36,,,2,70,,80492,36,,,1,29,,80487,36,,,1,71,,80485,36,,,2,30,,80498,36,,,1,69,,80491,36,,,1,28,,80518,36,,,1,72,,80517,36,,,1,28,,80519,36,,,1,70,,80520,36,,,1
3301,'Samedi-1',741,,80655,44,,,1,100,,80656,44,,,1,100,,80657,44,,,1,100,,80658,44,,,1,100,,80659,44,,,1,101,,80660,44,,,1,100,,80661,44,,,1,100,,80662,44,,,1,102,,80663,44,,,1,98,,80664,44,,,1,100,,80665,44,,,1,96,,80666,44,,,1,100,,80667,44,,,1,100,,80668,44,,,1,100,,80669,44,,,1,100,,80670,44,,,1,100,,80671,44,,,1,100,,80672,44,,,1
3301,'Samedi-10',741,,67122,44,,,1,100,,67123,44,,,1,100,,67124,44,,,1,100,,67125,44,,,1,100,,67126,44,,,1,101,,67127,44,,,1,100,,67128,44,,,1,100,,67129,44,,,1,102,,67130,44,,,1,98,,67131,44,,,1,100,,67132,44,,,1,96,,67133,44,,,1,100,,67134,44,,,1,100,,67135,44,,,1,100,,67136,44,,,1,100,,67137,44,,,1,100,,67138,44,,,1,100,,67139,44,,,1
3301,'Dimanche-1',741,,80677,44,,,1,100,,80678,44,,,1,100,,80686,44,,,1,100,,80679,44,,,1,100,,80674,44,,,1,101,,80675,44,,,1,100,,80673,44,,,1,100,,80676,44,,,1,102,,80680,44,,,1,98,,80681,44,,,1,100,,80683,44,,,1,96,,80685,44,,,1,100,,80684,44,,,1,100,,80682,44,,,1,100,,80687,44,,,1,100,,80688,44,,,1,100,,80689,44,,,1,100,,80690,44,,,1
3301,'Semaine-1',628,,80714,44,,,1,20,,80722,44,,,1,58,,80699,44,,,1,15,,80719,44,,,1,21,,80715,44,,,1,10,,80710,44,,,1,51,,80730,44,,,1,13,,80728,44,,,1,15,,80717,44,,,1,12,,80705,44,,,1,10,,80721,44,,,1,54,,80695,44,,,1,30,,80707,44,,,1,70,,80713,44,,,1,30,,80703,44,,,1,70,,80724,44,,,1,30,,80708,44,,,1,70,,80700,44,,,1,30,,80702,44,,,1,16,,80720,44,,,1,55,,80729,44,,,1,26,,80711,44,,,1,69,,80701,44,,,1,30,,80706,44,,,1,73,,80709,44,,,1,22,,80731,44,,,1,19,,80712,44,,,1,58,,80716,44,,,1,23,,80697,44,,,1,20,,80727,44,,,1,61,,80704,44,,,1,27,,80694,44,,,1,69,,80691,44,,,1,32,,80725,44,,,1,70,,80698,44,,,1,30,,80693,44,,,1,99,,80696,44,,,1,74,,80718,44,,,1,100,,80723,44,,,2,100,,80692,44,,,1,100,,80726,44,,,1
3301,'Semaine-12',628,,80755,44,,,1,20,,80763,44,,,1,58,,80740,44,,,1,15,,80760,44,,,1,21,,80756,44,,,1,10,,80751,44,,,1,51,,80771,44,,,1,13,,80769,44,,,1,15,,80758,44,,,1,12,,80746,44,,,1,10,,80762,44,,,1,54,,80736,44,,,1,30,,80748,44,,,1,70,,80754,44,,,1,30,,80744,44,,,1,70,,80765,44,,,1,30,,80749,44,,,1,70,,80741,44,,,1,30,,80743,44,,,1,16,,80761,44,,,1,55,,80770,44,,,1,26,,80752,44,,,1,69,,80742,44,,,1,30,,80747,44,,,1,73,,80750,44,,,1,22,,80772,44,,,1,19,,80753,44,,,1,58,,80757,44,,,1,23,,80738,44,,,1,20,,80768,44,,,1,61,,80745,44,,,1,27,,80735,44,,,1,69,,80732,44,,,1,32,,80766,44,,,1,70,,80739,44,,,1,30,,80734,44,,,1,99,,80737,44,,,1,74,,80759,44,,,1,100,,80764,44,,,2,100,,80733,44,,,1,100,,80767,44,,,1
3401,'Samedi-1',726,,80905,57,,,1,100,,80908,57,,,1,30,,80917,57,,,1,70,,80906,57,,,1,33,,80911,57,,,1,70,,80913,57,,,1,28,,80907,57,,,1,70,,80916,57,,,1,74,,80909,57,,,1,29,,80918,57,,,1,71,,80910,57,,,1,30,,80912,57,,,1,70,,80914,57,,,1,30,,80915,57,,,1,70,,80919,57,,,1,31,,80920,57,,,1,70,,80921,57,,,1,30,,80922,57,,,1,70,,80923,57,,,1,28,,80924,57,,,1,70,,80925,57,,,1,28,,80926,57,,,1,30,,80927,57,,,1,70,,80929,57,,,1,28,,80928,57,,,1,70,,80930,57,,,1,30,,80931,57,,,1,70,,80932,57,,,1,30,,80934,57,,,1,70,,80933,57,,,1,30,,80935,57,,,1,95,,80936,57,,,1
3401,'Samedi-10',726,,67667,57,,,1,100,,67670,57,,,1,30,,67679,57,,,1,70,,67668,57,,,1,33,,67673,57,,,1,70,,67675,57,,,1,28,,67669,57,,,1,70,,67678,57,,,1,74,,67671,57,,,1,29,,67680,57,,,1,71,,67672,57,,,1,30,,67674,57,,,1,70,,67676,57,,,1,30,,67677,57,,,1,70,,67681,57,,,1,31,,67682,57,,,1,70,,67683,57,,,1,30,,67684,57,,,1,70,,67685,57,,,1,28,,67686,57,,,1,70,,67687,57,,,1,28,,67688,57,,,1,30,,67689,57,,,1,70,,67691,57,,,1,28,,67690,57,,,1,70,,67692,57,,,1,30,,67693,57,,,1,70,,67694,57,,,1,30,,67696,57,,,1,70,,67695,57,,,1,30,,67697,57,,,1,95,,67698,57,,,1
3401,'Dimanche-1',726,,80937,57,,,1,100,,80945,57,,,1,30,,80950,57,,,1,70,,80942,57,,,1,33,,80940,57,,,1,70,,80963,57,,,1,28,,80944,57,,,1,70,,80949,57,,,1,74,,80939,57,,,1,29,,80938,57,,,1,71,,80941,57,,,1,30,,80948,57,,,1,70,,80951,57,,,1,30,,80943,57,,,1,70,,80947,57,,,1,31,,80946,57,,,1,70,,80952,57,,,1,30,,80956,57,,,1,70,,80953,57,,,1,28,,80954,57,,,1,70,,80955,57,,,1,28,,80962,57,,,1,30,,80957,57,,,1,70,,80960,57,,,1,28,,80958,57,,,1,70,,80959,57,,,1,30,,80961,57,,,1,70,,80964,57,,,1,30,,80966,57,,,1,70,,80965,57,,,1,30,,80967,57,,,1,95,,80968,57,,,1
3401,'Semaine-1',933,,80994,56,,,1,71,,80974,56,,,2,30,,80978,57,,,1,70,,80998,57,,,1,30,,80971,57,,,1,70,,80975,57,,,1,30,,80979,57,,,1,70,,80969,57,,,1,30,,80972,57,,,1,70,,80976,57,,,1,31,,80980,57,,,2,71,,80973,57,,,1,32,,80995,57,,,1,72,,80970,57,,,1,35,,80996,57,,,1,67,,80997,57,,,1,28,,80991,57,,,1,67,,80987,57,,,1,27,,80977,57,,,1,69,,80984,57,,,1,29,,80993,57,,,1,69,,80981,57,,,1,30,,80983,57,,,1,70,,80985,57,,,1,30,,80989,57,,,2,70,,80982,57,,,1,30,,80988,57,,,1,28,,80986,57,,,1,70,,80990,57,,,1,30,,80992,57,,,1
3401,'Semaine-12',933,,81024,56,,,1,71,,81004,56,,,2,30,,81008,57,,,1,70,,81028,57,,,1,30,,81001,57,,,1,70,,81005,57,,,1,30,,81009,57,,,1,70,,80999,57,,,1,30,,81002,57,,,1,70,,81006,57,,,1,31,,81010,57,,,2,71,,81003,57,,,1,32,,81025,57,,,1,72,,81000,57,,,1,35,,81026,57,,,1,67,,81027,57,,,1,28,,81021,57,,,1,67,,81017,57,,,1,27,,81007,57,,,1,69,,81014,57,,,1,29,,81023,57,,,1,69,,81011,57,,,1,30,,81013,57,,,1,70,,81015,57,,,1,30,,81019,57,,,2,70,,81012,57,,,1,30,,81018,57,,,1,28,,81016,57,,,1,70,,81020,57,,,1,30,,81022,57,,,1
3501,'Semaine-1',600,,81121,29,,,1,41,,81099,30,,,2,62,,81129,30,,,1,23,,81130,41,,,1,15,,81118,30,,,1,60,,81123,41,,,1,20,,81102,30,,,1,23,,81119,30,,,1,62,,81124,30,,,1,29,,81106,29,,,1,69,,81108,29,,,1,32,,81101,29,,,1,68,,81105,29,,,1,30,,81114,29,,,2,72,,81100,29,,,1,30,,81112,29,,,1,70,,81113,29,,,2,30,,81116,29,,,1,70,,81104,29,,,2,30,,81125,29,,,2,70,,81115,29,,,1,36,,81103,29,,,1,71,,81127,29,,,1,28,,81122,29,,,1,71,,81107,29,,,1,27,,81110,29,,,1,68,,81128,29,,,1,28,,81117,29,,,1,100,,81111,29,,,1,100,,81109,29,,,1,100,,81126,29,,,1,100,,81120,29,,,1
3501,'Semaine-12',600,,81153,29,,,1,41,,81131,30,,,2,62,,81161,30,,,1,23,,81162,41,,,1,15,,81150,30,,,1,60,,81155,41,,,1,20,,81134,30,,,1,23,,81151,30,,,1,62,,81156,30,,,1,29,,81138,29,,,1,69,,81140,29,,,1,32,,81133,29,,,1,68,,81137,29,,,1,30,,81146,29,,,2,72,,81132,29,,,1,30,,81144,29,,,1,70,,81145,29,,,2,30,,81148,29,,,1,70,,81136,29,,,2,30,,81157,29,,,2,70,,81147,29,,,1,36,,81135,29,,,1,71,,81159,29,,,1,28,,81154,29,,,1,71,,81139,29,,,1,27,,81142,29,,,1,68,,81160,29,,,1,28,,81149,29,,,1,100,,81143,29,,,1,100,,81141,29,,,1,100,,81158,29,,,1,100,,81152,29,,,1
3601,'Semaine-1',915,,81179,44,,,1,90,,81177,45,,,1,100,,81180,45,,,1,102,,81178,45,,,1,99,,81183,45,,,1,100,,81182,45,,,1,101,,81181,45,,,1
3601,'Semaine-12',915,,81186,44,,,1,90,,81184,45,,,1,100,,81187,45,,,1,102,,81185,45,,,1,99,,81190,45,,,1,100,,81189,45,,,1,101,,81188,45,,,1
3701,'Samedi-1',713,,81286,38,,,1,100,,81291,38,,,1,100,,81285,38,,,1,102,,81290,38,,,1,100,,81287,38,,,1,100,,81288,38,,,1,100,,81292,38,,,1,102,,81289,38,,,1,100,,81293,38,,,1,100,,81294,38,,,1,100,,81295,38,,,1,98,,81296,38,,,1,100,,81297,38,,,1,100,,81298,38,,,1,100,,81299,38,,,1,97,,81300,38,,,1,99,,81301,38,,,1
3701,'Samedi-10',713,,68373,38,,,1,100,,68378,38,,,1,100,,68372,38,,,1,102,,68377,38,,,1,100,,68374,38,,,1,100,,68375,38,,,1,100,,68379,38,,,1,102,,68376,38,,,1,100,,68380,38,,,1,100,,68381,38,,,1,100,,68382,38,,,1,98,,68383,38,,,1,100,,68384,38,,,1,100,,68385,38,,,1,100,,68386,38,,,1,97,,68387,38,,,1,99,,68388,38,,,1
3701,'Dimanche-1',713,,81303,38,,,1,100,,81304,38,,,1,100,,81306,38,,,1,102,,81307,38,,,1,100,,81315,38,,,1,100,,81302,38,,,1,100,,81308,38,,,1,102,,81305,38,,,1,100,,81310,38,,,1,100,,81311,38,,,1,100,,81313,38,,,1,98,,81312,38,,,1,100,,81309,38,,,1,100,,81314,38,,,1,100,,81316,38,,,1,97,,81317,38,,,1,99,,81318,38,,,1
3701,'Semaine-1',539,,81332,37,,,1,71,,81330,37,,,1,35,,81334,37,,,1,70,,81324,37,,,1,36,,81341,37,,,1,57,,81321,37,,,1,14,,81342,37,,,1,28,,81323,37,,,1,97,,81340,37,,,1,100,,81328,38,,,1,100,,81322,38,,,1,100,,81320,38,,,1,100,,81325,38,,,1,102,,81336,38,,,1,101,,81319,38,,,1,70,,81335,38,,,1,31,,81338,38,,,1,69,,81333,38,,,1,29,,81339,38,,,1,68,,81343,38,,,1,85,,81327,38,,,1,99,,81337,38,,,1,100,,81329,38,,,1,102,,81326,38,,,1,50,,81331,38,,,1
3701,'Semaine-12',539,,81357,37,,,1,71,,81355,37,,,1,35,,81359,37,,,1,70,,81349,37,,,1,36,,81366,37,,,1,57,,81346,37,,,1,14,,81367,37,,,1,28,,81348,37,,,1,97,,81365,37,,,1,100,,81353,38,,,1,100,,81347,38,,,1,100,,81345,38,,,1,100,,81350,38,,,1,102,,81361,38,,,1,101,,81344,38,,,1,70,,81360,38,,,1,31,,81363,38,,,1,69,,81358,38,,,1,29,,81364,38,,,1,68,,81368,38,,,1,85,,81352,38,,,1,99,,81362,38,,,1,100,,81354,38,,,1,102,,81351,38,,,1,50,,81356,38,,,1
3801,'Samedi-1',727,,81523,25,,,1,30,,81519,25,,,1,70,,81531,25,,,1,30,,81524,25,,,1,70,,81520,25,,,1,31,,81532,25,,,1,68,,81525,25,,,1,32,,81529,25,,,1,70,,81521,25,,,1,30,,81526,25,,,1,70,,81530,25,,,1,30,,81522,25,,,1,71,,81527,25,,,1,30,,81528,25,,,1,70,,81533,25,,,1,30,,81534,25,,,1,71,,81535,25,,,1,70,,81536,25,,,1,29,,81537,25,,,1,30,,81538,25,,,1,70,,81539,25,,,1,30,,81540,25,,,1,67,,81541,25,,,1,32,,81543,25,,,1,70,,81542,25,,,1,30,,81545,25,,,1,70,,81544,25,,,1,30,,81546,25,,,1,69,,81547,25,,,1,30,,81551,25,,,1,70,,81548,25,,,1,30,,81549,25,,,1,70,,81550,25,,,1
3801,'Samedi-10',727,,68893,25,,,1,30,,68889,25,,,1,70,,68901,25,,,1,30,,68894,25,,,1,70,,68890,25,,,1,31,,68902,25,,,1,68,,68895,25,,,1,32,,68899,25,,,1,70,,68891,25,,,1,30,,68896,25,,,1,70,,68900,25,,,1,30,,68892,25,,,1,71,,68897,25,,,1,30,,68898,25,,,1,70,,68903,25,,,1,30,,68904,25,,,1,71,,68905,25,,,1,70,,68906,25,,,1,29,,68907,25,,,1,30,,68908,25,,,1,70,,68909,25,,,1,30,,68910,25,,,1,67,,68911,25,,,1,32,,68913,25,,,1,70,,68912,25,,,1,30,,68915,25,,,1,70,,68914,25,,,1,30,,68916,25,,,1,69,,68917,25,,,1,30,,68921,25,,,1,70,,68918,25,,,1,30,,68919,25,,,1,70,,68920,25,,,1
3801,'Dimanche-1',727,,81560,25,,,1,30,,81562,25,,,1,70,,81555,25,,,1,30,,81554,25,,,1,70,,81576,25,,,1,31,,81565,25,,,1,68,,81556,25,,,1,32,,81578,25,,,1,70,,81575,25,,,1,30,,81557,25,,,1,70,,81577,25,,,1,30,,81564,25,,,1,71,,81558,25,,,1,30,,81561,25,,,1,70,,81563,25,,,1,30,,81553,25,,,1,71,,81559,25,,,1,70,,81552,25,,,1,29,,81569,25,,,1,30,,81570,25,,,1,70,,81572,25,,,1,30,,81568,25,,,1,67,,81574,25,,,1,32,,81571,25,,,1,70,,81566,25,,,1,30,,81573,25,,,1,70,,81567,25,,,1,30,,81579,25,,,1,69,,81580,25,,,1,30,,81581,25,,,1,70,,81582,25,,,1,30,,81583,25,,,1,70,,81584,25,,,1
3801,'Semaine-1',633,,81613,26,,,1,71,,81585,26,,,1,30,,81612,26,,,1,20,,81623,26,,,1,58,,81619,26,,,1,23,,81601,26,,,1,70,,81621,26,,,1,30,,81608,25,,,1,19,,81591,25,,,1,60,,81617,25,,,1,20,,81602,25,,,1,20,,81594,25,,,1,62,,81609,25,,,1,20,,81592,25,,,1,20,,81616,25,,,1,60,,81622,25,,,1,22,,81595,25,,,1,20,,81624,25,,,1,60,,81610,25,,,1,20,,81615,25,,,1,18,,81603,25,,,1,60,,81596,25,,,1,19,,81611,25,,,1,21,,81625,25,,,1,62,,81598,25,,,1,22,,81604,25,,,1,70,,81618,25,,,1,30,,81593,25,,,1,71,,81600,25,,,1,27,,81590,25,,,1,69,,81626,25,,,1,20,,81587,25,,,1,19,,81620,25,,,1,69,,81589,25,,,1,29,,81599,25,,,1,71,,81607,25,,,1,30,,81614,25,,,1,70,,81597,25,,,1,28,,81605,25,,,1,71,,81606,25,,,1,29,,81586,25,,,1,85,,81588,25,,,1
3801,'Semaine-12',633,,81655,26,,,1,71,,81627,26,,,1,30,,81654,26,,,1,20,,81665,26,,,1,58,,81661,26,,,1,23,,81643,26,,,1,70,,81663,26,,,1,30,,81650,25,,,1,19,,81633,25,,,1,60,,81659,25,,,1,20,,81644,25,,,1,20,,81636,25,,,1,62,,81651,25,,,1,20,,81634,25,,,1,20,,81658,25,,,1,60,,81664,25,,,1,22,,81637,25,,,1,20,,81666,25,,,1,60,,81652,25,,,1,20,,81657,25,,,1,18,,81645,25,,,1,60,,81638,25,,,1,19,,81653,25,,,1,21,,81667,25,,,1,62,,81640,25,,,1,22,,81646,25,,,1,70,,81660,25,,,1,30,,81635,25,,,1,71,,81642,25,,,1,27,,81632,25,,,1,69,,81668,25,,,1,20,,81629,25,,,1,19,,81662,25,,,1,69,,81631,25,,,1,29,,81641,25,,,1,71,,81649,25,,,1,30,,81656,25,,,1,70,,81639,25,,,1,28,,81647,25,,,1,71,,81648,25,,,1,29,,81628,25,,,1,85,,81630,25,,,1
4001,'Semaine-1',639,,81922,55,,,1,70,,81921,55,,,1,35,,81924,55,,,1,74,,81920,55,,,2,24,,81919,55,,,1,68,,81923,55,,,1
4001,'Semaine-12',639,,81928,55,,,1,70,,81927,55,,,1,35,,81930,55,,,1,74,,81926,55,,,2,24,,81925,55,,,1,68,,81929,55,,,1
4101,'Semaine-1',703,,81943,46,,,1,33,,81944,46,,,1,76,,81945,46,,,1,26,,81942,46,,,2,67,,81941,46,,,1
4101,'Semaine-12',703,,81948,46,,,1,33,,81949,46,,,1,76,,81950,46,,,1,26,,81947,46,,,2,67,,81946,46,,,1
4501,'Semaine-1',627,,81972,49,,,1,30,,81971,49,,,1,76,,81975,49,,,2,70,,81974,49,,,1,32,,81973,49,,,1,67,,81976,49,,,1
4501,'Semaine-12',627,,81978,49,,,1,30,,81977,49,,,1,76,,81981,49,,,2,70,,81980,49,,,1,32,,81979,49,,,1,67,,81982,49,,,1
4701,'Semaine-1',641,,81991,42,,,2,87,,81990,42,,,1,91,,81989,42,,,1,27,,81992,42,,,1
4701,'Semaine-12',641,,81995,42,,,2,87,,81994,42,,,1,91,,81993,42,,,1,27,,81996,42,,,1
5501,'Samedi-1',722,,82555,55,,,1,30,,82558,55,,,1,71,,82557,55,,,1,30,,82567,55,,,1,69,,82556,55,,,1,31,,82559,55,,,1,71,,82560,55,,,1,29,,82566,55,,,1,71,,82562,55,,,1,30,,82563,55,,,1,70,,82561,55,,,1,30,,82569,55,,,1,70,,82568,55,,,1,30,,82564,55,,,1,70,,82565,55,,,1,32,,82570,55,,,1,68,,82571,55,,,1,32,,82572,55,,,1,68,,82573,55,,,1,32,,82574,55,,,1,68,,82575,55,,,1,32,,82576,55,,,1,68,,82577,55,,,1,29,,82578,55,,,1,70,,82579,55,,,1,30,,82580,55,,,1,70,,82581,55,,,1,29,,82582,55,,,1,70,,82583,55,,,1,30,,82585,55,,,1,69,,82584,55,,,1,30,,82587,55,,,1,70,,82586,55,,,1
5501,'Samedi-10',722,,71004,55,,,1,30,,71007,55,,,1,71,,71006,55,,,1,30,,71016,55,,,1,69,,71005,55,,,1,31,,71008,55,,,1,71,,71009,55,,,1,29,,71015,55,,,1,71,,71011,55,,,1,30,,71012,55,,,1,70,,71010,55,,,1,30,,71018,55,,,1,70,,71017,55,,,1,30,,71013,55,,,1,70,,71014,55,,,1,32,,71019,55,,,1,68,,71020,55,,,1,32,,71021,55,,,1,68,,71022,55,,,1,32,,71023,55,,,1,68,,71024,55,,,1,32,,71025,55,,,1,68,,71026,55,,,1,29,,71027,55,,,1,70,,71028,55,,,1,30,,71029,55,,,1,70,,71030,55,,,1,29,,71031,55,,,1,70,,71032,55,,,1,30,,71034,55,,,1,69,,71033,55,,,1,30,,71036,55,,,1,70,,71035,55,,,1
5501,'Dimanche-1',722,,82589,55,,,1,30,,82593,55,,,1,71,,82591,55,,,1,30,,82596,55,,,1,69,,82598,55,,,1,31,,82592,55,,,1,71,,82588,55,,,1,29,,82602,55,,,1,71,,82597,55,,,1,30,,82604,55,,,1,70,,82595,55,,,1,30,,82594,55,,,1,70,,82600,55,,,1,30,,82590,55,,,1,70,,82599,55,,,1,32,,82603,55,,,1,68,,82608,55,,,1,32,,82601,55,,,1,68,,82607,55,,,1,32,,82610,55,,,1,68,,82605,55,,,1,32,,82606,55,,,1,68,,82612,55,,,1,29,,82614,55,,,1,70,,82611,55,,,1,30,,82609,55,,,1,70,,82613,55,,,1,29,,82615,55,,,1,70,,82616,55,,,1,30,,82617,55,,,1,69,,82618,55,,,1,30,,82619,55,,,1,70,,82620,55,,,1
5501,'Semaine-1',540,,82634,55,,,1,15,,82641,55,,,1,54,,82640,53,,,1,18,,82624,53,,,1,16,,82662,53,,,1,62,,82661,53,,,1,8,,82621,53,,,1,16,,82666,53,,,1,15,,82647,53,,,1,15,,82655,53,,,1,56,,82625,53,,,1,8,,82629,53,,,1,12,,82627,53,,,1,9,,82656,53,,,1,3,,82658,53,,,1,54,,82635,53,,,1,26,,82639,53,,,1,12,,82626,53,,,1,11,,82660,53,,,1,71,,82653,55,,,1,23,,82665,22,,,1,8,,82657,55,,,1,69,,82623,55,,,1,28,,82630,55,,,1,70,,82643,55,,,1,30,,82654,55,,,1,70,,82650,55,,,1,30,,82631,55,,,1,70,,82663,55,,,1,30,,82622,55,,,1,74,,82628,55,,,1,92,,82632,55,,,1,97,,82637,55,,,1,99,,82642,55,,,1,98,,82659,55,,,1,20,,82648,55,,,1,30,,82636,55,,,1,70,,82652,55,,,1,30,,82645,55,,,1,70,,82664,55,,,1,30,,82638,55,,,1,69,,82644,55,,,1,30,,82646,55,,,1,70,,82633,55,,,1,28,,82651,55,,,1,70,,82649,55,,,1
5501,'Semaine-12',540,,82680,55,,,1,15,,82687,55,,,1,54,,82686,53,,,1,18,,82670,53,,,1,16,,82708,53,,,1,62,,82707,53,,,1,8,,82667,53,,,1,16,,82712,53,,,1,15,,82693,53,,,1,15,,82701,53,,,1,56,,82671,53,,,1,8,,82675,53,,,1,12,,82673,53,,,1,9,,82702,53,,,1,3,,82704,53,,,1,54,,82681,53,,,1,26,,82685,53,,,1,12,,82672,53,,,1,11,,82706,53,,,1,71,,82699,55,,,1,23,,82711,22,,,1,8,,82703,55,,,1,69,,82669,55,,,1,28,,82676,55,,,1,70,,82689,55,,,1,30,,82700,55,,,1,70,,82696,55,,,1,30,,82677,55,,,1,70,,82709,55,,,1,30,,82668,55,,,1,74,,82674,55,,,1,92,,82678,55,,,1,97,,82683,55,,,1,99,,82688,55,,,1,98,,82705,55,,,1,20,,82694,55,,,1,30,,82682,55,,,1,70,,82698,55,,,1,30,,82691,55,,,1,70,,82710,55,,,1,30,,82684,55,,,1,69,,82690,55,,,1,30,,82692,55,,,1,70,,82679,55,,,1,28,,82697,55,,,1,70,,82695,55,,,1
5901,'Samedi-1',737,,82939,44,,,1,70,,82946,44,,,1,30,,82943,44,,,1,70,,82948,44,,,1,30,,82940,44,,,1,70,,82945,44,,,1,31,,82944,44,,,1,70,,82947,44,,,1,30,,82951,44,,,1,71,,82952,44,,,1,30,,82941,44,,,1,70,,82942,44,,,1,30,,82950,44,,,1,70,,82949,44,,,1,30,,82953,44,,,1,70,,82954,44,,,1,30,,82955,44,,,1,70,,82956,44,,,1,30,,82957,44,,,1,70,,82958,44,,,1,30,,82959,44,,,1,70,,82960,44,,,1,30,,82961,44,,,1,68,,82962,44,,,1,31,,82963,44,,,1,71,,82965,44,,,1,30,,82964,44,,,1,68,,82966,44,,,1,30,,82967,44,,,1,70,,82968,44,,,1,30,,82970,44,,,1,70,,82969,44,,,1
5901,'Samedi-10',737,,71780,44,,,1,70,,71787,44,,,1,30,,71784,44,,,1,70,,71789,44,,,1,30,,71781,44,,,1,70,,71786,44,,,1,31,,71785,44,,,1,70,,71788,44,,,1,30,,71792,44,,,1,71,,71793,44,,,1,30,,71782,44,,,1,70,,71783,44,,,1,30,,71791,44,,,1,70,,71790,44,,,1,30,,71794,44,,,1,70,,71795,44,,,1,30,,71796,44,,,1,70,,71797,44,,,1,30,,71798,44,,,1,70,,71799,44,,,1,30,,71800,44,,,1,70,,71801,44,,,1,30,,71802,44,,,1,68,,71803,44,,,1,31,,71804,44,,,1,71,,71806,44,,,1,30,,71805,44,,,1,68,,71807,44,,,1,30,,71808,44,,,1,70,,71809,44,,,1,30,,71811,44,,,1,70,,71810,44,,,1
5901,'Dimanche-1',737,,82971,44,,,1,70,,82983,44,,,1,30,,82977,44,,,1,70,,82978,44,,,1,30,,82985,44,,,1,70,,82982,44,,,1,31,,82987,44,,,1,70,,82974,44,,,1,30,,82986,44,,,1,71,,82972,44,,,1,30,,82981,44,,,1,70,,82973,44,,,1,30,,82976,44,,,1,70,,82979,44,,,1,30,,82980,44,,,1,70,,82988,44,,,1,30,,82975,44,,,1,70,,82991,44,,,1,30,,82984,44,,,1,70,,82993,44,,,1,30,,82994,44,,,1,70,,82990,44,,,1,30,,82995,44,,,1,68,,82992,44,,,1,31,,82996,44,,,1,71,,82989,44,,,1,30,,82997,44,,,1,68,,82998,44,,,1,30,,82999,44,,,1,70,,83000,44,,,1,30,,83001,44,,,1,70,,83002,44,,,1
5901,'Semaine-1',535,,83007,44,,,1,15,,83043,44,,,1,55,,83016,44,,,1,15,,83037,42,,,1,17,,83017,42,,,1,14,,83006,42,,,1,53,,83008,42,,,1,16,,83011,42,,,1,11,,83046,20,,,1,8,,83014,42,,,1,7,,83047,20,,,1,8,,83015,42,,,1,47,,83048,20,,,1,11,,83010,42,,,1,7,,83004,20,,,1,5,,83039,42,,,1,19,,83025,42,,,1,11,,83030,42,,,1,53,,83020,42,,,1,15,,83005,42,,,1,16,,83023,42,,,1,67,,83049,42,,,1,29,,83044,44,,,1,70,,83031,44,,,1,30,,83013,44,,,1,70,,83024,44,,,1,30,,83027,44,,,1,70,,83012,44,,,1,30,,83041,44,,,1,70,,83003,44,,,1,30,,83045,44,,,1,70,,83035,44,,,1,39,,83038,44,,,1,100,,83042,44,,,1,100,,83022,44,,,1,97,,83029,44,,,1,73,,83034,44,,,1,30,,83021,44,,,1,70,,83028,44,,,1,30,,83033,44,,,1,69,,83040,44,,,1,30,,83018,44,,,1,70,,83036,44,,,1,29,,83026,44,,,1,70,,83009,44,,,1,30,,83019,44,,,1,70,,83032,44,,,1
5901,'Semaine-12',535,,83054,44,,,1,15,,83090,44,,,1,55,,83063,44,,,1,15,,83084,42,,,1,17,,83064,42,,,1,14,,83053,42,,,1,53,,83055,42,,,1,16,,83058,42,,,1,11,,83093,20,,,1,8,,83061,42,,,1,7,,83094,20,,,1,8,,83062,42,,,1,47,,83095,20,,,1,11,,83057,42,,,1,7,,83051,20,,,1,5,,83086,42,,,1,19,,83072,42,,,1,11,,83077,42,,,1,53,,83067,42,,,1,15,,83052,42,,,1,16,,83070,42,,,1,67,,83096,42,,,1,29,,83091,44,,,1,70,,83078,44,,,1,30,,83060,44,,,1,70,,83071,44,,,1,30,,83074,44,,,1,70,,83059,44,,,1,30,,83088,44,,,1,70,,83050,44,,,1,30,,83092,44,,,1,70,,83082,44,,,1,39,,83085,44,,,1,100,,83089,44,,,1,100,,83069,44,,,1,97,,83076,44,,,1,73,,83081,44,,,1,30,,83068,44,,,1,70,,83075,44,,,1,30,,83080,44,,,1,69,,83087,44,,,1,30,,83065,44,,,1,70,,83083,44,,,1,29,,83073,44,,,1,70,,83056,44,,,1,30,,83066,44,,,1,70,,83079,44,,,1
6700,'Samedi-1',713,,83839,8,,,1,101,,83838,8,,,1,100,,83837,8,,,1,30,,83833,8,,,1,70,,83841,8,,,1,30,,83834,8,,,1,70,,83835,8,,,1,31,,83840,8,,,1,70,,83845,8,,,1,30,,83836,8,,,1,69,,83844,8,,,1,31,,83842,8,,,1,70,,83843,8,,,1,30,,83846,8,,,1,70,,83847,8,,,1,30,,83848,8,,,1,70,,83849,8,,,1,30,,83850,8,,,1,70,,83851,8,,,1,30,,83852,8,,,1,70,,83853,8,,,1,29,,83854,8,,,1,70,,83855,8,,,1,30,,83856,8,,,1,100,,83860,8,,,1,100,,83857,8,,,1,100,,83858,8,,,1,99,,83859,8,,,1
6700,'Samedi-10',713,,73543,8,,,1,101,,73542,8,,,1,100,,73541,8,,,1,30,,73537,8,,,1,70,,73545,8,,,1,30,,73538,8,,,1,70,,73539,8,,,1,31,,73544,8,,,1,70,,73549,8,,,1,30,,73540,8,,,1,69,,73548,8,,,1,31,,73546,8,,,1,70,,73547,8,,,1,30,,73550,8,,,1,70,,73551,8,,,1,30,,73552,8,,,1,70,,73553,8,,,1,30,,73554,8,,,1,70,,73555,8,,,1,30,,73556,8,,,1,70,,73557,8,,,1,29,,73558,8,,,1,70,,73559,8,,,1,30,,73560,8,,,1,100,,73564,8,,,1,100,,73561,8,,,1,100,,73562,8,,,1,99,,73563,8,,,1
6700,'Dimanche-1',713,,83867,8,,,1,101,,83863,8,,,1,100,,83862,8,,,1,30,,83868,8,,,1,70,,83871,8,,,1,30,,83873,8,,,1,70,,83877,8,,,1,31,,83876,8,,,1,70,,83861,8,,,1,30,,83865,8,,,1,69,,83864,8,,,1,31,,83869,8,,,1,70,,83874,8,,,1,30,,83875,8,,,1,70,,83870,8,,,1,30,,83866,8,,,1,70,,83872,8,,,1,30,,83881,8,,,1,70,,83878,8,,,1,30,,83883,8,,,1,70,,83884,8,,,1,29,,83879,8,,,1,70,,83882,8,,,1,30,,83880,8,,,1,100,,83885,8,,,1,100,,83886,8,,,1,100,,83887,8,,,1,99,,83888,8,,,1
6700,'Semaine-1',612,,83897,8,,,1,31,,83891,8,,,1,70,,83899,8,,,1,23,,83908,8,,,1,21,,83892,8,,,1,58,,83917,8,,,1,29,,83902,8,,,1,70,,83910,8,,,1,20,,83900,8,,,1,18,,83920,8,,,1,60,,83918,8,,,1,21,,83905,8,,,2,20,,83921,8,,,1,60,,83911,8,,,1,20,,83914,8,,,1,20,,83922,8,,,1,60,,83919,8,,,1,20,,83906,8,,,1,20,,83923,8,,,1,60,,83912,8,,,1,20,,83915,8,,,1,20,,83924,8,,,1,60,,83904,8,,,1,20,,83907,8,,,1,21,,83925,8,,,1,365,,83927,8,,,1,15,,83901,8,,,1,19,,83926,8,,,1,59,,83909,8,,,1,30,,83889,8,,,1,72,,83913,8,,,1,28,,83893,8,,,2,70,,83916,8,,,2,30,,83890,8,,,1,70,,83898,8,,,1,30,,83894,8,,,2,72,,83903,8,,,1,27,,83896,8,,,1,70,,83895,8,,,2
6700,'Semaine-12',612,,83936,8,,,1,31,,83930,8,,,1,70,,83938,8,,,1,23,,83947,8,,,1,21,,83931,8,,,1,58,,83956,8,,,1,29,,83941,8,,,1,70,,83949,8,,,1,20,,83939,8,,,1,18,,83959,8,,,1,60,,83957,8,,,1,21,,83944,8,,,2,20,,83960,8,,,1,60,,83950,8,,,1,20,,83953,8,,,1,20,,83961,8,,,1,60,,83958,8,,,1,20,,83945,8,,,1,20,,83962,8,,,1,60,,83951,8,,,1,20,,83954,8,,,1,20,,83963,8,,,1,60,,83943,8,,,1,20,,83946,8,,,1,21,,83964,8,,,1,365,,83966,8,,,1,15,,83940,8,,,1,19,,83965,8,,,1,59,,83948,8,,,1,30,,83928,8,,,1,72,,83952,8,,,1,28,,83932,8,,,2,70,,83955,8,,,2,30,,83929,8,,,1,70,,83937,8,,,1,30,,83933,8,,,2,72,,83942,8,,,1,27,,83935,8,,,1,70,,83934,8,,,2
37101,'Samedi-1',742,,86004,38,,,1,100,,86003,38,,,1,102,,86007,38,,,1,100,,86006,38,,,1,100,,86008,38,,,1,101,,86005,38,,,1,100,,86009,38,,,1,98,,86010,38,,,1,101,,86011,38,,,1,100,,86012,38,,,1,98,,86013,38,,,1,105,,86014,38,,,1,95,,86015,38,,,1,99,,86016,38,,,1,100,,86017,38,,,1,99,,86018,38,,,1,100,,86019,38,,,1
37101,'Samedi-10',742,,77625,38,,,1,100,,77624,38,,,1,102,,77628,38,,,1,100,,77627,38,,,1,100,,77629,38,,,1,101,,77626,38,,,1,100,,77630,38,,,1,98,,77631,38,,,1,101,,77632,38,,,1,100,,77633,38,,,1,98,,77634,38,,,1,105,,77635,38,,,1,95,,77636,38,,,1,99,,77637,38,,,1,100,,77638,38,,,1,99,,77639,38,,,1,100,,77640,38,,,1
37101,'Dimanche-1',742,,86033,38,,,1,100,,86022,38,,,1,102,,86023,38,,,1,100,,86020,38,,,1,100,,86025,38,,,1,101,,86021,38,,,1,100,,86024,38,,,1,98,,86027,38,,,1,101,,86026,38,,,1,100,,86028,38,,,1,98,,86032,38,,,1,105,,86031,38,,,1,95,,86029,38,,,1,99,,86030,38,,,1,100,,86034,38,,,1,99,,86035,38,,,1,100,,86036,38,,,1
37101,'Semaine-1',551,,86053,38,,,1,72,,86056,37,,,1,33,,86049,37,,,1,69,,86051,37,,,1,33,,86061,37,,,1,70,,86060,37,,,1,28,,86055,37,,,1,72,,86039,37,,,1,98,,86046,38,,,1,100,,86044,38,,,1,102,,86045,38,,,1,100,,86059,38,,,1,100,,86042,38,,,1,103,,86043,38,,,1,71,,86040,38,,,1,30,,86047,38,,,1,27,,86057,38,,,1,70,,86058,38,,,1,30,,86037,38,,,1,80,,86041,38,,,1,93,,86052,38,,,1,100,,86054,38,,,1,100,,86038,38,,,1,99,,86048,38,,,1,183,,86050,38,,,1
37101,'Semaine-12',551,,86078,38,,,1,72,,86081,37,,,1,33,,86074,37,,,1,69,,86076,37,,,1,33,,86086,37,,,1,70,,86085,37,,,1,28,,86080,37,,,1,72,,86064,37,,,1,98,,86071,38,,,1,100,,86069,38,,,1,102,,86070,38,,,1,100,,86084,38,,,1,100,,86067,38,,,1,103,,86068,38,,,1,71,,86065,38,,,1,30,,86072,38,,,1,27,,86082,38,,,1,70,,86083,38,,,1,30,,86062,38,,,1,80,,86066,38,,,1,93,,86077,38,,,1,100,,86079,38,,,1,100,,86063,38,,,1,99,,86073,38,,,1,183,,86075,38,,,1
40001,'Samedi-1',647,,86419,17,,,1,55,,86422,17,,,1,15,,86424,17,,,1,15,,86420,17,,,1,15,,86421,17,,,1,55,,86423,17,,,1,15,,86429,17,,,1,15,,86436,17,,,1,15,,86427,17,,,1,55,,86447,17,,,1,15,,86425,17,,,1,16,,86426,17,,,1,15,,86435,17,,,1,55,,86428,17,,,1,15,,86430,17,,,1,15,,86438,17,,,1,15,,86439,17,,,1,55,,86440,17,,,1,15,,86446,17,,,1,15,,86445,17,,,1,15,,86449,17,,,1,55,,86432,17,,,1,16,,86431,17,,,1,15,,86434,17,,,1,15,,86437,17,,,1,55,,86433,17,,,1,15,,86442,17,,,1,15,,86444,17,,,1,15,,86450,17,,,1,55,,86441,17,,,1,15,,86443,17,,,1,15,,86448,17,,,1,15,,86451,17,,,1,55,,86452,17,,,1,15,,86453,17,,,1,15,,86454,17,,,1,15,,86455,17,,,1,55,,86456,17,,,1,15,,86457,17,,,1,15,,86458,17,,,1,16,,86459,17,,,1,54,,86460,17,,,1,15,,86461,17,,,1,15,,86462,17,,,1,15,,86463,17,,,1,55,,86464,17,,,1,15,,86465,17,,,1,15,,86468,17,,,1,13,,86466,17,,,1,56,,86467,17,,,1,16,,86470,17,,,1,15,,86469,17,,,1,15,,86474,17,,,1,55,,86472,17,,,1,14,,86473,17,,,1,15,,86471,17,,,1,15,,86475,17,,,1,55,,86477,17,,,1,15,,86478,17,,,1,15,,86479,17,,,1,15,,86476,17,,,1,55,,86482,17,,,1,15,,86481,17,,,1,15,,86480,17,,,1,15,,86483,17,,,1,55,,86484,17,,,1,15,,86485,17,,,1,15,,86486,17,,,1,15,,86488,17,,,1,55,,86487,17,,,1,15,,86490,17,,,1,15,,86489,17,,,1,15,,86491,17,,,1
40001,'Samedi-10',647,,78574,17,,,1,55,,78577,17,,,1,15,,78579,17,,,1,15,,78575,17,,,1,15,,78576,17,,,1,55,,78578,17,,,1,15,,78584,17,,,1,15,,78591,17,,,1,15,,78582,17,,,1,55,,78602,17,,,1,15,,78580,17,,,1,16,,78581,17,,,1,15,,78590,17,,,1,55,,78583,17,,,1,15,,78585,17,,,1,15,,78593,17,,,1,15,,78594,17,,,1,55,,78595,17,,,1,15,,78601,17,,,1,15,,78600,17,,,1,15,,78604,17,,,1,55,,78587,17,,,1,16,,78586,17,,,1,15,,78589,17,,,1,15,,78592,17,,,1,55,,78588,17,,,1,15,,78597,17,,,1,15,,78599,17,,,1,15,,78605,17,,,1,55,,78596,17,,,1,15,,78598,17,,,1,15,,78603,17,,,1,15,,78606,17,,,1,55,,78607,17,,,1,15,,78608,17,,,1,15,,78609,17,,,1,15,,78610,17,,,1,55,,78611,17,,,1,15,,78612,17,,,1,15,,78613,17,,,1,16,,78614,17,,,1,54,,78615,17,,,1,15,,78616,17,,,1,15,,78617,17,,,1,15,,78618,17,,,1,55,,78619,17,,,1,15,,78620,17,,,1,15,,78623,17,,,1,13,,78621,17,,,1,56,,78622,17,,,1,16,,78625,17,,,1,15,,78624,17,,,1,15,,78629,17,,,1,55,,78627,17,,,1,14,,78628,17,,,1,15,,78626,17,,,1,15,,78630,17,,,1,55,,78632,17,,,1,15,,78633,17,,,1,15,,78634,17,,,1,15,,78631,17,,,1,55,,78637,17,,,1,15,,78636,17,,,1,15,,78635,17,,,1,15,,78638,17,,,1,55,,78639,17,,,1,15,,78640,17,,,1,15,,78641,17,,,1,15,,78643,17,,,1,55,,78642,17,,,1,15,,78645,17,,,1,15,,78644,17,,,1,15,,78646,17,,,1
40001,'Dimanche-1',647,,86492,17,,,1,55,,86499,17,,,1,15,,86500,17,,,1,15,,86494,17,,,1,15,,86493,17,,,1,55,,86498,17,,,1,15,,86509,17,,,1,15,,86512,17,,,1,15,,86495,17,,,1,55,,86504,17,,,1,15,,86501,17,,,1,16,,86518,17,,,1,15,,86521,17,,,1,55,,86502,17,,,1,15,,86510,17,,,1,15,,86525,17,,,1,15,,86514,17,,,1,55,,86530,17,,,1,15,,86503,17,,,1,15,,86519,17,,,1,15,,86520,17,,,1,55,,86515,17,,,1,16,,86531,17,,,1,15,,86524,17,,,1,15,,86505,17,,,1,55,,86513,17,,,1,15,,86507,17,,,1,15,,86517,17,,,1,15,,86526,17,,,1,55,,86511,17,,,1,15,,86506,17,,,1,15,,86523,17,,,1,15,,86496,17,,,1,55,,86528,17,,,1,15,,86497,17,,,1,15,,86516,17,,,1,15,,86527,17,,,1,55,,86508,17,,,1,15,,86536,17,,,1,15,,86522,17,,,1,16,,86539,17,,,1,54,,86529,17,,,1,15,,86543,17,,,1,15,,86537,17,,,1,15,,86545,17,,,1,55,,86541,17,,,1,15,,86547,17,,,1,15,,86532,17,,,1,13,,86538,17,,,1,56,,86533,17,,,1,16,,86542,17,,,1,15,,86535,17,,,1,15,,86544,17,,,1,55,,86540,17,,,1,14,,86546,17,,,1,15,,86534,17,,,1,15,,86548,17,,,1,55,,86550,17,,,1,15,,86549,17,,,1,15,,86552,17,,,1,15,,86551,17,,,1,55,,86553,17,,,1,15,,86554,17,,,1,15,,86555,17,,,1,15,,86556,17,,,1,55,,86557,17,,,1,15,,86558,17,,,1,15,,86559,17,,,1,15,,86560,17,,,1,55,,86561,17,,,1,15,,86562,17,,,1,15,,86563,17,,,1,15,,86564,17,,,1
40001,'Semaine-1',518,,86635,17,,,1,10,,86636,17,,,1,10,,86637,17,,,1,10,,86638,17,,,1,10,,86639,17,,,1,52,,86640,17,,,1,5,,86641,17,,,1,5,,86642,17,,,1,4,,86643,17,,,1,6,,86649,17,,,1,271,,86644,17,,,1,9,,86645,15,,,1,6,,86646,17,,,1,10,,86647,17,,,1,11,,86648,17,,,1,10,,86594,17,,,1,9,,86579,17,,,1,51,,86604,17,,,1,11,,86605,17,,,1,9,,86651,17,,,1,10,,86569,17,,,1,10,,86652,17,,,1,10,,86567,17,,,1,50,,86601,17,,,1,10,,86621,17,,,1,10,,86588,17,,,1,10,,86596,17,,,1,10,,86593,17,,,1,10,,86571,17,,,1,50,,86632,17,,,1,10,,86606,17,,,1,10,,86618,17,,,1,10,,86570,17,,,1,10,,86580,17,,,1,10,,86573,17,,,1,50,,86589,17,,,1,10,,86622,17,,,1,10,,86603,17,,,1,10,,86597,17,,,1,10,,86592,17,,,1,10,,86585,17,,,1,50,,86628,17,,,1,10,,86607,17,,,1,10,,86619,17,,,1,10,,86634,17,,,1,11,,86582,17,,,1,11,,86565,17,,,1,50,,86624,17,,,1,10,,86623,17,,,1,10,,86608,17,,,1,10,,86598,17,,,1,6,,86590,13,,,1,6,,86575,17,,,1,52,,86626,17,,,1,13,,86633,17,,,1,7,,86650,13,,,1,5,,86620,17,,,1,13,,86655,17,,,1,10,,86600,17,,,1,52,,86629,17,,,1,12,,86653,17,,,1,12,,86613,17,,,1,13,,86591,17,,,1,11,,86576,17,,,1,52,,86581,17,,,1,12,,86654,17,,,1,12,,86583,17,,,1,12,,86609,17,,,1,10,,86599,17,,,1,52,,86630,17,,,1,10,,86616,17,,,1,12,,86595,17,,,1,9,,86577,17,,,1,13,,86617,17,,,1,12,,86657,17,,,1,52,,86656,17,,,1,12,,86584,17,,,1,12,,86610,17,,,1,12,,86587,17,,,1,12,,86631,17,,,1,52,,86614,17,,,1,15,,86572,17,,,1,13,,86658,17,,,1,17,,86578,17,,,1,55,,86574,17,,,1,15,,86625,17,,,1,12,,86611,17,,,1,15,,86586,17,,,1,55,,86615,17,,,1,15,,86627,17,,,1,15,,86568,17,,,1,15,,86566,17,,,1,55,,86602,17,,,1,30,,86612,17,,,1
40001,'Semaine-12',518,,86729,17,,,1,10,,86730,17,,,1,10,,86731,17,,,1,10,,86732,17,,,1,10,,86733,17,,,1,52,,86734,17,,,1,5,,86735,17,,,1,5,,86736,17,,,1,4,,86737,17,,,1,6,,86743,17,,,1,271,,86738,17,,,1,9,,86739,15,,,1,6,,86740,17,,,1,10,,86741,17,,,1,11,,86742,17,,,1,10,,86688,17,,,1,9,,86673,17,,,1,51,,86698,17,,,1,11,,86699,17,,,1,9,,86745,17,,,1,10,,86663,17,,,1,10,,86746,17,,,1,10,,86661,17,,,1,50,,86695,17,,,1,10,,86715,17,,,1,10,,86682,17,,,1,10,,86690,17,,,1,10,,86687,17,,,1,10,,86665,17,,,1,50,,86726,17,,,1,10,,86700,17,,,1,10,,86712,17,,,1,10,,86664,17,,,1,10,,86674,17,,,1,10,,86667,17,,,1,50,,86683,17,,,1,10,,86716,17,,,1,10,,86697,17,,,1,10,,86691,17,,,1,10,,86686,17,,,1,10,,86679,17,,,1,50,,86722,17,,,1,10,,86701,17,,,1,10,,86713,17,,,1,10,,86728,17,,,1,11,,86676,17,,,1,11,,86659,17,,,1,50,,86718,17,,,1,10,,86717,17,,,1,10,,86702,17,,,1,10,,86692,17,,,1,6,,86684,13,,,1,6,,86669,17,,,1,52,,86720,17,,,1,13,,86727,17,,,1,7,,86744,13,,,1,5,,86714,17,,,1,13,,86749,17,,,1,10,,86694,17,,,1,52,,86723,17,,,1,12,,86747,17,,,1,12,,86707,17,,,1,13,,86685,17,,,1,11,,86670,17,,,1,52,,86675,17,,,1,12,,86748,17,,,1,12,,86677,17,,,1,12,,86703,17,,,1,10,,86693,17,,,1,52,,86724,17,,,1,10,,86710,17,,,1,12,,86689,17,,,1,9,,86671,17,,,1,13,,86711,17,,,1,12,,86751,17,,,1,52,,86750,17,,,1,12,,86678,17,,,1,12,,86704,17,,,1,12,,86681,17,,,1,12,,86725,17,,,1,52,,86708,17,,,1,15,,86666,17,,,1,13,,86752,17,,,1,17,,86672,17,,,1,55,,86668,17,,,1,15,,86719,17,,,1,12,,86705,17,,,1,15,,86680,17,,,1,55,,86709,17,,,1,15,,86721,17,,,1,15,,86662,17,,,1,15,,86660,17,,,1,55,,86696,17,,,1,30,,86706,17,,,1
43701,'Semaine-1',1527,,86788,38,0,9 14,1
43701,'Semaine-12',1527,,86790,38,0,9 14,1
