6301,'Samedi-1',1121,,83247,2,,,1,100,,83248,2,,,1,100,,83249,2,,,1,100,,83250,2,,,1,100,,83251,2,,,1,100,,83252,2,,,1,100,,83253,2,,,1,100,,83254,2,,,1
6301,'Samedi-10',1121,,72338,2,,,1,100,,72339,2,,,1,100,,72340,2,,,1,100,,72341,2,,,1,100,,72342,2,,,1,100,,72343,2,,,1,100,,72344,2,,,1,100,,72345,2,,,1
6301,'Dimanche-1',1121,,83255,2,,,1,100,,83257,2,,,1,100,,83256,2,,,1,100,,83259,2,,,1,100,,83260,2,,,1,100,,83258,2,,,1,100,,83261,2,,,1,100,,83262,2,,,1
6301,'Semaine-1',548,,83264,2,,,1,70,,83263,2,,,1,30,,83266,2,,,1,70,,83268,2,,,1,32,,83269,2,,,1,68,,83267,2,,,2,100,,83265,2,,,1,100,,83270,2,,,1,100,,83271,2,,,1,100,,83275,2,,,1,100,,83276,2,,,1,100,,83277,2,,,2,101,,83273,2,,,1,30,,83272,2,,,1,70,,83274,2,,,1,30,,83278,2,,,2,70,,83282,2,,,1,30,,83283,2,,,1,69,,83284,2,,,1,100,,83279,2,,,1,100,,83281,2,,,1,100,,83280,2,,,1
6301,'Semaine-12',548,,83286,2,,,1,70,,83285,2,,,1,30,,83288,2,,,1,70,,83290,2,,,1,32,,83291,2,,,1,68,,83289,2,,,2,100,,83287,2,,,1,100,,83292,2,,,1,100,,83293,2,,,1,100,,83297,2,,,1,100,,83298,2,,,1,100,,83299,2,,,2,101,,83295,2,,,1,30,,83294,2,,,1,70,,83296,2,,,1,30,,83300,2,,,2,70,,83304,2,,,1,30,,83305,2,,,1,69,,83306,2,,,1,100,,83301,2,,,1,100,,83303,2,,,1,100,,83302,2,,,1
6701,'Samedi-1',626,,83967,2,,,1,101,,83973,2,,,1,100,,83969,2,,,1,100,,83968,2,,,1,30,,83971,2,,,1,70,,83976,2,,,1,30,,83977,2,,,1,70,,83970,2,,,1,30,,83972,2,,,1,70,,83975,2,,,1,30,,83978,2,,,1,70,,83979,2,,,1,30,,83974,2,,,1,70,,83980,2,,,1,30,,83981,2,,,1,70,,83982,2,,,1,30,,83983,2,,,1,70,,83984,2,,,1,30,,83985,2,,,1,70,,83986,2,,,1,30,,83987,2,,,1,70,,83988,2,,,1,30,,83989,2,,,1,100,,83990,2,,,1,100,,83991,2,,,1,100,,83993,2,,,1,100,,83992,2,,,1
6701,'Samedi-10',626,,73821,2,,,1,101,,73827,2,,,1,100,,73823,2,,,1,100,,73822,2,,,1,30,,73825,2,,,1,70,,73830,2,,,1,30,,73831,2,,,1,70,,73824,2,,,1,30,,73826,2,,,1,70,,73829,2,,,1,30,,73832,2,,,1,70,,73833,2,,,1,30,,73828,2,,,1,70,,73834,2,,,1,30,,73835,2,,,1,70,,73836,2,,,1,30,,73837,2,,,1,70,,73838,2,,,1,30,,73839,2,,,1,70,,73840,2,,,1,30,,73841,2,,,1,70,,73842,2,,,1,30,,73843,2,,,1,100,,73844,2,,,1,100,,73845,2,,,1,100,,73847,2,,,1,100,,73846,2,,,1
6701,'Dimanche-1',626,,83994,2,,,1,101,,83997,2,,,1,100,,83999,2,,,1,100,,84002,2,,,1,30,,84008,2,,,1,70,,83996,2,,,1,30,,84009,2,,,1,70,,84000,2,,,1,30,,84003,2,,,1,70,,84001,2,,,1,30,,83995,2,,,1,70,,84005,2,,,1,30,,84006,2,,,1,70,,83998,2,,,1,30,,84004,2,,,1,70,,84011,2,,,1,30,,84007,2,,,1,70,,84014,2,,,1,30,,84015,2,,,1,70,,84012,2,,,1,30,,84017,2,,,1,70,,84010,2,,,1,30,,84016,2,,,1,100,,84013,2,,,1,100,,84018,2,,,1,100,,84019,2,,,1,100,,84020,2,,,1
6701,'Semaine-1',902,,84041,2,,,1,20,,84030,2,,,1,20,,84048,2,,,1,60,,84034,2,,,1,20,,84028,2,,,1,20,,84049,2,,,1,60,,84042,2,,,1,20,,84031,2,,,1,20,,84050,2,,,1,60,,84035,2,,,1,20,,84038,2,,,1,20,,84051,2,,,1,60,,84037,2,,,1,20,,84032,2,,,1,20,,84052,2,,,1,60,,84043,2,,,1,20,,84045,2,,,1,20,,84047,2,,,1,60,,84039,2,,,1,30,,84023,2,,,1,70,,84046,2,,,1,30,,84026,2,,,1,70,,84044,2,,,1,30,,84040,2,,,1,70,,84033,2,,,1,30,,84021,2,,,1,70,,84036,2,,,1,30,,84024,2,,,2,70,,84053,2,,,2,30,,84022,2,,,1,70,,84055,2,,,1,30,,84025,2,,,2,70,,84056,2,,,1,29,,84027,2,,,1,70,,84054,2,,,1,30,,84029,2,,,2
6701,'Semaine-12',902,,84077,2,,,1,20,,84066,2,,,1,20,,84084,2,,,1,60,,84070,2,,,1,20,,84064,2,,,1,20,,84085,2,,,1,60,,84078,2,,,1,20,,84067,2,,,1,20,,84086,2,,,1,60,,84071,2,,,1,20,,84074,2,,,1,20,,84087,2,,,1,60,,84073,2,,,1,20,,84068,2,,,1,20,,84088,2,,,1,60,,84079,2,,,1,20,,84081,2,,,1,20,,84083,2,,,1,60,,84075,2,,,1,30,,84059,2,,,1,70,,84082,2,,,1,30,,84062,2,,,1,70,,84080,2,,,1,30,,84076,2,,,1,70,,84069,2,,,1,30,,84057,2,,,1,70,,84072,2,,,1,30,,84060,2,,,2,70,,84089,2,,,2,30,,84058,2,,,1,70,,84091,2,,,1,30,,84061,2,,,2,70,,84092,2,,,1,29,,84063,2,,,1,70,,84090,2,,,1,30,,84065,2,,,2
8701,'Semaine-1',509,,85481,2,,,1,30,,85474,2,,,1,68,,85479,2,,,1,19,,85477,2,,,1,13,,85475,2,,,1,16,,85484,2,,,1,57,,85480,2,,,1,15,,85476,2,,,1,16,,85483,2,,,1,59,,85482,2,,,2,20,,85478,2,,,1,20,,85473,2,,,1
8701,'Semaine-12',509,,85493,2,,,1,30,,85486,2,,,1,68,,85491,2,,,1,19,,85489,2,,,1,13,,85487,2,,,1,16,,85496,2,,,1,57,,85492,2,,,1,15,,85488,2,,,1,16,,85495,2,,,1,59,,85494,2,,,2,20,,85490,2,,,1,20,,85485,2,,,1
