1800,'Semaine-1',1249,,79946,12,,,1,278,,79945,12,,,2,103,,79948,12,,,1,27,,79947,12,,,1
1800,'Semaine-12',1249,,79950,12,,,1,278,,79949,12,,,2,103,,79952,12,,,1,27,,79951,12,,,1
2601,'Semaine-1',612,,80028,31,,,1,31,,80030,31,,,2,70,,80031,31,,,2,30,,80029,31,,,1,69,,80027,31,,,2
2601,'Semaine-12',612,,80033,31,,,1,31,,80035,31,,,2,70,,80036,31,,,2,30,,80034,31,,,1,69,,80032,31,,,2
2901,'Semaine-1',725,,80077,17,,,2,30,,80080,17,,,1,70,,80078,17,,,1,31,,80079,17,,,2
2901,'Semaine-12',725,,80081,17,,,2,30,,80084,17,,,1,70,,80082,17,,,1,31,,80083,17,,,2
3201,'Semaine-1',528,,80478,29,,,1,20,,80477,29,,,1,60,,80469,29,,,1,22,,80479,29,,,2,10,,80459,29,,,1,8,,80480,29,,,1,11,,80460,29,,,1,50,,80461,29,,,1,8,,80453,29,,,1,11,,80456,29,,,1,8,,80482,29,,,1,8,,80462,29,,,1,8,,80457,29,,,1,49,,80470,29,,,1,8,,80452,29,,,1,8,,80463,29,,,1,8,,80481,29,,,2,8,,80451,29,,,1,10,,80450,29,,,1,10,,80455,29,,,1,48,,80458,29,,,1,9,,80464,29,,,1,22,,80438,29,,,2,69,,80448,29,,,1,30,,80441,29,,,1,70,,80444,29,,,1,30,,80437,29,,,1,70,,80447,29,,,1,30,,80442,29,,,1,70,,80449,29,,,1,30,,80431,29,,,1,69,,80436,29,,,1,30,,80443,29,,,1,71,,80454,29,,,1,32,,80471,29,,,1,71,,80472,29,,,2,29,,80473,29,,,1,70,,80474,29,,,1,28,,80475,29,,,2,70,,80476,29,,,1,30,,80434,29,,,1,70,,80432,29,,,2,29,,80445,29,,,2,70,,80440,29,,,1,29,,80435,29,,,1,71,,80433,29,,,2,30,,80446,29,,,1,28,,80439,29,,,1,68,,80466,29,,,1,32,,80465,29,,,1,69,,80467,29,,,1,30,,80468,29,,,1
3201,'Semaine-12',528,,80530,29,,,1,20,,80529,29,,,1,60,,80521,29,,,1,22,,80531,29,,,2,10,,80511,29,,,1,8,,80532,29,,,1,11,,80512,29,,,1,50,,80513,29,,,1,8,,80505,29,,,1,11,,80508,29,,,1,8,,80534,29,,,1,8,,80514,29,,,1,8,,80509,29,,,1,49,,80522,29,,,1,8,,80504,29,,,1,8,,80515,29,,,1,8,,80533,29,,,2,8,,80503,29,,,1,10,,80502,29,,,1,10,,80507,29,,,1,48,,80510,29,,,1,9,,80516,29,,,1,22,,80490,29,,,2,69,,80500,29,,,1,30,,80493,29,,,1,70,,80496,29,,,1,30,,80489,29,,,1,70,,80499,29,,,1,30,,80494,29,,,1,70,,80501,29,,,1,30,,80483,29,,,1,69,,80488,29,,,1,30,,80495,29,,,1,71,,80506,29,,,1,32,,80523,29,,,1,71,,80524,29,,,2,29,,80525,29,,,1,70,,80526,29,,,1,28,,80527,29,,,2,70,,80528,29,,,1,30,,80486,29,,,1,70,,80484,29,,,2,29,,80497,29,,,2,70,,80492,29,,,1,29,,80487,29,,,1,71,,80485,29,,,2,30,,80498,29,,,1,28,,80491,29,,,1,68,,80518,29,,,1,32,,80517,29,,,1,69,,80519,29,,,1,30,,80520,29,,,1
3401,'Samedi-1',718,,80905,50,,,1,100,,80908,50,,,1,30,,80917,50,,,1,70,,80906,50,,,1,33,,80911,50,,,1,70,,80913,50,,,1,28,,80907,50,,,1,70,,80916,50,,,1,33,,80909,50,,,1,69,,80918,50,,,1,31,,80910,50,,,1,70,,80912,50,,,1,30,,80914,50,,,1,70,,80915,50,,,1,30,,80919,50,,,1,71,,80920,50,,,1,30,,80921,50,,,1,70,,80922,50,,,1,30,,80923,50,,,1,68,,80924,50,,,1,30,,80925,50,,,1,69,,80926,50,,,1,30,,80927,50,,,1,70,,80929,50,,,1,28,,80928,50,,,1,70,,80930,50,,,1,30,,80931,50,,,1,70,,80932,50,,,1,30,,80934,50,,,1,70,,80933,50,,,1,30,,80935,50,,,1,95,,80936,50,,,1
3401,'Samedi-10',718,,67667,50,,,1,100,,67670,50,,,1,30,,67679,50,,,1,70,,67668,50,,,1,33,,67673,50,,,1,70,,67675,50,,,1,28,,67669,50,,,1,70,,67678,50,,,1,33,,67671,50,,,1,69,,67680,50,,,1,31,,67672,50,,,1,70,,67674,50,,,1,30,,67676,50,,,1,70,,67677,50,,,1,30,,67681,50,,,1,71,,67682,50,,,1,30,,67683,50,,,1,70,,67684,50,,,1,30,,67685,50,,,1,68,,67686,50,,,1,30,,67687,50,,,1,69,,67688,50,,,1,30,,67689,50,,,1,70,,67691,50,,,1,28,,67690,50,,,1,70,,67692,50,,,1,30,,67693,50,,,1,70,,67694,50,,,1,30,,67696,50,,,1,70,,67695,50,,,1,30,,67697,50,,,1,95,,67698,50,,,1
3401,'Dimanche-1',718,,80937,50,,,1,100,,80945,50,,,1,30,,80950,50,,,1,70,,80942,50,,,1,33,,80940,50,,,1,70,,80963,50,,,1,28,,80944,50,,,1,70,,80949,50,,,1,33,,80939,50,,,1,69,,80938,50,,,1,31,,80941,50,,,1,70,,80948,50,,,1,30,,80951,50,,,1,70,,80943,50,,,1,30,,80947,50,,,1,71,,80946,50,,,1,30,,80952,50,,,1,70,,80956,50,,,1,30,,80953,50,,,1,68,,80954,50,,,1,30,,80955,50,,,1,69,,80962,50,,,1,30,,80957,50,,,1,70,,80960,50,,,1,28,,80958,50,,,1,70,,80959,50,,,1,30,,80961,50,,,1,70,,80964,50,,,1,30,,80966,50,,,1,70,,80965,50,,,1,30,,80967,50,,,1,95,,80968,50,,,1
3401,'Semaine-1',925,,80994,50,,,1,31,,80974,50,,,2,70,,80978,50,,,1,30,,80998,50,,,1,70,,80971,50,,,1,30,,80975,50,,,1,70,,80979,50,,,1,30,,80969,50,,,1,70,,80972,50,,,1,30,,80976,50,,,1,70,,80980,50,,,2,31,,80973,50,,,1,70,,80995,50,,,1,31,,80970,50,,,1,76,,80996,50,,,1,67,,80997,50,,,1,29,,80991,50,,,1,27,,80987,50,,,1,69,,80977,50,,,1,29,,80984,50,,,1,69,,80993,50,,,1,29,,80981,50,,,1,70,,80983,50,,,1,30,,80985,50,,,1,70,,80989,50,,,2,30,,80982,50,,,1,70,,80988,50,,,1,28,,80986,50,,,1,70,,80990,50,,,1,30,,80992,50,,,1
3401,'Semaine-12',925,,81024,50,,,1,31,,81004,50,,,2,70,,81008,50,,,1,30,,81028,50,,,1,70,,81001,50,,,1,30,,81005,50,,,1,70,,81009,50,,,1,30,,80999,50,,,1,70,,81002,50,,,1,30,,81006,50,,,1,70,,81010,50,,,2,31,,81003,50,,,1,70,,81025,50,,,1,31,,81000,50,,,1,76,,81026,50,,,1,67,,81027,50,,,1,29,,81021,50,,,1,27,,81017,50,,,1,69,,81007,50,,,1,29,,81014,50,,,1,69,,81023,50,,,1,29,,81011,50,,,1,70,,81013,50,,,1,30,,81015,50,,,1,70,,81019,50,,,2,30,,81012,50,,,1,70,,81018,50,,,1,28,,81016,50,,,1,70,,81020,50,,,1,30,,81022,50,,,1
4001,'Semaine-1',630,,81922,49,,,1,70,,81921,49,,,1,33,,81924,49,,,1,74,,81920,49,,,2,25,,81919,49,,,1,68,,81923,49,,,1
4001,'Semaine-12',630,,81928,49,,,1,70,,81927,49,,,1,33,,81930,49,,,1,74,,81926,49,,,2,25,,81925,49,,,1,68,,81929,49,,,1
4101,'Semaine-1',652,,81943,40,,,1,73,,81944,40,,,1,76,,81945,40,,,1,26,,81942,40,,,2,28,,81941,40,,,1
4101,'Semaine-12',652,,81948,40,,,1,73,,81949,40,,,1,76,,81950,40,,,1,26,,81947,40,,,2,28,,81946,40,,,1
4501,'Semaine-1',619,,81972,43,,,1,30,,81971,43,,,1,74,,81975,43,,,2,30,,81974,43,,,1,72,,81973,43,,,1,28,,81976,43,,,1
4501,'Semaine-12',619,,81978,43,,,1,30,,81977,43,,,1,74,,81981,43,,,2,30,,81980,43,,,1,72,,81979,43,,,1,28,,81982,43,,,1
4701,'Semaine-1',631,,81991,36,,,2,87,,81990,36,,,1,90,,81989,36,,,1,27,,81992,36,,,1
4701,'Semaine-12',631,,81995,36,,,2,87,,81994,36,,,1,90,,81993,36,,,1,27,,81996,36,,,1
5501,'Samedi-1',714,,82555,48,,,1,30,,82558,48,,,1,71,,82557,48,,,1,30,,82567,48,,,1,69,,82556,48,,,1,30,,82559,48,,,1,71,,82560,48,,,1,29,,82566,48,,,1,71,,82562,48,,,1,30,,82563,48,,,1,70,,82561,48,,,1,30,,82569,48,,,1,70,,82568,48,,,1,30,,82564,48,,,1,70,,82565,48,,,1,32,,82570,48,,,1,68,,82571,48,,,1,32,,82572,48,,,1,68,,82573,48,,,1,32,,82574,48,,,1,68,,82575,48,,,1,32,,82576,48,,,1,68,,82577,48,,,1,30,,82578,48,,,1,70,,82579,48,,,1,30,,82580,48,,,1,70,,82581,48,,,1,29,,82582,48,,,1,70,,82583,48,,,1,30,,82585,48,,,1,69,,82584,48,,,1,30,,82587,48,,,1,70,,82586,48,,,1
5501,'Samedi-10',714,,71004,48,,,1,30,,71007,48,,,1,71,,71006,48,,,1,30,,71016,48,,,1,69,,71005,48,,,1,30,,71008,48,,,1,71,,71009,48,,,1,29,,71015,48,,,1,71,,71011,48,,,1,30,,71012,48,,,1,70,,71010,48,,,1,30,,71018,48,,,1,70,,71017,48,,,1,30,,71013,48,,,1,70,,71014,48,,,1,32,,71019,48,,,1,68,,71020,48,,,1,32,,71021,48,,,1,68,,71022,48,,,1,32,,71023,48,,,1,68,,71024,48,,,1,32,,71025,48,,,1,68,,71026,48,,,1,30,,71027,48,,,1,70,,71028,48,,,1,30,,71029,48,,,1,70,,71030,48,,,1,29,,71031,48,,,1,70,,71032,48,,,1,30,,71034,48,,,1,69,,71033,48,,,1,30,,71036,48,,,1,70,,71035,48,,,1
5501,'Dimanche-1',714,,82589,48,,,1,30,,82593,48,,,1,71,,82591,48,,,1,30,,82596,48,,,1,69,,82598,48,,,1,30,,82592,48,,,1,71,,82588,48,,,1,29,,82602,48,,,1,71,,82597,48,,,1,30,,82604,48,,,1,70,,82595,48,,,1,30,,82594,48,,,1,70,,82600,48,,,1,30,,82590,48,,,1,70,,82599,48,,,1,32,,82603,48,,,1,68,,82608,48,,,1,32,,82601,48,,,1,68,,82607,48,,,1,32,,82610,48,,,1,68,,82605,48,,,1,32,,82606,48,,,1,68,,82612,48,,,1,30,,82614,48,,,1,70,,82611,48,,,1,30,,82609,48,,,1,70,,82613,48,,,1,29,,82615,48,,,1,70,,82616,48,,,1,30,,82617,48,,,1,69,,82618,48,,,1,30,,82619,48,,,1,70,,82620,48,,,1
5501,'Semaine-1',532,,82634,48,,,1,15,,82641,48,,,1,54,,82640,47,,,1,18,,82624,47,,,1,15,,82662,47,,,1,22,,82661,47,,,1,48,,82621,47,,,1,14,,82666,47,,,1,15,,82647,47,,,1,15,,82655,47,,,1,56,,82625,47,,,1,8,,82629,47,,,1,12,,82627,47,,,1,9,,82656,47,,,1,4,,82658,47,,,1,14,,82635,47,,,1,68,,82639,47,,,1,12,,82626,47,,,1,11,,82660,47,,,1,70,,82653,48,,,1,23,,82665,15,,,1,8,,82657,48,,,1,69,,82623,48,,,1,29,,82630,48,,,1,70,,82643,48,,,1,30,,82654,48,,,1,70,,82650,48,,,1,30,,82631,48,,,1,70,,82663,48,,,1,30,,82622,48,,,1,72,,82628,48,,,1,90,,82632,48,,,1,98,,82637,48,,,1,100,,82642,48,,,1,100,,82659,48,,,1,20,,82648,48,,,1,30,,82636,48,,,1,70,,82652,48,,,1,30,,82645,48,,,1,70,,82664,48,,,1,30,,82638,48,,,1,69,,82644,48,,,1,30,,82646,48,,,1,70,,82633,48,,,1,28,,82651,48,,,1,70,,82649,48,,,1
5501,'Semaine-12',532,,82680,48,,,1,15,,82687,48,,,1,54,,82686,47,,,1,18,,82670,47,,,1,15,,82708,47,,,1,22,,82707,47,,,1,48,,82667,47,,,1,14,,82712,47,,,1,15,,82693,47,,,1,15,,82701,47,,,1,56,,82671,47,,,1,8,,82675,47,,,1,12,,82673,47,,,1,9,,82702,47,,,1,4,,82704,47,,,1,14,,82681,47,,,1,68,,82685,47,,,1,12,,82672,47,,,1,11,,82706,47,,,1,70,,82699,48,,,1,23,,82711,15,,,1,8,,82703,48,,,1,69,,82669,48,,,1,29,,82676,48,,,1,70,,82689,48,,,1,30,,82700,48,,,1,70,,82696,48,,,1,30,,82677,48,,,1,70,,82709,48,,,1,30,,82668,48,,,1,72,,82674,48,,,1,90,,82678,48,,,1,98,,82683,48,,,1,100,,82688,48,,,1,100,,82705,48,,,1,20,,82694,48,,,1,30,,82682,48,,,1,70,,82698,48,,,1,30,,82691,48,,,1,70,,82710,48,,,1,30,,82684,48,,,1,69,,82690,48,,,1,30,,82692,48,,,1,70,,82679,48,,,1,28,,82697,48,,,1,70,,82695,48,,,1
5901,'Samedi-1',729,,82939,37,,,1,30,,82946,37,,,1,70,,82943,37,,,1,30,,82948,37,,,1,70,,82940,37,,,1,30,,82945,37,,,1,71,,82944,37,,,1,70,,82947,37,,,1,30,,82951,37,,,1,71,,82952,37,,,1,30,,82941,37,,,1,70,,82942,37,,,1,30,,82950,37,,,1,70,,82949,37,,,1,30,,82953,37,,,1,70,,82954,37,,,1,30,,82955,37,,,1,70,,82956,37,,,1,30,,82957,37,,,1,70,,82958,37,,,1,30,,82959,37,,,1,70,,82960,37,,,1,30,,82961,37,,,1,28,,82962,37,,,1,71,,82963,37,,,1,71,,82965,37,,,1,30,,82964,37,,,1,28,,82966,37,,,1,70,,82967,37,,,1,30,,82968,37,,,1,70,,82970,37,,,1,30,,82969,37,,,1
5901,'Samedi-10',729,,71780,37,,,1,30,,71787,37,,,1,70,,71784,37,,,1,30,,71789,37,,,1,70,,71781,37,,,1,30,,71786,37,,,1,71,,71785,37,,,1,70,,71788,37,,,1,30,,71792,37,,,1,71,,71793,37,,,1,30,,71782,37,,,1,70,,71783,37,,,1,30,,71791,37,,,1,70,,71790,37,,,1,30,,71794,37,,,1,70,,71795,37,,,1,30,,71796,37,,,1,70,,71797,37,,,1,30,,71798,37,,,1,70,,71799,37,,,1,30,,71800,37,,,1,70,,71801,37,,,1,30,,71802,37,,,1,28,,71803,37,,,1,71,,71804,37,,,1,71,,71806,37,,,1,30,,71805,37,,,1,28,,71807,37,,,1,70,,71808,37,,,1,30,,71809,37,,,1,70,,71811,37,,,1,30,,71810,37,,,1
5901,'Dimanche-1',729,,82971,37,,,1,30,,82983,37,,,1,70,,82977,37,,,1,30,,82978,37,,,1,70,,82985,37,,,1,30,,82982,37,,,1,71,,82987,37,,,1,70,,82974,37,,,1,30,,82986,37,,,1,71,,82972,37,,,1,30,,82981,37,,,1,70,,82973,37,,,1,30,,82976,37,,,1,70,,82979,37,,,1,30,,82980,37,,,1,70,,82988,37,,,1,30,,82975,37,,,1,70,,82991,37,,,1,30,,82984,37,,,1,70,,82993,37,,,1,30,,82994,37,,,1,70,,82990,37,,,1,30,,82995,37,,,1,28,,82992,37,,,1,71,,82996,37,,,1,71,,82989,37,,,1,30,,82997,37,,,1,28,,82998,37,,,1,70,,82999,37,,,1,30,,83000,37,,,1,70,,83001,37,,,1,30,,83002,37,,,1
5901,'Semaine-1',527,,83007,37,,,1,15,,83043,37,,,1,15,,83016,37,,,1,55,,83037,36,,,1,17,,83017,36,,,1,14,,83006,36,,,1,13,,83008,36,,,1,55,,83011,36,,,1,11,,83046,14,,,1,8,,83014,36,,,1,7,,83047,14,,,1,8,,83015,36,,,1,7,,83048,14,,,1,51,,83010,36,,,1,7,,83004,14,,,1,5,,83039,36,,,1,19,,83025,36,,,1,11,,83030,36,,,1,13,,83020,36,,,1,55,,83005,36,,,1,16,,83023,36,,,1,27,,83049,36,,,1,70,,83044,37,,,1,30,,83031,37,,,1,70,,83013,37,,,1,30,,83024,37,,,1,70,,83027,37,,,1,30,,83012,37,,,1,70,,83041,37,,,1,30,,83003,37,,,1,70,,83045,37,,,1,30,,83035,37,,,1,76,,83038,37,,,1,100,,83042,37,,,1,100,,83022,37,,,1,99,,83029,37,,,1,75,,83034,37,,,1,30,,83021,37,,,1,70,,83028,37,,,1,30,,83033,37,,,1,69,,83040,37,,,1,30,,83018,37,,,1,70,,83036,37,,,1,30,,83026,37,,,1,70,,83009,37,,,1,30,,83019,37,,,1,70,,83032,37,,,1
5901,'Semaine-12',527,,83054,37,,,1,15,,83090,37,,,1,15,,83063,37,,,1,55,,83084,36,,,1,17,,83064,36,,,1,14,,83053,36,,,1,13,,83055,36,,,1,55,,83058,36,,,1,11,,83093,14,,,1,8,,83061,36,,,1,7,,83094,14,,,1,8,,83062,36,,,1,7,,83095,14,,,1,51,,83057,36,,,1,7,,83051,14,,,1,5,,83086,36,,,1,19,,83072,36,,,1,11,,83077,36,,,1,13,,83067,36,,,1,55,,83052,36,,,1,16,,83070,36,,,1,27,,83096,36,,,1,70,,83091,37,,,1,30,,83078,37,,,1,70,,83060,37,,,1,30,,83071,37,,,1,70,,83074,37,,,1,30,,83059,37,,,1,70,,83088,37,,,1,30,,83050,37,,,1,70,,83092,37,,,1,30,,83082,37,,,1,76,,83085,37,,,1,100,,83089,37,,,1,100,,83069,37,,,1,99,,83076,37,,,1,75,,83081,37,,,1,30,,83068,37,,,1,70,,83075,37,,,1,30,,83080,37,,,1,69,,83087,37,,,1,30,,83065,37,,,1,70,,83083,37,,,1,30,,83073,37,,,1,70,,83056,37,,,1,30,,83066,37,,,1,70,,83079,37,,,1
32901,'Semaine-1',1657,,85909,43,0,7 8,1
32901,'Semaine-12',1657,,85910,43,0,7 8,1
65501,'Semaine-1',1527,,86865,36,0,9 10,1
65501,'Semaine-12',1527,,86866,36,0,9 10,1
72901,'Semaine-1',827,,86875,29,0,5 11,2
72901,'Semaine-12',827,,86876,29,0,5 11,2
74001,'Semaine-1',834,,86883,50,0,5 11,2,2,,86884,50,0,5 11,1
74001,'Semaine-12',834,,86885,50,0,5 11,2,2,,86886,50,0,5 11,1
80000,'Samedi-1',734,,86901,41,,,1,103,,86902,41,,,1,98,,86903,41,,,1,101,,86905,41,,,1,100,,86906,41,,,1,100,,86904,41,,,1,100,,86907,41,,,1,100,,86908,41,,,1,100,,86909,41,,,1,100,,86910,41,,,1,98,,86911,41,,,2,100,,86912,41,,,1,100,,86915,41,,,1,99,,86913,41,,,1,100,,86914,41,,,1,98,,86916,41,,,1,100,,86917,41,,,1
80000,'Samedi-10',734,,79460,41,,,1,103,,79461,41,,,1,98,,79462,41,,,1,101,,79464,41,,,1,100,,79465,41,,,1,100,,79463,41,,,1,100,,79466,41,,,1,100,,79467,41,,,1,100,,79468,41,,,1,100,,79469,41,,,1,98,,79470,41,,,2,100,,79471,41,,,1,100,,79474,41,,,1,99,,79472,41,,,1,100,,79473,41,,,1,98,,79475,41,,,1,100,,79476,41,,,1
80000,'Dimanche-1',734,,86920,41,,,1,103,,86919,41,,,1,98,,86925,41,,,1,101,,86918,41,,,1,100,,86922,41,,,1,100,,86921,41,,,1,100,,86923,41,,,1,100,,86924,41,,,1,100,,86928,41,,,1,100,,86926,41,,,1,98,,86927,41,,,2,100,,86931,41,,,1,100,,86930,41,,,1,99,,86929,41,,,1,100,,86932,41,,,1,98,,86933,41,,,1,100,,86934,41,,,1
80000,'Semaine-1',610,,86967,40,,,1,32,,86953,40,,,1,71,,86943,40,,,1,15,,86942,40,,,1,17,,86963,40,,,1,70,,86954,40,,,1,18,,86940,40,,,1,68,,86959,40,,,1,30,,86944,41,,,1,70,,86961,41,,,1,30,,86956,41,,,1,70,,86970,41,,,1,30,,86937,41,,,1,69,,86958,41,,,1,30,,86948,41,,,1,71,,86964,41,,,1,29,,86957,41,,,1,70,,86968,41,,,1,32,,86947,41,,,1,68,,86962,41,,,1,34,,86960,41,,,1,72,,86949,41,,,1,31,,86965,41,,,1,68,,86938,41,,,1,30,,86955,41,,,1,70,,86952,41,,,1,28,,86966,41,,,1,68,,86951,41,,,1,31,,86945,41,,,1,69,,86939,41,,,1,30,,86969,41,,,1,28,,86950,41,,,1,68,,86946,41,,,1,29,,86936,41,,,1,69,,86941,41,,,1,30,,86935,41,,,1
80000,'Semaine-12',610,,87003,40,,,1,32,,86989,40,,,1,71,,86979,40,,,1,15,,86978,40,,,1,17,,86999,40,,,1,70,,86990,40,,,1,18,,86976,40,,,1,68,,86995,40,,,1,30,,86980,41,,,1,70,,86997,41,,,1,30,,86992,41,,,1,70,,87006,41,,,1,30,,86973,41,,,1,69,,86994,41,,,1,30,,86984,41,,,1,71,,87000,41,,,1,29,,86993,41,,,1,70,,87004,41,,,1,32,,86983,41,,,1,68,,86998,41,,,1,34,,86996,41,,,1,72,,86985,41,,,1,31,,87001,41,,,1,68,,86974,41,,,1,30,,86991,41,,,1,70,,86988,41,,,1,28,,87002,41,,,1,68,,86987,41,,,1,31,,86981,41,,,1,69,,86975,41,,,1,30,,87005,41,,,1,28,,86986,41,,,1,68,,86982,41,,,1,29,,86972,41,,,1,69,,86977,41,,,1,30,,86971,41,,,1
82901,'Semaine-1',801,,87138,17,0,9 12 13,1,1,,87139,17,0,9 12 13,1,1,,87140,17,0,9 12 13,2
82901,'Semaine-12',801,,87141,17,0,9 12 13,1,1,,87142,17,0,9 12 13,1,1,,87143,17,0,9 12 13,2
