3601,'Semaine-1',840,,81179,7,,,1,90,,81177,7,,,1,100,,81180,7,,,1,100,,81178,7,,,1,99,,81183,7,,,1,100,,81182,7,,,1,101,,81181,7,,,1
3601,'Semaine-12',840,,81186,7,,,1,90,,81184,7,,,1,100,,81187,7,,,1,100,,81185,7,,,1,99,,81190,7,,,1,100,,81189,7,,,1,101,,81188,7,,,1
3701,'Samedi-1',646,,81286,7,,,1,100,,81291,7,,,1,100,,81285,7,,,1,100,,81290,7,,,1,100,,81287,7,,,1,100,,81288,7,,,1,100,,81292,7,,,1,99,,81289,7,,,1,100,,81293,7,,,1,100,,81294,7,,,1,100,,81295,7,,,1,102,,81296,7,,,1,100,,81297,7,,,1,100,,81298,7,,,1,100,,81299,7,,,1,100,,81300,7,,,1,101,,81301,7,,,1
3701,'Samedi-10',646,,68373,7,,,1,100,,68378,7,,,1,100,,68372,7,,,1,100,,68377,7,,,1,100,,68374,7,,,1,100,,68375,7,,,1,100,,68379,7,,,1,99,,68376,7,,,1,100,,68380,7,,,1,100,,68381,7,,,1,100,,68382,7,,,1,102,,68383,7,,,1,100,,68384,7,,,1,100,,68385,7,,,1,100,,68386,7,,,1,100,,68387,7,,,1,101,,68388,7,,,1
3701,'Dimanche-1',646,,81303,7,,,1,100,,81304,7,,,1,100,,81306,7,,,1,100,,81307,7,,,1,100,,81315,7,,,1,100,,81302,7,,,1,100,,81308,7,,,1,99,,81305,7,,,1,100,,81310,7,,,1,100,,81311,7,,,1,100,,81313,7,,,1,102,,81312,7,,,1,100,,81309,7,,,1,100,,81314,7,,,1,100,,81316,7,,,1,100,,81317,7,,,1,101,,81318,7,,,1
3701,'Semaine-1',513,,81332,7,,,1,29,,81330,7,,,1,75,,81334,7,,,1,30,,81324,7,,,1,71,,81341,7,,,1,16,,81321,7,,,1,14,,81342,7,,,1,70,,81323,7,,,1,98,,81340,7,,,1,100,,81328,7,,,1,100,,81322,7,,,1,100,,81320,7,,,1,100,,81325,7,,,1,100,,81336,7,,,1,98,,81319,7,,,1,30,,81335,7,,,1,71,,81338,7,,,1,29,,81333,7,,,1,72,,81339,7,,,1,30,,81343,7,,,1,85,,81327,7,,,1,100,,81337,7,,,1,100,,81329,7,,,1,102,,81326,7,,,1,96,,81331,7,,,1
3701,'Semaine-12',513,,81357,7,,,1,29,,81355,7,,,1,75,,81359,7,,,1,30,,81349,7,,,1,71,,81366,7,,,1,16,,81346,7,,,1,14,,81367,7,,,1,70,,81348,7,,,1,98,,81365,7,,,1,100,,81353,7,,,1,100,,81347,7,,,1,100,,81345,7,,,1,100,,81350,7,,,1,100,,81361,7,,,1,98,,81344,7,,,1,30,,81360,7,,,1,71,,81363,7,,,1,29,,81358,7,,,1,72,,81364,7,,,1,30,,81368,7,,,1,85,,81352,7,,,1,100,,81362,7,,,1,100,,81354,7,,,1,102,,81351,7,,,1,96,,81356,7,,,1
6401,'Samedi-1',715,,83372,7,,,1,100,,83369,7,,,1,100,,83371,7,,,1,100,,83374,7,,,1,100,,83370,7,,,1,100,,83375,7,,,1,100,,83373,7,,,1,100,,83376,7,,,1,100,,83377,7,,,1,100,,83378,7,,,1,100,,83379,7,,,1
6401,'Samedi-10',715,,72587,7,,,1,100,,72584,7,,,1,100,,72586,7,,,1,100,,72589,7,,,1,100,,72585,7,,,1,100,,72590,7,,,1,100,,72588,7,,,1,100,,72591,7,,,1,100,,72592,7,,,1,100,,72593,7,,,1,100,,72594,7,,,1
6401,'Dimanche-1',715,,83384,7,,,1,100,,83381,7,,,1,100,,83387,7,,,1,100,,83388,7,,,1,100,,83385,7,,,1,100,,83380,7,,,1,100,,83382,7,,,1,100,,83383,7,,,1,100,,83389,7,,,1,100,,83386,7,,,1,100,,83390,7,,,1
6401,'Semaine-1',514,,83391,7,,,2,108,,83401,7,,,2,100,,83403,7,,,1,100,,83400,7,,,1,93,,83408,7,,,1,100,,83395,7,,,1,100,,83394,7,,,1,100,,83406,7,,,1,100,,83402,7,,,2,100,,83404,7,,,1,100,,83405,7,,,1,102,,83396,7,,,1,98,,83392,7,,,1,100,,83393,7,,,1,99,,83399,7,,,1,100,,83397,7,,,1,100,,83398,7,,,1,100,,83407,7,,,1
6401,'Semaine-12',514,,83409,7,,,2,108,,83419,7,,,2,100,,83421,7,,,1,100,,83418,7,,,1,93,,83426,7,,,1,100,,83413,7,,,1,100,,83412,7,,,1,100,,83424,7,,,1,100,,83420,7,,,2,100,,83422,7,,,1,100,,83423,7,,,1,102,,83414,7,,,1,98,,83410,7,,,1,100,,83411,7,,,1,99,,83417,7,,,1,100,,83415,7,,,1,100,,83416,7,,,1,100,,83425,7,,,1
6800,'Semaine-1',605,,84102,7,,,1,30,,84112,7,,,1,69,,84110,7,,,1,31,,84119,7,,,1,70,,84116,7,,,1,30,,84093,7,,,1,70,,84117,7,,,1,30,,84094,7,,,1,70,,84099,7,,,1,30,,84118,7,,,1,70,,84104,7,,,1,30,,84097,7,,,1,75,,84114,7,,,1,30,,84095,7,0,17,1,5,,84105,7,,,1,70,,84113,7,,,1,30,,84106,7,,,1,70,,84100,7,,,1,29,,84103,7,,,1,58,,84111,7,,,1,20,,84121,7,,,1,24,,84107,7,,,1,60,,84115,7,,,1,20,,84109,7,,,1,20,,84123,7,,,1,58,,84120,7,,,1,10,,84108,7,,,1,10,,84122,7,,,1,20,,84096,7,,,1,70,,84101,7,,,1,30,,84098,7,,,1
6800,'Semaine-12',605,,84133,7,,,1,30,,84143,7,,,1,69,,84141,7,,,1,31,,84150,7,,,1,70,,84147,7,,,1,30,,84124,7,,,1,70,,84148,7,,,1,30,,84125,7,,,1,70,,84130,7,,,1,30,,84149,7,,,1,70,,84135,7,,,1,30,,84128,7,,,1,75,,84145,7,,,1,30,,84126,7,0,17,1,5,,84136,7,,,1,70,,84144,7,,,1,30,,84137,7,,,1,70,,84131,7,,,1,29,,84134,7,,,1,58,,84142,7,,,1,20,,84152,7,,,1,24,,84138,7,,,1,60,,84146,7,,,1,20,,84140,7,,,1,20,,84154,7,,,1,58,,84151,7,,,1,10,,84139,7,,,1,10,,84153,7,,,1,20,,84127,7,,,1,70,,84132,7,,,1,30,,84129,7,,,1
37101,'Samedi-1',715,,86004,7,,,1,100,,86003,7,,,1,99,,86007,7,,,1,100,,86006,7,,,1,101,,86008,7,,,1,99,,86005,7,,,1,99,,86009,7,,,1,98,,86010,7,,,1,103,,86011,7,,,1,99,,86012,7,,,1,100,,86013,7,,,1,105,,86014,7,,,1,95,,86015,7,,,1,101,,86016,7,,,1,100,,86017,7,,,1,102,,86018,7,,,1,100,,86019,7,,,1
37101,'Samedi-10',715,,77625,7,,,1,100,,77624,7,,,1,99,,77628,7,,,1,100,,77627,7,,,1,101,,77629,7,,,1,99,,77626,7,,,1,99,,77630,7,,,1,98,,77631,7,,,1,103,,77632,7,,,1,99,,77633,7,,,1,100,,77634,7,,,1,105,,77635,7,,,1,95,,77636,7,,,1,101,,77637,7,,,1,100,,77638,7,,,1,102,,77639,7,,,1,100,,77640,7,,,1
37101,'Dimanche-1',715,,86033,7,,,1,100,,86022,7,,,1,99,,86023,7,,,1,100,,86020,7,,,1,101,,86025,7,,,1,99,,86021,7,,,1,99,,86024,7,,,1,98,,86027,7,,,1,103,,86026,7,,,1,99,,86028,7,,,1,100,,86032,7,,,1,105,,86031,7,,,1,95,,86029,7,,,1,101,,86030,7,,,1,100,,86034,7,,,1,102,,86035,7,,,1,100,,86036,7,,,1
37101,'Semaine-1',523,,86053,7,,,1,31,,86056,7,,,1,70,,86049,7,,,1,29,,86051,7,,,1,71,,86061,7,,,1,30,,86060,7,,,1,70,,86055,7,,,1,32,,86039,7,,,1,98,,86046,7,,,1,100,,86044,7,,,1,100,,86045,7,,,1,100,,86059,7,,,1,100,,86042,7,,,1,100,,86043,7,,,1,69,,86040,7,,,1,30,,86047,7,,,1,71,,86057,7,,,1,30,,86058,7,,,1,70,,86037,7,,,1,80,,86041,7,,,1,96,,86052,7,,,1,100,,86054,7,,,1,100,,86038,7,,,1,100,,86048,7,,,1,145,,86050,7,,,1
37101,'Semaine-12',523,,86078,7,,,1,31,,86081,7,,,1,70,,86074,7,,,1,29,,86076,7,,,1,71,,86086,7,,,1,30,,86085,7,,,1,70,,86080,7,,,1,32,,86064,7,,,1,98,,86071,7,,,1,100,,86069,7,,,1,100,,86070,7,,,1,100,,86084,7,,,1,100,,86067,7,,,1,100,,86068,7,,,1,69,,86065,7,,,1,30,,86072,7,,,1,71,,86082,7,,,1,30,,86083,7,,,1,70,,86062,7,,,1,80,,86066,7,,,1,96,,86077,7,,,1,100,,86079,7,,,1,100,,86063,7,,,1,100,,86073,7,,,1,145,,86075,7,,,1
43701,'Semaine-1',1502,,86788,7,0,9 14,1
43701,'Semaine-12',1502,,86790,7,0,9 14,1
