9501,'Semaine-1',557,,85547,45,,,1,55,,85543,45,,,1,13,,85545,45,,,1,18,,85550,45,,,1,16,,85546,45,,,2,55,,85548,45,,,2,14,,85549,45,,,2,16,,85544,45,,,2
9501,'Semaine-12',557,,85555,45,,,1,55,,85551,45,,,1,13,,85553,45,,,1,18,,85558,45,,,1,16,,85554,45,,,2,55,,85556,45,,,2,14,,85557,45,,,2,16,,85552,45,,,2
9701,'Samedi-1',751,,85635,49,,,1,100,,85638,49,,,1,101,,85636,49,,,1,100,,85639,49,,,1,99,,85633,49,,,1,100,,85634,49,,,1,101,,85637,49,,,1,100,,85640,49,,,1,100,,85641,49,,,1,100,,85642,49,,,1,100,,85643,49,,,1,100,,85644,49,,,1,100,,85648,49,,,1,100,,85645,49,,,1,99,,85646,49,,,1,100,,85647,49,,,1
9701,'Samedi-10',751,,76971,49,,,1,100,,76974,49,,,1,101,,76972,49,,,1,100,,76975,49,,,1,99,,76969,49,,,1,100,,76970,49,,,1,101,,76973,49,,,1,100,,76976,49,,,1,100,,76977,49,,,1,100,,76978,49,,,1,100,,76979,49,,,1,100,,76980,49,,,1,100,,76984,49,,,1,100,,76981,49,,,1,99,,76982,49,,,1,100,,76983,49,,,1
9701,'Dimanche-1',751,,85654,49,,,1,100,,85661,49,,,1,101,,85650,49,,,1,100,,85657,49,,,1,99,,85656,49,,,1,100,,85649,49,,,1,101,,85653,49,,,1,100,,85651,49,,,1,100,,85652,49,,,1,100,,85655,49,,,1,100,,85658,49,,,1,100,,85659,49,,,1,100,,85660,49,,,1,100,,85662,49,,,1,99,,85663,49,,,1,100,,85664,49,,,1
9701,'Semaine-1',633,,85665,49,,,2,97,,85666,49,,,1,113,,85667,49,,,1,109,,85668,49,,,1,100,,85669,49,,,1,100,,85670,49,,,1,100,,85671,49,,,1,99,,85672,49,,,1,101,,85673,49,,,1,104,,85674,49,,,1,95,,85675,49,,,1,104,,85676,49,,,1,96,,85677,49,,,1,97,,85678,49,,,1,101,,85679,49,,,1,98,,85680,49,,,1,100,,85681,49,,,1
9701,'Semaine-12',633,,85682,49,,,2,97,,85683,49,,,1,113,,85684,49,,,1,109,,85685,49,,,1,100,,85686,49,,,1,100,,85687,49,,,1,100,,85688,49,,,1,99,,85689,49,,,1,101,,85690,49,,,1,104,,85691,49,,,1,95,,85692,49,,,1,104,,85693,49,,,1,96,,85694,49,,,1,97,,85695,49,,,1,101,,85696,49,,,1,98,,85697,49,,,1,100,,85698,49,,,1
9801,'Semaine-1',529,,85699,45,,,2,10,,85700,45,,,1,10,,85701,45,,,1
9801,'Semaine-12',529,,85702,45,,,2,10,,85703,45,,,1,10,,85704,45,,,1
29701,'Semaine-1',1521,,85892,25,0,19,2
29701,'Semaine-12',1521,,85894,25,0,19,2
