3100,'Samedi-1',658,,80085,3,,,1,145,,80086,3,,,1,100,,80087,3,,,1,100,,80088,3,,,1,102,,80089,3,,,1,100,,80090,3,,,1,101,,80091,3,,,1,100,,80092,3,,,1,100,,80093,3,,,1,102,,80094,3,,,1,100,,80095,3,,,1,100,,80096,3,,,1,96,,80097,3,,,1,100,,80098,3,,,1,100,,80099,3,,,1,100,,80100,3,,,1,101,,80101,3,,,1,101,,80102,3,,,1,100,,80103,3,,,1
3100,'Samedi-10',658,,66103,3,,,1,145,,66104,3,,,1,100,,66105,3,,,1,100,,66106,3,,,1,102,,66107,3,,,1,100,,66108,3,,,1,101,,66109,3,,,1,100,,66110,3,,,1,100,,66111,3,,,1,102,,66112,3,,,1,100,,66113,3,,,1,100,,66114,3,,,1,96,,66115,3,,,1,100,,66116,3,,,1,100,,66117,3,,,1,100,,66118,3,,,1,101,,66119,3,,,1,101,,66120,3,,,1,100,,66121,3,,,1
3100,'Dimanche-1',658,,80108,3,,,1,145,,80110,3,,,1,100,,80109,3,,,1,100,,80117,3,,,1,102,,80112,3,,,1,100,,80104,3,,,1,101,,80107,3,,,1,100,,80106,3,,,1,100,,80105,3,,,1,102,,80111,3,,,1,100,,80113,3,,,1,100,,80114,3,,,1,96,,80116,3,,,1,100,,80115,3,,,1,100,,80118,3,,,1,100,,80119,3,,,1,101,,80120,3,,,1,101,,80121,3,,,1,100,,80122,3,,,1
3100,'Semaine-1',603,,80127,3,,,1,42,,80160,3,,,1,61,,80140,3,,,1,21,,80128,3,,,1,15,,80165,3,,,1,61,,80162,3,,,1,21,,80124,3,,,1,18,,80137,3,,,1,63,,80138,3,,,1,9,,80129,3,,,1,24,,80131,3,,,1,20,,80148,3,,,1,67,,80149,3,,,1,31,,80130,3,,,1,70,,80135,3,,,1,30,,80154,3,,,1,70,,80151,3,,,1,17,,80132,3,,,1,13,,80125,3,,,1,59,,80159,3,,,1,20,,80163,3,,,1,18,,80150,3,,,1,69,,80133,3,,,1,21,,80153,3,,,1,9,,80155,3,,,1,75,,80161,3,,,1,24,,80152,3,,,1,58,,80134,3,,,1,19,,80145,3,,,1,23,,80147,3,,,1,62,,80136,3,,,1,17,,80123,3,,,1,15,,80126,3,,,1,11,,80157,3,,,1,69,,80164,3,,,1,12,,80142,3,,,1,20,,80158,3,,,1,146,,80143,3,,,1,100,,80139,3,,,1,100,,80144,3,,,1,100,,80146,3,,,1,100,,80156,3,,,1,100,,80141,3,,,1
3100,'Semaine-12',603,,80170,3,,,1,42,,80203,3,,,1,61,,80183,3,,,1,21,,80171,3,,,1,15,,80208,3,,,1,61,,80205,3,,,1,21,,80167,3,,,1,18,,80180,3,,,1,63,,80181,3,,,1,9,,80172,3,,,1,24,,80174,3,,,1,20,,80191,3,,,1,67,,80192,3,,,1,31,,80173,3,,,1,70,,80178,3,,,1,30,,80197,3,,,1,70,,80194,3,,,1,17,,80175,3,,,1,13,,80168,3,,,1,59,,80202,3,,,1,20,,80206,3,,,1,18,,80193,3,,,1,69,,80176,3,,,1,21,,80196,3,,,1,9,,80198,3,,,1,75,,80204,3,,,1,24,,80195,3,,,1,58,,80177,3,,,1,19,,80188,3,,,1,23,,80190,3,,,1,62,,80179,3,,,1,17,,80166,3,,,1,15,,80169,3,,,1,11,,80200,3,,,1,69,,80207,3,,,1,12,,80185,3,,,1,20,,80201,3,,,1,146,,80186,3,,,1,100,,80182,3,,,1,100,,80187,3,,,1,100,,80189,3,,,1,100,,80199,3,,,1,100,,80184,3,,,1
3200,'Semaine-1',613,,80376,3,,,1,31,,80375,3,,,1,71,,80371,3,,,1,30,,80373,3,,,1,70,,80372,3,,,2,30,,80374,3,,,1,70,,80347,3,,,2,30,,80342,3,,,1,70,,80343,3,,,2,30,,80354,3,,,1,70,,80348,3,,,1,30,,80334,3,,,1,70,,80335,3,,,1,30,,80346,3,,,1,70,,80349,3,,,1,30,,80355,3,,,1,70,,80336,3,,,1,29,,80381,3,,,1,14,,80333,3,,,2,52,,80363,3,,,1,10,,80353,3,,,1,11,,80359,3,,,2,10,,80360,3,,,1,10,,80378,3,,,1,50,,80379,3,,,1,10,,80380,3,,,2,13,,80377,3,,,2,7,,80350,3,,,1,10,,80361,3,,,1,10,,80369,3,,,2,50,,80362,3,,,2,10,,80339,3,,,1,10,,80370,3,,,1,10,,80356,3,,,2,10,,80358,3,,,1,10,,80357,3,,,1,61,,80351,3,,,2,25,,80345,3,,,1,70,,80340,3,,,1,30,,80337,3,,,2,70,,80352,3,,,2,30,,80344,3,,,1,73,,80341,3,,,1,27,,80338,3,,,2,70,,80364,3,,,1,29,,80365,3,,,1,70,,80366,3,,,1,30,,80367,3,,,1,70,,80368,3,,,1
3200,'Semaine-12',613,,80425,3,,,1,31,,80424,3,,,1,71,,80420,3,,,1,30,,80422,3,,,1,70,,80421,3,,,2,30,,80423,3,,,1,70,,80396,3,,,2,30,,80391,3,,,1,70,,80392,3,,,2,30,,80403,3,,,1,70,,80397,3,,,1,30,,80383,3,,,1,70,,80384,3,,,1,30,,80395,3,,,1,70,,80398,3,,,1,30,,80404,3,,,1,70,,80385,3,,,1,29,,80430,3,,,1,14,,80382,3,,,2,52,,80412,3,,,1,10,,80402,3,,,1,11,,80408,3,,,2,10,,80409,3,,,1,10,,80427,3,,,1,50,,80428,3,,,1,10,,80429,3,,,2,13,,80426,3,,,2,7,,80399,3,,,1,10,,80410,3,,,1,10,,80418,3,,,2,50,,80411,3,,,2,10,,80388,3,,,1,10,,80419,3,,,1,10,,80405,3,,,2,10,,80407,3,,,1,10,,80406,3,,,1,61,,80400,3,,,2,25,,80394,3,,,1,70,,80389,3,,,1,30,,80386,3,,,2,70,,80401,3,,,2,30,,80393,3,,,1,73,,80390,3,,,1,27,,80387,3,,,2,70,,80413,3,,,1,29,,80414,3,,,1,70,,80415,3,,,1,30,,80416,3,,,1,70,,80417,3,,,1
3300,'Samedi-1',736,,80535,3,,,1,100,,80536,3,,,1,100,,80537,3,,,1,100,,80538,3,,,1,100,,80539,3,,,1,100,,80540,3,,,1,100,,80541,3,,,1,100,,80542,3,,,1,100,,80543,3,,,1,100,,80544,3,,,1,100,,80545,3,,,1,100,,80546,3,,,1,100,,80547,3,,,1,100,,80548,3,,,1,100,,80549,3,,,1,100,,80550,3,,,1,100,,80551,3,,,1,100,,80552,3,,,1
3300,'Samedi-10',736,,66888,3,,,1,100,,66889,3,,,1,100,,66890,3,,,1,100,,66891,3,,,1,100,,66892,3,,,1,100,,66893,3,,,1,100,,66894,3,,,1,100,,66895,3,,,1,100,,66896,3,,,1,100,,66897,3,,,1,100,,66898,3,,,1,100,,66899,3,,,1,100,,66900,3,,,1,100,,66901,3,,,1,100,,66902,3,,,1,100,,66903,3,,,1,100,,66904,3,,,1,100,,66905,3,,,1
3300,'Dimanche-1',736,,80554,3,,,1,100,,80559,3,,,1,100,,80565,3,,,1,100,,80556,3,,,1,100,,80558,3,,,1,100,,80555,3,,,1,100,,80557,3,,,1,100,,80553,3,,,1,100,,80561,3,,,1,100,,80560,3,,,1,100,,80563,3,,,1,100,,80562,3,,,1,100,,80564,3,,,1,100,,80566,3,,,1,100,,80567,3,,,1,100,,80568,3,,,1,100,,80569,3,,,1,100,,80570,3,,,1
3300,'Semaine-1',610,,80596,3,,,1,20,,80595,3,,,1,17,,80602,3,,,1,74,,80575,3,,,1,13,,80589,3,,,1,20,,80597,3,,,1,56,,80610,3,,,1,17,,80603,3,,,1,28,,80587,3,,,1,69,,80605,3,,,1,32,,80590,3,,,1,78,,80580,3,,,1,21,,80599,3,,,1,60,,80585,3,,,1,20,,80592,3,,,1,20,,80581,3,,,1,62,,80607,3,,,1,18,,80588,3,,,1,20,,80609,3,,,1,72,,80594,3,,,1,29,,80582,3,,,1,60,,80604,3,,,1,20,,80600,3,,,1,17,,80593,3,,,1,63,,80572,3,,,1,21,,80584,3,,,1,12,,80591,3,,,1,55,,80608,3,,,1,17,,80606,3,,,1,25,,80601,3,,,1,60,,80579,3,,,1,20,,80578,3,,,1,17,,80583,3,,,1,58,,80571,3,,,1,18,,80576,3,,,1,81,,80611,3,,,1,33,,80586,3,,,1,100,,80577,3,,,1,102,,80573,3,,,1,100,,80598,3,,,2,100,,80612,3,,,1,103,,80574,3,,,1
3300,'Semaine-12',610,,80638,3,,,1,20,,80637,3,,,1,17,,80644,3,,,1,74,,80617,3,,,1,13,,80631,3,,,1,20,,80639,3,,,1,56,,80652,3,,,1,17,,80645,3,,,1,28,,80629,3,,,1,69,,80647,3,,,1,32,,80632,3,,,1,78,,80622,3,,,1,21,,80641,3,,,1,60,,80627,3,,,1,20,,80634,3,,,1,20,,80623,3,,,1,62,,80649,3,,,1,18,,80630,3,,,1,20,,80651,3,,,1,72,,80636,3,,,1,29,,80624,3,,,1,60,,80646,3,,,1,20,,80642,3,,,1,17,,80635,3,,,1,63,,80614,3,,,1,21,,80626,3,,,1,12,,80633,3,,,1,55,,80650,3,,,1,17,,80648,3,,,1,25,,80643,3,,,1,60,,80621,3,,,1,20,,80620,3,,,1,17,,80625,3,,,1,58,,80613,3,,,1,18,,80618,3,,,1,81,,80653,3,,,1,33,,80628,3,,,1,100,,80619,3,,,1,102,,80615,3,,,1,100,,80640,3,,,2,100,,80654,3,,,1,103,,80616,3,,,1
3400,'Samedi-1',720,,80773,3,,,1,100,,80778,3,,,1,30,,80774,3,,,1,70,,80780,3,,,1,30,,80781,3,,,1,70,,80775,3,,,1,30,,80776,3,,,1,70,,80777,3,,,1,30,,80779,3,,,1,70,,80782,3,,,1,30,,80784,3,,,1,70,,80783,3,,,1,30,,80785,3,,,1,70,,80786,3,,,1,30,,80787,3,,,1,70,,80788,3,,,1,30,,80789,3,,,1,70,,80790,3,,,1,30,,80791,3,,,1,70,,80792,3,,,1,30,,80793,3,,,1,70,,80794,3,,,1,30,,80795,3,,,1,69,,80796,3,,,1,31,,80797,3,,,1,70,,80798,3,,,1,30,,80799,3,,,1,70,,80800,3,,,1,30,,80801,3,,,1,70,,80803,3,,,1,30,,80802,3,,,1,70,,80805,3,,,1,30,,80804,3,,,1,69,,80806,3,,,1
3400,'Samedi-10',720,,67369,3,,,1,100,,67374,3,,,1,30,,67370,3,,,1,70,,67376,3,,,1,30,,67377,3,,,1,70,,67371,3,,,1,30,,67372,3,,,1,70,,67373,3,,,1,30,,67375,3,,,1,70,,67378,3,,,1,30,,67380,3,,,1,70,,67379,3,,,1,30,,67381,3,,,1,70,,67382,3,,,1,30,,67383,3,,,1,70,,67384,3,,,1,30,,67385,3,,,1,70,,67386,3,,,1,30,,67387,3,,,1,70,,67388,3,,,1,30,,67389,3,,,1,70,,67390,3,,,1,30,,67391,3,,,1,69,,67392,3,,,1,31,,67393,3,,,1,70,,67394,3,,,1,30,,67395,3,,,1,70,,67396,3,,,1,30,,67397,3,,,1,70,,67399,3,,,1,30,,67398,3,,,1,70,,67401,3,,,1,30,,67400,3,,,1,69,,67402,3,,,1
3400,'Dimanche-1',720,,80811,3,,,1,100,,80831,3,,,1,30,,80813,3,,,1,70,,80817,3,,,1,30,,80810,3,,,1,70,,80818,3,,,1,30,,80809,3,,,1,70,,80808,3,,,1,30,,80821,3,,,1,70,,80812,3,,,1,30,,80815,3,,,1,70,,80814,3,,,1,30,,80807,3,,,1,70,,80823,3,,,1,30,,80819,3,,,1,70,,80820,3,,,1,30,,80816,3,,,1,70,,80827,3,,,1,30,,80826,3,,,1,70,,80824,3,,,1,30,,80822,3,,,1,70,,80825,3,,,1,30,,80830,3,,,1,69,,80828,3,,,1,31,,80829,3,,,1,70,,80832,3,,,1,30,,80833,3,,,1,70,,80834,3,,,1,30,,80835,3,,,1,70,,80836,3,,,1,30,,80837,3,,,1,70,,80839,3,,,1,30,,80838,3,,,1,69,,80840,3,,,1
3400,'Semaine-1',559,,80871,3,,,1,67,,80856,3,,,1,31,,80850,3,,,1,73,,80854,3,,,1,70,,80845,3,,,2,30,,80865,3,,,1,70,,80851,3,,,1,30,,80841,3,,,1,70,,80846,3,,,1,30,,80847,3,,,1,70,,80852,3,,,1,30,,80842,3,,,1,70,,80872,3,,,1,30,,80848,3,,,1,70,,80853,3,,,1,30,,80843,3,,,1,70,,80869,3,,,1,30,,80844,3,,,1,23,,80870,3,,,1,349,,80868,3,,,1,20,,80857,3,,,1,30,,80849,3,,,1,70,,80861,3,,,1,30,,80867,3,,,1,71,,80858,3,,,1,29,,80860,3,,,1,70,,80862,3,,,1,30,,80855,3,,,1,70,,80864,3,,,1,30,,80859,3,,,1,69,,80863,3,,,1,30,,80866,3,,,1
3400,'Semaine-12',559,,80903,3,,,1,67,,80888,3,,,1,31,,80882,3,,,1,73,,80886,3,,,1,70,,80877,3,,,2,30,,80897,3,,,1,70,,80883,3,,,1,30,,80873,3,,,1,70,,80878,3,,,1,30,,80879,3,,,1,70,,80884,3,,,1,30,,80874,3,,,1,70,,80904,3,,,1,30,,80880,3,,,1,70,,80885,3,,,1,30,,80875,3,,,1,70,,80901,3,,,1,30,,80876,3,,,1,23,,80902,3,,,1,349,,80900,3,,,1,20,,80889,3,,,1,30,,80881,3,,,1,70,,80893,3,,,1,30,,80899,3,,,1,71,,80890,3,,,1,29,,80892,3,,,1,70,,80894,3,,,1,30,,80887,3,,,1,70,,80896,3,,,1,30,,80891,3,,,1,69,,80895,3,,,1,30,,80898,3,,,1
3500,'Semaine-1',622,,81054,10,0,15 16,1,78,,81029,10,0,15 16,2,23,,81039,10,0,15 16,1,23,,81057,10,0,15 16,1,55,,81047,10,0,15 16,1,20,,81062,10,0,15 16,1,20,,81059,10,0,15 16,1,63,,81052,10,0,15 16,1,21,,81058,10,0,15 16,1,30,,81037,10,0,15 16,1,66,,81050,10,0,15 16,1,34,,81031,10,0,15 16,1,68,,81035,10,0,15 16,1,30,,81045,10,0,15 16,2,72,,81030,10,0,15 16,1,30,,81040,10,0,15 16,1,70,,81061,10,0,15 16,2,30,,81048,10,0,15 16,1,70,,81032,10,0,15 16,2,31,,81044,10,,,2,70,,81046,10,0,15 16,1,18,,81038,3,0,15 16,1,59,,81049,10,,,1,13,,81043,3,0,15 16,1,18,,81053,10,,,1,68,,81055,10,0,15 16,1,31,,81036,10,,,1,24,,81034,10,0,15 16,1,68,,81063,10,,,1,27,,81051,10,0,15 16,1,70,,81041,3,0,15 16,1,30,,81042,10,,,1,100,,81056,10,,,1,100,,81060,10,,,1,100,,81033,10,0,15 16,1
3500,'Semaine-12',622,,81089,10,0,15 16,1,78,,81064,10,0,15 16,2,23,,81074,10,0,15 16,1,23,,81092,10,0,15 16,1,55,,81082,10,0,15 16,1,20,,81097,10,0,15 16,1,20,,81094,10,0,15 16,1,63,,81087,10,0,15 16,1,21,,81093,10,0,15 16,1,30,,81072,10,0,15 16,1,66,,81085,10,0,15 16,1,34,,81066,10,0,15 16,1,68,,81070,10,0,15 16,1,30,,81080,10,0,15 16,2,72,,81065,10,0,15 16,1,30,,81075,10,0,15 16,1,70,,81096,10,0,15 16,2,30,,81083,10,0,15 16,1,70,,81067,10,0,15 16,2,31,,81079,10,,,2,70,,81081,10,0,15 16,1,18,,81073,3,0,15 16,1,59,,81084,10,,,1,13,,81078,3,0,15 16,1,18,,81088,10,,,1,68,,81090,10,0,15 16,1,31,,81071,10,,,1,24,,81069,10,0,15 16,1,68,,81098,10,,,1,27,,81086,10,0,15 16,1,70,,81076,3,0,15 16,1,30,,81077,10,,,1,100,,81091,10,,,1,100,,81095,10,,,1,100,,81068,10,0,15 16,1
3600,'Semaine-1',849,,81164,3,,,1,100,,81165,3,,,1,100,,81163,3,,,1,100,,81166,3,,,1,100,,81168,3,,,1,100,,81169,3,,,1,99,,81167,3,,,1
3600,'Semaine-12',849,,81171,3,,,1,100,,81172,3,,,1,100,,81170,3,,,1,100,,81173,3,,,1,100,,81175,3,,,1,100,,81176,3,,,1,99,,81174,3,,,1
3700,'Samedi-1',713,,81191,3,,,1,100,,81192,3,,,1,100,,81194,3,,,1,100,,81195,3,,,1,100,,81193,3,,,1,100,,81196,3,,,1,100,,81197,3,,,1,100,,81198,3,,,1,100,,81199,3,,,1,100,,81200,3,,,1,100,,81201,3,,,1,100,,81202,3,,,1,100,,81203,3,,,1,100,,81204,3,,,1,100,,81205,3,,,1,100,,81206,3,,,1,100,,81207,3,,,1,100,,81208,3,,,1
3700,'Samedi-10',713,,68178,3,,,1,100,,68179,3,,,1,100,,68181,3,,,1,100,,68182,3,,,1,100,,68180,3,,,1,100,,68183,3,,,1,100,,68184,3,,,1,100,,68185,3,,,1,100,,68186,3,,,1,100,,68187,3,,,1,100,,68188,3,,,1,100,,68189,3,,,1,100,,68190,3,,,1,100,,68191,3,,,1,100,,68192,3,,,1,100,,68193,3,,,1,100,,68194,3,,,1,100,,68195,3,,,1
3700,'Dimanche-1',713,,81211,3,,,1,100,,81214,3,,,1,100,,81216,3,,,1,100,,81212,3,,,1,100,,81209,3,,,1,100,,81213,3,,,1,100,,81210,3,,,1,100,,81215,3,,,1,100,,81217,3,,,1,100,,81219,3,,,1,100,,81218,3,,,1,100,,81222,3,,,1,100,,81221,3,,,1,100,,81220,3,,,1,100,,81223,3,,,1,100,,81224,3,,,1,100,,81225,3,,,1,100,,81226,3,,,1
3700,'Semaine-1',629,,81248,3,,,1,81,,81254,3,,,1,33,,81245,3,,,1,66,,81229,3,,,1,31,,81243,3,,,1,89,,81235,3,,,1,100,,81231,3,,,1,100,,81232,3,,,1,100,,81233,3,,,1,100,,81234,3,,,1,100,,81240,3,,,1,85,,81241,3,,,1,16,,81242,3,,,1,15,,81228,3,,,1,55,,81250,3,,,1,25,,81237,3,,,1,30,,81246,3,,,1,64,,81236,3,,,1,30,,81230,3,,,1,70,,81227,3,,,1,30,,81238,3,,,1,70,,81253,3,,,1,29,,81244,3,,,1,76,,81255,3,,,1,100,,81251,3,,,1,100,,81239,3,,,1,100,,81249,3,,,1,99,,81252,3,,,1,15,,81247,3,,,1
3700,'Semaine-12',629,,81277,3,,,1,81,,81283,3,,,1,33,,81274,3,,,1,66,,81258,3,,,1,31,,81272,3,,,1,89,,81264,3,,,1,100,,81260,3,,,1,100,,81261,3,,,1,100,,81262,3,,,1,100,,81263,3,,,1,100,,81269,3,,,1,85,,81270,3,,,1,16,,81271,3,,,1,15,,81257,3,,,1,55,,81279,3,,,1,25,,81266,3,,,1,30,,81275,3,,,1,64,,81265,3,,,1,30,,81259,3,,,1,70,,81256,3,,,1,30,,81267,3,,,1,70,,81282,3,,,1,29,,81273,3,,,1,76,,81284,3,,,1,100,,81280,3,,,1,100,,81268,3,,,1,100,,81278,3,,,1,99,,81281,3,,,1,15,,81276,3,,,1
3800,'Samedi-1',728,,81376,3,,,1,30,,81369,3,,,1,60,,81370,3,,,1,40,,81381,3,,,1,69,,81373,3,,,1,31,,81371,3,,,1,68,,81382,3,,,1,32,,81374,3,,,1,68,,81380,3,,,1,31,,81372,3,,,1,67,,81375,3,,,1,35,,81379,3,,,1,66,,81377,3,,,1,34,,81378,3,,,1,70,,81383,3,,,1,30,,81384,3,,,1,70,,81385,3,,,1,29,,81386,3,,,1,61,,81387,3,,,1,40,,81388,3,,,1,70,,81389,3,,,1,30,,81390,3,,,1,70,,81391,3,,,1,30,,81392,3,,,1,71,,81393,3,,,1,29,,81394,3,,,1,69,,81396,3,,,1,30,,81395,3,,,1,70,,81398,3,,,1,30,,81397,3,,,1,70,,81399,3,,,1,30,,81400,3,,,1,70,,81401,3,,,1
3800,'Samedi-10',728,,68572,3,,,1,30,,68565,3,,,1,60,,68566,3,,,1,40,,68577,3,,,1,69,,68569,3,,,1,31,,68567,3,,,1,68,,68578,3,,,1,32,,68570,3,,,1,68,,68576,3,,,1,31,,68568,3,,,1,67,,68571,3,,,1,35,,68575,3,,,1,66,,68573,3,,,1,34,,68574,3,,,1,70,,68579,3,,,1,30,,68580,3,,,1,70,,68581,3,,,1,29,,68582,3,,,1,61,,68583,3,,,1,40,,68584,3,,,1,70,,68585,3,,,1,30,,68586,3,,,1,70,,68587,3,,,1,30,,68588,3,,,1,71,,68589,3,,,1,29,,68590,3,,,1,69,,68592,3,,,1,30,,68591,3,,,1,70,,68594,3,,,1,30,,68593,3,,,1,70,,68595,3,,,1,30,,68596,3,,,1,70,,68597,3,,,1
3800,'Dimanche-1',728,,81405,3,,,1,30,,81410,3,,,1,60,,81413,3,,,1,40,,81411,3,,,1,69,,81404,3,,,1,31,,81426,3,,,1,68,,81403,3,,,1,32,,81406,3,,,1,68,,81427,3,,,1,31,,81425,3,,,1,67,,81407,3,,,1,35,,81417,3,,,1,66,,81414,3,,,1,34,,81408,3,,,1,70,,81412,3,,,1,30,,81419,3,,,1,70,,81402,3,,,1,29,,81409,3,,,1,61,,81416,3,,,1,40,,81421,3,,,1,70,,81415,3,,,1,30,,81423,3,,,1,70,,81420,3,,,1,30,,81424,3,,,1,71,,81422,3,,,1,29,,81418,3,,,1,69,,81428,3,,,1,30,,81429,3,,,1,70,,81430,3,,,1,30,,81431,3,,,1,70,,81432,3,,,1,30,,81433,3,,,1,70,,81434,3,,,1
3800,'Semaine-1',639,,81451,3,,,1,19,,81467,3,,,1,71,,81462,3,,,1,30,,81475,3,,,1,70,,81472,3,,,1,30,,81448,3,,,1,60,,81444,3,,,1,20,,81455,3,,,1,20,,81440,3,,,1,60,,81464,3,,,1,20,,81449,3,,,1,20,,81445,3,,,1,60,,81456,3,,,1,20,,81441,3,,,1,20,,81463,3,,,1,60,,81474,3,,,1,20,,81446,3,,,1,20,,81457,3,,,1,60,,81465,3,,,1,20,,81476,3,,,1,20,,81450,3,,,1,60,,81447,3,,,1,20,,81458,3,,,1,70,,81471,3,,,1,31,,81436,3,,,1,70,,81460,3,,,1,35,,81469,3,,,1,64,,81459,3,,,1,31,,81473,3,,,1,69,,81439,3,,,1,30,,81470,3,,,1,69,,81453,3,,,1,31,,81461,3,,,1,72,,81466,3,,,1,28,,81468,3,,,1,70,,81452,3,,,1,30,,81438,3,,,1,70,,81454,3,,,1,30,,81442,3,,,1,70,,81437,3,,,1,30,,81435,3,,,1,70,,81443,3,,,1
3800,'Semaine-12',639,,81493,3,,,1,19,,81509,3,,,1,71,,81504,3,,,1,30,,81517,3,,,1,70,,81514,3,,,1,30,,81490,3,,,1,60,,81486,3,,,1,20,,81497,3,,,1,20,,81482,3,,,1,60,,81506,3,,,1,20,,81491,3,,,1,20,,81487,3,,,1,60,,81498,3,,,1,20,,81483,3,,,1,20,,81505,3,,,1,60,,81516,3,,,1,20,,81488,3,,,1,20,,81499,3,,,1,60,,81507,3,,,1,20,,81518,3,,,1,20,,81492,3,,,1,60,,81489,3,,,1,20,,81500,3,,,1,70,,81513,3,,,1,31,,81478,3,,,1,70,,81502,3,,,1,35,,81511,3,,,1,64,,81501,3,,,1,31,,81515,3,,,1,69,,81481,3,,,1,30,,81512,3,,,1,69,,81495,3,,,1,31,,81503,3,,,1,72,,81508,3,,,1,28,,81510,3,,,1,70,,81494,3,,,1,30,,81480,3,,,1,70,,81496,3,,,1,30,,81484,3,,,1,70,,81479,3,,,1,30,,81477,3,,,1,70,,81485,3,,,1
5500,'Samedi-1',648,,82390,3,,,1,70,,82387,3,,,1,30,,82388,3,,,1,70,,82391,3,,,1,30,,82389,3,,,1,70,,82396,3,,,1,30,,82393,3,,,1,70,,82394,3,,,1,30,,82399,3,,,1,70,,82398,3,,,1,30,,82392,3,,,1,70,,82395,3,,,1,30,,82397,3,,,1,70,,82400,3,,,1,30,,82401,3,,,1,70,,82402,3,,,1,30,,82403,3,,,1,70,,82404,3,,,1,30,,82405,3,,,1,70,,82406,3,,,1,30,,82407,3,,,1,70,,82408,3,,,1,30,,82409,3,,,1,70,,82410,3,,,1,30,,82412,3,,,1,70,,82411,3,,,1,30,,82413,3,,,1,70,,82415,3,,,1,30,,82414,3,,,1,70,,82416,3,,,1,30,,82417,3,,,1,70,,82420,3,,,1,30,,82422,3,,,1,70,,82419,3,,,1,30,,82418,3,,,1,70,,82421,3,,,1
5500,'Samedi-10',648,,70650,3,,,1,70,,70647,3,,,1,30,,70648,3,,,1,70,,70651,3,,,1,30,,70649,3,,,1,70,,70656,3,,,1,30,,70653,3,,,1,70,,70654,3,,,1,30,,70659,3,,,1,70,,70658,3,,,1,30,,70652,3,,,1,70,,70655,3,,,1,30,,70657,3,,,1,70,,70660,3,,,1,30,,70661,3,,,1,70,,70662,3,,,1,30,,70663,3,,,1,70,,70664,3,,,1,30,,70665,3,,,1,70,,70666,3,,,1,30,,70667,3,,,1,70,,70668,3,,,1,30,,70669,3,,,1,70,,70670,3,,,1,30,,70672,3,,,1,70,,70671,3,,,1,30,,70673,3,,,1,70,,70675,3,,,1,30,,70674,3,,,1,70,,70676,3,,,1,30,,70677,3,,,1,70,,70680,3,,,1,30,,70682,3,,,1,70,,70679,3,,,1,30,,70678,3,,,1,70,,70681,3,,,1
5500,'Dimanche-1',648,,82427,3,,,1,70,,82432,3,,,1,30,,82424,3,,,1,70,,82429,3,,,1,30,,82426,3,,,1,70,,82423,3,,,1,30,,82434,3,,,1,70,,82428,3,,,1,30,,82425,3,,,1,70,,82437,3,,,1,30,,82433,3,,,1,70,,82438,3,,,1,30,,82431,3,,,1,70,,82430,3,,,1,30,,82436,3,,,1,70,,82441,3,,,1,30,,82435,3,,,1,70,,82440,3,,,1,30,,82443,3,,,1,70,,82447,3,,,1,30,,82442,3,,,1,70,,82448,3,,,1,30,,82439,3,,,1,70,,82445,3,,,1,30,,82446,3,,,1,70,,82449,3,,,1,30,,82444,3,,,1,70,,82450,3,,,1,30,,82452,3,,,1,70,,82451,3,,,1,30,,82453,3,,,1,70,,82455,3,,,1,30,,82456,3,,,1,70,,82454,3,,,1,30,,82457,3,,,1,70,,82458,3,,,1
5500,'Semaine-1',620,,82461,3,,,1,99,,82477,3,,,1,29,,82460,3,,,1,99,,82496,3,,,1,70,,82497,3,,,1,30,,82466,3,,,1,70,,82476,3,,,1,30,,82480,3,,,1,70,,82502,3,,,1,30,,82462,3,,,1,70,,82501,3,,,1,30,,82479,3,,,1,70,,82494,3,,,1,30,,82488,3,,,1,62,,82495,3,,,1,15,,82481,3,,,1,14,,82459,3,,,1,12,,82500,3,,,1,56,,82470,3,,,1,15,,82503,3,,,1,14,,82491,3,,,1,10,,82463,3,,,1,13,,82474,3,,,1,58,,82506,3,,,1,9,,82499,3,,,1,11,,82465,3,,,1,11,,82482,3,,,1,12,,82475,3,,,1,52,,82504,3,,,1,13,,82489,3,,,1,10,,82469,3,,,1,12,,82464,3,,,1,10,,82505,3,,,1,51,,82473,3,,,1,13,,82468,3,,,1,10,,82478,3,,,1,70,,82493,3,,,1,30,,82498,3,,,1,70,,82485,3,,,1,30,,82471,3,,,1,70,,82492,3,,,1,30,,82483,3,,,1,70,,82486,3,,,1,30,,82472,3,,,1,70,,82487,3,,,1,30,,82484,3,,,1,29,,82467,3,,,1,70,,82490,3,,,1
5500,'Semaine-12',620,,82509,3,,,1,99,,82525,3,,,1,29,,82508,3,,,1,99,,82544,3,,,1,70,,82545,3,,,1,30,,82514,3,,,1,70,,82524,3,,,1,30,,82528,3,,,1,70,,82550,3,,,1,30,,82510,3,,,1,70,,82549,3,,,1,30,,82527,3,,,1,70,,82542,3,,,1,30,,82536,3,,,1,62,,82543,3,,,1,15,,82529,3,,,1,14,,82507,3,,,1,12,,82548,3,,,1,56,,82518,3,,,1,15,,82551,3,,,1,14,,82539,3,,,1,10,,82511,3,,,1,13,,82522,3,,,1,58,,82554,3,,,1,9,,82547,3,,,1,11,,82513,3,,,1,11,,82530,3,,,1,12,,82523,3,,,1,52,,82552,3,,,1,13,,82537,3,,,1,10,,82517,3,,,1,12,,82512,3,,,1,10,,82553,3,,,1,51,,82521,3,,,1,13,,82516,3,,,1,10,,82526,3,,,1,70,,82541,3,,,1,30,,82546,3,,,1,70,,82533,3,,,1,30,,82519,3,,,1,70,,82540,3,,,1,30,,82531,3,,,1,70,,82534,3,,,1,30,,82520,3,,,1,70,,82535,3,,,1,30,,82532,3,,,1,29,,82515,3,,,1,70,,82538,3,,,1
5900,'Samedi-1',703,,82779,3,,,1,30,,82782,3,,,1,70,,82775,3,,,1,30,,82781,3,,,1,70,,82778,3,,,1,30,,82783,3,,,1,70,,82787,3,,,1,30,,82788,3,,,1,70,,82777,3,,,1,30,,82776,3,,,1,71,,82786,3,,,1,30,,82780,3,,,1,70,,82784,3,,,1,30,,82789,3,,,1,70,,82785,3,,,1,30,,82790,3,,,1,70,,82791,3,,,1,30,,82792,3,,,1,70,,82793,3,,,1,30,,82794,3,,,1,70,,82795,3,,,1,30,,82796,3,,,1,69,,82797,3,,,1,30,,82798,3,,,1,70,,82799,3,,,1,30,,82801,3,,,1,70,,82800,3,,,1,30,,82803,3,,,1,70,,82802,3,,,1,29,,82804,3,,,1,71,,82805,3,,,1,30,,82807,3,,,1,70,,82806,3,,,1,30,,82808,3,,,1
5900,'Samedi-10',703,,71438,3,,,1,30,,71441,3,,,1,70,,71434,3,,,1,30,,71440,3,,,1,70,,71437,3,,,1,30,,71442,3,,,1,70,,71446,3,,,1,30,,71447,3,,,1,70,,71436,3,,,1,30,,71435,3,,,1,71,,71445,3,,,1,30,,71439,3,,,1,70,,71443,3,,,1,30,,71448,3,,,1,70,,71444,3,,,1,30,,71449,3,,,1,70,,71450,3,,,1,30,,71451,3,,,1,70,,71452,3,,,1,30,,71453,3,,,1,70,,71454,3,,,1,30,,71455,3,,,1,69,,71456,3,,,1,30,,71457,3,,,1,70,,71458,3,,,1,30,,71460,3,,,1,70,,71459,3,,,1,30,,71462,3,,,1,70,,71461,3,,,1,29,,71463,3,,,1,71,,71464,3,,,1,30,,71466,3,,,1,70,,71465,3,,,1,30,,71467,3,,,1
5900,'Dimanche-1',703,,82814,3,,,1,30,,82813,3,,,1,70,,82809,3,,,1,30,,82818,3,,,1,70,,82824,3,,,1,30,,82815,3,,,1,70,,82822,3,,,1,30,,82817,3,,,1,70,,82823,3,,,1,30,,82810,3,,,1,71,,82821,3,,,1,30,,82811,3,,,1,70,,82819,3,,,1,30,,82825,3,,,1,70,,82812,3,,,1,30,,82816,3,,,1,70,,82820,3,,,1,30,,82829,3,,,1,70,,82830,3,,,1,30,,82827,3,,,1,70,,82832,3,,,1,30,,82828,3,,,1,69,,82834,3,,,1,30,,82826,3,,,1,70,,82831,3,,,1,30,,82835,3,,,1,70,,82833,3,,,1,30,,82836,3,,,1,70,,82837,3,,,1,29,,82838,3,,,1,71,,82839,3,,,1,30,,82841,3,,,1,70,,82840,3,,,1,30,,82842,3,,,1
5900,'Semaine-1',549,,82850,3,,,1,95,,82885,3,,,1,86,,82890,3,,,1,88,,82866,3,,,1,84,,82862,3,,,1,30,,82883,3,,,1,70,,82859,3,,,1,30,,82882,3,,,1,70,,82873,3,,,1,30,,82867,3,,,1,70,,82875,3,,,1,30,,82858,3,,,1,70,,82886,3,,,1,30,,82849,3,,,1,70,,82880,3,,,1,14,,82851,3,,,1,16,,82884,3,,,1,69,,82844,3,,,1,14,,82888,3,,,1,15,,82843,3,,,1,8,,82878,3,,,1,14,,82874,3,,,1,53,,82861,3,,,1,13,,82845,3,,,1,12,,82846,3,,,1,12,,82854,3,,,1,12,,82881,3,,,1,52,,82870,3,,,1,11,,82857,3,,,1,12,,82879,3,,,1,12,,82865,3,,,1,12,,82877,3,,,1,49,,82847,3,,,1,12,,82852,3,,,1,31,,82872,3,,,1,70,,82863,3,,,1,30,,82868,3,,,1,70,,82856,3,,,1,30,,82864,3,,,1,70,,82869,3,,,1,30,,82876,3,,,1,70,,82853,3,,,1,30,,82871,3,,,1,70,,82860,3,,,1,30,,82848,3,,,1,70,,82855,3,,,1
5900,'Semaine-12',549,,82898,3,,,1,95,,82933,3,,,1,86,,82938,3,,,1,88,,82914,3,,,1,84,,82910,3,,,1,30,,82931,3,,,1,70,,82907,3,,,1,30,,82930,3,,,1,70,,82921,3,,,1,30,,82915,3,,,1,70,,82923,3,,,1,30,,82906,3,,,1,70,,82934,3,,,1,30,,82897,3,,,1,70,,82928,3,,,1,14,,82899,3,,,1,16,,82932,3,,,1,69,,82892,3,,,1,14,,82936,3,,,1,15,,82891,3,,,1,8,,82926,3,,,1,14,,82922,3,,,1,53,,82909,3,,,1,13,,82893,3,,,1,12,,82894,3,,,1,12,,82902,3,,,1,12,,82929,3,,,1,52,,82918,3,,,1,11,,82905,3,,,1,12,,82927,3,,,1,12,,82913,3,,,1,12,,82925,3,,,1,49,,82895,3,,,1,12,,82900,3,,,1,31,,82920,3,,,1,70,,82911,3,,,1,30,,82916,3,,,1,70,,82904,3,,,1,30,,82912,3,,,1,70,,82917,3,,,1,30,,82924,3,,,1,70,,82901,3,,,1,30,,82919,3,,,1,70,,82908,3,,,1,30,,82896,3,,,1,70,,82903,3,,,1
6700,'Samedi-1',705,,83839,3,,,1,100,,83838,3,,,1,100,,83837,3,,,1,30,,83833,3,,,1,70,,83841,3,,,1,30,,83834,3,,,1,70,,83835,3,,,1,31,,83840,3,,,1,70,,83845,3,,,1,30,,83836,3,,,1,69,,83844,3,,,1,31,,83842,3,,,1,70,,83843,3,,,1,30,,83846,3,,,1,70,,83847,3,,,1,30,,83848,3,,,1,70,,83849,3,,,1,30,,83850,3,,,1,70,,83851,3,,,1,30,,83852,3,,,1,70,,83853,3,,,1,29,,83854,3,,,1,70,,83855,3,,,1,30,,83856,3,,,1,100,,83860,3,,,1,100,,83857,3,,,1,100,,83858,3,,,1,100,,83859,3,,,1
6700,'Samedi-10',705,,73543,3,,,1,100,,73542,3,,,1,100,,73541,3,,,1,30,,73537,3,,,1,70,,73545,3,,,1,30,,73538,3,,,1,70,,73539,3,,,1,31,,73544,3,,,1,70,,73549,3,,,1,30,,73540,3,,,1,69,,73548,3,,,1,31,,73546,3,,,1,70,,73547,3,,,1,30,,73550,3,,,1,70,,73551,3,,,1,30,,73552,3,,,1,70,,73553,3,,,1,30,,73554,3,,,1,70,,73555,3,,,1,30,,73556,3,,,1,70,,73557,3,,,1,29,,73558,3,,,1,70,,73559,3,,,1,30,,73560,3,,,1,100,,73564,3,,,1,100,,73561,3,,,1,100,,73562,3,,,1,100,,73563,3,,,1
6700,'Dimanche-1',705,,83867,3,,,1,100,,83863,3,,,1,100,,83862,3,,,1,30,,83868,3,,,1,70,,83871,3,,,1,30,,83873,3,,,1,70,,83877,3,,,1,31,,83876,3,,,1,70,,83861,3,,,1,30,,83865,3,,,1,69,,83864,3,,,1,31,,83869,3,,,1,70,,83874,3,,,1,30,,83875,3,,,1,70,,83870,3,,,1,30,,83866,3,,,1,70,,83872,3,,,1,30,,83881,3,,,1,70,,83878,3,,,1,30,,83883,3,,,1,70,,83884,3,,,1,29,,83879,3,,,1,70,,83882,3,,,1,30,,83880,3,,,1,100,,83885,3,,,1,100,,83886,3,,,1,100,,83887,3,,,1,100,,83888,3,,,1
6700,'Semaine-1',603,,83897,3,,,1,31,,83891,3,,,1,70,,83899,3,,,1,22,,83908,3,,,1,21,,83892,3,,,1,58,,83917,3,,,1,29,,83902,3,,,1,70,,83910,3,,,1,20,,83900,3,,,1,19,,83920,3,,,1,60,,83918,3,,,1,21,,83905,3,,,2,20,,83921,3,,,1,60,,83911,3,,,1,20,,83914,3,,,1,20,,83922,3,,,1,60,,83919,3,,,1,20,,83906,3,,,1,20,,83923,3,,,1,60,,83912,3,,,1,20,,83915,3,,,1,20,,83924,3,,,1,60,,83904,3,,,1,20,,83907,3,,,1,20,,83925,3,,,1,365,,83927,3,,,1,15,,83901,3,,,1,20,,83926,3,,,1,59,,83909,3,,,1,30,,83889,3,,,1,72,,83913,3,,,1,28,,83893,3,,,2,70,,83916,3,,,2,30,,83890,3,,,1,70,,83898,3,,,1,30,,83894,3,,,2,73,,83903,3,,,1,27,,83896,3,,,1,70,,83895,3,,,2
6700,'Semaine-12',603,,83936,3,,,1,31,,83930,3,,,1,70,,83938,3,,,1,22,,83947,3,,,1,21,,83931,3,,,1,58,,83956,3,,,1,29,,83941,3,,,1,70,,83949,3,,,1,20,,83939,3,,,1,19,,83959,3,,,1,60,,83957,3,,,1,21,,83944,3,,,2,20,,83960,3,,,1,60,,83950,3,,,1,20,,83953,3,,,1,20,,83961,3,,,1,60,,83958,3,,,1,20,,83945,3,,,1,20,,83962,3,,,1,60,,83951,3,,,1,20,,83954,3,,,1,20,,83963,3,,,1,60,,83943,3,,,1,20,,83946,3,,,1,20,,83964,3,,,1,365,,83966,3,,,1,15,,83940,3,,,1,20,,83965,3,,,1,59,,83948,3,,,1,30,,83928,3,,,1,72,,83952,3,,,1,28,,83932,3,,,2,70,,83955,3,,,2,30,,83929,3,,,1,70,,83937,3,,,1,30,,83933,3,,,2,73,,83942,3,,,1,27,,83935,3,,,1,70,,83934,3,,,2
8500,'Semaine-1',1511,,85418,3,,,1,16,,85413,3,,,2,15,,85410,3,,,1,15,,85419,3,,,2,56,,85409,3,,,1,15,,85412,3,,,1,16,,85417,3,,,1,15,,85415,3,,,1,60,,85414,3,,,2,21,,85411,3,,,1,19,,85416,3,,,2
8500,'Semaine-12',1511,,85429,3,,,1,16,,85424,3,,,2,15,,85421,3,,,1,15,,85430,3,,,2,56,,85420,3,,,1,15,,85423,3,,,1,16,,85428,3,,,1,15,,85426,3,,,1,60,,85425,3,,,2,21,,85422,3,,,1,19,,85427,3,,,2
8700,'Semaine-1',1504,,85460,7,,,1,16,,85459,7,,,2,15,,85452,7,,,1,15,,85454,7,,,2,55,,85451,7,,,1,18,,85461,7,,,1,12,,85457,7,,,1,15,,85458,7,,,2,59,,85453,7,,,1,20,,85456,7,,,1,20,,85455,7,,,1
8700,'Semaine-12',1504,,85471,7,,,1,16,,85470,7,,,2,15,,85463,7,,,1,15,,85465,7,,,2,55,,85462,7,,,1,18,,85472,7,,,1,12,,85468,7,,,1,15,,85469,7,,,2,59,,85464,7,,,1,20,,85467,7,,,1,20,,85466,7,,,1
20000,'Semaine-1',1503,,85767,3,,,1,5,,85768,3,,,1,8,,85791,3,,,1,5,,85769,3,,,1,5,,85770,3,,,1,5,,85796,3,,,1,5,,85771,3,,,1,5,,85773,3,,,1,5,,85774,3,,,1,5,,85775,3,,,1,5,,85777,3,,,1,45,,85778,3,,,1,5,,85772,3,,,1,5,,85795,3,,,1,5,,85776,3,,,1,7,,85779,3,,,1,4,,85780,3,,,1,5,,85781,3,,,1,4,,85782,3,,,1,5,,85794,3,,,1,5,,85783,3,,,1,5,,85792,3,,,1,5,,85784,3,,,1,45,,85785,3,,,1,5,,85787,3,,,1,5,,85786,3,,,1,5,,85788,3,,,1,5,,85789,3,,,1,5,,85790,3,,,1,5,,85793,3,,,1
20000,'Semaine-12',1503,,85797,3,,,1,5,,85798,3,,,1,8,,85821,3,,,1,5,,85799,3,,,1,5,,85800,3,,,1,5,,85826,3,,,1,5,,85801,3,,,1,5,,85803,3,,,1,5,,85804,3,,,1,5,,85805,3,,,1,5,,85807,3,,,1,45,,85808,3,,,1,5,,85802,3,,,1,5,,85825,3,,,1,5,,85806,3,,,1,7,,85809,3,,,1,4,,85810,3,,,1,5,,85811,3,,,1,4,,85812,3,,,1,5,,85824,3,,,1,5,,85813,3,,,1,5,,85822,3,,,1,5,,85814,3,,,1,45,,85815,3,,,1,5,,85817,3,,,1,5,,85816,3,,,1,5,,85818,3,,,1,5,,85819,3,,,1,5,,85820,3,,,1,5,,85823,3,,,1
37100,'Samedi-1',743,,85916,3,,,1,100,,85920,3,,,1,100,,85915,3,,,1,100,,85921,3,,,1,100,,85917,3,,,1,100,,85918,3,,,1,100,,85919,3,,,1,100,,85922,3,,,1,100,,85923,3,,,1,100,,85924,3,,,1,100,,85925,3,,,1,100,,85926,3,,,1,100,,85927,3,,,1,100,,85928,3,,,1,100,,85929,3,,,1,100,,85930,3,,,1,100,,85931,3,,,1
37100,'Samedi-10',743,,77442,3,,,1,100,,77446,3,,,1,100,,77441,3,,,1,100,,77447,3,,,1,100,,77443,3,,,1,100,,77444,3,,,1,100,,77445,3,,,1,100,,77448,3,,,1,100,,77449,3,,,1,100,,77450,3,,,1,100,,77451,3,,,1,100,,77452,3,,,1,100,,77453,3,,,1,100,,77454,3,,,1,100,,77455,3,,,1,100,,77456,3,,,1,100,,77457,3,,,1
37100,'Dimanche-1',743,,85932,3,,,1,100,,85934,3,,,1,100,,85936,3,,,1,100,,85937,3,,,1,100,,85944,3,,,1,100,,85933,3,,,1,100,,85938,3,,,1,100,,85935,3,,,1,100,,85940,3,,,1,100,,85942,3,,,1,100,,85943,3,,,1,100,,85941,3,,,1,100,,85939,3,,,1,100,,85945,3,,,1,100,,85946,3,,,1,100,,85947,3,,,1,100,,85948,3,,,1
37100,'Semaine-1',649,,85962,3,,,1,71,,85959,3,,,1,30,,85955,3,,,1,69,,85950,3,,,1,90,,85969,3,,,1,100,,85954,3,,,1,100,,85956,3,,,1,100,,85968,3,,,1,100,,85963,3,,,1,100,,85952,3,,,1,50,,85964,3,,,1,59,,85973,3,,,1,16,,85953,3,,,1,15,,85974,3,,,1,66,,85949,3,,,1,20,,85958,3,,,1,69,,85965,3,,,1,25,,85971,3,,,1,30,,85970,3,,,1,70,,85960,3,,,1,30,,85972,3,,,1,70,,85975,3,,,1,30,,85961,3,,,1,95,,85957,3,,,1,100,,85967,3,,,1,100,,85966,3,,,1,100,,85951,3,,,1
37100,'Semaine-12',649,,85989,3,,,1,71,,85986,3,,,1,30,,85982,3,,,1,69,,85977,3,,,1,90,,85996,3,,,1,100,,85981,3,,,1,100,,85983,3,,,1,100,,85995,3,,,1,100,,85990,3,,,1,100,,85979,3,,,1,50,,85991,3,,,1,59,,86000,3,,,1,16,,85980,3,,,1,15,,86001,3,,,1,66,,85976,3,,,1,20,,85985,3,,,1,69,,85992,3,,,1,25,,85998,3,,,1,30,,85997,3,,,1,70,,85987,3,,,1,30,,85999,3,,,1,70,,86002,3,,,1,30,,85988,3,,,1,95,,85984,3,,,1,100,,85994,3,,,1,100,,85993,3,,,1,100,,85978,3,,,1
40000,'Samedi-1',557,,86087,3,,,1,60,,86088,3,,,1,15,,86091,3,,,1,15,,86096,3,,,1,55,,86105,3,,,1,15,,86106,3,,,1,15,,86089,3,,,1,15,,86093,3,,,1,55,,86090,3,,,1,15,,86114,3,,,1,15,,86092,3,,,1,15,,86095,3,,,1,55,,86094,3,,,1,15,,86097,3,,,1,15,,86115,3,,,1,15,,86113,3,,,1,55,,86116,3,,,1,15,,86098,3,,,1,15,,86100,3,,,1,15,,86103,3,,,1,55,,86104,3,,,1,15,,86099,3,,,1,15,,86110,3,,,1,15,,86112,3,,,1,55,,86117,3,,,1,15,,86102,3,,,1,15,,86101,3,,,1,15,,86107,3,,,1,56,,86108,3,,,1,15,,86109,3,,,1,15,,86118,3,,,1,15,,86111,3,,,1,55,,86119,3,,,1,15,,86120,3,,,1,15,,86121,3,,,1,15,,86122,3,,,1,55,,86123,3,,,1,15,,86124,3,,,1,15,,86125,3,,,1,15,,86126,3,,,1,55,,86127,3,,,1,15,,86128,3,,,1,15,,86129,3,,,1,15,,86130,3,,,1,55,,86131,3,,,1,15,,86132,3,,,1,15,,86133,3,,,1,15,,86134,3,,,1,55,,86140,3,,,1,15,,86135,3,,,1,15,,86136,3,,,1,15,,86137,3,,,1,54,,86138,3,,,1,16,,86139,3,,,1,14,,86143,3,,,1,15,,86141,3,,,1,55,,86142,3,,,1,15,,86147,3,,,1,15,,86146,3,,,1,16,,86145,3,,,1,54,,86144,3,,,1,16,,86151,3,,,1,14,,86148,3,,,1,15,,86149,3,,,1,55,,86150,3,,,1,15,,86158,3,,,1,16,,86153,3,,,1,15,,86152,3,,,1,54,,86154,3,,,1,16,,86155,3,,,1,14,,86156,3,,,1,16,,86157,3,,,1,54,,86159,3,,,1
40000,'Samedi-10',557,,77857,3,,,1,60,,77858,3,,,1,15,,77861,3,,,1,15,,77866,3,,,1,55,,77875,3,,,1,15,,77876,3,,,1,15,,77859,3,,,1,15,,77863,3,,,1,55,,77860,3,,,1,15,,77884,3,,,1,15,,77862,3,,,1,15,,77865,3,,,1,55,,77864,3,,,1,15,,77867,3,,,1,15,,77885,3,,,1,15,,77883,3,,,1,55,,77886,3,,,1,15,,77868,3,,,1,15,,77870,3,,,1,15,,77873,3,,,1,55,,77874,3,,,1,15,,77869,3,,,1,15,,77880,3,,,1,15,,77882,3,,,1,55,,77887,3,,,1,15,,77872,3,,,1,15,,77871,3,,,1,15,,77877,3,,,1,56,,77878,3,,,1,15,,77879,3,,,1,15,,77888,3,,,1,15,,77881,3,,,1,55,,77889,3,,,1,15,,77890,3,,,1,15,,77891,3,,,1,15,,77892,3,,,1,55,,77893,3,,,1,15,,77894,3,,,1,15,,77895,3,,,1,15,,77896,3,,,1,55,,77897,3,,,1,15,,77898,3,,,1,15,,77899,3,,,1,15,,77900,3,,,1,55,,77901,3,,,1,15,,77902,3,,,1,15,,77903,3,,,1,15,,77904,3,,,1,55,,77910,3,,,1,15,,77905,3,,,1,15,,77906,3,,,1,15,,77907,3,,,1,54,,77908,3,,,1,16,,77909,3,,,1,14,,77913,3,,,1,15,,77911,3,,,1,55,,77912,3,,,1,15,,77917,3,,,1,15,,77916,3,,,1,16,,77915,3,,,1,54,,77914,3,,,1,16,,77921,3,,,1,14,,77918,3,,,1,15,,77919,3,,,1,55,,77920,3,,,1,15,,77928,3,,,1,16,,77923,3,,,1,15,,77922,3,,,1,54,,77924,3,,,1,16,,77925,3,,,1,14,,77926,3,,,1,16,,77927,3,,,1,54,,77929,3,,,1
40000,'Dimanche-1',557,,86160,3,,,1,60,,86161,3,,,1,15,,86169,3,,,1,15,,86181,3,,,1,55,,86183,3,,,1,15,,86164,3,,,1,15,,86171,3,,,1,15,,86170,3,,,1,55,,86162,3,,,1,15,,86163,3,,,1,15,,86172,3,,,1,15,,86180,3,,,1,55,,86182,3,,,1,15,,86165,3,,,1,15,,86175,3,,,1,15,,86174,3,,,1,55,,86189,3,,,1,15,,86190,3,,,1,15,,86186,3,,,1,15,,86201,3,,,1,55,,86194,3,,,1,15,,86185,3,,,1,15,,86200,3,,,1,15,,86173,3,,,1,55,,86188,3,,,1,15,,86191,3,,,1,15,,86179,3,,,1,15,,86202,3,,,1,56,,86195,3,,,1,15,,86176,3,,,1,15,,86184,3,,,1,15,,86177,3,,,1,55,,86187,3,,,1,15,,86196,3,,,1,15,,86178,3,,,1,15,,86166,3,,,1,55,,86192,3,,,1,15,,86167,3,,,1,15,,86199,3,,,1,15,,86168,3,,,1,55,,86208,3,,,1,15,,86197,3,,,1,15,,86212,3,,,1,15,,86206,3,,,1,55,,86193,3,,,1,15,,86210,3,,,1,15,,86198,3,,,1,15,,86214,3,,,1,55,,86207,3,,,1,15,,86215,3,,,1,15,,86211,3,,,1,15,,86216,3,,,1,54,,86203,3,,,1,16,,86209,3,,,1,14,,86204,3,,,1,15,,86213,3,,,1,55,,86205,3,,,1,15,,86217,3,,,1,15,,86218,3,,,1,16,,86220,3,,,1,54,,86219,3,,,1,16,,86222,3,,,1,14,,86221,3,,,1,15,,86223,3,,,1,55,,86224,3,,,1,15,,86229,3,,,1,16,,86225,3,,,1,15,,86227,3,,,1,54,,86226,3,,,1,16,,86228,3,,,1,14,,86231,3,,,1,16,,86230,3,,,1,54,,86232,3,,,1
40000,'Semaine-1',533,,86233,3,,,1,15,,86239,3,,,1,55,,86262,3,,,1,14,,86277,3,,,1,16,,86267,3,,,1,15,,86325,3,,,1,9,,86297,3,,,1,50,,86249,3,,,1,10,,86296,3,,,1,17,,86291,3,,,1,13,,86292,3,,,1,10,,86247,3,,,1,52,,86269,3,,,1,12,,86271,3,,,1,12,,86318,3,,,1,12,,86288,3,,,1,12,,86242,3,,,1,53,,86251,3,,,1,9,,86237,3,,,1,10,,86240,3,,,1,10,,86293,3,,,1,10,,86259,3,,,1,10,,86272,3,,,1,50,,86265,3,,,1,10,,86266,3,,,1,10,,86298,3,,,1,10,,86278,3,,,1,10,,86289,3,,,1,51,,86243,3,,,1,9,,86252,3,,,1,10,,86241,3,,,1,11,,86319,3,,,1,9,,86294,3,,,1,10,,86260,3,,,1,10,,86273,3,,,1,51,,86264,3,,,1,10,,86256,3,,,1,9,,86285,3,,,1,11,,86268,3,,,1,4,,86279,3,,,1,5,,86290,3,,,1,51,,86244,3,,,1,10,,86254,3,,,1,10,,86246,3,,,1,10,,86236,3,,,1,10,,86295,3,,,1,10,,86276,3,,,1,50,,86274,3,,,1,6,,86286,3,,,1,6,,86263,3,,,1,6,,86255,3,,,1,6,,86303,3,,,1,6,,86304,3,,,1,4,,86305,3,,,1,6,,86306,3,,,1,2,,86307,3,,,1,8,,86317,3,,,1,5,,86323,3,,,1,2,,86308,3,,,1,278,,86309,3,,,1,5,,86310,3,,,1,5,,86311,3,,,1,5,,86312,3,,,1,5,,86324,3,,,1,45,,86313,3,,,1,8,,86314,3,,,1,8,,86315,3,,,1,12,,86316,3,,,1,12,,86280,3,,,1,12,,86281,3,,,1,52,,86275,3,,,1,12,,86301,3,,,1,12,,86284,3,,,1,12,,86270,3,,,1,12,,86248,3,,,1,52,,86320,3,,,1,12,,86253,3,,,1,13,,86321,3,,,1,11,,86261,3,,,1,12,,86282,3,,,1,52,,86322,3,,,1,14,,86258,3,,,1,14,,86302,3,,,1,15,,86300,3,,,1,55,,86245,3,,,1,15,,86234,3,,,1,15,,86250,3,,,1,15,,86283,3,,,1,55,,86257,3,,,1,15,,86287,3,,,1,15,,86299,3,,,1,15,,86238,3,,,1,55,,86235,3,,,1
40000,'Semaine-12',533,,86326,3,,,1,15,,86332,3,,,1,55,,86355,3,,,1,14,,86370,3,,,1,16,,86360,3,,,1,15,,86418,3,,,1,9,,86390,3,,,1,50,,86342,3,,,1,10,,86389,3,,,1,17,,86384,3,,,1,13,,86385,3,,,1,10,,86340,3,,,1,52,,86362,3,,,1,12,,86364,3,,,1,12,,86411,3,,,1,12,,86381,3,,,1,12,,86335,3,,,1,53,,86344,3,,,1,9,,86330,3,,,1,10,,86333,3,,,1,10,,86386,3,,,1,10,,86352,3,,,1,10,,86365,3,,,1,50,,86358,3,,,1,10,,86359,3,,,1,10,,86391,3,,,1,10,,86371,3,,,1,10,,86382,3,,,1,51,,86336,3,,,1,9,,86345,3,,,1,10,,86334,3,,,1,11,,86412,3,,,1,9,,86387,3,,,1,10,,86353,3,,,1,10,,86366,3,,,1,51,,86357,3,,,1,10,,86349,3,,,1,9,,86378,3,,,1,11,,86361,3,,,1,4,,86372,3,,,1,5,,86383,3,,,1,51,,86337,3,,,1,10,,86347,3,,,1,10,,86339,3,,,1,10,,86329,3,,,1,10,,86388,3,,,1,10,,86369,3,,,1,50,,86367,3,,,1,6,,86379,3,,,1,6,,86356,3,,,1,6,,86348,3,,,1,6,,86396,3,,,1,6,,86397,3,,,1,4,,86398,3,,,1,6,,86399,3,,,1,2,,86400,3,,,1,8,,86410,3,,,1,5,,86416,3,,,1,2,,86401,3,,,1,278,,86402,3,,,1,5,,86403,3,,,1,5,,86404,3,,,1,5,,86405,3,,,1,5,,86417,3,,,1,45,,86406,3,,,1,8,,86407,3,,,1,8,,86408,3,,,1,12,,86409,3,,,1,12,,86373,3,,,1,12,,86374,3,,,1,52,,86368,3,,,1,12,,86394,3,,,1,12,,86377,3,,,1,12,,86363,3,,,1,12,,86341,3,,,1,52,,86413,3,,,1,12,,86346,3,,,1,13,,86414,3,,,1,11,,86354,3,,,1,12,,86375,3,,,1,52,,86415,3,,,1,14,,86351,3,,,1,14,,86395,3,,,1,15,,86393,3,,,1,55,,86338,3,,,1,15,,86327,3,,,1,15,,86343,3,,,1,15,,86376,3,,,1,55,,86350,3,,,1,15,,86380,3,,,1,15,,86392,3,,,1,15,,86331,3,,,1,55,,86328,3,,,1
