2301,'Semaine-1',634,,79986,25,,,1,70,,79983,25,,,2,32,,79987,25,,,1,75,,79985,25,,,2,25,,79984,25,,,1
2301,'Semaine-12',634,,79991,25,,,1,70,,79988,25,,,2,32,,79992,25,,,1,75,,79990,25,,,2,25,,79989,25,,,1
2501,'Semaine-1',617,,80009,32,,,2,29,,80008,32,,,1,73,,80006,32,,,1,36,,80007,32,,,2,69,,80010,32,,,1,29,,80005,32,,,2
2501,'Semaine-12',617,,80015,32,,,2,29,,80014,32,,,1,73,,80012,32,,,1,36,,80013,32,,,2,69,,80016,32,,,1,29,,80011,32,,,2
9301,'Semaine-1',646,,85514,50,,,2,60,,85512,50,,,1,21,,85511,50,,,1,76,,85515,50,,,1,30,,85513,50,,,2
9301,'Semaine-12',646,,85519,50,,,2,60,,85517,50,,,1,21,,85516,50,,,1,76,,85520,50,,,1,30,,85518,50,,,2
9401,'Semaine-1',609,,85521,40,,,1
9401,'Semaine-12',609,,85522,40,,,1
9501,'Semaine-1',638,,85547,63,,,1,15,,85543,63,,,1,53,,85545,63,,,1,20,,85550,63,,,1,17,,85546,63,,,2,57,,85548,63,,,2,14,,85549,63,,,2,16,,85544,63,,,2
9501,'Semaine-12',638,,85555,63,,,1,15,,85551,63,,,1,53,,85553,63,,,1,20,,85558,63,,,1,17,,85554,63,,,2,57,,85556,63,,,2,14,,85557,63,,,2,16,,85552,63,,,2
9801,'Semaine-1',553,,85699,53,,,2,50,,85700,53,,,1,10,,85701,53,,,1
9801,'Semaine-12',553,,85702,53,,,2,50,,85703,53,,,1,10,,85704,53,,,1
10001,'Semaine-1',630,,85741,12,,,1,10,,85739,12,,,1,10,,85738,12,,,1,50,,85737,12,,,1,9,,85740,12,,,1,11,,85742,12,,,1,10,,85743,12,,,1,10,,85744,12,,,1,9,,85745,12,,,1,51,,85746,12,,,1,14,,85747,12,,,1,10,,85748,12,,,1,9,,85749,12,,,1,8,,85750,12,,,1,10,,85751,12,,,1
10001,'Semaine-12',630,,85756,12,,,1,10,,85754,12,,,1,10,,85753,12,,,1,50,,85752,12,,,1,9,,85755,12,,,1,11,,85757,12,,,1,10,,85758,12,,,1,10,,85759,12,,,1,9,,85760,12,,,1,51,,85761,12,,,1,14,,85762,12,,,1,10,,85763,12,,,1,9,,85764,12,,,1,8,,85765,12,,,1,10,,85766,12,,,1
72501,'Semaine-1',835,,86869,32,0,5 11,2
72501,'Semaine-12',835,,86870,32,0,5 11,2
80401,'Semaine-12',1730,,87111,11,,,1
