6700,'Samedi-1',725,,83839,27,,,1,101,,83838,27,,,1,100,,83837,27,,,1,31,,83833,27,,,1,70,,83841,27,,,1,30,,83834,27,,,1,70,,83835,27,,,1,31,,83840,27,,,1,70,,83845,27,,,1,30,,83836,27,,,1,69,,83844,27,,,1,31,,83842,27,,,1,70,,83843,27,,,1,72,,83846,27,,,1,30,,83847,27,,,1,70,,83848,27,,,1,30,,83849,27,,,1,28,,83850,27,,,1,70,,83851,27,,,1,30,,83852,27,,,1,70,,83853,27,,,1,30,,83854,27,,,1,69,,83855,27,,,1,30,,83856,27,,,1,100,,83860,27,,,1,100,,83857,27,,,1,100,,83858,27,,,1,99,,83859,27,,,1
6700,'Samedi-10',725,,73543,27,,,1,101,,73542,27,,,1,100,,73541,27,,,1,31,,73537,27,,,1,70,,73545,27,,,1,30,,73538,27,,,1,70,,73539,27,,,1,31,,73544,27,,,1,70,,73549,27,,,1,30,,73540,27,,,1,69,,73548,27,,,1,31,,73546,27,,,1,70,,73547,27,,,1,72,,73550,27,,,1,30,,73551,27,,,1,70,,73552,27,,,1,30,,73553,27,,,1,28,,73554,27,,,1,70,,73555,27,,,1,30,,73556,27,,,1,70,,73557,27,,,1,30,,73558,27,,,1,69,,73559,27,,,1,30,,73560,27,,,1,100,,73564,27,,,1,100,,73561,27,,,1,100,,73562,27,,,1,99,,73563,27,,,1
6700,'Dimanche-1',725,,83867,27,,,1,101,,83863,27,,,1,100,,83862,27,,,1,31,,83868,27,,,1,70,,83871,27,,,1,30,,83873,27,,,1,70,,83877,27,,,1,31,,83876,27,,,1,70,,83861,27,,,1,30,,83865,27,,,1,69,,83864,27,,,1,31,,83869,27,,,1,70,,83874,27,,,1,72,,83875,27,,,1,30,,83870,27,,,1,70,,83866,27,,,1,30,,83872,27,,,1,28,,83881,27,,,1,70,,83878,27,,,1,30,,83883,27,,,1,70,,83884,27,,,1,30,,83879,27,,,1,69,,83882,27,,,1,30,,83880,27,,,1,100,,83885,27,,,1,100,,83886,27,,,1,100,,83887,27,,,1,99,,83888,27,,,1
6700,'Semaine-1',626,,83897,27,,,1,30,,83891,27,,,1,72,,83899,27,,,1,22,,83908,27,,,1,61,,83892,27,,,1,18,,83917,27,,,1,29,,83902,27,,,1,68,,83910,27,,,1,20,,83900,27,,,1,59,,83920,27,,,1,20,,83918,27,,,1,21,,83905,27,,,2,60,,83921,27,,,1,20,,83911,27,,,1,20,,83914,27,,,1,60,,83922,27,,,1,20,,83919,27,,,1,20,,83906,27,,,1,60,,83923,27,,,1,20,,83912,27,,,1,20,,83915,27,,,1,60,,83924,27,,,1,22,,83904,27,,,1,20,,83907,27,,,1,62,,83925,27,,,1,325,,83927,27,,,1,15,,83901,27,,,1,56,,83926,27,,,1,19,,83909,27,,,1,30,,83889,27,,,1,72,,83913,27,,,1,28,,83893,27,,,2,70,,83916,27,,,2,30,,83890,27,,,1,70,,83898,27,,,1,30,,83894,27,,,2,71,,83903,27,,,1,26,,83896,27,,,1,69,,83895,27,,,2
6700,'Semaine-12',626,,83936,27,,,1,30,,83930,27,,,1,72,,83938,27,,,1,22,,83947,27,,,1,61,,83931,27,,,1,18,,83956,27,,,1,29,,83941,27,,,1,68,,83949,27,,,1,20,,83939,27,,,1,59,,83959,27,,,1,20,,83957,27,,,1,21,,83944,27,,,2,60,,83960,27,,,1,20,,83950,27,,,1,20,,83953,27,,,1,60,,83961,27,,,1,20,,83958,27,,,1,20,,83945,27,,,1,60,,83962,27,,,1,20,,83951,27,,,1,20,,83954,27,,,1,60,,83963,27,,,1,22,,83943,27,,,1,20,,83946,27,,,1,62,,83964,27,,,1,325,,83966,27,,,1,15,,83940,27,,,1,56,,83965,27,,,1,19,,83948,27,,,1,30,,83928,27,,,1,72,,83952,27,,,1,28,,83932,27,,,2,70,,83955,27,,,2,30,,83929,27,,,1,70,,83937,27,,,1,30,,83933,27,,,2,71,,83942,27,,,1,26,,83935,27,,,1,69,,83934,27,,,2
8500,'Semaine-1',1535,,85418,21,,,1,16,,85413,21,,,2,55,,85410,21,,,1,17,,85419,21,,,2,14,,85409,21,,,1,14,,85412,21,,,1,57,,85417,21,,,1,14,,85415,21,,,1,18,,85414,21,,,2,61,,85411,21,,,1,17,,85416,21,,,2
8500,'Semaine-12',1535,,85429,21,,,1,16,,85424,21,,,2,55,,85421,21,,,1,17,,85430,21,,,2,14,,85420,21,,,1,14,,85423,21,,,1,57,,85428,21,,,1,14,,85426,21,,,1,18,,85425,21,,,2,61,,85422,21,,,1,17,,85427,21,,,2
8700,'Semaine-1',1529,,85460,25,,,1,16,,85459,25,,,2,55,,85452,25,,,1,15,,85454,25,,,2,16,,85451,25,,,1,18,,85461,25,,,1,52,,85457,25,,,1,13,,85458,25,,,2,19,,85453,25,,,1,17,,85456,25,,,1,59,,85455,25,,,1
8700,'Semaine-12',1529,,85471,25,,,1,16,,85470,25,,,2,55,,85463,25,,,1,15,,85465,25,,,2,16,,85462,25,,,1,18,,85472,25,,,1,52,,85468,25,,,1,13,,85469,25,,,2,19,,85464,25,,,1,17,,85467,25,,,1,59,,85466,25,,,1
57100,'Semaine-1',1538,,86825,25,0,5 6,1
57100,'Semaine-12',1538,,86826,25,0,5 6,1
