2701,'Semaine-1',609,,80049,4,,,1,43,,80050,4,,,1,91,,80047,4,,,1,66,,80048,4,,,2
2701,'Semaine-12',609,,80053,4,,,1,43,,80054,4,,,1,91,,80051,4,,,1,66,,80052,4,,,2
3501,'Semaine-1',646,,81130,4,,,1,75,,81123,4,,,1
3501,'Semaine-12',646,,81162,4,,,1,75,,81155,4,,,1
33100,'Semaine-1',828,,85911,26,0,7 8,1
33100,'Semaine-12',828,,85912,26,0,7 8,1
43300,'Semaine-1',1502,,86778,13,0,9 14,2
43300,'Semaine-12',1502,,86780,13,0,9 14,2
82701,'Semaine-1',747,,87130,4,0,9 12 13,2
82701,'Semaine-12',747,,87131,4,0,9 12 13,2
