3400,'Samedi-1',753,,80773,39,,,1,100,,80778,39,,,1,70,,80774,39,,,1,31,,80780,39,,,1,70,,80781,39,,,1,31,,80775,39,,,1,70,,80776,39,,,1,30,,80777,39,,,1,70,,80779,39,,,1,31,,80782,39,,,1,70,,80784,39,,,1,30,,80783,39,,,1,70,,80785,39,,,1,30,,80786,39,,,1,70,,80787,39,,,1,30,,80788,39,,,1,70,,80789,39,,,1,31,,80790,39,,,1,70,,80791,39,,,1,30,,80792,39,,,1,70,,80793,39,,,1,29,,80794,39,,,1,68,,80795,39,,,1,29,,80796,39,,,1,71,,80797,39,,,1,30,,80798,39,,,1,70,,80799,39,,,1,30,,80800,39,,,1,70,,80801,39,,,1,30,,80803,39,,,1,70,,80802,39,,,1,29,,80805,39,,,1,70,,80804,39,,,1,27,,80806,39,,,1
3400,'Samedi-10',753,,67369,39,,,1,100,,67374,39,,,1,70,,67370,39,,,1,31,,67376,39,,,1,70,,67377,39,,,1,31,,67371,39,,,1,70,,67372,39,,,1,30,,67373,39,,,1,70,,67375,39,,,1,31,,67378,39,,,1,70,,67380,39,,,1,30,,67379,39,,,1,70,,67381,39,,,1,30,,67382,39,,,1,70,,67383,39,,,1,30,,67384,39,,,1,70,,67385,39,,,1,31,,67386,39,,,1,70,,67387,39,,,1,30,,67388,39,,,1,70,,67389,39,,,1,29,,67390,39,,,1,68,,67391,39,,,1,29,,67392,39,,,1,71,,67393,39,,,1,30,,67394,39,,,1,70,,67395,39,,,1,30,,67396,39,,,1,70,,67397,39,,,1,30,,67399,39,,,1,70,,67398,39,,,1,29,,67401,39,,,1,70,,67400,39,,,1,27,,67402,39,,,1
3400,'Dimanche-1',753,,80811,39,,,1,100,,80831,39,,,1,70,,80813,39,,,1,31,,80817,39,,,1,70,,80810,39,,,1,31,,80818,39,,,1,70,,80809,39,,,1,30,,80808,39,,,1,70,,80821,39,,,1,31,,80812,39,,,1,70,,80815,39,,,1,30,,80814,39,,,1,70,,80807,39,,,1,30,,80823,39,,,1,70,,80819,39,,,1,30,,80820,39,,,1,70,,80816,39,,,1,31,,80827,39,,,1,70,,80826,39,,,1,30,,80824,39,,,1,70,,80822,39,,,1,29,,80825,39,,,1,68,,80830,39,,,1,29,,80828,39,,,1,71,,80829,39,,,1,30,,80832,39,,,1,70,,80833,39,,,1,30,,80834,39,,,1,70,,80835,39,,,1,30,,80836,39,,,1,70,,80837,39,,,1,29,,80839,39,,,1,70,,80838,39,,,1,27,,80840,39,,,1
3400,'Semaine-1',631,,80871,39,,,1,28,,80856,39,,,1,73,,80850,39,,,1,75,,80854,39,,,1,30,,80845,39,,,2,69,,80865,39,,,1,30,,80851,39,,,1,67,,80841,39,,,1,30,,80846,39,,,1,70,,80847,39,,,1,30,,80852,39,,,1,70,,80842,39,,,1,31,,80872,39,,,1,70,,80848,39,,,1,30,,80853,39,,,1,70,,80843,39,,,1,32,,80869,39,,,1,70,,80844,39,,,1,26,,80870,39,,,1,305,,80868,39,,,1,20,,80857,39,,,1,68,,80849,39,,,1,30,,80861,39,,,1,70,,80867,39,,,1,31,,80858,39,,,1,68,,80860,39,,,1,30,,80862,39,,,1,70,,80855,39,,,1,30,,80864,39,,,1,68,,80859,39,,,1,29,,80863,39,,,1,70,,80866,39,,,1
3400,'Semaine-12',631,,80903,39,,,1,28,,80888,39,,,1,73,,80882,39,,,1,75,,80886,39,,,1,30,,80877,39,,,2,69,,80897,39,,,1,30,,80883,39,,,1,67,,80873,39,,,1,30,,80878,39,,,1,70,,80879,39,,,1,30,,80884,39,,,1,70,,80874,39,,,1,31,,80904,39,,,1,70,,80880,39,,,1,30,,80885,39,,,1,70,,80875,39,,,1,32,,80901,39,,,1,70,,80876,39,,,1,26,,80902,39,,,1,305,,80900,39,,,1,20,,80889,39,,,1,68,,80881,39,,,1,30,,80893,39,,,1,70,,80899,39,,,1,31,,80890,39,,,1,68,,80892,39,,,1,30,,80894,39,,,1,70,,80887,39,,,1,30,,80896,39,,,1,68,,80891,39,,,1,29,,80895,39,,,1,70,,80898,39,,,1
3900,'Samedi-1',653,,81669,25,,,1,101,,81670,25,,,1,100,,81674,25,,,1,101,,81673,25,,,1,100,,81676,25,,,1,100,,81675,25,,,1,102,,81671,25,,,1,70,,81672,25,,,1,30,,81677,25,,,1,71,,81678,25,,,1,30,,81679,25,,,1,70,,81680,25,,,1,31,,81681,25,,,1,70,,81682,25,,,1,30,,81683,25,,,1,70,,81684,25,,,1,30,,81685,25,,,1,69,,81686,25,,,1,29,,81687,25,,,1,68,,81688,25,,,1,100,,81689,25,,,1,100,,81690,25,,,1,100,,81691,25,,,1,100,,81692,25,,,1
3900,'Samedi-10',653,,69204,25,,,1,101,,69205,25,,,1,100,,69209,25,,,1,101,,69208,25,,,1,100,,69211,25,,,1,100,,69210,25,,,1,102,,69206,25,,,1,70,,69207,25,,,1,30,,69212,25,,,1,71,,69213,25,,,1,30,,69214,25,,,1,70,,69215,25,,,1,31,,69216,25,,,1,70,,69217,25,,,1,30,,69218,25,,,1,70,,69219,25,,,1,30,,69220,25,,,1,69,,69221,25,,,1,29,,69222,25,,,1,68,,69223,25,,,1,100,,69224,25,,,1,100,,69225,25,,,1,100,,69226,25,,,1,100,,69227,25,,,1
3900,'Dimanche-1',653,,81693,25,,,1,101,,81700,25,,,1,100,,81703,25,,,1,101,,81696,25,,,1,100,,81698,25,,,1,100,,81699,25,,,1,102,,81702,25,,,1,70,,81695,25,,,1,30,,81697,25,,,1,71,,81704,25,,,1,30,,81694,25,,,1,70,,81705,25,,,1,31,,81701,25,,,1,70,,81708,25,,,1,30,,81711,25,,,1,70,,81713,25,,,1,30,,81707,25,,,1,69,,81710,25,,,1,29,,81712,25,,,1,68,,81706,25,,,1,100,,81709,25,,,1,100,,81714,25,,,1,100,,81715,25,,,1,100,,81716,25,,,1
3900,'Semaine-1',629,,81734,25,,,1,23,,81720,25,,,1,72,,81739,25,,,1,29,,81732,25,,,1,73,,81733,25,,,1,32,,81731,25,,,1,72,,81728,25,,,1,70,,81745,25,,,2,30,,81740,25,,,1,71,,81752,25,,,1,30,,81737,25,,,2,70,,81741,25,,,1,30,,81729,25,,,1,71,,81727,25,,,1,30,,81742,25,,,1,69,,81730,25,,,2,30,,81717,25,,,1,73,,81743,25,,,1,34,,81724,25,,,1,70,,81726,25,,,1,31,,81744,25,,,2,72,,81723,25,,,1,28,,81718,25,,,1,69,,81746,25,,,1,27,,81725,25,,,1,71,,81719,25,,,2,29,,81747,25,,,2,72,,81722,25,,,1,25,,81738,25,,,2,26,,81748,25,,,1,70,,81721,25,,,1,30,,81736,25,,,1,69,,81749,25,,,1,30,,81735,25,,,1,72,,81751,25,,,1,28,,81750,25,,,1
3900,'Semaine-12',629,,81770,25,,,1,23,,81756,25,,,1,72,,81775,25,,,1,29,,81768,25,,,1,73,,81769,25,,,1,32,,81767,25,,,1,72,,81764,25,,,1,70,,81781,25,,,2,30,,81776,25,,,1,71,,81788,25,,,1,30,,81773,25,,,2,70,,81777,25,,,1,30,,81765,25,,,1,71,,81763,25,,,1,30,,81778,25,,,1,69,,81766,25,,,2,30,,81753,25,,,1,73,,81779,25,,,1,34,,81760,25,,,1,70,,81762,25,,,1,31,,81780,25,,,2,72,,81759,25,,,1,28,,81754,25,,,1,69,,81782,25,,,1,27,,81761,25,,,1,71,,81755,25,,,2,29,,81783,25,,,2,72,,81758,25,,,1,25,,81774,25,,,2,26,,81784,25,,,1,70,,81757,25,,,1,30,,81772,25,,,1,69,,81785,25,,,1,30,,81771,25,,,1,72,,81787,25,,,1,28,,81786,25,,,1
32600,'Semaine-1',1642,,85903,33,0,7 8,1
32600,'Semaine-12',1642,,85904,33,0,7 8,1
63900,'Semaine-1',1529,,86833,38,0,9 10,1
63900,'Semaine-12',1529,,86834,38,0,9 10,1
82600,'Semaine-1',1545,,87121,25,0,9 12 13,1
82600,'Semaine-12',1545,,87123,25,0,9 12 13,1
