2601,'Semaine-1',547,,80028,3,,,1,71,,80030,3,,,2,30,,80031,3,,,2,70,,80029,3,,,1,30,,80027,3,,,2
2601,'Semaine-12',547,,80033,3,,,1,71,,80035,3,,,2,30,,80036,3,,,2,70,,80034,3,,,1,30,,80032,3,,,2
32601,'Semaine-1',816,,85905,19,0,7 8,1
32601,'Semaine-12',816,,85906,19,0,7 8,1
42600,'Semaine-1',720,,86759,3,0,9 14,1,1,,86760,3,0,9 14,1
42600,'Semaine-12',720,,86761,3,0,9 14,1,1,,86762,3,0,9 14,1
72901,'Semaine-1',803,,86875,3,0,5 11,2
72901,'Semaine-12',803,,86876,3,0,5 11,2
82601,'Semaine-1',740,,87124,19,0,9 12 13,1,1,,87125,19,0,9 12 13,1
82601,'Semaine-12',740,,87126,19,0,9 12 13,1,1,,87127,19,0,9 12 13,1
