2301,'Semaine-1',620,,79986,13,,,1,30,,79983,13,,,2,70,,79987,13,,,1,34,,79985,13,,,2,67,,79984,13,,,1
2301,'Semaine-12',620,,79991,13,,,1,30,,79988,13,,,2,70,,79992,13,,,1,34,,79990,13,,,2,67,,79989,13,,,1
2501,'Semaine-1',605,,80009,20,,,2,30,,80008,20,,,1,70,,80006,20,,,1,30,,80007,20,,,2,71,,80010,20,,,1,29,,80005,20,,,2
2501,'Semaine-12',605,,80015,20,,,2,30,,80014,20,,,1,70,,80012,20,,,1,30,,80013,20,,,2,71,,80016,20,,,1,29,,80011,20,,,2
2601,'Semaine-1',556,,80028,14,,,1,72,,80030,14,,,2,30,,80031,14,,,2,70,,80029,14,,,1,29,,80027,14,,,2
2601,'Semaine-12',556,,80033,14,,,1,72,,80035,14,,,2,30,,80036,14,,,2,70,,80034,14,,,1,29,,80032,14,,,2
2801,'Semaine-1',646,,80062,16,,,1,74,,80063,16,,,2,100,,80061,16,,,2
2801,'Semaine-12',646,,80065,16,,,1,74,,80066,16,,,2,100,,80064,16,,,2
3401,'Samedi-1',700,,80905,25,,,1,100,,80908,25,,,1,30,,80917,25,,,1,70,,80906,25,,,1,31,,80911,25,,,1,70,,80913,25,,,1,29,,80907,25,,,1,70,,80916,25,,,1,32,,80909,25,,,1,69,,80918,25,,,1,31,,80910,25,,,1,70,,80912,25,,,1,30,,80914,25,,,1,70,,80915,25,,,1,30,,80919,25,,,1,72,,80920,25,,,1,30,,80921,25,,,1,70,,80922,25,,,1,30,,80923,25,,,1,68,,80924,25,,,1,30,,80925,25,,,1,70,,80926,25,,,1,30,,80927,25,,,1,70,,80929,25,,,1,28,,80928,25,,,1,70,,80930,25,,,1,30,,80931,25,,,1,70,,80932,25,,,1,30,,80934,25,,,1,70,,80933,25,,,1,30,,80935,25,,,1,97,,80936,25,,,1
3401,'Samedi-10',700,,67667,25,,,1,100,,67670,25,,,1,30,,67679,25,,,1,70,,67668,25,,,1,31,,67673,25,,,1,70,,67675,25,,,1,29,,67669,25,,,1,70,,67678,25,,,1,32,,67671,25,,,1,69,,67680,25,,,1,31,,67672,25,,,1,70,,67674,25,,,1,30,,67676,25,,,1,70,,67677,25,,,1,30,,67681,25,,,1,72,,67682,25,,,1,30,,67683,25,,,1,70,,67684,25,,,1,30,,67685,25,,,1,68,,67686,25,,,1,30,,67687,25,,,1,70,,67688,25,,,1,30,,67689,25,,,1,70,,67691,25,,,1,28,,67690,25,,,1,70,,67692,25,,,1,30,,67693,25,,,1,70,,67694,25,,,1,30,,67696,25,,,1,70,,67695,25,,,1,30,,67697,25,,,1,97,,67698,25,,,1
3401,'Dimanche-1',700,,80937,25,,,1,100,,80945,25,,,1,30,,80950,25,,,1,70,,80942,25,,,1,31,,80940,25,,,1,70,,80963,25,,,1,29,,80944,25,,,1,70,,80949,25,,,1,32,,80939,25,,,1,69,,80938,25,,,1,31,,80941,25,,,1,70,,80948,25,,,1,30,,80951,25,,,1,70,,80943,25,,,1,30,,80947,25,,,1,72,,80946,25,,,1,30,,80952,25,,,1,70,,80956,25,,,1,30,,80953,25,,,1,68,,80954,25,,,1,30,,80955,25,,,1,70,,80962,25,,,1,30,,80957,25,,,1,70,,80960,25,,,1,28,,80958,25,,,1,70,,80959,25,,,1,30,,80961,25,,,1,70,,80964,25,,,1,30,,80966,25,,,1,70,,80965,25,,,1,30,,80967,25,,,1,97,,80968,25,,,1
3401,'Semaine-1',906,,80994,25,,,1,30,,80974,25,,,2,70,,80978,25,,,1,30,,80998,25,,,1,70,,80971,25,,,1,30,,80975,25,,,1,70,,80979,25,,,1,30,,80969,25,,,1,70,,80972,25,,,1,30,,80976,25,,,1,69,,80980,25,,,2,31,,80973,25,,,1,70,,80995,25,,,1,30,,80970,25,,,1,75,,80996,25,,,1,27,,80997,25,,,1,70,,80991,25,,,1,28,,80987,25,,,1,70,,80977,25,,,1,29,,80984,25,,,1,70,,80993,25,,,1,30,,80981,25,,,1,70,,80983,25,,,1,30,,80985,25,,,1,70,,80989,25,,,2,30,,80982,25,,,1,70,,80988,25,,,1,30,,80986,25,,,1,70,,80990,25,,,1,30,,80992,25,,,1
3401,'Semaine-12',906,,81024,25,,,1,30,,81004,25,,,2,70,,81008,25,,,1,30,,81028,25,,,1,70,,81001,25,,,1,30,,81005,25,,,1,70,,81009,25,,,1,30,,80999,25,,,1,70,,81002,25,,,1,30,,81006,25,,,1,69,,81010,25,,,2,31,,81003,25,,,1,70,,81025,25,,,1,30,,81000,25,,,1,75,,81026,25,,,1,27,,81027,25,,,1,70,,81021,25,,,1,28,,81017,25,,,1,70,,81007,25,,,1,29,,81014,25,,,1,70,,81023,25,,,1,30,,81011,25,,,1,70,,81013,25,,,1,30,,81015,25,,,1,70,,81019,25,,,2,30,,81012,25,,,1,70,,81018,25,,,1,30,,81016,25,,,1,70,,81020,25,,,1,30,,81022,25,,,1
4900,'Samedi-1',737,,82003,39,,,1,100,,82004,39,,,1,102,,82001,39,,,1,100,,82005,39,,,1,100,,82002,39,,,1,101,,82006,39,,,1,98,,82007,39,,,1,102,,82008,39,,,1,100,,82009,39,,,1,100,,82010,39,,,1,100,,82011,39,,,1,97,,82012,39,,,1,100,,82013,39,,,1,100,,82014,39,,,1,100,,82015,39,,,1,100,,82016,39,,,1,98,,82017,39,,,1
4900,'Samedi-10',737,,69841,39,,,1,100,,69842,39,,,1,102,,69839,39,,,1,100,,69843,39,,,1,100,,69840,39,,,1,101,,69844,39,,,1,98,,69845,39,,,1,102,,69846,39,,,1,100,,69847,39,,,1,100,,69848,39,,,1,100,,69849,39,,,1,97,,69850,39,,,1,100,,69851,39,,,1,100,,69852,39,,,1,100,,69853,39,,,1,100,,69854,39,,,1,98,,69855,39,,,1
4900,'Dimanche-1',737,,82018,39,,,1,100,,82031,39,,,1,102,,82019,39,,,1,100,,82030,39,,,1,100,,82022,39,,,1,101,,82021,39,,,1,98,,82025,39,,,1,102,,82020,39,,,1,100,,82024,39,,,1,100,,82023,39,,,1,100,,82027,39,,,1,97,,82029,39,,,1,100,,82026,39,,,1,100,,82028,39,,,1,100,,82032,39,,,1,100,,82033,39,,,1,98,,82034,39,,,1
4900,'Semaine-1',652,,82062,39,,,1,55,,82057,26,,,1,3,,82069,26,,,1,4,,82045,26,,,1,6,,82068,26,,,1,4,,82073,39,,,1,3,,82072,26,,,1,4,,82071,26,,,1,5,,82070,26,,,1,21,,82065,39,,,1,67,,82061,26,,,1,33,,82060,39,,,1,71,,82055,39,,,1,28,,82047,39,,,1,71,,82067,39,,,1,73,,82063,39,,,1,30,,82058,39,,,1,70,,82035,39,,,1,30,,82056,39,,,1,70,,82037,39,,,1,30,,82042,39,,,1,70,,82044,39,,,1,30,,82048,39,,,1,70,,82064,39,,,1,37,,82046,39,,,1,70,,82049,39,,,1,30,,82040,39,,,1,70,,82052,39,,,1,30,,82043,39,,,1,67,,82041,39,,,1,30,,82059,39,,,1,67,,82053,39,,,1,56,,82036,39,,,1,99,,82054,39,,,1,101,,82051,39,,,1,97,,82038,39,,,1,98,,82050,39,,,1,100,,82039,39,,,1
4900,'Semaine-12',652,,82101,39,,,1,55,,82096,26,,,1,3,,82108,26,,,1,4,,82084,26,,,1,6,,82107,26,,,1,4,,82112,39,,,1,3,,82111,26,,,1,4,,82110,26,,,1,5,,82109,26,,,1,21,,82104,39,,,1,67,,82100,26,,,1,33,,82099,39,,,1,71,,82094,39,,,1,28,,82086,39,,,1,71,,82106,39,,,1,73,,82102,39,,,1,30,,82097,39,,,1,70,,82074,39,,,1,30,,82095,39,,,1,70,,82076,39,,,1,30,,82081,39,,,1,70,,82083,39,,,1,30,,82087,39,,,1,70,,82103,39,,,1,37,,82085,39,,,1,70,,82088,39,,,1,30,,82079,39,,,1,70,,82091,39,,,1,30,,82082,39,,,1,67,,82080,39,,,1,30,,82098,39,,,1,67,,82092,39,,,1,56,,82075,39,,,1,99,,82093,39,,,1,101,,82090,39,,,1,97,,82077,39,,,1,98,,82089,39,,,1,100,,82078,39,,,1
32501,'Semaine-1',821,,85899,20,0,7 8,1,3,,85900,20,0,7 8,1
32501,'Semaine-12',821,,85901,20,0,7 8,1,3,,85902,20,0,7 8,1
42500,'Semaine-1',707,,86753,20,0,9 14,1,2,,86754,20,0,9 14,2
42500,'Semaine-12',707,,86755,20,0,9 14,1,2,,86756,20,0,9 14,2
72501,'Semaine-1',817,,86869,20,0,5 11,2
72501,'Semaine-12',817,,86870,20,0,5 11,2
82501,'Semaine-1',749,,87116,20,0,9 12 13,1,1,,87117,20,0,9 12 13,1
82501,'Semaine-12',749,,87118,20,0,9 12 13,1,1,,87119,20,0,9 12 13,1
