2600,'Semaine-1',1609,,80019,30,,,1,32,,80018,30,,,1,68,,80017,30,,,2,30,,80020,30,,,1,67,,80021,30,,,2
2600,'Semaine-12',1609,,80024,30,,,1,32,,80023,30,,,1,68,,80022,30,,,2,30,,80025,30,,,1,67,,80026,30,,,2
3901,'Samedi-1',629,,81789,32,,,1,100,,81791,32,,,1,100,,81795,32,,,1,101,,81794,32,,,1,100,,81797,32,,,1,100,,81796,32,,,1,102,,81792,32,,,1,70,,81790,32,,,1,30,,81798,32,,,1,71,,81793,32,,,1,30,,81799,32,,,1,70,,81800,32,,,1,31,,81801,32,,,1,70,,81802,32,,,1,30,,81803,32,,,1,70,,81804,32,,,1,30,,81805,32,,,1,69,,81806,32,,,1,29,,81807,32,,,1,69,,81808,32,,,1,100,,81809,32,,,1,100,,81810,32,,,1,100,,81811,32,,,1,100,,81812,32,,,1
3901,'Samedi-10',629,,69456,32,,,1,100,,69458,32,,,1,100,,69462,32,,,1,101,,69461,32,,,1,100,,69464,32,,,1,100,,69463,32,,,1,102,,69459,32,,,1,70,,69457,32,,,1,30,,69465,32,,,1,71,,69460,32,,,1,30,,69466,32,,,1,70,,69467,32,,,1,31,,69468,32,,,1,70,,69469,32,,,1,30,,69470,32,,,1,70,,69471,32,,,1,30,,69472,32,,,1,69,,69473,32,,,1,29,,69474,32,,,1,69,,69475,32,,,1,100,,69476,32,,,1,100,,69477,32,,,1,100,,69478,32,,,1,100,,69479,32,,,1
3901,'Dimanche-1',629,,81813,32,,,1,100,,81820,32,,,1,100,,81823,32,,,1,101,,81816,32,,,1,100,,81818,32,,,1,100,,81819,32,,,1,102,,81822,32,,,1,70,,81815,32,,,1,30,,81817,32,,,1,71,,81824,32,,,1,30,,81814,32,,,1,70,,81826,32,,,1,31,,81821,32,,,1,70,,81828,32,,,1,30,,81831,32,,,1,70,,81833,32,,,1,30,,81829,32,,,1,69,,81830,32,,,1,29,,81832,32,,,1,69,,81825,32,,,1,100,,81827,32,,,1,100,,81834,32,,,1,100,,81835,32,,,1,100,,81836,32,,,1
3901,'Semaine-1',652,,81859,32,,,1,68,,81848,32,,,1,37,,81849,32,,,1,73,,81845,32,,,1,70,,81851,32,,,1,30,,81853,32,,,2,70,,81860,32,,,1,30,,81871,32,,,1,70,,81866,32,,,2,30,,81861,32,,,1,70,,81846,32,,,1,32,,81855,32,,,1,70,,81862,32,,,1,29,,81847,32,,,2,70,,81844,32,,,1,34,,81863,32,,,1,70,,81856,32,,,1,32,,81837,32,,,1,71,,81864,32,,,2,30,,81842,32,,,1,70,,81839,32,,,1,30,,81867,32,,,1,67,,81852,32,,,1,32,,81858,32,,,2,69,,81843,32,,,2,31,,81865,32,,,1,65,,81838,32,,,2,26,,81868,32,,,1,30,,81841,32,,,1,70,,81857,32,,,1,72,,81869,32,,,1,30,,81840,32,,,1,72,,81850,32,,,1,28,,81870,32,,,1,70,,81854,32,,,1
3901,'Semaine-12',652,,81894,32,,,1,68,,81883,32,,,1,37,,81884,32,,,1,73,,81880,32,,,1,70,,81886,32,,,1,30,,81888,32,,,2,70,,81895,32,,,1,30,,81906,32,,,1,70,,81901,32,,,2,30,,81896,32,,,1,70,,81881,32,,,1,32,,81890,32,,,1,70,,81897,32,,,1,29,,81882,32,,,2,70,,81879,32,,,1,34,,81898,32,,,1,70,,81891,32,,,1,32,,81872,32,,,1,71,,81899,32,,,2,30,,81877,32,,,1,70,,81874,32,,,1,30,,81902,32,,,1,67,,81887,32,,,1,32,,81893,32,,,2,69,,81878,32,,,2,31,,81900,32,,,1,65,,81873,32,,,2,26,,81903,32,,,1,30,,81876,32,,,1,70,,81892,32,,,1,72,,81904,32,,,1,30,,81875,32,,,1,72,,81885,32,,,1,28,,81905,32,,,1,70,,81889,32,,,1
32601,'Semaine-1',814,,85905,16,0,7 8,1
32601,'Semaine-12',814,,85906,16,0,7 8,1
63901,'Semaine-1',659,,86835,7,0,9 10,1
63901,'Semaine-12',659,,86836,7,0,9 10,1
72601,'Semaine-1',1526,,86871,10,,,1
72601,'Semaine-12',1526,,86872,10,,,1
82601,'Semaine-1',738,,87124,16,0,9 12 13,1,1,,87125,16,0,9 12 13,1
82601,'Semaine-12',738,,87126,16,0,9 12 13,1,1,,87127,16,0,9 12 13,1
