2600,'Semaine-1',1556,,80019,16,,,1,72,,80018,16,,,1,28,,80017,16,,,2,70,,80020,16,,,1,27,,80021,16,,,2
2600,'Semaine-12',1556,,80024,16,,,1,72,,80023,16,,,1,28,,80022,16,,,2,70,,80025,16,,,1,27,,80026,16,,,2
2800,'Semaine-1',1554,,80055,11,,,1,82,,80056,11,,,1,91,,80057,11,,,1
2800,'Semaine-12',1554,,80058,11,,,1,82,,80059,11,,,1,91,,80060,11,,,1
2900,'Semaine-1',1547,,80070,16,,,2,75,,80069,16,,,1,32,,80067,16,,,2,65,,80071,16,,,1,30,,80068,16,,,1
2900,'Semaine-12',1547,,80075,16,,,2,75,,80074,16,,,1,32,,80072,16,,,2,65,,80076,16,,,1,30,,80073,16,,,1
3200,'Semaine-1',630,,80376,17,,,1,71,,80375,17,,,1,32,,80371,17,,,1,72,,80373,17,,,1,29,,80372,17,,,2,70,,80374,17,,,1,28,,80347,17,,,2,70,,80342,17,,,1,30,,80343,17,,,2,70,,80354,17,,,1,30,,80348,17,,,1,71,,80334,17,,,1,30,,80335,17,,,1,69,,80346,17,,,1,30,,80349,17,,,1,70,,80355,17,,,1,31,,80336,17,,,1,70,,80381,17,,,1,15,,80333,17,,,2,16,,80363,17,,,1,10,,80353,17,,,1,11,,80359,17,,,2,50,,80360,17,,,1,10,,80378,17,,,1,10,,80379,17,,,1,10,,80380,17,,,2,13,,80377,17,,,2,7,,80350,17,,,1,50,,80361,17,,,1,10,,80369,17,,,2,10,,80362,17,,,2,8,,80339,17,,,1,10,,80370,17,,,1,10,,80356,17,,,2,47,,80358,17,,,1,10,,80357,17,,,1,19,,80351,17,,,2,25,,80345,17,,,1,70,,80340,17,,,1,30,,80337,17,,,2,69,,80352,17,,,2,30,,80344,17,,,1,73,,80341,17,,,1,27,,80338,17,,,2,70,,80364,17,,,1,30,,80365,17,,,1,68,,80366,17,,,1,30,,80367,17,,,1,70,,80368,17,,,1
3200,'Semaine-12',630,,80425,17,,,1,71,,80424,17,,,1,32,,80420,17,,,1,72,,80422,17,,,1,29,,80421,17,,,2,70,,80423,17,,,1,28,,80396,17,,,2,70,,80391,17,,,1,30,,80392,17,,,2,70,,80403,17,,,1,30,,80397,17,,,1,71,,80383,17,,,1,30,,80384,17,,,1,69,,80395,17,,,1,30,,80398,17,,,1,70,,80404,17,,,1,31,,80385,17,,,1,70,,80430,17,,,1,15,,80382,17,,,2,16,,80412,17,,,1,10,,80402,17,,,1,11,,80408,17,,,2,50,,80409,17,,,1,10,,80427,17,,,1,10,,80428,17,,,1,10,,80429,17,,,2,13,,80426,17,,,2,7,,80399,17,,,1,50,,80410,17,,,1,10,,80418,17,,,2,10,,80411,17,,,2,8,,80388,17,,,1,10,,80419,17,,,1,10,,80405,17,,,2,47,,80407,17,,,1,10,,80406,17,,,1,19,,80400,17,,,2,25,,80394,17,,,1,70,,80389,17,,,1,30,,80386,17,,,2,69,,80401,17,,,2,30,,80393,17,,,1,73,,80390,17,,,1,27,,80387,17,,,2,70,,80413,17,,,1,30,,80414,17,,,1,68,,80415,17,,,1,30,,80416,17,,,1,70,,80417,17,,,1
3400,'Samedi-1',737,,80773,17,,,1,100,,80778,17,,,1,70,,80774,17,,,1,31,,80780,17,,,1,70,,80781,17,,,1,30,,80775,17,,,1,70,,80776,17,,,1,30,,80777,17,,,1,70,,80779,17,,,1,30,,80782,17,,,1,70,,80784,17,,,1,30,,80783,17,,,1,70,,80785,17,,,1,30,,80786,17,,,1,70,,80787,17,,,1,30,,80788,17,,,1,70,,80789,17,,,1,30,,80790,17,,,1,70,,80791,17,,,1,30,,80792,17,,,1,70,,80793,17,,,1,30,,80794,17,,,1,70,,80795,17,,,1,29,,80796,17,,,1,71,,80797,17,,,1,30,,80798,17,,,1,70,,80799,17,,,1,30,,80800,17,,,1,70,,80801,17,,,1,30,,80803,17,,,1,70,,80802,17,,,1,29,,80805,17,,,1,70,,80804,17,,,1,27,,80806,17,,,1
3400,'Samedi-10',737,,67369,17,,,1,100,,67374,17,,,1,70,,67370,17,,,1,31,,67376,17,,,1,70,,67377,17,,,1,30,,67371,17,,,1,70,,67372,17,,,1,30,,67373,17,,,1,70,,67375,17,,,1,30,,67378,17,,,1,70,,67380,17,,,1,30,,67379,17,,,1,70,,67381,17,,,1,30,,67382,17,,,1,70,,67383,17,,,1,30,,67384,17,,,1,70,,67385,17,,,1,30,,67386,17,,,1,70,,67387,17,,,1,30,,67388,17,,,1,70,,67389,17,,,1,30,,67390,17,,,1,70,,67391,17,,,1,29,,67392,17,,,1,71,,67393,17,,,1,30,,67394,17,,,1,70,,67395,17,,,1,30,,67396,17,,,1,70,,67397,17,,,1,30,,67399,17,,,1,70,,67398,17,,,1,29,,67401,17,,,1,70,,67400,17,,,1,27,,67402,17,,,1
3400,'Dimanche-1',737,,80811,17,,,1,100,,80831,17,,,1,70,,80813,17,,,1,31,,80817,17,,,1,70,,80810,17,,,1,30,,80818,17,,,1,70,,80809,17,,,1,30,,80808,17,,,1,70,,80821,17,,,1,30,,80812,17,,,1,70,,80815,17,,,1,30,,80814,17,,,1,70,,80807,17,,,1,30,,80823,17,,,1,70,,80819,17,,,1,30,,80820,17,,,1,70,,80816,17,,,1,30,,80827,17,,,1,70,,80826,17,,,1,30,,80824,17,,,1,70,,80822,17,,,1,30,,80825,17,,,1,70,,80830,17,,,1,29,,80828,17,,,1,71,,80829,17,,,1,30,,80832,17,,,1,70,,80833,17,,,1,30,,80834,17,,,1,70,,80835,17,,,1,30,,80836,17,,,1,70,,80837,17,,,1,29,,80839,17,,,1,70,,80838,17,,,1,27,,80840,17,,,1
3400,'Semaine-1',614,,80871,17,,,1,29,,80856,17,,,1,71,,80850,17,,,1,35,,80854,17,,,1,71,,80845,17,,,2,29,,80865,17,,,1,70,,80851,17,,,1,28,,80841,17,,,1,70,,80846,17,,,1,30,,80847,17,,,1,70,,80852,17,,,1,30,,80842,17,,,1,70,,80872,17,,,1,30,,80848,17,,,1,70,,80853,17,,,1,30,,80843,17,,,1,72,,80869,17,,,1,30,,80844,17,,,1,65,,80870,17,,,1,306,,80868,17,,,1,20,,80857,17,,,1,68,,80849,17,,,1,30,,80861,17,,,1,70,,80867,17,,,1,31,,80858,17,,,1,69,,80860,17,,,1,30,,80862,17,,,1,70,,80855,17,,,1,30,,80864,17,,,1,69,,80859,17,,,1,29,,80863,17,,,1,70,,80866,17,,,1
3400,'Semaine-12',614,,80903,17,,,1,29,,80888,17,,,1,71,,80882,17,,,1,35,,80886,17,,,1,71,,80877,17,,,2,29,,80897,17,,,1,70,,80883,17,,,1,28,,80873,17,,,1,70,,80878,17,,,1,30,,80879,17,,,1,70,,80884,17,,,1,30,,80874,17,,,1,70,,80904,17,,,1,30,,80880,17,,,1,70,,80885,17,,,1,30,,80875,17,,,1,72,,80901,17,,,1,30,,80876,17,,,1,65,,80902,17,,,1,306,,80900,17,,,1,20,,80889,17,,,1,68,,80881,17,,,1,30,,80893,17,,,1,70,,80899,17,,,1,31,,80890,17,,,1,69,,80892,17,,,1,30,,80894,17,,,1,70,,80887,17,,,1,30,,80896,17,,,1,69,,80891,17,,,1,29,,80895,17,,,1,70,,80898,17,,,1
4000,'Semaine-1',1526,,81911,16,,,1,30,,81907,16,,,2,75,,81910,16,,,1,27,,81909,16,,,1,68,,81908,16,,,1,29,,81912,16,,,1
4000,'Semaine-12',1526,,81917,16,,,1,30,,81913,16,,,2,75,,81916,16,,,1,27,,81915,16,,,1,68,,81914,16,,,1,29,,81918,16,,,1
4100,'Semaine-1',1537,,81932,16,,,1,71,,81934,16,,,1,35,,81933,16,,,2,64,,81931,16,,,1,29,,81935,16,,,1
4100,'Semaine-12',1537,,81937,16,,,1,71,,81939,16,,,1,35,,81938,16,,,2,64,,81936,16,,,1,29,,81940,16,,,1
4500,'Semaine-1',1511,,81964,16,,,1,35,,81959,16,,,1,70,,81960,16,,,1,32,,81962,16,,,1,67,,81963,16,,,1,27,,81961,16,,,2
4500,'Semaine-12',1511,,81970,16,,,1,35,,81965,16,,,1,70,,81966,16,,,1,32,,81968,16,,,1,67,,81969,16,,,1,27,,81967,16,,,2
4700,'Semaine-1',1533,,81983,16,,,1,103,,81984,16,,,1,96,,81985,16,,,2
4700,'Semaine-12',1533,,81986,16,,,1,103,,81987,16,,,1,96,,81988,16,,,2
5500,'Samedi-1',705,,82390,17,,,1,30,,82387,17,,,1,70,,82388,17,,,1,30,,82391,17,,,1,70,,82389,17,,,1,30,,82396,17,,,1,71,,82393,17,,,1,29,,82394,17,,,1,70,,82399,17,,,1,31,,82398,17,,,1,70,,82392,17,,,1,30,,82395,17,,,1,70,,82397,17,,,1,30,,82400,17,,,1,70,,82401,17,,,1,30,,82402,17,,,1,70,,82403,17,,,1,29,,82404,17,,,1,70,,82405,17,,,1,32,,82406,17,,,1,70,,82407,17,,,1,30,,82408,17,,,1,70,,82409,17,,,1,30,,82410,17,,,1,68,,82412,17,,,1,30,,82411,17,,,1,70,,82413,17,,,1,30,,82415,17,,,1,70,,82414,17,,,1,30,,82416,17,,,1,70,,82417,17,,,1,30,,82420,17,,,1,70,,82422,17,,,1,30,,82419,17,,,1,70,,82418,17,,,1,28,,82421,17,,,1
5500,'Samedi-10',705,,70650,17,,,1,30,,70647,17,,,1,70,,70648,17,,,1,30,,70651,17,,,1,70,,70649,17,,,1,30,,70656,17,,,1,71,,70653,17,,,1,29,,70654,17,,,1,70,,70659,17,,,1,31,,70658,17,,,1,70,,70652,17,,,1,30,,70655,17,,,1,70,,70657,17,,,1,30,,70660,17,,,1,70,,70661,17,,,1,30,,70662,17,,,1,70,,70663,17,,,1,29,,70664,17,,,1,70,,70665,17,,,1,32,,70666,17,,,1,70,,70667,17,,,1,30,,70668,17,,,1,70,,70669,17,,,1,30,,70670,17,,,1,68,,70672,17,,,1,30,,70671,17,,,1,70,,70673,17,,,1,30,,70675,17,,,1,70,,70674,17,,,1,30,,70676,17,,,1,70,,70677,17,,,1,30,,70680,17,,,1,70,,70682,17,,,1,30,,70679,17,,,1,70,,70678,17,,,1,28,,70681,17,,,1
5500,'Dimanche-1',705,,82427,17,,,1,30,,82432,17,,,1,70,,82424,17,,,1,30,,82429,17,,,1,70,,82426,17,,,1,30,,82423,17,,,1,71,,82434,17,,,1,29,,82428,17,,,1,70,,82425,17,,,1,31,,82437,17,,,1,70,,82433,17,,,1,30,,82438,17,,,1,70,,82431,17,,,1,30,,82430,17,,,1,70,,82436,17,,,1,30,,82441,17,,,1,70,,82435,17,,,1,29,,82440,17,,,1,70,,82443,17,,,1,32,,82447,17,,,1,70,,82442,17,,,1,30,,82448,17,,,1,70,,82439,17,,,1,30,,82445,17,,,1,68,,82446,17,,,1,30,,82449,17,,,1,70,,82444,17,,,1,30,,82450,17,,,1,70,,82452,17,,,1,30,,82451,17,,,1,70,,82453,17,,,1,30,,82455,17,,,1,70,,82456,17,,,1,30,,82454,17,,,1,70,,82457,17,,,1,28,,82458,17,,,1
5500,'Semaine-1',637,,82461,17,,,1,103,,82477,17,,,1,69,,82460,17,,,1,97,,82496,17,,,1,28,,82497,17,,,1,69,,82466,17,,,1,30,,82476,17,,,1,70,,82480,17,,,1,31,,82502,17,,,1,71,,82462,17,,,1,30,,82501,17,,,1,69,,82479,17,,,1,30,,82494,17,,,1,70,,82488,17,,,1,23,,82495,17,,,1,16,,82481,17,,,1,14,,82459,17,,,1,57,,82500,17,,,1,17,,82470,17,,,1,15,,82503,17,,,1,13,,82491,17,,,1,50,,82463,17,,,1,13,,82474,17,,,1,18,,82506,17,,,1,9,,82499,17,,,1,51,,82465,17,,,1,11,,82482,17,,,1,10,,82475,17,,,1,11,,82504,17,,,1,12,,82489,17,,,1,8,,82469,17,,,1,52,,82464,17,,,1,10,,82505,17,,,1,11,,82473,17,,,1,12,,82468,17,,,1,10,,82478,17,,,1,70,,82493,17,,,1,29,,82498,17,,,1,70,,82485,17,,,1,30,,82471,17,,,1,70,,82492,17,,,1,29,,82483,17,,,1,70,,82486,17,,,1,30,,82472,17,,,1,70,,82487,17,,,1,30,,82484,17,,,1,69,,82467,17,,,1,30,,82490,17,,,1
5500,'Semaine-12',637,,82509,17,,,1,103,,82525,17,,,1,69,,82508,17,,,1,97,,82544,17,,,1,28,,82545,17,,,1,69,,82514,17,,,1,30,,82524,17,,,1,70,,82528,17,,,1,31,,82550,17,,,1,71,,82510,17,,,1,30,,82549,17,,,1,69,,82527,17,,,1,30,,82542,17,,,1,70,,82536,17,,,1,23,,82543,17,,,1,16,,82529,17,,,1,14,,82507,17,,,1,57,,82548,17,,,1,17,,82518,17,,,1,15,,82551,17,,,1,13,,82539,17,,,1,50,,82511,17,,,1,13,,82522,17,,,1,18,,82554,17,,,1,9,,82547,17,,,1,51,,82513,17,,,1,11,,82530,17,,,1,10,,82523,17,,,1,11,,82552,17,,,1,12,,82537,17,,,1,8,,82517,17,,,1,52,,82512,17,,,1,10,,82553,17,,,1,11,,82521,17,,,1,12,,82516,17,,,1,10,,82526,17,,,1,70,,82541,17,,,1,29,,82546,17,,,1,70,,82533,17,,,1,30,,82519,17,,,1,70,,82540,17,,,1,29,,82531,17,,,1,70,,82534,17,,,1,30,,82520,17,,,1,70,,82535,17,,,1,30,,82532,17,,,1,69,,82515,17,,,1,30,,82538,17,,,1
5900,'Samedi-1',720,,82779,17,,,1,30,,82782,17,,,1,70,,82775,17,,,1,30,,82781,17,,,1,70,,82778,17,,,1,30,,82783,17,,,1,70,,82787,17,,,1,30,,82788,17,,,1,70,,82777,17,,,1,30,,82776,17,,,1,71,,82786,17,,,1,30,,82780,17,,,1,70,,82784,17,,,1,30,,82789,17,,,1,70,,82785,17,,,1,30,,82790,17,,,1,70,,82791,17,,,1,29,,82792,17,,,1,70,,82793,17,,,1,32,,82794,17,,,1,69,,82795,17,,,1,30,,82796,17,,,1,69,,82797,17,,,1,30,,82798,17,,,1,70,,82799,17,,,1,30,,82801,17,,,1,70,,82800,17,,,1,30,,82803,17,,,1,70,,82802,17,,,1,29,,82804,17,,,1,71,,82805,17,,,1,30,,82807,17,,,1,70,,82806,17,,,1,30,,82808,17,,,1
5900,'Samedi-10',720,,71438,17,,,1,30,,71441,17,,,1,70,,71434,17,,,1,30,,71440,17,,,1,70,,71437,17,,,1,30,,71442,17,,,1,70,,71446,17,,,1,30,,71447,17,,,1,70,,71436,17,,,1,30,,71435,17,,,1,71,,71445,17,,,1,30,,71439,17,,,1,70,,71443,17,,,1,30,,71448,17,,,1,70,,71444,17,,,1,30,,71449,17,,,1,70,,71450,17,,,1,29,,71451,17,,,1,70,,71452,17,,,1,32,,71453,17,,,1,69,,71454,17,,,1,30,,71455,17,,,1,69,,71456,17,,,1,30,,71457,17,,,1,70,,71458,17,,,1,30,,71460,17,,,1,70,,71459,17,,,1,30,,71462,17,,,1,70,,71461,17,,,1,29,,71463,17,,,1,71,,71464,17,,,1,30,,71466,17,,,1,70,,71465,17,,,1,30,,71467,17,,,1
5900,'Dimanche-1',720,,82814,17,,,1,30,,82813,17,,,1,70,,82809,17,,,1,30,,82818,17,,,1,70,,82824,17,,,1,30,,82815,17,,,1,70,,82822,17,,,1,30,,82817,17,,,1,70,,82823,17,,,1,30,,82810,17,,,1,71,,82821,17,,,1,30,,82811,17,,,1,70,,82819,17,,,1,30,,82825,17,,,1,70,,82812,17,,,1,30,,82816,17,,,1,70,,82820,17,,,1,29,,82829,17,,,1,70,,82830,17,,,1,32,,82827,17,,,1,69,,82832,17,,,1,30,,82828,17,,,1,69,,82834,17,,,1,30,,82826,17,,,1,70,,82831,17,,,1,30,,82835,17,,,1,70,,82833,17,,,1,30,,82836,17,,,1,70,,82837,17,,,1,29,,82838,17,,,1,71,,82839,17,,,1,30,,82841,17,,,1,70,,82840,17,,,1,30,,82842,17,,,1
5900,'Semaine-1',606,,82850,17,,,1,97,,82885,17,,,1,47,,82890,17,,,1,88,,82866,17,,,1,84,,82862,17,,,1,28,,82883,17,,,1,70,,82859,17,,,1,30,,82882,17,,,1,70,,82873,17,,,1,30,,82867,17,,,1,71,,82875,17,,,1,30,,82858,17,,,1,70,,82886,17,,,1,30,,82849,17,,,1,70,,82880,17,,,1,14,,82851,17,,,1,18,,82884,17,,,1,71,,82844,17,,,1,14,,82888,17,,,1,15,,82843,17,,,1,48,,82878,17,,,1,17,,82874,17,,,1,7,,82887,12,,,1,6,,82861,17,,,1,13,,82845,17,,,1,6,,82889,12,,,1,6,,82846,17,,,1,52,,82854,17,,,1,9,,82881,17,,,1,12,,82870,17,,,1,11,,82857,17,,,1,9,,82879,17,,,1,52,,82865,17,,,1,12,,82877,17,,,1,9,,82847,17,,,1,10,,82852,17,,,1,71,,82872,17,,,1,30,,82863,17,,,1,70,,82868,17,,,1,29,,82856,17,,,1,70,,82864,17,,,1,30,,82869,17,,,1,70,,82876,17,,,1,30,,82853,17,,,1,70,,82871,17,,,1,29,,82860,17,,,1,70,,82848,17,,,1,29,,82855,17,,,1
5900,'Semaine-12',606,,82898,17,,,1,97,,82933,17,,,1,47,,82938,17,,,1,88,,82914,17,,,1,84,,82910,17,,,1,28,,82931,17,,,1,70,,82907,17,,,1,30,,82930,17,,,1,70,,82921,17,,,1,30,,82915,17,,,1,71,,82923,17,,,1,30,,82906,17,,,1,70,,82934,17,,,1,30,,82897,17,,,1,70,,82928,17,,,1,14,,82899,17,,,1,18,,82932,17,,,1,71,,82892,17,,,1,14,,82936,17,,,1,15,,82891,17,,,1,48,,82926,17,,,1,17,,82922,17,,,1,7,,82935,12,,,1,6,,82909,17,,,1,13,,82893,17,,,1,6,,82937,12,,,1,6,,82894,17,,,1,52,,82902,17,,,1,9,,82929,17,,,1,12,,82918,17,,,1,11,,82905,17,,,1,9,,82927,17,,,1,52,,82913,17,,,1,12,,82925,17,,,1,9,,82895,17,,,1,10,,82900,17,,,1,71,,82920,17,,,1,30,,82911,17,,,1,70,,82916,17,,,1,29,,82904,17,,,1,70,,82912,17,,,1,30,,82917,17,,,1,70,,82924,17,,,1,30,,82901,17,,,1,70,,82919,17,,,1,29,,82908,17,,,1,70,,82896,17,,,1,29,,82903,17,,,1
32900,'Semaine-1',811,,85907,9,0,7 8,1
32900,'Semaine-12',811,,85908,9,0,7 8,1
42900,'Semaine-1',711,,86765,2,0,9 14,1,2,,86766,2,0,9 14,2
42900,'Semaine-12',711,,86767,2,0,9 14,1,2,,86768,2,0,9 14,2
65500,'Semaine-1',719,,86863,10,0,9 10,1
65500,'Semaine-12',719,,86864,10,0,9 10,1
72900,'Semaine-1',1630,,86873,14,0,5 11,2
72900,'Semaine-12',1630,,86874,14,0,5 11,2
74000,'Semaine-1',1627,,86880,13,0,5 11,1
74000,'Semaine-12',1627,,86882,13,0,5 11,1
80001,'Samedi-1',628,,87007,19,,,1,101,,87009,19,,,1,101,,87010,19,,,1,100,,87013,19,,,1,100,,87008,19,,,1,100,,87011,19,,,1,102,,87014,19,,,1,100,,87012,19,,,1,100,,87015,19,,,1,100,,87016,19,,,1,100,,87017,19,,,2,102,,87018,19,,,1,97,,87021,19,,,1,99,,87019,19,,,1,100,,87020,19,,,1,100,,87022,19,,,1,99,,87023,19,,,1
80001,'Samedi-10',628,,79670,19,,,1,101,,79672,19,,,1,101,,79673,19,,,1,100,,79676,19,,,1,100,,79671,19,,,1,100,,79674,19,,,1,102,,79677,19,,,1,100,,79675,19,,,1,100,,79678,19,,,1,100,,79679,19,,,1,100,,79680,19,,,2,102,,79681,19,,,1,97,,79684,19,,,1,99,,79682,19,,,1,100,,79683,19,,,1,100,,79685,19,,,1,99,,79686,19,,,1
80001,'Dimanche-1',628,,87024,19,,,1,101,,87026,19,,,1,101,,87028,19,,,1,100,,87025,19,,,1,100,,87027,19,,,1,100,,87029,19,,,1,102,,87030,19,,,1,100,,87031,19,,,1,100,,87034,19,,,1,100,,87032,19,,,1,100,,87033,19,,,2,102,,87036,19,,,1,97,,87037,19,,,1,99,,87035,19,,,1,100,,87038,19,,,1,100,,87039,19,,,1,99,,87040,19,,,1
80001,'Semaine-1',620,,87062,19,,,1,28,,87055,19,,,1,72,,87063,19,,,1,30,,87047,19,,,1,75,,87045,19,,,1,28,,87052,19,,,1,66,,87058,19,,,1,30,,87070,19,,,1,70,,87061,19,,,2,30,,87053,19,,,1,70,,87067,19,,,1,30,,87041,19,,,1,70,,87075,19,,,1,29,,87073,19,,,1,74,,87043,19,,,1,30,,87066,19,,,1,70,,87057,19,,,1,30,,87064,19,,,1,73,,87074,19,,,1,29,,87059,19,,,1,57,,87069,19,,,1,22,,87071,19,,,1,24,,87068,19,,,1,67,,87060,19,,,1,30,,87050,19,,,1,68,,87048,19,,,1,28,,87042,19,,,1,69,,87072,19,,,1,32,,87054,19,,,1,67,,87051,19,,,1,30,,87056,19,,,1,69,,87044,19,,,1,30,,87065,19,,,1,74,,87046,19,,,1,31,,87049,19,,,1
80001,'Semaine-12',620,,87097,19,,,1,28,,87090,19,,,1,72,,87098,19,,,1,30,,87082,19,,,1,75,,87080,19,,,1,28,,87087,19,,,1,66,,87093,19,,,1,30,,87105,19,,,1,70,,87096,19,,,2,30,,87088,19,,,1,70,,87102,19,,,1,30,,87076,19,,,1,70,,87110,19,,,1,29,,87108,19,,,1,74,,87078,19,,,1,30,,87101,19,,,1,70,,87092,19,,,1,30,,87099,19,,,1,73,,87109,19,,,1,29,,87094,19,,,1,57,,87104,19,,,1,22,,87106,19,,,1,24,,87103,19,,,1,67,,87095,19,,,1,30,,87085,19,,,1,68,,87083,19,,,1,28,,87077,19,,,1,69,,87107,19,,,1,32,,87089,19,,,1,67,,87086,19,,,1,30,,87091,19,,,1,69,,87079,19,,,1,30,,87100,19,,,1,74,,87081,19,,,1,31,,87084,19,,,1
82900,'Semaine-1',1536,,87134,14,0,9 12 13,1
82900,'Semaine-12',1536,,87137,14,0,9 12 13,1
