3900,'Samedi-1',643,,81669,13,,,1,101,,81670,13,,,1,100,,81674,13,,,1,101,,81673,13,,,1,100,,81676,13,,,1,101,,81675,13,,,1,102,,81671,13,,,1,70,,81672,13,,,1,30,,81677,13,,,1,71,,81678,13,,,1,30,,81679,13,,,1,70,,81680,13,,,1,31,,81681,13,,,1,70,,81682,13,,,1,30,,81683,13,,,1,70,,81684,13,,,1,30,,81685,13,,,1,69,,81686,13,,,1,29,,81687,13,,,1,68,,81688,13,,,1,100,,81689,13,,,1,100,,81690,13,,,1,100,,81691,13,,,1,100,,81692,13,,,1
3900,'Samedi-10',643,,69204,13,,,1,101,,69205,13,,,1,100,,69209,13,,,1,101,,69208,13,,,1,100,,69211,13,,,1,101,,69210,13,,,1,102,,69206,13,,,1,70,,69207,13,,,1,30,,69212,13,,,1,71,,69213,13,,,1,30,,69214,13,,,1,70,,69215,13,,,1,31,,69216,13,,,1,70,,69217,13,,,1,30,,69218,13,,,1,70,,69219,13,,,1,30,,69220,13,,,1,69,,69221,13,,,1,29,,69222,13,,,1,68,,69223,13,,,1,100,,69224,13,,,1,100,,69225,13,,,1,100,,69226,13,,,1,100,,69227,13,,,1
3900,'Dimanche-1',643,,81693,13,,,1,101,,81700,13,,,1,100,,81703,13,,,1,101,,81696,13,,,1,100,,81698,13,,,1,101,,81699,13,,,1,102,,81702,13,,,1,70,,81695,13,,,1,30,,81697,13,,,1,71,,81704,13,,,1,30,,81694,13,,,1,70,,81705,13,,,1,31,,81701,13,,,1,70,,81708,13,,,1,30,,81711,13,,,1,70,,81713,13,,,1,30,,81707,13,,,1,69,,81710,13,,,1,29,,81712,13,,,1,68,,81706,13,,,1,100,,81709,13,,,1,100,,81714,13,,,1,100,,81715,13,,,1,100,,81716,13,,,1
3900,'Semaine-1',619,,81734,13,,,1,22,,81720,13,,,1,71,,81739,13,,,1,28,,81732,13,,,1,76,,81733,13,,,1,32,,81731,13,,,1,72,,81728,13,,,1,30,,81745,13,,,2,70,,81740,13,,,1,30,,81752,13,,,1,70,,81737,13,,,2,30,,81741,13,,,1,70,,81729,13,,,1,31,,81727,13,,,1,70,,81742,13,,,1,29,,81730,13,,,2,70,,81717,13,,,1,34,,81743,13,,,1,73,,81724,13,,,1,29,,81726,13,,,1,72,,81744,13,,,2,72,,81723,13,,,1,28,,81718,13,,,1,29,,81746,13,,,1,67,,81725,13,,,1,31,,81719,13,,,2,69,,81747,13,,,2,32,,81722,13,,,1,65,,81738,13,,,2,26,,81748,13,,,1,70,,81721,13,,,1,30,,81736,13,,,1,69,,81749,13,,,1,30,,81735,13,,,1,72,,81751,13,,,1,28,,81750,13,,,1
3900,'Semaine-12',619,,81770,13,,,1,22,,81756,13,,,1,71,,81775,13,,,1,28,,81768,13,,,1,76,,81769,13,,,1,32,,81767,13,,,1,72,,81764,13,,,1,30,,81781,13,,,2,70,,81776,13,,,1,30,,81788,13,,,1,70,,81773,13,,,2,30,,81777,13,,,1,70,,81765,13,,,1,31,,81763,13,,,1,70,,81778,13,,,1,29,,81766,13,,,2,70,,81753,13,,,1,34,,81779,13,,,1,73,,81760,13,,,1,29,,81762,13,,,1,72,,81780,13,,,2,72,,81759,13,,,1,28,,81754,13,,,1,29,,81782,13,,,1,67,,81761,13,,,1,31,,81755,13,,,2,69,,81783,13,,,2,32,,81758,13,,,1,65,,81774,13,,,2,26,,81784,13,,,1,70,,81757,13,,,1,30,,81772,13,,,1,69,,81785,13,,,1,30,,81771,13,,,1,72,,81787,13,,,1,28,,81786,13,,,1
5000,'Semaine-1',654,,82216,29,,,1,62,,82214,29,,,1,7,,82215,8,,,2,25,,82217,29,,,2,70,,82213,29,,,1,107,,82218,29,,,1
5000,'Semaine-12',654,,82222,29,,,1,62,,82220,29,,,1,7,,82221,8,,,2,25,,82223,29,,,2,70,,82219,29,,,1,107,,82224,29,,,1
55000,'Semaine-1',709,,86799,29,0,5 6,1,2,,86800,29,0,5 6,1
55000,'Semaine-12',709,,86801,29,0,5 6,1,2,,86802,29,0,5 6,1
63901,'Semaine-1',714,,86835,30,0,9 10,1
63901,'Semaine-12',714,,86836,30,0,9 10,1
