7500,'Samedi-1',717,,84775,24,,,1,100,,84776,24,,,1,101,,84779,24,,,1,100,,84778,24,,,1,100,,84781,24,,,1,100,,84777,24,,,1,102,,84780,24,,,1,100,,84782,24,,,1,100,,84783,24,,,1,100,,84784,24,,,1,100,,84785,24,,,1,100,,84789,24,,,1,98,,84786,24,,,1,100,,84787,24,,,1,100,,84788,24,,,1,100,,84790,24,,,1,100,,84791,24,,,1,98,,84792,24,,,1
7500,'Samedi-10',717,,75333,24,,,1,100,,75334,24,,,1,101,,75337,24,,,1,100,,75336,24,,,1,100,,75339,24,,,1,100,,75335,24,,,1,102,,75338,24,,,1,100,,75340,24,,,1,100,,75341,24,,,1,100,,75342,24,,,1,100,,75343,24,,,1,100,,75347,24,,,1,98,,75344,24,,,1,100,,75345,24,,,1,100,,75346,24,,,1,100,,75348,24,,,1,100,,75349,24,,,1,98,,75350,24,,,1
7500,'Dimanche-1',717,,84793,24,,,1,100,,84796,24,,,1,101,,84797,24,,,1,100,,84806,24,,,1,100,,84794,24,,,1,100,,84801,24,,,1,102,,84795,24,,,1,100,,84798,24,,,1,100,,84800,24,,,1,100,,84799,24,,,1,100,,84802,24,,,1,100,,84803,24,,,1,98,,84804,24,,,1,100,,84805,24,,,1,100,,84807,24,,,1,100,,84808,24,,,1,100,,84809,24,,,1,98,,84810,24,,,1
7500,'Semaine-1',632,,84829,24,,,1,100,,84814,24,,,1,85,,84837,24,,,2,108,,84840,24,,,1,77,,84838,24,,,1,30,,84833,24,,,1,70,,84821,24,,,1,30,,84820,24,,,1,70,,84828,24,,,1,30,,84830,24,,,1,70,,84831,24,,,1,30,,84826,24,,,1,70,,84818,24,,,1,30,,84839,24,,,1,73,,84819,24,,,1,30,,84825,24,,,1,19,,84817,24,,,1,61,,84832,24,,,1,20,,84836,24,,,1,23,,84823,24,,,1,57,,84816,24,,,2,20,,84824,24,,,1,18,,84841,24,,,1,60,,84835,24,,,1,25,,84815,24,,,1,80,,84822,24,,,2,100,,84813,24,,,2,98,,84811,24,,,2,100,,84812,24,,,2,100,,84834,24,,,2,100,,84827,24,,,2
7500,'Semaine-12',632,,84860,24,,,1,100,,84845,24,,,1,85,,84868,24,,,2,108,,84871,24,,,1,77,,84869,24,,,1,30,,84864,24,,,1,70,,84852,24,,,1,30,,84851,24,,,1,70,,84859,24,,,1,30,,84861,24,,,1,70,,84862,24,,,1,30,,84857,24,,,1,70,,84849,24,,,1,30,,84870,24,,,1,73,,84850,24,,,1,30,,84856,24,,,1,19,,84848,24,,,1,61,,84863,24,,,1,20,,84867,24,,,1,23,,84854,24,,,1,57,,84847,24,,,2,20,,84855,24,,,1,18,,84872,24,,,1,60,,84866,24,,,1,25,,84846,24,,,1,80,,84853,24,,,2,100,,84844,24,,,2,98,,84842,24,,,2,100,,84843,24,,,2,100,,84865,24,,,2,100,,84858,24,,,2
7700,'Samedi-1',746,,85181,7,,,1,100,,85180,7,,,1,100,,85179,7,,,1,100,,85184,7,,,1,100,,85182,7,,,1,100,,85183,7,,,1,100,,85185,7,,,1,100,,85186,7,,,2,100,,85187,7,,,1,100,,85188,7,,,1,100,,85189,7,,,1,100,,85190,7,,,1,100,,85191,7,,,1,100,,85194,7,,,1,100,,85192,7,,,1,100,,85193,7,,,1
7700,'Samedi-10',746,,76143,7,,,1,100,,76142,7,,,1,100,,76141,7,,,1,100,,76146,7,,,1,100,,76144,7,,,1,100,,76145,7,,,1,100,,76147,7,,,1,100,,76148,7,,,2,100,,76149,7,,,1,100,,76150,7,,,1,100,,76151,7,,,1,100,,76152,7,,,1,100,,76153,7,,,1,100,,76156,7,,,1,100,,76154,7,,,1,100,,76155,7,,,1
7700,'Dimanche-1',746,,85197,7,,,1,100,,85198,7,,,1,100,,85195,7,,,1,100,,85207,7,,,1,100,,85196,7,,,1,100,,85201,7,,,1,100,,85199,7,,,1,100,,85200,7,,,2,100,,85202,7,,,1,100,,85205,7,,,1,100,,85203,7,,,1,100,,85204,7,,,1,100,,85206,7,,,1,100,,85208,7,,,1,100,,85209,7,,,1,100,,85210,7,,,1
7700,'Semaine-1',525,,85236,7,,,1,29,,85221,7,,,1,70,,85223,7,,,1,30,,85213,7,,,1,70,,85224,7,,,1,34,,85235,7,,,2,66,,85220,7,,,2,26,,85225,7,,,2,70,,85240,7,,,2,30,,85226,7,,,1,70,,85241,7,,,1,30,,85227,7,,,1,70,,85242,7,,,1,30,,85228,7,,,1,70,,85239,7,,,1,30,,85229,7,,,1,70,,85238,7,,,1,30,,85230,7,,,1,70,,85237,7,,,1,30,,85212,7,,,1,71,,85232,7,,,1,30,,85217,7,,,1,70,,85231,7,,,1,30,,85215,7,,,1,70,,85233,7,,,1,29,,85216,7,,,1,70,,85222,7,,,1,30,,85234,7,,,1,100,,85218,7,,,1,100,,85219,7,,,1,100,,85214,7,,,1,100,,85211,7,,,1
7700,'Semaine-12',525,,85268,7,,,1,29,,85253,7,,,1,70,,85255,7,,,1,30,,85245,7,,,1,70,,85256,7,,,1,34,,85267,7,,,2,66,,85252,7,,,2,26,,85257,7,,,2,70,,85272,7,,,2,30,,85258,7,,,1,70,,85273,7,,,1,30,,85259,7,,,1,70,,85274,7,,,1,30,,85260,7,,,1,70,,85271,7,,,1,30,,85261,7,,,1,70,,85270,7,,,1,30,,85262,7,,,1,70,,85269,7,,,1,30,,85244,7,,,1,71,,85264,7,,,1,30,,85249,7,,,1,70,,85263,7,,,1,30,,85247,7,,,1,70,,85265,7,,,1,29,,85248,7,,,1,70,,85254,7,,,1,30,,85266,7,,,1,100,,85250,7,,,1,100,,85251,7,,,1,100,,85246,7,,,1,100,,85243,7,,,1
7800,'Samedi-1',817,,85278,7,,,1,100,,85277,7,,,1,100,,85275,7,,,1,100,,85280,7,,,1,100,,85276,7,,,1,100,,85279,7,,,1,100,,85281,7,,,1,100,,85282,7,,,2,100,,85283,7,,,1,100,,85284,7,,,1,100,,85285,7,,,1,100,,85286,7,,,1,100,,85287,7,,,1,100,,85288,7,,,1,100,,85289,7,,,1,99,,85290,7,,,1
7800,'Samedi-10',817,,76336,7,,,1,100,,76335,7,,,1,100,,76333,7,,,1,100,,76338,7,,,1,100,,76334,7,,,1,100,,76337,7,,,1,100,,76339,7,,,1,100,,76340,7,,,2,100,,76341,7,,,1,100,,76342,7,,,1,100,,76343,7,,,1,100,,76344,7,,,1,100,,76345,7,,,1,100,,76346,7,,,1,100,,76347,7,,,1,99,,76348,7,,,1
7800,'Dimanche-1',817,,85293,7,,,1,100,,85294,7,,,1,100,,85291,7,,,1,100,,85302,7,,,1,100,,85292,7,,,1,100,,85297,7,,,1,100,,85295,7,,,1,100,,85296,7,,,2,100,,85298,7,,,1,100,,85301,7,,,1,100,,85299,7,,,1,100,,85300,7,,,1,100,,85303,7,,,1,100,,85304,7,,,1,100,,85305,7,,,1,99,,85306,7,,,1
7800,'Semaine-1',448,,85319,7,,,1,60,,85320,7,,,1,30,,85309,7,,,1,71,,85321,7,,,1,30,,85307,7,,,1,67,,85322,7,,,2,37,,85331,7,,,2,67,,85312,7,,,1,26,,85323,7,,,2,70,,85324,7,,,1,30,,85335,7,,,1,70,,85325,7,,,1,30,,85336,7,,,1,70,,85326,7,,,1,30,,85337,7,,,1,70,,85327,7,,,1,30,,85338,7,,,1,70,,85328,7,,,1,30,,85339,7,,,1,70,,85329,7,,,1,30,,85314,7,,,1,70,,85330,7,,,1,29,,85308,7,,,1,73,,85317,7,,,1,28,,85332,7,,,1,70,,85316,7,,,1,30,,85340,7,,,1,70,,85333,7,,,1,30,,85310,7,,,1,85,,85334,7,,,1,100,,85315,7,,,1,100,,85318,7,,,1,100,,85311,7,,,1,100,,85313,7,,,1
7800,'Semaine-12',448,,85353,7,,,1,60,,85354,7,,,1,30,,85343,7,,,1,71,,85355,7,,,1,30,,85341,7,,,1,67,,85356,7,,,2,37,,85365,7,,,2,67,,85346,7,,,1,26,,85357,7,,,2,70,,85358,7,,,1,30,,85369,7,,,1,70,,85359,7,,,1,30,,85370,7,,,1,70,,85360,7,,,1,30,,85371,7,,,1,70,,85361,7,,,1,30,,85372,7,,,1,70,,85362,7,,,1,30,,85373,7,,,1,70,,85363,7,,,1,30,,85348,7,,,1,70,,85364,7,,,1,29,,85342,7,,,1,73,,85351,7,,,1,28,,85366,7,,,1,70,,85350,7,,,1,30,,85374,7,,,1,70,,85367,7,,,1,30,,85344,7,,,1,85,,85368,7,,,1,100,,85349,7,,,1,100,,85352,7,,,1,100,,85345,7,,,1,100,,85347,7,,,1
