4501,'Semaine-1',559,,81972,14,,,1,70,,81971,14,,,1,71,,81975,14,,,2,30,,81974,14,,,1,72,,81973,14,,,1,31,,81976,14,,,1
4501,'Semaine-12',559,,81978,14,,,1,70,,81977,14,,,1,71,,81981,14,,,2,30,,81980,14,,,1,72,,81979,14,,,1,31,,81982,14,,,1
4701,'Semaine-1',613,,81991,12,,,2,45,,81990,12,,,1,89,,81989,12,,,1,67,,81992,12,,,1
4701,'Semaine-12',613,,81995,12,,,2,45,,81994,12,,,1,89,,81993,12,,,1,67,,81996,12,,,1
5201,'Samedi-1',655,,82303,38,,,1,100,,82304,38,,,1,101,,82305,38,,,1,100,,82306,38,,,1,101,,82308,38,,,1,100,,82307,38,,,1,100,,82309,38,,,1,100,,82310,38,,,1,101,,82311,38,,,1,99,,82312,38,,,1,100,,82313,38,,,1,100,,82314,38,,,1,99,,82317,38,,,1,100,,82315,38,,,1,98,,82319,38,,,1,100,,82316,38,,,1,100,,82318,38,,,1,101,,82320,38,,,1
5201,'Samedi-10',655,,70449,38,,,1,100,,70450,38,,,1,101,,70451,38,,,1,100,,70452,38,,,1,101,,70454,38,,,1,100,,70453,38,,,1,100,,70455,38,,,1,100,,70456,38,,,1,101,,70457,38,,,1,99,,70458,38,,,1,100,,70459,38,,,1,100,,70460,38,,,1,99,,70463,38,,,1,100,,70461,38,,,1,98,,70465,38,,,1,100,,70462,38,,,1,100,,70464,38,,,1,101,,70466,38,,,1
5201,'Dimanche-1',655,,82321,38,,,1,100,,82322,38,,,1,101,,82323,38,,,1,100,,82326,38,,,1,101,,82324,38,,,1,100,,82328,38,,,1,100,,82325,38,,,1,100,,82330,38,,,1,101,,82327,38,,,1,99,,82329,38,,,1,100,,82332,38,,,1,100,,82334,38,,,1,99,,82331,38,,,1,100,,82333,38,,,1,98,,82335,38,,,1,100,,82336,38,,,1,100,,82337,38,,,1,101,,82338,38,,,1
5201,'Semaine-1',626,,82354,38,,,1,101,,82356,38,,,1,102,,82355,38,,,1,97,,82339,38,,,1,102,,82345,38,,,1,99,,82342,38,,,1,100,,82349,38,,,1,100,,82340,38,,,1,100,,82344,38,,,1,102,,82343,38,,,1,100,,82353,38,,,1,100,,82352,38,,,1,98,,82346,38,,,1,97,,82347,38,,,1,100,,82351,38,,,1,100,,82348,38,,,1,100,,82350,38,,,1,100,,82341,38,,,2
5201,'Semaine-12',626,,82372,38,,,1,101,,82374,38,,,1,102,,82373,38,,,1,97,,82357,38,,,1,102,,82363,38,,,1,99,,82360,38,,,1,100,,82367,38,,,1,100,,82358,38,,,1,100,,82362,38,,,1,102,,82361,38,,,1,100,,82371,38,,,1,100,,82370,38,,,1,98,,82364,38,,,1,97,,82365,38,,,1,100,,82369,38,,,1,100,,82366,38,,,1,100,,82368,38,,,1,100,,82359,38,,,2
5600,'Semaine-1',629,,82719,10,,,1,24,,82717,10,,,1,6,,82721,10,,,1,72,,82720,10,,,1,71,,82714,10,,,1,100,,82713,10,,,1,109,,82715,10,,,1,98,,82718,10,,,2,100,,82716,10,,,1
5600,'Semaine-12',629,,82728,10,,,1,24,,82726,10,,,1,6,,82730,10,,,1,72,,82729,10,,,1,71,,82723,10,,,1,100,,82722,10,,,1,109,,82724,10,,,1,98,,82727,10,,,2,100,,82725,10,,,1
64501,'Semaine-1',1517,,86853,23,0,9 10,1
64501,'Semaine-12',1517,,86854,23,0,9 10,1
64701,'Semaine-1',1517,,86857,21,0,9 10,1
64701,'Semaine-12',1517,,86858,21,0,9 10,1
