4100,'Semaine-1',1554,,81932,40,,,1,71,,81934,40,,,1,75,,81933,40,,,2,23,,81931,40,,,1,29,,81935,40,,,1
4100,'Semaine-12',1554,,81937,40,,,1,71,,81939,40,,,1,75,,81938,40,,,2,23,,81936,40,,,1,29,,81940,40,,,1
4901,'Samedi-1',752,,82116,48,,,1,100,,82115,48,,,1,100,,82117,48,,,1,102,,82113,48,,,1,100,,82118,48,,,1,102,,82114,48,,,1,100,,82119,48,,,1,100,,82120,48,,,1,100,,82121,48,,,1,100,,82122,48,,,1,100,,82123,48,,,1,97,,82124,48,,,1,100,,82125,48,,,1,100,,82126,48,,,1,100,,82127,48,,,1,98,,82128,48,,,1,100,,82129,48,,,1
4901,'Samedi-10',752,,70061,48,,,1,100,,70060,48,,,1,100,,70062,48,,,1,102,,70058,48,,,1,100,,70063,48,,,1,102,,70059,48,,,1,100,,70064,48,,,1,100,,70065,48,,,1,100,,70066,48,,,1,100,,70067,48,,,1,100,,70068,48,,,1,97,,70069,48,,,1,100,,70070,48,,,1,100,,70071,48,,,1,100,,70072,48,,,1,98,,70073,48,,,1,100,,70074,48,,,1
4901,'Dimanche-1',752,,82143,48,,,1,100,,82132,48,,,1,100,,82142,48,,,1,102,,82135,48,,,1,100,,82131,48,,,1,102,,82130,48,,,1,100,,82133,48,,,1,100,,82134,48,,,1,100,,82137,48,,,1,100,,82136,48,,,1,100,,82140,48,,,1,97,,82139,48,,,1,100,,82141,48,,,1,100,,82138,48,,,1,100,,82144,48,,,1,98,,82145,48,,,1,100,,82146,48,,,1
4901,'Semaine-1',637,,82153,48,,,1,89,,82158,48,,,1,31,,82174,48,,,1,73,,82170,48,,,1,70,,82168,48,,,1,26,,82178,48,,,1,28,,82160,48,,,1,69,,82176,48,,,1,29,,82172,48,,,1,72,,82147,48,,,1,30,,82169,48,,,1,70,,82148,48,,,1,30,,82154,48,,,1,70,,82156,48,,,1,30,,82161,48,,,1,69,,82177,48,,,1,32,,82159,48,,,1,71,,82179,48,,,1,25,,82175,48,,,1,52,,82162,48,,,1,15,,82149,48,,,1,15,,82165,48,,,1,70,,82155,48,,,1,26,,82157,48,,,1,29,,82173,48,,,1,66,,82167,48,,,1,30,,82171,48,,,1,94,,82150,48,,,1,80,,82166,48,,,1,101,,82164,48,,,1,95,,82151,48,,,1,100,,82163,48,,,1,95,,82152,48,,,1
4901,'Semaine-12',637,,82186,48,,,1,89,,82191,48,,,1,31,,82207,48,,,1,73,,82203,48,,,1,70,,82201,48,,,1,26,,82211,48,,,1,28,,82193,48,,,1,69,,82209,48,,,1,29,,82205,48,,,1,72,,82180,48,,,1,30,,82202,48,,,1,70,,82181,48,,,1,30,,82187,48,,,1,70,,82189,48,,,1,30,,82194,48,,,1,69,,82210,48,,,1,32,,82192,48,,,1,71,,82212,48,,,1,25,,82208,48,,,1,52,,82195,48,,,1,15,,82182,48,,,1,15,,82198,48,,,1,70,,82188,48,,,1,26,,82190,48,,,1,29,,82206,48,,,1,66,,82200,48,,,1,30,,82204,48,,,1,94,,82183,48,,,1,80,,82199,48,,,1,101,,82197,48,,,1,95,,82184,48,,,1,100,,82196,48,,,1,95,,82185,48,,,1
64100,'Semaine-1',723,,86847,4,0,9 10,2
64100,'Semaine-12',723,,86848,4,0,9 10,2
80001,'Samedi-1',645,,87007,43,,,1,101,,87009,43,,,1,101,,87010,43,,,1,100,,87013,43,,,1,101,,87008,43,,,1,100,,87011,43,,,1,102,,87014,43,,,1,100,,87012,43,,,1,100,,87015,43,,,1,100,,87016,43,,,1,100,,87017,43,,,2,102,,87018,43,,,1,97,,87021,43,,,1,99,,87019,43,,,1,100,,87020,43,,,1,100,,87022,43,,,1,97,,87023,43,,,1
80001,'Samedi-10',645,,79670,43,,,1,101,,79672,43,,,1,101,,79673,43,,,1,100,,79676,43,,,1,101,,79671,43,,,1,100,,79674,43,,,1,102,,79677,43,,,1,100,,79675,43,,,1,100,,79678,43,,,1,100,,79679,43,,,1,100,,79680,43,,,2,102,,79681,43,,,1,97,,79684,43,,,1,99,,79682,43,,,1,100,,79683,43,,,1,100,,79685,43,,,1,97,,79686,43,,,1
80001,'Dimanche-1',645,,87024,43,,,1,101,,87026,43,,,1,101,,87028,43,,,1,100,,87025,43,,,1,101,,87027,43,,,1,100,,87029,43,,,1,102,,87030,43,,,1,100,,87031,43,,,1,100,,87034,43,,,1,100,,87032,43,,,1,100,,87033,43,,,2,102,,87036,43,,,1,97,,87037,43,,,1,99,,87035,43,,,1,100,,87038,43,,,1,100,,87039,43,,,1,97,,87040,43,,,1
80001,'Semaine-1',640,,87062,43,,,1,68,,87055,43,,,1,35,,87063,43,,,1,69,,87047,43,,,1,32,,87045,43,,,1,67,,87052,43,,,1,27,,87058,43,,,1,70,,87070,43,,,1,30,,87061,43,,,2,70,,87053,43,,,1,30,,87067,43,,,1,70,,87041,43,,,1,30,,87075,43,,,1,70,,87073,43,,,1,34,,87043,43,,,1,70,,87066,43,,,1,30,,87057,43,,,1,70,,87064,43,,,1,35,,87074,43,,,1,69,,87059,43,,,1,17,,87069,43,,,1,22,,87071,43,,,1,64,,87068,43,,,1,27,,87060,43,,,1,70,,87050,43,,,1,25,,87048,43,,,1,67,,87042,43,,,1,29,,87072,43,,,1,71,,87054,43,,,1,27,,87051,43,,,1,70,,87056,43,,,1,29,,87044,43,,,1,70,,87065,43,,,1,32,,87046,43,,,1,70,,87049,43,,,1
80001,'Semaine-12',640,,87097,43,,,1,68,,87090,43,,,1,35,,87098,43,,,1,69,,87082,43,,,1,32,,87080,43,,,1,67,,87087,43,,,1,27,,87093,43,,,1,70,,87105,43,,,1,30,,87096,43,,,2,70,,87088,43,,,1,30,,87102,43,,,1,70,,87076,43,,,1,30,,87110,43,,,1,70,,87108,43,,,1,34,,87078,43,,,1,70,,87101,43,,,1,30,,87092,43,,,1,70,,87099,43,,,1,35,,87109,43,,,1,69,,87094,43,,,1,17,,87104,43,,,1,22,,87106,43,,,1,64,,87103,43,,,1,27,,87095,43,,,1,70,,87085,43,,,1,25,,87083,43,,,1,67,,87077,43,,,1,29,,87107,43,,,1,71,,87089,43,,,1,27,,87086,43,,,1,70,,87091,43,,,1,29,,87079,43,,,1,70,,87100,43,,,1,32,,87081,43,,,1,70,,87084,43,,,1
