3600,'Semaine-1',924,,81164,35,,,1,100,,81165,35,,,1,102,,81163,35,,,1,100,,81166,35,,,1,100,,81168,35,,,1,100,,81169,35,,,1,100,,81167,35,,,1
3600,'Semaine-12',924,,81171,35,,,1,100,,81172,35,,,1,102,,81170,35,,,1,100,,81173,35,,,1,100,,81175,35,,,1,100,,81176,35,,,1,100,,81174,35,,,1
3700,'Samedi-1',741,,81191,27,,,1,100,,81192,27,,,1,100,,81194,27,,,1,102,,81195,27,,,1,100,,81193,27,,,1,101,,81196,27,,,1,100,,81197,27,,,1,100,,81198,27,,,1,100,,81199,27,,,1,100,,81200,27,,,1,100,,81201,27,,,1,100,,81202,27,,,1,97,,81203,27,,,1,100,,81204,27,,,1,100,,81205,27,,,1,100,,81206,27,,,1,98,,81207,27,,,1,100,,81208,27,,,1
3700,'Samedi-10',741,,68178,27,,,1,100,,68179,27,,,1,100,,68181,27,,,1,102,,68182,27,,,1,100,,68180,27,,,1,101,,68183,27,,,1,100,,68184,27,,,1,100,,68185,27,,,1,100,,68186,27,,,1,100,,68187,27,,,1,100,,68188,27,,,1,100,,68189,27,,,1,97,,68190,27,,,1,100,,68191,27,,,1,100,,68192,27,,,1,100,,68193,27,,,1,98,,68194,27,,,1,100,,68195,27,,,1
3700,'Dimanche-1',741,,81211,27,,,1,100,,81214,27,,,1,100,,81216,27,,,1,102,,81212,27,,,1,100,,81209,27,,,1,101,,81213,27,,,1,100,,81210,27,,,1,100,,81215,27,,,1,100,,81217,27,,,1,100,,81219,27,,,1,100,,81218,27,,,1,100,,81222,27,,,1,97,,81221,27,,,1,100,,81220,27,,,1,100,,81223,27,,,1,100,,81224,27,,,1,98,,81225,27,,,1,100,,81226,27,,,1
3700,'Semaine-1',700,,81248,27,,,1,41,,81254,27,,,1,73,,81245,27,,,1,29,,81229,27,,,1,69,,81243,27,,,1,89,,81235,27,,,1,100,,81231,27,,,1,100,,81232,27,,,1,100,,81233,27,,,1,102,,81234,27,,,1,100,,81240,27,,,1,49,,81241,27,,,1,56,,81242,27,,,1,15,,81228,27,,,1,15,,81250,27,,,1,63,,81237,27,,,1,30,,81246,27,,,1,23,,81236,27,,,1,68,,81230,27,,,1,29,,81227,27,,,1,66,,81238,27,,,1,30,,81253,27,,,1,69,,81244,27,,,1,36,,81255,27,,,1,99,,81251,27,,,1,99,,81239,27,,,1,100,,81249,27,,,1,99,,81252,27,,,1,55,,81247,27,,,1
3700,'Semaine-12',700,,81277,27,,,1,41,,81283,27,,,1,73,,81274,27,,,1,29,,81258,27,,,1,69,,81272,27,,,1,89,,81264,27,,,1,100,,81260,27,,,1,100,,81261,27,,,1,100,,81262,27,,,1,102,,81263,27,,,1,100,,81269,27,,,1,49,,81270,27,,,1,56,,81271,27,,,1,15,,81257,27,,,1,15,,81279,27,,,1,63,,81266,27,,,1,30,,81275,27,,,1,23,,81265,27,,,1,68,,81259,27,,,1,29,,81256,27,,,1,66,,81267,27,,,1,30,,81282,27,,,1,69,,81273,27,,,1,36,,81284,27,,,1,99,,81280,27,,,1,99,,81268,27,,,1,100,,81278,27,,,1,99,,81281,27,,,1,55,,81276,27,,,1
37100,'Samedi-1',810,,85916,28,,,1,101,,85920,28,,,1,100,,85915,28,,,1,102,,85921,28,,,1,100,,85917,28,,,1,100,,85918,28,,,1,100,,85919,28,,,1,102,,85922,28,,,1,100,,85923,28,,,1,100,,85924,28,,,1,99,,85925,28,,,1,98,,85926,28,,,1,100,,85927,28,,,1,98,,85928,28,,,1,100,,85929,28,,,1,100,,85930,28,,,1,99,,85931,28,,,1
37100,'Samedi-10',810,,77442,28,,,1,101,,77446,28,,,1,100,,77441,28,,,1,102,,77447,28,,,1,100,,77443,28,,,1,100,,77444,28,,,1,100,,77445,28,,,1,102,,77448,28,,,1,100,,77449,28,,,1,100,,77450,28,,,1,99,,77451,28,,,1,98,,77452,28,,,1,100,,77453,28,,,1,98,,77454,28,,,1,100,,77455,28,,,1,100,,77456,28,,,1,99,,77457,28,,,1
37100,'Dimanche-1',810,,85932,28,,,1,101,,85934,28,,,1,100,,85936,28,,,1,102,,85937,28,,,1,100,,85944,28,,,1,100,,85933,28,,,1,100,,85938,28,,,1,102,,85935,28,,,1,100,,85940,28,,,1,100,,85942,28,,,1,99,,85943,28,,,1,98,,85941,28,,,1,100,,85939,28,,,1,98,,85945,28,,,1,100,,85946,28,,,1,100,,85947,28,,,1,99,,85948,28,,,1
37100,'Semaine-1',719,,85962,28,,,1,33,,85959,28,,,1,70,,85955,28,,,1,29,,85950,28,,,1,90,,85969,28,,,1,97,,85954,28,,,1,102,,85956,28,,,1,100,,85968,28,,,1,100,,85963,28,,,1,103,,85952,28,,,1,94,,85964,28,,,1,19,,85973,28,,,1,56,,85953,28,,,1,15,,85974,28,,,1,25,,85949,28,,,1,60,,85958,28,,,1,27,,85965,28,,,1,65,,85971,28,,,1,27,,85970,28,,,1,70,,85960,28,,,1,28,,85972,28,,,1,30,,85975,28,,,1,70,,85961,28,,,1,95,,85957,28,,,1,100,,85967,28,,,1,100,,85966,28,,,1,98,,85951,28,,,1
37100,'Semaine-12',719,,85989,28,,,1,33,,85986,28,,,1,70,,85982,28,,,1,29,,85977,28,,,1,90,,85996,28,,,1,97,,85981,28,,,1,102,,85983,28,,,1,100,,85995,28,,,1,100,,85990,28,,,1,103,,85979,28,,,1,94,,85991,28,,,1,19,,86000,28,,,1,56,,85980,28,,,1,15,,86001,28,,,1,25,,85976,28,,,1,60,,85985,28,,,1,27,,85992,28,,,1,65,,85998,28,,,1,27,,85997,28,,,1,70,,85987,28,,,1,28,,85999,28,,,1,30,,86002,28,,,1,70,,85988,28,,,1,95,,85984,28,,,1,100,,85994,28,,,1,100,,85993,28,,,1,98,,85978,28,,,1
43700,'Semaine-1',739,,86783,23,0,9 14,1,2,,86784,19,0,9 14,2
43700,'Semaine-12',739,,86785,23,0,9 14,1,2,,86786,19,0,9 14,2
