2501,'Semaine-1',555,,80009,7,,,2,69,,80008,7,,,1,30,,80006,7,,,1,70,,80007,7,,,2,31,,80010,7,,,1,69,,80005,7,,,2
2501,'Semaine-12',555,,80015,7,,,2,69,,80014,7,,,1,30,,80012,7,,,1,70,,80013,7,,,2,31,,80016,7,,,1,69,,80011,7,,,2
32501,'Semaine-1',808,,85899,7,0,7 8,1,3,,85900,7,0,7 8,1
32501,'Semaine-12',808,,85901,7,0,7 8,1,3,,85902,7,0,7 8,1
42500,'Semaine-1',657,,86753,7,0,9 14,1,2,,86754,7,0,9 14,2
42500,'Semaine-12',657,,86755,7,0,9 14,1,2,,86756,7,0,9 14,2
72501,'Semaine-1',805,,86869,7,0,5 11,2
72501,'Semaine-12',805,,86870,7,0,5 11,2
82501,'Semaine-1',738,,87116,7,0,9 12 13,1,1,,87117,7,0,9 12 13,1
82501,'Semaine-12',738,,87118,7,0,9 12 13,1,1,,87119,7,0,9 12 13,1
