3600,'Semaine-1',904,,81164,11,,,1,99,,81165,11,,,1,101,,81163,11,,,1,100,,81166,11,,,1,100,,81168,11,,,1,100,,81169,11,,,1,99,,81167,11,,,1
3600,'Semaine-12',904,,81171,11,,,1,99,,81172,11,,,1,101,,81170,11,,,1,100,,81173,11,,,1,100,,81175,11,,,1,100,,81176,11,,,1,99,,81174,11,,,1
3700,'Samedi-1',727,,81191,11,,,1,100,,81192,11,,,1,100,,81194,11,,,1,101,,81195,11,,,1,100,,81193,11,,,1,100,,81196,11,,,1,100,,81197,11,,,1,100,,81198,11,,,1,100,,81199,11,,,1,100,,81200,11,,,1,100,,81201,11,,,1,100,,81202,11,,,1,99,,81203,11,,,1,100,,81204,11,,,1,100,,81205,11,,,1,100,,81206,11,,,1,100,,81207,11,,,1,100,,81208,11,,,1
3700,'Samedi-10',727,,68178,11,,,1,100,,68179,11,,,1,100,,68181,11,,,1,101,,68182,11,,,1,100,,68180,11,,,1,100,,68183,11,,,1,100,,68184,11,,,1,100,,68185,11,,,1,100,,68186,11,,,1,100,,68187,11,,,1,100,,68188,11,,,1,100,,68189,11,,,1,99,,68190,11,,,1,100,,68191,11,,,1,100,,68192,11,,,1,100,,68193,11,,,1,100,,68194,11,,,1,100,,68195,11,,,1
3700,'Dimanche-1',727,,81211,11,,,1,100,,81214,11,,,1,100,,81216,11,,,1,101,,81212,11,,,1,100,,81209,11,,,1,100,,81213,11,,,1,100,,81210,11,,,1,100,,81215,11,,,1,100,,81217,11,,,1,100,,81219,11,,,1,100,,81218,11,,,1,100,,81222,11,,,1,99,,81221,11,,,1,100,,81220,11,,,1,100,,81223,11,,,1,100,,81224,11,,,1,100,,81225,11,,,1,100,,81226,11,,,1
3700,'Semaine-1',644,,81248,11,,,1,81,,81254,11,,,1,34,,81245,11,,,1,68,,81229,11,,,1,29,,81243,11,,,1,89,,81235,11,,,1,100,,81231,11,,,1,100,,81232,11,,,1,100,,81233,11,,,1,100,,81234,11,,,1,100,,81240,11,,,1,87,,81241,11,,,1,16,,81242,11,,,1,55,,81228,11,,,1,15,,81250,11,,,1,25,,81237,11,,,1,70,,81246,11,,,1,23,,81236,11,,,1,68,,81230,11,,,1,30,,81227,11,,,1,69,,81238,11,,,1,29,,81253,11,,,1,69,,81244,11,,,1,36,,81255,11,,,1,100,,81251,11,,,1,100,,81239,11,,,1,100,,81249,11,,,1,100,,81252,11,,,1,15,,81247,11,,,1
3700,'Semaine-12',644,,81277,11,,,1,81,,81283,11,,,1,34,,81274,11,,,1,68,,81258,11,,,1,29,,81272,11,,,1,89,,81264,11,,,1,100,,81260,11,,,1,100,,81261,11,,,1,100,,81262,11,,,1,100,,81263,11,,,1,100,,81269,11,,,1,87,,81270,11,,,1,16,,81271,11,,,1,55,,81257,11,,,1,15,,81279,11,,,1,25,,81266,11,,,1,70,,81275,11,,,1,23,,81265,11,,,1,68,,81259,11,,,1,30,,81256,11,,,1,69,,81267,11,,,1,29,,81282,11,,,1,69,,81273,11,,,1,36,,81284,11,,,1,100,,81280,11,,,1,100,,81268,11,,,1,100,,81278,11,,,1,100,,81281,11,,,1,15,,81276,11,,,1
37100,'Samedi-1',757,,85916,11,,,1,100,,85920,11,,,1,100,,85915,11,,,1,101,,85921,11,,,1,100,,85917,11,,,1,100,,85918,11,,,1,100,,85919,11,,,1,100,,85922,11,,,1,100,,85923,11,,,1,100,,85924,11,,,1,100,,85925,11,,,1,100,,85926,11,,,1,100,,85927,11,,,1,99,,85928,11,,,1,100,,85929,11,,,1,100,,85930,11,,,1,100,,85931,11,,,1
37100,'Samedi-10',757,,77442,11,,,1,100,,77446,11,,,1,100,,77441,11,,,1,101,,77447,11,,,1,100,,77443,11,,,1,100,,77444,11,,,1,100,,77445,11,,,1,100,,77448,11,,,1,100,,77449,11,,,1,100,,77450,11,,,1,100,,77451,11,,,1,100,,77452,11,,,1,100,,77453,11,,,1,99,,77454,11,,,1,100,,77455,11,,,1,100,,77456,11,,,1,100,,77457,11,,,1
37100,'Dimanche-1',757,,85932,11,,,1,100,,85934,11,,,1,100,,85936,11,,,1,101,,85937,11,,,1,100,,85944,11,,,1,100,,85933,11,,,1,100,,85938,11,,,1,100,,85935,11,,,1,100,,85940,11,,,1,100,,85942,11,,,1,100,,85943,11,,,1,100,,85941,11,,,1,100,,85939,11,,,1,99,,85945,11,,,1,100,,85946,11,,,1,100,,85947,11,,,1,100,,85948,11,,,1
37100,'Semaine-1',703,,85962,11,,,1,33,,85959,11,,,1,70,,85955,11,,,1,29,,85950,11,,,1,90,,85969,11,,,1,97,,85954,11,,,1,102,,85956,11,,,1,100,,85968,11,,,1,99,,85963,11,,,1,102,,85952,11,,,1,92,,85964,11,,,1,19,,85973,11,,,1,16,,85953,11,,,1,55,,85974,11,,,1,26,,85949,11,,,1,20,,85958,11,,,1,69,,85965,11,,,1,25,,85971,11,,,1,68,,85970,11,,,1,30,,85960,11,,,1,69,,85972,11,,,1,30,,85975,11,,,1,70,,85961,11,,,1,95,,85957,11,,,1,100,,85967,11,,,1,100,,85966,11,,,1,98,,85951,11,,,1
37100,'Semaine-12',703,,85989,11,,,1,33,,85986,11,,,1,70,,85982,11,,,1,29,,85977,11,,,1,90,,85996,11,,,1,97,,85981,11,,,1,102,,85983,11,,,1,100,,85995,11,,,1,99,,85990,11,,,1,102,,85979,11,,,1,92,,85991,11,,,1,19,,86000,11,,,1,16,,85980,11,,,1,55,,86001,11,,,1,26,,85976,11,,,1,20,,85985,11,,,1,69,,85992,11,,,1,25,,85998,11,,,1,68,,85997,11,,,1,30,,85987,11,,,1,69,,85999,11,,,1,30,,86002,11,,,1,70,,85988,11,,,1,95,,85984,11,,,1,100,,85994,11,,,1,100,,85993,11,,,1,98,,85978,11,,,1
43700,'Semaine-1',723,,86783,7,0,9 14,1,2,,86784,3,0,9 14,2
43700,'Semaine-12',723,,86785,7,0,9 14,1,2,,86786,3,0,9 14,2
82901,'Semaine-1',803,,87138,19,0,9 12 13,1,1,,87139,19,0,9 12 13,1,1,,87140,19,0,9 12 13,2
82901,'Semaine-12',803,,87141,19,0,9 12 13,1,1,,87142,19,0,9 12 13,1,1,,87143,19,0,9 12 13,2
