2600,'Semaine-0',1614,,65984,37,,,1,32,,65983,37,,,1,68,,65982,37,,,2,30,,65985,37,,,1,67,,65986,37,,,2
2600,'Semaine-10',1614,,65989,37,,,1,32,,65988,37,,,1,68,,65987,37,,,2,30,,65990,37,,,1,67,,65991,37,,,2
2600,'Semaine-11',1614,,65994,37,,,1,32,,65993,37,,,1,68,,65992,37,,,2,30,,65995,37,,,1,67,,65996,37,,,2
32600,'Semaine-0',1639,,77406,28,,,1
32600,'Semaine-10',1639,,77407,28,,,1
32600,'Semaine-11',1639,,77408,28,,,1
72900,'Semaine-0',1650,,79401,35,0,5 11,2
72900,'Semaine-10',1650,,79402,35,0,5 11,2
72900,'Semaine-11',1650,,79403,35,0,5 11,2
82600,'Semaine-0',1541,,79876,18,0,9 12 13,1
82600,'Semaine-10',1541,,79878,18,0,9 12 13,1
82600,'Semaine-11',1541,,79880,18,0,9 12 13,1
