2701,'Semaine-1',607,,80049,1,,,1,43,,80050,1,,,1,91,,80047,1,,,1,66,,80048,1,,,2
2701,'Semaine-12',607,,80053,1,,,1,43,,80054,1,,,1,91,,80051,1,,,1,66,,80052,1,,,2
3501,'Semaine-1',644,,81130,1,,,1,75,,81123,1,,,1
3501,'Semaine-12',644,,81162,1,,,1,75,,81155,1,,,1
33101,'Semaine-1',1631,,85913,21,0,7 8,1
33101,'Semaine-12',1631,,85914,21,0,7 8,1
43301,'Semaine-1',735,,86781,17,0,9 14,1
43301,'Semaine-12',735,,86782,17,0,9 14,1
82701,'Semaine-1',745,,87130,1,0,9 12 13,2
82701,'Semaine-12',745,,87131,1,0,9 12 13,2
