2601,'Semaine-1',606,,80028,25,,,1,31,,80030,25,,,2,70,,80031,25,,,2,30,,80029,25,,,1,69,,80027,25,,,2
2601,'Semaine-12',606,,80033,25,,,1,31,,80035,25,,,2,70,,80036,25,,,2,30,,80034,25,,,1,69,,80032,25,,,2
2801,'Semaine-1',702,,80062,35,,,1,33,,80063,35,,,2,99,,80061,35,,,2
2801,'Semaine-12',702,,80065,35,,,1,33,,80066,35,,,2,99,,80064,35,,,2
2901,'Semaine-1',719,,80077,11,,,2,30,,80080,11,,,1,70,,80078,11,,,1,32,,80079,11,,,2
2901,'Semaine-12',719,,80081,11,,,2,30,,80084,11,,,1,70,,80082,11,,,1,32,,80083,11,,,2
3201,'Semaine-1',522,,80478,23,,,1,20,,80477,23,,,1,60,,80469,23,,,1,21,,80479,23,,,2,10,,80459,23,,,1,8,,80480,23,,,1,11,,80460,23,,,1,50,,80461,23,,,1,8,,80453,23,,,1,11,,80456,23,,,1,8,,80482,23,,,1,8,,80462,23,,,1,8,,80457,23,,,1,9,,80470,23,,,1,48,,80452,23,,,1,8,,80463,23,,,1,8,,80481,23,,,2,8,,80451,23,,,1,10,,80450,23,,,1,10,,80455,23,,,1,8,,80458,23,,,1,50,,80464,23,,,1,22,,80438,23,,,2,30,,80448,23,,,1,71,,80441,23,,,1,29,,80444,23,,,1,70,,80437,23,,,1,30,,80447,23,,,1,70,,80442,23,,,1,30,,80449,23,,,1,70,,80431,23,,,1,30,,80436,23,,,1,70,,80443,23,,,1,30,,80454,23,,,1,71,,80471,23,,,1,31,,80472,23,,,2,69,,80473,23,,,1,30,,80474,23,,,1,69,,80475,23,,,2,30,,80476,23,,,1,70,,80434,23,,,1,30,,80432,23,,,2,70,,80445,23,,,2,30,,80440,23,,,1,69,,80435,23,,,1,31,,80433,23,,,2,70,,80446,23,,,1,28,,80439,23,,,1,68,,80466,23,,,1,32,,80465,23,,,1,69,,80467,23,,,1,30,,80468,23,,,1
3201,'Semaine-12',522,,80530,23,,,1,20,,80529,23,,,1,60,,80521,23,,,1,21,,80531,23,,,2,10,,80511,23,,,1,8,,80532,23,,,1,11,,80512,23,,,1,50,,80513,23,,,1,8,,80505,23,,,1,11,,80508,23,,,1,8,,80534,23,,,1,8,,80514,23,,,1,8,,80509,23,,,1,9,,80522,23,,,1,48,,80504,23,,,1,8,,80515,23,,,1,8,,80533,23,,,2,8,,80503,23,,,1,10,,80502,23,,,1,10,,80507,23,,,1,8,,80510,23,,,1,50,,80516,23,,,1,22,,80490,23,,,2,30,,80500,23,,,1,71,,80493,23,,,1,29,,80496,23,,,1,70,,80489,23,,,1,30,,80499,23,,,1,70,,80494,23,,,1,30,,80501,23,,,1,70,,80483,23,,,1,30,,80488,23,,,1,70,,80495,23,,,1,30,,80506,23,,,1,71,,80523,23,,,1,31,,80524,23,,,2,69,,80525,23,,,1,30,,80526,23,,,1,69,,80527,23,,,2,30,,80528,23,,,1,70,,80486,23,,,1,30,,80484,23,,,2,70,,80497,23,,,2,30,,80492,23,,,1,69,,80487,23,,,1,31,,80485,23,,,2,70,,80498,23,,,1,28,,80491,23,,,1,68,,80518,23,,,1,32,,80517,23,,,1,69,,80519,23,,,1,30,,80520,23,,,1
3401,'Samedi-1',713,,80905,44,,,1,100,,80908,44,,,1,30,,80917,44,,,1,70,,80906,44,,,1,33,,80911,44,,,1,70,,80913,44,,,1,28,,80907,44,,,1,70,,80916,44,,,1,33,,80909,44,,,1,69,,80918,44,,,1,31,,80910,44,,,1,70,,80912,44,,,1,30,,80914,44,,,1,70,,80915,44,,,1,30,,80919,44,,,1,71,,80920,44,,,1,30,,80921,44,,,1,70,,80922,44,,,1,30,,80923,44,,,1,68,,80924,44,,,1,30,,80925,44,,,1,69,,80926,44,,,1,30,,80927,44,,,1,70,,80929,44,,,1,28,,80928,44,,,1,70,,80930,44,,,1,30,,80931,44,,,1,70,,80932,44,,,1,30,,80934,44,,,1,70,,80933,44,,,1,30,,80935,44,,,1,95,,80936,44,,,1
3401,'Samedi-10',713,,67667,44,,,1,100,,67670,44,,,1,30,,67679,44,,,1,70,,67668,44,,,1,33,,67673,44,,,1,70,,67675,44,,,1,28,,67669,44,,,1,70,,67678,44,,,1,33,,67671,44,,,1,69,,67680,44,,,1,31,,67672,44,,,1,70,,67674,44,,,1,30,,67676,44,,,1,70,,67677,44,,,1,30,,67681,44,,,1,71,,67682,44,,,1,30,,67683,44,,,1,70,,67684,44,,,1,30,,67685,44,,,1,68,,67686,44,,,1,30,,67687,44,,,1,69,,67688,44,,,1,30,,67689,44,,,1,70,,67691,44,,,1,28,,67690,44,,,1,70,,67692,44,,,1,30,,67693,44,,,1,70,,67694,44,,,1,30,,67696,44,,,1,70,,67695,44,,,1,30,,67697,44,,,1,95,,67698,44,,,1
3401,'Dimanche-1',713,,80937,44,,,1,100,,80945,44,,,1,30,,80950,44,,,1,70,,80942,44,,,1,33,,80940,44,,,1,70,,80963,44,,,1,28,,80944,44,,,1,70,,80949,44,,,1,33,,80939,44,,,1,69,,80938,44,,,1,31,,80941,44,,,1,70,,80948,44,,,1,30,,80951,44,,,1,70,,80943,44,,,1,30,,80947,44,,,1,71,,80946,44,,,1,30,,80952,44,,,1,70,,80956,44,,,1,30,,80953,44,,,1,68,,80954,44,,,1,30,,80955,44,,,1,69,,80962,44,,,1,30,,80957,44,,,1,70,,80960,44,,,1,28,,80958,44,,,1,70,,80959,44,,,1,30,,80961,44,,,1,70,,80964,44,,,1,30,,80966,44,,,1,70,,80965,44,,,1,30,,80967,44,,,1,95,,80968,44,,,1
3401,'Semaine-1',920,,80994,44,,,1,30,,80974,44,,,2,70,,80978,44,,,1,30,,80998,44,,,1,70,,80971,44,,,1,30,,80975,44,,,1,70,,80979,44,,,1,30,,80969,44,,,1,70,,80972,44,,,1,30,,80976,44,,,1,70,,80980,44,,,2,31,,80973,44,,,1,70,,80995,44,,,1,31,,80970,44,,,1,75,,80996,44,,,1,27,,80997,44,,,1,69,,80991,44,,,1,27,,80987,44,,,1,70,,80977,44,,,1,29,,80984,44,,,1,69,,80993,44,,,1,30,,80981,44,,,1,70,,80983,44,,,1,30,,80985,44,,,1,70,,80989,44,,,2,30,,80982,44,,,1,70,,80988,44,,,1,29,,80986,44,,,1,70,,80990,44,,,1,30,,80992,44,,,1
3401,'Semaine-12',920,,81024,44,,,1,30,,81004,44,,,2,70,,81008,44,,,1,30,,81028,44,,,1,70,,81001,44,,,1,30,,81005,44,,,1,70,,81009,44,,,1,30,,80999,44,,,1,70,,81002,44,,,1,30,,81006,44,,,1,70,,81010,44,,,2,31,,81003,44,,,1,70,,81025,44,,,1,31,,81000,44,,,1,75,,81026,44,,,1,27,,81027,44,,,1,69,,81021,44,,,1,27,,81017,44,,,1,70,,81007,44,,,1,29,,81014,44,,,1,69,,81023,44,,,1,30,,81011,44,,,1,70,,81013,44,,,1,30,,81015,44,,,1,70,,81019,44,,,2,30,,81012,44,,,1,70,,81018,44,,,1,29,,81016,44,,,1,70,,81020,44,,,1,30,,81022,44,,,1
5601,'Semaine-1',1227,,82735,18,,,1,102,,82732,18,,,1,100,,82731,18,,,1,101,,82734,18,,,2,104,,82733,18,,,1,97,,82736,18,,,1,97,,82737,18,,,1
5601,'Semaine-12',1227,,82742,18,,,1,102,,82739,18,,,1,100,,82738,18,,,1,101,,82741,18,,,2,104,,82740,18,,,1,97,,82743,18,,,1,97,,82744,18,,,1
32901,'Semaine-1',1652,,85909,37,0,7 8,1
32901,'Semaine-12',1652,,85910,37,0,7 8,1
42901,'Semaine-1',1516,,86769,19,0,9 14,1
42901,'Semaine-12',1516,,86770,19,0,9 14,1
55401,'Semaine-1',1535,,86814,16,0,5 6,1
55401,'Semaine-12',1535,,86816,16,0,5 6,1
72901,'Semaine-1',820,,86875,23,0,5 11,2
72901,'Semaine-12',820,,86876,23,0,5 11,2
82901,'Semaine-1',755,,87138,11,0,9 12 13,1,1,,87139,11,0,9 12 13,1,1,,87140,11,0,9 12 13,2
82901,'Semaine-12',755,,87141,11,0,9 12 13,1,1,,87142,11,0,9 12 13,1,1,,87143,11,0,9 12 13,2
