2000,'Semaine-1',652,,79961,20,,,1,151,,79960,20,,,1,97,,79959,20,,,1
2000,'Semaine-12',652,,79964,20,,,1,151,,79963,20,,,1,97,,79962,20,,,1
2700,'Semaine-1',1608,,80039,22,,,1,30,,80037,22,,,2,67,,80041,22,,,1,30,,80038,22,,,2,69,,80040,22,,,2
2700,'Semaine-12',1608,,80044,22,,,1,30,,80042,22,,,2,67,,80046,22,,,1,30,,80043,22,,,2,69,,80045,22,,,2
3900,'Samedi-1',714,,81669,51,,,1,101,,81670,51,,,1,100,,81674,51,,,1,102,,81673,51,,,1,100,,81676,51,,,1,98,,81675,51,,,1,104,,81671,51,,,1,30,,81672,51,,,1,70,,81677,51,,,1,31,,81678,51,,,1,70,,81679,51,,,1,30,,81680,51,,,1,71,,81681,51,,,1,30,,81682,51,,,1,70,,81683,51,,,1,30,,81684,51,,,1,66,,81685,51,,,1,29,,81686,51,,,1,69,,81687,51,,,1,31,,81688,51,,,1,100,,81689,51,,,1,100,,81690,51,,,1,100,,81691,51,,,1,97,,81692,51,,,1
3900,'Samedi-10',714,,69204,51,,,1,101,,69205,51,,,1,100,,69209,51,,,1,102,,69208,51,,,1,100,,69211,51,,,1,98,,69210,51,,,1,104,,69206,51,,,1,30,,69207,51,,,1,70,,69212,51,,,1,31,,69213,51,,,1,70,,69214,51,,,1,30,,69215,51,,,1,71,,69216,51,,,1,30,,69217,51,,,1,70,,69218,51,,,1,30,,69219,51,,,1,66,,69220,51,,,1,29,,69221,51,,,1,69,,69222,51,,,1,31,,69223,51,,,1,100,,69224,51,,,1,100,,69225,51,,,1,100,,69226,51,,,1,97,,69227,51,,,1
3900,'Dimanche-1',714,,81693,51,,,1,101,,81700,51,,,1,100,,81703,51,,,1,102,,81696,51,,,1,100,,81698,51,,,1,98,,81699,51,,,1,104,,81702,51,,,1,30,,81695,51,,,1,70,,81697,51,,,1,31,,81704,51,,,1,70,,81694,51,,,1,30,,81705,51,,,1,71,,81701,51,,,1,30,,81708,51,,,1,70,,81711,51,,,1,30,,81713,51,,,1,66,,81707,51,,,1,29,,81710,51,,,1,69,,81712,51,,,1,31,,81706,51,,,1,100,,81709,51,,,1,100,,81714,51,,,1,100,,81715,51,,,1,97,,81716,51,,,1
3900,'Semaine-1',652,,81734,51,,,1,65,,81720,51,,,1,36,,81739,51,,,1,69,,81732,51,,,1,31,,81733,51,,,1,68,,81731,51,,,1,32,,81728,51,,,1,70,,81745,51,,,2,30,,81740,51,,,1,71,,81752,51,,,1,30,,81737,51,,,2,70,,81741,51,,,1,30,,81729,51,,,1,71,,81727,51,,,1,30,,81742,51,,,1,69,,81730,51,,,2,30,,81717,51,,,1,75,,81743,51,,,1,72,,81724,51,,,1,30,,81726,51,,,1,72,,81744,51,,,2,32,,81723,51,,,1,68,,81718,51,,,1,29,,81746,51,,,1,23,,81725,51,,,1,71,,81719,51,,,2,29,,81747,51,,,2,72,,81722,51,,,1,25,,81738,51,,,2,66,,81748,51,,,1,30,,81721,51,,,1,70,,81736,51,,,1,29,,81749,51,,,1,70,,81735,51,,,1,32,,81751,51,,,1,68,,81750,51,,,1
3900,'Semaine-12',652,,81770,51,,,1,65,,81756,51,,,1,36,,81775,51,,,1,69,,81768,51,,,1,31,,81769,51,,,1,68,,81767,51,,,1,32,,81764,51,,,1,70,,81781,51,,,2,30,,81776,51,,,1,71,,81788,51,,,1,30,,81773,51,,,2,70,,81777,51,,,1,30,,81765,51,,,1,71,,81763,51,,,1,30,,81778,51,,,1,69,,81766,51,,,2,30,,81753,51,,,1,75,,81779,51,,,1,72,,81760,51,,,1,30,,81762,51,,,1,72,,81780,51,,,2,32,,81759,51,,,1,68,,81754,51,,,1,29,,81782,51,,,1,23,,81761,51,,,1,71,,81755,51,,,2,29,,81783,51,,,2,72,,81758,51,,,1,25,,81774,51,,,2,66,,81784,51,,,1,30,,81757,51,,,1,70,,81772,51,,,1,29,,81785,51,,,1,70,,81771,51,,,1,32,,81787,51,,,1,68,,81786,51,,,1
6801,'Semaine-1',623,,84171,10,,,1,20,,84184,10,,,1,58,,84155,10,,,1,19,,84168,10,,,1,6,,84182,10,,,1,6,,84162,10,,,1,6,,84167,10,,,1,62,,84173,10,,,1,18,,84185,10,,,1,20,,84161,10,,,1,20,,84180,10,,,1,59,,84178,10,,,1,20,,84183,10,,,1,68,,84156,10,,,1,32,,84176,10,,,1,70,,84157,10,,,1,30,,84159,10,,,1,70,,84179,10,,,1,30,,84163,10,,,1,70,,84181,10,,,1,31,,84175,10,,,1,70,,84164,10,,,1,30,,84174,10,,,1,69,,84165,10,,,1,34,,84160,10,,,1,71,,84158,10,,,1,26,,84172,10,,,1,70,,84166,10,,,1,29,,84177,10,,,1,70,,84170,10,,,1,30,,84169,10,,,1
6801,'Semaine-12',623,,84202,10,,,1,20,,84215,10,,,1,58,,84186,10,,,1,19,,84199,10,,,1,6,,84213,10,,,1,6,,84193,10,,,1,6,,84198,10,,,1,62,,84204,10,,,1,18,,84216,10,,,1,20,,84192,10,,,1,20,,84211,10,,,1,59,,84209,10,,,1,20,,84214,10,,,1,68,,84187,10,,,1,32,,84207,10,,,1,70,,84188,10,,,1,30,,84190,10,,,1,70,,84210,10,,,1,30,,84194,10,,,1,70,,84212,10,,,1,31,,84206,10,,,1,70,,84195,10,,,1,30,,84205,10,,,1,69,,84196,10,,,1,34,,84191,10,,,1,71,,84189,10,,,1,26,,84203,10,,,1,70,,84197,10,,,1,29,,84208,10,,,1,70,,84201,10,,,1,30,,84200,10,,,1
82700,'Semaine-1',1531,,87128,12,0,9 12 13,2
82700,'Semaine-12',1531,,87129,12,0,9 12 13,2
