2500,'Semaine-1',1545,,79993,30,,,1,70,,79996,30,,,1,32,,79994,30,,,1,73,,79998,30,,,1,24,,79995,30,,,2,65,,79997,30,,,2
2500,'Semaine-12',1545,,79999,30,,,1,70,,80002,30,,,1,32,,80000,30,,,1,73,,80004,30,,,1,24,,80001,30,,,2,65,,80003,30,,,2
2800,'Semaine-1',1616,,80055,40,,,1,42,,80056,40,,,1,91,,80057,40,,,1
2800,'Semaine-12',1616,,80058,40,,,1,42,,80059,40,,,1,91,,80060,40,,,1
3900,'Samedi-1',647,,81669,18,,,1,101,,81670,18,,,1,100,,81674,18,,,1,101,,81673,18,,,1,100,,81676,18,,,1,101,,81675,18,,,1,102,,81671,18,,,1,70,,81672,18,,,1,30,,81677,18,,,1,71,,81678,18,,,1,30,,81679,18,,,1,70,,81680,18,,,1,31,,81681,18,,,1,70,,81682,18,,,1,30,,81683,18,,,1,70,,81684,18,,,1,30,,81685,18,,,1,69,,81686,18,,,1,29,,81687,18,,,1,68,,81688,18,,,1,100,,81689,18,,,1,100,,81690,18,,,1,100,,81691,18,,,1,100,,81692,18,,,1
3900,'Samedi-10',647,,69204,18,,,1,101,,69205,18,,,1,100,,69209,18,,,1,101,,69208,18,,,1,100,,69211,18,,,1,101,,69210,18,,,1,102,,69206,18,,,1,70,,69207,18,,,1,30,,69212,18,,,1,71,,69213,18,,,1,30,,69214,18,,,1,70,,69215,18,,,1,31,,69216,18,,,1,70,,69217,18,,,1,30,,69218,18,,,1,70,,69219,18,,,1,30,,69220,18,,,1,69,,69221,18,,,1,29,,69222,18,,,1,68,,69223,18,,,1,100,,69224,18,,,1,100,,69225,18,,,1,100,,69226,18,,,1,100,,69227,18,,,1
3900,'Dimanche-1',647,,81693,18,,,1,101,,81700,18,,,1,100,,81703,18,,,1,101,,81696,18,,,1,100,,81698,18,,,1,101,,81699,18,,,1,102,,81702,18,,,1,70,,81695,18,,,1,30,,81697,18,,,1,71,,81704,18,,,1,30,,81694,18,,,1,70,,81705,18,,,1,31,,81701,18,,,1,70,,81708,18,,,1,30,,81711,18,,,1,70,,81713,18,,,1,30,,81707,18,,,1,69,,81710,18,,,1,29,,81712,18,,,1,68,,81706,18,,,1,100,,81709,18,,,1,100,,81714,18,,,1,100,,81715,18,,,1,100,,81716,18,,,1
3900,'Semaine-1',623,,81734,18,,,1,22,,81720,18,,,1,71,,81739,18,,,1,29,,81732,18,,,1,75,,81733,18,,,1,32,,81731,18,,,1,72,,81728,18,,,1,30,,81745,18,,,2,70,,81740,18,,,1,30,,81752,18,,,1,70,,81737,18,,,2,30,,81741,18,,,1,70,,81729,18,,,1,31,,81727,18,,,1,70,,81742,18,,,1,29,,81730,18,,,2,70,,81717,18,,,1,34,,81743,18,,,1,73,,81724,18,,,1,69,,81726,18,,,1,32,,81744,18,,,2,72,,81723,18,,,1,28,,81718,18,,,1,69,,81746,18,,,1,27,,81725,18,,,1,31,,81719,18,,,2,69,,81747,18,,,2,72,,81722,18,,,1,25,,81738,18,,,2,26,,81748,18,,,1,70,,81721,18,,,1,30,,81736,18,,,1,69,,81749,18,,,1,30,,81735,18,,,1,72,,81751,18,,,1,28,,81750,18,,,1
3900,'Semaine-12',623,,81770,18,,,1,22,,81756,18,,,1,71,,81775,18,,,1,29,,81768,18,,,1,75,,81769,18,,,1,32,,81767,18,,,1,72,,81764,18,,,1,30,,81781,18,,,2,70,,81776,18,,,1,30,,81788,18,,,1,70,,81773,18,,,2,30,,81777,18,,,1,70,,81765,18,,,1,31,,81763,18,,,1,70,,81778,18,,,1,29,,81766,18,,,2,70,,81753,18,,,1,34,,81779,18,,,1,73,,81760,18,,,1,69,,81762,18,,,1,32,,81780,18,,,2,72,,81759,18,,,1,28,,81754,18,,,1,69,,81782,18,,,1,27,,81761,18,,,1,31,,81755,18,,,2,69,,81783,18,,,2,72,,81758,18,,,1,25,,81774,18,,,2,26,,81784,18,,,1,70,,81757,18,,,1,30,,81772,18,,,1,69,,81785,18,,,1,30,,81771,18,,,1,72,,81787,18,,,1,28,,81786,18,,,1
5000,'Semaine-1',658,,82216,34,,,1,62,,82214,34,,,1,7,,82215,13,,,2,25,,82217,34,,,2,70,,82213,34,,,1,107,,82218,34,,,1
5000,'Semaine-12',658,,82222,34,,,1,62,,82220,34,,,1,7,,82221,13,,,2,25,,82223,34,,,2,70,,82219,34,,,1,107,,82224,34,,,1
32500,'Semaine-1',1644,,85896,36,0,7 8,1
32500,'Semaine-12',1644,,85898,36,0,7 8,1
42501,'Semaine-1',1515,,86757,24,0,9 14,1
42501,'Semaine-12',1515,,86758,24,0,9 14,1
55000,'Semaine-1',714,,86799,34,0,5 6,1,2,,86800,34,0,5 6,1
55000,'Semaine-12',714,,86801,34,0,5 6,1,2,,86802,34,0,5 6,1
63900,'Semaine-1',1525,,86833,31,0,9 10,1
63900,'Semaine-12',1525,,86834,31,0,9 10,1
72500,'Semaine-1',1639,,86867,28,0,5 11,1
72500,'Semaine-12',1639,,86868,28,0,5 11,1
82500,'Semaine-1',1545,,87113,22,0,9 12 13,1
82500,'Semaine-12',1545,,87115,22,0,9 12 13,1
