3601,'Semaine-1',838,,81179,5,,,1,91,,81177,5,,,1,100,,81180,5,,,1,100,,81178,5,,,1,99,,81183,5,,,1,100,,81182,5,,,1,101,,81181,5,,,1
3601,'Semaine-12',838,,81186,5,,,1,91,,81184,5,,,1,100,,81187,5,,,1,100,,81185,5,,,1,99,,81190,5,,,1,100,,81189,5,,,1,101,,81188,5,,,1
3701,'Samedi-1',645,,81286,5,,,1,100,,81291,5,,,1,100,,81285,5,,,1,100,,81290,5,,,1,100,,81287,5,,,1,100,,81288,5,,,1,100,,81292,5,,,1,99,,81289,5,,,1,100,,81293,5,,,1,100,,81294,5,,,1,100,,81295,5,,,1,102,,81296,5,,,1,100,,81297,5,,,1,100,,81298,5,,,1,100,,81299,5,,,1,100,,81300,5,,,1,101,,81301,5,,,1
3701,'Samedi-10',645,,68373,5,,,1,100,,68378,5,,,1,100,,68372,5,,,1,100,,68377,5,,,1,100,,68374,5,,,1,100,,68375,5,,,1,100,,68379,5,,,1,99,,68376,5,,,1,100,,68380,5,,,1,100,,68381,5,,,1,100,,68382,5,,,1,102,,68383,5,,,1,100,,68384,5,,,1,100,,68385,5,,,1,100,,68386,5,,,1,100,,68387,5,,,1,101,,68388,5,,,1
3701,'Dimanche-1',645,,81303,5,,,1,100,,81304,5,,,1,100,,81306,5,,,1,100,,81307,5,,,1,100,,81315,5,,,1,100,,81302,5,,,1,100,,81308,5,,,1,99,,81305,5,,,1,100,,81310,5,,,1,100,,81311,5,,,1,100,,81313,5,,,1,102,,81312,5,,,1,100,,81309,5,,,1,100,,81314,5,,,1,100,,81316,5,,,1,100,,81317,5,,,1,101,,81318,5,,,1
3701,'Semaine-1',512,,81332,5,,,1,29,,81330,5,,,1,75,,81334,5,,,1,30,,81324,5,,,1,71,,81341,5,,,1,16,,81321,5,,,1,14,,81342,5,,,1,69,,81323,5,,,1,99,,81340,5,,,1,100,,81328,5,,,1,100,,81322,5,,,1,100,,81320,5,,,1,100,,81325,5,,,1,100,,81336,5,,,1,98,,81319,5,,,1,30,,81335,5,,,1,71,,81338,5,,,1,29,,81333,5,,,1,72,,81339,5,,,1,30,,81343,5,,,1,85,,81327,5,,,1,100,,81337,5,,,1,100,,81329,5,,,1,102,,81326,5,,,1,96,,81331,5,,,1
3701,'Semaine-12',512,,81357,5,,,1,29,,81355,5,,,1,75,,81359,5,,,1,30,,81349,5,,,1,71,,81366,5,,,1,16,,81346,5,,,1,14,,81367,5,,,1,69,,81348,5,,,1,99,,81365,5,,,1,100,,81353,5,,,1,100,,81347,5,,,1,100,,81345,5,,,1,100,,81350,5,,,1,100,,81361,5,,,1,98,,81344,5,,,1,30,,81360,5,,,1,71,,81363,5,,,1,29,,81358,5,,,1,72,,81364,5,,,1,30,,81368,5,,,1,85,,81352,5,,,1,100,,81362,5,,,1,100,,81354,5,,,1,102,,81351,5,,,1,96,,81356,5,,,1
6401,'Samedi-1',714,,83372,5,,,1,100,,83369,5,,,1,100,,83371,5,,,1,100,,83374,5,,,1,100,,83370,5,,,1,100,,83375,5,,,1,100,,83373,5,,,1,100,,83376,5,,,1,100,,83377,5,,,1,100,,83378,5,,,1,100,,83379,5,,,1
6401,'Samedi-10',714,,72587,5,,,1,100,,72584,5,,,1,100,,72586,5,,,1,100,,72589,5,,,1,100,,72585,5,,,1,100,,72590,5,,,1,100,,72588,5,,,1,100,,72591,5,,,1,100,,72592,5,,,1,100,,72593,5,,,1,100,,72594,5,,,1
6401,'Dimanche-1',714,,83384,5,,,1,100,,83381,5,,,1,100,,83387,5,,,1,100,,83388,5,,,1,100,,83385,5,,,1,100,,83380,5,,,1,100,,83382,5,,,1,100,,83383,5,,,1,100,,83389,5,,,1,100,,83386,5,,,1,100,,83390,5,,,1
6401,'Semaine-1',513,,83391,5,,,2,108,,83401,5,,,2,100,,83403,5,,,1,100,,83400,5,,,1,93,,83408,5,,,1,100,,83395,5,,,1,100,,83394,5,,,1,100,,83406,5,,,1,100,,83402,5,,,2,99,,83404,5,,,1,100,,83405,5,,,1,102,,83396,5,,,1,98,,83392,5,,,1,100,,83393,5,,,1,100,,83399,5,,,1,100,,83397,5,,,1,100,,83398,5,,,1,100,,83407,5,,,1
6401,'Semaine-12',513,,83409,5,,,2,108,,83419,5,,,2,100,,83421,5,,,1,100,,83418,5,,,1,93,,83426,5,,,1,100,,83413,5,,,1,100,,83412,5,,,1,100,,83424,5,,,1,100,,83420,5,,,2,99,,83422,5,,,1,100,,83423,5,,,1,102,,83414,5,,,1,98,,83410,5,,,1,100,,83411,5,,,1,100,,83417,5,,,1,100,,83415,5,,,1,100,,83416,5,,,1,100,,83425,5,,,1
6800,'Semaine-1',603,,84102,5,,,1,30,,84112,5,,,1,69,,84110,5,,,1,31,,84119,5,,,1,70,,84116,5,,,1,30,,84093,5,,,1,70,,84117,5,,,1,30,,84094,5,,,1,70,,84099,5,,,1,30,,84118,5,,,1,70,,84104,5,,,1,30,,84097,5,,,1,75,,84114,5,,,1,31,,84095,5,0,17,1,4,,84105,5,,,1,70,,84113,5,,,1,30,,84106,5,,,1,70,,84100,5,,,1,29,,84103,5,,,1,58,,84111,5,,,1,20,,84121,5,,,1,24,,84107,5,,,1,60,,84115,5,,,1,20,,84109,5,,,1,20,,84123,5,,,1,59,,84120,5,,,1,10,,84108,5,,,1,10,,84122,5,,,1,20,,84096,5,,,1,70,,84101,5,,,1,30,,84098,5,,,1
6800,'Semaine-12',603,,84133,5,,,1,30,,84143,5,,,1,69,,84141,5,,,1,31,,84150,5,,,1,70,,84147,5,,,1,30,,84124,5,,,1,70,,84148,5,,,1,30,,84125,5,,,1,70,,84130,5,,,1,30,,84149,5,,,1,70,,84135,5,,,1,30,,84128,5,,,1,75,,84145,5,,,1,31,,84126,5,0,17,1,4,,84136,5,,,1,70,,84144,5,,,1,30,,84137,5,,,1,70,,84131,5,,,1,29,,84134,5,,,1,58,,84142,5,,,1,20,,84152,5,,,1,24,,84138,5,,,1,60,,84146,5,,,1,20,,84140,5,,,1,20,,84154,5,,,1,59,,84151,5,,,1,10,,84139,5,,,1,10,,84153,5,,,1,20,,84127,5,,,1,70,,84132,5,,,1,30,,84129,5,,,1
33101,'Semaine-1',1642,,85913,35,0,7 8,1
33101,'Semaine-12',1642,,85914,35,0,7 8,1
37101,'Samedi-1',714,,86004,5,,,1,100,,86003,5,,,1,98,,86007,5,,,1,100,,86006,5,,,1,101,,86008,5,,,1,99,,86005,5,,,1,99,,86009,5,,,1,98,,86010,5,,,1,103,,86011,5,,,1,100,,86012,5,,,1,100,,86013,5,,,1,105,,86014,5,,,1,95,,86015,5,,,1,101,,86016,5,,,1,100,,86017,5,,,1,102,,86018,5,,,1,100,,86019,5,,,1
37101,'Samedi-10',714,,77625,5,,,1,100,,77624,5,,,1,98,,77628,5,,,1,100,,77627,5,,,1,101,,77629,5,,,1,99,,77626,5,,,1,99,,77630,5,,,1,98,,77631,5,,,1,103,,77632,5,,,1,100,,77633,5,,,1,100,,77634,5,,,1,105,,77635,5,,,1,95,,77636,5,,,1,101,,77637,5,,,1,100,,77638,5,,,1,102,,77639,5,,,1,100,,77640,5,,,1
37101,'Dimanche-1',714,,86033,5,,,1,100,,86022,5,,,1,98,,86023,5,,,1,100,,86020,5,,,1,101,,86025,5,,,1,99,,86021,5,,,1,99,,86024,5,,,1,98,,86027,5,,,1,103,,86026,5,,,1,100,,86028,5,,,1,100,,86032,5,,,1,105,,86031,5,,,1,95,,86029,5,,,1,101,,86030,5,,,1,100,,86034,5,,,1,102,,86035,5,,,1,100,,86036,5,,,1
37101,'Semaine-1',522,,86053,5,,,1,31,,86056,5,,,1,70,,86049,5,,,1,28,,86051,5,,,1,71,,86061,5,,,1,30,,86060,5,,,1,70,,86055,5,,,1,32,,86039,5,,,1,99,,86046,5,,,1,100,,86044,5,,,1,99,,86045,5,,,1,100,,86059,5,,,1,100,,86042,5,,,1,101,,86043,5,,,1,68,,86040,5,,,1,30,,86047,5,,,1,71,,86057,5,,,1,30,,86058,5,,,1,70,,86037,5,,,1,80,,86041,5,,,1,57,,86052,5,,,1,100,,86054,5,,,1,100,,86038,5,,,1,100,,86048,5,,,1,185,,86050,5,,,1
37101,'Semaine-12',522,,86078,5,,,1,31,,86081,5,,,1,70,,86074,5,,,1,28,,86076,5,,,1,71,,86086,5,,,1,30,,86085,5,,,1,70,,86080,5,,,1,32,,86064,5,,,1,99,,86071,5,,,1,100,,86069,5,,,1,99,,86070,5,,,1,100,,86084,5,,,1,100,,86067,5,,,1,101,,86068,5,,,1,68,,86065,5,,,1,30,,86072,5,,,1,71,,86082,5,,,1,30,,86083,5,,,1,70,,86062,5,,,1,80,,86066,5,,,1,57,,86077,5,,,1,100,,86079,5,,,1,100,,86063,5,,,1,100,,86073,5,,,1,185,,86075,5,,,1
43701,'Semaine-1',1500,,86788,5,0,9 14,1
43701,'Semaine-12',1500,,86790,5,0,9 14,1
