2501,'Semaine-1',559,,80009,12,,,2,70,,80008,12,,,1,30,,80006,12,,,1,70,,80007,12,,,2,71,,80010,12,,,1,28,,80005,12,,,2
2501,'Semaine-12',559,,80015,12,,,2,70,,80014,12,,,1,30,,80012,12,,,1,70,,80013,12,,,2,71,,80016,12,,,1,28,,80011,12,,,2
2801,'Semaine-1',641,,80062,8,,,1,74,,80063,8,,,2,100,,80061,8,,,2
2801,'Semaine-12',641,,80065,8,,,1,74,,80066,8,,,2,100,,80064,8,,,2
3901,'Samedi-1',633,,81789,38,,,1,101,,81791,38,,,1,100,,81795,38,,,1,101,,81794,38,,,1,100,,81797,38,,,1,100,,81796,38,,,1,102,,81792,38,,,1,70,,81790,38,,,1,30,,81798,38,,,1,71,,81793,38,,,1,30,,81799,38,,,1,70,,81800,38,,,1,31,,81801,38,,,1,70,,81802,38,,,1,30,,81803,38,,,1,70,,81804,38,,,1,30,,81805,38,,,1,69,,81806,38,,,1,29,,81807,38,,,1,69,,81808,38,,,1,100,,81809,38,,,1,100,,81810,38,,,1,100,,81811,38,,,1,100,,81812,38,,,1
3901,'Samedi-10',633,,69456,38,,,1,101,,69458,38,,,1,100,,69462,38,,,1,101,,69461,38,,,1,100,,69464,38,,,1,100,,69463,38,,,1,102,,69459,38,,,1,70,,69457,38,,,1,30,,69465,38,,,1,71,,69460,38,,,1,30,,69466,38,,,1,70,,69467,38,,,1,31,,69468,38,,,1,70,,69469,38,,,1,30,,69470,38,,,1,70,,69471,38,,,1,30,,69472,38,,,1,69,,69473,38,,,1,29,,69474,38,,,1,69,,69475,38,,,1,100,,69476,38,,,1,100,,69477,38,,,1,100,,69478,38,,,1,100,,69479,38,,,1
3901,'Dimanche-1',633,,81813,38,,,1,101,,81820,38,,,1,100,,81823,38,,,1,101,,81816,38,,,1,100,,81818,38,,,1,100,,81819,38,,,1,102,,81822,38,,,1,70,,81815,38,,,1,30,,81817,38,,,1,71,,81824,38,,,1,30,,81814,38,,,1,70,,81826,38,,,1,31,,81821,38,,,1,70,,81828,38,,,1,30,,81831,38,,,1,70,,81833,38,,,1,30,,81829,38,,,1,69,,81830,38,,,1,29,,81832,38,,,1,69,,81825,38,,,1,100,,81827,38,,,1,100,,81834,38,,,1,100,,81835,38,,,1,100,,81836,38,,,1
3901,'Semaine-1',658,,81859,38,,,1,67,,81848,38,,,1,77,,81849,38,,,1,33,,81845,38,,,1,71,,81851,38,,,1,30,,81853,38,,,2,70,,81860,38,,,1,30,,81871,38,,,1,70,,81866,38,,,2,30,,81861,38,,,1,70,,81846,38,,,1,31,,81855,38,,,1,70,,81862,38,,,1,29,,81847,38,,,2,70,,81844,38,,,1,34,,81863,38,,,1,71,,81856,38,,,1,32,,81837,38,,,1,71,,81864,38,,,2,32,,81842,38,,,1,68,,81839,38,,,1,30,,81867,38,,,1,66,,81852,38,,,1,32,,81858,38,,,2,69,,81843,38,,,2,32,,81865,38,,,1,65,,81838,38,,,2,26,,81868,38,,,1,70,,81841,38,,,1,30,,81857,38,,,1,71,,81869,38,,,1,30,,81840,38,,,1,72,,81850,38,,,1,28,,81870,38,,,1,70,,81854,38,,,1
3901,'Semaine-12',658,,81894,38,,,1,67,,81883,38,,,1,77,,81884,38,,,1,33,,81880,38,,,1,71,,81886,38,,,1,30,,81888,38,,,2,70,,81895,38,,,1,30,,81906,38,,,1,70,,81901,38,,,2,30,,81896,38,,,1,70,,81881,38,,,1,31,,81890,38,,,1,70,,81897,38,,,1,29,,81882,38,,,2,70,,81879,38,,,1,34,,81898,38,,,1,71,,81891,38,,,1,32,,81872,38,,,1,71,,81899,38,,,2,32,,81877,38,,,1,68,,81874,38,,,1,30,,81902,38,,,1,66,,81887,38,,,1,32,,81893,38,,,2,69,,81878,38,,,2,32,,81900,38,,,1,65,,81873,38,,,2,26,,81903,38,,,1,70,,81876,38,,,1,30,,81892,38,,,1,71,,81904,38,,,1,30,,81875,38,,,1,72,,81885,38,,,1,28,,81905,38,,,1,70,,81889,38,,,1
5001,'Semaine-1',1621,,82225,12,,,1,100,,82227,12,,,1,99,,82226,12,,,2
5001,'Semaine-12',1621,,82228,12,,,1,100,,82230,12,,,1,99,,82229,12,,,2
32501,'Semaine-1',814,,85899,12,0,7 8,1,3,,85900,12,0,7 8,1
32501,'Semaine-12',814,,85901,12,0,7 8,1,3,,85902,12,0,7 8,1
42500,'Semaine-1',702,,86753,12,0,9 14,1,2,,86754,12,0,9 14,2
42500,'Semaine-12',702,,86755,12,0,9 14,1,2,,86756,12,0,9 14,2
55001,'Semaine-1',1533,,86805,10,0,5 6,1
55001,'Semaine-12',1533,,86808,10,0,5 6,1
63901,'Semaine-1',704,,86835,13,0,9 10,1
63901,'Semaine-12',704,,86836,13,0,9 10,1
72501,'Semaine-1',810,,86869,12,0,5 11,2
72501,'Semaine-12',810,,86870,12,0,5 11,2
82501,'Semaine-1',743,,87116,12,0,9 12 13,1,1,,87117,12,0,9 12 13,1
82501,'Semaine-12',743,,87118,12,0,9 12 13,1,1,,87119,12,0,9 12 13,1
