3101,'Samedi-1',718,,80209,40,,,1,100,,80210,40,,,1,100,,80211,40,,,1,103,,80212,40,,,1,101,,80213,40,,,1,100,,80214,40,,,1,100,,80215,40,,,1,100,,80216,40,,,1,100,,80217,40,,,1,100,,80218,40,,,1,100,,80219,40,,,1,99,,80220,40,,,1,99,,80221,40,,,1,97,,80222,40,,,1,100,,80223,40,,,1,100,,80224,40,,,1,100,,80225,40,,,1,100,,80226,40,,,1
3101,'Samedi-10',718,,66345,40,,,1,100,,66346,40,,,1,100,,66347,40,,,1,103,,66348,40,,,1,101,,66349,40,,,1,100,,66350,40,,,1,100,,66351,40,,,1,100,,66352,40,,,1,100,,66353,40,,,1,100,,66354,40,,,1,100,,66355,40,,,1,99,,66356,40,,,1,99,,66357,40,,,1,97,,66358,40,,,1,100,,66359,40,,,1,100,,66360,40,,,1,100,,66361,40,,,1,100,,66362,40,,,1
3101,'Dimanche-1',718,,80228,40,,,1,100,,80233,40,,,1,100,,80240,40,,,1,103,,80230,40,,,1,101,,80232,40,,,1,100,,80229,40,,,1,100,,80231,40,,,1,100,,80227,40,,,1,100,,80234,40,,,1,100,,80237,40,,,1,100,,80236,40,,,1,99,,80235,40,,,1,99,,80239,40,,,1,97,,80238,40,,,1,100,,80241,40,,,1,100,,80242,40,,,1,100,,80243,40,,,1,100,,80244,40,,,1
3101,'Semaine-1',602,,80248,40,,,1,36,,80282,40,,,1,74,,80262,40,,,1,33,,80249,40,,,1,56,,80285,40,,,1,17,,80245,40,,,1,15,,80287,40,,,1,11,,80259,40,,,1,15,,80260,40,,,1,54,,80279,40,,,1,15,,80250,40,,,1,19,,80252,40,,,1,60,,80277,40,,,1,18,,80269,40,,,1,21,,80278,40,,,1,60,,80251,40,,,1,20,,80253,40,,,1,20,,80273,40,,,1,60,,80283,40,,,1,20,,80272,40,,,1,20,,80254,40,,,1,60,,80246,40,,,1,20,,80276,40,,,1,20,,80286,40,,,1,60,,80271,40,,,1,20,,80255,40,,,1,17,,80274,40,,,1,63,,80275,40,,,1,21,,80284,40,,,1,26,,80270,40,,,1,59,,80256,40,,,1,23,,80267,40,,,1,20,,80268,40,,,1,60,,80257,40,,,1,18,,80263,40,,,1,19,,80247,40,,,1,58,,80280,40,,,1,18,,80288,40,,,1,23,,80258,40,,,1,96,,80281,40,,,1,100,,80264,40,,,1,100,,80261,40,,,1,97,,80265,40,,,1,100,,80266,40,,,1
3101,'Semaine-12',602,,80292,40,,,1,36,,80326,40,,,1,74,,80306,40,,,1,33,,80293,40,,,1,56,,80329,40,,,1,17,,80289,40,,,1,15,,80331,40,,,1,11,,80303,40,,,1,15,,80304,40,,,1,54,,80323,40,,,1,15,,80294,40,,,1,19,,80296,40,,,1,60,,80321,40,,,1,18,,80313,40,,,1,21,,80322,40,,,1,60,,80295,40,,,1,20,,80297,40,,,1,20,,80317,40,,,1,60,,80327,40,,,1,20,,80316,40,,,1,20,,80298,40,,,1,60,,80290,40,,,1,20,,80320,40,,,1,20,,80330,40,,,1,60,,80315,40,,,1,20,,80299,40,,,1,17,,80318,40,,,1,63,,80319,40,,,1,21,,80328,40,,,1,26,,80314,40,,,1,59,,80300,40,,,1,23,,80311,40,,,1,20,,80312,40,,,1,60,,80301,40,,,1,18,,80307,40,,,1,19,,80291,40,,,1,58,,80324,40,,,1,18,,80332,40,,,1,23,,80302,40,,,1,96,,80325,40,,,1,100,,80308,40,,,1,100,,80305,40,,,1,97,,80309,40,,,1,100,,80310,40,,,1
3201,'Semaine-1',546,,80478,39,,,1,60,,80477,39,,,1,20,,80469,39,,,1,22,,80479,39,,,2,10,,80459,39,,,1,48,,80480,39,,,1,12,,80460,39,,,1,12,,80461,39,,,1,8,,80453,39,,,1,11,,80456,39,,,1,8,,80482,39,,,1,50,,80462,39,,,1,8,,80457,39,,,1,9,,80470,39,,,1,8,,80452,39,,,1,8,,80463,39,,,1,8,,80481,39,,,2,8,,80451,39,,,1,50,,80450,39,,,1,10,,80455,39,,,1,8,,80458,39,,,1,8,,80464,39,,,1,22,,80438,39,,,2,68,,80448,40,,,1,28,,80441,40,,,1,70,,80444,40,,,1,30,,80437,40,,,1,71,,80447,40,,,1,30,,80442,40,,,1,70,,80449,40,,,1,30,,80431,40,,,1,70,,80436,40,,,1,30,,80443,40,,,1,73,,80454,40,,,1,33,,80471,40,,,1,72,,80472,40,,,2,28,,80473,40,,,1,70,,80474,40,,,1,26,,80475,40,,,2,68,,80476,40,,,1,30,,80434,40,,,1,68,,80432,40,,,2,28,,80445,40,,,2,70,,80440,40,,,1,29,,80435,40,,,1,71,,80433,40,,,2,30,,80446,40,,,1,68,,80439,40,,,1,28,,80466,40,,,1,72,,80465,40,,,1,28,,80467,40,,,1,70,,80468,40,,,1
3201,'Semaine-12',546,,80530,39,,,1,60,,80529,39,,,1,20,,80521,39,,,1,22,,80531,39,,,2,10,,80511,39,,,1,48,,80532,39,,,1,12,,80512,39,,,1,12,,80513,39,,,1,8,,80505,39,,,1,11,,80508,39,,,1,8,,80534,39,,,1,50,,80514,39,,,1,8,,80509,39,,,1,9,,80522,39,,,1,8,,80504,39,,,1,8,,80515,39,,,1,8,,80533,39,,,2,8,,80503,39,,,1,50,,80502,39,,,1,10,,80507,39,,,1,8,,80510,39,,,1,8,,80516,39,,,1,22,,80490,39,,,2,68,,80500,40,,,1,28,,80493,40,,,1,70,,80496,40,,,1,30,,80489,40,,,1,71,,80499,40,,,1,30,,80494,40,,,1,70,,80501,40,,,1,30,,80483,40,,,1,70,,80488,40,,,1,30,,80495,40,,,1,73,,80506,40,,,1,33,,80523,40,,,1,72,,80524,40,,,2,28,,80525,40,,,1,70,,80526,40,,,1,26,,80527,40,,,2,68,,80528,40,,,1,30,,80486,40,,,1,68,,80484,40,,,2,28,,80497,40,,,2,70,,80492,40,,,1,29,,80487,40,,,1,71,,80485,40,,,2,30,,80498,40,,,1,68,,80491,40,,,1,28,,80518,40,,,1,72,,80517,40,,,1,28,,80519,40,,,1,70,,80520,40,,,1
3301,'Samedi-1',750,,80655,48,,,1,100,,80656,48,,,1,100,,80657,48,,,1,100,,80658,48,,,1,101,,80659,48,,,1,101,,80660,48,,,1,100,,80661,48,,,1,100,,80662,48,,,1,102,,80663,48,,,1,99,,80664,48,,,1,100,,80665,48,,,1,95,,80666,48,,,1,100,,80667,48,,,1,100,,80668,48,,,1,100,,80669,48,,,1,100,,80670,48,,,1,100,,80671,48,,,1,100,,80672,48,,,1
3301,'Samedi-10',750,,67122,48,,,1,100,,67123,48,,,1,100,,67124,48,,,1,100,,67125,48,,,1,101,,67126,48,,,1,101,,67127,48,,,1,100,,67128,48,,,1,100,,67129,48,,,1,102,,67130,48,,,1,99,,67131,48,,,1,100,,67132,48,,,1,95,,67133,48,,,1,100,,67134,48,,,1,100,,67135,48,,,1,100,,67136,48,,,1,100,,67137,48,,,1,100,,67138,48,,,1,100,,67139,48,,,1
3301,'Dimanche-1',750,,80677,48,,,1,100,,80678,48,,,1,100,,80686,48,,,1,100,,80679,48,,,1,101,,80674,48,,,1,101,,80675,48,,,1,100,,80673,48,,,1,100,,80676,48,,,1,102,,80680,48,,,1,99,,80681,48,,,1,100,,80683,48,,,1,95,,80685,48,,,1,100,,80684,48,,,1,100,,80682,48,,,1,100,,80687,48,,,1,100,,80688,48,,,1,100,,80689,48,,,1,100,,80690,48,,,1
3301,'Semaine-1',637,,80714,48,,,1,20,,80722,48,,,1,61,,80699,48,,,1,15,,80719,48,,,1,21,,80715,48,,,1,50,,80710,48,,,1,11,,80730,48,,,1,13,,80728,48,,,1,15,,80717,48,,,1,12,,80705,48,,,1,50,,80721,48,,,1,14,,80695,48,,,1,30,,80707,48,,,1,68,,80713,48,,,1,30,,80703,48,,,1,70,,80724,48,,,1,30,,80708,48,,,1,70,,80700,48,,,1,30,,80702,48,,,1,56,,80720,48,,,1,15,,80729,48,,,1,26,,80711,48,,,1,69,,80701,48,,,1,30,,80706,48,,,1,73,,80709,48,,,1,25,,80731,48,,,1,59,,80712,48,,,1,18,,80716,48,,,1,23,,80697,48,,,1,60,,80727,48,,,1,19,,80704,48,,,1,27,,80694,48,,,1,69,,80691,48,,,1,32,,80725,48,,,1,69,,80698,48,,,1,30,,80693,48,,,1,98,,80696,48,,,1,73,,80718,48,,,1,100,,80723,48,,,2,100,,80692,48,,,1,100,,80726,48,,,1
3301,'Semaine-12',637,,80755,48,,,1,20,,80763,48,,,1,61,,80740,48,,,1,15,,80760,48,,,1,21,,80756,48,,,1,50,,80751,48,,,1,11,,80771,48,,,1,13,,80769,48,,,1,15,,80758,48,,,1,12,,80746,48,,,1,50,,80762,48,,,1,14,,80736,48,,,1,30,,80748,48,,,1,68,,80754,48,,,1,30,,80744,48,,,1,70,,80765,48,,,1,30,,80749,48,,,1,70,,80741,48,,,1,30,,80743,48,,,1,56,,80761,48,,,1,15,,80770,48,,,1,26,,80752,48,,,1,69,,80742,48,,,1,30,,80747,48,,,1,73,,80750,48,,,1,25,,80772,48,,,1,59,,80753,48,,,1,18,,80757,48,,,1,23,,80738,48,,,1,60,,80768,48,,,1,19,,80745,48,,,1,27,,80735,48,,,1,69,,80732,48,,,1,32,,80766,48,,,1,69,,80739,48,,,1,30,,80734,48,,,1,98,,80737,48,,,1,73,,80759,48,,,1,100,,80764,48,,,2,100,,80733,48,,,1,100,,80767,48,,,1
3401,'Samedi-1',735,,80905,61,,,1,100,,80908,61,,,1,70,,80917,61,,,1,30,,80906,61,,,1,74,,80911,61,,,1,30,,80913,61,,,1,67,,80907,61,,,1,30,,80916,61,,,1,74,,80909,61,,,1,29,,80918,61,,,1,72,,80910,61,,,1,30,,80912,61,,,1,70,,80914,61,,,1,30,,80915,61,,,1,70,,80919,61,,,1,33,,80920,61,,,1,70,,80921,61,,,1,30,,80922,61,,,1,68,,80923,61,,,1,28,,80924,61,,,1,70,,80925,61,,,1,28,,80926,61,,,1,70,,80927,61,,,1,30,,80929,61,,,1,67,,80928,61,,,1,30,,80930,61,,,1,70,,80931,61,,,1,30,,80932,61,,,1,70,,80934,61,,,1,30,,80933,61,,,1,70,,80935,61,,,1,54,,80936,61,,,1
3401,'Samedi-10',735,,67667,61,,,1,100,,67670,61,,,1,70,,67679,61,,,1,30,,67668,61,,,1,74,,67673,61,,,1,30,,67675,61,,,1,67,,67669,61,,,1,30,,67678,61,,,1,74,,67671,61,,,1,29,,67680,61,,,1,72,,67672,61,,,1,30,,67674,61,,,1,70,,67676,61,,,1,30,,67677,61,,,1,70,,67681,61,,,1,33,,67682,61,,,1,70,,67683,61,,,1,30,,67684,61,,,1,68,,67685,61,,,1,28,,67686,61,,,1,70,,67687,61,,,1,28,,67688,61,,,1,70,,67689,61,,,1,30,,67691,61,,,1,67,,67690,61,,,1,30,,67692,61,,,1,70,,67693,61,,,1,30,,67694,61,,,1,70,,67696,61,,,1,30,,67695,61,,,1,70,,67697,61,,,1,54,,67698,61,,,1
3401,'Dimanche-1',735,,80937,61,,,1,100,,80945,61,,,1,70,,80950,61,,,1,30,,80942,61,,,1,74,,80940,61,,,1,30,,80963,61,,,1,67,,80944,61,,,1,30,,80949,61,,,1,74,,80939,61,,,1,29,,80938,61,,,1,72,,80941,61,,,1,30,,80948,61,,,1,70,,80951,61,,,1,30,,80943,61,,,1,70,,80947,61,,,1,33,,80946,61,,,1,70,,80952,61,,,1,30,,80956,61,,,1,68,,80953,61,,,1,28,,80954,61,,,1,70,,80955,61,,,1,28,,80962,61,,,1,70,,80957,61,,,1,30,,80960,61,,,1,67,,80958,61,,,1,30,,80959,61,,,1,70,,80961,61,,,1,30,,80964,61,,,1,70,,80966,61,,,1,30,,80965,61,,,1,70,,80967,61,,,1,54,,80968,61,,,1
3401,'Semaine-1',946,,80994,60,,,1,68,,80974,60,,,2,30,,80978,61,,,1,70,,80998,61,,,1,30,,80971,61,,,1,70,,80975,61,,,1,30,,80979,61,,,1,70,,80969,61,,,1,30,,80972,61,,,1,70,,80976,61,,,1,33,,80980,61,,,2,71,,80973,61,,,1,32,,80995,61,,,1,73,,80970,61,,,1,35,,80996,61,,,1,67,,80997,61,,,1,27,,80991,61,,,1,66,,80987,61,,,1,26,,80977,61,,,1,69,,80984,61,,,1,29,,80993,61,,,1,69,,80981,61,,,1,30,,80983,61,,,1,70,,80985,61,,,1,30,,80989,61,,,2,70,,80982,61,,,1,30,,80988,61,,,1,68,,80986,61,,,1,30,,80990,61,,,1,70,,80992,61,,,1
3401,'Semaine-12',946,,81024,60,,,1,68,,81004,60,,,2,30,,81008,61,,,1,70,,81028,61,,,1,30,,81001,61,,,1,70,,81005,61,,,1,30,,81009,61,,,1,70,,80999,61,,,1,30,,81002,61,,,1,70,,81006,61,,,1,33,,81010,61,,,2,71,,81003,61,,,1,32,,81025,61,,,1,73,,81000,61,,,1,35,,81026,61,,,1,67,,81027,61,,,1,27,,81021,61,,,1,66,,81017,61,,,1,26,,81007,61,,,1,69,,81014,61,,,1,29,,81023,61,,,1,69,,81011,61,,,1,30,,81013,61,,,1,70,,81015,61,,,1,30,,81019,61,,,2,70,,81012,61,,,1,30,,81018,61,,,1,68,,81016,61,,,1,30,,81020,61,,,1,70,,81022,61,,,1
3601,'Semaine-1',927,,81179,48,,,1,90,,81177,49,,,1,98,,81180,49,,,1,102,,81178,49,,,1,99,,81183,49,,,1,100,,81182,49,,,1,101,,81181,49,,,1
3601,'Semaine-12',927,,81186,48,,,1,90,,81184,49,,,1,98,,81187,49,,,1,102,,81185,49,,,1,99,,81190,49,,,1,100,,81189,49,,,1,101,,81188,49,,,1
3701,'Samedi-1',722,,81286,42,,,1,100,,81291,42,,,1,100,,81285,42,,,1,103,,81290,42,,,1,100,,81287,42,,,1,100,,81288,42,,,1,100,,81292,42,,,1,103,,81289,42,,,1,100,,81293,42,,,1,100,,81294,42,,,1,100,,81295,42,,,1,97,,81296,42,,,1,100,,81297,42,,,1,100,,81298,42,,,1,100,,81299,42,,,1,97,,81300,42,,,1,99,,81301,42,,,1
3701,'Samedi-10',722,,68373,42,,,1,100,,68378,42,,,1,100,,68372,42,,,1,103,,68377,42,,,1,100,,68374,42,,,1,100,,68375,42,,,1,100,,68379,42,,,1,103,,68376,42,,,1,100,,68380,42,,,1,100,,68381,42,,,1,100,,68382,42,,,1,97,,68383,42,,,1,100,,68384,42,,,1,100,,68385,42,,,1,100,,68386,42,,,1,97,,68387,42,,,1,99,,68388,42,,,1
3701,'Dimanche-1',722,,81303,42,,,1,100,,81304,42,,,1,100,,81306,42,,,1,103,,81307,42,,,1,100,,81315,42,,,1,100,,81302,42,,,1,100,,81308,42,,,1,103,,81305,42,,,1,100,,81310,42,,,1,100,,81311,42,,,1,100,,81313,42,,,1,97,,81312,42,,,1,100,,81309,42,,,1,100,,81314,42,,,1,100,,81316,42,,,1,97,,81317,42,,,1,99,,81318,42,,,1
3701,'Semaine-1',548,,81332,41,,,1,72,,81330,41,,,1,35,,81334,41,,,1,70,,81324,41,,,1,78,,81341,41,,,1,17,,81321,41,,,1,14,,81342,41,,,1,68,,81323,41,,,1,56,,81340,41,,,1,100,,81328,42,,,1,100,,81322,42,,,1,100,,81320,42,,,1,100,,81325,42,,,1,101,,81336,42,,,1,143,,81319,42,,,1,31,,81335,42,,,1,71,,81338,42,,,1,29,,81333,42,,,1,67,,81339,42,,,1,26,,81343,42,,,1,85,,81327,42,,,1,98,,81337,42,,,1,100,,81329,42,,,1,102,,81326,42,,,1,47,,81331,42,,,1
3701,'Semaine-12',548,,81357,41,,,1,72,,81355,41,,,1,35,,81359,41,,,1,70,,81349,41,,,1,78,,81366,41,,,1,17,,81346,41,,,1,14,,81367,41,,,1,68,,81348,41,,,1,56,,81365,41,,,1,100,,81353,42,,,1,100,,81347,42,,,1,100,,81345,42,,,1,100,,81350,42,,,1,101,,81361,42,,,1,143,,81344,42,,,1,31,,81360,42,,,1,71,,81363,42,,,1,29,,81358,42,,,1,67,,81364,42,,,1,26,,81368,42,,,1,85,,81352,42,,,1,98,,81362,42,,,1,100,,81354,42,,,1,102,,81351,42,,,1,47,,81356,42,,,1
3801,'Samedi-1',735,,81523,29,,,1,70,,81519,29,,,1,30,,81531,29,,,1,70,,81524,29,,,1,30,,81520,29,,,1,71,,81532,29,,,1,28,,81525,29,,,1,72,,81529,29,,,1,31,,81521,29,,,1,70,,81526,29,,,1,30,,81530,29,,,1,70,,81522,29,,,1,31,,81527,29,,,1,70,,81528,29,,,1,30,,81533,29,,,1,70,,81534,29,,,1,31,,81535,29,,,1,70,,81536,29,,,1,29,,81537,29,,,1,70,,81538,29,,,1,30,,81539,29,,,1,70,,81540,29,,,1,27,,81541,29,,,1,71,,81543,29,,,1,30,,81542,29,,,1,70,,81545,29,,,1,30,,81544,29,,,1,70,,81546,29,,,1,29,,81547,29,,,1,70,,81551,29,,,1,30,,81548,29,,,1,70,,81549,29,,,1,30,,81550,29,,,1
3801,'Samedi-10',735,,68893,29,,,1,70,,68889,29,,,1,30,,68901,29,,,1,70,,68894,29,,,1,30,,68890,29,,,1,71,,68902,29,,,1,28,,68895,29,,,1,72,,68899,29,,,1,31,,68891,29,,,1,70,,68896,29,,,1,30,,68900,29,,,1,70,,68892,29,,,1,31,,68897,29,,,1,70,,68898,29,,,1,30,,68903,29,,,1,70,,68904,29,,,1,31,,68905,29,,,1,70,,68906,29,,,1,29,,68907,29,,,1,70,,68908,29,,,1,30,,68909,29,,,1,70,,68910,29,,,1,27,,68911,29,,,1,71,,68913,29,,,1,30,,68912,29,,,1,70,,68915,29,,,1,30,,68914,29,,,1,70,,68916,29,,,1,29,,68917,29,,,1,70,,68921,29,,,1,30,,68918,29,,,1,70,,68919,29,,,1,30,,68920,29,,,1
3801,'Dimanche-1',735,,81560,29,,,1,70,,81562,29,,,1,30,,81555,29,,,1,70,,81554,29,,,1,30,,81576,29,,,1,71,,81565,29,,,1,28,,81556,29,,,1,72,,81578,29,,,1,31,,81575,29,,,1,70,,81557,29,,,1,30,,81577,29,,,1,70,,81564,29,,,1,31,,81558,29,,,1,70,,81561,29,,,1,30,,81563,29,,,1,70,,81553,29,,,1,31,,81559,29,,,1,70,,81552,29,,,1,29,,81569,29,,,1,70,,81570,29,,,1,30,,81572,29,,,1,70,,81568,29,,,1,27,,81574,29,,,1,71,,81571,29,,,1,30,,81566,29,,,1,70,,81573,29,,,1,30,,81567,29,,,1,70,,81579,29,,,1,29,,81580,29,,,1,70,,81581,29,,,1,30,,81582,29,,,1,70,,81583,29,,,1,30,,81584,29,,,1
3801,'Semaine-1',643,,81613,30,,,1,72,,81585,30,,,1,30,,81612,30,,,1,62,,81623,30,,,1,18,,81619,30,,,1,23,,81601,30,,,1,70,,81621,30,,,1,30,,81608,29,,,1,59,,81591,29,,,1,20,,81617,29,,,1,20,,81602,29,,,1,60,,81594,29,,,1,22,,81609,29,,,1,20,,81592,29,,,1,60,,81616,29,,,1,20,,81622,29,,,1,22,,81595,29,,,1,60,,81624,29,,,1,20,,81610,29,,,1,20,,81615,29,,,1,58,,81603,29,,,1,20,,81596,29,,,1,19,,81611,29,,,1,61,,81625,29,,,1,23,,81598,29,,,1,22,,81604,29,,,1,70,,81618,29,,,1,30,,81593,29,,,1,71,,81600,29,,,1,27,,81590,29,,,1,69,,81626,29,,,1,20,,81587,29,,,1,59,,81620,29,,,1,29,,81589,29,,,1,29,,81599,29,,,1,71,,81607,29,,,1,30,,81614,29,,,1,70,,81597,29,,,1,28,,81605,29,,,1,71,,81606,29,,,1,29,,81586,29,,,1,85,,81588,29,,,1
3801,'Semaine-12',643,,81655,30,,,1,72,,81627,30,,,1,30,,81654,30,,,1,62,,81665,30,,,1,18,,81661,30,,,1,23,,81643,30,,,1,70,,81663,30,,,1,30,,81650,29,,,1,59,,81633,29,,,1,20,,81659,29,,,1,20,,81644,29,,,1,60,,81636,29,,,1,22,,81651,29,,,1,20,,81634,29,,,1,60,,81658,29,,,1,20,,81664,29,,,1,22,,81637,29,,,1,60,,81666,29,,,1,20,,81652,29,,,1,20,,81657,29,,,1,58,,81645,29,,,1,20,,81638,29,,,1,19,,81653,29,,,1,61,,81667,29,,,1,23,,81640,29,,,1,22,,81646,29,,,1,70,,81660,29,,,1,30,,81635,29,,,1,71,,81642,29,,,1,27,,81632,29,,,1,69,,81668,29,,,1,20,,81629,29,,,1,59,,81662,29,,,1,29,,81631,29,,,1,29,,81641,29,,,1,71,,81649,29,,,1,30,,81656,29,,,1,70,,81639,29,,,1,28,,81647,29,,,1,71,,81648,29,,,1,29,,81628,29,,,1,85,,81630,29,,,1
5501,'Samedi-1',731,,82555,59,,,1,70,,82558,59,,,1,31,,82557,59,,,1,70,,82567,59,,,1,29,,82556,59,,,1,72,,82559,59,,,1,31,,82560,59,,,1,69,,82566,59,,,1,31,,82562,59,,,1,70,,82563,59,,,1,30,,82561,59,,,1,70,,82569,59,,,1,30,,82568,59,,,1,70,,82564,59,,,1,30,,82565,59,,,1,72,,82570,59,,,1,28,,82571,59,,,1,72,,82572,59,,,1,28,,82573,59,,,1,72,,82574,59,,,1,28,,82575,59,,,1,72,,82576,59,,,1,28,,82577,59,,,1,69,,82578,59,,,1,30,,82579,59,,,1,70,,82580,59,,,1,30,,82581,59,,,1,67,,82582,59,,,1,30,,82583,59,,,1,70,,82585,59,,,1,29,,82584,59,,,1,30,,82587,59,,,1,70,,82586,59,,,1
5501,'Samedi-10',731,,71004,59,,,1,70,,71007,59,,,1,31,,71006,59,,,1,70,,71016,59,,,1,29,,71005,59,,,1,72,,71008,59,,,1,31,,71009,59,,,1,69,,71015,59,,,1,31,,71011,59,,,1,70,,71012,59,,,1,30,,71010,59,,,1,70,,71018,59,,,1,30,,71017,59,,,1,70,,71013,59,,,1,30,,71014,59,,,1,72,,71019,59,,,1,28,,71020,59,,,1,72,,71021,59,,,1,28,,71022,59,,,1,72,,71023,59,,,1,28,,71024,59,,,1,72,,71025,59,,,1,28,,71026,59,,,1,69,,71027,59,,,1,30,,71028,59,,,1,70,,71029,59,,,1,30,,71030,59,,,1,67,,71031,59,,,1,30,,71032,59,,,1,70,,71034,59,,,1,29,,71033,59,,,1,30,,71036,59,,,1,70,,71035,59,,,1
5501,'Dimanche-1',731,,82589,59,,,1,70,,82593,59,,,1,31,,82591,59,,,1,70,,82596,59,,,1,29,,82598,59,,,1,72,,82592,59,,,1,31,,82588,59,,,1,69,,82602,59,,,1,31,,82597,59,,,1,70,,82604,59,,,1,30,,82595,59,,,1,70,,82594,59,,,1,30,,82600,59,,,1,70,,82590,59,,,1,30,,82599,59,,,1,72,,82603,59,,,1,28,,82608,59,,,1,72,,82601,59,,,1,28,,82607,59,,,1,72,,82610,59,,,1,28,,82605,59,,,1,72,,82606,59,,,1,28,,82612,59,,,1,69,,82614,59,,,1,30,,82611,59,,,1,70,,82609,59,,,1,30,,82613,59,,,1,67,,82615,59,,,1,30,,82616,59,,,1,70,,82617,59,,,1,29,,82618,59,,,1,30,,82619,59,,,1,70,,82620,59,,,1
5501,'Semaine-1',549,,82634,59,,,1,55,,82641,59,,,1,14,,82640,57,,,1,18,,82624,57,,,1,16,,82662,57,,,1,62,,82661,57,,,1,8,,82621,57,,,1,18,,82666,57,,,1,15,,82647,57,,,1,56,,82655,57,,,1,16,,82625,57,,,1,8,,82629,57,,,1,12,,82627,57,,,1,9,,82656,57,,,1,44,,82658,57,,,1,13,,82635,57,,,1,25,,82639,57,,,1,12,,82626,57,,,1,51,,82660,57,,,1,30,,82653,59,,,1,23,,82665,26,,,1,48,,82657,59,,,1,29,,82623,59,,,1,27,,82630,59,,,1,70,,82643,59,,,1,30,,82654,59,,,1,71,,82650,59,,,1,30,,82631,59,,,1,70,,82663,59,,,1,30,,82622,59,,,1,77,,82628,59,,,1,93,,82632,59,,,1,95,,82637,59,,,1,99,,82642,59,,,1,95,,82659,59,,,1,19,,82648,59,,,1,70,,82636,59,,,1,30,,82652,59,,,1,70,,82645,59,,,1,30,,82664,59,,,1,70,,82638,59,,,1,29,,82644,59,,,1,69,,82646,59,,,1,30,,82633,59,,,1,68,,82651,59,,,1,30,,82649,59,,,1
5501,'Semaine-12',549,,82680,59,,,1,55,,82687,59,,,1,14,,82686,57,,,1,18,,82670,57,,,1,16,,82708,57,,,1,62,,82707,57,,,1,8,,82667,57,,,1,18,,82712,57,,,1,15,,82693,57,,,1,56,,82701,57,,,1,16,,82671,57,,,1,8,,82675,57,,,1,12,,82673,57,,,1,9,,82702,57,,,1,44,,82704,57,,,1,13,,82681,57,,,1,25,,82685,57,,,1,12,,82672,57,,,1,51,,82706,57,,,1,30,,82699,59,,,1,23,,82711,26,,,1,48,,82703,59,,,1,29,,82669,59,,,1,27,,82676,59,,,1,70,,82689,59,,,1,30,,82700,59,,,1,71,,82696,59,,,1,30,,82677,59,,,1,70,,82709,59,,,1,30,,82668,59,,,1,77,,82674,59,,,1,93,,82678,59,,,1,95,,82683,59,,,1,99,,82688,59,,,1,95,,82705,59,,,1,19,,82694,59,,,1,70,,82682,59,,,1,30,,82698,59,,,1,70,,82691,59,,,1,30,,82710,59,,,1,70,,82684,59,,,1,29,,82690,59,,,1,69,,82692,59,,,1,30,,82679,59,,,1,68,,82697,59,,,1,30,,82695,59,,,1
5901,'Samedi-1',745,,82939,48,,,1,70,,82946,48,,,1,31,,82943,48,,,1,70,,82948,48,,,1,31,,82940,48,,,1,70,,82945,48,,,1,31,,82944,48,,,1,70,,82947,48,,,1,30,,82951,48,,,1,71,,82952,48,,,1,30,,82941,48,,,1,70,,82942,48,,,1,30,,82950,48,,,1,70,,82949,48,,,1,30,,82953,48,,,1,70,,82954,48,,,1,30,,82955,48,,,1,70,,82956,48,,,1,30,,82957,48,,,1,70,,82958,48,,,1,30,,82959,48,,,1,70,,82960,48,,,1,30,,82961,48,,,1,67,,82962,48,,,1,31,,82963,48,,,1,71,,82965,48,,,1,30,,82964,48,,,1,68,,82966,48,,,1,30,,82967,48,,,1,70,,82968,48,,,1,30,,82970,48,,,1,69,,82969,48,,,1
5901,'Samedi-10',745,,71780,48,,,1,70,,71787,48,,,1,31,,71784,48,,,1,70,,71789,48,,,1,31,,71781,48,,,1,70,,71786,48,,,1,31,,71785,48,,,1,70,,71788,48,,,1,30,,71792,48,,,1,71,,71793,48,,,1,30,,71782,48,,,1,70,,71783,48,,,1,30,,71791,48,,,1,70,,71790,48,,,1,30,,71794,48,,,1,70,,71795,48,,,1,30,,71796,48,,,1,70,,71797,48,,,1,30,,71798,48,,,1,70,,71799,48,,,1,30,,71800,48,,,1,70,,71801,48,,,1,30,,71802,48,,,1,67,,71803,48,,,1,31,,71804,48,,,1,71,,71806,48,,,1,30,,71805,48,,,1,68,,71807,48,,,1,30,,71808,48,,,1,70,,71809,48,,,1,30,,71811,48,,,1,69,,71810,48,,,1
5901,'Dimanche-1',745,,82971,48,,,1,70,,82983,48,,,1,31,,82977,48,,,1,70,,82978,48,,,1,31,,82985,48,,,1,70,,82982,48,,,1,31,,82987,48,,,1,70,,82974,48,,,1,30,,82986,48,,,1,71,,82972,48,,,1,30,,82981,48,,,1,70,,82973,48,,,1,30,,82976,48,,,1,70,,82979,48,,,1,30,,82980,48,,,1,70,,82988,48,,,1,30,,82975,48,,,1,70,,82991,48,,,1,30,,82984,48,,,1,70,,82993,48,,,1,30,,82994,48,,,1,70,,82990,48,,,1,30,,82995,48,,,1,67,,82992,48,,,1,31,,82996,48,,,1,71,,82989,48,,,1,30,,82997,48,,,1,68,,82998,48,,,1,30,,82999,48,,,1,70,,83000,48,,,1,30,,83001,48,,,1,69,,83002,48,,,1
5901,'Semaine-1',543,,83007,48,,,1,15,,83043,48,,,1,55,,83016,48,,,1,15,,83037,46,,,1,19,,83017,46,,,1,54,,83006,46,,,1,13,,83008,46,,,1,18,,83011,46,,,1,14,,83046,24,,,1,5,,83014,46,,,1,50,,83047,24,,,1,8,,83015,46,,,1,7,,83048,24,,,1,11,,83010,46,,,1,7,,83004,24,,,1,5,,83039,46,,,1,19,,83025,46,,,1,51,,83030,46,,,1,13,,83020,46,,,1,9,,83005,46,,,1,16,,83023,46,,,1,67,,83049,46,,,1,29,,83044,48,,,1,70,,83031,48,,,1,30,,83013,48,,,1,72,,83024,48,,,1,30,,83027,48,,,1,70,,83012,48,,,1,30,,83041,48,,,1,70,,83003,48,,,1,30,,83045,48,,,1,70,,83035,48,,,1,43,,83038,48,,,1,100,,83042,48,,,1,95,,83022,48,,,1,98,,83029,48,,,1,71,,83034,48,,,1,30,,83021,48,,,1,70,,83028,48,,,1,30,,83033,48,,,1,69,,83040,48,,,1,30,,83018,48,,,1,70,,83036,48,,,1,29,,83026,48,,,1,70,,83009,48,,,1,30,,83019,48,,,1,70,,83032,48,,,1
5901,'Semaine-12',543,,83054,48,,,1,15,,83090,48,,,1,55,,83063,48,,,1,15,,83084,46,,,1,19,,83064,46,,,1,54,,83053,46,,,1,13,,83055,46,,,1,18,,83058,46,,,1,14,,83093,24,,,1,5,,83061,46,,,1,50,,83094,24,,,1,8,,83062,46,,,1,7,,83095,24,,,1,11,,83057,46,,,1,7,,83051,24,,,1,5,,83086,46,,,1,19,,83072,46,,,1,51,,83077,46,,,1,13,,83067,46,,,1,9,,83052,46,,,1,16,,83070,46,,,1,67,,83096,46,,,1,29,,83091,48,,,1,70,,83078,48,,,1,30,,83060,48,,,1,72,,83071,48,,,1,30,,83074,48,,,1,70,,83059,48,,,1,30,,83088,48,,,1,70,,83050,48,,,1,30,,83092,48,,,1,70,,83082,48,,,1,43,,83085,48,,,1,100,,83089,48,,,1,95,,83069,48,,,1,98,,83076,48,,,1,71,,83081,48,,,1,30,,83068,48,,,1,70,,83075,48,,,1,30,,83080,48,,,1,69,,83087,48,,,1,30,,83065,48,,,1,70,,83083,48,,,1,29,,83073,48,,,1,70,,83056,48,,,1,30,,83066,48,,,1,70,,83079,48,,,1
6701,'Samedi-1',700,,83967,36,,,1,100,,83973,36,,,1,102,,83969,36,,,1,101,,83968,36,,,1,30,,83971,36,,,1,72,,83976,36,,,1,30,,83977,36,,,1,70,,83970,36,,,1,30,,83972,36,,,1,70,,83975,36,,,1,30,,83978,36,,,1,70,,83979,36,,,1,30,,83974,36,,,1,71,,83980,36,,,1,30,,83981,36,,,1,71,,83982,36,,,1,31,,83983,36,,,1,66,,83984,36,,,1,33,,83985,36,,,1,69,,83986,36,,,1,30,,83987,36,,,1,65,,83988,36,,,1,32,,83989,36,,,1,100,,83990,36,,,1,100,,83991,36,,,1,100,,83993,36,,,1,98,,83992,36,,,1
6701,'Samedi-10',700,,73821,36,,,1,100,,73827,36,,,1,102,,73823,36,,,1,101,,73822,36,,,1,30,,73825,36,,,1,72,,73830,36,,,1,30,,73831,36,,,1,70,,73824,36,,,1,30,,73826,36,,,1,70,,73829,36,,,1,30,,73832,36,,,1,70,,73833,36,,,1,30,,73828,36,,,1,71,,73834,36,,,1,30,,73835,36,,,1,71,,73836,36,,,1,31,,73837,36,,,1,66,,73838,36,,,1,33,,73839,36,,,1,69,,73840,36,,,1,30,,73841,36,,,1,65,,73842,36,,,1,32,,73843,36,,,1,100,,73844,36,,,1,100,,73845,36,,,1,100,,73847,36,,,1,98,,73846,36,,,1
6701,'Dimanche-1',700,,83994,36,,,1,100,,83997,36,,,1,102,,83999,36,,,1,101,,84002,36,,,1,30,,84008,36,,,1,72,,83996,36,,,1,30,,84009,36,,,1,70,,84000,36,,,1,30,,84003,36,,,1,70,,84001,36,,,1,30,,83995,36,,,1,70,,84005,36,,,1,30,,84006,36,,,1,71,,83998,36,,,1,30,,84004,36,,,1,71,,84011,36,,,1,31,,84007,36,,,1,66,,84014,36,,,1,33,,84015,36,,,1,69,,84012,36,,,1,30,,84017,36,,,1,65,,84010,36,,,1,32,,84016,36,,,1,100,,84013,36,,,1,100,,84018,36,,,1,100,,84019,36,,,1,98,,84020,36,,,1
6701,'Semaine-1',942,,84041,36,,,1,58,,84030,36,,,1,20,,84048,36,,,1,20,,84034,36,,,1,60,,84028,36,,,1,20,,84049,36,,,1,20,,84042,36,,,1,60,,84031,36,,,1,20,,84050,36,,,1,20,,84035,36,,,1,19,,84038,36,,,1,60,,84051,36,,,1,20,,84037,36,,,1,20,,84032,36,,,1,62,,84052,36,,,1,20,,84043,36,,,1,60,,84045,36,,,1,23,,84047,36,,,1,20,,84039,36,,,1,74,,84023,36,,,1,30,,84046,36,,,1,67,,84026,36,,,1,30,,84044,36,,,1,69,,84040,36,,,1,28,,84033,36,,,1,68,,84021,36,,,1,28,,84036,36,,,1,69,,84024,36,,,2,30,,84053,36,,,2,70,,84022,36,,,1,30,,84055,36,,,1,69,,84025,36,,,2,30,,84056,36,,,1,68,,84027,36,,,1,29,,84054,36,,,1,70,,84029,36,,,2
6701,'Semaine-12',942,,84077,36,,,1,58,,84066,36,,,1,20,,84084,36,,,1,20,,84070,36,,,1,60,,84064,36,,,1,20,,84085,36,,,1,20,,84078,36,,,1,60,,84067,36,,,1,20,,84086,36,,,1,20,,84071,36,,,1,19,,84074,36,,,1,60,,84087,36,,,1,20,,84073,36,,,1,20,,84068,36,,,1,62,,84088,36,,,1,20,,84079,36,,,1,60,,84081,36,,,1,23,,84083,36,,,1,20,,84075,36,,,1,74,,84059,36,,,1,30,,84082,36,,,1,67,,84062,36,,,1,30,,84080,36,,,1,69,,84076,36,,,1,28,,84069,36,,,1,68,,84057,36,,,1,28,,84072,36,,,1,69,,84060,36,,,2,30,,84089,36,,,2,70,,84058,36,,,1,30,,84091,36,,,1,69,,84061,36,,,2,30,,84092,36,,,1,68,,84063,36,,,1,29,,84090,36,,,1,70,,84065,36,,,2
8501,'Semaine-1',556,,85431,38,,,1,71,,85433,38,,,1,27,,85436,38,,,1,55,,85435,38,,,1,19,,85440,38,,,1,15,,85432,38,,,2,57,,85438,38,,,1,16,,85434,38,,,2,14,,85439,38,,,1,20,,85437,38,,,1
8501,'Semaine-12',556,,85441,38,,,1,71,,85443,38,,,1,27,,85446,38,,,1,55,,85445,38,,,1,19,,85450,38,,,1,15,,85442,38,,,2,57,,85448,38,,,1,16,,85444,38,,,2,14,,85449,38,,,1,20,,85447,38,,,1
8701,'Semaine-1',540,,85481,34,,,1,70,,85474,34,,,1,30,,85479,34,,,1,19,,85477,34,,,1,56,,85475,34,,,1,16,,85484,34,,,1,17,,85480,34,,,1,58,,85476,34,,,1,16,,85483,34,,,1,18,,85482,34,,,2,60,,85478,34,,,1,19,,85473,34,,,1
8701,'Semaine-12',540,,85493,34,,,1,70,,85486,34,,,1,30,,85491,34,,,1,19,,85489,34,,,1,56,,85487,34,,,1,16,,85496,34,,,1,17,,85492,34,,,1,58,,85488,34,,,1,16,,85495,34,,,1,18,,85494,34,,,2,60,,85490,34,,,1,19,,85485,34,,,1
20001,'Semaine-1',643,,85828,14,,,1,6,,85829,16,,,1,6,,85830,14,,,1,46,,85831,16,,,1,3,,85832,14,,,1,5,,85854,16,,,1,9,,85833,14,,,1,2,,85834,16,,,1,8,,85851,14,,,1,5,,85835,16,,,1,8,,85850,14,,,1,5,,85837,16,,,1,5,,85846,14,,,1,3,,85836,14,,,1,3,,85827,16,,,1,43,,85853,14,,,1,3,,85842,14,,,1,3,,85838,16,,,1,3,,85840,14,,,1,3,,85852,14,,,1,5,,85839,16,,,1,7,,85843,14,,,1,3,,85841,16,,,1,2,,85845,14,,,1,7,,85844,16,,,1,8,,85855,14,,,1,6,,85847,16,,,1,5,,85848,14,,,1,45,,85849,16,,,1,6,,85856,14,,,1
20001,'Semaine-12',643,,85858,14,,,1,6,,85859,16,,,1,6,,85860,14,,,1,46,,85861,16,,,1,3,,85862,14,,,1,5,,85884,16,,,1,9,,85863,14,,,1,2,,85864,16,,,1,8,,85881,14,,,1,5,,85865,16,,,1,8,,85880,14,,,1,5,,85867,16,,,1,5,,85876,14,,,1,3,,85866,14,,,1,3,,85857,16,,,1,43,,85883,14,,,1,3,,85872,14,,,1,3,,85868,16,,,1,3,,85870,14,,,1,3,,85882,14,,,1,5,,85869,16,,,1,7,,85873,14,,,1,3,,85871,16,,,1,2,,85875,14,,,1,7,,85874,16,,,1,8,,85885,14,,,1,6,,85877,16,,,1,5,,85878,14,,,1,45,,85879,16,,,1,6,,85886,14,,,1
37101,'Samedi-1',751,,86004,42,,,1,100,,86003,42,,,1,102,,86007,42,,,1,100,,86006,42,,,1,100,,86008,42,,,1,101,,86005,42,,,1,101,,86009,42,,,1,98,,86010,42,,,1,100,,86011,42,,,1,100,,86012,42,,,1,99,,86013,42,,,1,105,,86014,42,,,1,94,,86015,42,,,1,99,,86016,42,,,1,100,,86017,42,,,1,99,,86018,42,,,1,100,,86019,42,,,1
37101,'Samedi-10',751,,77625,42,,,1,100,,77624,42,,,1,102,,77628,42,,,1,100,,77627,42,,,1,100,,77629,42,,,1,101,,77626,42,,,1,101,,77630,42,,,1,98,,77631,42,,,1,100,,77632,42,,,1,100,,77633,42,,,1,99,,77634,42,,,1,105,,77635,42,,,1,94,,77636,42,,,1,99,,77637,42,,,1,100,,77638,42,,,1,99,,77639,42,,,1,100,,77640,42,,,1
37101,'Dimanche-1',751,,86033,42,,,1,100,,86022,42,,,1,102,,86023,42,,,1,100,,86020,42,,,1,100,,86025,42,,,1,101,,86021,42,,,1,101,,86024,42,,,1,98,,86027,42,,,1,100,,86026,42,,,1,100,,86028,42,,,1,99,,86032,42,,,1,105,,86031,42,,,1,94,,86029,42,,,1,99,,86030,42,,,1,100,,86034,42,,,1,99,,86035,42,,,1,100,,86036,42,,,1
37101,'Semaine-1',600,,86053,42,,,1,33,,86056,41,,,1,73,,86049,41,,,1,30,,86051,41,,,1,75,,86061,41,,,1,30,,86060,41,,,1,66,,86055,41,,,1,32,,86039,41,,,1,98,,86046,42,,,1,100,,86044,42,,,1,100,,86045,42,,,1,100,,86059,42,,,1,100,,86042,42,,,1,108,,86043,42,,,1,71,,86040,42,,,1,30,,86047,42,,,1,67,,86057,42,,,1,27,,86058,42,,,1,70,,86037,42,,,1,40,,86041,42,,,1,91,,86052,42,,,1,100,,86054,42,,,1,100,,86038,42,,,1,97,,86048,42,,,1,183,,86050,42,,,1
37101,'Semaine-12',600,,86078,42,,,1,33,,86081,41,,,1,73,,86074,41,,,1,30,,86076,41,,,1,75,,86086,41,,,1,30,,86085,41,,,1,66,,86080,41,,,1,32,,86064,41,,,1,98,,86071,42,,,1,100,,86069,42,,,1,100,,86070,42,,,1,100,,86084,42,,,1,100,,86067,42,,,1,108,,86068,42,,,1,71,,86065,42,,,1,30,,86072,42,,,1,67,,86082,42,,,1,27,,86083,42,,,1,70,,86062,42,,,1,40,,86066,42,,,1,91,,86077,42,,,1,100,,86079,42,,,1,100,,86063,42,,,1,97,,86073,42,,,1,183,,86075,42,,,1
40001,'Samedi-1',655,,86419,21,,,1,55,,86422,21,,,1,15,,86424,21,,,1,15,,86420,21,,,1,15,,86421,21,,,1,55,,86423,21,,,1,15,,86429,21,,,1,15,,86436,21,,,1,15,,86427,21,,,1,55,,86447,21,,,1,15,,86425,21,,,1,16,,86426,21,,,1,16,,86435,21,,,1,55,,86428,21,,,1,15,,86430,21,,,1,15,,86438,21,,,1,15,,86439,21,,,1,55,,86440,21,,,1,15,,86446,21,,,1,15,,86445,21,,,1,15,,86449,21,,,1,55,,86432,21,,,1,17,,86431,21,,,1,15,,86434,21,,,1,15,,86437,21,,,1,55,,86433,21,,,1,15,,86442,21,,,1,15,,86444,21,,,1,15,,86450,21,,,1,55,,86441,21,,,1,15,,86443,21,,,1,15,,86448,21,,,1,15,,86451,21,,,1,55,,86452,21,,,1,15,,86453,21,,,1,15,,86454,21,,,1,15,,86455,21,,,1,55,,86456,21,,,1,15,,86457,21,,,1,15,,86458,21,,,1,56,,86459,21,,,1,14,,86460,21,,,1,15,,86461,21,,,1,15,,86462,21,,,1,15,,86463,21,,,1,55,,86464,21,,,1,15,,86465,21,,,1,14,,86468,21,,,1,13,,86466,21,,,1,55,,86467,21,,,1,16,,86470,21,,,1,15,,86469,21,,,1,15,,86474,21,,,1,55,,86472,21,,,1,14,,86473,21,,,1,15,,86471,21,,,1,15,,86475,21,,,1,55,,86477,21,,,1,15,,86478,21,,,1,15,,86479,21,,,1,15,,86476,21,,,1,55,,86482,21,,,1,15,,86481,21,,,1,15,,86480,21,,,1,15,,86483,21,,,1,55,,86484,21,,,1,15,,86485,21,,,1,15,,86486,21,,,1,15,,86488,21,,,1,55,,86487,21,,,1,15,,86490,21,,,1,15,,86489,21,,,1,15,,86491,21,,,1
40001,'Samedi-10',655,,78574,21,,,1,55,,78577,21,,,1,15,,78579,21,,,1,15,,78575,21,,,1,15,,78576,21,,,1,55,,78578,21,,,1,15,,78584,21,,,1,15,,78591,21,,,1,15,,78582,21,,,1,55,,78602,21,,,1,15,,78580,21,,,1,16,,78581,21,,,1,16,,78590,21,,,1,55,,78583,21,,,1,15,,78585,21,,,1,15,,78593,21,,,1,15,,78594,21,,,1,55,,78595,21,,,1,15,,78601,21,,,1,15,,78600,21,,,1,15,,78604,21,,,1,55,,78587,21,,,1,17,,78586,21,,,1,15,,78589,21,,,1,15,,78592,21,,,1,55,,78588,21,,,1,15,,78597,21,,,1,15,,78599,21,,,1,15,,78605,21,,,1,55,,78596,21,,,1,15,,78598,21,,,1,15,,78603,21,,,1,15,,78606,21,,,1,55,,78607,21,,,1,15,,78608,21,,,1,15,,78609,21,,,1,15,,78610,21,,,1,55,,78611,21,,,1,15,,78612,21,,,1,15,,78613,21,,,1,56,,78614,21,,,1,14,,78615,21,,,1,15,,78616,21,,,1,15,,78617,21,,,1,15,,78618,21,,,1,55,,78619,21,,,1,15,,78620,21,,,1,14,,78623,21,,,1,13,,78621,21,,,1,55,,78622,21,,,1,16,,78625,21,,,1,15,,78624,21,,,1,15,,78629,21,,,1,55,,78627,21,,,1,14,,78628,21,,,1,15,,78626,21,,,1,15,,78630,21,,,1,55,,78632,21,,,1,15,,78633,21,,,1,15,,78634,21,,,1,15,,78631,21,,,1,55,,78637,21,,,1,15,,78636,21,,,1,15,,78635,21,,,1,15,,78638,21,,,1,55,,78639,21,,,1,15,,78640,21,,,1,15,,78641,21,,,1,15,,78643,21,,,1,55,,78642,21,,,1,15,,78645,21,,,1,15,,78644,21,,,1,15,,78646,21,,,1
40001,'Dimanche-1',655,,86492,21,,,1,55,,86499,21,,,1,15,,86500,21,,,1,15,,86494,21,,,1,15,,86493,21,,,1,55,,86498,21,,,1,15,,86509,21,,,1,15,,86512,21,,,1,15,,86495,21,,,1,55,,86504,21,,,1,15,,86501,21,,,1,16,,86518,21,,,1,16,,86521,21,,,1,55,,86502,21,,,1,15,,86510,21,,,1,15,,86525,21,,,1,15,,86514,21,,,1,55,,86530,21,,,1,15,,86503,21,,,1,15,,86519,21,,,1,15,,86520,21,,,1,55,,86515,21,,,1,17,,86531,21,,,1,15,,86524,21,,,1,15,,86505,21,,,1,55,,86513,21,,,1,15,,86507,21,,,1,15,,86517,21,,,1,15,,86526,21,,,1,55,,86511,21,,,1,15,,86506,21,,,1,15,,86523,21,,,1,15,,86496,21,,,1,55,,86528,21,,,1,15,,86497,21,,,1,15,,86516,21,,,1,15,,86527,21,,,1,55,,86508,21,,,1,15,,86536,21,,,1,15,,86522,21,,,1,56,,86539,21,,,1,14,,86529,21,,,1,15,,86543,21,,,1,15,,86537,21,,,1,15,,86545,21,,,1,55,,86541,21,,,1,15,,86547,21,,,1,14,,86532,21,,,1,13,,86538,21,,,1,55,,86533,21,,,1,16,,86542,21,,,1,15,,86535,21,,,1,15,,86544,21,,,1,55,,86540,21,,,1,14,,86546,21,,,1,15,,86534,21,,,1,15,,86548,21,,,1,55,,86550,21,,,1,15,,86549,21,,,1,15,,86552,21,,,1,15,,86551,21,,,1,55,,86553,21,,,1,15,,86554,21,,,1,15,,86555,21,,,1,15,,86556,21,,,1,55,,86557,21,,,1,15,,86558,21,,,1,15,,86559,21,,,1,15,,86560,21,,,1,55,,86561,21,,,1,15,,86562,21,,,1,15,,86563,21,,,1,15,,86564,21,,,1
40001,'Semaine-1',527,,86635,21,,,1,10,,86636,21,,,1,10,,86637,21,,,1,10,,86638,21,,,1,50,,86639,21,,,1,12,,86640,21,,,1,5,,86641,21,,,1,5,,86642,21,,,1,4,,86643,21,,,1,6,,86649,21,,,1,272,,86644,21,,,1,9,,86645,19,,,1,6,,86646,21,,,1,10,,86647,21,,,1,11,,86648,21,,,1,10,,86594,21,,,1,49,,86579,21,,,1,11,,86604,21,,,1,11,,86605,21,,,1,9,,86651,21,,,1,10,,86569,21,,,1,10,,86652,21,,,1,50,,86567,21,,,1,10,,86601,21,,,1,10,,86621,21,,,1,10,,86588,21,,,1,10,,86596,21,,,1,10,,86593,21,,,1,50,,86571,21,,,1,10,,86632,21,,,1,10,,86606,21,,,1,10,,86618,21,,,1,10,,86570,21,,,1,10,,86580,21,,,1,50,,86573,21,,,1,10,,86589,21,,,1,10,,86622,21,,,1,10,,86603,21,,,1,10,,86597,21,,,1,10,,86592,21,,,1,50,,86585,21,,,1,10,,86628,21,,,1,10,,86607,21,,,1,10,,86619,21,,,1,10,,86634,21,,,1,11,,86582,21,,,1,52,,86565,21,,,1,10,,86624,21,,,1,12,,86623,21,,,1,10,,86608,21,,,1,10,,86598,21,,,1,6,,86590,17,,,1,46,,86575,21,,,1,12,,86626,21,,,1,13,,86633,21,,,1,7,,86650,17,,,1,5,,86620,21,,,1,13,,86655,21,,,1,50,,86600,21,,,1,12,,86629,21,,,1,12,,86653,21,,,1,12,,86613,21,,,1,11,,86591,21,,,1,49,,86576,21,,,1,12,,86581,21,,,1,12,,86654,21,,,1,12,,86583,21,,,1,12,,86609,21,,,1,10,,86599,21,,,1,52,,86630,21,,,1,10,,86616,21,,,1,12,,86595,21,,,1,9,,86577,21,,,1,13,,86617,21,,,1,52,,86657,21,,,1,11,,86656,21,,,1,12,,86584,21,,,1,12,,86610,21,,,1,12,,86587,21,,,1,52,,86631,21,,,1,12,,86614,21,,,1,15,,86572,21,,,1,13,,86658,21,,,1,57,,86578,21,,,1,15,,86574,21,,,1,15,,86625,21,,,1,12,,86611,21,,,1,15,,86586,21,,,1,55,,86615,21,,,1,15,,86627,21,,,1,15,,86568,21,,,1,15,,86566,21,,,1,55,,86602,21,,,1,30,,86612,21,,,1
40001,'Semaine-12',527,,86729,21,,,1,10,,86730,21,,,1,10,,86731,21,,,1,10,,86732,21,,,1,50,,86733,21,,,1,12,,86734,21,,,1,5,,86735,21,,,1,5,,86736,21,,,1,4,,86737,21,,,1,6,,86743,21,,,1,272,,86738,21,,,1,9,,86739,19,,,1,6,,86740,21,,,1,10,,86741,21,,,1,11,,86742,21,,,1,10,,86688,21,,,1,49,,86673,21,,,1,11,,86698,21,,,1,11,,86699,21,,,1,9,,86745,21,,,1,10,,86663,21,,,1,10,,86746,21,,,1,50,,86661,21,,,1,10,,86695,21,,,1,10,,86715,21,,,1,10,,86682,21,,,1,10,,86690,21,,,1,10,,86687,21,,,1,50,,86665,21,,,1,10,,86726,21,,,1,10,,86700,21,,,1,10,,86712,21,,,1,10,,86664,21,,,1,10,,86674,21,,,1,50,,86667,21,,,1,10,,86683,21,,,1,10,,86716,21,,,1,10,,86697,21,,,1,10,,86691,21,,,1,10,,86686,21,,,1,50,,86679,21,,,1,10,,86722,21,,,1,10,,86701,21,,,1,10,,86713,21,,,1,10,,86728,21,,,1,11,,86676,21,,,1,52,,86659,21,,,1,10,,86718,21,,,1,12,,86717,21,,,1,10,,86702,21,,,1,10,,86692,21,,,1,6,,86684,17,,,1,46,,86669,21,,,1,12,,86720,21,,,1,13,,86727,21,,,1,7,,86744,17,,,1,5,,86714,21,,,1,13,,86749,21,,,1,50,,86694,21,,,1,12,,86723,21,,,1,12,,86747,21,,,1,12,,86707,21,,,1,11,,86685,21,,,1,49,,86670,21,,,1,12,,86675,21,,,1,12,,86748,21,,,1,12,,86677,21,,,1,12,,86703,21,,,1,10,,86693,21,,,1,52,,86724,21,,,1,10,,86710,21,,,1,12,,86689,21,,,1,9,,86671,21,,,1,13,,86711,21,,,1,52,,86751,21,,,1,11,,86750,21,,,1,12,,86678,21,,,1,12,,86704,21,,,1,12,,86681,21,,,1,52,,86725,21,,,1,12,,86708,21,,,1,15,,86666,21,,,1,13,,86752,21,,,1,57,,86672,21,,,1,15,,86668,21,,,1,15,,86719,21,,,1,12,,86705,21,,,1,15,,86680,21,,,1,55,,86709,21,,,1,15,,86721,21,,,1,15,,86662,21,,,1,15,,86660,21,,,1,55,,86696,21,,,1,30,,86706,21,,,1
