3600,'Semaine-1',905,,81164,13,,,1,100,,81165,13,,,1,101,,81163,13,,,1,100,,81166,13,,,1,100,,81168,13,,,1,100,,81169,13,,,1,99,,81167,13,,,1
3600,'Semaine-12',905,,81171,13,,,1,100,,81172,13,,,1,101,,81170,13,,,1,100,,81173,13,,,1,100,,81175,13,,,1,100,,81176,13,,,1,99,,81174,13,,,1
3700,'Samedi-1',728,,81191,13,,,1,100,,81192,13,,,1,100,,81194,13,,,1,101,,81195,13,,,1,100,,81193,13,,,1,100,,81196,13,,,1,100,,81197,13,,,1,100,,81198,13,,,1,100,,81199,13,,,1,100,,81200,13,,,1,100,,81201,13,,,1,100,,81202,13,,,1,99,,81203,13,,,1,100,,81204,13,,,1,100,,81205,13,,,1,100,,81206,13,,,1,100,,81207,13,,,1,100,,81208,13,,,1
3700,'Samedi-10',728,,68178,13,,,1,100,,68179,13,,,1,100,,68181,13,,,1,101,,68182,13,,,1,100,,68180,13,,,1,100,,68183,13,,,1,100,,68184,13,,,1,100,,68185,13,,,1,100,,68186,13,,,1,100,,68187,13,,,1,100,,68188,13,,,1,100,,68189,13,,,1,99,,68190,13,,,1,100,,68191,13,,,1,100,,68192,13,,,1,100,,68193,13,,,1,100,,68194,13,,,1,100,,68195,13,,,1
3700,'Dimanche-1',728,,81211,13,,,1,100,,81214,13,,,1,100,,81216,13,,,1,101,,81212,13,,,1,100,,81209,13,,,1,100,,81213,13,,,1,100,,81210,13,,,1,100,,81215,13,,,1,100,,81217,13,,,1,100,,81219,13,,,1,100,,81218,13,,,1,100,,81222,13,,,1,99,,81221,13,,,1,100,,81220,13,,,1,100,,81223,13,,,1,100,,81224,13,,,1,100,,81225,13,,,1,100,,81226,13,,,1
3700,'Semaine-1',646,,81248,13,,,1,81,,81254,13,,,1,74,,81245,13,,,1,28,,81229,13,,,1,29,,81243,13,,,1,89,,81235,13,,,1,100,,81231,13,,,1,100,,81232,13,,,1,100,,81233,13,,,1,100,,81234,13,,,1,100,,81240,13,,,1,87,,81241,13,,,1,16,,81242,13,,,1,55,,81228,13,,,1,15,,81250,13,,,1,25,,81237,13,,,1,70,,81246,13,,,1,23,,81236,13,,,1,68,,81230,13,,,1,30,,81227,13,,,1,68,,81238,13,,,1,30,,81253,13,,,1,69,,81244,13,,,1,36,,81255,13,,,1,99,,81251,13,,,1,100,,81239,13,,,1,100,,81249,13,,,1,100,,81252,13,,,1,15,,81247,13,,,1
3700,'Semaine-12',646,,81277,13,,,1,81,,81283,13,,,1,74,,81274,13,,,1,28,,81258,13,,,1,29,,81272,13,,,1,89,,81264,13,,,1,100,,81260,13,,,1,100,,81261,13,,,1,100,,81262,13,,,1,100,,81263,13,,,1,100,,81269,13,,,1,87,,81270,13,,,1,16,,81271,13,,,1,55,,81257,13,,,1,15,,81279,13,,,1,25,,81266,13,,,1,70,,81275,13,,,1,23,,81265,13,,,1,68,,81259,13,,,1,30,,81256,13,,,1,68,,81267,13,,,1,30,,81282,13,,,1,69,,81273,13,,,1,36,,81284,13,,,1,99,,81280,13,,,1,100,,81268,13,,,1,100,,81278,13,,,1,100,,81281,13,,,1,15,,81276,13,,,1
37100,'Samedi-1',758,,85916,13,,,1,100,,85920,13,,,1,100,,85915,13,,,1,101,,85921,13,,,1,100,,85917,13,,,1,100,,85918,13,,,1,100,,85919,13,,,1,100,,85922,13,,,1,100,,85923,13,,,1,100,,85924,13,,,1,100,,85925,13,,,1,100,,85926,13,,,1,100,,85927,13,,,1,99,,85928,13,,,1,100,,85929,13,,,1,100,,85930,13,,,1,100,,85931,13,,,1
37100,'Samedi-10',758,,77442,13,,,1,100,,77446,13,,,1,100,,77441,13,,,1,101,,77447,13,,,1,100,,77443,13,,,1,100,,77444,13,,,1,100,,77445,13,,,1,100,,77448,13,,,1,100,,77449,13,,,1,100,,77450,13,,,1,100,,77451,13,,,1,100,,77452,13,,,1,100,,77453,13,,,1,99,,77454,13,,,1,100,,77455,13,,,1,100,,77456,13,,,1,100,,77457,13,,,1
37100,'Dimanche-1',758,,85932,13,,,1,100,,85934,13,,,1,100,,85936,13,,,1,101,,85937,13,,,1,100,,85944,13,,,1,100,,85933,13,,,1,100,,85938,13,,,1,100,,85935,13,,,1,100,,85940,13,,,1,100,,85942,13,,,1,100,,85943,13,,,1,100,,85941,13,,,1,100,,85939,13,,,1,99,,85945,13,,,1,100,,85946,13,,,1,100,,85947,13,,,1,100,,85948,13,,,1
37100,'Semaine-1',705,,85962,13,,,1,33,,85959,13,,,1,70,,85955,13,,,1,29,,85950,13,,,1,90,,85969,13,,,1,97,,85954,13,,,1,102,,85956,13,,,1,100,,85968,13,,,1,99,,85963,13,,,1,103,,85952,13,,,1,91,,85964,13,,,1,19,,85973,13,,,1,16,,85953,13,,,1,55,,85974,13,,,1,26,,85949,13,,,1,20,,85958,13,,,1,69,,85965,13,,,1,25,,85971,13,,,1,68,,85970,13,,,1,30,,85960,13,,,1,69,,85972,13,,,1,30,,85975,13,,,1,70,,85961,13,,,1,95,,85957,13,,,1,100,,85967,13,,,1,100,,85966,13,,,1,98,,85951,13,,,1
37100,'Semaine-12',705,,85989,13,,,1,33,,85986,13,,,1,70,,85982,13,,,1,29,,85977,13,,,1,90,,85996,13,,,1,97,,85981,13,,,1,102,,85983,13,,,1,100,,85995,13,,,1,99,,85990,13,,,1,103,,85979,13,,,1,91,,85991,13,,,1,19,,86000,13,,,1,16,,85980,13,,,1,55,,86001,13,,,1,26,,85976,13,,,1,20,,85985,13,,,1,69,,85992,13,,,1,25,,85998,13,,,1,68,,85997,13,,,1,30,,85987,13,,,1,69,,85999,13,,,1,30,,86002,13,,,1,70,,85988,13,,,1,95,,85984,13,,,1,100,,85994,13,,,1,100,,85993,13,,,1,98,,85978,13,,,1
43700,'Semaine-1',724,,86783,9,0,9 14,1,2,,86784,5,0,9 14,2
43700,'Semaine-12',724,,86785,9,0,9 14,1,2,,86786,5,0,9 14,2
82901,'Semaine-1',805,,87138,21,0,9 12 13,1,1,,87139,21,0,9 12 13,1,1,,87140,21,0,9 12 13,2
82901,'Semaine-12',805,,87141,21,0,9 12 13,1,1,,87142,21,0,9 12 13,1,1,,87143,21,0,9 12 13,2
