1500,'Semaine-1',1647,,79941,10,,,2
1500,'Semaine-12',1647,,79942,10,,,2
6401,'Samedi-1',725,,83372,17,,,1,100,,83369,17,,,1,100,,83371,17,,,1,100,,83374,17,,,1,100,,83370,17,,,1,100,,83375,17,,,1,100,,83373,17,,,1,100,,83376,17,,,1,100,,83377,17,,,1,100,,83378,17,,,1,100,,83379,17,,,1
6401,'Samedi-10',725,,72587,17,,,1,100,,72584,17,,,1,100,,72586,17,,,1,100,,72589,17,,,1,100,,72585,17,,,1,100,,72590,17,,,1,100,,72588,17,,,1,100,,72591,17,,,1,100,,72592,17,,,1,100,,72593,17,,,1,100,,72594,17,,,1
6401,'Dimanche-1',725,,83384,17,,,1,100,,83381,17,,,1,100,,83387,17,,,1,100,,83388,17,,,1,100,,83385,17,,,1,100,,83380,17,,,1,100,,83382,17,,,1,100,,83383,17,,,1,100,,83389,17,,,1,100,,83386,17,,,1,100,,83390,17,,,1
6401,'Semaine-1',525,,83391,17,,,2,108,,83401,17,,,2,100,,83403,17,,,1,100,,83400,17,,,1,95,,83408,17,,,1,100,,83395,17,,,1,100,,83394,17,,,1,100,,83406,17,,,1,100,,83402,17,,,2,99,,83404,17,,,1,100,,83405,17,,,1,102,,83396,17,,,1,98,,83392,17,,,1,100,,83393,17,,,1,99,,83399,17,,,1,100,,83397,17,,,1,100,,83398,17,,,1,100,,83407,17,,,1
6401,'Semaine-12',525,,83409,17,,,2,108,,83419,17,,,2,100,,83421,17,,,1,100,,83418,17,,,1,95,,83426,17,,,1,100,,83413,17,,,1,100,,83412,17,,,1,100,,83424,17,,,1,100,,83420,17,,,2,99,,83422,17,,,1,100,,83423,17,,,1,102,,83414,17,,,1,98,,83410,17,,,1,100,,83411,17,,,1,99,,83417,17,,,1,100,,83415,17,,,1,100,,83416,17,,,1,100,,83425,17,,,1
6900,'Samedi-1',853,,84218,16,,,1,100,,84217,16,,,1,100,,84219,16,,,1,100,,84221,16,,,1,100,,84220,16,,,1,100,,84222,16,,,1,100,,84223,16,,,1,100,,84224,16,,,1,100,,84225,16,,,1,100,,84226,16,,,1,100,,84227,16,,,1,100,,84228,16,,,1,100,,84229,16,,,1,100,,84230,16,,,1,100,,84231,16,,,1
6900,'Samedi-10',853,,74266,16,,,1,100,,74265,16,,,1,100,,74267,16,,,1,100,,74269,16,,,1,100,,74268,16,,,1,100,,74270,16,,,1,100,,74271,16,,,1,100,,74272,16,,,1,100,,74273,16,,,1,100,,74274,16,,,1,100,,74275,16,,,1,100,,74276,16,,,1,100,,74277,16,,,1,100,,74278,16,,,1,100,,74279,16,,,1
6900,'Dimanche-1',853,,84236,16,,,1,100,,84237,16,,,1,100,,84238,16,,,1,100,,84232,16,,,1,100,,84234,16,,,1,100,,84235,16,,,1,100,,84233,16,,,1,100,,84241,16,,,1,100,,84242,16,,,1,100,,84239,16,,,1,100,,84240,16,,,1,100,,84243,16,,,1,100,,84244,16,,,1,100,,84245,16,,,1,100,,84246,16,,,1
6900,'Semaine-1',839,,84247,16,,,1,103,,84248,16,,,1,99,,84249,16,,,2,101,,84250,16,,,2,95,,84251,16,,,2,104,,84252,16,,,1,101,,84253,16,,,1,70,,84254,16,,,1,30,,84255,16,,,2,73,,84256,16,,,1,29,,84257,16,,,2,68,,84258,16,,,1,33,,84259,16,,,1,67,,84260,16,,,1,28,,84261,16,,,1,82,,84262,16,,,1,100,,84263,16,,,2,100,,84264,16,,,2,100,,84265,16,,,2,100,,84266,16,,,2
6900,'Semaine-12',839,,84267,16,,,1,103,,84268,16,,,1,99,,84269,16,,,2,101,,84270,16,,,2,95,,84271,16,,,2,104,,84272,16,,,1,101,,84273,16,,,1,70,,84274,16,,,1,30,,84275,16,,,2,73,,84276,16,,,1,29,,84277,16,,,2,68,,84278,16,,,1,33,,84279,16,,,1,67,,84280,16,,,1,28,,84281,16,,,1,82,,84282,16,,,1,100,,84283,16,,,2,100,,84284,16,,,2,100,,84285,16,,,2,100,,84286,16,,,2
32501,'Semaine-1',849,,85899,47,0,7 8,1,3,,85900,47,0,7 8,1
32501,'Semaine-12',849,,85901,47,0,7 8,1,3,,85902,47,0,7 8,1
32601,'Semaine-1',846,,85905,44,0,7 8,1
32601,'Semaine-12',846,,85906,44,0,7 8,1
32900,'Semaine-1',849,,85907,47,0,7 8,1
32900,'Semaine-12',849,,85908,47,0,7 8,1
33100,'Semaine-1',846,,85911,43,0,7 8,1
33100,'Semaine-12',846,,85912,43,0,7 8,1
56600,'Semaine-1',1544,,86817,31,0,5 6,1
56600,'Semaine-12',1544,,86818,31,0,5 6,1
56900,'Semaine-1',1551,,86821,28,0,5 6,2
56900,'Semaine-12',1551,,86822,28,0,5 6,2
