2701,'Semaine-1',613,,80049,7,,,1,43,,80050,7,,,1,91,,80047,7,,,1,66,,80048,7,,,2
2701,'Semaine-12',613,,80053,7,,,1,43,,80054,7,,,1,91,,80051,7,,,1,66,,80052,7,,,2
3300,'Samedi-1',809,,80535,38,,,1,101,,80536,38,,,1,101,,80537,38,,,1,100,,80538,38,,,1,102,,80539,38,,,1,100,,80540,38,,,1,101,,80541,38,,,1,100,,80542,38,,,1,100,,80543,38,,,1,100,,80544,38,,,1,100,,80545,38,,,1,97,,80546,38,,,1,99,,80547,38,,,1,100,,80548,38,,,1,100,,80549,38,,,1,100,,80550,38,,,1,99,,80551,38,,,1,99,,80552,38,,,1
3300,'Samedi-10',809,,66888,38,,,1,101,,66889,38,,,1,101,,66890,38,,,1,100,,66891,38,,,1,102,,66892,38,,,1,100,,66893,38,,,1,101,,66894,38,,,1,100,,66895,38,,,1,100,,66896,38,,,1,100,,66897,38,,,1,100,,66898,38,,,1,97,,66899,38,,,1,99,,66900,38,,,1,100,,66901,38,,,1,100,,66902,38,,,1,100,,66903,38,,,1,99,,66904,38,,,1,99,,66905,38,,,1
3300,'Dimanche-1',809,,80554,38,,,1,101,,80559,38,,,1,101,,80565,38,,,1,100,,80556,38,,,1,102,,80558,38,,,1,100,,80555,38,,,1,101,,80557,38,,,1,100,,80553,38,,,1,100,,80561,38,,,1,100,,80560,38,,,1,100,,80563,38,,,1,97,,80562,38,,,1,99,,80564,38,,,1,100,,80566,38,,,1,100,,80567,38,,,1,100,,80568,38,,,1,99,,80569,38,,,1,99,,80570,38,,,1
3300,'Semaine-1',653,,80596,38,,,1,60,,80595,38,,,1,19,,80602,38,,,1,74,,80575,38,,,1,13,,80589,38,,,1,19,,80597,38,,,1,16,,80610,38,,,1,56,,80603,38,,,1,27,,80587,38,,,1,66,,80605,38,,,1,31,,80590,38,,,1,78,,80580,38,,,1,21,,80599,38,,,1,20,,80585,38,,,1,60,,80592,38,,,1,20,,80581,38,,,1,22,,80607,38,,,1,58,,80588,38,,,1,20,,80609,38,,,1,72,,80594,38,,,1,30,,80582,38,,,1,20,,80604,38,,,1,60,,80600,38,,,1,22,,80593,38,,,1,63,,80572,38,,,1,21,,80584,38,,,1,12,,80591,38,,,1,13,,80608,38,,,1,57,,80606,38,,,1,25,,80601,38,,,1,20,,80579,38,,,1,59,,80578,38,,,1,15,,80583,38,,,1,18,,80571,38,,,1,18,,80576,38,,,1,81,,80611,38,,,1,73,,80586,38,,,1,98,,80577,38,,,1,102,,80573,38,,,1,100,,80598,38,,,2,100,,80612,38,,,1,102,,80574,38,,,1
3300,'Semaine-12',653,,80638,38,,,1,60,,80637,38,,,1,19,,80644,38,,,1,74,,80617,38,,,1,13,,80631,38,,,1,19,,80639,38,,,1,16,,80652,38,,,1,56,,80645,38,,,1,27,,80629,38,,,1,66,,80647,38,,,1,31,,80632,38,,,1,78,,80622,38,,,1,21,,80641,38,,,1,20,,80627,38,,,1,60,,80634,38,,,1,20,,80623,38,,,1,22,,80649,38,,,1,58,,80630,38,,,1,20,,80651,38,,,1,72,,80636,38,,,1,30,,80624,38,,,1,20,,80646,38,,,1,60,,80642,38,,,1,22,,80635,38,,,1,63,,80614,38,,,1,21,,80626,38,,,1,12,,80633,38,,,1,13,,80650,38,,,1,57,,80648,38,,,1,25,,80643,38,,,1,20,,80621,38,,,1,59,,80620,38,,,1,15,,80625,38,,,1,18,,80613,38,,,1,18,,80618,38,,,1,81,,80653,38,,,1,73,,80628,38,,,1,98,,80619,38,,,1,102,,80615,38,,,1,100,,80640,38,,,2,100,,80654,38,,,1,102,,80616,38,,,1
33100,'Semaine-1',832,,85911,29,0,7 8,1
33100,'Semaine-12',832,,85912,29,0,7 8,1
43300,'Semaine-1',1506,,86778,16,0,9 14,2
43300,'Semaine-12',1506,,86780,16,0,9 14,2
56600,'Semaine-1',1532,,86817,17,0,5 6,1
56600,'Semaine-12',1532,,86818,17,0,5 6,1
73300,'Semaine-1',1644,,86877,34,,,1
73300,'Semaine-12',1644,,86878,34,,,1
82701,'Semaine-1',750,,87130,7,0,9 12 13,2
82701,'Semaine-12',750,,87131,7,0,9 12 13,2
