3201,'Semaine-1',516,,80478,16,,,1,21,,80477,16,,,1,20,,80469,16,,,1,61,,80479,16,,,2,10,,80459,16,,,1,8,,80480,16,,,1,11,,80460,16,,,1,10,,80461,16,,,1,48,,80453,16,,,1,10,,80456,16,,,1,8,,80482,16,,,1,8,,80462,16,,,1,8,,80457,16,,,1,9,,80470,16,,,1,8,,80452,16,,,1,48,,80463,16,,,1,8,,80481,16,,,2,8,,80451,16,,,1,10,,80450,16,,,1,10,,80455,16,,,1,8,,80458,16,,,1,10,,80464,16,,,1,62,,80438,16,,,2,30,,80448,16,,,1,71,,80441,16,,,1,29,,80444,16,,,1,70,,80437,16,,,1,31,,80447,16,,,1,70,,80442,16,,,1,30,,80449,16,,,1,69,,80431,16,,,1,30,,80436,16,,,1,70,,80443,16,,,1,30,,80454,16,,,1,71,,80471,16,,,1,31,,80472,16,,,2,69,,80473,16,,,1,30,,80474,16,,,1,69,,80475,16,,,2,30,,80476,16,,,1,70,,80434,16,,,1,30,,80432,16,,,2,70,,80445,16,,,2,30,,80440,16,,,1,69,,80435,16,,,1,31,,80433,16,,,2,70,,80446,16,,,1,29,,80439,16,,,1,68,,80466,16,,,1,32,,80465,16,,,1,69,,80467,16,,,1,30,,80468,16,,,1
3201,'Semaine-12',516,,80530,16,,,1,21,,80529,16,,,1,20,,80521,16,,,1,61,,80531,16,,,2,10,,80511,16,,,1,8,,80532,16,,,1,11,,80512,16,,,1,10,,80513,16,,,1,48,,80505,16,,,1,10,,80508,16,,,1,8,,80534,16,,,1,8,,80514,16,,,1,8,,80509,16,,,1,9,,80522,16,,,1,8,,80504,16,,,1,48,,80515,16,,,1,8,,80533,16,,,2,8,,80503,16,,,1,10,,80502,16,,,1,10,,80507,16,,,1,8,,80510,16,,,1,10,,80516,16,,,1,62,,80490,16,,,2,30,,80500,16,,,1,71,,80493,16,,,1,29,,80496,16,,,1,70,,80489,16,,,1,31,,80499,16,,,1,70,,80494,16,,,1,30,,80501,16,,,1,69,,80483,16,,,1,30,,80488,16,,,1,70,,80495,16,,,1,30,,80506,16,,,1,71,,80523,16,,,1,31,,80524,16,,,2,69,,80525,16,,,1,30,,80526,16,,,1,69,,80527,16,,,2,30,,80528,16,,,1,70,,80486,16,,,1,30,,80484,16,,,2,70,,80497,16,,,2,30,,80492,16,,,1,69,,80487,16,,,1,31,,80485,16,,,2,70,,80498,16,,,1,29,,80491,16,,,1,68,,80518,16,,,1,32,,80517,16,,,1,69,,80519,16,,,1,30,,80520,16,,,1
3900,'Samedi-1',654,,81669,27,,,1,101,,81670,27,,,1,100,,81674,27,,,1,102,,81673,27,,,1,100,,81676,27,,,1,100,,81675,27,,,1,102,,81671,27,,,1,70,,81672,27,,,1,30,,81677,27,,,1,71,,81678,27,,,1,70,,81679,27,,,1,30,,81680,27,,,1,71,,81681,27,,,1,30,,81682,27,,,1,70,,81683,27,,,1,30,,81684,27,,,1,69,,81685,27,,,1,29,,81686,27,,,1,29,,81687,27,,,1,68,,81688,27,,,1,100,,81689,27,,,1,100,,81690,27,,,1,100,,81691,27,,,1,100,,81692,27,,,1
3900,'Samedi-10',654,,69204,27,,,1,101,,69205,27,,,1,100,,69209,27,,,1,102,,69208,27,,,1,100,,69211,27,,,1,100,,69210,27,,,1,102,,69206,27,,,1,70,,69207,27,,,1,30,,69212,27,,,1,71,,69213,27,,,1,70,,69214,27,,,1,30,,69215,27,,,1,71,,69216,27,,,1,30,,69217,27,,,1,70,,69218,27,,,1,30,,69219,27,,,1,69,,69220,27,,,1,29,,69221,27,,,1,29,,69222,27,,,1,68,,69223,27,,,1,100,,69224,27,,,1,100,,69225,27,,,1,100,,69226,27,,,1,100,,69227,27,,,1
3900,'Dimanche-1',654,,81693,27,,,1,101,,81700,27,,,1,100,,81703,27,,,1,102,,81696,27,,,1,100,,81698,27,,,1,100,,81699,27,,,1,102,,81702,27,,,1,70,,81695,27,,,1,30,,81697,27,,,1,71,,81704,27,,,1,70,,81694,27,,,1,30,,81705,27,,,1,71,,81701,27,,,1,30,,81708,27,,,1,70,,81711,27,,,1,30,,81713,27,,,1,69,,81707,27,,,1,29,,81710,27,,,1,29,,81712,27,,,1,68,,81706,27,,,1,100,,81709,27,,,1,100,,81714,27,,,1,100,,81715,27,,,1,100,,81716,27,,,1
3900,'Semaine-1',631,,81734,27,,,1,23,,81720,27,,,1,72,,81739,27,,,1,29,,81732,27,,,1,73,,81733,27,,,1,72,,81731,27,,,1,32,,81728,27,,,1,70,,81745,27,,,2,30,,81740,27,,,1,71,,81752,27,,,1,30,,81737,27,,,2,70,,81741,27,,,1,30,,81729,27,,,1,71,,81727,27,,,1,30,,81742,27,,,1,69,,81730,27,,,2,30,,81717,27,,,1,73,,81743,27,,,1,34,,81724,27,,,1,70,,81726,27,,,1,31,,81744,27,,,2,72,,81723,27,,,1,28,,81718,27,,,1,69,,81746,27,,,1,27,,81725,27,,,1,71,,81719,27,,,2,29,,81747,27,,,2,72,,81722,27,,,1,25,,81738,27,,,2,25,,81748,27,,,1,70,,81721,27,,,1,30,,81736,27,,,1,69,,81749,27,,,1,30,,81735,27,,,1,72,,81751,27,,,1,28,,81750,27,,,1
3900,'Semaine-12',631,,81770,27,,,1,23,,81756,27,,,1,72,,81775,27,,,1,29,,81768,27,,,1,73,,81769,27,,,1,72,,81767,27,,,1,32,,81764,27,,,1,70,,81781,27,,,2,30,,81776,27,,,1,71,,81788,27,,,1,30,,81773,27,,,2,70,,81777,27,,,1,30,,81765,27,,,1,71,,81763,27,,,1,30,,81778,27,,,1,69,,81766,27,,,2,30,,81753,27,,,1,73,,81779,27,,,1,34,,81760,27,,,1,70,,81762,27,,,1,31,,81780,27,,,2,72,,81759,27,,,1,28,,81754,27,,,1,69,,81782,27,,,1,27,,81761,27,,,1,71,,81755,27,,,2,29,,81783,27,,,2,72,,81758,27,,,1,25,,81774,27,,,2,25,,81784,27,,,1,70,,81757,27,,,1,30,,81772,27,,,1,69,,81785,27,,,1,30,,81771,27,,,1,72,,81787,27,,,1,28,,81786,27,,,1
44900,'Semaine-1',723,,86791,25,0,9 14,1
44900,'Semaine-12',723,,86792,25,0,9 14,1
63900,'Semaine-1',1531,,86833,40,0,9 10,1
63900,'Semaine-12',1531,,86834,40,0,9 10,1
