4801,'Semaine-1',755,,81999,41,,,1
4801,'Semaine-12',755,,82000,41,,,1
8501,'Semaine-1',547,,85431,32,,,1,70,,85433,32,,,1,26,,85436,32,,,1,15,,85435,32,,,1,58,,85440,32,,,1,14,,85432,32,,,2,16,,85438,32,,,1,56,,85434,32,,,2,14,,85439,32,,,1,20,,85437,32,,,1
8501,'Semaine-12',547,,85441,32,,,1,70,,85443,32,,,1,26,,85446,32,,,1,15,,85445,32,,,1,58,,85450,32,,,1,14,,85442,32,,,2,16,,85448,32,,,1,56,,85444,32,,,2,14,,85449,32,,,1,20,,85447,32,,,1
8701,'Semaine-1',532,,85481,28,,,1,70,,85474,28,,,1,30,,85479,28,,,1,19,,85477,28,,,1,54,,85475,28,,,1,16,,85484,28,,,1,17,,85480,28,,,1,15,,85476,28,,,1,56,,85483,28,,,1,17,,85482,28,,,2,20,,85478,28,,,1,60,,85473,28,,,1
8701,'Semaine-12',532,,85493,28,,,1,70,,85486,28,,,1,30,,85491,28,,,1,19,,85489,28,,,1,54,,85487,28,,,1,16,,85496,28,,,1,17,,85492,28,,,1,15,,85488,28,,,1,56,,85495,28,,,1,17,,85494,28,,,2,20,,85490,28,,,1,60,,85485,28,,,1
9301,'Semaine-1',649,,85514,53,,,2,60,,85512,53,,,1,21,,85511,53,,,1,76,,85515,53,,,1,30,,85513,53,,,2
9301,'Semaine-12',649,,85519,53,,,2,60,,85517,53,,,1,21,,85516,53,,,1,76,,85520,53,,,1,30,,85518,53,,,2
9401,'Semaine-1',610,,85521,43,,,1
9401,'Semaine-12',610,,85522,43,,,1
9501,'Semaine-1',641,,85547,66,,,1,15,,85543,66,,,1,53,,85545,66,,,1,20,,85550,66,,,1,17,,85546,66,,,2,57,,85548,66,,,2,14,,85549,66,,,2,16,,85544,66,,,2
9501,'Semaine-12',641,,85555,66,,,1,15,,85551,66,,,1,53,,85553,66,,,1,20,,85558,66,,,1,17,,85554,66,,,2,57,,85556,66,,,2,14,,85557,66,,,2,16,,85552,66,,,2
9801,'Semaine-1',554,,85699,56,,,2,50,,85700,56,,,1,10,,85701,56,,,1
9801,'Semaine-12',554,,85702,56,,,2,50,,85703,56,,,1,10,,85704,56,,,1
10001,'Semaine-1',633,,85741,15,,,1,10,,85739,15,,,1,10,,85738,15,,,1,50,,85737,15,,,1,9,,85740,15,,,1,11,,85742,15,,,1,10,,85743,15,,,1,10,,85744,15,,,1,9,,85745,15,,,1,51,,85746,15,,,1,14,,85747,15,,,1,10,,85748,15,,,1,9,,85749,15,,,1,8,,85750,15,,,1,10,,85751,15,,,1
10001,'Semaine-12',633,,85756,15,,,1,10,,85754,15,,,1,10,,85753,15,,,1,50,,85752,15,,,1,9,,85755,15,,,1,11,,85757,15,,,1,10,,85758,15,,,1,10,,85759,15,,,1,9,,85760,15,,,1,51,,85761,15,,,1,14,,85762,15,,,1,10,,85763,15,,,1,9,,85764,15,,,1,8,,85765,15,,,1,10,,85766,15,,,1
43700,'Semaine-1',713,,86783,2,0,9 14,1
43700,'Semaine-12',713,,86785,2,0,9 14,1
80401,'Semaine-12',1735,,87111,14,,,1
