6400,'Samedi-1',744,,83307,21,,,1,100,,83309,21,,,1,100,,83312,21,,,1,100,,83310,21,,,1,100,,83313,21,,,1,100,,83308,21,,,1,100,,83311,21,,,1,100,,83314,21,,,1,99,,83315,21,,,1,100,,83316,21,,,1,100,,83317,21,,,1,100,,83318,21,,,1
6400,'Samedi-10',744,,72456,21,,,1,100,,72458,21,,,1,100,,72461,21,,,1,100,,72459,21,,,1,100,,72462,21,,,1,100,,72457,21,,,1,100,,72460,21,,,1,100,,72463,21,,,1,99,,72464,21,,,1,100,,72465,21,,,1,100,,72466,21,,,1,100,,72467,21,,,1
6400,'Dimanche-1',744,,83320,21,,,1,100,,83321,21,,,1,100,,83326,21,,,1,100,,83324,21,,,1,100,,83319,21,,,1,100,,83322,21,,,1,100,,83323,21,,,1,100,,83327,21,,,1,99,,83325,21,,,1,100,,83329,21,,,1,100,,83330,21,,,1,100,,83328,21,,,1
6400,'Semaine-1',655,,83339,21,,,1,74,,83336,21,,,1,30,,83331,21,,,1,70,,83335,21,,,1,100,,83337,21,,,1,100,,83342,21,,,1,100,,83341,21,,,1,100,,83334,21,,,1,100,,83347,21,,,1,100,,83343,21,,,1,95,,83344,21,,,1,85,,83349,21,,,1,47,,83348,21,,,1,102,,83345,21,,,1,95,,83346,21,,,1,100,,83338,21,,,2,99,,83332,21,,,2,100,,83340,21,,,1,100,,83333,21,,,1
6400,'Semaine-12',655,,83358,21,,,1,74,,83355,21,,,1,30,,83350,21,,,1,70,,83354,21,,,1,100,,83356,21,,,1,100,,83361,21,,,1,100,,83360,21,,,1,100,,83353,21,,,1,100,,83366,21,,,1,100,,83362,21,,,1,95,,83363,21,,,1,85,,83368,21,,,1,47,,83367,21,,,1,102,,83364,21,,,1,95,,83365,21,,,1,100,,83357,21,,,2,99,,83351,21,,,2,100,,83359,21,,,1,100,,83352,21,,,1
6600,'Samedi-1',723,,83633,20,,,1,100,,83636,20,,,1,100,,83634,20,,,1,100,,83637,20,,,1,100,,83631,20,,,1,100,,83632,20,,,1,100,,83635,20,,,1,100,,83638,20,,,1,100,,83639,20,,,1,100,,83640,20,,,1,100,,83641,20,,,1,100,,83642,20,,,1,100,,83644,20,,,1,100,,83643,20,,,1,100,,83645,20,,,1,100,,83646,20,,,1,100,,83647,20,,,1
6600,'Samedi-10',723,,73120,20,,,1,100,,73123,20,,,1,100,,73121,20,,,1,100,,73124,20,,,1,100,,73118,20,,,1,100,,73119,20,,,1,100,,73122,20,,,1,100,,73125,20,,,1,100,,73126,20,,,1,100,,73127,20,,,1,100,,73128,20,,,1,100,,73129,20,,,1,100,,73131,20,,,1,100,,73130,20,,,1,100,,73132,20,,,1,100,,73133,20,,,1,100,,73134,20,,,1
6600,'Dimanche-1',723,,83652,20,,,1,100,,83653,20,,,1,100,,83654,20,,,1,100,,83648,20,,,1,100,,83649,20,,,1,100,,83650,20,,,1,100,,83651,20,,,1,100,,83656,20,,,1,100,,83655,20,,,1,100,,83659,20,,,1,100,,83657,20,,,1,100,,83661,20,,,1,100,,83658,20,,,1,100,,83660,20,,,1,100,,83662,20,,,1,100,,83663,20,,,1,100,,83664,20,,,1
6600,'Semaine-1',609,,83675,20,,,2,20,,83681,20,,,2,20,,83676,20,,,1,63,,83668,20,,,2,19,,83680,20,,,1,19,,83673,20,,,1,61,,83687,20,,,1,18,,83667,20,,,1,18,,83678,20,,,1,60,,83688,20,,,1,100,,83677,20,,,1,100,,83669,20,,,1,100,,83692,20,,,1,100,,83693,20,,,1,101,,83679,20,,,2,100,,83689,20,,,1,23,,83682,20,,,1,22,,83665,20,,,1,60,,83684,20,,,1,18,,83690,20,,,1,20,,83695,20,,,1,59,,83666,20,,,2,24,,83685,20,,,2,20,,83683,20,,,1,58,,83671,20,,,1,22,,83691,20,,,2,94,,83672,20,,,2,100,,83670,20,,,1,98,,83674,20,,,1,100,,83686,20,,,1,100,,83694,20,,,1
6600,'Semaine-12',609,,83706,20,,,2,20,,83712,20,,,2,20,,83707,20,,,1,63,,83699,20,,,2,19,,83711,20,,,1,19,,83704,20,,,1,61,,83718,20,,,1,18,,83698,20,,,1,18,,83709,20,,,1,60,,83719,20,,,1,100,,83708,20,,,1,100,,83700,20,,,1,100,,83723,20,,,1,100,,83724,20,,,1,101,,83710,20,,,2,100,,83720,20,,,1,23,,83713,20,,,1,22,,83696,20,,,1,60,,83715,20,,,1,18,,83721,20,,,1,20,,83726,20,,,1,59,,83697,20,,,2,24,,83716,20,,,2,20,,83714,20,,,1,58,,83702,20,,,1,22,,83722,20,,,2,94,,83703,20,,,2,100,,83701,20,,,1,98,,83705,20,,,1,100,,83717,20,,,1,100,,83725,20,,,1
56600,'Semaine-1',1603,,86817,58,0,5 6,1
56600,'Semaine-12',1603,,86818,58,0,5 6,1
