6700,'Samedi-0',727,,73515,30,,,1,102,,73514,30,,,1,100,,73513,30,,,1,71,,73509,30,,,1,30,,73517,30,,,1,70,,73510,30,,,1,30,,73511,30,,,1,71,,73516,30,,,1,30,,73521,30,,,1,70,,73512,30,,,1,29,,73520,30,,,1,71,,73518,30,,,1,30,,73519,30,,,1,72,,73522,30,,,1,30,,73523,30,,,1,70,,73524,30,,,1,30,,73525,30,,,1,68,,73526,30,,,1,30,,73527,30,,,1,70,,73528,30,,,1,30,,73529,30,,,1,70,,73530,30,,,1,28,,73531,30,,,1,30,,73532,30,,,1,100,,73536,30,,,1,100,,73533,30,,,1,100,,73534,30,,,1,99,,73535,30,,,1
6700,'Samedi-10',727,,73543,30,,,1,102,,73542,30,,,1,100,,73541,30,,,1,71,,73537,30,,,1,30,,73545,30,,,1,70,,73538,30,,,1,30,,73539,30,,,1,71,,73544,30,,,1,30,,73549,30,,,1,70,,73540,30,,,1,29,,73548,30,,,1,71,,73546,30,,,1,30,,73547,30,,,1,72,,73550,30,,,1,30,,73551,30,,,1,70,,73552,30,,,1,30,,73553,30,,,1,68,,73554,30,,,1,30,,73555,30,,,1,70,,73556,30,,,1,30,,73557,30,,,1,70,,73558,30,,,1,28,,73559,30,,,1,30,,73560,30,,,1,100,,73564,30,,,1,100,,73561,30,,,1,100,,73562,30,,,1,99,,73563,30,,,1
6700,'Samedi-11',727,,73571,30,,,1,102,,73570,30,,,1,100,,73569,30,,,1,71,,73565,30,,,1,30,,73573,30,,,1,70,,73566,30,,,1,30,,73567,30,,,1,71,,73572,30,,,1,30,,73577,30,,,1,70,,73568,30,,,1,29,,73576,30,,,1,71,,73574,30,,,1,30,,73575,30,,,1,72,,73578,30,,,1,30,,73579,30,,,1,70,,73580,30,,,1,30,,73581,30,,,1,68,,73582,30,,,1,30,,73583,30,,,1,70,,73584,30,,,1,30,,73585,30,,,1,70,,73586,30,,,1,28,,73587,30,,,1,30,,73588,30,,,1,100,,73592,30,,,1,100,,73589,30,,,1,100,,73590,30,,,1,99,,73591,30,,,1
6700,'Dimanche-0',727,,73599,30,,,1,102,,73595,30,,,1,100,,73594,30,,,1,71,,73600,30,,,1,30,,73603,30,,,1,70,,73605,30,,,1,30,,73609,30,,,1,71,,73608,30,,,1,30,,73593,30,,,1,70,,73597,30,,,1,29,,73596,30,,,1,71,,73601,30,,,1,30,,73606,30,,,1,72,,73607,30,,,1,30,,73602,30,,,1,70,,73598,30,,,1,30,,73604,30,,,1,68,,73613,30,,,1,30,,73610,30,,,1,70,,73615,30,,,1,30,,73616,30,,,1,70,,73611,30,,,1,28,,73614,30,,,1,30,,73612,30,,,1,100,,73617,30,,,1,100,,73618,30,,,1,100,,73619,30,,,1,99,,73620,30,,,1
6700,'Semaine-0',628,,73685,30,,,1,30,,73679,30,,,1,73,,73687,30,,,1,22,,73696,30,,,1,61,,73680,30,,,1,18,,73705,30,,,1,69,,73690,30,,,1,28,,73698,30,,,1,20,,73688,30,,,1,59,,73708,30,,,1,20,,73706,30,,,1,21,,73693,30,,,2,60,,73709,30,,,1,20,,73699,30,,,1,20,,73702,30,,,1,60,,73710,30,,,1,20,,73707,30,,,1,20,,73694,30,,,1,60,,73711,30,,,1,20,,73700,30,,,1,20,,73703,30,,,1,60,,73712,30,,,1,22,,73692,30,,,1,20,,73695,30,,,1,62,,73713,30,,,1,325,,73715,30,,,1,15,,73689,30,,,1,56,,73714,30,,,1,19,,73697,30,,,1,30,,73677,30,,,1,72,,73701,30,,,1,28,,73681,30,,,2,70,,73704,30,,,2,30,,73678,30,,,1,69,,73686,30,,,1,30,,73682,30,,,2,71,,73691,30,,,1,26,,73684,30,,,1,69,,73683,30,,,2
6700,'Semaine-10',628,,73724,30,,,1,30,,73718,30,,,1,73,,73726,30,,,1,22,,73735,30,,,1,61,,73719,30,,,1,18,,73744,30,,,1,69,,73729,30,,,1,28,,73737,30,,,1,20,,73727,30,,,1,59,,73747,30,,,1,20,,73745,30,,,1,21,,73732,30,,,2,60,,73748,30,,,1,20,,73738,30,,,1,20,,73741,30,,,1,60,,73749,30,,,1,20,,73746,30,,,1,20,,73733,30,,,1,60,,73750,30,,,1,20,,73739,30,,,1,20,,73742,30,,,1,60,,73751,30,,,1,22,,73731,30,,,1,20,,73734,30,,,1,62,,73752,30,,,1,325,,73754,30,,,1,15,,73728,30,,,1,56,,73753,30,,,1,19,,73736,30,,,1,30,,73716,30,,,1,72,,73740,30,,,1,28,,73720,30,,,2,70,,73743,30,,,2,30,,73717,30,,,1,69,,73725,30,,,1,30,,73721,30,,,2,71,,73730,30,,,1,26,,73723,30,,,1,69,,73722,30,,,2
6700,'Semaine-11',628,,73763,30,,,1,30,,73757,30,,,1,73,,73765,30,,,1,22,,73774,30,,,1,61,,73758,30,,,1,18,,73783,30,,,1,69,,73768,30,,,1,28,,73776,30,,,1,20,,73766,30,,,1,59,,73786,30,,,1,20,,73784,30,,,1,21,,73771,30,,,2,60,,73787,30,,,1,20,,73777,30,,,1,20,,73780,30,,,1,60,,73788,30,,,1,20,,73785,30,,,1,20,,73772,30,,,1,60,,73789,30,,,1,20,,73778,30,,,1,20,,73781,30,,,1,60,,73790,30,,,1,22,,73770,30,,,1,20,,73773,30,,,1,62,,73791,30,,,1,325,,73793,30,,,1,15,,73767,30,,,1,56,,73792,30,,,1,19,,73775,30,,,1,30,,73755,30,,,1,72,,73779,30,,,1,28,,73759,30,,,2,70,,73782,30,,,2,30,,73756,30,,,1,69,,73764,30,,,1,30,,73760,30,,,2,71,,73769,30,,,1,26,,73762,30,,,1,69,,73761,30,,,2
8700,'Semaine-0',1533,,76638,28,,,1,16,,76637,28,,,2,55,,76630,28,,,1,15,,76632,28,,,2,15,,76629,28,,,1,18,,76639,28,,,1,52,,76635,28,,,1,13,,76636,28,,,2,19,,76631,28,,,1,17,,76634,28,,,1,59,,76633,28,,,1
8700,'Semaine-10',1533,,76649,28,,,1,16,,76648,28,,,2,55,,76641,28,,,1,15,,76643,28,,,2,15,,76640,28,,,1,18,,76650,28,,,1,52,,76646,28,,,1,13,,76647,28,,,2,19,,76642,28,,,1,17,,76645,28,,,1,59,,76644,28,,,1
8700,'Semaine-11',1533,,76660,28,,,1,16,,76659,28,,,2,55,,76652,28,,,1,15,,76654,28,,,2,15,,76651,28,,,1,18,,76661,28,,,1,52,,76657,28,,,1,13,,76658,28,,,2,19,,76653,28,,,1,17,,76656,28,,,1,59,,76655,28,,,1
