9501,'Semaine-1',539,,85547,18,,,1,15,,85543,18,,,1,53,,85545,18,,,1,17,,85550,18,,,1,15,,85546,18,,,2,15,,85548,18,,,2,54,,85549,18,,,2,16,,85544,18,,,2
9501,'Semaine-12',539,,85555,18,,,1,15,,85551,18,,,1,53,,85553,18,,,1,17,,85558,18,,,1,15,,85554,18,,,2,15,,85556,18,,,2,54,,85557,18,,,2,16,,85552,18,,,2
9701,'Samedi-1',734,,85635,22,,,1,100,,85638,22,,,1,100,,85636,22,,,1,100,,85639,22,,,1,100,,85633,22,,,1,100,,85634,22,,,1,101,,85637,22,,,1,100,,85640,22,,,1,100,,85641,22,,,1,100,,85642,22,,,1,100,,85643,22,,,1,100,,85644,22,,,1,100,,85648,22,,,1,100,,85645,22,,,1,99,,85646,22,,,1,100,,85647,22,,,1
9701,'Samedi-10',734,,76971,22,,,1,100,,76974,22,,,1,100,,76972,22,,,1,100,,76975,22,,,1,100,,76969,22,,,1,100,,76970,22,,,1,101,,76973,22,,,1,100,,76976,22,,,1,100,,76977,22,,,1,100,,76978,22,,,1,100,,76979,22,,,1,100,,76980,22,,,1,100,,76984,22,,,1,100,,76981,22,,,1,99,,76982,22,,,1,100,,76983,22,,,1
9701,'Dimanche-1',734,,85654,22,,,1,100,,85661,22,,,1,100,,85650,22,,,1,100,,85657,22,,,1,100,,85656,22,,,1,100,,85649,22,,,1,101,,85653,22,,,1,100,,85651,22,,,1,100,,85652,22,,,1,100,,85655,22,,,1,100,,85658,22,,,1,100,,85659,22,,,1,100,,85660,22,,,1,100,,85662,22,,,1,99,,85663,22,,,1,100,,85664,22,,,1
9701,'Semaine-1',615,,85665,22,,,2,98,,85666,22,,,1,111,,85667,22,,,1,109,,85668,22,,,1,100,,85669,22,,,1,100,,85670,22,,,1,100,,85671,22,,,1,100,,85672,22,,,1,100,,85673,22,,,1,102,,85674,22,,,1,94,,85675,22,,,1,107,,85676,22,,,1,97,,85677,22,,,1,98,,85678,22,,,1,100,,85679,22,,,1,98,,85680,22,,,1,100,,85681,22,,,1
9701,'Semaine-12',615,,85682,22,,,2,98,,85683,22,,,1,111,,85684,22,,,1,109,,85685,22,,,1,100,,85686,22,,,1,100,,85687,22,,,1,100,,85688,22,,,1,100,,85689,22,,,1,100,,85690,22,,,1,102,,85691,22,,,1,94,,85692,22,,,1,107,,85693,22,,,1,97,,85694,22,,,1,98,,85695,22,,,1,100,,85696,22,,,1,98,,85697,22,,,1,100,,85698,22,,,1
9801,'Semaine-1',511,,85699,18,,,2,10,,85700,18,,,1,10,,85701,18,,,1
9801,'Semaine-12',511,,85702,18,,,2,10,,85703,18,,,1,10,,85704,18,,,1
29701,'Semaine-1',1505,,85892,4,0,19,2
29701,'Semaine-12',1505,,85894,4,0,19,2
