3201,'Semaine-1',507,,80478,2,,,1,20,,80477,2,,,1,20,,80469,2,,,1,60,,80479,2,,,2,10,,80459,2,,,1,8,,80480,2,,,1,11,,80460,2,,,1,10,,80461,2,,,1,8,,80453,2,,,1,49,,80456,2,,,1,8,,80482,2,,,1,8,,80462,2,,,1,8,,80457,2,,,1,9,,80470,2,,,1,8,,80452,2,,,1,7,,80463,2,,,1,8,,80481,2,,,2,48,,80451,2,,,1,10,,80450,2,,,1,10,,80455,2,,,1,10,,80458,2,,,1,10,,80464,2,,,1,62,,80438,2,,,2,30,,80448,2,,,1,70,,80441,2,,,1,30,,80444,2,,,1,70,,80437,2,,,1,30,,80447,2,,,1,70,,80442,2,,,1,30,,80449,2,,,1,70,,80431,2,,,1,30,,80436,2,,,1,70,,80443,2,,,1,30,,80454,2,,,1,70,,80471,2,,,1,30,,80472,2,,,2,70,,80473,2,,,1,30,,80474,2,,,1,70,,80475,2,,,2,30,,80476,2,,,1,70,,80434,2,,,1,30,,80432,2,,,2,72,,80445,2,,,2,30,,80440,2,,,1,69,,80435,2,,,1,31,,80433,2,,,2,70,,80446,2,,,1,30,,80439,2,,,1,68,,80466,2,,,1,32,,80465,2,,,1,70,,80467,2,,,1,30,,80468,2,,,1
3201,'Semaine-12',507,,80530,2,,,1,20,,80529,2,,,1,20,,80521,2,,,1,60,,80531,2,,,2,10,,80511,2,,,1,8,,80532,2,,,1,11,,80512,2,,,1,10,,80513,2,,,1,8,,80505,2,,,1,49,,80508,2,,,1,8,,80534,2,,,1,8,,80514,2,,,1,8,,80509,2,,,1,9,,80522,2,,,1,8,,80504,2,,,1,7,,80515,2,,,1,8,,80533,2,,,2,48,,80503,2,,,1,10,,80502,2,,,1,10,,80507,2,,,1,10,,80510,2,,,1,10,,80516,2,,,1,62,,80490,2,,,2,30,,80500,2,,,1,70,,80493,2,,,1,30,,80496,2,,,1,70,,80489,2,,,1,30,,80499,2,,,1,70,,80494,2,,,1,30,,80501,2,,,1,70,,80483,2,,,1,30,,80488,2,,,1,70,,80495,2,,,1,30,,80506,2,,,1,70,,80523,2,,,1,30,,80524,2,,,2,70,,80525,2,,,1,30,,80526,2,,,1,70,,80527,2,,,2,30,,80528,2,,,1,70,,80486,2,,,1,30,,80484,2,,,2,72,,80497,2,,,2,30,,80492,2,,,1,69,,80487,2,,,1,31,,80485,2,,,2,70,,80498,2,,,1,30,,80491,2,,,1,68,,80518,2,,,1,32,,80517,2,,,1,70,,80519,2,,,1,30,,80520,2,,,1
3401,'Samedi-1',648,,80905,9,,,1,100,,80908,9,,,1,70,,80917,9,,,1,30,,80906,9,,,1,71,,80911,9,,,1,30,,80913,9,,,1,69,,80907,9,,,1,30,,80916,9,,,1,72,,80909,9,,,1,29,,80918,9,,,1,70,,80910,9,,,1,30,,80912,9,,,1,70,,80914,9,,,1,30,,80915,9,,,1,70,,80919,9,,,1,31,,80920,9,,,1,70,,80921,9,,,1,30,,80922,9,,,1,70,,80923,9,,,1,30,,80924,9,,,1,70,,80925,9,,,1,30,,80926,9,,,1,70,,80927,9,,,1,30,,80929,9,,,1,68,,80928,9,,,1,30,,80930,9,,,1,70,,80931,9,,,1,30,,80932,9,,,1,70,,80934,9,,,1,30,,80933,9,,,1,70,,80935,9,,,1,99,,80936,9,,,1
3401,'Samedi-10',648,,67667,9,,,1,100,,67670,9,,,1,70,,67679,9,,,1,30,,67668,9,,,1,71,,67673,9,,,1,30,,67675,9,,,1,69,,67669,9,,,1,30,,67678,9,,,1,72,,67671,9,,,1,29,,67680,9,,,1,70,,67672,9,,,1,30,,67674,9,,,1,70,,67676,9,,,1,30,,67677,9,,,1,70,,67681,9,,,1,31,,67682,9,,,1,70,,67683,9,,,1,30,,67684,9,,,1,70,,67685,9,,,1,30,,67686,9,,,1,70,,67687,9,,,1,30,,67688,9,,,1,70,,67689,9,,,1,30,,67691,9,,,1,68,,67690,9,,,1,30,,67692,9,,,1,70,,67693,9,,,1,30,,67694,9,,,1,70,,67696,9,,,1,30,,67695,9,,,1,70,,67697,9,,,1,99,,67698,9,,,1
3401,'Dimanche-1',648,,80937,9,,,1,100,,80945,9,,,1,70,,80950,9,,,1,30,,80942,9,,,1,71,,80940,9,,,1,30,,80963,9,,,1,69,,80944,9,,,1,30,,80949,9,,,1,72,,80939,9,,,1,29,,80938,9,,,1,70,,80941,9,,,1,30,,80948,9,,,1,70,,80951,9,,,1,30,,80943,9,,,1,70,,80947,9,,,1,31,,80946,9,,,1,70,,80952,9,,,1,30,,80956,9,,,1,70,,80953,9,,,1,30,,80954,9,,,1,70,,80955,9,,,1,30,,80962,9,,,1,70,,80957,9,,,1,30,,80960,9,,,1,68,,80958,9,,,1,30,,80959,9,,,1,70,,80961,9,,,1,30,,80964,9,,,1,70,,80966,9,,,1,30,,80965,9,,,1,70,,80967,9,,,1,99,,80968,9,,,1
3401,'Semaine-1',854,,80994,9,,,1,70,,80974,9,,,2,30,,80978,9,,,1,70,,80998,9,,,1,30,,80971,9,,,1,70,,80975,9,,,1,30,,80979,9,,,1,70,,80969,9,,,1,30,,80972,9,,,1,70,,80976,9,,,1,30,,80980,9,,,2,71,,80973,9,,,1,29,,80995,9,,,1,69,,80970,9,,,1,33,,80996,9,,,1,67,,80997,9,,,1,30,,80991,9,,,1,70,,80987,9,,,1,30,,80977,9,,,1,71,,80984,9,,,1,30,,80993,9,,,1,71,,80981,9,,,1,30,,80983,9,,,1,70,,80985,9,,,1,30,,80989,9,,,2,70,,80982,9,,,1,30,,80988,9,,,1,70,,80986,9,,,1,30,,80990,9,,,1,70,,80992,9,,,1
3401,'Semaine-12',854,,81024,9,,,1,70,,81004,9,,,2,30,,81008,9,,,1,70,,81028,9,,,1,30,,81001,9,,,1,70,,81005,9,,,1,30,,81009,9,,,1,70,,80999,9,,,1,30,,81002,9,,,1,70,,81006,9,,,1,30,,81010,9,,,2,71,,81003,9,,,1,29,,81025,9,,,1,69,,81000,9,,,1,33,,81026,9,,,1,67,,81027,9,,,1,30,,81021,9,,,1,70,,81017,9,,,1,30,,81007,9,,,1,71,,81014,9,,,1,30,,81023,9,,,1,71,,81011,9,,,1,30,,81013,9,,,1,70,,81015,9,,,1,30,,81019,9,,,2,70,,81012,9,,,1,30,,81018,9,,,1,70,,81016,9,,,1,30,,81020,9,,,1,70,,81022,9,,,1
4200,'Semaine-1',618,,81951,11,,,1,102,,81952,11,,,1,903,,81953,11,,,1,99,,81954,11,,,1
4200,'Semaine-12',618,,81955,11,,,1,102,,81956,11,,,1,903,,81957,11,,,1,99,,81958,11,,,1
4900,'Samedi-1',728,,82003,25,,,1,100,,82004,25,,,1,102,,82001,25,,,1,100,,82005,25,,,1,100,,82002,25,,,1,101,,82006,25,,,1,98,,82007,25,,,1,102,,82008,25,,,1,100,,82009,25,,,1,100,,82010,25,,,1,100,,82011,25,,,1,97,,82012,25,,,1,100,,82013,25,,,1,100,,82014,25,,,1,100,,82015,25,,,1,100,,82016,25,,,1,98,,82017,25,,,1
4900,'Samedi-10',728,,69841,25,,,1,100,,69842,25,,,1,102,,69839,25,,,1,100,,69843,25,,,1,100,,69840,25,,,1,101,,69844,25,,,1,98,,69845,25,,,1,102,,69846,25,,,1,100,,69847,25,,,1,100,,69848,25,,,1,100,,69849,25,,,1,97,,69850,25,,,1,100,,69851,25,,,1,100,,69852,25,,,1,100,,69853,25,,,1,100,,69854,25,,,1,98,,69855,25,,,1
4900,'Dimanche-1',728,,82018,25,,,1,100,,82031,25,,,1,102,,82019,25,,,1,100,,82030,25,,,1,100,,82022,25,,,1,101,,82021,25,,,1,98,,82025,25,,,1,102,,82020,25,,,1,100,,82024,25,,,1,100,,82023,25,,,1,100,,82027,25,,,1,97,,82029,25,,,1,100,,82026,25,,,1,100,,82028,25,,,1,100,,82032,25,,,1,100,,82033,25,,,1,98,,82034,25,,,1
4900,'Semaine-1',642,,82062,25,,,1,14,,82057,12,,,1,3,,82069,12,,,1,44,,82045,12,,,1,6,,82068,12,,,1,4,,82073,25,,,1,2,,82072,12,,,1,4,,82071,12,,,1,5,,82070,12,,,1,21,,82065,25,,,1,66,,82066,25,,,1,1,,82061,12,,,1,33,,82060,25,,,1,72,,82055,25,,,1,29,,82047,25,,,1,71,,82067,25,,,1,33,,82063,25,,,1,70,,82058,25,,,1,30,,82035,25,,,1,70,,82056,25,,,1,30,,82037,25,,,1,70,,82042,25,,,1,30,,82044,25,,,1,70,,82048,25,,,1,30,,82064,25,,,1,75,,82046,25,,,1,30,,82049,25,,,1,70,,82040,25,,,1,30,,82052,25,,,1,70,,82043,25,,,1,28,,82041,25,,,1,70,,82059,25,,,1,27,,82053,25,,,1,98,,82036,25,,,1,99,,82054,25,,,1,101,,82051,25,,,1,97,,82038,25,,,1,98,,82050,25,,,1,100,,82039,25,,,1
4900,'Semaine-12',642,,82101,25,,,1,14,,82096,12,,,1,3,,82108,12,,,1,44,,82084,12,,,1,6,,82107,12,,,1,4,,82112,25,,,1,2,,82111,12,,,1,4,,82110,12,,,1,5,,82109,12,,,1,21,,82104,25,,,1,66,,82105,25,,,1,1,,82100,12,,,1,33,,82099,25,,,1,72,,82094,25,,,1,29,,82086,25,,,1,71,,82106,25,,,1,33,,82102,25,,,1,70,,82097,25,,,1,30,,82074,25,,,1,70,,82095,25,,,1,30,,82076,25,,,1,70,,82081,25,,,1,30,,82083,25,,,1,70,,82087,25,,,1,30,,82103,25,,,1,75,,82085,25,,,1,30,,82088,25,,,1,70,,82079,25,,,1,30,,82091,25,,,1,70,,82082,25,,,1,28,,82080,25,,,1,70,,82098,25,,,1,27,,82092,25,,,1,98,,82075,25,,,1,99,,82093,25,,,1,101,,82090,25,,,1,97,,82077,25,,,1,98,,82089,25,,,1,100,,82078,25,,,1
5000,'Semaine-1',647,,82216,22,,,1,62,,82214,22,,,1,6,,82215,1,,,2,25,,82217,22,,,2,70,,82213,22,,,1,108,,82218,22,,,1
5000,'Semaine-12',647,,82222,22,,,1,62,,82220,22,,,1,6,,82221,1,,,2,25,,82223,22,,,2,70,,82219,22,,,1,108,,82224,22,,,1
44900,'Semaine-1',711,,86791,11,0,9 14,1
44900,'Semaine-12',711,,86792,11,0,9 14,1
55000,'Semaine-1',702,,86799,22,0,5 6,1,2,,86800,22,0,5 6,1
55000,'Semaine-12',702,,86801,22,0,5 6,1,2,,86802,22,0,5 6,1
63900,'Semaine-1',1511,,86833,9,0,9 10,1
63900,'Semaine-12',1511,,86834,9,0,9 10,1
