4901,'Samedi-1',718,,82116,10,,,1,100,,82115,10,,,1,100,,82117,10,,,1,100,,82113,10,,,1,100,,82118,10,,,1,100,,82114,10,,,1,100,,82119,10,,,1,100,,82120,10,,,1,100,,82121,10,,,1,100,,82122,10,,,1,100,,82123,10,,,1,100,,82124,10,,,1,100,,82125,10,,,1,100,,82126,10,,,1,100,,82127,10,,,1,100,,82128,10,,,1,100,,82129,10,,,1
4901,'Samedi-10',718,,70061,10,,,1,100,,70060,10,,,1,100,,70062,10,,,1,100,,70058,10,,,1,100,,70063,10,,,1,100,,70059,10,,,1,100,,70064,10,,,1,100,,70065,10,,,1,100,,70066,10,,,1,100,,70067,10,,,1,100,,70068,10,,,1,100,,70069,10,,,1,100,,70070,10,,,1,100,,70071,10,,,1,100,,70072,10,,,1,100,,70073,10,,,1,100,,70074,10,,,1
4901,'Dimanche-1',718,,82143,10,,,1,100,,82132,10,,,1,100,,82142,10,,,1,100,,82135,10,,,1,100,,82131,10,,,1,100,,82130,10,,,1,100,,82133,10,,,1,100,,82134,10,,,1,100,,82137,10,,,1,100,,82136,10,,,1,100,,82140,10,,,1,100,,82139,10,,,1,100,,82141,10,,,1,100,,82138,10,,,1,100,,82144,10,,,1,100,,82145,10,,,1,100,,82146,10,,,1
4901,'Semaine-1',558,,82153,10,,,1,87,,82158,10,,,1,70,,82174,10,,,1,31,,82170,10,,,1,69,,82168,10,,,1,29,,82178,10,,,1,70,,82160,10,,,1,30,,82176,10,,,1,70,,82172,10,,,1,30,,82147,10,,,1,70,,82169,10,,,1,30,,82148,10,,,1,70,,82154,10,,,1,30,,82156,10,,,1,70,,82161,10,,,1,29,,82177,10,,,1,71,,82159,10,,,1,30,,82179,10,,,1,62,,82175,10,,,1,10,,82162,10,,,1,15,,82149,10,,,1,15,,82165,10,,,1,70,,82155,10,,,1,30,,82157,10,,,1,68,,82173,10,,,1,30,,82167,10,,,1,70,,82171,10,,,1,95,,82150,10,,,1,40,,82166,10,,,1,101,,82164,10,,,1,99,,82151,10,,,1,100,,82163,10,,,1,99,,82152,10,,,1
4901,'Semaine-12',558,,82186,10,,,1,87,,82191,10,,,1,70,,82207,10,,,1,31,,82203,10,,,1,69,,82201,10,,,1,29,,82211,10,,,1,70,,82193,10,,,1,30,,82209,10,,,1,70,,82205,10,,,1,30,,82180,10,,,1,70,,82202,10,,,1,30,,82181,10,,,1,70,,82187,10,,,1,30,,82189,10,,,1,70,,82194,10,,,1,29,,82210,10,,,1,71,,82192,10,,,1,30,,82212,10,,,1,62,,82208,10,,,1,10,,82195,10,,,1,15,,82182,10,,,1,15,,82198,10,,,1,70,,82188,10,,,1,30,,82190,10,,,1,68,,82206,10,,,1,30,,82200,10,,,1,70,,82204,10,,,1,95,,82183,10,,,1,40,,82199,10,,,1,101,,82197,10,,,1,99,,82184,10,,,1,100,,82196,10,,,1,99,,82185,10,,,1
54901,'Semaine-1',1519,,86796,3,,,1
54901,'Semaine-12',1519,,86798,3,,,1
55001,'Semaine-1',1520,,86805,3,0,5 6,1
55001,'Semaine-12',1520,,86808,3,0,5 6,1
55401,'Semaine-1',1519,,86814,3,0,5 6,1
55401,'Semaine-12',1519,,86816,3,0,5 6,1
