1800,'Semaine-1',1318,,79946,24,,,1,238,,79945,24,,,2,103,,79948,24,,,1,69,,79947,24,,,1
1800,'Semaine-12',1318,,79950,24,,,1,238,,79949,24,,,2,103,,79952,24,,,1,69,,79951,24,,,1
6800,'Semaine-1',632,,84102,23,,,1,70,,84112,23,,,1,29,,84110,23,,,1,71,,84119,23,,,1,30,,84116,23,,,1,70,,84093,23,,,1,30,,84117,23,,,1,70,,84094,23,,,1,30,,84099,23,,,1,70,,84118,23,,,1,30,,84104,23,,,1,70,,84097,23,,,1,35,,84114,23,,,1,75,,84105,23,,,1,30,,84113,23,,,1,70,,84106,23,,,1,30,,84100,23,,,1,69,,84103,23,,,1,18,,84111,23,,,1,20,,84121,23,,,1,67,,84107,23,,,1,20,,84115,23,,,1,20,,84109,23,,,1,60,,84123,23,,,1,16,,84120,23,,,1,10,,84108,23,,,1,10,,84122,23,,,1,60,,84096,23,,,1,30,,84101,23,,,1,70,,84098,23,,,1
6800,'Semaine-12',632,,84133,23,,,1,70,,84143,23,,,1,29,,84141,23,,,1,71,,84150,23,,,1,30,,84147,23,,,1,70,,84124,23,,,1,30,,84148,23,,,1,70,,84125,23,,,1,30,,84130,23,,,1,70,,84149,23,,,1,30,,84135,23,,,1,70,,84128,23,,,1,35,,84145,23,,,1,75,,84136,23,,,1,30,,84144,23,,,1,70,,84137,23,,,1,30,,84131,23,,,1,69,,84134,23,,,1,18,,84142,23,,,1,20,,84152,23,,,1,67,,84138,23,,,1,20,,84146,23,,,1,20,,84140,23,,,1,60,,84154,23,,,1,16,,84151,23,,,1,10,,84139,23,,,1,10,,84153,23,,,1,60,,84127,23,,,1,30,,84132,23,,,1,70,,84129,23,,,1
9700,'Semaine-1',1709,,85610,4,,,1,99,,85611,4,,,1,30,,85612,4,,,1
9700,'Semaine-12',1709,,85630,4,,,1,99,,85631,4,,,1,30,,85632,4,,,1
10000,'Semaine-1',1545,,85718,20,,,1,9,,85720,20,,,1,51,,85705,20,,,1,8,,85706,20,,,1,7,,85707,20,,,1,9,,85719,20,,,1,8,,85708,20,,,1,10,,85709,20,,,1,9,,85710,20,,,1,50,,85711,20,,,1,10,,85712,20,,,1,8,,85713,20,,,1,12,,85714,20,,,1,10,,85715,20,,,1,8,,85716,20,,,1,52,,85717,20,,,1
10000,'Semaine-12',1545,,85734,20,,,1,9,,85736,20,,,1,51,,85721,20,,,1,8,,85722,20,,,1,7,,85723,20,,,1,9,,85735,20,,,1,8,,85724,20,,,1,10,,85725,20,,,1,9,,85726,20,,,1,50,,85727,20,,,1,10,,85728,20,,,1,8,,85729,20,,,1,12,,85730,20,,,1,10,,85731,20,,,1,8,,85732,20,,,1,52,,85733,20,,,1
20000,'Semaine-1',1544,,85767,16,,,1,5,,85768,16,,,1,8,,85791,16,,,1,45,,85769,16,,,1,5,,85770,16,,,1,5,,85796,16,,,1,5,,85771,16,,,1,5,,85773,16,,,1,5,,85774,16,,,1,5,,85775,16,,,1,5,,85777,16,,,1,5,,85778,16,,,1,5,,85772,16,,,1,5,,85795,16,,,1,5,,85776,16,,,1,47,,85779,16,,,1,4,,85780,16,,,1,5,,85781,16,,,1,4,,85782,16,,,1,5,,85794,16,,,1,5,,85783,16,,,1,5,,85792,16,,,1,5,,85784,16,,,1,5,,85785,16,,,1,5,,85787,16,,,1,5,,85786,16,,,1,5,,85788,16,,,1,43,,85789,16,,,1,5,,85790,16,,,1,5,,85793,16,,,1
20000,'Semaine-12',1544,,85797,16,,,1,5,,85798,16,,,1,8,,85821,16,,,1,45,,85799,16,,,1,5,,85800,16,,,1,5,,85826,16,,,1,5,,85801,16,,,1,5,,85803,16,,,1,5,,85804,16,,,1,5,,85805,16,,,1,5,,85807,16,,,1,5,,85808,16,,,1,5,,85802,16,,,1,5,,85825,16,,,1,5,,85806,16,,,1,47,,85809,16,,,1,4,,85810,16,,,1,5,,85811,16,,,1,4,,85812,16,,,1,5,,85824,16,,,1,5,,85813,16,,,1,5,,85822,16,,,1,5,,85814,16,,,1,5,,85815,16,,,1,5,,85817,16,,,1,5,,85816,16,,,1,5,,85818,16,,,1,43,,85819,16,,,1,5,,85820,16,,,1,5,,85823,16,,,1
40000,'Samedi-1',637,,86087,20,,,1,20,,86088,20,,,1,55,,86091,20,,,1,15,,86096,20,,,1,15,,86105,20,,,1,15,,86106,20,,,1,55,,86089,20,,,1,15,,86093,20,,,1,15,,86090,20,,,1,15,,86114,20,,,1,55,,86092,20,,,1,15,,86095,20,,,1,15,,86094,20,,,1,15,,86097,20,,,1,55,,86115,20,,,1,15,,86113,20,,,1,15,,86116,20,,,1,15,,86098,20,,,1,55,,86100,20,,,1,15,,86103,20,,,1,15,,86104,20,,,1,15,,86099,20,,,1,55,,86110,20,,,1,15,,86112,20,,,1,15,,86117,20,,,1,15,,86102,20,,,1,55,,86101,20,,,1,15,,86107,20,,,1,17,,86108,20,,,1,15,,86109,20,,,1,55,,86118,20,,,1,15,,86111,20,,,1,15,,86119,20,,,1,15,,86120,20,,,1,55,,86121,20,,,1,15,,86122,20,,,1,15,,86123,20,,,1,15,,86124,20,,,1,55,,86125,20,,,1,15,,86126,20,,,1,15,,86127,20,,,1,15,,86128,20,,,1,55,,86129,20,,,1,15,,86130,20,,,1,14,,86131,20,,,1,15,,86132,20,,,1,55,,86133,20,,,1,15,,86134,20,,,1,15,,86140,20,,,1,15,,86135,20,,,1,55,,86136,20,,,1,15,,86137,20,,,1,14,,86138,20,,,1,16,,86139,20,,,1,54,,86143,20,,,1,15,,86141,20,,,1,15,,86142,20,,,1,15,,86147,20,,,1,55,,86146,20,,,1,16,,86145,20,,,1,14,,86144,20,,,1,16,,86151,20,,,1,54,,86148,20,,,1,15,,86149,20,,,1,15,,86150,20,,,1,15,,86158,20,,,1,56,,86153,20,,,1,15,,86152,20,,,1,13,,86154,20,,,1,16,,86155,20,,,1,53,,86156,20,,,1,16,,86157,20,,,1,11,,86159,20,,,1
40000,'Samedi-10',637,,77857,20,,,1,20,,77858,20,,,1,55,,77861,20,,,1,15,,77866,20,,,1,15,,77875,20,,,1,15,,77876,20,,,1,55,,77859,20,,,1,15,,77863,20,,,1,15,,77860,20,,,1,15,,77884,20,,,1,55,,77862,20,,,1,15,,77865,20,,,1,15,,77864,20,,,1,15,,77867,20,,,1,55,,77885,20,,,1,15,,77883,20,,,1,15,,77886,20,,,1,15,,77868,20,,,1,55,,77870,20,,,1,15,,77873,20,,,1,15,,77874,20,,,1,15,,77869,20,,,1,55,,77880,20,,,1,15,,77882,20,,,1,15,,77887,20,,,1,15,,77872,20,,,1,55,,77871,20,,,1,15,,77877,20,,,1,17,,77878,20,,,1,15,,77879,20,,,1,55,,77888,20,,,1,15,,77881,20,,,1,15,,77889,20,,,1,15,,77890,20,,,1,55,,77891,20,,,1,15,,77892,20,,,1,15,,77893,20,,,1,15,,77894,20,,,1,55,,77895,20,,,1,15,,77896,20,,,1,15,,77897,20,,,1,15,,77898,20,,,1,55,,77899,20,,,1,15,,77900,20,,,1,14,,77901,20,,,1,15,,77902,20,,,1,55,,77903,20,,,1,15,,77904,20,,,1,15,,77910,20,,,1,15,,77905,20,,,1,55,,77906,20,,,1,15,,77907,20,,,1,14,,77908,20,,,1,16,,77909,20,,,1,54,,77913,20,,,1,15,,77911,20,,,1,15,,77912,20,,,1,15,,77917,20,,,1,55,,77916,20,,,1,16,,77915,20,,,1,14,,77914,20,,,1,16,,77921,20,,,1,54,,77918,20,,,1,15,,77919,20,,,1,15,,77920,20,,,1,15,,77928,20,,,1,56,,77923,20,,,1,15,,77922,20,,,1,13,,77924,20,,,1,16,,77925,20,,,1,53,,77926,20,,,1,16,,77927,20,,,1,11,,77929,20,,,1
40000,'Dimanche-1',637,,86160,20,,,1,20,,86161,20,,,1,55,,86169,20,,,1,15,,86181,20,,,1,15,,86183,20,,,1,15,,86164,20,,,1,55,,86171,20,,,1,15,,86170,20,,,1,15,,86162,20,,,1,15,,86163,20,,,1,55,,86172,20,,,1,15,,86180,20,,,1,15,,86182,20,,,1,15,,86165,20,,,1,55,,86175,20,,,1,15,,86174,20,,,1,15,,86189,20,,,1,15,,86190,20,,,1,55,,86186,20,,,1,15,,86201,20,,,1,15,,86194,20,,,1,15,,86185,20,,,1,55,,86200,20,,,1,15,,86173,20,,,1,15,,86188,20,,,1,15,,86191,20,,,1,55,,86179,20,,,1,15,,86202,20,,,1,17,,86195,20,,,1,15,,86176,20,,,1,55,,86184,20,,,1,15,,86177,20,,,1,15,,86187,20,,,1,15,,86196,20,,,1,55,,86178,20,,,1,15,,86166,20,,,1,15,,86192,20,,,1,15,,86167,20,,,1,55,,86199,20,,,1,15,,86168,20,,,1,15,,86208,20,,,1,15,,86197,20,,,1,55,,86212,20,,,1,15,,86206,20,,,1,14,,86193,20,,,1,15,,86210,20,,,1,55,,86198,20,,,1,15,,86214,20,,,1,15,,86207,20,,,1,15,,86215,20,,,1,55,,86211,20,,,1,15,,86216,20,,,1,14,,86203,20,,,1,16,,86209,20,,,1,54,,86204,20,,,1,15,,86213,20,,,1,15,,86205,20,,,1,15,,86217,20,,,1,55,,86218,20,,,1,16,,86220,20,,,1,14,,86219,20,,,1,16,,86222,20,,,1,54,,86221,20,,,1,15,,86223,20,,,1,15,,86224,20,,,1,15,,86229,20,,,1,56,,86225,20,,,1,15,,86227,20,,,1,13,,86226,20,,,1,16,,86228,20,,,1,53,,86231,20,,,1,16,,86230,20,,,1,11,,86232,20,,,1
40000,'Semaine-1',611,,86233,20,,,1,15,,86239,20,,,1,15,,86262,20,,,1,14,,86277,20,,,1,56,,86267,20,,,1,17,,86325,20,,,1,9,,86297,20,,,1,10,,86249,20,,,1,10,,86296,20,,,1,58,,86291,20,,,1,13,,86292,20,,,1,10,,86247,20,,,1,12,,86269,20,,,1,52,,86271,20,,,1,12,,86318,20,,,1,11,,86288,20,,,1,10,,86242,20,,,1,13,,86251,20,,,1,9,,86237,20,,,1,50,,86240,20,,,1,10,,86293,20,,,1,10,,86259,20,,,1,10,,86272,20,,,1,10,,86265,20,,,1,10,,86266,20,,,1,50,,86298,20,,,1,10,,86278,20,,,1,10,,86289,20,,,1,11,,86243,20,,,1,9,,86252,20,,,1,10,,86241,20,,,1,51,,86319,20,,,1,9,,86294,20,,,1,10,,86260,20,,,1,10,,86273,20,,,1,11,,86264,20,,,1,10,,86256,20,,,1,49,,86285,20,,,1,11,,86268,20,,,1,4,,86279,20,,,1,5,,86290,20,,,1,11,,86244,20,,,1,10,,86254,20,,,1,10,,86246,20,,,1,50,,86236,20,,,1,10,,86295,20,,,1,10,,86276,20,,,1,10,,86274,20,,,1,7,,86286,20,,,1,6,,86263,20,,,1,8,,86255,20,,,1,46,,86303,20,,,1,6,,86304,20,,,1,4,,86305,20,,,1,6,,86306,20,,,1,2,,86307,20,,,1,11,,86317,20,,,1,5,,86323,20,,,1,2,,86308,20,,,1,275,,86309,20,,,1,5,,86310,20,,,1,5,,86311,20,,,1,5,,86312,20,,,1,5,,86324,20,,,1,5,,86313,20,,,1,5,,86314,20,,,1,8,,86315,20,,,1,52,,86316,20,,,1,12,,86280,20,,,1,12,,86281,20,,,1,10,,86275,20,,,1,12,,86301,20,,,1,52,,86284,20,,,1,12,,86270,20,,,1,12,,86248,20,,,1,12,,86320,20,,,1,12,,86253,20,,,1,53,,86321,20,,,1,11,,86261,20,,,1,12,,86282,20,,,1,12,,86322,20,,,1,14,,86258,20,,,1,54,,86302,20,,,1,15,,86300,20,,,1,15,,86245,20,,,1,15,,86234,20,,,1,55,,86250,20,,,1,13,,86283,20,,,1,15,,86257,20,,,1,15,,86287,20,,,1,55,,86299,20,,,1,15,,86238,20,,,1,15,,86235,20,,,1
40000,'Semaine-12',611,,86326,20,,,1,15,,86332,20,,,1,15,,86355,20,,,1,14,,86370,20,,,1,56,,86360,20,,,1,17,,86418,20,,,1,9,,86390,20,,,1,10,,86342,20,,,1,10,,86389,20,,,1,58,,86384,20,,,1,13,,86385,20,,,1,10,,86340,20,,,1,12,,86362,20,,,1,52,,86364,20,,,1,12,,86411,20,,,1,11,,86381,20,,,1,10,,86335,20,,,1,13,,86344,20,,,1,9,,86330,20,,,1,50,,86333,20,,,1,10,,86386,20,,,1,10,,86352,20,,,1,10,,86365,20,,,1,10,,86358,20,,,1,10,,86359,20,,,1,50,,86391,20,,,1,10,,86371,20,,,1,10,,86382,20,,,1,11,,86336,20,,,1,9,,86345,20,,,1,10,,86334,20,,,1,51,,86412,20,,,1,9,,86387,20,,,1,10,,86353,20,,,1,10,,86366,20,,,1,11,,86357,20,,,1,10,,86349,20,,,1,49,,86378,20,,,1,11,,86361,20,,,1,4,,86372,20,,,1,5,,86383,20,,,1,11,,86337,20,,,1,10,,86347,20,,,1,10,,86339,20,,,1,50,,86329,20,,,1,10,,86388,20,,,1,10,,86369,20,,,1,10,,86367,20,,,1,7,,86379,20,,,1,6,,86356,20,,,1,8,,86348,20,,,1,46,,86396,20,,,1,6,,86397,20,,,1,4,,86398,20,,,1,6,,86399,20,,,1,2,,86400,20,,,1,11,,86410,20,,,1,5,,86416,20,,,1,2,,86401,20,,,1,275,,86402,20,,,1,5,,86403,20,,,1,5,,86404,20,,,1,5,,86405,20,,,1,5,,86417,20,,,1,5,,86406,20,,,1,5,,86407,20,,,1,8,,86408,20,,,1,52,,86409,20,,,1,12,,86373,20,,,1,12,,86374,20,,,1,10,,86368,20,,,1,12,,86394,20,,,1,52,,86377,20,,,1,12,,86363,20,,,1,12,,86341,20,,,1,12,,86413,20,,,1,12,,86346,20,,,1,53,,86414,20,,,1,11,,86354,20,,,1,12,,86375,20,,,1,12,,86415,20,,,1,14,,86351,20,,,1,54,,86395,20,,,1,15,,86393,20,,,1,15,,86338,20,,,1,15,,86327,20,,,1,55,,86343,20,,,1,13,,86376,20,,,1,15,,86350,20,,,1,15,,86380,20,,,1,55,,86392,20,,,1,15,,86331,20,,,1,15,,86328,20,,,1
57600,'Semaine-1',1559,,86829,32,0,5 6,1
57600,'Semaine-12',1559,,86830,32,0,5 6,1
80000,'Samedi-1',800,,86901,53,,,1,104,,86902,53,,,1,98,,86903,53,,,1,101,,86905,53,,,1,100,,86906,53,,,1,100,,86904,53,,,1,100,,86907,53,,,1,102,,86908,53,,,1,100,,86909,53,,,1,100,,86910,53,,,1,99,,86911,53,,,2,99,,86912,53,,,1,100,,86915,53,,,1,98,,86913,53,,,1,100,,86914,53,,,1,58,,86916,53,,,1,100,,86917,53,,,1
80000,'Samedi-10',800,,79460,53,,,1,104,,79461,53,,,1,98,,79462,53,,,1,101,,79464,53,,,1,100,,79465,53,,,1,100,,79463,53,,,1,100,,79466,53,,,1,102,,79467,53,,,1,100,,79468,53,,,1,100,,79469,53,,,1,99,,79470,53,,,2,99,,79471,53,,,1,100,,79474,53,,,1,98,,79472,53,,,1,100,,79473,53,,,1,58,,79475,53,,,1,100,,79476,53,,,1
80000,'Dimanche-1',800,,86920,53,,,1,104,,86919,53,,,1,98,,86925,53,,,1,101,,86918,53,,,1,100,,86922,53,,,1,100,,86921,53,,,1,100,,86923,53,,,1,102,,86924,53,,,1,100,,86928,53,,,1,100,,86926,53,,,1,99,,86927,53,,,2,99,,86931,53,,,1,100,,86930,53,,,1,98,,86929,53,,,1,100,,86932,53,,,1,58,,86933,53,,,1,100,,86934,53,,,1
80000,'Semaine-1',639,,86967,52,,,1,74,,86953,52,,,1,31,,86943,52,,,1,15,,86942,52,,,1,56,,86963,52,,,1,30,,86954,52,,,1,57,,86940,52,,,1,29,,86959,52,,,1,69,,86944,53,,,1,30,,86961,53,,,1,70,,86956,53,,,1,30,,86970,53,,,1,70,,86937,53,,,1,30,,86958,53,,,1,70,,86948,53,,,1,29,,86964,53,,,1,71,,86957,53,,,1,30,,86968,53,,,1,73,,86947,53,,,1,28,,86962,53,,,1,74,,86960,53,,,1,32,,86949,53,,,1,74,,86965,53,,,1,26,,86938,53,,,1,70,,86955,53,,,1,30,,86952,53,,,1,67,,86966,53,,,1,28,,86951,53,,,1,69,,86945,53,,,1,29,,86939,53,,,1,29,,86969,53,,,1,69,,86950,53,,,1,27,,86946,53,,,1,70,,86936,53,,,1,30,,86941,53,,,1,68,,86935,53,,,1
80000,'Semaine-12',639,,87003,52,,,1,74,,86989,52,,,1,31,,86979,52,,,1,15,,86978,52,,,1,56,,86999,52,,,1,30,,86990,52,,,1,57,,86976,52,,,1,29,,86995,52,,,1,69,,86980,53,,,1,30,,86997,53,,,1,70,,86992,53,,,1,30,,87006,53,,,1,70,,86973,53,,,1,30,,86994,53,,,1,70,,86984,53,,,1,29,,87000,53,,,1,71,,86993,53,,,1,30,,87004,53,,,1,73,,86983,53,,,1,28,,86998,53,,,1,74,,86996,53,,,1,32,,86985,53,,,1,74,,87001,53,,,1,26,,86974,53,,,1,70,,86991,53,,,1,30,,86988,53,,,1,67,,87002,53,,,1,28,,86987,53,,,1,69,,86981,53,,,1,29,,86975,53,,,1,29,,87005,53,,,1,69,,86986,53,,,1,27,,86982,53,,,1,70,,86972,53,,,1,30,,86977,53,,,1,68,,86971,53,,,1
