2300,'Semaine-1',1606,,79976,32,,,1,28,,79974,32,,,1,74,,79972,32,,,1,25,,79973,32,,,2,23,,79975,32,,,2,68,,79971,32,,,1
2300,'Semaine-12',1606,,79982,32,,,1,28,,79980,32,,,1,74,,79978,32,,,1,25,,79979,32,,,2,23,,79981,32,,,2,68,,79977,32,,,1
3200,'Semaine-1',645,,80376,35,,,1,71,,80375,35,,,1,33,,80371,35,,,1,73,,80373,35,,,1,27,,80372,35,,,2,70,,80374,35,,,1,28,,80347,35,,,2,70,,80342,35,,,1,30,,80343,35,,,2,70,,80354,35,,,1,30,,80348,35,,,1,73,,80334,35,,,1,29,,80335,35,,,1,69,,80346,35,,,1,30,,80349,35,,,1,70,,80355,35,,,1,32,,80336,35,,,1,70,,80381,35,,,1,15,,80333,35,,,2,16,,80363,35,,,1,50,,80353,35,,,1,11,,80359,35,,,2,10,,80360,35,,,1,10,,80378,35,,,1,10,,80379,35,,,1,10,,80380,35,,,2,53,,80377,35,,,2,7,,80350,35,,,1,10,,80361,35,,,1,10,,80369,35,,,2,10,,80362,35,,,2,8,,80339,35,,,1,50,,80370,35,,,1,10,,80356,35,,,2,8,,80358,35,,,1,10,,80357,35,,,1,18,,80351,35,,,2,65,,80345,35,,,1,30,,80340,35,,,1,70,,80337,35,,,2,29,,80352,35,,,2,70,,80344,35,,,1,33,,80341,35,,,1,66,,80338,35,,,2,30,,80364,35,,,1,68,,80365,35,,,1,28,,80366,35,,,1,69,,80367,35,,,1,30,,80368,35,,,1
3200,'Semaine-12',645,,80425,35,,,1,71,,80424,35,,,1,33,,80420,35,,,1,73,,80422,35,,,1,27,,80421,35,,,2,70,,80423,35,,,1,28,,80396,35,,,2,70,,80391,35,,,1,30,,80392,35,,,2,70,,80403,35,,,1,30,,80397,35,,,1,73,,80383,35,,,1,29,,80384,35,,,1,69,,80395,35,,,1,30,,80398,35,,,1,70,,80404,35,,,1,32,,80385,35,,,1,70,,80430,35,,,1,15,,80382,35,,,2,16,,80412,35,,,1,50,,80402,35,,,1,11,,80408,35,,,2,10,,80409,35,,,1,10,,80427,35,,,1,10,,80428,35,,,1,10,,80429,35,,,2,53,,80426,35,,,2,7,,80399,35,,,1,10,,80410,35,,,1,10,,80418,35,,,2,10,,80411,35,,,2,8,,80388,35,,,1,50,,80419,35,,,1,10,,80405,35,,,2,8,,80407,35,,,1,10,,80406,35,,,1,18,,80400,35,,,2,65,,80394,35,,,1,30,,80389,35,,,1,70,,80386,35,,,2,29,,80401,35,,,2,70,,80393,35,,,1,33,,80390,35,,,1,66,,80387,35,,,2,30,,80413,35,,,1,68,,80414,35,,,1,28,,80415,35,,,1,69,,80416,35,,,1,30,,80417,35,,,1
3400,'Samedi-1',801,,80773,49,,,1,100,,80778,49,,,1,30,,80774,49,,,1,71,,80780,49,,,1,30,,80781,49,,,1,71,,80775,49,,,1,30,,80776,49,,,1,70,,80777,49,,,1,30,,80779,49,,,1,72,,80782,49,,,1,30,,80784,49,,,1,70,,80783,49,,,1,30,,80785,49,,,1,70,,80786,49,,,1,30,,80787,49,,,1,70,,80788,49,,,1,30,,80789,49,,,1,71,,80790,49,,,1,30,,80791,49,,,1,70,,80792,49,,,1,30,,80793,49,,,1,68,,80794,49,,,1,28,,80795,49,,,1,69,,80796,49,,,1,31,,80797,49,,,1,70,,80798,49,,,1,30,,80799,49,,,1,70,,80800,49,,,1,30,,80801,49,,,1,70,,80803,49,,,1,30,,80802,49,,,1,69,,80805,49,,,1,30,,80804,49,,,1,26,,80806,49,,,1
3400,'Samedi-10',801,,67369,49,,,1,100,,67374,49,,,1,30,,67370,49,,,1,71,,67376,49,,,1,30,,67377,49,,,1,71,,67371,49,,,1,30,,67372,49,,,1,70,,67373,49,,,1,30,,67375,49,,,1,72,,67378,49,,,1,30,,67380,49,,,1,70,,67379,49,,,1,30,,67381,49,,,1,70,,67382,49,,,1,30,,67383,49,,,1,70,,67384,49,,,1,30,,67385,49,,,1,71,,67386,49,,,1,30,,67387,49,,,1,70,,67388,49,,,1,30,,67389,49,,,1,68,,67390,49,,,1,28,,67391,49,,,1,69,,67392,49,,,1,31,,67393,49,,,1,70,,67394,49,,,1,30,,67395,49,,,1,70,,67396,49,,,1,30,,67397,49,,,1,70,,67399,49,,,1,30,,67398,49,,,1,69,,67401,49,,,1,30,,67400,49,,,1,26,,67402,49,,,1
3400,'Dimanche-1',801,,80811,49,,,1,100,,80831,49,,,1,30,,80813,49,,,1,71,,80817,49,,,1,30,,80810,49,,,1,71,,80818,49,,,1,30,,80809,49,,,1,70,,80808,49,,,1,30,,80821,49,,,1,72,,80812,49,,,1,30,,80815,49,,,1,70,,80814,49,,,1,30,,80807,49,,,1,70,,80823,49,,,1,30,,80819,49,,,1,70,,80820,49,,,1,30,,80816,49,,,1,71,,80827,49,,,1,30,,80826,49,,,1,70,,80824,49,,,1,30,,80822,49,,,1,68,,80825,49,,,1,28,,80830,49,,,1,69,,80828,49,,,1,31,,80829,49,,,1,70,,80832,49,,,1,30,,80833,49,,,1,70,,80834,49,,,1,30,,80835,49,,,1,70,,80836,49,,,1,30,,80837,49,,,1,69,,80839,49,,,1,30,,80838,49,,,1,26,,80840,49,,,1
3400,'Semaine-1',639,,80871,49,,,1,68,,80856,49,,,1,33,,80850,49,,,1,76,,80854,49,,,1,30,,80845,49,,,2,68,,80865,49,,,1,30,,80851,49,,,1,67,,80841,49,,,1,30,,80846,49,,,1,70,,80847,49,,,1,30,,80852,49,,,1,70,,80842,49,,,1,31,,80872,49,,,1,70,,80848,49,,,1,30,,80853,49,,,1,70,,80843,49,,,1,34,,80869,49,,,1,70,,80844,49,,,1,25,,80870,49,,,1,306,,80868,49,,,1,60,,80857,49,,,1,27,,80849,49,,,1,70,,80861,49,,,1,30,,80867,49,,,1,71,,80858,49,,,1,27,,80860,49,,,1,70,,80862,49,,,1,30,,80855,49,,,1,70,,80864,49,,,1,28,,80859,49,,,1,29,,80863,49,,,1,70,,80866,49,,,1
3400,'Semaine-12',639,,80903,49,,,1,68,,80888,49,,,1,33,,80882,49,,,1,76,,80886,49,,,1,30,,80877,49,,,2,68,,80897,49,,,1,30,,80883,49,,,1,67,,80873,49,,,1,30,,80878,49,,,1,70,,80879,49,,,1,30,,80884,49,,,1,70,,80874,49,,,1,31,,80904,49,,,1,70,,80880,49,,,1,30,,80885,49,,,1,70,,80875,49,,,1,34,,80901,49,,,1,70,,80876,49,,,1,25,,80902,49,,,1,306,,80900,49,,,1,60,,80889,49,,,1,27,,80881,49,,,1,70,,80893,49,,,1,30,,80899,49,,,1,71,,80890,49,,,1,27,,80892,49,,,1,70,,80894,49,,,1,30,,80887,49,,,1,70,,80896,49,,,1,28,,80891,49,,,1,29,,80895,49,,,1,70,,80898,49,,,1
3900,'Samedi-1',636,,81669,1,,,1,101,,81670,1,,,1,100,,81674,1,,,1,101,,81673,1,,,1,100,,81676,1,,,1,100,,81675,1,,,1,102,,81671,1,,,1,70,,81672,1,,,1,30,,81677,1,,,1,71,,81678,1,,,1,30,,81679,1,,,1,70,,81680,1,,,1,31,,81681,1,,,1,70,,81682,1,,,1,30,,81683,1,,,1,70,,81684,1,,,1,30,,81685,1,,,1,69,,81686,1,,,1,29,,81687,1,,,1,69,,81688,1,,,1,100,,81689,1,,,1,100,,81690,1,,,1,100,,81691,1,,,1,100,,81692,1,,,1
3900,'Samedi-10',636,,69204,1,,,1,101,,69205,1,,,1,100,,69209,1,,,1,101,,69208,1,,,1,100,,69211,1,,,1,100,,69210,1,,,1,102,,69206,1,,,1,70,,69207,1,,,1,30,,69212,1,,,1,71,,69213,1,,,1,30,,69214,1,,,1,70,,69215,1,,,1,31,,69216,1,,,1,70,,69217,1,,,1,30,,69218,1,,,1,70,,69219,1,,,1,30,,69220,1,,,1,69,,69221,1,,,1,29,,69222,1,,,1,69,,69223,1,,,1,100,,69224,1,,,1,100,,69225,1,,,1,100,,69226,1,,,1,100,,69227,1,,,1
3900,'Dimanche-1',636,,81693,1,,,1,101,,81700,1,,,1,100,,81703,1,,,1,101,,81696,1,,,1,100,,81698,1,,,1,100,,81699,1,,,1,102,,81702,1,,,1,70,,81695,1,,,1,30,,81697,1,,,1,71,,81704,1,,,1,30,,81694,1,,,1,70,,81705,1,,,1,31,,81701,1,,,1,70,,81708,1,,,1,30,,81711,1,,,1,70,,81713,1,,,1,30,,81707,1,,,1,69,,81710,1,,,1,29,,81712,1,,,1,69,,81706,1,,,1,100,,81709,1,,,1,100,,81714,1,,,1,100,,81715,1,,,1,100,,81716,1,,,1
3900,'Semaine-1',613,,81734,1,,,1,22,,81720,1,,,1,69,,81739,1,,,1,28,,81732,1,,,1,76,,81733,1,,,1,33,,81731,1,,,1,72,,81728,1,,,1,30,,81745,1,,,2,70,,81740,1,,,1,30,,81752,1,,,1,70,,81737,1,,,2,30,,81741,1,,,1,70,,81729,1,,,1,31,,81727,1,,,1,70,,81742,1,,,1,29,,81730,1,,,2,70,,81717,1,,,1,34,,81743,1,,,1,73,,81724,1,,,1,29,,81726,1,,,1,72,,81744,1,,,2,32,,81723,1,,,1,68,,81718,1,,,1,29,,81746,1,,,1,67,,81725,1,,,1,32,,81719,1,,,2,69,,81747,1,,,2,32,,81722,1,,,1,65,,81738,1,,,2,26,,81748,1,,,1,70,,81721,1,,,1,30,,81736,1,,,1,69,,81749,1,,,1,30,,81735,1,,,1,72,,81751,1,,,1,28,,81750,1,,,1
3900,'Semaine-12',613,,81770,1,,,1,22,,81756,1,,,1,69,,81775,1,,,1,28,,81768,1,,,1,76,,81769,1,,,1,33,,81767,1,,,1,72,,81764,1,,,1,30,,81781,1,,,2,70,,81776,1,,,1,30,,81788,1,,,1,70,,81773,1,,,2,30,,81777,1,,,1,70,,81765,1,,,1,31,,81763,1,,,1,70,,81778,1,,,1,29,,81766,1,,,2,70,,81753,1,,,1,34,,81779,1,,,1,73,,81760,1,,,1,29,,81762,1,,,1,72,,81780,1,,,2,32,,81759,1,,,1,68,,81754,1,,,1,29,,81782,1,,,1,67,,81761,1,,,1,32,,81755,1,,,2,69,,81783,1,,,2,32,,81758,1,,,1,65,,81774,1,,,2,26,,81784,1,,,1,70,,81757,1,,,1,30,,81772,1,,,1,69,,81785,1,,,1,30,,81771,1,,,1,72,,81787,1,,,1,28,,81786,1,,,1
4901,'Samedi-1',732,,82116,29,,,1,100,,82115,29,,,1,100,,82117,29,,,1,100,,82113,29,,,1,100,,82118,29,,,1,101,,82114,29,,,1,100,,82119,29,,,1,100,,82120,29,,,1,100,,82121,29,,,1,100,,82122,29,,,1,100,,82123,29,,,1,99,,82124,29,,,1,100,,82125,29,,,1,100,,82126,29,,,1,100,,82127,29,,,1,100,,82128,29,,,1,100,,82129,29,,,1
4901,'Samedi-10',732,,70061,29,,,1,100,,70060,29,,,1,100,,70062,29,,,1,100,,70058,29,,,1,100,,70063,29,,,1,101,,70059,29,,,1,100,,70064,29,,,1,100,,70065,29,,,1,100,,70066,29,,,1,100,,70067,29,,,1,100,,70068,29,,,1,99,,70069,29,,,1,100,,70070,29,,,1,100,,70071,29,,,1,100,,70072,29,,,1,100,,70073,29,,,1,100,,70074,29,,,1
4901,'Dimanche-1',732,,82143,29,,,1,100,,82132,29,,,1,100,,82142,29,,,1,100,,82135,29,,,1,100,,82131,29,,,1,101,,82130,29,,,1,100,,82133,29,,,1,100,,82134,29,,,1,100,,82137,29,,,1,100,,82136,29,,,1,100,,82140,29,,,1,99,,82139,29,,,1,100,,82141,29,,,1,100,,82138,29,,,1,100,,82144,29,,,1,100,,82145,29,,,1,100,,82146,29,,,1
4901,'Semaine-1',615,,82153,29,,,1,89,,82158,29,,,1,31,,82174,29,,,1,71,,82170,29,,,1,28,,82168,29,,,1,67,,82178,29,,,1,30,,82160,29,,,1,70,,82176,29,,,1,28,,82172,29,,,1,72,,82147,29,,,1,30,,82169,29,,,1,70,,82148,29,,,1,30,,82154,29,,,1,70,,82156,29,,,1,30,,82161,29,,,1,69,,82177,29,,,1,31,,82159,29,,,1,73,,82179,29,,,1,22,,82175,29,,,1,11,,82162,29,,,1,15,,82149,29,,,1,55,,82165,29,,,1,30,,82155,29,,,1,67,,82157,29,,,1,29,,82173,29,,,1,68,,82167,29,,,1,30,,82171,29,,,1,94,,82150,29,,,1,80,,82166,29,,,1,101,,82164,29,,,1,99,,82151,29,,,1,100,,82163,29,,,1,97,,82152,29,,,1
4901,'Semaine-12',615,,82186,29,,,1,89,,82191,29,,,1,31,,82207,29,,,1,71,,82203,29,,,1,28,,82201,29,,,1,67,,82211,29,,,1,30,,82193,29,,,1,70,,82209,29,,,1,28,,82205,29,,,1,72,,82180,29,,,1,30,,82202,29,,,1,70,,82181,29,,,1,30,,82187,29,,,1,70,,82189,29,,,1,30,,82194,29,,,1,69,,82210,29,,,1,31,,82192,29,,,1,73,,82212,29,,,1,22,,82208,29,,,1,11,,82195,29,,,1,15,,82182,29,,,1,55,,82198,29,,,1,30,,82188,29,,,1,67,,82190,29,,,1,29,,82206,29,,,1,68,,82200,29,,,1,30,,82204,29,,,1,94,,82183,29,,,1,80,,82199,29,,,1,101,,82197,29,,,1,99,,82184,29,,,1,100,,82196,29,,,1,97,,82185,29,,,1
32600,'Semaine-1',1649,,85903,43,0,7 8,1
32600,'Semaine-12',1649,,85904,43,0,7 8,1
44901,'Semaine-1',1515,,86793,21,0,9 14,1
44901,'Semaine-12',1515,,86794,21,0,9 14,1
54901,'Semaine-1',1537,,86796,22,,,1
54901,'Semaine-12',1537,,86798,22,,,1
63901,'Semaine-1',716,,86835,32,0,9 10,1
63901,'Semaine-12',716,,86836,32,0,9 10,1
82600,'Semaine-1',1550,,87121,35,0,9 12 13,1
82600,'Semaine-12',1550,,87123,35,0,9 12 13,1
