4101,'Semaine-1',622,,81943,1,,,1,33,,81944,1,,,1,74,,81945,1,,,1,26,,81942,1,,,2,70,,81941,1,,,1
4101,'Semaine-12',622,,81948,1,,,1,33,,81949,1,,,1,74,,81950,1,,,1,26,,81947,1,,,2,70,,81946,1,,,1
5801,'Semaine-1',545,,82763,1,,,1,70,,82767,1,,,1,30,,82765,1,,,1,70,,82764,1,,,1,30,,82761,1,,,1,70,,82766,1,,,1,800,,82762,1,,,1
5801,'Semaine-12',545,,82770,1,,,1,70,,82774,1,,,1,30,,82772,1,,,1,70,,82771,1,,,1,30,,82768,1,,,1,70,,82773,1,,,1,800,,82769,1,,,1
64001,'Semaine-1',707,,86843,1,0,9 10,1,2,,86844,1,0,9 10,1
64001,'Semaine-12',707,,86845,1,0,9 10,1,2,,86846,1,0,9 10,1
80000,'Samedi-1',708,,86901,1,,,1,102,,86902,1,,,1,98,,86903,1,,,1,100,,86905,1,,,1,100,,86906,1,,,1,100,,86904,1,,,1,100,,86907,1,,,1,100,,86908,1,,,1,100,,86909,1,,,1,100,,86910,1,,,1,100,,86911,1,,,2,100,,86912,1,,,1,100,,86915,1,,,1,100,,86913,1,,,1,100,,86914,1,,,1,100,,86916,1,,,1,100,,86917,1,,,1
80000,'Samedi-10',708,,79460,1,,,1,102,,79461,1,,,1,98,,79462,1,,,1,100,,79464,1,,,1,100,,79465,1,,,1,100,,79463,1,,,1,100,,79466,1,,,1,100,,79467,1,,,1,100,,79468,1,,,1,100,,79469,1,,,1,100,,79470,1,,,2,100,,79471,1,,,1,100,,79474,1,,,1,100,,79472,1,,,1,100,,79473,1,,,1,100,,79475,1,,,1,100,,79476,1,,,1
80000,'Dimanche-1',708,,86920,1,,,1,102,,86919,1,,,1,98,,86925,1,,,1,100,,86918,1,,,1,100,,86922,1,,,1,100,,86921,1,,,1,100,,86923,1,,,1,100,,86924,1,,,1,100,,86928,1,,,1,100,,86926,1,,,1,100,,86927,1,,,2,100,,86931,1,,,1,100,,86930,1,,,1,100,,86929,1,,,1,100,,86932,1,,,1,100,,86933,1,,,1,100,,86934,1,,,1
80000,'Semaine-1',542,,86967,1,,,1,70,,86953,1,,,1,30,,86943,1,,,1,15,,86942,1,,,1,55,,86963,1,,,1,30,,86954,1,,,1,60,,86940,1,,,1,30,,86959,1,,,1,70,,86944,1,,,1,30,,86961,1,,,1,70,,86956,1,,,1,30,,86970,1,,,1,70,,86937,1,,,1,30,,86958,1,,,1,70,,86948,1,,,1,31,,86964,1,,,1,69,,86957,1,,,1,30,,86968,1,,,1,70,,86947,1,,,1,28,,86962,1,,,1,72,,86960,1,,,1,30,,86949,1,,,1,70,,86965,1,,,1,30,,86938,1,,,1,70,,86955,1,,,1,30,,86952,1,,,1,70,,86966,1,,,1,30,,86951,1,,,1,71,,86945,1,,,1,29,,86939,1,,,1,71,,86969,1,,,1,29,,86950,1,,,1,70,,86946,1,,,1,30,,86936,1,,,1,70,,86941,1,,,1,30,,86935,1,,,1
80000,'Semaine-12',542,,87003,1,,,1,70,,86989,1,,,1,30,,86979,1,,,1,15,,86978,1,,,1,55,,86999,1,,,1,30,,86990,1,,,1,60,,86976,1,,,1,30,,86995,1,,,1,70,,86980,1,,,1,30,,86997,1,,,1,70,,86992,1,,,1,30,,87006,1,,,1,70,,86973,1,,,1,30,,86994,1,,,1,70,,86984,1,,,1,31,,87000,1,,,1,69,,86993,1,,,1,30,,87004,1,,,1,70,,86983,1,,,1,28,,86998,1,,,1,72,,86996,1,,,1,30,,86985,1,,,1,70,,87001,1,,,1,30,,86974,1,,,1,70,,86991,1,,,1,30,,86988,1,,,1,70,,87002,1,,,1,30,,86987,1,,,1,71,,86981,1,,,1,29,,86975,1,,,1,71,,87005,1,,,1,29,,86986,1,,,1,70,,86982,1,,,1,30,,86972,1,,,1,70,,86977,1,,,1,30,,86971,1,,,1
