3101,'Samedi-1',701,,80209,24,,,1,100,,80210,24,,,1,100,,80211,24,,,1,100,,80212,24,,,1,100,,80213,24,,,1,100,,80214,24,,,1,100,,80215,24,,,1,100,,80216,24,,,1,100,,80217,24,,,1,100,,80218,24,,,1,100,,80219,24,,,1,100,,80220,24,,,1,99,,80221,24,,,1,59,,80222,24,,,1,100,,80223,24,,,1,100,,80224,24,,,1,100,,80225,24,,,1,100,,80226,24,,,1
3101,'Samedi-10',701,,66345,24,,,1,100,,66346,24,,,1,100,,66347,24,,,1,100,,66348,24,,,1,100,,66349,24,,,1,100,,66350,24,,,1,100,,66351,24,,,1,100,,66352,24,,,1,100,,66353,24,,,1,100,,66354,24,,,1,100,,66355,24,,,1,100,,66356,24,,,1,99,,66357,24,,,1,59,,66358,24,,,1,100,,66359,24,,,1,100,,66360,24,,,1,100,,66361,24,,,1,100,,66362,24,,,1
3101,'Dimanche-1',701,,80228,24,,,1,100,,80233,24,,,1,100,,80240,24,,,1,100,,80230,24,,,1,100,,80232,24,,,1,100,,80229,24,,,1,100,,80231,24,,,1,100,,80227,24,,,1,100,,80234,24,,,1,100,,80237,24,,,1,100,,80236,24,,,1,100,,80235,24,,,1,99,,80239,24,,,1,59,,80238,24,,,1,100,,80241,24,,,1,100,,80242,24,,,1,100,,80243,24,,,1,100,,80244,24,,,1
3101,'Semaine-1',539,,80248,24,,,1,76,,80282,24,,,1,33,,80262,24,,,1,72,,80249,24,,,1,16,,80285,24,,,1,17,,80245,24,,,1,55,,80287,24,,,1,12,,80259,24,,,1,15,,80260,24,,,1,14,,80279,24,,,1,55,,80250,24,,,1,19,,80252,24,,,1,20,,80277,24,,,1,60,,80269,24,,,1,21,,80278,24,,,1,20,,80251,24,,,1,60,,80253,24,,,1,20,,80273,24,,,1,20,,80283,24,,,1,60,,80272,24,,,1,20,,80254,24,,,1,20,,80246,24,,,1,60,,80276,24,,,1,20,,80286,24,,,1,20,,80271,24,,,1,60,,80255,24,,,1,17,,80274,24,,,1,23,,80275,24,,,1,60,,80284,24,,,1,22,,80270,24,,,1,19,,80256,24,,,1,63,,80267,24,,,1,20,,80268,24,,,1,20,,80257,24,,,1,59,,80263,24,,,1,20,,80247,24,,,1,19,,80280,24,,,1,58,,80288,24,,,1,24,,80258,24,,,1,99,,80281,24,,,1,100,,80264,24,,,1,100,,80261,24,,,1,99,,80265,24,,,1,100,,80266,24,,,1
3101,'Semaine-12',539,,80292,24,,,1,76,,80326,24,,,1,33,,80306,24,,,1,72,,80293,24,,,1,16,,80329,24,,,1,17,,80289,24,,,1,55,,80331,24,,,1,12,,80303,24,,,1,15,,80304,24,,,1,14,,80323,24,,,1,55,,80294,24,,,1,19,,80296,24,,,1,20,,80321,24,,,1,60,,80313,24,,,1,21,,80322,24,,,1,20,,80295,24,,,1,60,,80297,24,,,1,20,,80317,24,,,1,20,,80327,24,,,1,60,,80316,24,,,1,20,,80298,24,,,1,20,,80290,24,,,1,60,,80320,24,,,1,20,,80330,24,,,1,20,,80315,24,,,1,60,,80299,24,,,1,17,,80318,24,,,1,23,,80319,24,,,1,60,,80328,24,,,1,22,,80314,24,,,1,19,,80300,24,,,1,63,,80311,24,,,1,20,,80312,24,,,1,20,,80301,24,,,1,59,,80307,24,,,1,20,,80291,24,,,1,19,,80324,24,,,1,58,,80332,24,,,1,24,,80302,24,,,1,99,,80325,24,,,1,100,,80308,24,,,1,100,,80305,24,,,1,99,,80309,24,,,1,100,,80310,24,,,1
3301,'Samedi-1',731,,80655,33,,,1,100,,80656,33,,,1,100,,80657,33,,,1,100,,80658,33,,,1,100,,80659,33,,,1,101,,80660,33,,,1,100,,80661,33,,,1,100,,80662,33,,,1,102,,80663,33,,,1,98,,80664,33,,,1,100,,80665,33,,,1,96,,80666,33,,,1,100,,80667,33,,,1,100,,80668,33,,,1,100,,80669,33,,,1,100,,80670,33,,,1,100,,80671,33,,,1,100,,80672,33,,,1
3301,'Samedi-10',731,,67122,33,,,1,100,,67123,33,,,1,100,,67124,33,,,1,100,,67125,33,,,1,100,,67126,33,,,1,101,,67127,33,,,1,100,,67128,33,,,1,100,,67129,33,,,1,102,,67130,33,,,1,98,,67131,33,,,1,100,,67132,33,,,1,96,,67133,33,,,1,100,,67134,33,,,1,100,,67135,33,,,1,100,,67136,33,,,1,100,,67137,33,,,1,100,,67138,33,,,1,100,,67139,33,,,1
3301,'Dimanche-1',731,,80677,33,,,1,100,,80678,33,,,1,100,,80686,33,,,1,100,,80679,33,,,1,100,,80674,33,,,1,101,,80675,33,,,1,100,,80673,33,,,1,100,,80676,33,,,1,102,,80680,33,,,1,98,,80681,33,,,1,100,,80683,33,,,1,96,,80685,33,,,1,100,,80684,33,,,1,100,,80682,33,,,1,100,,80687,33,,,1,100,,80688,33,,,1,100,,80689,33,,,1,100,,80690,33,,,1
3301,'Semaine-1',617,,80714,33,,,1,20,,80722,33,,,1,18,,80699,33,,,1,55,,80719,33,,,1,20,,80715,33,,,1,10,,80710,33,,,1,11,,80730,33,,,1,53,,80728,33,,,1,15,,80717,33,,,1,12,,80705,33,,,1,11,,80721,33,,,1,14,,80695,33,,,1,70,,80707,33,,,1,30,,80713,33,,,1,70,,80703,33,,,1,30,,80724,33,,,1,70,,80708,33,,,1,30,,80700,33,,,1,70,,80702,33,,,1,16,,80720,33,,,1,15,,80729,33,,,1,66,,80711,33,,,1,28,,80701,33,,,1,70,,80706,33,,,1,33,,80709,33,,,1,61,,80731,33,,,1,19,,80712,33,,,1,18,,80716,33,,,1,63,,80697,33,,,1,20,,80727,33,,,1,21,,80704,33,,,1,67,,80694,33,,,1,30,,80691,33,,,1,72,,80725,33,,,1,30,,80698,33,,,1,70,,80693,33,,,1,100,,80696,33,,,1,34,,80718,33,,,1,141,,80723,33,,,2,100,,80692,33,,,1,100,,80726,33,,,1
3301,'Semaine-12',617,,80755,33,,,1,20,,80763,33,,,1,18,,80740,33,,,1,55,,80760,33,,,1,20,,80756,33,,,1,10,,80751,33,,,1,11,,80771,33,,,1,53,,80769,33,,,1,15,,80758,33,,,1,12,,80746,33,,,1,11,,80762,33,,,1,14,,80736,33,,,1,70,,80748,33,,,1,30,,80754,33,,,1,70,,80744,33,,,1,30,,80765,33,,,1,70,,80749,33,,,1,30,,80741,33,,,1,70,,80743,33,,,1,16,,80761,33,,,1,15,,80770,33,,,1,66,,80752,33,,,1,28,,80742,33,,,1,70,,80747,33,,,1,33,,80750,33,,,1,61,,80772,33,,,1,19,,80753,33,,,1,18,,80757,33,,,1,63,,80738,33,,,1,20,,80768,33,,,1,21,,80745,33,,,1,67,,80735,33,,,1,30,,80732,33,,,1,72,,80766,33,,,1,30,,80739,33,,,1,70,,80734,33,,,1,100,,80737,33,,,1,34,,80759,33,,,1,141,,80764,33,,,2,100,,80733,33,,,1,100,,80767,33,,,1
3900,'Samedi-1',705,,81669,41,,,1,101,,81670,41,,,1,100,,81674,41,,,1,103,,81673,41,,,1,100,,81676,41,,,1,99,,81675,41,,,1,103,,81671,41,,,1,30,,81672,41,,,1,70,,81677,41,,,1,31,,81678,41,,,1,70,,81679,41,,,1,30,,81680,41,,,1,71,,81681,41,,,1,30,,81682,41,,,1,70,,81683,41,,,1,30,,81684,41,,,1,69,,81685,41,,,1,29,,81686,41,,,1,69,,81687,41,,,1,28,,81688,41,,,1,100,,81689,41,,,1,100,,81690,41,,,1,100,,81691,41,,,1,97,,81692,41,,,1
3900,'Samedi-10',705,,69204,41,,,1,101,,69205,41,,,1,100,,69209,41,,,1,103,,69208,41,,,1,100,,69211,41,,,1,99,,69210,41,,,1,103,,69206,41,,,1,30,,69207,41,,,1,70,,69212,41,,,1,31,,69213,41,,,1,70,,69214,41,,,1,30,,69215,41,,,1,71,,69216,41,,,1,30,,69217,41,,,1,70,,69218,41,,,1,30,,69219,41,,,1,69,,69220,41,,,1,29,,69221,41,,,1,69,,69222,41,,,1,28,,69223,41,,,1,100,,69224,41,,,1,100,,69225,41,,,1,100,,69226,41,,,1,97,,69227,41,,,1
3900,'Dimanche-1',705,,81693,41,,,1,101,,81700,41,,,1,100,,81703,41,,,1,103,,81696,41,,,1,100,,81698,41,,,1,99,,81699,41,,,1,103,,81702,41,,,1,30,,81695,41,,,1,70,,81697,41,,,1,31,,81704,41,,,1,70,,81694,41,,,1,30,,81705,41,,,1,71,,81701,41,,,1,30,,81708,41,,,1,70,,81711,41,,,1,30,,81713,41,,,1,69,,81707,41,,,1,29,,81710,41,,,1,69,,81712,41,,,1,28,,81706,41,,,1,100,,81709,41,,,1,100,,81714,41,,,1,100,,81715,41,,,1,97,,81716,41,,,1
3900,'Semaine-1',644,,81734,41,,,1,65,,81720,41,,,1,35,,81739,41,,,1,69,,81732,41,,,1,31,,81733,41,,,1,69,,81731,41,,,1,32,,81728,41,,,1,70,,81745,41,,,2,30,,81740,41,,,1,71,,81752,41,,,1,30,,81737,41,,,2,70,,81741,41,,,1,30,,81729,41,,,1,71,,81727,41,,,1,30,,81742,41,,,1,69,,81730,41,,,2,30,,81717,41,,,1,75,,81743,41,,,1,32,,81724,41,,,1,70,,81726,41,,,1,32,,81744,41,,,2,72,,81723,41,,,1,28,,81718,41,,,1,69,,81746,41,,,1,25,,81725,41,,,1,71,,81719,41,,,2,29,,81747,41,,,2,72,,81722,41,,,1,25,,81738,41,,,2,65,,81748,41,,,1,30,,81721,41,,,1,70,,81736,41,,,1,29,,81749,41,,,1,70,,81735,41,,,1,32,,81751,41,,,1,68,,81750,41,,,1
3900,'Semaine-12',644,,81770,41,,,1,65,,81756,41,,,1,35,,81775,41,,,1,69,,81768,41,,,1,31,,81769,41,,,1,69,,81767,41,,,1,32,,81764,41,,,1,70,,81781,41,,,2,30,,81776,41,,,1,71,,81788,41,,,1,30,,81773,41,,,2,70,,81777,41,,,1,30,,81765,41,,,1,71,,81763,41,,,1,30,,81778,41,,,1,69,,81766,41,,,2,30,,81753,41,,,1,75,,81779,41,,,1,32,,81760,41,,,1,70,,81762,41,,,1,32,,81780,41,,,2,72,,81759,41,,,1,28,,81754,41,,,1,69,,81782,41,,,1,25,,81761,41,,,1,71,,81755,41,,,2,29,,81783,41,,,2,72,,81758,41,,,1,25,,81774,41,,,2,65,,81784,41,,,1,30,,81757,41,,,1,70,,81772,41,,,1,29,,81785,41,,,1,70,,81771,41,,,1,32,,81787,41,,,1,68,,81786,41,,,1
57100,'Semaine-1',1523,,86825,8,0,5 6,1
57100,'Semaine-12',1523,,86826,8,0,5 6,1
82601,'Semaine-1',802,,87124,35,0,9 12 13,1,1,,87125,35,0,9 12 13,1
82601,'Semaine-12',802,,87126,35,0,9 12 13,1,1,,87127,35,0,9 12 13,1
83101,'Semaine-1',813,,87148,24,0,9 12 13,2,2,,87149,24,0,9 12 13,1
83101,'Semaine-12',813,,87150,24,0,9 12 13,2,2,,87151,24,0,9 12 13,1
83301,'Semaine-1',800,,87156,15,0,9 12 13,1
83301,'Semaine-12',800,,87157,15,0,9 12 13,1
