3601,'Semaine-1',904,,81179,34,,,1,50,,81177,34,,,1,100,,81180,34,,,1,100,,81178,34,,,1,100,,81183,34,,,1,100,,81182,34,,,1,100,,81181,34,,,1
3601,'Semaine-12',904,,81186,34,,,1,50,,81184,34,,,1,100,,81187,34,,,1,100,,81185,34,,,1,100,,81190,34,,,1,100,,81189,34,,,1,100,,81188,34,,,1
3701,'Samedi-1',703,,81286,27,,,1,100,,81291,27,,,1,100,,81285,27,,,1,101,,81290,27,,,1,100,,81287,27,,,1,100,,81288,27,,,1,100,,81292,27,,,1,101,,81289,27,,,1,100,,81293,27,,,1,100,,81294,27,,,1,100,,81295,27,,,1,99,,81296,27,,,1,100,,81297,27,,,1,100,,81298,27,,,1,100,,81299,27,,,1,98,,81300,27,,,1,100,,81301,27,,,1
3701,'Samedi-10',703,,68373,27,,,1,100,,68378,27,,,1,100,,68372,27,,,1,101,,68377,27,,,1,100,,68374,27,,,1,100,,68375,27,,,1,100,,68379,27,,,1,101,,68376,27,,,1,100,,68380,27,,,1,100,,68381,27,,,1,100,,68382,27,,,1,99,,68383,27,,,1,100,,68384,27,,,1,100,,68385,27,,,1,100,,68386,27,,,1,98,,68387,27,,,1,100,,68388,27,,,1
3701,'Dimanche-1',703,,81303,27,,,1,100,,81304,27,,,1,100,,81306,27,,,1,101,,81307,27,,,1,100,,81315,27,,,1,100,,81302,27,,,1,100,,81308,27,,,1,101,,81305,27,,,1,100,,81310,27,,,1,100,,81311,27,,,1,100,,81313,27,,,1,99,,81312,27,,,1,100,,81309,27,,,1,100,,81314,27,,,1,100,,81316,27,,,1,98,,81317,27,,,1,100,,81318,27,,,1
3701,'Semaine-1',530,,81332,27,,,1,29,,81330,27,,,1,75,,81334,27,,,1,70,,81324,27,,,1,34,,81341,27,,,1,16,,81321,27,,,1,54,,81342,27,,,1,29,,81323,27,,,1,98,,81340,27,,,1,100,,81328,27,,,1,100,,81322,27,,,1,100,,81320,27,,,1,100,,81325,27,,,1,101,,81336,27,,,1,99,,81319,27,,,1,70,,81335,27,,,1,31,,81338,27,,,1,69,,81333,27,,,1,30,,81339,27,,,1,70,,81343,27,,,1,45,,81327,27,,,1,100,,81337,27,,,1,100,,81329,27,,,1,102,,81326,27,,,1,91,,81331,27,,,1
3701,'Semaine-12',530,,81357,27,,,1,29,,81355,27,,,1,75,,81359,27,,,1,70,,81349,27,,,1,34,,81366,27,,,1,16,,81346,27,,,1,54,,81367,27,,,1,29,,81348,27,,,1,98,,81365,27,,,1,100,,81353,27,,,1,100,,81347,27,,,1,100,,81345,27,,,1,100,,81350,27,,,1,101,,81361,27,,,1,99,,81344,27,,,1,70,,81360,27,,,1,31,,81363,27,,,1,69,,81358,27,,,1,30,,81364,27,,,1,70,,81368,27,,,1,45,,81352,27,,,1,100,,81362,27,,,1,100,,81354,27,,,1,102,,81351,27,,,1,91,,81356,27,,,1
3801,'Samedi-1',717,,81523,16,,,1,30,,81519,16,,,1,70,,81531,16,,,1,30,,81524,16,,,1,70,,81520,16,,,1,31,,81532,16,,,1,68,,81525,16,,,1,32,,81529,16,,,1,70,,81521,16,,,1,30,,81526,16,,,1,70,,81530,16,,,1,30,,81522,16,,,1,70,,81527,16,,,1,30,,81528,16,,,1,70,,81533,16,,,1,30,,81534,16,,,1,71,,81535,16,,,1,30,,81536,16,,,1,69,,81537,16,,,1,30,,81538,16,,,1,70,,81539,16,,,1,30,,81540,16,,,1,68,,81541,16,,,1,32,,81543,16,,,1,70,,81542,16,,,1,30,,81545,16,,,1,70,,81544,16,,,1,30,,81546,16,,,1,70,,81547,16,,,1,30,,81551,16,,,1,70,,81548,16,,,1,29,,81549,16,,,1,70,,81550,16,,,1
3801,'Samedi-10',717,,68893,16,,,1,30,,68889,16,,,1,70,,68901,16,,,1,30,,68894,16,,,1,70,,68890,16,,,1,31,,68902,16,,,1,68,,68895,16,,,1,32,,68899,16,,,1,70,,68891,16,,,1,30,,68896,16,,,1,70,,68900,16,,,1,30,,68892,16,,,1,70,,68897,16,,,1,30,,68898,16,,,1,70,,68903,16,,,1,30,,68904,16,,,1,71,,68905,16,,,1,30,,68906,16,,,1,69,,68907,16,,,1,30,,68908,16,,,1,70,,68909,16,,,1,30,,68910,16,,,1,68,,68911,16,,,1,32,,68913,16,,,1,70,,68912,16,,,1,30,,68915,16,,,1,70,,68914,16,,,1,30,,68916,16,,,1,70,,68917,16,,,1,30,,68921,16,,,1,70,,68918,16,,,1,29,,68919,16,,,1,70,,68920,16,,,1
3801,'Dimanche-1',717,,81560,16,,,1,30,,81562,16,,,1,70,,81555,16,,,1,30,,81554,16,,,1,70,,81576,16,,,1,31,,81565,16,,,1,68,,81556,16,,,1,32,,81578,16,,,1,70,,81575,16,,,1,30,,81557,16,,,1,70,,81577,16,,,1,30,,81564,16,,,1,70,,81558,16,,,1,30,,81561,16,,,1,70,,81563,16,,,1,30,,81553,16,,,1,71,,81559,16,,,1,30,,81552,16,,,1,69,,81569,16,,,1,30,,81570,16,,,1,70,,81572,16,,,1,30,,81568,16,,,1,68,,81574,16,,,1,32,,81571,16,,,1,70,,81566,16,,,1,30,,81573,16,,,1,70,,81567,16,,,1,30,,81579,16,,,1,70,,81580,16,,,1,30,,81581,16,,,1,70,,81582,16,,,1,29,,81583,16,,,1,70,,81584,16,,,1
3801,'Semaine-1',623,,81613,16,,,1,30,,81585,16,,,1,70,,81612,16,,,1,19,,81623,16,,,1,58,,81619,16,,,1,23,,81601,16,,,1,30,,81621,16,,,1,70,,81608,16,,,1,20,,81591,16,,,1,60,,81617,16,,,1,20,,81602,16,,,1,20,,81594,16,,,1,60,,81609,16,,,1,20,,81592,16,,,1,20,,81616,16,,,1,60,,81622,16,,,1,22,,81595,16,,,1,20,,81624,16,,,1,60,,81610,16,,,1,20,,81615,16,,,1,19,,81603,16,,,1,60,,81596,16,,,1,20,,81611,16,,,1,20,,81625,16,,,1,61,,81598,16,,,1,20,,81604,16,,,1,30,,81618,16,,,1,70,,81593,16,,,1,31,,81600,16,,,1,68,,81590,16,,,1,30,,81626,16,,,1,60,,81587,16,,,1,20,,81620,16,,,1,70,,81589,16,,,1,29,,81599,16,,,1,71,,81607,16,,,1,30,,81614,16,,,1,70,,81597,16,,,1,28,,81605,16,,,1,72,,81606,16,,,1,29,,81586,16,,,1,85,,81588,16,,,1
3801,'Semaine-12',623,,81655,16,,,1,30,,81627,16,,,1,70,,81654,16,,,1,19,,81665,16,,,1,58,,81661,16,,,1,23,,81643,16,,,1,30,,81663,16,,,1,70,,81650,16,,,1,20,,81633,16,,,1,60,,81659,16,,,1,20,,81644,16,,,1,20,,81636,16,,,1,60,,81651,16,,,1,20,,81634,16,,,1,20,,81658,16,,,1,60,,81664,16,,,1,22,,81637,16,,,1,20,,81666,16,,,1,60,,81652,16,,,1,20,,81657,16,,,1,19,,81645,16,,,1,60,,81638,16,,,1,20,,81653,16,,,1,20,,81667,16,,,1,61,,81640,16,,,1,20,,81646,16,,,1,30,,81660,16,,,1,70,,81635,16,,,1,31,,81642,16,,,1,68,,81632,16,,,1,30,,81668,16,,,1,60,,81629,16,,,1,20,,81662,16,,,1,70,,81631,16,,,1,29,,81641,16,,,1,71,,81649,16,,,1,30,,81656,16,,,1,70,,81639,16,,,1,28,,81647,16,,,1,72,,81648,16,,,1,29,,81628,16,,,1,85,,81630,16,,,1
37101,'Samedi-1',733,,86004,27,,,1,100,,86003,27,,,1,101,,86007,27,,,1,100,,86006,27,,,1,100,,86008,27,,,1,100,,86005,27,,,1,100,,86009,27,,,1,99,,86010,27,,,1,100,,86011,27,,,1,100,,86012,27,,,1,99,,86013,27,,,1,105,,86014,27,,,1,95,,86015,27,,,1,100,,86016,27,,,1,100,,86017,27,,,1,100,,86018,27,,,1,100,,86019,27,,,1
37101,'Samedi-10',733,,77625,27,,,1,100,,77624,27,,,1,101,,77628,27,,,1,100,,77627,27,,,1,100,,77629,27,,,1,100,,77626,27,,,1,100,,77630,27,,,1,99,,77631,27,,,1,100,,77632,27,,,1,100,,77633,27,,,1,99,,77634,27,,,1,105,,77635,27,,,1,95,,77636,27,,,1,100,,77637,27,,,1,100,,77638,27,,,1,100,,77639,27,,,1,100,,77640,27,,,1
37101,'Dimanche-1',733,,86033,27,,,1,100,,86022,27,,,1,101,,86023,27,,,1,100,,86020,27,,,1,100,,86025,27,,,1,100,,86021,27,,,1,100,,86024,27,,,1,99,,86027,27,,,1,100,,86026,27,,,1,100,,86028,27,,,1,99,,86032,27,,,1,105,,86031,27,,,1,95,,86029,27,,,1,100,,86030,27,,,1,100,,86034,27,,,1,100,,86035,27,,,1,100,,86036,27,,,1
37101,'Semaine-1',541,,86053,27,,,1,72,,86056,27,,,1,31,,86049,27,,,1,69,,86051,27,,,1,32,,86061,27,,,1,70,,86060,27,,,1,29,,86055,27,,,1,72,,86039,27,,,1,98,,86046,27,,,1,100,,86044,27,,,1,101,,86045,27,,,1,100,,86059,27,,,1,100,,86042,27,,,1,100,,86043,27,,,1,31,,86040,27,,,1,70,,86047,27,,,1,30,,86057,27,,,1,69,,86058,27,,,1,30,,86037,27,,,1,80,,86041,27,,,1,94,,86052,27,,,1,100,,86054,27,,,1,100,,86038,27,,,1,100,,86048,27,,,1,184,,86050,27,,,1
37101,'Semaine-12',541,,86078,27,,,1,72,,86081,27,,,1,31,,86074,27,,,1,69,,86076,27,,,1,32,,86086,27,,,1,70,,86085,27,,,1,29,,86080,27,,,1,72,,86064,27,,,1,98,,86071,27,,,1,100,,86069,27,,,1,101,,86070,27,,,1,100,,86084,27,,,1,100,,86067,27,,,1,100,,86068,27,,,1,31,,86065,27,,,1,70,,86072,27,,,1,30,,86082,27,,,1,69,,86083,27,,,1,30,,86062,27,,,1,80,,86066,27,,,1,94,,86077,27,,,1,100,,86079,27,,,1,100,,86063,27,,,1,100,,86073,27,,,1,184,,86075,27,,,1
43701,'Semaine-1',1516,,86788,27,0,9 14,1
43701,'Semaine-12',1516,,86790,27,0,9 14,1
