4901,'Samedi-1',756,,82116,56,,,1,100,,82115,56,,,1,100,,82117,56,,,1,102,,82113,56,,,1,100,,82118,56,,,1,142,,82114,56,,,1,101,,82119,56,,,1,100,,82120,56,,,1,100,,82121,56,,,1,100,,82122,56,,,1,100,,82123,56,,,1,56,,82124,56,,,1,100,,82125,56,,,1,100,,82126,56,,,1,100,,82127,56,,,1,98,,82128,56,,,1,100,,82129,56,,,1
4901,'Samedi-10',756,,70061,56,,,1,100,,70060,56,,,1,100,,70062,56,,,1,102,,70058,56,,,1,100,,70063,56,,,1,142,,70059,56,,,1,101,,70064,56,,,1,100,,70065,56,,,1,100,,70066,56,,,1,100,,70067,56,,,1,100,,70068,56,,,1,56,,70069,56,,,1,100,,70070,56,,,1,100,,70071,56,,,1,100,,70072,56,,,1,98,,70073,56,,,1,100,,70074,56,,,1
4901,'Dimanche-1',756,,82143,56,,,1,100,,82132,56,,,1,100,,82142,56,,,1,102,,82135,56,,,1,100,,82131,56,,,1,142,,82130,56,,,1,101,,82133,56,,,1,100,,82134,56,,,1,100,,82137,56,,,1,100,,82136,56,,,1,100,,82140,56,,,1,56,,82139,56,,,1,100,,82141,56,,,1,100,,82138,56,,,1,100,,82144,56,,,1,98,,82145,56,,,1,100,,82146,56,,,1
4901,'Semaine-1',643,,82153,56,,,1,89,,82158,56,,,1,71,,82174,56,,,1,33,,82170,56,,,1,70,,82168,56,,,1,25,,82178,56,,,1,28,,82160,56,,,1,70,,82176,56,,,1,30,,82172,56,,,1,71,,82147,56,,,1,70,,82169,56,,,1,30,,82148,56,,,1,70,,82154,56,,,1,30,,82156,56,,,1,70,,82161,56,,,1,29,,82177,56,,,1,72,,82159,56,,,1,32,,82179,56,,,1,25,,82175,56,,,1,52,,82162,56,,,1,15,,82149,56,,,1,15,,82165,56,,,1,70,,82155,56,,,1,26,,82157,56,,,1,68,,82173,56,,,1,26,,82167,56,,,1,70,,82171,56,,,1,54,,82150,56,,,1,80,,82166,56,,,1,101,,82164,56,,,1,95,,82151,56,,,1,100,,82163,56,,,1,95,,82152,56,,,1
4901,'Semaine-12',643,,82186,56,,,1,89,,82191,56,,,1,71,,82207,56,,,1,33,,82203,56,,,1,70,,82201,56,,,1,25,,82211,56,,,1,28,,82193,56,,,1,70,,82209,56,,,1,30,,82205,56,,,1,71,,82180,56,,,1,70,,82202,56,,,1,30,,82181,56,,,1,70,,82187,56,,,1,30,,82189,56,,,1,70,,82194,56,,,1,29,,82210,56,,,1,72,,82192,56,,,1,32,,82212,56,,,1,25,,82208,56,,,1,52,,82195,56,,,1,15,,82182,56,,,1,15,,82198,56,,,1,70,,82188,56,,,1,26,,82190,56,,,1,68,,82206,56,,,1,26,,82200,56,,,1,70,,82204,56,,,1,54,,82183,56,,,1,80,,82199,56,,,1,101,,82197,56,,,1,95,,82184,56,,,1,100,,82196,56,,,1,95,,82185,56,,,1
5500,'Samedi-1',732,,82390,59,,,1,70,,82387,59,,,1,30,,82388,59,,,1,70,,82391,59,,,1,30,,82389,59,,,1,70,,82396,59,,,1,33,,82393,59,,,1,70,,82394,59,,,1,27,,82399,59,,,1,75,,82398,59,,,1,30,,82392,59,,,1,70,,82395,59,,,1,30,,82397,59,,,1,70,,82400,59,,,1,30,,82401,59,,,1,70,,82402,59,,,1,30,,82403,59,,,1,70,,82404,59,,,1,30,,82405,59,,,1,72,,82406,59,,,1,30,,82407,59,,,1,70,,82408,59,,,1,30,,82409,59,,,1,70,,82410,59,,,1,27,,82412,59,,,1,68,,82411,59,,,1,32,,82413,59,,,1,70,,82415,59,,,1,29,,82414,59,,,1,69,,82416,59,,,1,28,,82417,59,,,1,70,,82420,59,,,1,30,,82422,59,,,1,70,,82419,59,,,1,29,,82418,59,,,1,27,,82421,59,,,1
5500,'Samedi-10',732,,70650,59,,,1,70,,70647,59,,,1,30,,70648,59,,,1,70,,70651,59,,,1,30,,70649,59,,,1,70,,70656,59,,,1,33,,70653,59,,,1,70,,70654,59,,,1,27,,70659,59,,,1,75,,70658,59,,,1,30,,70652,59,,,1,70,,70655,59,,,1,30,,70657,59,,,1,70,,70660,59,,,1,30,,70661,59,,,1,70,,70662,59,,,1,30,,70663,59,,,1,70,,70664,59,,,1,30,,70665,59,,,1,72,,70666,59,,,1,30,,70667,59,,,1,70,,70668,59,,,1,30,,70669,59,,,1,70,,70670,59,,,1,27,,70672,59,,,1,68,,70671,59,,,1,32,,70673,59,,,1,70,,70675,59,,,1,29,,70674,59,,,1,69,,70676,59,,,1,28,,70677,59,,,1,70,,70680,59,,,1,30,,70682,59,,,1,70,,70679,59,,,1,29,,70678,59,,,1,27,,70681,59,,,1
5500,'Dimanche-1',732,,82427,59,,,1,70,,82432,59,,,1,30,,82424,59,,,1,70,,82429,59,,,1,30,,82426,59,,,1,70,,82423,59,,,1,33,,82434,59,,,1,70,,82428,59,,,1,27,,82425,59,,,1,75,,82437,59,,,1,30,,82433,59,,,1,70,,82438,59,,,1,30,,82431,59,,,1,70,,82430,59,,,1,30,,82436,59,,,1,70,,82441,59,,,1,30,,82435,59,,,1,70,,82440,59,,,1,30,,82443,59,,,1,72,,82447,59,,,1,30,,82442,59,,,1,70,,82448,59,,,1,30,,82439,59,,,1,70,,82445,59,,,1,27,,82446,59,,,1,68,,82449,59,,,1,32,,82444,59,,,1,70,,82450,59,,,1,29,,82452,59,,,1,69,,82451,59,,,1,28,,82453,59,,,1,70,,82455,59,,,1,30,,82456,59,,,1,70,,82454,59,,,1,29,,82457,59,,,1,27,,82458,59,,,1
5500,'Semaine-1',706,,82461,59,,,1,106,,82477,59,,,1,29,,82460,59,,,1,95,,82496,59,,,1,67,,82497,59,,,1,30,,82466,59,,,1,70,,82476,59,,,1,30,,82480,59,,,1,73,,82502,59,,,1,30,,82462,59,,,1,70,,82501,59,,,1,30,,82479,59,,,1,70,,82494,59,,,1,30,,82488,59,,,1,67,,82495,59,,,1,16,,82481,59,,,1,14,,82459,59,,,1,17,,82500,59,,,1,58,,82470,59,,,1,15,,82503,59,,,1,13,,82491,59,,,1,10,,82463,59,,,1,13,,82474,59,,,1,58,,82506,59,,,1,9,,82499,59,,,1,11,,82465,59,,,1,11,,82482,59,,,1,9,,82475,59,,,1,51,,82504,59,,,1,11,,82489,59,,,1,6,,82469,59,,,1,12,,82464,59,,,1,10,,82505,59,,,1,11,,82473,59,,,1,52,,82468,59,,,1,10,,82478,59,,,1,30,,82493,59,,,1,68,,82498,59,,,1,30,,82485,59,,,1,70,,82471,59,,,1,30,,82492,59,,,1,67,,82483,59,,,1,27,,82486,59,,,1,70,,82472,59,,,1,30,,82487,59,,,1,67,,82484,59,,,1,29,,82467,59,,,1,70,,82490,59,,,1
5500,'Semaine-12',706,,82509,59,,,1,106,,82525,59,,,1,29,,82508,59,,,1,95,,82544,59,,,1,67,,82545,59,,,1,30,,82514,59,,,1,70,,82524,59,,,1,30,,82528,59,,,1,73,,82550,59,,,1,30,,82510,59,,,1,70,,82549,59,,,1,30,,82527,59,,,1,70,,82542,59,,,1,30,,82536,59,,,1,67,,82543,59,,,1,16,,82529,59,,,1,14,,82507,59,,,1,17,,82548,59,,,1,58,,82518,59,,,1,15,,82551,59,,,1,13,,82539,59,,,1,10,,82511,59,,,1,13,,82522,59,,,1,58,,82554,59,,,1,9,,82547,59,,,1,11,,82513,59,,,1,11,,82530,59,,,1,9,,82523,59,,,1,51,,82552,59,,,1,11,,82537,59,,,1,6,,82517,59,,,1,12,,82512,59,,,1,10,,82553,59,,,1,11,,82521,59,,,1,52,,82516,59,,,1,10,,82526,59,,,1,30,,82541,59,,,1,68,,82546,59,,,1,30,,82533,59,,,1,70,,82519,59,,,1,30,,82540,59,,,1,67,,82531,59,,,1,27,,82534,59,,,1,70,,82520,59,,,1,30,,82535,59,,,1,67,,82532,59,,,1,29,,82515,59,,,1,70,,82538,59,,,1
