4801,'Semaine-1',757,,81999,43,,,1
4801,'Semaine-12',757,,82000,43,,,1
8501,'Semaine-1',548,,85431,34,,,1,70,,85433,34,,,1,27,,85436,34,,,1,55,,85435,34,,,1,18,,85440,34,,,1,14,,85432,34,,,2,16,,85438,34,,,1,56,,85434,34,,,2,14,,85439,34,,,1,20,,85437,34,,,1
8501,'Semaine-12',548,,85441,34,,,1,70,,85443,34,,,1,27,,85446,34,,,1,55,,85445,34,,,1,18,,85450,34,,,1,14,,85442,34,,,2,16,,85448,34,,,1,56,,85444,34,,,2,14,,85449,34,,,1,20,,85447,34,,,1
8701,'Semaine-1',533,,85481,30,,,1,70,,85474,30,,,1,30,,85479,30,,,1,19,,85477,30,,,1,55,,85475,30,,,1,16,,85484,30,,,1,17,,85480,30,,,1,15,,85476,30,,,1,56,,85483,30,,,1,17,,85482,30,,,2,20,,85478,30,,,1,60,,85473,30,,,1
8701,'Semaine-12',533,,85493,30,,,1,70,,85486,30,,,1,30,,85491,30,,,1,19,,85489,30,,,1,55,,85487,30,,,1,16,,85496,30,,,1,17,,85492,30,,,1,15,,85488,30,,,1,56,,85495,30,,,1,17,,85494,30,,,2,20,,85490,30,,,1,60,,85485,30,,,1
9301,'Semaine-1',651,,85514,55,,,2,60,,85512,55,,,1,21,,85511,55,,,1,76,,85515,55,,,1,30,,85513,55,,,2
9301,'Semaine-12',651,,85519,55,,,2,60,,85517,55,,,1,21,,85516,55,,,1,76,,85520,55,,,1,30,,85518,55,,,2
9401,'Semaine-1',611,,85521,45,,,1
9401,'Semaine-12',611,,85522,45,,,1
9501,'Semaine-1',643,,85547,68,,,1,15,,85543,68,,,1,53,,85545,68,,,1,20,,85550,68,,,1,17,,85546,68,,,2,57,,85548,68,,,2,14,,85549,68,,,2,16,,85544,68,,,2
9501,'Semaine-12',643,,85555,68,,,1,15,,85551,68,,,1,53,,85553,68,,,1,20,,85558,68,,,1,17,,85554,68,,,2,57,,85556,68,,,2,14,,85557,68,,,2,16,,85552,68,,,2
9801,'Semaine-1',555,,85699,58,,,2,50,,85700,58,,,1,10,,85701,58,,,1
9801,'Semaine-12',555,,85702,58,,,2,50,,85703,58,,,1,10,,85704,58,,,1
10001,'Semaine-1',635,,85741,17,,,1,10,,85739,17,,,1,10,,85738,17,,,1,50,,85737,17,,,1,9,,85740,17,,,1,11,,85742,17,,,1,10,,85743,17,,,1,10,,85744,17,,,1,9,,85745,17,,,1,51,,85746,17,,,1,14,,85747,17,,,1,10,,85748,17,,,1,9,,85749,17,,,1,8,,85750,17,,,1,10,,85751,17,,,1
10001,'Semaine-12',635,,85756,17,,,1,10,,85754,17,,,1,10,,85753,17,,,1,50,,85752,17,,,1,9,,85755,17,,,1,11,,85757,17,,,1,10,,85758,17,,,1,10,,85759,17,,,1,9,,85760,17,,,1,51,,85761,17,,,1,14,,85762,17,,,1,10,,85763,17,,,1,9,,85764,17,,,1,8,,85765,17,,,1,10,,85766,17,,,1
43700,'Semaine-1',716,,86783,4,0,9 14,1
43700,'Semaine-12',716,,86785,4,0,9 14,1
