2300,'Semaine-1',1557,,79976,22,,,1,68,,79974,22,,,1,34,,79972,22,,,1,65,,79973,22,,,2,24,,79975,22,,,2,69,,79971,22,,,1
2300,'Semaine-12',1557,,79982,22,,,1,68,,79980,22,,,1,34,,79978,22,,,1,65,,79979,22,,,2,24,,79981,22,,,2,69,,79977,22,,,1
2500,'Semaine-1',1539,,79993,21,,,1,70,,79996,21,,,1,31,,79994,21,,,1,73,,79998,21,,,1,24,,79995,21,,,2,67,,79997,21,,,2
2500,'Semaine-12',1539,,79999,21,,,1,70,,80002,21,,,1,31,,80000,21,,,1,73,,80004,21,,,1,24,,80001,21,,,2,67,,80003,21,,,2
2600,'Semaine-1',1607,,80019,28,,,1,32,,80018,28,,,1,69,,80017,28,,,2,30,,80020,28,,,1,67,,80021,28,,,2
2600,'Semaine-12',1607,,80024,28,,,1,32,,80023,28,,,1,69,,80022,28,,,2,30,,80025,28,,,1,67,,80026,28,,,2
2800,'Semaine-1',1610,,80055,31,,,1,42,,80056,31,,,1,91,,80057,31,,,1
2800,'Semaine-12',1610,,80058,31,,,1,42,,80059,31,,,1,91,,80060,31,,,1
3400,'Samedi-1',752,,80773,37,,,1,100,,80778,37,,,1,70,,80774,37,,,1,31,,80780,37,,,1,70,,80781,37,,,1,31,,80775,37,,,1,70,,80776,37,,,1,30,,80777,37,,,1,70,,80779,37,,,1,31,,80782,37,,,1,70,,80784,37,,,1,30,,80783,37,,,1,70,,80785,37,,,1,30,,80786,37,,,1,70,,80787,37,,,1,30,,80788,37,,,1,70,,80789,37,,,1,31,,80790,37,,,1,70,,80791,37,,,1,30,,80792,37,,,1,70,,80793,37,,,1,28,,80794,37,,,1,68,,80795,37,,,1,29,,80796,37,,,1,71,,80797,37,,,1,30,,80798,37,,,1,70,,80799,37,,,1,30,,80800,37,,,1,70,,80801,37,,,1,30,,80803,37,,,1,70,,80802,37,,,1,29,,80805,37,,,1,70,,80804,37,,,1,27,,80806,37,,,1
3400,'Samedi-10',752,,67369,37,,,1,100,,67374,37,,,1,70,,67370,37,,,1,31,,67376,37,,,1,70,,67377,37,,,1,31,,67371,37,,,1,70,,67372,37,,,1,30,,67373,37,,,1,70,,67375,37,,,1,31,,67378,37,,,1,70,,67380,37,,,1,30,,67379,37,,,1,70,,67381,37,,,1,30,,67382,37,,,1,70,,67383,37,,,1,30,,67384,37,,,1,70,,67385,37,,,1,31,,67386,37,,,1,70,,67387,37,,,1,30,,67388,37,,,1,70,,67389,37,,,1,28,,67390,37,,,1,68,,67391,37,,,1,29,,67392,37,,,1,71,,67393,37,,,1,30,,67394,37,,,1,70,,67395,37,,,1,30,,67396,37,,,1,70,,67397,37,,,1,30,,67399,37,,,1,70,,67398,37,,,1,29,,67401,37,,,1,70,,67400,37,,,1,27,,67402,37,,,1
3400,'Dimanche-1',752,,80811,37,,,1,100,,80831,37,,,1,70,,80813,37,,,1,31,,80817,37,,,1,70,,80810,37,,,1,31,,80818,37,,,1,70,,80809,37,,,1,30,,80808,37,,,1,70,,80821,37,,,1,31,,80812,37,,,1,70,,80815,37,,,1,30,,80814,37,,,1,70,,80807,37,,,1,30,,80823,37,,,1,70,,80819,37,,,1,30,,80820,37,,,1,70,,80816,37,,,1,31,,80827,37,,,1,70,,80826,37,,,1,30,,80824,37,,,1,70,,80822,37,,,1,28,,80825,37,,,1,68,,80830,37,,,1,29,,80828,37,,,1,71,,80829,37,,,1,30,,80832,37,,,1,70,,80833,37,,,1,30,,80834,37,,,1,70,,80835,37,,,1,30,,80836,37,,,1,70,,80837,37,,,1,29,,80839,37,,,1,70,,80838,37,,,1,27,,80840,37,,,1
3400,'Semaine-1',629,,80871,37,,,1,28,,80856,37,,,1,74,,80850,37,,,1,74,,80854,37,,,1,31,,80845,37,,,2,68,,80865,37,,,1,30,,80851,37,,,1,67,,80841,37,,,1,30,,80846,37,,,1,70,,80847,37,,,1,30,,80852,37,,,1,70,,80842,37,,,1,31,,80872,37,,,1,70,,80848,37,,,1,30,,80853,37,,,1,70,,80843,37,,,1,33,,80869,37,,,1,70,,80844,37,,,1,26,,80870,37,,,1,305,,80868,37,,,1,20,,80857,37,,,1,67,,80849,37,,,1,30,,80861,37,,,1,70,,80867,37,,,1,31,,80858,37,,,1,68,,80860,37,,,1,30,,80862,37,,,1,70,,80855,37,,,1,30,,80864,37,,,1,69,,80859,37,,,1,29,,80863,37,,,1,70,,80866,37,,,1
3400,'Semaine-12',629,,80903,37,,,1,28,,80888,37,,,1,74,,80882,37,,,1,74,,80886,37,,,1,31,,80877,37,,,2,68,,80897,37,,,1,30,,80883,37,,,1,67,,80873,37,,,1,30,,80878,37,,,1,70,,80879,37,,,1,30,,80884,37,,,1,70,,80874,37,,,1,31,,80904,37,,,1,70,,80880,37,,,1,30,,80885,37,,,1,70,,80875,37,,,1,33,,80901,37,,,1,70,,80876,37,,,1,26,,80902,37,,,1,305,,80900,37,,,1,20,,80889,37,,,1,67,,80881,37,,,1,30,,80893,37,,,1,70,,80899,37,,,1,31,,80890,37,,,1,68,,80892,37,,,1,30,,80894,37,,,1,70,,80887,37,,,1,30,,80896,37,,,1,69,,80891,37,,,1,29,,80895,37,,,1,70,,80898,37,,,1
4901,'Samedi-1',725,,82116,19,,,1,100,,82115,19,,,1,100,,82117,19,,,1,100,,82113,19,,,1,100,,82118,19,,,1,101,,82114,19,,,1,100,,82119,19,,,1,100,,82120,19,,,1,100,,82121,19,,,1,100,,82122,19,,,1,100,,82123,19,,,1,99,,82124,19,,,1,100,,82125,19,,,1,100,,82126,19,,,1,100,,82127,19,,,1,100,,82128,19,,,1,100,,82129,19,,,1
4901,'Samedi-10',725,,70061,19,,,1,100,,70060,19,,,1,100,,70062,19,,,1,100,,70058,19,,,1,100,,70063,19,,,1,101,,70059,19,,,1,100,,70064,19,,,1,100,,70065,19,,,1,100,,70066,19,,,1,100,,70067,19,,,1,100,,70068,19,,,1,99,,70069,19,,,1,100,,70070,19,,,1,100,,70071,19,,,1,100,,70072,19,,,1,100,,70073,19,,,1,100,,70074,19,,,1
4901,'Dimanche-1',725,,82143,19,,,1,100,,82132,19,,,1,100,,82142,19,,,1,100,,82135,19,,,1,100,,82131,19,,,1,101,,82130,19,,,1,100,,82133,19,,,1,100,,82134,19,,,1,100,,82137,19,,,1,100,,82136,19,,,1,100,,82140,19,,,1,99,,82139,19,,,1,100,,82141,19,,,1,100,,82138,19,,,1,100,,82144,19,,,1,100,,82145,19,,,1,100,,82146,19,,,1
4901,'Semaine-1',608,,82153,19,,,1,48,,82158,19,,,1,70,,82174,19,,,1,31,,82170,19,,,1,69,,82168,19,,,1,28,,82178,19,,,1,70,,82160,19,,,1,30,,82176,19,,,1,69,,82172,19,,,1,31,,82147,19,,,1,70,,82169,19,,,1,30,,82148,19,,,1,70,,82154,19,,,1,30,,82156,19,,,1,70,,82161,19,,,1,29,,82177,19,,,1,71,,82159,19,,,1,31,,82179,19,,,1,62,,82175,19,,,1,11,,82162,19,,,1,15,,82149,19,,,1,15,,82165,19,,,1,70,,82155,19,,,1,28,,82157,19,,,1,69,,82173,19,,,1,29,,82167,19,,,1,70,,82171,19,,,1,94,,82150,19,,,1,40,,82166,19,,,1,101,,82164,19,,,1,99,,82151,19,,,1,100,,82163,19,,,1,98,,82152,19,,,1
4901,'Semaine-12',608,,82186,19,,,1,48,,82191,19,,,1,70,,82207,19,,,1,31,,82203,19,,,1,69,,82201,19,,,1,28,,82211,19,,,1,70,,82193,19,,,1,30,,82209,19,,,1,69,,82205,19,,,1,31,,82180,19,,,1,70,,82202,19,,,1,30,,82181,19,,,1,70,,82187,19,,,1,30,,82189,19,,,1,70,,82194,19,,,1,29,,82210,19,,,1,71,,82192,19,,,1,31,,82212,19,,,1,62,,82208,19,,,1,11,,82195,19,,,1,15,,82182,19,,,1,15,,82198,19,,,1,70,,82188,19,,,1,28,,82190,19,,,1,69,,82206,19,,,1,29,,82200,19,,,1,70,,82204,19,,,1,94,,82183,19,,,1,40,,82199,19,,,1,101,,82197,19,,,1,99,,82184,19,,,1,100,,82196,19,,,1,98,,82185,19,,,1
32500,'Semaine-1',1638,,85896,27,0,7 8,1
32500,'Semaine-12',1638,,85898,27,0,7 8,1
42501,'Semaine-1',1509,,86757,15,0,9 14,1
42501,'Semaine-12',1509,,86758,15,0,9 14,1
54901,'Semaine-1',1529,,86796,12,,,1
54901,'Semaine-12',1529,,86798,12,,,1
72500,'Semaine-1',1633,,86867,19,0,5 11,1
72500,'Semaine-12',1633,,86868,19,0,5 11,1
82500,'Semaine-1',1538,,87113,13,0,9 12 13,1
82500,'Semaine-12',1538,,87115,13,0,9 12 13,1
