3100,'Samedi-1',707,,80085,11,,,1,105,,80086,11,,,1,101,,80087,11,,,1,101,,80088,11,,,1,102,,80089,11,,,1,100,,80090,11,,,1,101,,80091,11,,,1,100,,80092,11,,,1,100,,80093,11,,,1,102,,80094,11,,,1,100,,80095,11,,,1,100,,80096,11,,,1,95,,80097,11,,,1,100,,80098,11,,,1,100,,80099,11,,,1,100,,80100,11,,,1,101,,80101,11,,,1,101,,80102,11,,,1,100,,80103,11,,,1
3100,'Samedi-10',707,,66103,11,,,1,105,,66104,11,,,1,101,,66105,11,,,1,101,,66106,11,,,1,102,,66107,11,,,1,100,,66108,11,,,1,101,,66109,11,,,1,100,,66110,11,,,1,100,,66111,11,,,1,102,,66112,11,,,1,100,,66113,11,,,1,100,,66114,11,,,1,95,,66115,11,,,1,100,,66116,11,,,1,100,,66117,11,,,1,100,,66118,11,,,1,101,,66119,11,,,1,101,,66120,11,,,1,100,,66121,11,,,1
3100,'Dimanche-1',707,,80108,11,,,1,105,,80110,11,,,1,101,,80109,11,,,1,101,,80117,11,,,1,102,,80112,11,,,1,100,,80104,11,,,1,101,,80107,11,,,1,100,,80106,11,,,1,100,,80105,11,,,1,102,,80111,11,,,1,100,,80113,11,,,1,100,,80114,11,,,1,95,,80116,11,,,1,100,,80115,11,,,1,100,,80118,11,,,1,100,,80119,11,,,1,101,,80120,11,,,1,101,,80121,11,,,1,100,,80122,11,,,1
3100,'Semaine-1',615,,80127,11,,,1,42,,80160,11,,,1,61,,80140,11,,,1,21,,80128,11,,,1,15,,80165,11,,,1,61,,80162,11,,,1,21,,80124,11,,,1,18,,80137,11,,,1,63,,80138,11,,,1,9,,80129,11,,,1,24,,80131,11,,,1,60,,80148,11,,,1,27,,80149,11,,,1,71,,80130,11,,,1,30,,80135,11,,,1,70,,80154,11,,,1,30,,80151,11,,,1,17,,80132,11,,,1,53,,80125,11,,,1,19,,80159,11,,,1,20,,80163,11,,,1,58,,80150,11,,,1,29,,80133,11,,,1,21,,80153,11,,,1,49,,80155,11,,,1,35,,80161,11,,,1,64,,80152,11,,,1,18,,80134,11,,,1,19,,80145,11,,,1,63,,80147,11,,,1,22,,80136,11,,,1,17,,80123,11,,,1,15,,80126,11,,,1,50,,80157,11,,,1,29,,80164,11,,,1,12,,80142,11,,,1,60,,80158,11,,,1,106,,80143,11,,,1,100,,80139,11,,,1,100,,80144,11,,,1,100,,80146,11,,,1,100,,80156,11,,,1,100,,80141,11,,,1
3100,'Semaine-12',615,,80170,11,,,1,42,,80203,11,,,1,61,,80183,11,,,1,21,,80171,11,,,1,15,,80208,11,,,1,61,,80205,11,,,1,21,,80167,11,,,1,18,,80180,11,,,1,63,,80181,11,,,1,9,,80172,11,,,1,24,,80174,11,,,1,60,,80191,11,,,1,27,,80192,11,,,1,71,,80173,11,,,1,30,,80178,11,,,1,70,,80197,11,,,1,30,,80194,11,,,1,17,,80175,11,,,1,53,,80168,11,,,1,19,,80202,11,,,1,20,,80206,11,,,1,58,,80193,11,,,1,29,,80176,11,,,1,21,,80196,11,,,1,49,,80198,11,,,1,35,,80204,11,,,1,64,,80195,11,,,1,18,,80177,11,,,1,19,,80188,11,,,1,63,,80190,11,,,1,22,,80179,11,,,1,17,,80166,11,,,1,15,,80169,11,,,1,50,,80200,11,,,1,29,,80207,11,,,1,12,,80185,11,,,1,60,,80201,11,,,1,106,,80186,11,,,1,100,,80182,11,,,1,100,,80187,11,,,1,100,,80189,11,,,1,100,,80199,11,,,1,100,,80184,11,,,1
6700,'Samedi-1',715,,83839,11,,,1,101,,83838,11,,,1,100,,83837,11,,,1,30,,83833,11,,,1,70,,83841,11,,,1,30,,83834,11,,,1,70,,83835,11,,,1,31,,83840,11,,,1,70,,83845,11,,,1,30,,83836,11,,,1,69,,83844,11,,,1,31,,83842,11,,,1,70,,83843,11,,,1,30,,83846,11,,,1,71,,83847,11,,,1,30,,83848,11,,,1,70,,83849,11,,,1,29,,83850,11,,,1,70,,83851,11,,,1,30,,83852,11,,,1,70,,83853,11,,,1,29,,83854,11,,,1,70,,83855,11,,,1,30,,83856,11,,,1,100,,83860,11,,,1,100,,83857,11,,,1,100,,83858,11,,,1,99,,83859,11,,,1
6700,'Samedi-10',715,,73543,11,,,1,101,,73542,11,,,1,100,,73541,11,,,1,30,,73537,11,,,1,70,,73545,11,,,1,30,,73538,11,,,1,70,,73539,11,,,1,31,,73544,11,,,1,70,,73549,11,,,1,30,,73540,11,,,1,69,,73548,11,,,1,31,,73546,11,,,1,70,,73547,11,,,1,30,,73550,11,,,1,71,,73551,11,,,1,30,,73552,11,,,1,70,,73553,11,,,1,29,,73554,11,,,1,70,,73555,11,,,1,30,,73556,11,,,1,70,,73557,11,,,1,29,,73558,11,,,1,70,,73559,11,,,1,30,,73560,11,,,1,100,,73564,11,,,1,100,,73561,11,,,1,100,,73562,11,,,1,99,,73563,11,,,1
6700,'Dimanche-1',715,,83867,11,,,1,101,,83863,11,,,1,100,,83862,11,,,1,30,,83868,11,,,1,70,,83871,11,,,1,30,,83873,11,,,1,70,,83877,11,,,1,31,,83876,11,,,1,70,,83861,11,,,1,30,,83865,11,,,1,69,,83864,11,,,1,31,,83869,11,,,1,70,,83874,11,,,1,30,,83875,11,,,1,71,,83870,11,,,1,30,,83866,11,,,1,70,,83872,11,,,1,29,,83881,11,,,1,70,,83878,11,,,1,30,,83883,11,,,1,70,,83884,11,,,1,29,,83879,11,,,1,70,,83882,11,,,1,30,,83880,11,,,1,100,,83885,11,,,1,100,,83886,11,,,1,100,,83887,11,,,1,99,,83888,11,,,1
6700,'Semaine-1',614,,83897,11,,,1,31,,83891,11,,,1,70,,83899,11,,,1,23,,83908,11,,,1,21,,83892,11,,,1,58,,83917,11,,,1,29,,83902,11,,,1,70,,83910,11,,,1,20,,83900,11,,,1,18,,83920,11,,,1,60,,83918,11,,,1,21,,83905,11,,,2,20,,83921,11,,,1,60,,83911,11,,,1,20,,83914,11,,,1,20,,83922,11,,,1,60,,83919,11,,,1,20,,83906,11,,,1,20,,83923,11,,,1,60,,83912,11,,,1,20,,83915,11,,,1,20,,83924,11,,,1,60,,83904,11,,,1,20,,83907,11,,,1,21,,83925,11,,,1,365,,83927,11,,,1,15,,83901,11,,,1,19,,83926,11,,,1,59,,83909,11,,,1,30,,83889,11,,,1,72,,83913,11,,,1,28,,83893,11,,,2,70,,83916,11,,,2,30,,83890,11,,,1,70,,83898,11,,,1,30,,83894,11,,,2,72,,83903,11,,,1,27,,83896,11,,,1,69,,83895,11,,,2
6700,'Semaine-12',614,,83936,11,,,1,31,,83930,11,,,1,70,,83938,11,,,1,23,,83947,11,,,1,21,,83931,11,,,1,58,,83956,11,,,1,29,,83941,11,,,1,70,,83949,11,,,1,20,,83939,11,,,1,18,,83959,11,,,1,60,,83957,11,,,1,21,,83944,11,,,2,20,,83960,11,,,1,60,,83950,11,,,1,20,,83953,11,,,1,20,,83961,11,,,1,60,,83958,11,,,1,20,,83945,11,,,1,20,,83962,11,,,1,60,,83951,11,,,1,20,,83954,11,,,1,20,,83963,11,,,1,60,,83943,11,,,1,20,,83946,11,,,1,21,,83964,11,,,1,365,,83966,11,,,1,15,,83940,11,,,1,19,,83965,11,,,1,59,,83948,11,,,1,30,,83928,11,,,1,72,,83952,11,,,1,28,,83932,11,,,2,70,,83955,11,,,2,30,,83929,11,,,1,70,,83937,11,,,1,30,,83933,11,,,2,72,,83942,11,,,1,27,,83935,11,,,1,69,,83934,11,,,2
