4200,'Semaine-1',623,,81951,14,,,1,104,,81952,14,,,1,903,,81953,14,,,1,99,,81954,14,,,1
4200,'Semaine-12',623,,81955,14,,,1,104,,81956,14,,,1,903,,81957,14,,,1,99,,81958,14,,,1
4901,'Samedi-1',739,,82116,35,,,1,100,,82115,35,,,1,100,,82117,35,,,1,101,,82113,35,,,1,100,,82118,35,,,1,102,,82114,35,,,1,100,,82119,35,,,1,100,,82120,35,,,1,100,,82121,35,,,1,100,,82122,35,,,1,100,,82123,35,,,1,97,,82124,35,,,1,100,,82125,35,,,1,100,,82126,35,,,1,100,,82127,35,,,1,100,,82128,35,,,1,100,,82129,35,,,1
4901,'Samedi-10',739,,70061,35,,,1,100,,70060,35,,,1,100,,70062,35,,,1,101,,70058,35,,,1,100,,70063,35,,,1,102,,70059,35,,,1,100,,70064,35,,,1,100,,70065,35,,,1,100,,70066,35,,,1,100,,70067,35,,,1,100,,70068,35,,,1,97,,70069,35,,,1,100,,70070,35,,,1,100,,70071,35,,,1,100,,70072,35,,,1,100,,70073,35,,,1,100,,70074,35,,,1
4901,'Dimanche-1',739,,82143,35,,,1,100,,82132,35,,,1,100,,82142,35,,,1,101,,82135,35,,,1,100,,82131,35,,,1,102,,82130,35,,,1,100,,82133,35,,,1,100,,82134,35,,,1,100,,82137,35,,,1,100,,82136,35,,,1,100,,82140,35,,,1,97,,82139,35,,,1,100,,82141,35,,,1,100,,82138,35,,,1,100,,82144,35,,,1,100,,82145,35,,,1,100,,82146,35,,,1
4901,'Semaine-1',624,,82153,35,,,1,89,,82158,35,,,1,31,,82174,35,,,1,72,,82170,35,,,1,30,,82168,35,,,1,67,,82178,35,,,1,28,,82160,35,,,1,69,,82176,35,,,1,28,,82172,35,,,1,72,,82147,35,,,1,30,,82169,35,,,1,70,,82148,35,,,1,30,,82154,35,,,1,70,,82156,35,,,1,30,,82161,35,,,1,69,,82177,35,,,1,32,,82159,35,,,1,73,,82179,35,,,1,23,,82175,35,,,1,12,,82162,35,,,1,55,,82149,35,,,1,15,,82165,35,,,1,30,,82155,35,,,1,66,,82157,35,,,1,30,,82173,35,,,1,66,,82167,35,,,1,30,,82171,35,,,1,94,,82150,35,,,1,80,,82166,35,,,1,101,,82164,35,,,1,97,,82151,35,,,1,100,,82163,35,,,1,97,,82152,35,,,1
4901,'Semaine-12',624,,82186,35,,,1,89,,82191,35,,,1,31,,82207,35,,,1,72,,82203,35,,,1,30,,82201,35,,,1,67,,82211,35,,,1,28,,82193,35,,,1,69,,82209,35,,,1,28,,82205,35,,,1,72,,82180,35,,,1,30,,82202,35,,,1,70,,82181,35,,,1,30,,82187,35,,,1,70,,82189,35,,,1,30,,82194,35,,,1,69,,82210,35,,,1,32,,82192,35,,,1,73,,82212,35,,,1,23,,82208,35,,,1,12,,82195,35,,,1,55,,82182,35,,,1,15,,82198,35,,,1,30,,82188,35,,,1,66,,82190,35,,,1,30,,82206,35,,,1,66,,82200,35,,,1,30,,82204,35,,,1,94,,82183,35,,,1,80,,82199,35,,,1,101,,82197,35,,,1,97,,82184,35,,,1,100,,82196,35,,,1,97,,82185,35,,,1
5200,'Samedi-1',626,,82231,3,,,1,100,,82232,3,,,1,100,,82233,3,,,1,100,,82234,3,,,1,101,,82235,3,,,1,101,,82236,3,,,1,101,,82237,3,,,1,100,,82238,3,,,1,99,,82239,3,,,1,100,,82240,3,,,1,100,,82241,3,,,1,100,,82242,3,,,1,99,,82243,3,,,1,100,,82246,3,,,1,100,,82244,3,,,1,100,,82245,3,,,1,99,,82247,3,,,1,100,,82248,3,,,1
5200,'Samedi-10',626,,70287,3,,,1,100,,70288,3,,,1,100,,70289,3,,,1,100,,70290,3,,,1,101,,70291,3,,,1,101,,70292,3,,,1,101,,70293,3,,,1,100,,70294,3,,,1,99,,70295,3,,,1,100,,70296,3,,,1,100,,70297,3,,,1,100,,70298,3,,,1,99,,70299,3,,,1,100,,70302,3,,,1,100,,70300,3,,,1,100,,70301,3,,,1,99,,70303,3,,,1,100,,70304,3,,,1
5200,'Dimanche-1',626,,82250,3,,,1,100,,82249,3,,,1,100,,82251,3,,,1,100,,82254,3,,,1,101,,82252,3,,,1,101,,82253,3,,,1,101,,82257,3,,,1,100,,82256,3,,,1,99,,82258,3,,,1,100,,82255,3,,,1,100,,82259,3,,,1,100,,82261,3,,,1,99,,82262,3,,,1,100,,82260,3,,,1,100,,82263,3,,,1,100,,82264,3,,,1,99,,82265,3,,,1,100,,82266,3,,,1
5200,'Semaine-1',557,,82270,3,,,1,97,,82272,3,,,1,147,,82267,3,,,1,58,,82283,3,,,1,98,,82281,3,,,1,101,,82268,3,,,1,100,,82275,3,,,1,100,,82274,3,,,1,100,,82271,3,,,1,100,,82269,3,,,1,147,,82273,3,,,1,100,,82284,3,,,1,109,,82282,3,,,1,99,,82276,3,,,1,45,,82280,3,,,1,100,,82279,3,,,1,100,,82277,3,,,1,100,,82278,3,,,1
5200,'Semaine-12',557,,82288,3,,,1,97,,82290,3,,,1,147,,82285,3,,,1,58,,82301,3,,,1,98,,82299,3,,,1,101,,82286,3,,,1,100,,82293,3,,,1,100,,82292,3,,,1,100,,82289,3,,,1,100,,82287,3,,,1,147,,82291,3,,,1,100,,82302,3,,,1,109,,82300,3,,,1,99,,82294,3,,,1,45,,82298,3,,,1,100,,82297,3,,,1,100,,82295,3,,,1,100,,82296,3,,,1
44901,'Semaine-1',1524,,86793,27,0,9 14,1
44901,'Semaine-12',1524,,86794,27,0,9 14,1
54901,'Semaine-1',1545,,86796,28,,,1
54901,'Semaine-12',1545,,86798,28,,,1
65400,'Semaine-1',1510,,86859,7,0,9 10,2
65400,'Semaine-12',1510,,86860,7,0,9 10,2
