1800,'Semaine-1',1257,,79946,16,,,1,278,,79945,16,,,2,102,,79948,16,,,1,68,,79947,16,,,1
1800,'Semaine-12',1257,,79950,16,,,1,278,,79949,16,,,2,102,,79952,16,,,1,68,,79951,16,,,1
9300,'Semaine-1',1508,,85500,5,,,2,20,,85503,5,,,1,20,,85499,5,,,2,60,,85502,5,,,1,30,,85501,5,,,2,70,,85497,5,,,1,30,,85498,5,,,1
9300,'Semaine-12',1508,,85507,5,,,2,20,,85510,5,,,1,20,,85506,5,,,2,60,,85509,5,,,1,30,,85508,5,,,2,70,,85504,5,,,1,30,,85505,5,,,1
9500,'Semaine-1',1448,,85529,5,,,1,56,,85532,5,,,2,15,,85528,5,,,2,15,,85523,5,,,2,15,,85527,5,,,2,55,,85524,5,,,1,15,,85525,5,,,1,18,,85530,5,,,2,22,,85531,5,,,2,72,,85526,5,,,1
9500,'Semaine-12',1448,,85539,5,,,1,56,,85542,5,,,2,15,,85538,5,,,2,15,,85533,5,,,2,15,,85537,5,,,2,55,,85534,5,,,1,15,,85535,5,,,1,18,,85540,5,,,2,22,,85541,5,,,2,72,,85536,5,,,1
10000,'Semaine-1',1521,,85718,12,,,1,9,,85720,12,,,1,11,,85705,12,,,1,8,,85706,12,,,1,7,,85707,12,,,1,49,,85719,12,,,1,8,,85708,12,,,1,10,,85709,12,,,1,9,,85710,12,,,1,10,,85711,12,,,1,10,,85712,12,,,1,49,,85713,12,,,1,12,,85714,12,,,1,10,,85715,12,,,1,8,,85716,12,,,1,12,,85717,12,,,1
10000,'Semaine-12',1521,,85734,12,,,1,9,,85736,12,,,1,11,,85721,12,,,1,8,,85722,12,,,1,7,,85723,12,,,1,49,,85735,12,,,1,8,,85724,12,,,1,10,,85725,12,,,1,9,,85726,12,,,1,10,,85727,12,,,1,10,,85728,12,,,1,49,,85729,12,,,1,12,,85730,12,,,1,10,,85731,12,,,1,8,,85732,12,,,1,12,,85733,12,,,1
20000,'Semaine-1',1521,,85767,8,,,1,5,,85768,8,,,1,8,,85791,8,,,1,5,,85769,8,,,1,5,,85770,8,,,1,5,,85796,8,,,1,5,,85771,8,,,1,5,,85773,8,,,1,45,,85774,8,,,1,5,,85775,8,,,1,5,,85777,8,,,1,5,,85778,8,,,1,5,,85772,8,,,1,5,,85795,8,,,1,5,,85776,8,,,1,7,,85779,8,,,1,4,,85780,8,,,1,5,,85781,8,,,1,4,,85782,8,,,1,5,,85794,8,,,1,45,,85783,8,,,1,5,,85792,8,,,1,5,,85784,8,,,1,5,,85785,8,,,1,5,,85787,8,,,1,5,,85786,8,,,1,5,,85788,8,,,1,3,,85789,8,,,1,5,,85790,8,,,1,5,,85793,8,,,1
20000,'Semaine-12',1521,,85797,8,,,1,5,,85798,8,,,1,8,,85821,8,,,1,5,,85799,8,,,1,5,,85800,8,,,1,5,,85826,8,,,1,5,,85801,8,,,1,5,,85803,8,,,1,45,,85804,8,,,1,5,,85805,8,,,1,5,,85807,8,,,1,5,,85808,8,,,1,5,,85802,8,,,1,5,,85825,8,,,1,5,,85806,8,,,1,7,,85809,8,,,1,4,,85810,8,,,1,5,,85811,8,,,1,4,,85812,8,,,1,5,,85824,8,,,1,45,,85813,8,,,1,5,,85822,8,,,1,5,,85814,8,,,1,5,,85815,8,,,1,5,,85817,8,,,1,5,,85816,8,,,1,5,,85818,8,,,1,3,,85819,8,,,1,5,,85820,8,,,1,5,,85823,8,,,1
40000,'Samedi-1',614,,86087,12,,,1,20,,86088,12,,,1,15,,86091,12,,,1,55,,86096,12,,,1,15,,86105,12,,,1,15,,86106,12,,,1,15,,86089,12,,,1,55,,86093,12,,,1,15,,86090,12,,,1,15,,86114,12,,,1,15,,86092,12,,,1,55,,86095,12,,,1,15,,86094,12,,,1,15,,86097,12,,,1,15,,86115,12,,,1,55,,86113,12,,,1,15,,86116,12,,,1,15,,86098,12,,,1,15,,86100,12,,,1,55,,86103,12,,,1,15,,86104,12,,,1,15,,86099,12,,,1,15,,86110,12,,,1,55,,86112,12,,,1,15,,86117,12,,,1,15,,86102,12,,,1,15,,86101,12,,,1,55,,86107,12,,,1,16,,86108,12,,,1,15,,86109,12,,,1,15,,86118,12,,,1,55,,86111,12,,,1,15,,86119,12,,,1,15,,86120,12,,,1,15,,86121,12,,,1,55,,86122,12,,,1,15,,86123,12,,,1,15,,86124,12,,,1,15,,86125,12,,,1,55,,86126,12,,,1,15,,86127,12,,,1,15,,86128,12,,,1,15,,86129,12,,,1,55,,86130,12,,,1,15,,86131,12,,,1,15,,86132,12,,,1,15,,86133,12,,,1,55,,86134,12,,,1,15,,86140,12,,,1,15,,86135,12,,,1,15,,86136,12,,,1,55,,86137,12,,,1,14,,86138,12,,,1,16,,86139,12,,,1,14,,86143,12,,,1,55,,86141,12,,,1,15,,86142,12,,,1,15,,86147,12,,,1,15,,86146,12,,,1,56,,86145,12,,,1,14,,86144,12,,,1,16,,86151,12,,,1,14,,86148,12,,,1,55,,86149,12,,,1,15,,86150,12,,,1,15,,86158,12,,,1,16,,86153,12,,,1,55,,86152,12,,,1,13,,86154,12,,,1,16,,86155,12,,,1,13,,86156,12,,,1,56,,86157,12,,,1,12,,86159,12,,,1
40000,'Samedi-10',614,,77857,12,,,1,20,,77858,12,,,1,15,,77861,12,,,1,55,,77866,12,,,1,15,,77875,12,,,1,15,,77876,12,,,1,15,,77859,12,,,1,55,,77863,12,,,1,15,,77860,12,,,1,15,,77884,12,,,1,15,,77862,12,,,1,55,,77865,12,,,1,15,,77864,12,,,1,15,,77867,12,,,1,15,,77885,12,,,1,55,,77883,12,,,1,15,,77886,12,,,1,15,,77868,12,,,1,15,,77870,12,,,1,55,,77873,12,,,1,15,,77874,12,,,1,15,,77869,12,,,1,15,,77880,12,,,1,55,,77882,12,,,1,15,,77887,12,,,1,15,,77872,12,,,1,15,,77871,12,,,1,55,,77877,12,,,1,16,,77878,12,,,1,15,,77879,12,,,1,15,,77888,12,,,1,55,,77881,12,,,1,15,,77889,12,,,1,15,,77890,12,,,1,15,,77891,12,,,1,55,,77892,12,,,1,15,,77893,12,,,1,15,,77894,12,,,1,15,,77895,12,,,1,55,,77896,12,,,1,15,,77897,12,,,1,15,,77898,12,,,1,15,,77899,12,,,1,55,,77900,12,,,1,15,,77901,12,,,1,15,,77902,12,,,1,15,,77903,12,,,1,55,,77904,12,,,1,15,,77910,12,,,1,15,,77905,12,,,1,15,,77906,12,,,1,55,,77907,12,,,1,14,,77908,12,,,1,16,,77909,12,,,1,14,,77913,12,,,1,55,,77911,12,,,1,15,,77912,12,,,1,15,,77917,12,,,1,15,,77916,12,,,1,56,,77915,12,,,1,14,,77914,12,,,1,16,,77921,12,,,1,14,,77918,12,,,1,55,,77919,12,,,1,15,,77920,12,,,1,15,,77928,12,,,1,16,,77923,12,,,1,55,,77922,12,,,1,13,,77924,12,,,1,16,,77925,12,,,1,13,,77926,12,,,1,56,,77927,12,,,1,12,,77929,12,,,1
40000,'Dimanche-1',614,,86160,12,,,1,20,,86161,12,,,1,15,,86169,12,,,1,55,,86181,12,,,1,15,,86183,12,,,1,15,,86164,12,,,1,15,,86171,12,,,1,55,,86170,12,,,1,15,,86162,12,,,1,15,,86163,12,,,1,15,,86172,12,,,1,55,,86180,12,,,1,15,,86182,12,,,1,15,,86165,12,,,1,15,,86175,12,,,1,55,,86174,12,,,1,15,,86189,12,,,1,15,,86190,12,,,1,15,,86186,12,,,1,55,,86201,12,,,1,15,,86194,12,,,1,15,,86185,12,,,1,15,,86200,12,,,1,55,,86173,12,,,1,15,,86188,12,,,1,15,,86191,12,,,1,15,,86179,12,,,1,55,,86202,12,,,1,16,,86195,12,,,1,15,,86176,12,,,1,15,,86184,12,,,1,55,,86177,12,,,1,15,,86187,12,,,1,15,,86196,12,,,1,15,,86178,12,,,1,55,,86166,12,,,1,15,,86192,12,,,1,15,,86167,12,,,1,15,,86199,12,,,1,55,,86168,12,,,1,15,,86208,12,,,1,15,,86197,12,,,1,15,,86212,12,,,1,55,,86206,12,,,1,15,,86193,12,,,1,15,,86210,12,,,1,15,,86198,12,,,1,55,,86214,12,,,1,15,,86207,12,,,1,15,,86215,12,,,1,15,,86211,12,,,1,55,,86216,12,,,1,14,,86203,12,,,1,16,,86209,12,,,1,14,,86204,12,,,1,55,,86213,12,,,1,15,,86205,12,,,1,15,,86217,12,,,1,15,,86218,12,,,1,56,,86220,12,,,1,14,,86219,12,,,1,16,,86222,12,,,1,14,,86221,12,,,1,55,,86223,12,,,1,15,,86224,12,,,1,15,,86229,12,,,1,16,,86225,12,,,1,55,,86227,12,,,1,13,,86226,12,,,1,16,,86228,12,,,1,13,,86231,12,,,1,56,,86230,12,,,1,12,,86232,12,,,1
40000,'Semaine-1',548,,86233,12,,,1,55,,86239,12,,,1,15,,86262,12,,,1,14,,86277,12,,,1,16,,86267,12,,,1,58,,86325,12,,,1,9,,86297,12,,,1,10,,86249,12,,,1,10,,86296,12,,,1,18,,86291,12,,,1,53,,86292,12,,,1,10,,86247,12,,,1,12,,86269,12,,,1,12,,86271,12,,,1,12,,86318,12,,,1,51,,86288,12,,,1,11,,86242,12,,,1,13,,86251,12,,,1,9,,86237,12,,,1,9,,86240,12,,,1,10,,86293,12,,,1,50,,86259,12,,,1,10,,86272,12,,,1,10,,86265,12,,,1,10,,86266,12,,,1,10,,86298,12,,,1,10,,86278,12,,,1,50,,86289,12,,,1,11,,86243,12,,,1,9,,86252,12,,,1,10,,86241,12,,,1,11,,86319,12,,,1,9,,86294,12,,,1,50,,86260,12,,,1,10,,86273,12,,,1,11,,86264,12,,,1,10,,86256,12,,,1,9,,86285,12,,,1,11,,86268,12,,,1,44,,86279,12,,,1,5,,86290,12,,,1,11,,86244,12,,,1,10,,86254,12,,,1,10,,86246,12,,,1,10,,86236,12,,,1,10,,86295,12,,,1,50,,86276,12,,,1,10,,86274,12,,,1,7,,86286,12,,,1,6,,86263,12,,,1,6,,86255,12,,,1,6,,86303,12,,,1,6,,86304,12,,,1,4,,86305,12,,,1,7,,86306,12,,,1,42,,86307,12,,,1,10,,86317,12,,,1,5,,86323,12,,,1,2,,86308,12,,,1,235,,86309,12,,,1,5,,86310,12,,,1,45,,86311,12,,,1,5,,86312,12,,,1,5,,86324,12,,,1,5,,86313,12,,,1,7,,86314,12,,,1,8,,86315,12,,,1,12,,86316,12,,,1,12,,86280,12,,,1,52,,86281,12,,,1,11,,86275,12,,,1,12,,86301,12,,,1,12,,86284,12,,,1,12,,86270,12,,,1,52,,86248,12,,,1,12,,86320,12,,,1,12,,86253,12,,,1,13,,86321,12,,,1,11,,86261,12,,,1,52,,86282,12,,,1,12,,86322,12,,,1,14,,86258,12,,,1,14,,86302,12,,,1,55,,86300,12,,,1,15,,86245,12,,,1,15,,86234,12,,,1,15,,86250,12,,,1,54,,86283,12,,,1,15,,86257,12,,,1,15,,86287,12,,,1,15,,86299,12,,,1,55,,86238,12,,,1,15,,86235,12,,,1
40000,'Semaine-12',548,,86326,12,,,1,55,,86332,12,,,1,15,,86355,12,,,1,14,,86370,12,,,1,16,,86360,12,,,1,58,,86418,12,,,1,9,,86390,12,,,1,10,,86342,12,,,1,10,,86389,12,,,1,18,,86384,12,,,1,53,,86385,12,,,1,10,,86340,12,,,1,12,,86362,12,,,1,12,,86364,12,,,1,12,,86411,12,,,1,51,,86381,12,,,1,11,,86335,12,,,1,13,,86344,12,,,1,9,,86330,12,,,1,9,,86333,12,,,1,10,,86386,12,,,1,50,,86352,12,,,1,10,,86365,12,,,1,10,,86358,12,,,1,10,,86359,12,,,1,10,,86391,12,,,1,10,,86371,12,,,1,50,,86382,12,,,1,11,,86336,12,,,1,9,,86345,12,,,1,10,,86334,12,,,1,11,,86412,12,,,1,9,,86387,12,,,1,50,,86353,12,,,1,10,,86366,12,,,1,11,,86357,12,,,1,10,,86349,12,,,1,9,,86378,12,,,1,11,,86361,12,,,1,44,,86372,12,,,1,5,,86383,12,,,1,11,,86337,12,,,1,10,,86347,12,,,1,10,,86339,12,,,1,10,,86329,12,,,1,10,,86388,12,,,1,50,,86369,12,,,1,10,,86367,12,,,1,7,,86379,12,,,1,6,,86356,12,,,1,6,,86348,12,,,1,6,,86396,12,,,1,6,,86397,12,,,1,4,,86398,12,,,1,7,,86399,12,,,1,42,,86400,12,,,1,10,,86410,12,,,1,5,,86416,12,,,1,2,,86401,12,,,1,235,,86402,12,,,1,5,,86403,12,,,1,45,,86404,12,,,1,5,,86405,12,,,1,5,,86417,12,,,1,5,,86406,12,,,1,7,,86407,12,,,1,8,,86408,12,,,1,12,,86409,12,,,1,12,,86373,12,,,1,52,,86374,12,,,1,11,,86368,12,,,1,12,,86394,12,,,1,12,,86377,12,,,1,12,,86363,12,,,1,52,,86341,12,,,1,12,,86413,12,,,1,12,,86346,12,,,1,13,,86414,12,,,1,11,,86354,12,,,1,52,,86375,12,,,1,12,,86415,12,,,1,14,,86351,12,,,1,14,,86395,12,,,1,55,,86393,12,,,1,15,,86338,12,,,1,15,,86327,12,,,1,15,,86343,12,,,1,54,,86376,12,,,1,15,,86350,12,,,1,15,,86380,12,,,1,15,,86392,12,,,1,55,,86331,12,,,1,15,,86328,12,,,1
80000,'Samedi-1',740,,86901,45,,,1,104,,86902,45,,,1,98,,86903,45,,,1,102,,86905,45,,,1,100,,86906,45,,,1,100,,86904,45,,,1,100,,86907,45,,,1,100,,86908,45,,,1,100,,86909,45,,,1,100,,86910,45,,,1,97,,86911,45,,,2,100,,86912,45,,,1,100,,86915,45,,,1,99,,86913,45,,,1,100,,86914,45,,,1,98,,86916,45,,,1,100,,86917,45,,,1
80000,'Samedi-10',740,,79460,45,,,1,104,,79461,45,,,1,98,,79462,45,,,1,102,,79464,45,,,1,100,,79465,45,,,1,100,,79463,45,,,1,100,,79466,45,,,1,100,,79467,45,,,1,100,,79468,45,,,1,100,,79469,45,,,1,97,,79470,45,,,2,100,,79471,45,,,1,100,,79474,45,,,1,99,,79472,45,,,1,100,,79473,45,,,1,98,,79475,45,,,1,100,,79476,45,,,1
80000,'Dimanche-1',740,,86920,45,,,1,104,,86919,45,,,1,98,,86925,45,,,1,102,,86918,45,,,1,100,,86922,45,,,1,100,,86921,45,,,1,100,,86923,45,,,1,100,,86924,45,,,1,100,,86928,45,,,1,100,,86926,45,,,1,97,,86927,45,,,2,100,,86931,45,,,1,100,,86930,45,,,1,99,,86929,45,,,1,100,,86932,45,,,1,98,,86933,45,,,1,100,,86934,45,,,1
80000,'Semaine-1',617,,86967,44,,,1,32,,86953,44,,,1,71,,86943,44,,,1,15,,86942,44,,,1,17,,86963,44,,,1,70,,86954,44,,,1,18,,86940,44,,,1,68,,86959,44,,,1,29,,86944,45,,,1,70,,86961,45,,,1,31,,86956,45,,,1,69,,86970,45,,,1,30,,86937,45,,,1,70,,86958,45,,,1,30,,86948,45,,,1,70,,86964,45,,,1,30,,86957,45,,,1,70,,86968,45,,,1,32,,86947,45,,,1,68,,86962,45,,,1,35,,86960,45,,,1,72,,86949,45,,,1,31,,86965,45,,,1,67,,86938,45,,,1,30,,86955,45,,,1,70,,86952,45,,,1,28,,86966,45,,,1,67,,86951,45,,,1,31,,86945,45,,,1,69,,86939,45,,,1,30,,86969,45,,,1,69,,86950,45,,,1,26,,86946,45,,,1,70,,86936,45,,,1,29,,86941,45,,,1,70,,86935,45,,,1
80000,'Semaine-12',617,,87003,44,,,1,32,,86989,44,,,1,71,,86979,44,,,1,15,,86978,44,,,1,17,,86999,44,,,1,70,,86990,44,,,1,18,,86976,44,,,1,68,,86995,44,,,1,29,,86980,45,,,1,70,,86997,45,,,1,31,,86992,45,,,1,69,,87006,45,,,1,30,,86973,45,,,1,70,,86994,45,,,1,30,,86984,45,,,1,70,,87000,45,,,1,30,,86993,45,,,1,70,,87004,45,,,1,32,,86983,45,,,1,68,,86998,45,,,1,35,,86996,45,,,1,72,,86985,45,,,1,31,,87001,45,,,1,67,,86974,45,,,1,30,,86991,45,,,1,70,,86988,45,,,1,28,,87002,45,,,1,67,,86987,45,,,1,31,,86981,45,,,1,69,,86975,45,,,1,30,,87005,45,,,1,69,,86986,45,,,1,26,,86982,45,,,1,70,,86972,45,,,1,29,,86977,45,,,1,70,,86971,45,,,1
