4000,'Semaine-1',1532,,81911,25,,,1,70,,81907,25,,,2,35,,81910,25,,,1,67,,81909,25,,,1,28,,81908,25,,,1,69,,81912,25,,,1
4000,'Semaine-12',1532,,81917,25,,,1,70,,81913,25,,,2,35,,81916,25,,,1,67,,81915,25,,,1,28,,81914,25,,,1,69,,81918,25,,,1
4100,'Semaine-1',1543,,81932,25,,,1,71,,81934,25,,,1,35,,81933,25,,,2,64,,81931,25,,,1,29,,81935,25,,,1
4100,'Semaine-12',1543,,81937,25,,,1,71,,81939,25,,,1,35,,81938,25,,,2,64,,81936,25,,,1,29,,81940,25,,,1
4500,'Semaine-1',1518,,81964,25,,,1,35,,81959,25,,,1,70,,81960,25,,,1,32,,81962,25,,,1,67,,81963,25,,,1,26,,81961,25,,,2
4500,'Semaine-12',1518,,81970,25,,,1,35,,81965,25,,,1,70,,81966,25,,,1,32,,81968,25,,,1,67,,81969,25,,,1,26,,81967,25,,,2
4700,'Semaine-1',1540,,81983,25,,,1,102,,81984,25,,,1,96,,81985,25,,,2
4700,'Semaine-12',1540,,81986,25,,,1,102,,81987,25,,,1,96,,81988,25,,,2
5200,'Samedi-1',634,,82231,11,,,1,100,,82232,11,,,1,100,,82233,11,,,1,101,,82234,11,,,1,100,,82235,11,,,1,101,,82236,11,,,1,101,,82237,11,,,1,100,,82238,11,,,1,99,,82239,11,,,1,100,,82240,11,,,1,100,,82241,11,,,1,100,,82242,11,,,1,99,,82243,11,,,1,100,,82246,11,,,1,100,,82244,11,,,1,100,,82245,11,,,1,98,,82247,11,,,1,100,,82248,11,,,1
5200,'Samedi-10',634,,70287,11,,,1,100,,70288,11,,,1,100,,70289,11,,,1,101,,70290,11,,,1,100,,70291,11,,,1,101,,70292,11,,,1,101,,70293,11,,,1,100,,70294,11,,,1,99,,70295,11,,,1,100,,70296,11,,,1,100,,70297,11,,,1,100,,70298,11,,,1,99,,70299,11,,,1,100,,70302,11,,,1,100,,70300,11,,,1,100,,70301,11,,,1,98,,70303,11,,,1,100,,70304,11,,,1
5200,'Dimanche-1',634,,82250,11,,,1,100,,82249,11,,,1,100,,82251,11,,,1,101,,82254,11,,,1,100,,82252,11,,,1,101,,82253,11,,,1,101,,82257,11,,,1,100,,82256,11,,,1,99,,82258,11,,,1,100,,82255,11,,,1,100,,82259,11,,,1,100,,82261,11,,,1,99,,82262,11,,,1,100,,82260,11,,,1,100,,82263,11,,,1,100,,82264,11,,,1,98,,82265,11,,,1,100,,82266,11,,,1
5200,'Semaine-1',605,,82270,11,,,1,97,,82272,11,,,1,107,,82267,11,,,1,98,,82283,11,,,1,98,,82281,11,,,1,101,,82268,11,,,1,100,,82275,11,,,1,100,,82274,11,,,1,100,,82271,11,,,1,100,,82269,11,,,1,107,,82273,11,,,1,100,,82284,11,,,1,109,,82282,11,,,1,99,,82276,11,,,1,84,,82280,11,,,1,100,,82279,11,,,1,100,,82277,11,,,1,100,,82278,11,,,1
5200,'Semaine-12',605,,82288,11,,,1,97,,82290,11,,,1,107,,82285,11,,,1,98,,82301,11,,,1,98,,82299,11,,,1,101,,82286,11,,,1,100,,82293,11,,,1,100,,82292,11,,,1,100,,82289,11,,,1,100,,82287,11,,,1,107,,82291,11,,,1,100,,82302,11,,,1,109,,82300,11,,,1,99,,82294,11,,,1,84,,82298,11,,,1,100,,82297,11,,,1,100,,82295,11,,,1,100,,82296,11,,,1
5500,'Samedi-1',711,,82390,26,,,1,30,,82387,26,,,1,70,,82388,26,,,1,30,,82391,26,,,1,70,,82389,26,,,1,30,,82396,26,,,1,72,,82393,26,,,1,30,,82394,26,,,1,70,,82399,26,,,1,30,,82398,26,,,1,70,,82392,26,,,1,30,,82395,26,,,1,70,,82397,26,,,1,30,,82400,26,,,1,70,,82401,26,,,1,30,,82402,26,,,1,70,,82403,26,,,1,30,,82404,26,,,1,70,,82405,26,,,1,31,,82406,26,,,1,70,,82407,26,,,1,30,,82408,26,,,1,70,,82409,26,,,1,30,,82410,26,,,1,68,,82412,26,,,1,30,,82411,26,,,1,70,,82413,26,,,1,30,,82415,26,,,1,70,,82414,26,,,1,30,,82416,26,,,1,70,,82417,26,,,1,30,,82420,26,,,1,70,,82422,26,,,1,30,,82419,26,,,1,70,,82418,26,,,1,28,,82421,26,,,1
5500,'Samedi-10',711,,70650,26,,,1,30,,70647,26,,,1,70,,70648,26,,,1,30,,70651,26,,,1,70,,70649,26,,,1,30,,70656,26,,,1,72,,70653,26,,,1,30,,70654,26,,,1,70,,70659,26,,,1,30,,70658,26,,,1,70,,70652,26,,,1,30,,70655,26,,,1,70,,70657,26,,,1,30,,70660,26,,,1,70,,70661,26,,,1,30,,70662,26,,,1,70,,70663,26,,,1,30,,70664,26,,,1,70,,70665,26,,,1,31,,70666,26,,,1,70,,70667,26,,,1,30,,70668,26,,,1,70,,70669,26,,,1,30,,70670,26,,,1,68,,70672,26,,,1,30,,70671,26,,,1,70,,70673,26,,,1,30,,70675,26,,,1,70,,70674,26,,,1,30,,70676,26,,,1,70,,70677,26,,,1,30,,70680,26,,,1,70,,70682,26,,,1,30,,70679,26,,,1,70,,70678,26,,,1,28,,70681,26,,,1
5500,'Dimanche-1',711,,82427,26,,,1,30,,82432,26,,,1,70,,82424,26,,,1,30,,82429,26,,,1,70,,82426,26,,,1,30,,82423,26,,,1,72,,82434,26,,,1,30,,82428,26,,,1,70,,82425,26,,,1,30,,82437,26,,,1,70,,82433,26,,,1,30,,82438,26,,,1,70,,82431,26,,,1,30,,82430,26,,,1,70,,82436,26,,,1,30,,82441,26,,,1,70,,82435,26,,,1,30,,82440,26,,,1,70,,82443,26,,,1,31,,82447,26,,,1,70,,82442,26,,,1,30,,82448,26,,,1,70,,82439,26,,,1,30,,82445,26,,,1,68,,82446,26,,,1,30,,82449,26,,,1,70,,82444,26,,,1,30,,82450,26,,,1,70,,82452,26,,,1,30,,82451,26,,,1,70,,82453,26,,,1,30,,82455,26,,,1,70,,82456,26,,,1,30,,82454,26,,,1,70,,82457,26,,,1,28,,82458,26,,,1
5500,'Semaine-1',645,,82461,26,,,1,102,,82477,26,,,1,69,,82460,26,,,1,98,,82496,26,,,1,28,,82497,26,,,1,69,,82466,26,,,1,30,,82476,26,,,1,69,,82480,26,,,1,32,,82502,26,,,1,70,,82462,26,,,1,30,,82501,26,,,1,69,,82479,26,,,1,30,,82494,26,,,1,70,,82488,26,,,1,25,,82495,26,,,1,16,,82481,26,,,1,54,,82459,26,,,1,17,,82500,26,,,1,17,,82470,26,,,1,15,,82503,26,,,1,53,,82491,26,,,1,10,,82463,26,,,1,13,,82474,26,,,1,18,,82506,26,,,1,9,,82499,26,,,1,51,,82465,26,,,1,11,,82482,26,,,1,10,,82475,26,,,1,11,,82504,26,,,1,12,,82489,26,,,1,48,,82469,26,,,1,12,,82464,26,,,1,10,,82505,26,,,1,11,,82473,26,,,1,11,,82468,26,,,1,10,,82478,26,,,1,70,,82493,26,,,1,29,,82498,26,,,1,70,,82485,26,,,1,30,,82471,26,,,1,70,,82492,26,,,1,28,,82483,26,,,1,70,,82486,26,,,1,29,,82472,26,,,1,70,,82487,26,,,1,30,,82484,26,,,1,69,,82467,26,,,1,30,,82490,26,,,1
5500,'Semaine-12',645,,82509,26,,,1,102,,82525,26,,,1,69,,82508,26,,,1,98,,82544,26,,,1,28,,82545,26,,,1,69,,82514,26,,,1,30,,82524,26,,,1,69,,82528,26,,,1,32,,82550,26,,,1,70,,82510,26,,,1,30,,82549,26,,,1,69,,82527,26,,,1,30,,82542,26,,,1,70,,82536,26,,,1,25,,82543,26,,,1,16,,82529,26,,,1,54,,82507,26,,,1,17,,82548,26,,,1,17,,82518,26,,,1,15,,82551,26,,,1,53,,82539,26,,,1,10,,82511,26,,,1,13,,82522,26,,,1,18,,82554,26,,,1,9,,82547,26,,,1,51,,82513,26,,,1,11,,82530,26,,,1,10,,82523,26,,,1,11,,82552,26,,,1,12,,82537,26,,,1,48,,82517,26,,,1,12,,82512,26,,,1,10,,82553,26,,,1,11,,82521,26,,,1,11,,82516,26,,,1,10,,82526,26,,,1,70,,82541,26,,,1,29,,82546,26,,,1,70,,82533,26,,,1,30,,82519,26,,,1,70,,82540,26,,,1,28,,82531,26,,,1,70,,82534,26,,,1,29,,82520,26,,,1,70,,82535,26,,,1,30,,82532,26,,,1,69,,82515,26,,,1,30,,82538,26,,,1
5601,'Semaine-1',1236,,82735,28,,,1,102,,82732,28,,,1,100,,82731,28,,,1,101,,82734,28,,,2,104,,82733,28,,,1,99,,82736,28,,,1,95,,82737,28,,,1
5601,'Semaine-12',1236,,82742,28,,,1,102,,82739,28,,,1,100,,82738,28,,,1,101,,82741,28,,,2,104,,82740,28,,,1,99,,82743,28,,,1,95,,82744,28,,,1
5800,'Semaine-1',828,,82749,13,,,1,399,,82750,13,,,1,300,,82752,13,,,1,31,,82747,13,,,1,71,,82748,13,,,1,29,,82751,13,,,1,69,,82746,13,,,2,29,,82745,13,,,1
5800,'Semaine-12',828,,82757,13,,,1,399,,82758,13,,,1,300,,82760,13,,,1,31,,82755,13,,,1,71,,82756,13,,,1,29,,82759,13,,,1,69,,82754,13,,,2,29,,82753,13,,,1
5900,'Samedi-1',727,,82779,26,,,1,30,,82782,26,,,1,70,,82775,26,,,1,30,,82781,26,,,1,70,,82778,26,,,1,30,,82783,26,,,1,70,,82787,26,,,1,30,,82788,26,,,1,70,,82777,26,,,1,30,,82776,26,,,1,71,,82786,26,,,1,30,,82780,26,,,1,70,,82784,26,,,1,31,,82789,26,,,1,70,,82785,26,,,1,30,,82790,26,,,1,70,,82791,26,,,1,29,,82792,26,,,1,70,,82793,26,,,1,73,,82794,26,,,1,28,,82795,26,,,1,30,,82796,26,,,1,69,,82797,26,,,1,30,,82798,26,,,1,70,,82799,26,,,1,29,,82801,26,,,1,70,,82800,26,,,1,30,,82803,26,,,1,70,,82802,26,,,1,29,,82804,26,,,1,71,,82805,26,,,1,30,,82807,26,,,1,70,,82806,26,,,1,30,,82808,26,,,1
5900,'Samedi-10',727,,71438,26,,,1,30,,71441,26,,,1,70,,71434,26,,,1,30,,71440,26,,,1,70,,71437,26,,,1,30,,71442,26,,,1,70,,71446,26,,,1,30,,71447,26,,,1,70,,71436,26,,,1,30,,71435,26,,,1,71,,71445,26,,,1,30,,71439,26,,,1,70,,71443,26,,,1,31,,71448,26,,,1,70,,71444,26,,,1,30,,71449,26,,,1,70,,71450,26,,,1,29,,71451,26,,,1,70,,71452,26,,,1,73,,71453,26,,,1,28,,71454,26,,,1,30,,71455,26,,,1,69,,71456,26,,,1,30,,71457,26,,,1,70,,71458,26,,,1,29,,71460,26,,,1,70,,71459,26,,,1,30,,71462,26,,,1,70,,71461,26,,,1,29,,71463,26,,,1,71,,71464,26,,,1,30,,71466,26,,,1,70,,71465,26,,,1,30,,71467,26,,,1
5900,'Dimanche-1',727,,82814,26,,,1,30,,82813,26,,,1,70,,82809,26,,,1,30,,82818,26,,,1,70,,82824,26,,,1,30,,82815,26,,,1,70,,82822,26,,,1,30,,82817,26,,,1,70,,82823,26,,,1,30,,82810,26,,,1,71,,82821,26,,,1,30,,82811,26,,,1,70,,82819,26,,,1,31,,82825,26,,,1,70,,82812,26,,,1,30,,82816,26,,,1,70,,82820,26,,,1,29,,82829,26,,,1,70,,82830,26,,,1,73,,82827,26,,,1,28,,82832,26,,,1,30,,82828,26,,,1,69,,82834,26,,,1,30,,82826,26,,,1,70,,82831,26,,,1,29,,82835,26,,,1,70,,82833,26,,,1,30,,82836,26,,,1,70,,82837,26,,,1,29,,82838,26,,,1,71,,82839,26,,,1,30,,82841,26,,,1,70,,82840,26,,,1,30,,82842,26,,,1
5900,'Semaine-1',613,,82850,26,,,1,98,,82885,26,,,1,47,,82890,26,,,1,88,,82866,26,,,1,82,,82862,26,,,1,28,,82883,26,,,1,70,,82859,26,,,1,30,,82882,26,,,1,70,,82873,26,,,1,30,,82867,26,,,1,72,,82875,26,,,1,30,,82858,26,,,1,70,,82886,26,,,1,30,,82849,26,,,1,71,,82880,26,,,1,14,,82851,26,,,1,58,,82884,26,,,1,31,,82844,26,,,1,14,,82888,26,,,1,55,,82843,26,,,1,8,,82878,26,,,1,17,,82874,26,,,1,7,,82887,21,,,1,6,,82861,26,,,1,13,,82845,26,,,1,6,,82889,21,,,1,46,,82846,26,,,1,12,,82854,26,,,1,9,,82881,26,,,1,12,,82870,26,,,1,11,,82857,26,,,1,9,,82879,26,,,1,52,,82865,26,,,1,12,,82877,26,,,1,9,,82847,26,,,1,10,,82852,26,,,1,71,,82872,26,,,1,29,,82863,26,,,1,70,,82868,26,,,1,29,,82856,26,,,1,70,,82864,26,,,1,30,,82869,26,,,1,70,,82876,26,,,1,30,,82853,26,,,1,70,,82871,26,,,1,29,,82860,26,,,1,70,,82848,26,,,1,28,,82855,26,,,1
5900,'Semaine-12',613,,82898,26,,,1,98,,82933,26,,,1,47,,82938,26,,,1,88,,82914,26,,,1,82,,82910,26,,,1,28,,82931,26,,,1,70,,82907,26,,,1,30,,82930,26,,,1,70,,82921,26,,,1,30,,82915,26,,,1,72,,82923,26,,,1,30,,82906,26,,,1,70,,82934,26,,,1,30,,82897,26,,,1,71,,82928,26,,,1,14,,82899,26,,,1,58,,82932,26,,,1,31,,82892,26,,,1,14,,82936,26,,,1,55,,82891,26,,,1,8,,82926,26,,,1,17,,82922,26,,,1,7,,82935,21,,,1,6,,82909,26,,,1,13,,82893,26,,,1,6,,82937,21,,,1,46,,82894,26,,,1,12,,82902,26,,,1,9,,82929,26,,,1,12,,82918,26,,,1,11,,82905,26,,,1,9,,82927,26,,,1,52,,82913,26,,,1,12,,82925,26,,,1,9,,82895,26,,,1,10,,82900,26,,,1,71,,82920,26,,,1,29,,82911,26,,,1,70,,82916,26,,,1,29,,82904,26,,,1,70,,82912,26,,,1,30,,82917,26,,,1,70,,82924,26,,,1,30,,82901,26,,,1,70,,82919,26,,,1,29,,82908,26,,,1,70,,82896,26,,,1,28,,82903,26,,,1
64500,'Semaine-1',702,,86851,2,0,9 10,1
64500,'Semaine-12',702,,86852,2,0,9 10,1
64700,'Semaine-1',710,,86855,2,0,9 10,1
64700,'Semaine-12',710,,86856,2,0,9 10,1
65500,'Semaine-1',727,,86863,19,0,9 10,1
65500,'Semaine-12',727,,86864,19,0,9 10,1
74000,'Semaine-1',1637,,86880,22,0,5 11,1
74000,'Semaine-12',1637,,86882,22,0,5 11,1
80001,'Samedi-1',635,,87007,28,,,1,101,,87009,28,,,1,101,,87010,28,,,1,100,,87013,28,,,1,101,,87008,28,,,1,100,,87011,28,,,1,101,,87014,28,,,1,100,,87012,28,,,1,100,,87015,28,,,1,100,,87016,28,,,1,100,,87017,28,,,2,102,,87018,28,,,1,97,,87021,28,,,1,99,,87019,28,,,1,100,,87020,28,,,1,100,,87022,28,,,1,99,,87023,28,,,1
80001,'Samedi-10',635,,79670,28,,,1,101,,79672,28,,,1,101,,79673,28,,,1,100,,79676,28,,,1,101,,79671,28,,,1,100,,79674,28,,,1,101,,79677,28,,,1,100,,79675,28,,,1,100,,79678,28,,,1,100,,79679,28,,,1,100,,79680,28,,,2,102,,79681,28,,,1,97,,79684,28,,,1,99,,79682,28,,,1,100,,79683,28,,,1,100,,79685,28,,,1,99,,79686,28,,,1
80001,'Dimanche-1',635,,87024,28,,,1,101,,87026,28,,,1,101,,87028,28,,,1,100,,87025,28,,,1,101,,87027,28,,,1,100,,87029,28,,,1,101,,87030,28,,,1,100,,87031,28,,,1,100,,87034,28,,,1,100,,87032,28,,,1,100,,87033,28,,,2,102,,87036,28,,,1,97,,87037,28,,,1,99,,87035,28,,,1,100,,87038,28,,,1,100,,87039,28,,,1,99,,87040,28,,,1
80001,'Semaine-1',628,,87062,28,,,1,28,,87055,28,,,1,73,,87063,28,,,1,30,,87047,28,,,1,73,,87045,28,,,1,68,,87052,28,,,1,26,,87058,28,,,1,30,,87070,28,,,1,70,,87061,28,,,2,30,,87053,28,,,1,70,,87067,28,,,1,30,,87041,28,,,1,71,,87075,28,,,1,29,,87073,28,,,1,74,,87043,28,,,1,70,,87066,28,,,1,30,,87057,28,,,1,70,,87064,28,,,1,33,,87074,28,,,1,69,,87059,28,,,1,17,,87069,28,,,1,22,,87071,28,,,1,64,,87068,28,,,1,27,,87060,28,,,1,70,,87050,28,,,1,28,,87048,28,,,1,27,,87042,28,,,1,69,,87072,28,,,1,32,,87054,28,,,1,67,,87051,28,,,1,30,,87056,28,,,1,69,,87044,28,,,1,30,,87065,28,,,1,74,,87046,28,,,1,30,,87049,28,,,1
80001,'Semaine-12',628,,87097,28,,,1,28,,87090,28,,,1,73,,87098,28,,,1,30,,87082,28,,,1,73,,87080,28,,,1,68,,87087,28,,,1,26,,87093,28,,,1,30,,87105,28,,,1,70,,87096,28,,,2,30,,87088,28,,,1,70,,87102,28,,,1,30,,87076,28,,,1,71,,87110,28,,,1,29,,87108,28,,,1,74,,87078,28,,,1,70,,87101,28,,,1,30,,87092,28,,,1,70,,87099,28,,,1,33,,87109,28,,,1,69,,87094,28,,,1,17,,87104,28,,,1,22,,87106,28,,,1,64,,87103,28,,,1,27,,87095,28,,,1,70,,87085,28,,,1,28,,87083,28,,,1,27,,87077,28,,,1,69,,87107,28,,,1,32,,87089,28,,,1,67,,87086,28,,,1,30,,87091,28,,,1,69,,87079,28,,,1,30,,87100,28,,,1,74,,87081,28,,,1,30,,87084,28,,,1
