4001,'Semaine-1',624,,81922,40,,,1,30,,81921,40,,,1,72,,81924,40,,,1,33,,81920,40,,,2,67,,81919,40,,,1,27,,81923,40,,,1
4001,'Semaine-12',624,,81928,40,,,1,30,,81927,40,,,1,72,,81930,40,,,1,33,,81926,40,,,2,67,,81925,40,,,1,27,,81929,40,,,1
4101,'Semaine-1',646,,81943,31,,,1,73,,81944,31,,,1,35,,81945,31,,,1,65,,81942,31,,,2,29,,81941,31,,,1
4101,'Semaine-12',646,,81948,31,,,1,73,,81949,31,,,1,35,,81950,31,,,1,65,,81947,31,,,2,29,,81946,31,,,1
4501,'Semaine-1',613,,81972,34,,,1,30,,81971,34,,,1,72,,81975,34,,,2,30,,81974,34,,,1,73,,81973,34,,,1,28,,81976,34,,,1
4501,'Semaine-12',613,,81978,34,,,1,30,,81977,34,,,1,72,,81981,34,,,2,30,,81980,34,,,1,73,,81979,34,,,1,28,,81982,34,,,1
4701,'Semaine-1',625,,81991,27,,,2,86,,81990,27,,,1,89,,81989,27,,,1,27,,81992,27,,,1
4701,'Semaine-12',625,,81995,27,,,2,86,,81994,27,,,1,89,,81993,27,,,1,27,,81996,27,,,1
5501,'Samedi-1',709,,82555,38,,,1,30,,82558,38,,,1,71,,82557,38,,,1,30,,82567,38,,,1,69,,82556,38,,,1,30,,82559,38,,,1,71,,82560,38,,,1,29,,82566,38,,,1,70,,82562,38,,,1,30,,82563,38,,,1,70,,82561,38,,,1,30,,82569,38,,,1,70,,82568,38,,,1,30,,82564,38,,,1,70,,82565,38,,,1,32,,82570,38,,,1,68,,82571,38,,,1,32,,82572,38,,,1,68,,82573,38,,,1,32,,82574,38,,,1,68,,82575,38,,,1,32,,82576,38,,,1,68,,82577,38,,,1,30,,82578,38,,,1,70,,82579,38,,,1,30,,82580,38,,,1,70,,82581,38,,,1,30,,82582,38,,,1,70,,82583,38,,,1,30,,82585,38,,,1,69,,82584,38,,,1,30,,82587,38,,,1,70,,82586,38,,,1
5501,'Samedi-10',709,,71004,38,,,1,30,,71007,38,,,1,71,,71006,38,,,1,30,,71016,38,,,1,69,,71005,38,,,1,30,,71008,38,,,1,71,,71009,38,,,1,29,,71015,38,,,1,70,,71011,38,,,1,30,,71012,38,,,1,70,,71010,38,,,1,30,,71018,38,,,1,70,,71017,38,,,1,30,,71013,38,,,1,70,,71014,38,,,1,32,,71019,38,,,1,68,,71020,38,,,1,32,,71021,38,,,1,68,,71022,38,,,1,32,,71023,38,,,1,68,,71024,38,,,1,32,,71025,38,,,1,68,,71026,38,,,1,30,,71027,38,,,1,70,,71028,38,,,1,30,,71029,38,,,1,70,,71030,38,,,1,30,,71031,38,,,1,70,,71032,38,,,1,30,,71034,38,,,1,69,,71033,38,,,1,30,,71036,38,,,1,70,,71035,38,,,1
5501,'Dimanche-1',709,,82589,38,,,1,30,,82593,38,,,1,71,,82591,38,,,1,30,,82596,38,,,1,69,,82598,38,,,1,30,,82592,38,,,1,71,,82588,38,,,1,29,,82602,38,,,1,70,,82597,38,,,1,30,,82604,38,,,1,70,,82595,38,,,1,30,,82594,38,,,1,70,,82600,38,,,1,30,,82590,38,,,1,70,,82599,38,,,1,32,,82603,38,,,1,68,,82608,38,,,1,32,,82601,38,,,1,68,,82607,38,,,1,32,,82610,38,,,1,68,,82605,38,,,1,32,,82606,38,,,1,68,,82612,38,,,1,30,,82614,38,,,1,70,,82611,38,,,1,30,,82609,38,,,1,70,,82613,38,,,1,30,,82615,38,,,1,70,,82616,38,,,1,30,,82617,38,,,1,69,,82618,38,,,1,30,,82619,38,,,1,70,,82620,38,,,1
5501,'Semaine-1',527,,82634,38,,,1,14,,82641,38,,,1,14,,82640,38,,,1,58,,82624,38,,,1,15,,82662,38,,,1,22,,82661,38,,,1,8,,82621,38,,,1,53,,82666,38,,,1,15,,82647,38,,,1,14,,82655,38,,,1,16,,82625,38,,,1,48,,82629,38,,,1,12,,82627,38,,,1,9,,82656,38,,,1,6,,82658,38,,,1,14,,82635,38,,,1,68,,82639,38,,,1,12,,82626,38,,,1,11,,82660,38,,,1,69,,82653,38,,,1,23,,82665,5,,,1,8,,82657,38,,,1,69,,82623,38,,,1,29,,82630,38,,,1,70,,82643,38,,,1,30,,82654,38,,,1,70,,82650,38,,,1,30,,82631,38,,,1,70,,82663,38,,,1,31,,82622,38,,,1,70,,82628,38,,,1,50,,82632,38,,,1,100,,82637,38,,,1,100,,82642,38,,,1,100,,82659,38,,,1,60,,82648,38,,,1,30,,82636,38,,,1,70,,82652,38,,,1,30,,82645,38,,,1,70,,82664,38,,,1,30,,82638,38,,,1,69,,82644,38,,,1,31,,82646,38,,,1,70,,82633,38,,,1,29,,82651,38,,,1,70,,82649,38,,,1
5501,'Semaine-12',527,,82680,38,,,1,14,,82687,38,,,1,14,,82686,38,,,1,58,,82670,38,,,1,15,,82708,38,,,1,22,,82707,38,,,1,8,,82667,38,,,1,53,,82712,38,,,1,15,,82693,38,,,1,14,,82701,38,,,1,16,,82671,38,,,1,48,,82675,38,,,1,12,,82673,38,,,1,9,,82702,38,,,1,6,,82704,38,,,1,14,,82681,38,,,1,68,,82685,38,,,1,12,,82672,38,,,1,11,,82706,38,,,1,69,,82699,38,,,1,23,,82711,5,,,1,8,,82703,38,,,1,69,,82669,38,,,1,29,,82676,38,,,1,70,,82689,38,,,1,30,,82700,38,,,1,70,,82696,38,,,1,30,,82677,38,,,1,70,,82709,38,,,1,31,,82668,38,,,1,70,,82674,38,,,1,50,,82678,38,,,1,100,,82683,38,,,1,100,,82688,38,,,1,100,,82705,38,,,1,60,,82694,38,,,1,30,,82682,38,,,1,70,,82698,38,,,1,30,,82691,38,,,1,70,,82710,38,,,1,30,,82684,38,,,1,69,,82690,38,,,1,31,,82692,38,,,1,70,,82679,38,,,1,29,,82697,38,,,1,70,,82695,38,,,1
5600,'Semaine-1',641,,82719,25,,,1,64,,82717,25,,,1,6,,82721,25,,,1,31,,82720,25,,,1,71,,82714,25,,,1,100,,82713,25,,,1,109,,82715,25,,,1,98,,82718,25,,,2,100,,82716,25,,,1
5600,'Semaine-12',641,,82728,25,,,1,64,,82726,25,,,1,6,,82730,25,,,1,31,,82729,25,,,1,71,,82723,25,,,1,100,,82722,25,,,1,109,,82724,25,,,1,98,,82727,25,,,2,100,,82725,25,,,1
5801,'Semaine-1',605,,82763,26,,,1,32,,82767,26,,,1,71,,82765,26,,,1,30,,82764,26,,,1,70,,82761,26,,,1,30,,82766,26,,,1,801,,82762,26,,,1
5801,'Semaine-12',605,,82770,26,,,1,32,,82774,26,,,1,71,,82772,26,,,1,30,,82771,26,,,1,70,,82768,26,,,1,30,,82773,26,,,1,801,,82769,26,,,1
5901,'Samedi-1',723,,82939,27,,,1,30,,82946,27,,,1,70,,82943,27,,,1,30,,82948,27,,,1,70,,82940,27,,,1,30,,82945,27,,,1,71,,82944,27,,,1,30,,82947,27,,,1,70,,82951,27,,,1,30,,82952,27,,,1,70,,82941,27,,,1,30,,82942,27,,,1,70,,82950,27,,,1,30,,82949,27,,,1,70,,82953,27,,,1,30,,82954,27,,,1,70,,82955,27,,,1,30,,82956,27,,,1,70,,82957,27,,,1,30,,82958,27,,,1,70,,82959,27,,,1,30,,82960,27,,,1,70,,82961,27,,,1,30,,82962,27,,,1,70,,82963,27,,,1,30,,82965,27,,,1,70,,82964,27,,,1,29,,82966,27,,,1,70,,82967,27,,,1,30,,82968,27,,,1,70,,82970,27,,,1,30,,82969,27,,,1
5901,'Samedi-10',723,,71780,27,,,1,30,,71787,27,,,1,70,,71784,27,,,1,30,,71789,27,,,1,70,,71781,27,,,1,30,,71786,27,,,1,71,,71785,27,,,1,30,,71788,27,,,1,70,,71792,27,,,1,30,,71793,27,,,1,70,,71782,27,,,1,30,,71783,27,,,1,70,,71791,27,,,1,30,,71790,27,,,1,70,,71794,27,,,1,30,,71795,27,,,1,70,,71796,27,,,1,30,,71797,27,,,1,70,,71798,27,,,1,30,,71799,27,,,1,70,,71800,27,,,1,30,,71801,27,,,1,70,,71802,27,,,1,30,,71803,27,,,1,70,,71804,27,,,1,30,,71806,27,,,1,70,,71805,27,,,1,29,,71807,27,,,1,70,,71808,27,,,1,30,,71809,27,,,1,70,,71811,27,,,1,30,,71810,27,,,1
5901,'Dimanche-1',723,,82971,27,,,1,30,,82983,27,,,1,70,,82977,27,,,1,30,,82978,27,,,1,70,,82985,27,,,1,30,,82982,27,,,1,71,,82987,27,,,1,30,,82974,27,,,1,70,,82986,27,,,1,30,,82972,27,,,1,70,,82981,27,,,1,30,,82973,27,,,1,70,,82976,27,,,1,30,,82979,27,,,1,70,,82980,27,,,1,30,,82988,27,,,1,70,,82975,27,,,1,30,,82991,27,,,1,70,,82984,27,,,1,30,,82993,27,,,1,70,,82994,27,,,1,30,,82990,27,,,1,70,,82995,27,,,1,30,,82992,27,,,1,70,,82996,27,,,1,30,,82989,27,,,1,70,,82997,27,,,1,29,,82998,27,,,1,70,,82999,27,,,1,30,,83000,27,,,1,70,,83001,27,,,1,30,,83002,27,,,1
5901,'Semaine-1',522,,83007,27,,,1,15,,83043,27,,,1,15,,83016,27,,,1,55,,83037,27,,,1,15,,83017,27,,,1,14,,83006,27,,,1,13,,83008,27,,,1,55,,83011,27,,,1,10,,83046,5,,,1,8,,83014,27,,,1,7,,83047,5,,,1,8,,83015,27,,,1,7,,83048,5,,,1,11,,83010,27,,,1,47,,83004,5,,,1,5,,83039,27,,,1,19,,83025,27,,,1,13,,83030,27,,,1,13,,83020,27,,,1,55,,83005,27,,,1,16,,83023,27,,,1,27,,83049,27,,,1,70,,83044,27,,,1,30,,83031,27,,,1,70,,83013,27,,,1,30,,83024,27,,,1,70,,83027,27,,,1,30,,83012,27,,,1,70,,83041,27,,,1,30,,83003,27,,,1,70,,83045,27,,,1,30,,83035,27,,,1,75,,83038,27,,,1,100,,83042,27,,,1,100,,83022,27,,,1,100,,83029,27,,,1,75,,83034,27,,,1,30,,83021,27,,,1,70,,83028,27,,,1,30,,83033,27,,,1,70,,83040,27,,,1,30,,83018,27,,,1,70,,83036,27,,,1,29,,83026,27,,,1,30,,83009,27,,,1,70,,83019,27,,,1,30,,83032,27,,,1
5901,'Semaine-12',522,,83054,27,,,1,15,,83090,27,,,1,15,,83063,27,,,1,55,,83084,27,,,1,15,,83064,27,,,1,14,,83053,27,,,1,13,,83055,27,,,1,55,,83058,27,,,1,10,,83093,5,,,1,8,,83061,27,,,1,7,,83094,5,,,1,8,,83062,27,,,1,7,,83095,5,,,1,11,,83057,27,,,1,47,,83051,5,,,1,5,,83086,27,,,1,19,,83072,27,,,1,13,,83077,27,,,1,13,,83067,27,,,1,55,,83052,27,,,1,16,,83070,27,,,1,27,,83096,27,,,1,70,,83091,27,,,1,30,,83078,27,,,1,70,,83060,27,,,1,30,,83071,27,,,1,70,,83074,27,,,1,30,,83059,27,,,1,70,,83088,27,,,1,30,,83050,27,,,1,70,,83092,27,,,1,30,,83082,27,,,1,75,,83085,27,,,1,100,,83089,27,,,1,100,,83069,27,,,1,100,,83076,27,,,1,75,,83081,27,,,1,30,,83068,27,,,1,70,,83075,27,,,1,30,,83080,27,,,1,70,,83087,27,,,1,30,,83065,27,,,1,70,,83083,27,,,1,29,,83073,27,,,1,30,,83056,27,,,1,70,,83066,27,,,1,30,,83079,27,,,1
55400,'Semaine-1',704,,86810,15,0,5 6,2
55400,'Semaine-12',704,,86812,15,0,5 6,2
65501,'Semaine-1',1521,,86865,26,0,9 10,1
65501,'Semaine-12',1521,,86866,26,0,9 10,1
74001,'Semaine-1',828,,86883,41,0,5 11,2,2,,86884,41,0,5 11,1
74001,'Semaine-12',828,,86885,41,0,5 11,2,2,,86886,41,0,5 11,1
80000,'Samedi-1',728,,86901,31,,,1,102,,86902,31,,,1,98,,86903,31,,,1,101,,86905,31,,,1,100,,86906,31,,,1,100,,86904,31,,,1,100,,86907,31,,,1,100,,86908,31,,,1,100,,86909,31,,,1,100,,86910,31,,,1,100,,86911,31,,,2,100,,86912,31,,,1,100,,86915,31,,,1,99,,86913,31,,,1,100,,86914,31,,,1,98,,86916,31,,,1,100,,86917,31,,,1
80000,'Samedi-10',728,,79460,31,,,1,102,,79461,31,,,1,98,,79462,31,,,1,101,,79464,31,,,1,100,,79465,31,,,1,100,,79463,31,,,1,100,,79466,31,,,1,100,,79467,31,,,1,100,,79468,31,,,1,100,,79469,31,,,1,100,,79470,31,,,2,100,,79471,31,,,1,100,,79474,31,,,1,99,,79472,31,,,1,100,,79473,31,,,1,98,,79475,31,,,1,100,,79476,31,,,1
80000,'Dimanche-1',728,,86920,31,,,1,102,,86919,31,,,1,98,,86925,31,,,1,101,,86918,31,,,1,100,,86922,31,,,1,100,,86921,31,,,1,100,,86923,31,,,1,100,,86924,31,,,1,100,,86928,31,,,1,100,,86926,31,,,1,100,,86927,31,,,2,100,,86931,31,,,1,100,,86930,31,,,1,99,,86929,31,,,1,100,,86932,31,,,1,98,,86933,31,,,1,100,,86934,31,,,1
80000,'Semaine-1',604,,86967,31,,,1,31,,86953,31,,,1,71,,86943,31,,,1,15,,86942,31,,,1,15,,86963,31,,,1,71,,86954,31,,,1,18,,86940,31,,,1,30,,86959,31,,,1,70,,86944,31,,,1,30,,86961,31,,,1,70,,86956,31,,,1,29,,86970,31,,,1,70,,86937,31,,,1,30,,86958,31,,,1,70,,86948,31,,,1,31,,86964,31,,,1,69,,86957,31,,,1,30,,86968,31,,,1,71,,86947,31,,,1,29,,86962,31,,,1,73,,86960,31,,,1,30,,86949,31,,,1,72,,86965,31,,,1,28,,86938,31,,,1,70,,86955,31,,,1,30,,86952,31,,,1,69,,86966,31,,,1,29,,86951,31,,,1,71,,86945,31,,,1,28,,86939,31,,,1,71,,86969,31,,,1,28,,86950,31,,,1,68,,86946,31,,,1,30,,86936,31,,,1,69,,86941,31,,,1,30,,86935,31,,,1
80000,'Semaine-12',604,,87003,31,,,1,31,,86989,31,,,1,71,,86979,31,,,1,15,,86978,31,,,1,15,,86999,31,,,1,71,,86990,31,,,1,18,,86976,31,,,1,30,,86995,31,,,1,70,,86980,31,,,1,30,,86997,31,,,1,70,,86992,31,,,1,29,,87006,31,,,1,70,,86973,31,,,1,30,,86994,31,,,1,70,,86984,31,,,1,31,,87000,31,,,1,69,,86993,31,,,1,30,,87004,31,,,1,71,,86983,31,,,1,29,,86998,31,,,1,73,,86996,31,,,1,30,,86985,31,,,1,72,,87001,31,,,1,28,,86974,31,,,1,70,,86991,31,,,1,30,,86988,31,,,1,69,,87002,31,,,1,29,,86987,31,,,1,71,,86981,31,,,1,28,,86975,31,,,1,71,,87005,31,,,1,28,,86986,31,,,1,68,,86982,31,,,1,30,,86972,31,,,1,69,,86977,31,,,1,30,,86971,31,,,1
