3101,'Samedi-1',643,,80209,2,,,1,100,,80210,2,,,1,100,,80211,2,,,1,100,,80212,2,,,1,100,,80213,2,,,1,100,,80214,2,,,1,100,,80215,2,,,1,100,,80216,2,,,1,100,,80217,2,,,1,100,,80218,2,,,1,100,,80219,2,,,1,100,,80220,2,,,1,100,,80221,2,,,1,99,,80222,2,,,1,100,,80223,2,,,1,100,,80224,2,,,1,100,,80225,2,,,1,100,,80226,2,,,1
3101,'Samedi-10',643,,66345,2,,,1,100,,66346,2,,,1,100,,66347,2,,,1,100,,66348,2,,,1,100,,66349,2,,,1,100,,66350,2,,,1,100,,66351,2,,,1,100,,66352,2,,,1,100,,66353,2,,,1,100,,66354,2,,,1,100,,66355,2,,,1,100,,66356,2,,,1,100,,66357,2,,,1,99,,66358,2,,,1,100,,66359,2,,,1,100,,66360,2,,,1,100,,66361,2,,,1,100,,66362,2,,,1
3101,'Dimanche-1',643,,80228,2,,,1,100,,80233,2,,,1,100,,80240,2,,,1,100,,80230,2,,,1,100,,80232,2,,,1,100,,80229,2,,,1,100,,80231,2,,,1,100,,80227,2,,,1,100,,80234,2,,,1,100,,80237,2,,,1,100,,80236,2,,,1,100,,80235,2,,,1,100,,80239,2,,,1,99,,80238,2,,,1,100,,80241,2,,,1,100,,80242,2,,,1,100,,80243,2,,,1,100,,80244,2,,,1
3101,'Semaine-1',522,,80248,2,,,1,36,,80282,2,,,1,73,,80262,2,,,1,70,,80249,2,,,1,16,,80285,2,,,1,17,,80245,2,,,1,15,,80287,2,,,1,52,,80259,2,,,1,15,,80260,2,,,1,15,,80279,2,,,1,15,,80250,2,,,1,60,,80252,2,,,1,20,,80277,2,,,1,20,,80269,2,,,1,60,,80278,2,,,1,20,,80251,2,,,1,20,,80253,2,,,1,60,,80273,2,,,1,20,,80283,2,,,1,20,,80272,2,,,1,60,,80254,2,,,1,20,,80246,2,,,1,20,,80276,2,,,1,60,,80286,2,,,1,20,,80271,2,,,1,20,,80255,2,,,1,57,,80274,2,,,1,23,,80275,2,,,1,20,,80284,2,,,1,60,,80270,2,,,1,19,,80256,2,,,1,21,,80267,2,,,1,60,,80268,2,,,1,20,,80257,2,,,1,20,,80263,2,,,1,60,,80247,2,,,1,20,,80280,2,,,1,20,,80288,2,,,1,65,,80258,2,,,1,100,,80281,2,,,1,100,,80264,2,,,1,100,,80261,2,,,1,99,,80265,2,,,1,100,,80266,2,,,1
3101,'Semaine-12',522,,80292,2,,,1,36,,80326,2,,,1,73,,80306,2,,,1,70,,80293,2,,,1,16,,80329,2,,,1,17,,80289,2,,,1,15,,80331,2,,,1,52,,80303,2,,,1,15,,80304,2,,,1,15,,80323,2,,,1,15,,80294,2,,,1,60,,80296,2,,,1,20,,80321,2,,,1,20,,80313,2,,,1,60,,80322,2,,,1,20,,80295,2,,,1,20,,80297,2,,,1,60,,80317,2,,,1,20,,80327,2,,,1,20,,80316,2,,,1,60,,80298,2,,,1,20,,80290,2,,,1,20,,80320,2,,,1,60,,80330,2,,,1,20,,80315,2,,,1,20,,80299,2,,,1,57,,80318,2,,,1,23,,80319,2,,,1,20,,80328,2,,,1,60,,80314,2,,,1,19,,80300,2,,,1,21,,80311,2,,,1,60,,80312,2,,,1,20,,80301,2,,,1,20,,80307,2,,,1,60,,80291,2,,,1,20,,80324,2,,,1,20,,80332,2,,,1,65,,80302,2,,,1,100,,80325,2,,,1,100,,80308,2,,,1,100,,80305,2,,,1,99,,80309,2,,,1,100,,80310,2,,,1
3300,'Samedi-1',804,,80535,31,,,1,101,,80536,31,,,1,101,,80537,31,,,1,100,,80538,31,,,1,102,,80539,31,,,1,100,,80540,31,,,1,100,,80541,31,,,1,100,,80542,31,,,1,100,,80543,31,,,1,100,,80544,31,,,1,100,,80545,31,,,1,98,,80546,31,,,1,99,,80547,31,,,1,100,,80548,31,,,1,100,,80549,31,,,1,100,,80550,31,,,1,99,,80551,31,,,1,99,,80552,31,,,1
3300,'Samedi-10',804,,66888,31,,,1,101,,66889,31,,,1,101,,66890,31,,,1,100,,66891,31,,,1,102,,66892,31,,,1,100,,66893,31,,,1,100,,66894,31,,,1,100,,66895,31,,,1,100,,66896,31,,,1,100,,66897,31,,,1,100,,66898,31,,,1,98,,66899,31,,,1,99,,66900,31,,,1,100,,66901,31,,,1,100,,66902,31,,,1,100,,66903,31,,,1,99,,66904,31,,,1,99,,66905,31,,,1
3300,'Dimanche-1',804,,80554,31,,,1,101,,80559,31,,,1,101,,80565,31,,,1,100,,80556,31,,,1,102,,80558,31,,,1,100,,80555,31,,,1,100,,80557,31,,,1,100,,80553,31,,,1,100,,80561,31,,,1,100,,80560,31,,,1,100,,80563,31,,,1,98,,80562,31,,,1,99,,80564,31,,,1,100,,80566,31,,,1,100,,80567,31,,,1,100,,80568,31,,,1,99,,80569,31,,,1,99,,80570,31,,,1
3300,'Semaine-1',647,,80596,31,,,1,60,,80595,31,,,1,19,,80602,31,,,1,74,,80575,31,,,1,13,,80589,31,,,1,19,,80597,31,,,1,16,,80610,31,,,1,57,,80603,31,,,1,27,,80587,31,,,1,26,,80605,31,,,1,71,,80590,31,,,1,78,,80580,31,,,1,21,,80599,31,,,1,20,,80585,31,,,1,60,,80592,31,,,1,20,,80581,31,,,1,22,,80607,31,,,1,58,,80588,31,,,1,20,,80609,31,,,1,72,,80594,31,,,1,29,,80582,31,,,1,20,,80604,31,,,1,60,,80600,31,,,1,22,,80593,31,,,1,23,,80572,31,,,1,61,,80584,31,,,1,12,,80591,31,,,1,13,,80608,31,,,1,17,,80606,31,,,1,65,,80601,31,,,1,20,,80579,31,,,1,59,,80578,31,,,1,15,,80583,31,,,1,18,,80571,31,,,1,18,,80576,31,,,1,81,,80611,31,,,1,73,,80586,31,,,1,98,,80577,31,,,1,102,,80573,31,,,1,100,,80598,31,,,2,100,,80612,31,,,1,103,,80574,31,,,1
3300,'Semaine-12',647,,80638,31,,,1,60,,80637,31,,,1,19,,80644,31,,,1,74,,80617,31,,,1,13,,80631,31,,,1,19,,80639,31,,,1,16,,80652,31,,,1,57,,80645,31,,,1,27,,80629,31,,,1,26,,80647,31,,,1,71,,80632,31,,,1,78,,80622,31,,,1,21,,80641,31,,,1,20,,80627,31,,,1,60,,80634,31,,,1,20,,80623,31,,,1,22,,80649,31,,,1,58,,80630,31,,,1,20,,80651,31,,,1,72,,80636,31,,,1,29,,80624,31,,,1,20,,80646,31,,,1,60,,80642,31,,,1,22,,80635,31,,,1,23,,80614,31,,,1,61,,80626,31,,,1,12,,80633,31,,,1,13,,80650,31,,,1,17,,80648,31,,,1,65,,80643,31,,,1,20,,80621,31,,,1,59,,80620,31,,,1,15,,80625,31,,,1,18,,80613,31,,,1,18,,80618,31,,,1,81,,80653,31,,,1,73,,80628,31,,,1,98,,80619,31,,,1,102,,80615,31,,,1,100,,80640,31,,,2,100,,80654,31,,,1,103,,80616,31,,,1
3500,'Semaine-1',1534,,81044,40,,,2,112,,81049,40,,,1,70,,81053,40,,,1,93,,81036,40,,,1,92,,81063,40,,,1,126,,81042,40,,,1,100,,81056,40,,,1,100,,81060,40,,,1
3500,'Semaine-12',1534,,81079,40,,,2,112,,81084,40,,,1,70,,81088,40,,,1,93,,81071,40,,,1,92,,81098,40,,,1,126,,81077,40,,,1,100,,81091,40,,,1,100,,81095,40,,,1
33100,'Semaine-1',819,,85911,14,0,7 8,1
33100,'Semaine-12',819,,85912,14,0,7 8,1
42500,'Semaine-1',735,,86753,36,0,9 14,1,2,,86754,36,0,9 14,2
42500,'Semaine-12',735,,86755,36,0,9 14,1,2,,86756,36,0,9 14,2
42600,'Semaine-1',738,,86759,17,0,9 14,1,1,,86760,17,0,9 14,1
42600,'Semaine-12',738,,86761,17,0,9 14,1,1,,86762,17,0,9 14,1
42900,'Semaine-1',739,,86765,23,0,9 14,1,2,,86766,23,0,9 14,2
42900,'Semaine-12',739,,86767,23,0,9 14,1,2,,86768,23,0,9 14,2
43700,'Semaine-1',749,,86783,38,0,9 14,1,2,,86784,34,0,9 14,2
43700,'Semaine-12',749,,86785,38,0,9 14,1,2,,86786,34,0,9 14,2
44900,'Semaine-1',741,,86791,37,0,9 14,1
44900,'Semaine-12',741,,86792,37,0,9 14,1
56600,'Semaine-1',1527,,86817,10,0,5 6,1
56600,'Semaine-12',1527,,86818,10,0,5 6,1
73300,'Semaine-1',1639,,86877,27,,,1
73300,'Semaine-12',1639,,86878,27,,,1
83101,'Semaine-1',752,,87148,2,0,9 12 13,2,2,,87149,2,0,9 12 13,1
83101,'Semaine-12',752,,87150,2,0,9 12 13,2,2,,87151,2,0,9 12 13,1
