2001,'Semaine-1',1554,,79965,20,,,1,99,,79967,20,,,1,100,,79966,20,,,1
2001,'Semaine-12',1554,,79968,20,,,1,99,,79970,20,,,1,100,,79969,20,,,1
2301,'Semaine-1',637,,79986,30,,,1,70,,79983,30,,,2,34,,79987,30,,,1,74,,79985,30,,,2,25,,79984,30,,,1
2301,'Semaine-12',637,,79991,30,,,1,70,,79988,30,,,2,34,,79992,30,,,1,74,,79990,30,,,2,25,,79989,30,,,1
2501,'Semaine-1',622,,80009,37,,,2,29,,80008,37,,,1,74,,80006,37,,,1,77,,80007,37,,,2,29,,80010,37,,,1,25,,80005,37,,,2
2501,'Semaine-12',622,,80015,37,,,2,29,,80014,37,,,1,74,,80012,37,,,1,77,,80013,37,,,2,29,,80016,37,,,1,25,,80011,37,,,2
2601,'Semaine-1',619,,80028,35,,,1,32,,80030,35,,,2,71,,80031,35,,,2,30,,80029,35,,,1,70,,80027,35,,,2
2601,'Semaine-12',619,,80033,35,,,1,32,,80035,35,,,2,71,,80036,35,,,2,30,,80034,35,,,1,70,,80032,35,,,2
2701,'Semaine-1',638,,80049,40,,,1,86,,80050,40,,,1,91,,80047,40,,,1,27,,80048,40,,,2
2701,'Semaine-12',638,,80053,40,,,1,86,,80054,40,,,1,91,,80051,40,,,1,27,,80052,40,,,2
2901,'Semaine-1',733,,80077,21,,,2,70,,80080,21,,,1,29,,80078,21,,,1,71,,80079,21,,,2
2901,'Semaine-12',733,,80081,21,,,2,70,,80084,21,,,1,29,,80082,21,,,1,71,,80083,21,,,2
3201,'Semaine-1',534,,80478,33,,,1,20,,80477,33,,,1,60,,80469,33,,,1,21,,80479,33,,,2,10,,80459,33,,,1,8,,80480,33,,,1,53,,80460,33,,,1,10,,80461,33,,,1,8,,80453,33,,,1,11,,80456,33,,,1,8,,80482,33,,,1,8,,80462,33,,,1,8,,80457,33,,,1,49,,80470,33,,,1,8,,80452,33,,,1,8,,80463,33,,,1,8,,80481,33,,,2,8,,80451,33,,,1,10,,80450,33,,,1,50,,80455,33,,,1,8,,80458,33,,,1,9,,80464,33,,,1,22,,80438,33,,,2,68,,80448,34,,,1,31,,80441,34,,,1,70,,80444,34,,,1,30,,80437,34,,,1,70,,80447,34,,,1,30,,80442,34,,,1,70,,80449,34,,,1,30,,80431,34,,,1,69,,80436,34,,,1,30,,80443,34,,,1,71,,80454,34,,,1,33,,80471,34,,,1,71,,80472,34,,,2,29,,80473,34,,,1,70,,80474,34,,,1,27,,80475,34,,,2,70,,80476,34,,,1,30,,80434,34,,,1,69,,80432,34,,,2,29,,80445,34,,,2,70,,80440,34,,,1,29,,80435,34,,,1,71,,80433,34,,,2,30,,80446,34,,,1,68,,80439,34,,,1,28,,80466,34,,,1,72,,80465,34,,,1,29,,80467,34,,,1,70,,80468,34,,,1
3201,'Semaine-12',534,,80530,33,,,1,20,,80529,33,,,1,60,,80521,33,,,1,21,,80531,33,,,2,10,,80511,33,,,1,8,,80532,33,,,1,53,,80512,33,,,1,10,,80513,33,,,1,8,,80505,33,,,1,11,,80508,33,,,1,8,,80534,33,,,1,8,,80514,33,,,1,8,,80509,33,,,1,49,,80522,33,,,1,8,,80504,33,,,1,8,,80515,33,,,1,8,,80533,33,,,2,8,,80503,33,,,1,10,,80502,33,,,1,50,,80507,33,,,1,8,,80510,33,,,1,9,,80516,33,,,1,22,,80490,33,,,2,68,,80500,34,,,1,31,,80493,34,,,1,70,,80496,34,,,1,30,,80489,34,,,1,70,,80499,34,,,1,30,,80494,34,,,1,70,,80501,34,,,1,30,,80483,34,,,1,69,,80488,34,,,1,30,,80495,34,,,1,71,,80506,34,,,1,33,,80523,34,,,1,71,,80524,34,,,2,29,,80525,34,,,1,70,,80526,34,,,1,27,,80527,34,,,2,70,,80528,34,,,1,30,,80486,34,,,1,69,,80484,34,,,2,29,,80497,34,,,2,70,,80492,34,,,1,29,,80487,34,,,1,71,,80485,34,,,2,30,,80498,34,,,1,68,,80491,34,,,1,28,,80518,34,,,1,72,,80517,34,,,1,29,,80519,34,,,1,70,,80520,34,,,1
3301,'Samedi-1',740,,80655,42,,,1,100,,80656,42,,,1,100,,80657,42,,,1,100,,80658,42,,,1,100,,80659,42,,,1,101,,80660,42,,,1,100,,80661,42,,,1,100,,80662,42,,,1,102,,80663,42,,,1,98,,80664,42,,,1,100,,80665,42,,,1,96,,80666,42,,,1,100,,80667,42,,,1,100,,80668,42,,,1,100,,80669,42,,,1,100,,80670,42,,,1,100,,80671,42,,,1,100,,80672,42,,,1
3301,'Samedi-10',740,,67122,42,,,1,100,,67123,42,,,1,100,,67124,42,,,1,100,,67125,42,,,1,100,,67126,42,,,1,101,,67127,42,,,1,100,,67128,42,,,1,100,,67129,42,,,1,102,,67130,42,,,1,98,,67131,42,,,1,100,,67132,42,,,1,96,,67133,42,,,1,100,,67134,42,,,1,100,,67135,42,,,1,100,,67136,42,,,1,100,,67137,42,,,1,100,,67138,42,,,1,100,,67139,42,,,1
3301,'Dimanche-1',740,,80677,42,,,1,100,,80678,42,,,1,100,,80686,42,,,1,100,,80679,42,,,1,100,,80674,42,,,1,101,,80675,42,,,1,100,,80673,42,,,1,100,,80676,42,,,1,102,,80680,42,,,1,98,,80681,42,,,1,100,,80683,42,,,1,96,,80685,42,,,1,100,,80684,42,,,1,100,,80682,42,,,1,100,,80687,42,,,1,100,,80688,42,,,1,100,,80689,42,,,1,100,,80690,42,,,1
3301,'Semaine-1',626,,80714,42,,,1,20,,80722,42,,,1,58,,80699,42,,,1,15,,80719,42,,,1,21,,80715,42,,,1,10,,80710,42,,,1,51,,80730,42,,,1,13,,80728,42,,,1,15,,80717,42,,,1,12,,80705,42,,,1,10,,80721,42,,,1,54,,80695,42,,,1,30,,80707,42,,,1,70,,80713,42,,,1,30,,80703,42,,,1,70,,80724,42,,,1,30,,80708,42,,,1,70,,80700,42,,,1,30,,80702,42,,,1,16,,80720,42,,,1,55,,80729,42,,,1,26,,80711,42,,,1,69,,80701,42,,,1,30,,80706,42,,,1,73,,80709,42,,,1,22,,80731,42,,,1,19,,80712,42,,,1,58,,80716,42,,,1,23,,80697,42,,,1,20,,80727,42,,,1,61,,80704,42,,,1,27,,80694,42,,,1,69,,80691,42,,,1,32,,80725,42,,,1,70,,80698,42,,,1,30,,80693,42,,,1,99,,80696,42,,,1,74,,80718,42,,,1,100,,80723,42,,,2,100,,80692,42,,,1,100,,80726,42,,,1
3301,'Semaine-12',626,,80755,42,,,1,20,,80763,42,,,1,58,,80740,42,,,1,15,,80760,42,,,1,21,,80756,42,,,1,10,,80751,42,,,1,51,,80771,42,,,1,13,,80769,42,,,1,15,,80758,42,,,1,12,,80746,42,,,1,10,,80762,42,,,1,54,,80736,42,,,1,30,,80748,42,,,1,70,,80754,42,,,1,30,,80744,42,,,1,70,,80765,42,,,1,30,,80749,42,,,1,70,,80741,42,,,1,30,,80743,42,,,1,16,,80761,42,,,1,55,,80770,42,,,1,26,,80752,42,,,1,69,,80742,42,,,1,30,,80747,42,,,1,73,,80750,42,,,1,22,,80772,42,,,1,19,,80753,42,,,1,58,,80757,42,,,1,23,,80738,42,,,1,20,,80768,42,,,1,61,,80745,42,,,1,27,,80735,42,,,1,69,,80732,42,,,1,32,,80766,42,,,1,70,,80739,42,,,1,30,,80734,42,,,1,99,,80737,42,,,1,74,,80759,42,,,1,100,,80764,42,,,2,100,,80733,42,,,1,100,,80767,42,,,1
3401,'Samedi-1',724,,80905,55,,,1,100,,80908,55,,,1,30,,80917,55,,,1,70,,80906,55,,,1,33,,80911,55,,,1,70,,80913,55,,,1,28,,80907,55,,,1,70,,80916,55,,,1,34,,80909,55,,,1,69,,80918,55,,,1,31,,80910,55,,,1,70,,80912,55,,,1,30,,80914,55,,,1,70,,80915,55,,,1,30,,80919,55,,,1,71,,80920,55,,,1,70,,80921,55,,,1,30,,80922,55,,,1,70,,80923,55,,,1,28,,80924,55,,,1,30,,80925,55,,,1,68,,80926,55,,,1,30,,80927,55,,,1,70,,80929,55,,,1,28,,80928,55,,,1,70,,80930,55,,,1,30,,80931,55,,,1,70,,80932,55,,,1,30,,80934,55,,,1,70,,80933,55,,,1,30,,80935,55,,,1,95,,80936,55,,,1
3401,'Samedi-10',724,,67667,55,,,1,100,,67670,55,,,1,30,,67679,55,,,1,70,,67668,55,,,1,33,,67673,55,,,1,70,,67675,55,,,1,28,,67669,55,,,1,70,,67678,55,,,1,34,,67671,55,,,1,69,,67680,55,,,1,31,,67672,55,,,1,70,,67674,55,,,1,30,,67676,55,,,1,70,,67677,55,,,1,30,,67681,55,,,1,71,,67682,55,,,1,70,,67683,55,,,1,30,,67684,55,,,1,70,,67685,55,,,1,28,,67686,55,,,1,30,,67687,55,,,1,68,,67688,55,,,1,30,,67689,55,,,1,70,,67691,55,,,1,28,,67690,55,,,1,70,,67692,55,,,1,30,,67693,55,,,1,70,,67694,55,,,1,30,,67696,55,,,1,70,,67695,55,,,1,30,,67697,55,,,1,95,,67698,55,,,1
3401,'Dimanche-1',724,,80937,55,,,1,100,,80945,55,,,1,30,,80950,55,,,1,70,,80942,55,,,1,33,,80940,55,,,1,70,,80963,55,,,1,28,,80944,55,,,1,70,,80949,55,,,1,34,,80939,55,,,1,69,,80938,55,,,1,31,,80941,55,,,1,70,,80948,55,,,1,30,,80951,55,,,1,70,,80943,55,,,1,30,,80947,55,,,1,71,,80946,55,,,1,70,,80952,55,,,1,30,,80956,55,,,1,70,,80953,55,,,1,28,,80954,55,,,1,30,,80955,55,,,1,68,,80962,55,,,1,30,,80957,55,,,1,70,,80960,55,,,1,28,,80958,55,,,1,70,,80959,55,,,1,30,,80961,55,,,1,70,,80964,55,,,1,30,,80966,55,,,1,70,,80965,55,,,1,30,,80967,55,,,1,95,,80968,55,,,1
3401,'Semaine-1',931,,80994,54,,,1,71,,80974,54,,,2,30,,80978,55,,,1,70,,80998,55,,,1,30,,80971,55,,,1,70,,80975,55,,,1,30,,80979,55,,,1,70,,80969,55,,,1,30,,80972,55,,,1,70,,80976,55,,,1,30,,80980,55,,,2,71,,80973,55,,,1,32,,80995,55,,,1,72,,80970,55,,,1,35,,80996,55,,,1,67,,80997,55,,,1,30,,80991,55,,,1,66,,80987,55,,,1,27,,80977,55,,,1,69,,80984,55,,,1,29,,80993,55,,,1,29,,80981,55,,,1,70,,80983,55,,,1,30,,80985,55,,,1,70,,80989,55,,,2,30,,80982,55,,,1,70,,80988,55,,,1,28,,80986,55,,,1,70,,80990,55,,,1,30,,80992,55,,,1
3401,'Semaine-12',931,,81024,54,,,1,71,,81004,54,,,2,30,,81008,55,,,1,70,,81028,55,,,1,30,,81001,55,,,1,70,,81005,55,,,1,30,,81009,55,,,1,70,,80999,55,,,1,30,,81002,55,,,1,70,,81006,55,,,1,30,,81010,55,,,2,71,,81003,55,,,1,32,,81025,55,,,1,72,,81000,55,,,1,35,,81026,55,,,1,67,,81027,55,,,1,30,,81021,55,,,1,66,,81017,55,,,1,27,,81007,55,,,1,69,,81014,55,,,1,29,,81023,55,,,1,29,,81011,55,,,1,70,,81013,55,,,1,30,,81015,55,,,1,70,,81019,55,,,2,30,,81012,55,,,1,70,,81018,55,,,1,28,,81016,55,,,1,70,,81020,55,,,1,30,,81022,55,,,1
3501,'Semaine-1',558,,81121,27,,,1,80,,81099,28,,,2,62,,81129,28,,,1,23,,81130,39,,,1,15,,81118,28,,,1,20,,81123,39,,,1,60,,81102,28,,,1,23,,81119,28,,,1,62,,81124,28,,,1,30,,81106,27,,,1,70,,81108,27,,,1,30,,81101,27,,,1,68,,81105,27,,,1,30,,81114,27,,,2,72,,81100,27,,,1,30,,81112,27,,,1,70,,81113,27,,,2,30,,81116,27,,,1,70,,81104,27,,,2,30,,81125,27,,,2,70,,81115,27,,,1,36,,81103,27,,,1,72,,81127,27,,,1,28,,81122,27,,,1,71,,81107,27,,,1,26,,81110,27,,,1,69,,81128,27,,,1,27,,81117,27,,,1,100,,81111,27,,,1,100,,81109,27,,,1,100,,81126,27,,,1,100,,81120,27,,,1
3501,'Semaine-12',558,,81153,27,,,1,80,,81131,28,,,2,62,,81161,28,,,1,23,,81162,39,,,1,15,,81150,28,,,1,20,,81155,39,,,1,60,,81134,28,,,1,23,,81151,28,,,1,62,,81156,28,,,1,30,,81138,27,,,1,70,,81140,27,,,1,30,,81133,27,,,1,68,,81137,27,,,1,30,,81146,27,,,2,72,,81132,27,,,1,30,,81144,27,,,1,70,,81145,27,,,2,30,,81148,27,,,1,70,,81136,27,,,2,30,,81157,27,,,2,70,,81147,27,,,1,36,,81135,27,,,1,72,,81159,27,,,1,28,,81154,27,,,1,71,,81139,27,,,1,26,,81142,27,,,1,69,,81160,27,,,1,27,,81149,27,,,1,100,,81143,27,,,1,100,,81141,27,,,1,100,,81158,27,,,1,100,,81152,27,,,1
3601,'Semaine-1',913,,81179,42,,,1,90,,81177,43,,,1,100,,81180,43,,,1,101,,81178,43,,,1,100,,81183,43,,,1,100,,81182,43,,,1,101,,81181,43,,,1
3601,'Semaine-12',913,,81186,42,,,1,90,,81184,43,,,1,100,,81187,43,,,1,101,,81185,43,,,1,100,,81190,43,,,1,100,,81189,43,,,1,101,,81188,43,,,1
3701,'Samedi-1',711,,81286,36,,,1,100,,81291,36,,,1,100,,81285,36,,,1,102,,81290,36,,,1,100,,81287,36,,,1,100,,81288,36,,,1,100,,81292,36,,,1,102,,81289,36,,,1,100,,81293,36,,,1,100,,81294,36,,,1,100,,81295,36,,,1,98,,81296,36,,,1,100,,81297,36,,,1,100,,81298,36,,,1,100,,81299,36,,,1,97,,81300,36,,,1,99,,81301,36,,,1
3701,'Samedi-10',711,,68373,36,,,1,100,,68378,36,,,1,100,,68372,36,,,1,102,,68377,36,,,1,100,,68374,36,,,1,100,,68375,36,,,1,100,,68379,36,,,1,102,,68376,36,,,1,100,,68380,36,,,1,100,,68381,36,,,1,100,,68382,36,,,1,98,,68383,36,,,1,100,,68384,36,,,1,100,,68385,36,,,1,100,,68386,36,,,1,97,,68387,36,,,1,99,,68388,36,,,1
3701,'Dimanche-1',711,,81303,36,,,1,100,,81304,36,,,1,100,,81306,36,,,1,102,,81307,36,,,1,100,,81315,36,,,1,100,,81302,36,,,1,100,,81308,36,,,1,102,,81305,36,,,1,100,,81310,36,,,1,100,,81311,36,,,1,100,,81313,36,,,1,98,,81312,36,,,1,100,,81309,36,,,1,100,,81314,36,,,1,100,,81316,36,,,1,97,,81317,36,,,1,99,,81318,36,,,1
3701,'Semaine-1',537,,81332,35,,,1,71,,81330,35,,,1,35,,81334,35,,,1,70,,81324,35,,,1,36,,81341,35,,,1,56,,81321,35,,,1,14,,81342,35,,,1,28,,81323,35,,,1,97,,81340,35,,,1,100,,81328,36,,,1,100,,81322,36,,,1,100,,81320,36,,,1,100,,81325,36,,,1,102,,81336,36,,,1,101,,81319,36,,,1,70,,81335,36,,,1,31,,81338,36,,,1,69,,81333,36,,,1,30,,81339,36,,,1,68,,81343,36,,,1,85,,81327,36,,,1,59,,81337,36,,,1,100,,81329,36,,,1,142,,81326,36,,,1,50,,81331,36,,,1
3701,'Semaine-12',537,,81357,35,,,1,71,,81355,35,,,1,35,,81359,35,,,1,70,,81349,35,,,1,36,,81366,35,,,1,56,,81346,35,,,1,14,,81367,35,,,1,28,,81348,35,,,1,97,,81365,35,,,1,100,,81353,36,,,1,100,,81347,36,,,1,100,,81345,36,,,1,100,,81350,36,,,1,102,,81361,36,,,1,101,,81344,36,,,1,70,,81360,36,,,1,31,,81363,36,,,1,69,,81358,36,,,1,30,,81364,36,,,1,68,,81368,36,,,1,85,,81352,36,,,1,59,,81362,36,,,1,100,,81354,36,,,1,142,,81351,36,,,1,50,,81356,36,,,1
3801,'Samedi-1',726,,81523,23,,,1,30,,81519,23,,,1,70,,81531,23,,,1,30,,81524,23,,,1,70,,81520,23,,,1,31,,81532,23,,,1,68,,81525,23,,,1,32,,81529,23,,,1,70,,81521,23,,,1,30,,81526,23,,,1,70,,81530,23,,,1,30,,81522,23,,,1,71,,81527,23,,,1,30,,81528,23,,,1,70,,81533,23,,,1,30,,81534,23,,,1,71,,81535,23,,,1,30,,81536,23,,,1,69,,81537,23,,,1,30,,81538,23,,,1,70,,81539,23,,,1,30,,81540,23,,,1,67,,81541,23,,,1,32,,81543,23,,,1,70,,81542,23,,,1,30,,81545,23,,,1,70,,81544,23,,,1,30,,81546,23,,,1,69,,81547,23,,,1,30,,81551,23,,,1,70,,81548,23,,,1,30,,81549,23,,,1,70,,81550,23,,,1
3801,'Samedi-10',726,,68893,23,,,1,30,,68889,23,,,1,70,,68901,23,,,1,30,,68894,23,,,1,70,,68890,23,,,1,31,,68902,23,,,1,68,,68895,23,,,1,32,,68899,23,,,1,70,,68891,23,,,1,30,,68896,23,,,1,70,,68900,23,,,1,30,,68892,23,,,1,71,,68897,23,,,1,30,,68898,23,,,1,70,,68903,23,,,1,30,,68904,23,,,1,71,,68905,23,,,1,30,,68906,23,,,1,69,,68907,23,,,1,30,,68908,23,,,1,70,,68909,23,,,1,30,,68910,23,,,1,67,,68911,23,,,1,32,,68913,23,,,1,70,,68912,23,,,1,30,,68915,23,,,1,70,,68914,23,,,1,30,,68916,23,,,1,69,,68917,23,,,1,30,,68921,23,,,1,70,,68918,23,,,1,30,,68919,23,,,1,70,,68920,23,,,1
3801,'Dimanche-1',726,,81560,23,,,1,30,,81562,23,,,1,70,,81555,23,,,1,30,,81554,23,,,1,70,,81576,23,,,1,31,,81565,23,,,1,68,,81556,23,,,1,32,,81578,23,,,1,70,,81575,23,,,1,30,,81557,23,,,1,70,,81577,23,,,1,30,,81564,23,,,1,71,,81558,23,,,1,30,,81561,23,,,1,70,,81563,23,,,1,30,,81553,23,,,1,71,,81559,23,,,1,30,,81552,23,,,1,69,,81569,23,,,1,30,,81570,23,,,1,70,,81572,23,,,1,30,,81568,23,,,1,67,,81574,23,,,1,32,,81571,23,,,1,70,,81566,23,,,1,30,,81573,23,,,1,70,,81567,23,,,1,30,,81579,23,,,1,69,,81580,23,,,1,30,,81581,23,,,1,70,,81582,23,,,1,30,,81583,23,,,1,70,,81584,23,,,1
3801,'Semaine-1',630,,81613,24,,,1,71,,81585,24,,,1,30,,81612,24,,,1,20,,81623,24,,,1,58,,81619,24,,,1,23,,81601,24,,,1,70,,81621,24,,,1,31,,81608,23,,,1,19,,81591,23,,,1,60,,81617,23,,,1,20,,81602,23,,,1,20,,81594,23,,,1,61,,81609,23,,,1,20,,81592,23,,,1,20,,81616,23,,,1,60,,81622,23,,,1,22,,81595,23,,,1,20,,81624,23,,,1,60,,81610,23,,,1,20,,81615,23,,,1,18,,81603,23,,,1,60,,81596,23,,,1,20,,81611,23,,,1,21,,81625,23,,,1,62,,81598,23,,,1,22,,81604,23,,,1,70,,81618,23,,,1,30,,81593,23,,,1,71,,81600,23,,,1,27,,81590,23,,,1,69,,81626,23,,,1,20,,81587,23,,,1,19,,81620,23,,,1,69,,81589,23,,,1,29,,81599,23,,,1,71,,81607,23,,,1,30,,81614,23,,,1,70,,81597,23,,,1,28,,81605,23,,,1,71,,81606,23,,,1,29,,81586,23,,,1,85,,81588,23,,,1
3801,'Semaine-12',630,,81655,24,,,1,71,,81627,24,,,1,30,,81654,24,,,1,20,,81665,24,,,1,58,,81661,24,,,1,23,,81643,24,,,1,70,,81663,24,,,1,31,,81650,23,,,1,19,,81633,23,,,1,60,,81659,23,,,1,20,,81644,23,,,1,20,,81636,23,,,1,61,,81651,23,,,1,20,,81634,23,,,1,20,,81658,23,,,1,60,,81664,23,,,1,22,,81637,23,,,1,20,,81666,23,,,1,60,,81652,23,,,1,20,,81657,23,,,1,18,,81645,23,,,1,60,,81638,23,,,1,20,,81653,23,,,1,21,,81667,23,,,1,62,,81640,23,,,1,22,,81646,23,,,1,70,,81660,23,,,1,30,,81635,23,,,1,71,,81642,23,,,1,27,,81632,23,,,1,69,,81668,23,,,1,20,,81629,23,,,1,19,,81662,23,,,1,69,,81631,23,,,1,29,,81641,23,,,1,71,,81649,23,,,1,30,,81656,23,,,1,70,,81639,23,,,1,28,,81647,23,,,1,71,,81648,23,,,1,29,,81628,23,,,1,85,,81630,23,,,1
4001,'Semaine-1',637,,81922,53,,,1,70,,81921,53,,,1,34,,81924,53,,,1,74,,81920,53,,,2,24,,81919,53,,,1,68,,81923,53,,,1
4001,'Semaine-12',637,,81928,53,,,1,70,,81927,53,,,1,34,,81930,53,,,1,74,,81926,53,,,2,24,,81925,53,,,1,68,,81929,53,,,1
4101,'Semaine-1',700,,81943,44,,,1,33,,81944,44,,,1,76,,81945,44,,,1,26,,81942,44,,,2,67,,81941,44,,,1
4101,'Semaine-12',700,,81948,44,,,1,33,,81949,44,,,1,76,,81950,44,,,1,26,,81947,44,,,2,67,,81946,44,,,1
4501,'Semaine-1',625,,81972,47,,,1,30,,81971,47,,,1,75,,81975,47,,,2,70,,81974,47,,,1,32,,81973,47,,,1,27,,81976,47,,,1
4501,'Semaine-12',625,,81978,47,,,1,30,,81977,47,,,1,75,,81981,47,,,2,70,,81980,47,,,1,32,,81979,47,,,1,27,,81982,47,,,1
4701,'Semaine-1',638,,81991,40,,,2,87,,81990,40,,,1,91,,81989,40,,,1,27,,81992,40,,,1
4701,'Semaine-12',638,,81995,40,,,2,87,,81994,40,,,1,91,,81993,40,,,1,27,,81996,40,,,1
5501,'Samedi-1',720,,82555,53,,,1,30,,82558,53,,,1,71,,82557,53,,,1,30,,82567,53,,,1,69,,82556,53,,,1,31,,82559,53,,,1,71,,82560,53,,,1,29,,82566,53,,,1,71,,82562,53,,,1,30,,82563,53,,,1,70,,82561,53,,,1,30,,82569,53,,,1,70,,82568,53,,,1,30,,82564,53,,,1,70,,82565,53,,,1,32,,82570,53,,,1,68,,82571,53,,,1,32,,82572,53,,,1,68,,82573,53,,,1,32,,82574,53,,,1,68,,82575,53,,,1,32,,82576,53,,,1,68,,82577,53,,,1,29,,82578,53,,,1,70,,82579,53,,,1,30,,82580,53,,,1,70,,82581,53,,,1,29,,82582,53,,,1,70,,82583,53,,,1,30,,82585,53,,,1,69,,82584,53,,,1,30,,82587,53,,,1,70,,82586,53,,,1
5501,'Samedi-10',720,,71004,53,,,1,30,,71007,53,,,1,71,,71006,53,,,1,30,,71016,53,,,1,69,,71005,53,,,1,31,,71008,53,,,1,71,,71009,53,,,1,29,,71015,53,,,1,71,,71011,53,,,1,30,,71012,53,,,1,70,,71010,53,,,1,30,,71018,53,,,1,70,,71017,53,,,1,30,,71013,53,,,1,70,,71014,53,,,1,32,,71019,53,,,1,68,,71020,53,,,1,32,,71021,53,,,1,68,,71022,53,,,1,32,,71023,53,,,1,68,,71024,53,,,1,32,,71025,53,,,1,68,,71026,53,,,1,29,,71027,53,,,1,70,,71028,53,,,1,30,,71029,53,,,1,70,,71030,53,,,1,29,,71031,53,,,1,70,,71032,53,,,1,30,,71034,53,,,1,69,,71033,53,,,1,30,,71036,53,,,1,70,,71035,53,,,1
5501,'Dimanche-1',720,,82589,53,,,1,30,,82593,53,,,1,71,,82591,53,,,1,30,,82596,53,,,1,69,,82598,53,,,1,31,,82592,53,,,1,71,,82588,53,,,1,29,,82602,53,,,1,71,,82597,53,,,1,30,,82604,53,,,1,70,,82595,53,,,1,30,,82594,53,,,1,70,,82600,53,,,1,30,,82590,53,,,1,70,,82599,53,,,1,32,,82603,53,,,1,68,,82608,53,,,1,32,,82601,53,,,1,68,,82607,53,,,1,32,,82610,53,,,1,68,,82605,53,,,1,32,,82606,53,,,1,68,,82612,53,,,1,29,,82614,53,,,1,70,,82611,53,,,1,30,,82609,53,,,1,70,,82613,53,,,1,29,,82615,53,,,1,70,,82616,53,,,1,30,,82617,53,,,1,69,,82618,53,,,1,30,,82619,53,,,1,70,,82620,53,,,1
5501,'Semaine-1',538,,82634,53,,,1,15,,82641,53,,,1,54,,82640,51,,,1,18,,82624,51,,,1,16,,82662,51,,,1,62,,82661,51,,,1,8,,82621,51,,,1,15,,82666,51,,,1,15,,82647,51,,,1,15,,82655,51,,,1,56,,82625,51,,,1,8,,82629,51,,,1,12,,82627,51,,,1,9,,82656,51,,,1,4,,82658,51,,,1,14,,82635,51,,,1,66,,82639,51,,,1,12,,82626,51,,,1,11,,82660,51,,,1,71,,82653,53,,,1,23,,82665,20,,,1,8,,82657,53,,,1,69,,82623,53,,,1,28,,82630,53,,,1,70,,82643,53,,,1,30,,82654,53,,,1,70,,82650,53,,,1,30,,82631,53,,,1,70,,82663,53,,,1,30,,82622,53,,,1,73,,82628,53,,,1,92,,82632,53,,,1,97,,82637,53,,,1,100,,82642,53,,,1,98,,82659,53,,,1,20,,82648,53,,,1,30,,82636,53,,,1,70,,82652,53,,,1,30,,82645,53,,,1,70,,82664,53,,,1,30,,82638,53,,,1,69,,82644,53,,,1,30,,82646,53,,,1,70,,82633,53,,,1,28,,82651,53,,,1,70,,82649,53,,,1
5501,'Semaine-12',538,,82680,53,,,1,15,,82687,53,,,1,54,,82686,51,,,1,18,,82670,51,,,1,16,,82708,51,,,1,62,,82707,51,,,1,8,,82667,51,,,1,15,,82712,51,,,1,15,,82693,51,,,1,15,,82701,51,,,1,56,,82671,51,,,1,8,,82675,51,,,1,12,,82673,51,,,1,9,,82702,51,,,1,4,,82704,51,,,1,14,,82681,51,,,1,66,,82685,51,,,1,12,,82672,51,,,1,11,,82706,51,,,1,71,,82699,53,,,1,23,,82711,20,,,1,8,,82703,53,,,1,69,,82669,53,,,1,28,,82676,53,,,1,70,,82689,53,,,1,30,,82700,53,,,1,70,,82696,53,,,1,30,,82677,53,,,1,70,,82709,53,,,1,30,,82668,53,,,1,73,,82674,53,,,1,92,,82678,53,,,1,97,,82683,53,,,1,100,,82688,53,,,1,98,,82705,53,,,1,20,,82694,53,,,1,30,,82682,53,,,1,70,,82698,53,,,1,30,,82691,53,,,1,70,,82710,53,,,1,30,,82684,53,,,1,69,,82690,53,,,1,30,,82692,53,,,1,70,,82679,53,,,1,28,,82697,53,,,1,70,,82695,53,,,1
5901,'Samedi-1',735,,82939,42,,,1,70,,82946,42,,,1,30,,82943,42,,,1,70,,82948,42,,,1,30,,82940,42,,,1,70,,82945,42,,,1,31,,82944,42,,,1,70,,82947,42,,,1,30,,82951,42,,,1,71,,82952,42,,,1,30,,82941,42,,,1,70,,82942,42,,,1,30,,82950,42,,,1,70,,82949,42,,,1,30,,82953,42,,,1,70,,82954,42,,,1,30,,82955,42,,,1,70,,82956,42,,,1,30,,82957,42,,,1,70,,82958,42,,,1,30,,82959,42,,,1,70,,82960,42,,,1,30,,82961,42,,,1,68,,82962,42,,,1,31,,82963,42,,,1,71,,82965,42,,,1,30,,82964,42,,,1,68,,82966,42,,,1,30,,82967,42,,,1,70,,82968,42,,,1,30,,82970,42,,,1,70,,82969,42,,,1
5901,'Samedi-10',735,,71780,42,,,1,70,,71787,42,,,1,30,,71784,42,,,1,70,,71789,42,,,1,30,,71781,42,,,1,70,,71786,42,,,1,31,,71785,42,,,1,70,,71788,42,,,1,30,,71792,42,,,1,71,,71793,42,,,1,30,,71782,42,,,1,70,,71783,42,,,1,30,,71791,42,,,1,70,,71790,42,,,1,30,,71794,42,,,1,70,,71795,42,,,1,30,,71796,42,,,1,70,,71797,42,,,1,30,,71798,42,,,1,70,,71799,42,,,1,30,,71800,42,,,1,70,,71801,42,,,1,30,,71802,42,,,1,68,,71803,42,,,1,31,,71804,42,,,1,71,,71806,42,,,1,30,,71805,42,,,1,68,,71807,42,,,1,30,,71808,42,,,1,70,,71809,42,,,1,30,,71811,42,,,1,70,,71810,42,,,1
5901,'Dimanche-1',735,,82971,42,,,1,70,,82983,42,,,1,30,,82977,42,,,1,70,,82978,42,,,1,30,,82985,42,,,1,70,,82982,42,,,1,31,,82987,42,,,1,70,,82974,42,,,1,30,,82986,42,,,1,71,,82972,42,,,1,30,,82981,42,,,1,70,,82973,42,,,1,30,,82976,42,,,1,70,,82979,42,,,1,30,,82980,42,,,1,70,,82988,42,,,1,30,,82975,42,,,1,70,,82991,42,,,1,30,,82984,42,,,1,70,,82993,42,,,1,30,,82994,42,,,1,70,,82990,42,,,1,30,,82995,42,,,1,68,,82992,42,,,1,31,,82996,42,,,1,71,,82989,42,,,1,30,,82997,42,,,1,68,,82998,42,,,1,30,,82999,42,,,1,70,,83000,42,,,1,30,,83001,42,,,1,70,,83002,42,,,1
5901,'Semaine-1',533,,83007,42,,,1,15,,83043,42,,,1,55,,83016,42,,,1,15,,83037,40,,,1,17,,83017,40,,,1,14,,83006,40,,,1,53,,83008,40,,,1,16,,83011,40,,,1,11,,83046,18,,,1,8,,83014,40,,,1,7,,83047,18,,,1,8,,83015,40,,,1,7,,83048,18,,,1,51,,83010,40,,,1,7,,83004,18,,,1,5,,83039,40,,,1,19,,83025,40,,,1,11,,83030,40,,,1,53,,83020,40,,,1,15,,83005,40,,,1,16,,83023,40,,,1,67,,83049,40,,,1,29,,83044,42,,,1,70,,83031,42,,,1,30,,83013,42,,,1,70,,83024,42,,,1,30,,83027,42,,,1,70,,83012,42,,,1,30,,83041,42,,,1,70,,83003,42,,,1,30,,83045,42,,,1,70,,83035,42,,,1,39,,83038,42,,,1,100,,83042,42,,,1,100,,83022,42,,,1,97,,83029,42,,,1,74,,83034,42,,,1,30,,83021,42,,,1,70,,83028,42,,,1,30,,83033,42,,,1,69,,83040,42,,,1,30,,83018,42,,,1,70,,83036,42,,,1,29,,83026,42,,,1,70,,83009,42,,,1,30,,83019,42,,,1,70,,83032,42,,,1
5901,'Semaine-12',533,,83054,42,,,1,15,,83090,42,,,1,55,,83063,42,,,1,15,,83084,40,,,1,17,,83064,40,,,1,14,,83053,40,,,1,53,,83055,40,,,1,16,,83058,40,,,1,11,,83093,18,,,1,8,,83061,40,,,1,7,,83094,18,,,1,8,,83062,40,,,1,7,,83095,18,,,1,51,,83057,40,,,1,7,,83051,18,,,1,5,,83086,40,,,1,19,,83072,40,,,1,11,,83077,40,,,1,53,,83067,40,,,1,15,,83052,40,,,1,16,,83070,40,,,1,67,,83096,40,,,1,29,,83091,42,,,1,70,,83078,42,,,1,30,,83060,42,,,1,70,,83071,42,,,1,30,,83074,42,,,1,70,,83059,42,,,1,30,,83088,42,,,1,70,,83050,42,,,1,30,,83092,42,,,1,70,,83082,42,,,1,39,,83085,42,,,1,100,,83089,42,,,1,100,,83069,42,,,1,97,,83076,42,,,1,74,,83081,42,,,1,30,,83068,42,,,1,70,,83075,42,,,1,30,,83080,42,,,1,69,,83087,42,,,1,30,,83065,42,,,1,70,,83083,42,,,1,29,,83073,42,,,1,70,,83056,42,,,1,30,,83066,42,,,1,70,,83079,42,,,1
37101,'Samedi-1',741,,86004,36,,,1,100,,86003,36,,,1,101,,86007,36,,,1,100,,86006,36,,,1,100,,86008,36,,,1,101,,86005,36,,,1,100,,86009,36,,,1,98,,86010,36,,,1,101,,86011,36,,,1,100,,86012,36,,,1,98,,86013,36,,,1,105,,86014,36,,,1,95,,86015,36,,,1,99,,86016,36,,,1,100,,86017,36,,,1,99,,86018,36,,,1,100,,86019,36,,,1
37101,'Samedi-10',741,,77625,36,,,1,100,,77624,36,,,1,101,,77628,36,,,1,100,,77627,36,,,1,100,,77629,36,,,1,101,,77626,36,,,1,100,,77630,36,,,1,98,,77631,36,,,1,101,,77632,36,,,1,100,,77633,36,,,1,98,,77634,36,,,1,105,,77635,36,,,1,95,,77636,36,,,1,99,,77637,36,,,1,100,,77638,36,,,1,99,,77639,36,,,1,100,,77640,36,,,1
37101,'Dimanche-1',741,,86033,36,,,1,100,,86022,36,,,1,101,,86023,36,,,1,100,,86020,36,,,1,100,,86025,36,,,1,101,,86021,36,,,1,100,,86024,36,,,1,98,,86027,36,,,1,101,,86026,36,,,1,100,,86028,36,,,1,98,,86032,36,,,1,105,,86031,36,,,1,95,,86029,36,,,1,99,,86030,36,,,1,100,,86034,36,,,1,99,,86035,36,,,1,100,,86036,36,,,1
37101,'Semaine-1',549,,86053,36,,,1,72,,86056,35,,,1,32,,86049,35,,,1,69,,86051,35,,,1,34,,86061,35,,,1,70,,86060,35,,,1,28,,86055,35,,,1,72,,86039,35,,,1,97,,86046,36,,,1,100,,86044,36,,,1,102,,86045,36,,,1,100,,86059,36,,,1,100,,86042,36,,,1,103,,86043,36,,,1,31,,86040,36,,,1,70,,86047,36,,,1,28,,86057,36,,,1,69,,86058,36,,,1,30,,86037,36,,,1,80,,86041,36,,,1,93,,86052,36,,,1,100,,86054,36,,,1,100,,86038,36,,,1,99,,86048,36,,,1,183,,86050,36,,,1
37101,'Semaine-12',549,,86078,36,,,1,72,,86081,35,,,1,32,,86074,35,,,1,69,,86076,35,,,1,34,,86086,35,,,1,70,,86085,35,,,1,28,,86080,35,,,1,72,,86064,35,,,1,97,,86071,36,,,1,100,,86069,36,,,1,102,,86070,36,,,1,100,,86084,36,,,1,100,,86067,36,,,1,103,,86068,36,,,1,31,,86065,36,,,1,70,,86072,36,,,1,28,,86082,36,,,1,69,,86083,36,,,1,30,,86062,36,,,1,80,,86066,36,,,1,93,,86077,36,,,1,100,,86079,36,,,1,100,,86063,36,,,1,99,,86073,36,,,1,183,,86075,36,,,1
40001,'Samedi-1',645,,86419,15,,,1,55,,86422,15,,,1,15,,86424,15,,,1,15,,86420,15,,,1,15,,86421,15,,,1,55,,86423,15,,,1,15,,86429,15,,,1,15,,86436,15,,,1,15,,86427,15,,,1,55,,86447,15,,,1,15,,86425,15,,,1,16,,86426,15,,,1,15,,86435,15,,,1,55,,86428,15,,,1,15,,86430,15,,,1,15,,86438,15,,,1,15,,86439,15,,,1,55,,86440,15,,,1,15,,86446,15,,,1,15,,86445,15,,,1,15,,86449,15,,,1,55,,86432,15,,,1,16,,86431,15,,,1,15,,86434,15,,,1,15,,86437,15,,,1,55,,86433,15,,,1,15,,86442,15,,,1,15,,86444,15,,,1,15,,86450,15,,,1,55,,86441,15,,,1,15,,86443,15,,,1,15,,86448,15,,,1,15,,86451,15,,,1,55,,86452,15,,,1,15,,86453,15,,,1,15,,86454,15,,,1,15,,86455,15,,,1,55,,86456,15,,,1,15,,86457,15,,,1,15,,86458,15,,,1,16,,86459,15,,,1,54,,86460,15,,,1,15,,86461,15,,,1,15,,86462,15,,,1,15,,86463,15,,,1,55,,86464,15,,,1,15,,86465,15,,,1,15,,86468,15,,,1,13,,86466,15,,,1,56,,86467,15,,,1,16,,86470,15,,,1,15,,86469,15,,,1,15,,86474,15,,,1,55,,86472,15,,,1,14,,86473,15,,,1,15,,86471,15,,,1,15,,86475,15,,,1,55,,86477,15,,,1,15,,86478,15,,,1,15,,86479,15,,,1,15,,86476,15,,,1,55,,86482,15,,,1,15,,86481,15,,,1,15,,86480,15,,,1,15,,86483,15,,,1,55,,86484,15,,,1,15,,86485,15,,,1,15,,86486,15,,,1,15,,86488,15,,,1,55,,86487,15,,,1,15,,86490,15,,,1,15,,86489,15,,,1,15,,86491,15,,,1
40001,'Samedi-10',645,,78574,15,,,1,55,,78577,15,,,1,15,,78579,15,,,1,15,,78575,15,,,1,15,,78576,15,,,1,55,,78578,15,,,1,15,,78584,15,,,1,15,,78591,15,,,1,15,,78582,15,,,1,55,,78602,15,,,1,15,,78580,15,,,1,16,,78581,15,,,1,15,,78590,15,,,1,55,,78583,15,,,1,15,,78585,15,,,1,15,,78593,15,,,1,15,,78594,15,,,1,55,,78595,15,,,1,15,,78601,15,,,1,15,,78600,15,,,1,15,,78604,15,,,1,55,,78587,15,,,1,16,,78586,15,,,1,15,,78589,15,,,1,15,,78592,15,,,1,55,,78588,15,,,1,15,,78597,15,,,1,15,,78599,15,,,1,15,,78605,15,,,1,55,,78596,15,,,1,15,,78598,15,,,1,15,,78603,15,,,1,15,,78606,15,,,1,55,,78607,15,,,1,15,,78608,15,,,1,15,,78609,15,,,1,15,,78610,15,,,1,55,,78611,15,,,1,15,,78612,15,,,1,15,,78613,15,,,1,16,,78614,15,,,1,54,,78615,15,,,1,15,,78616,15,,,1,15,,78617,15,,,1,15,,78618,15,,,1,55,,78619,15,,,1,15,,78620,15,,,1,15,,78623,15,,,1,13,,78621,15,,,1,56,,78622,15,,,1,16,,78625,15,,,1,15,,78624,15,,,1,15,,78629,15,,,1,55,,78627,15,,,1,14,,78628,15,,,1,15,,78626,15,,,1,15,,78630,15,,,1,55,,78632,15,,,1,15,,78633,15,,,1,15,,78634,15,,,1,15,,78631,15,,,1,55,,78637,15,,,1,15,,78636,15,,,1,15,,78635,15,,,1,15,,78638,15,,,1,55,,78639,15,,,1,15,,78640,15,,,1,15,,78641,15,,,1,15,,78643,15,,,1,55,,78642,15,,,1,15,,78645,15,,,1,15,,78644,15,,,1,15,,78646,15,,,1
40001,'Dimanche-1',645,,86492,15,,,1,55,,86499,15,,,1,15,,86500,15,,,1,15,,86494,15,,,1,15,,86493,15,,,1,55,,86498,15,,,1,15,,86509,15,,,1,15,,86512,15,,,1,15,,86495,15,,,1,55,,86504,15,,,1,15,,86501,15,,,1,16,,86518,15,,,1,15,,86521,15,,,1,55,,86502,15,,,1,15,,86510,15,,,1,15,,86525,15,,,1,15,,86514,15,,,1,55,,86530,15,,,1,15,,86503,15,,,1,15,,86519,15,,,1,15,,86520,15,,,1,55,,86515,15,,,1,16,,86531,15,,,1,15,,86524,15,,,1,15,,86505,15,,,1,55,,86513,15,,,1,15,,86507,15,,,1,15,,86517,15,,,1,15,,86526,15,,,1,55,,86511,15,,,1,15,,86506,15,,,1,15,,86523,15,,,1,15,,86496,15,,,1,55,,86528,15,,,1,15,,86497,15,,,1,15,,86516,15,,,1,15,,86527,15,,,1,55,,86508,15,,,1,15,,86536,15,,,1,15,,86522,15,,,1,16,,86539,15,,,1,54,,86529,15,,,1,15,,86543,15,,,1,15,,86537,15,,,1,15,,86545,15,,,1,55,,86541,15,,,1,15,,86547,15,,,1,15,,86532,15,,,1,13,,86538,15,,,1,56,,86533,15,,,1,16,,86542,15,,,1,15,,86535,15,,,1,15,,86544,15,,,1,55,,86540,15,,,1,14,,86546,15,,,1,15,,86534,15,,,1,15,,86548,15,,,1,55,,86550,15,,,1,15,,86549,15,,,1,15,,86552,15,,,1,15,,86551,15,,,1,55,,86553,15,,,1,15,,86554,15,,,1,15,,86555,15,,,1,15,,86556,15,,,1,55,,86557,15,,,1,15,,86558,15,,,1,15,,86559,15,,,1,15,,86560,15,,,1,55,,86561,15,,,1,15,,86562,15,,,1,15,,86563,15,,,1,15,,86564,15,,,1
40001,'Semaine-1',516,,86635,15,,,1,10,,86636,15,,,1,10,,86637,15,,,1,10,,86638,15,,,1,10,,86639,15,,,1,52,,86640,15,,,1,5,,86641,15,,,1,5,,86642,15,,,1,4,,86643,15,,,1,6,,86649,15,,,1,231,,86644,15,,,1,49,,86645,13,,,1,6,,86646,15,,,1,10,,86647,15,,,1,11,,86648,15,,,1,10,,86594,15,,,1,9,,86579,15,,,1,51,,86604,15,,,1,11,,86605,15,,,1,9,,86651,15,,,1,10,,86569,15,,,1,10,,86652,15,,,1,10,,86567,15,,,1,50,,86601,15,,,1,10,,86621,15,,,1,10,,86588,15,,,1,10,,86596,15,,,1,10,,86593,15,,,1,10,,86571,15,,,1,50,,86632,15,,,1,10,,86606,15,,,1,10,,86618,15,,,1,10,,86570,15,,,1,10,,86580,15,,,1,10,,86573,15,,,1,50,,86589,15,,,1,10,,86622,15,,,1,10,,86603,15,,,1,10,,86597,15,,,1,10,,86592,15,,,1,10,,86585,15,,,1,50,,86628,15,,,1,10,,86607,15,,,1,10,,86619,15,,,1,10,,86634,15,,,1,11,,86582,15,,,1,10,,86565,15,,,1,50,,86624,15,,,1,10,,86623,15,,,1,10,,86608,15,,,1,10,,86598,15,,,1,6,,86590,11,,,1,6,,86575,15,,,1,52,,86626,15,,,1,13,,86633,15,,,1,7,,86650,11,,,1,5,,86620,15,,,1,14,,86655,15,,,1,10,,86600,15,,,1,52,,86629,15,,,1,12,,86653,15,,,1,12,,86613,15,,,1,13,,86591,15,,,1,11,,86576,15,,,1,52,,86581,15,,,1,12,,86654,15,,,1,12,,86583,15,,,1,12,,86609,15,,,1,10,,86599,15,,,1,12,,86630,15,,,1,51,,86616,15,,,1,12,,86595,15,,,1,9,,86577,15,,,1,13,,86617,15,,,1,12,,86657,15,,,1,52,,86656,15,,,1,12,,86584,15,,,1,12,,86610,15,,,1,12,,86587,15,,,1,12,,86631,15,,,1,52,,86614,15,,,1,15,,86572,15,,,1,13,,86658,15,,,1,17,,86578,15,,,1,55,,86574,15,,,1,15,,86625,15,,,1,12,,86611,15,,,1,15,,86586,15,,,1,55,,86615,15,,,1,15,,86627,15,,,1,15,,86568,15,,,1,15,,86566,15,,,1,55,,86602,15,,,1,30,,86612,15,,,1
40001,'Semaine-12',516,,86729,15,,,1,10,,86730,15,,,1,10,,86731,15,,,1,10,,86732,15,,,1,10,,86733,15,,,1,52,,86734,15,,,1,5,,86735,15,,,1,5,,86736,15,,,1,4,,86737,15,,,1,6,,86743,15,,,1,231,,86738,15,,,1,49,,86739,13,,,1,6,,86740,15,,,1,10,,86741,15,,,1,11,,86742,15,,,1,10,,86688,15,,,1,9,,86673,15,,,1,51,,86698,15,,,1,11,,86699,15,,,1,9,,86745,15,,,1,10,,86663,15,,,1,10,,86746,15,,,1,10,,86661,15,,,1,50,,86695,15,,,1,10,,86715,15,,,1,10,,86682,15,,,1,10,,86690,15,,,1,10,,86687,15,,,1,10,,86665,15,,,1,50,,86726,15,,,1,10,,86700,15,,,1,10,,86712,15,,,1,10,,86664,15,,,1,10,,86674,15,,,1,10,,86667,15,,,1,50,,86683,15,,,1,10,,86716,15,,,1,10,,86697,15,,,1,10,,86691,15,,,1,10,,86686,15,,,1,10,,86679,15,,,1,50,,86722,15,,,1,10,,86701,15,,,1,10,,86713,15,,,1,10,,86728,15,,,1,11,,86676,15,,,1,10,,86659,15,,,1,50,,86718,15,,,1,10,,86717,15,,,1,10,,86702,15,,,1,10,,86692,15,,,1,6,,86684,11,,,1,6,,86669,15,,,1,52,,86720,15,,,1,13,,86727,15,,,1,7,,86744,11,,,1,5,,86714,15,,,1,14,,86749,15,,,1,10,,86694,15,,,1,52,,86723,15,,,1,12,,86747,15,,,1,12,,86707,15,,,1,13,,86685,15,,,1,11,,86670,15,,,1,52,,86675,15,,,1,12,,86748,15,,,1,12,,86677,15,,,1,12,,86703,15,,,1,10,,86693,15,,,1,12,,86724,15,,,1,51,,86710,15,,,1,12,,86689,15,,,1,9,,86671,15,,,1,13,,86711,15,,,1,12,,86751,15,,,1,52,,86750,15,,,1,12,,86678,15,,,1,12,,86704,15,,,1,12,,86681,15,,,1,12,,86725,15,,,1,52,,86708,15,,,1,15,,86666,15,,,1,13,,86752,15,,,1,17,,86672,15,,,1,55,,86668,15,,,1,15,,86719,15,,,1,12,,86705,15,,,1,15,,86680,15,,,1,55,,86709,15,,,1,15,,86721,15,,,1,15,,86662,15,,,1,15,,86660,15,,,1,55,,86696,15,,,1,30,,86706,15,,,1
43701,'Semaine-1',1525,,86788,36,0,9 14,1
43701,'Semaine-12',1525,,86790,36,0,9 14,1
85901,'Semaine-12',1724,,87158,6,,,1
