2700,'Semaine-1',1613,,80039,26,,,1,30,,80037,26,,,2,67,,80041,26,,,1,30,,80038,26,,,2,69,,80040,26,,,2
2700,'Semaine-12',1613,,80044,26,,,1,30,,80042,26,,,2,67,,80046,26,,,1,30,,80043,26,,,2,69,,80045,26,,,2
3301,'Samedi-1',707,,80655,2,,,1,100,,80656,2,,,1,100,,80657,2,,,1,100,,80658,2,,,1,100,,80659,2,,,1,100,,80660,2,,,1,100,,80661,2,,,1,100,,80662,2,,,1,100,,80663,2,,,1,100,,80664,2,,,1,100,,80665,2,,,1,100,,80666,2,,,1,100,,80667,2,,,1,100,,80668,2,,,1,100,,80669,2,,,1,100,,80670,2,,,1,100,,80671,2,,,1,100,,80672,2,,,1
3301,'Samedi-10',707,,67122,2,,,1,100,,67123,2,,,1,100,,67124,2,,,1,100,,67125,2,,,1,100,,67126,2,,,1,100,,67127,2,,,1,100,,67128,2,,,1,100,,67129,2,,,1,100,,67130,2,,,1,100,,67131,2,,,1,100,,67132,2,,,1,100,,67133,2,,,1,100,,67134,2,,,1,100,,67135,2,,,1,100,,67136,2,,,1,100,,67137,2,,,1,100,,67138,2,,,1,100,,67139,2,,,1
3301,'Dimanche-1',707,,80677,2,,,1,100,,80678,2,,,1,100,,80686,2,,,1,100,,80679,2,,,1,100,,80674,2,,,1,100,,80675,2,,,1,100,,80673,2,,,1,100,,80676,2,,,1,100,,80680,2,,,1,100,,80681,2,,,1,100,,80683,2,,,1,100,,80685,2,,,1,100,,80684,2,,,1,100,,80682,2,,,1,100,,80687,2,,,1,100,,80688,2,,,1,100,,80689,2,,,1,100,,80690,2,,,1
3301,'Semaine-1',552,,80714,2,,,1,60,,80722,2,,,1,18,,80699,2,,,1,14,,80719,2,,,1,58,,80715,2,,,1,10,,80710,2,,,1,11,,80730,2,,,1,13,,80728,2,,,1,15,,80717,2,,,1,54,,80705,2,,,1,12,,80721,2,,,1,14,,80695,2,,,1,70,,80707,2,,,1,31,,80713,2,,,1,70,,80703,2,,,1,30,,80724,2,,,1,70,,80708,2,,,1,30,,80700,2,,,1,70,,80702,2,,,1,15,,80720,2,,,1,15,,80729,2,,,1,25,,80711,2,,,1,70,,80701,2,,,1,30,,80706,2,,,1,70,,80709,2,,,1,20,,80731,2,,,1,60,,80712,2,,,1,18,,80716,2,,,1,22,,80697,2,,,1,60,,80727,2,,,1,20,,80704,2,,,1,27,,80694,2,,,1,72,,80691,2,,,1,76,,80725,2,,,1,30,,80698,2,,,1,70,,80693,2,,,1,100,,80696,2,,,1,34,,80718,2,,,1,101,,80723,2,,,2,100,,80692,2,,,1,100,,80726,2,,,1
3301,'Semaine-12',552,,80755,2,,,1,60,,80763,2,,,1,18,,80740,2,,,1,14,,80760,2,,,1,58,,80756,2,,,1,10,,80751,2,,,1,11,,80771,2,,,1,13,,80769,2,,,1,15,,80758,2,,,1,54,,80746,2,,,1,12,,80762,2,,,1,14,,80736,2,,,1,70,,80748,2,,,1,31,,80754,2,,,1,70,,80744,2,,,1,30,,80765,2,,,1,70,,80749,2,,,1,30,,80741,2,,,1,70,,80743,2,,,1,15,,80761,2,,,1,15,,80770,2,,,1,25,,80752,2,,,1,70,,80742,2,,,1,30,,80747,2,,,1,70,,80750,2,,,1,20,,80772,2,,,1,60,,80753,2,,,1,18,,80757,2,,,1,22,,80738,2,,,1,60,,80768,2,,,1,20,,80745,2,,,1,27,,80735,2,,,1,72,,80732,2,,,1,76,,80766,2,,,1,30,,80739,2,,,1,70,,80734,2,,,1,100,,80737,2,,,1,34,,80759,2,,,1,101,,80764,2,,,2,100,,80733,2,,,1,100,,80767,2,,,1
33101,'Semaine-1',1621,,85913,7,0,7 8,1
33101,'Semaine-12',1621,,85914,7,0,7 8,1
43301,'Semaine-1',722,,86781,3,0,9 14,1
43301,'Semaine-12',722,,86782,3,0,9 14,1
56601,'Semaine-1',709,,86819,35,0,5 6,1
56601,'Semaine-12',709,,86820,35,0,5 6,1
82700,'Semaine-1',1535,,87128,16,0,9 12 13,2
82700,'Semaine-12',1535,,87129,16,0,9 12 13,2
