4500,'Semaine-1',1522,,81964,30,,,1,36,,81959,30,,,1,70,,81960,30,,,1,72,,81962,30,,,1,27,,81963,30,,,1,25,,81961,30,,,2
4500,'Semaine-12',1522,,81970,30,,,1,36,,81965,30,,,1,70,,81966,30,,,1,72,,81968,30,,,1,27,,81969,30,,,1,25,,81967,30,,,2
5200,'Samedi-1',637,,82231,16,,,1,100,,82232,16,,,1,100,,82233,16,,,1,101,,82234,16,,,1,100,,82235,16,,,1,101,,82236,16,,,1,101,,82237,16,,,1,100,,82238,16,,,1,99,,82239,16,,,1,100,,82240,16,,,1,100,,82241,16,,,1,100,,82242,16,,,1,99,,82243,16,,,1,100,,82246,16,,,1,100,,82244,16,,,1,100,,82245,16,,,1,98,,82247,16,,,1,100,,82248,16,,,1
5200,'Samedi-10',637,,70287,16,,,1,100,,70288,16,,,1,100,,70289,16,,,1,101,,70290,16,,,1,100,,70291,16,,,1,101,,70292,16,,,1,101,,70293,16,,,1,100,,70294,16,,,1,99,,70295,16,,,1,100,,70296,16,,,1,100,,70297,16,,,1,100,,70298,16,,,1,99,,70299,16,,,1,100,,70302,16,,,1,100,,70300,16,,,1,100,,70301,16,,,1,98,,70303,16,,,1,100,,70304,16,,,1
5200,'Dimanche-1',637,,82250,16,,,1,100,,82249,16,,,1,100,,82251,16,,,1,101,,82254,16,,,1,100,,82252,16,,,1,101,,82253,16,,,1,101,,82257,16,,,1,100,,82256,16,,,1,99,,82258,16,,,1,100,,82255,16,,,1,100,,82259,16,,,1,100,,82261,16,,,1,99,,82262,16,,,1,100,,82260,16,,,1,100,,82263,16,,,1,100,,82264,16,,,1,98,,82265,16,,,1,100,,82266,16,,,1
5200,'Semaine-1',608,,82270,16,,,1,98,,82272,16,,,1,107,,82267,16,,,1,98,,82283,16,,,1,97,,82281,16,,,1,101,,82268,16,,,1,100,,82275,16,,,1,100,,82274,16,,,1,100,,82271,16,,,1,101,,82269,16,,,1,108,,82273,16,,,1,100,,82284,16,,,1,107,,82282,16,,,1,99,,82276,16,,,1,84,,82280,16,,,1,100,,82279,16,,,1,100,,82277,16,,,1,100,,82278,16,,,1
5200,'Semaine-12',608,,82288,16,,,1,98,,82290,16,,,1,107,,82285,16,,,1,98,,82301,16,,,1,97,,82299,16,,,1,101,,82286,16,,,1,100,,82293,16,,,1,100,,82292,16,,,1,100,,82289,16,,,1,101,,82287,16,,,1,108,,82291,16,,,1,100,,82302,16,,,1,107,,82300,16,,,1,99,,82294,16,,,1,84,,82298,16,,,1,100,,82297,16,,,1,100,,82295,16,,,1,100,,82296,16,,,1
5601,'Semaine-1',1240,,82735,33,,,1,102,,82732,33,,,1,100,,82731,33,,,1,102,,82734,33,,,2,104,,82733,33,,,1,99,,82736,33,,,1,94,,82737,33,,,1
5601,'Semaine-12',1240,,82742,33,,,1,102,,82739,33,,,1,100,,82738,33,,,1,102,,82741,33,,,2,104,,82740,33,,,1,99,,82743,33,,,1,94,,82744,33,,,1
64500,'Semaine-1',707,,86851,7,0,9 10,1
64500,'Semaine-12',707,,86852,7,0,9 10,1
