3200,'Semaine-1',646,,80376,36,,,1,71,,80375,36,,,1,33,,80371,36,,,1,73,,80373,36,,,1,27,,80372,36,,,2,70,,80374,36,,,1,28,,80347,36,,,2,70,,80342,36,,,1,30,,80343,36,,,2,70,,80354,36,,,1,30,,80348,36,,,1,73,,80334,36,,,1,29,,80335,36,,,1,69,,80346,36,,,1,30,,80349,36,,,1,70,,80355,36,,,1,32,,80336,36,,,1,70,,80381,36,,,1,15,,80333,36,,,2,16,,80363,36,,,1,50,,80353,36,,,1,11,,80359,36,,,2,10,,80360,36,,,1,10,,80378,36,,,1,10,,80379,36,,,1,10,,80380,36,,,2,53,,80377,36,,,2,7,,80350,36,,,1,10,,80361,36,,,1,10,,80369,36,,,2,10,,80362,36,,,2,8,,80339,36,,,1,50,,80370,36,,,1,10,,80356,36,,,2,8,,80358,36,,,1,10,,80357,36,,,1,18,,80351,36,,,2,65,,80345,36,,,1,30,,80340,36,,,1,70,,80337,36,,,2,29,,80352,36,,,2,70,,80344,36,,,1,33,,80341,36,,,1,66,,80338,36,,,2,30,,80364,36,,,1,68,,80365,36,,,1,28,,80366,36,,,1,69,,80367,36,,,1,30,,80368,36,,,1
3200,'Semaine-12',646,,80425,36,,,1,71,,80424,36,,,1,33,,80420,36,,,1,73,,80422,36,,,1,27,,80421,36,,,2,70,,80423,36,,,1,28,,80396,36,,,2,70,,80391,36,,,1,30,,80392,36,,,2,70,,80403,36,,,1,30,,80397,36,,,1,73,,80383,36,,,1,29,,80384,36,,,1,69,,80395,36,,,1,30,,80398,36,,,1,70,,80404,36,,,1,32,,80385,36,,,1,70,,80430,36,,,1,15,,80382,36,,,2,16,,80412,36,,,1,50,,80402,36,,,1,11,,80408,36,,,2,10,,80409,36,,,1,10,,80427,36,,,1,10,,80428,36,,,1,10,,80429,36,,,2,53,,80426,36,,,2,7,,80399,36,,,1,10,,80410,36,,,1,10,,80418,36,,,2,10,,80411,36,,,2,8,,80388,36,,,1,50,,80419,36,,,1,10,,80405,36,,,2,8,,80407,36,,,1,10,,80406,36,,,1,18,,80400,36,,,2,65,,80394,36,,,1,30,,80389,36,,,1,70,,80386,36,,,2,29,,80401,36,,,2,70,,80393,36,,,1,33,,80390,36,,,1,66,,80387,36,,,2,30,,80413,36,,,1,68,,80414,36,,,1,28,,80415,36,,,1,69,,80416,36,,,1,30,,80417,36,,,1
3400,'Samedi-1',802,,80773,50,,,1,100,,80778,50,,,1,30,,80774,50,,,1,71,,80780,50,,,1,30,,80781,50,,,1,71,,80775,50,,,1,30,,80776,50,,,1,70,,80777,50,,,1,30,,80779,50,,,1,72,,80782,50,,,1,30,,80784,50,,,1,70,,80783,50,,,1,30,,80785,50,,,1,70,,80786,50,,,1,30,,80787,50,,,1,70,,80788,50,,,1,30,,80789,50,,,1,71,,80790,50,,,1,30,,80791,50,,,1,70,,80792,50,,,1,30,,80793,50,,,1,68,,80794,50,,,1,28,,80795,50,,,1,69,,80796,50,,,1,31,,80797,50,,,1,70,,80798,50,,,1,30,,80799,50,,,1,70,,80800,50,,,1,30,,80801,50,,,1,70,,80803,50,,,1,30,,80802,50,,,1,69,,80805,50,,,1,30,,80804,50,,,1,26,,80806,50,,,1
3400,'Samedi-10',802,,67369,50,,,1,100,,67374,50,,,1,30,,67370,50,,,1,71,,67376,50,,,1,30,,67377,50,,,1,71,,67371,50,,,1,30,,67372,50,,,1,70,,67373,50,,,1,30,,67375,50,,,1,72,,67378,50,,,1,30,,67380,50,,,1,70,,67379,50,,,1,30,,67381,50,,,1,70,,67382,50,,,1,30,,67383,50,,,1,70,,67384,50,,,1,30,,67385,50,,,1,71,,67386,50,,,1,30,,67387,50,,,1,70,,67388,50,,,1,30,,67389,50,,,1,68,,67390,50,,,1,28,,67391,50,,,1,69,,67392,50,,,1,31,,67393,50,,,1,70,,67394,50,,,1,30,,67395,50,,,1,70,,67396,50,,,1,30,,67397,50,,,1,70,,67399,50,,,1,30,,67398,50,,,1,69,,67401,50,,,1,30,,67400,50,,,1,26,,67402,50,,,1
3400,'Dimanche-1',802,,80811,50,,,1,100,,80831,50,,,1,30,,80813,50,,,1,71,,80817,50,,,1,30,,80810,50,,,1,71,,80818,50,,,1,30,,80809,50,,,1,70,,80808,50,,,1,30,,80821,50,,,1,72,,80812,50,,,1,30,,80815,50,,,1,70,,80814,50,,,1,30,,80807,50,,,1,70,,80823,50,,,1,30,,80819,50,,,1,70,,80820,50,,,1,30,,80816,50,,,1,71,,80827,50,,,1,30,,80826,50,,,1,70,,80824,50,,,1,30,,80822,50,,,1,68,,80825,50,,,1,28,,80830,50,,,1,69,,80828,50,,,1,31,,80829,50,,,1,70,,80832,50,,,1,30,,80833,50,,,1,70,,80834,50,,,1,30,,80835,50,,,1,70,,80836,50,,,1,30,,80837,50,,,1,69,,80839,50,,,1,30,,80838,50,,,1,26,,80840,50,,,1
3400,'Semaine-1',640,,80871,50,,,1,68,,80856,50,,,1,33,,80850,50,,,1,76,,80854,50,,,1,30,,80845,50,,,2,68,,80865,50,,,1,30,,80851,50,,,1,67,,80841,50,,,1,30,,80846,50,,,1,70,,80847,50,,,1,30,,80852,50,,,1,70,,80842,50,,,1,31,,80872,50,,,1,70,,80848,50,,,1,30,,80853,50,,,1,70,,80843,50,,,1,34,,80869,50,,,1,70,,80844,50,,,1,25,,80870,50,,,1,306,,80868,50,,,1,60,,80857,50,,,1,27,,80849,50,,,1,70,,80861,50,,,1,30,,80867,50,,,1,71,,80858,50,,,1,27,,80860,50,,,1,70,,80862,50,,,1,30,,80855,50,,,1,70,,80864,50,,,1,28,,80859,50,,,1,69,,80863,50,,,1,30,,80866,50,,,1
3400,'Semaine-12',640,,80903,50,,,1,68,,80888,50,,,1,33,,80882,50,,,1,76,,80886,50,,,1,30,,80877,50,,,2,68,,80897,50,,,1,30,,80883,50,,,1,67,,80873,50,,,1,30,,80878,50,,,1,70,,80879,50,,,1,30,,80884,50,,,1,70,,80874,50,,,1,31,,80904,50,,,1,70,,80880,50,,,1,30,,80885,50,,,1,70,,80875,50,,,1,34,,80901,50,,,1,70,,80876,50,,,1,25,,80902,50,,,1,306,,80900,50,,,1,60,,80889,50,,,1,27,,80881,50,,,1,70,,80893,50,,,1,30,,80899,50,,,1,71,,80890,50,,,1,27,,80892,50,,,1,70,,80894,50,,,1,30,,80887,50,,,1,70,,80896,50,,,1,28,,80891,50,,,1,69,,80895,50,,,1,30,,80898,50,,,1
4901,'Samedi-1',732,,82116,30,,,1,100,,82115,30,,,1,100,,82117,30,,,1,100,,82113,30,,,1,100,,82118,30,,,1,101,,82114,30,,,1,100,,82119,30,,,1,101,,82120,30,,,1,100,,82121,30,,,1,100,,82122,30,,,1,100,,82123,30,,,1,98,,82124,30,,,1,100,,82125,30,,,1,100,,82126,30,,,1,100,,82127,30,,,1,100,,82128,30,,,1,100,,82129,30,,,1
4901,'Samedi-10',732,,70061,30,,,1,100,,70060,30,,,1,100,,70062,30,,,1,100,,70058,30,,,1,100,,70063,30,,,1,101,,70059,30,,,1,100,,70064,30,,,1,101,,70065,30,,,1,100,,70066,30,,,1,100,,70067,30,,,1,100,,70068,30,,,1,98,,70069,30,,,1,100,,70070,30,,,1,100,,70071,30,,,1,100,,70072,30,,,1,100,,70073,30,,,1,100,,70074,30,,,1
4901,'Dimanche-1',732,,82143,30,,,1,100,,82132,30,,,1,100,,82142,30,,,1,100,,82135,30,,,1,100,,82131,30,,,1,101,,82130,30,,,1,100,,82133,30,,,1,101,,82134,30,,,1,100,,82137,30,,,1,100,,82136,30,,,1,100,,82140,30,,,1,98,,82139,30,,,1,100,,82141,30,,,1,100,,82138,30,,,1,100,,82144,30,,,1,100,,82145,30,,,1,100,,82146,30,,,1
4901,'Semaine-1',616,,82153,30,,,1,89,,82158,30,,,1,31,,82174,30,,,1,71,,82170,30,,,1,28,,82168,30,,,1,67,,82178,30,,,1,30,,82160,30,,,1,70,,82176,30,,,1,28,,82172,30,,,1,72,,82147,30,,,1,30,,82169,30,,,1,70,,82148,30,,,1,30,,82154,30,,,1,70,,82156,30,,,1,30,,82161,30,,,1,69,,82177,30,,,1,31,,82159,30,,,1,73,,82179,30,,,1,22,,82175,30,,,1,11,,82162,30,,,1,15,,82149,30,,,1,55,,82165,30,,,1,30,,82155,30,,,1,67,,82157,30,,,1,29,,82173,30,,,1,68,,82167,30,,,1,30,,82171,30,,,1,94,,82150,30,,,1,80,,82166,30,,,1,101,,82164,30,,,1,98,,82151,30,,,1,100,,82163,30,,,1,98,,82152,30,,,1
4901,'Semaine-12',616,,82186,30,,,1,89,,82191,30,,,1,31,,82207,30,,,1,71,,82203,30,,,1,28,,82201,30,,,1,67,,82211,30,,,1,30,,82193,30,,,1,70,,82209,30,,,1,28,,82205,30,,,1,72,,82180,30,,,1,30,,82202,30,,,1,70,,82181,30,,,1,30,,82187,30,,,1,70,,82189,30,,,1,30,,82194,30,,,1,69,,82210,30,,,1,31,,82192,30,,,1,73,,82212,30,,,1,22,,82208,30,,,1,11,,82195,30,,,1,15,,82182,30,,,1,55,,82198,30,,,1,30,,82188,30,,,1,67,,82190,30,,,1,29,,82206,30,,,1,68,,82200,30,,,1,30,,82204,30,,,1,94,,82183,30,,,1,80,,82199,30,,,1,101,,82197,30,,,1,98,,82184,30,,,1,100,,82196,30,,,1,98,,82185,30,,,1
32600,'Semaine-1',1650,,85903,44,0,7 8,1
32600,'Semaine-12',1650,,85904,44,0,7 8,1
44901,'Semaine-1',1516,,86793,22,0,9 14,1
44901,'Semaine-12',1516,,86794,22,0,9 14,1
54901,'Semaine-1',1538,,86796,23,,,1
54901,'Semaine-12',1538,,86798,23,,,1
63901,'Semaine-1',717,,86835,33,0,9 10,1
63901,'Semaine-12',717,,86836,33,0,9 10,1
82600,'Semaine-1',1551,,87121,36,0,9 12 13,1
82600,'Semaine-12',1551,,87123,36,0,9 12 13,1
