6401,'Samedi-1',733,,83372,31,,,1,100,,83369,31,,,1,100,,83371,31,,,1,100,,83374,31,,,1,100,,83370,31,,,1,100,,83375,31,,,1,100,,83373,31,,,1,100,,83376,31,,,1,100,,83377,31,,,1,100,,83378,31,,,1,100,,83379,31,,,1
6401,'Samedi-10',733,,72587,31,,,1,100,,72584,31,,,1,100,,72586,31,,,1,100,,72589,31,,,1,100,,72585,31,,,1,100,,72590,31,,,1,100,,72588,31,,,1,100,,72591,31,,,1,100,,72592,31,,,1,100,,72593,31,,,1,100,,72594,31,,,1
6401,'Dimanche-1',733,,83384,31,,,1,100,,83381,31,,,1,100,,83387,31,,,1,100,,83388,31,,,1,100,,83385,31,,,1,100,,83380,31,,,1,100,,83382,31,,,1,100,,83383,31,,,1,100,,83389,31,,,1,100,,83386,31,,,1,100,,83390,31,,,1
6401,'Semaine-1',533,,83391,31,,,2,108,,83401,31,,,2,100,,83403,31,,,1,100,,83400,31,,,1,96,,83408,31,,,1,100,,83395,31,,,1,100,,83394,31,,,1,100,,83406,31,,,1,100,,83402,31,,,2,100,,83404,31,,,1,100,,83405,31,,,1,102,,83396,31,,,1,98,,83392,31,,,1,100,,83393,31,,,1,97,,83399,31,,,1,100,,83397,31,,,1,100,,83398,31,,,1,100,,83407,31,,,1
6401,'Semaine-12',533,,83409,31,,,2,108,,83419,31,,,2,100,,83421,31,,,1,100,,83418,31,,,1,96,,83426,31,,,1,100,,83413,31,,,1,100,,83412,31,,,1,100,,83424,31,,,1,100,,83420,31,,,2,100,,83422,31,,,1,100,,83423,31,,,1,102,,83414,31,,,1,98,,83410,31,,,1,100,,83411,31,,,1,97,,83417,31,,,1,100,,83415,31,,,1,100,,83416,31,,,1,100,,83425,31,,,1
6601,'Samedi-1',700,,83727,34,,,1,100,,83729,34,,,1,100,,83733,34,,,1,100,,83730,34,,,1,100,,83734,34,,,1,100,,83728,34,,,1,100,,83731,34,,,1,100,,83732,34,,,1,100,,83735,34,,,1,100,,83736,34,,,1,100,,83737,34,,,1,100,,83738,34,,,1,100,,83739,34,,,1,100,,83741,34,,,1,100,,83740,34,,,1,100,,83742,34,,,1,100,,83743,34,,,1,100,,83744,34,,,1
6601,'Samedi-10',700,,73314,34,,,1,100,,73316,34,,,1,100,,73320,34,,,1,100,,73317,34,,,1,100,,73321,34,,,1,100,,73315,34,,,1,100,,73318,34,,,1,100,,73319,34,,,1,100,,73322,34,,,1,100,,73323,34,,,1,100,,73324,34,,,1,100,,73325,34,,,1,100,,73326,34,,,1,100,,73328,34,,,1,100,,73327,34,,,1,100,,73329,34,,,1,100,,73330,34,,,1,100,,73331,34,,,1
6601,'Dimanche-1',700,,83746,34,,,1,100,,83750,34,,,1,100,,83751,34,,,1,100,,83752,34,,,1,100,,83745,34,,,1,100,,83747,34,,,1,100,,83748,34,,,1,100,,83749,34,,,1,100,,83754,34,,,1,100,,83753,34,,,1,100,,83757,34,,,1,100,,83755,34,,,1,100,,83758,34,,,1,100,,83756,34,,,1,100,,83759,34,,,1,100,,83760,34,,,1,100,,83761,34,,,1,100,,83762,34,,,1
6601,'Semaine-1',551,,83772,34,,,2,60,,83765,34,,,1,18,,83774,34,,,1,21,,83780,34,,,2,60,,83775,34,,,2,21,,83766,34,,,1,23,,83778,34,,,2,59,,83771,34,,,1,18,,83787,34,,,1,21,,83764,34,,,1,59,,83777,34,,,1,18,,83788,34,,,1,20,,83796,34,,,1,102,,83776,34,,,1,100,,83768,34,,,1,100,,83792,34,,,1,100,,83793,34,,,1,100,,83779,34,,,2,62,,83767,34,,,1,19,,83784,34,,,2,19,,83781,34,,,1,64,,83794,34,,,1,22,,83763,34,,,1,19,,83789,34,,,1,60,,83782,34,,,1,20,,83795,34,,,1,18,,83785,34,,,2,64,,83790,34,,,2,20,,83783,34,,,1,18,,83791,34,,,1,60,,83797,34,,,2,94,,83770,34,,,2,100,,83769,34,,,1,95,,83773,34,,,1,100,,83786,34,,,1
6601,'Semaine-12',551,,83807,34,,,2,60,,83800,34,,,1,18,,83809,34,,,1,21,,83815,34,,,2,60,,83810,34,,,2,21,,83801,34,,,1,23,,83813,34,,,2,59,,83806,34,,,1,18,,83822,34,,,1,21,,83799,34,,,1,59,,83812,34,,,1,18,,83823,34,,,1,20,,83831,34,,,1,102,,83811,34,,,1,100,,83803,34,,,1,100,,83827,34,,,1,100,,83828,34,,,1,100,,83814,34,,,2,62,,83802,34,,,1,19,,83819,34,,,2,19,,83816,34,,,1,64,,83829,34,,,1,22,,83798,34,,,1,19,,83824,34,,,1,60,,83817,34,,,1,20,,83830,34,,,1,18,,83820,34,,,2,64,,83825,34,,,2,20,,83818,34,,,1,18,,83826,34,,,1,60,,83832,34,,,2,94,,83805,34,,,2,100,,83804,34,,,1,95,,83808,34,,,1,100,,83821,34,,,1
56601,'Semaine-1',646,,86819,9,0,5 6,1
56601,'Semaine-12',646,,86820,9,0,5 6,1
