4200,'Semaine-1',629,,81951,20,,,1,106,,81952,20,,,1,905,,81953,20,,,1,99,,81954,20,,,1
4200,'Semaine-12',629,,81955,20,,,1,106,,81956,20,,,1,905,,81957,20,,,1,99,,81958,20,,,1
5200,'Samedi-1',631,,82231,9,,,1,100,,82232,9,,,1,100,,82233,9,,,1,100,,82234,9,,,1,100,,82235,9,,,1,101,,82236,9,,,1,101,,82237,9,,,1,100,,82238,9,,,1,99,,82239,9,,,1,100,,82240,9,,,1,100,,82241,9,,,1,100,,82242,9,,,1,99,,82243,9,,,1,100,,82246,9,,,1,100,,82244,9,,,1,100,,82245,9,,,1,99,,82247,9,,,1,100,,82248,9,,,1
5200,'Samedi-10',631,,70287,9,,,1,100,,70288,9,,,1,100,,70289,9,,,1,100,,70290,9,,,1,100,,70291,9,,,1,101,,70292,9,,,1,101,,70293,9,,,1,100,,70294,9,,,1,99,,70295,9,,,1,100,,70296,9,,,1,100,,70297,9,,,1,100,,70298,9,,,1,99,,70299,9,,,1,100,,70302,9,,,1,100,,70300,9,,,1,100,,70301,9,,,1,99,,70303,9,,,1,100,,70304,9,,,1
5200,'Dimanche-1',631,,82250,9,,,1,100,,82249,9,,,1,100,,82251,9,,,1,100,,82254,9,,,1,100,,82252,9,,,1,101,,82253,9,,,1,101,,82257,9,,,1,100,,82256,9,,,1,99,,82258,9,,,1,100,,82255,9,,,1,100,,82259,9,,,1,100,,82261,9,,,1,99,,82262,9,,,1,100,,82260,9,,,1,100,,82263,9,,,1,100,,82264,9,,,1,99,,82265,9,,,1,100,,82266,9,,,1
5200,'Semaine-1',601,,82270,9,,,1,57,,82272,9,,,1,147,,82267,9,,,1,98,,82283,9,,,1,98,,82281,9,,,1,101,,82268,9,,,1,100,,82275,9,,,1,100,,82274,9,,,1,100,,82271,9,,,1,100,,82269,9,,,1,107,,82273,9,,,1,100,,82284,9,,,1,109,,82282,9,,,1,99,,82276,9,,,1,85,,82280,9,,,1,100,,82279,9,,,1,100,,82277,9,,,1,100,,82278,9,,,1
5200,'Semaine-12',601,,82288,9,,,1,57,,82290,9,,,1,147,,82285,9,,,1,98,,82301,9,,,1,98,,82299,9,,,1,101,,82286,9,,,1,100,,82293,9,,,1,100,,82292,9,,,1,100,,82289,9,,,1,100,,82287,9,,,1,107,,82291,9,,,1,100,,82302,9,,,1,109,,82300,9,,,1,99,,82294,9,,,1,85,,82298,9,,,1,100,,82297,9,,,1,100,,82295,9,,,1,100,,82296,9,,,1
5401,'Semaine-1',700,,82382,9,,,2,56,,82381,9,,,1,144,,82383,9,,,1
5401,'Semaine-12',700,,82385,9,,,2,56,,82384,9,,,1,144,,82386,9,,,1
44901,'Semaine-1',1528,,86793,33,0,9 14,1
44901,'Semaine-12',1528,,86794,33,0,9 14,1
