4000,'Semaine-1',1537,,81911,31,,,1,70,,81907,31,,,2,35,,81910,31,,,1,67,,81909,31,,,1,28,,81908,31,,,1,68,,81912,31,,,1
4000,'Semaine-12',1537,,81917,31,,,1,70,,81913,31,,,2,35,,81916,31,,,1,67,,81915,31,,,1,28,,81914,31,,,1,68,,81918,31,,,1
4100,'Semaine-1',1547,,81932,31,,,1,71,,81934,31,,,1,35,,81933,31,,,2,64,,81931,31,,,1,29,,81935,31,,,1
4100,'Semaine-12',1547,,81937,31,,,1,71,,81939,31,,,1,35,,81938,31,,,2,64,,81936,31,,,1,29,,81940,31,,,1
4901,'Samedi-1',745,,82116,39,,,1,100,,82115,39,,,1,100,,82117,39,,,1,102,,82113,39,,,1,100,,82118,39,,,1,102,,82114,39,,,1,100,,82119,39,,,1,100,,82120,39,,,1,100,,82121,39,,,1,100,,82122,39,,,1,100,,82123,39,,,1,97,,82124,39,,,1,100,,82125,39,,,1,100,,82126,39,,,1,100,,82127,39,,,1,100,,82128,39,,,1,100,,82129,39,,,1
4901,'Samedi-10',745,,70061,39,,,1,100,,70060,39,,,1,100,,70062,39,,,1,102,,70058,39,,,1,100,,70063,39,,,1,102,,70059,39,,,1,100,,70064,39,,,1,100,,70065,39,,,1,100,,70066,39,,,1,100,,70067,39,,,1,100,,70068,39,,,1,97,,70069,39,,,1,100,,70070,39,,,1,100,,70071,39,,,1,100,,70072,39,,,1,100,,70073,39,,,1,100,,70074,39,,,1
4901,'Dimanche-1',745,,82143,39,,,1,100,,82132,39,,,1,100,,82142,39,,,1,102,,82135,39,,,1,100,,82131,39,,,1,102,,82130,39,,,1,100,,82133,39,,,1,100,,82134,39,,,1,100,,82137,39,,,1,100,,82136,39,,,1,100,,82140,39,,,1,97,,82139,39,,,1,100,,82141,39,,,1,100,,82138,39,,,1,100,,82144,39,,,1,100,,82145,39,,,1,100,,82146,39,,,1
4901,'Semaine-1',629,,82153,39,,,1,89,,82158,39,,,1,31,,82174,39,,,1,72,,82170,39,,,1,30,,82168,39,,,1,66,,82178,39,,,1,28,,82160,39,,,1,69,,82176,39,,,1,29,,82172,39,,,1,72,,82147,39,,,1,30,,82169,39,,,1,70,,82148,39,,,1,30,,82154,39,,,1,70,,82156,39,,,1,30,,82161,39,,,1,69,,82177,39,,,1,32,,82159,39,,,1,72,,82179,39,,,1,25,,82175,39,,,1,12,,82162,39,,,1,55,,82149,39,,,1,15,,82165,39,,,1,30,,82155,39,,,1,65,,82157,39,,,1,29,,82173,39,,,1,66,,82167,39,,,1,30,,82171,39,,,1,94,,82150,39,,,1,80,,82166,39,,,1,101,,82164,39,,,1,97,,82151,39,,,1,100,,82163,39,,,1,97,,82152,39,,,1
4901,'Semaine-12',629,,82186,39,,,1,89,,82191,39,,,1,31,,82207,39,,,1,72,,82203,39,,,1,30,,82201,39,,,1,66,,82211,39,,,1,28,,82193,39,,,1,69,,82209,39,,,1,29,,82205,39,,,1,72,,82180,39,,,1,30,,82202,39,,,1,70,,82181,39,,,1,30,,82187,39,,,1,70,,82189,39,,,1,30,,82194,39,,,1,69,,82210,39,,,1,32,,82192,39,,,1,72,,82212,39,,,1,25,,82208,39,,,1,12,,82195,39,,,1,55,,82182,39,,,1,15,,82198,39,,,1,30,,82188,39,,,1,65,,82190,39,,,1,29,,82206,39,,,1,66,,82200,39,,,1,30,,82204,39,,,1,94,,82183,39,,,1,80,,82199,39,,,1,101,,82197,39,,,1,97,,82184,39,,,1,100,,82196,39,,,1,97,,82185,39,,,1
5500,'Samedi-1',715,,82390,32,,,1,30,,82387,32,,,1,70,,82388,32,,,1,30,,82391,32,,,1,70,,82389,32,,,1,30,,82396,32,,,1,73,,82393,32,,,1,30,,82394,32,,,1,68,,82399,32,,,1,32,,82398,32,,,1,70,,82392,32,,,1,30,,82395,32,,,1,70,,82397,32,,,1,30,,82400,32,,,1,70,,82401,32,,,1,30,,82402,32,,,1,70,,82403,32,,,1,30,,82404,32,,,1,70,,82405,32,,,1,31,,82406,32,,,1,70,,82407,32,,,1,30,,82408,32,,,1,70,,82409,32,,,1,30,,82410,32,,,1,68,,82412,32,,,1,30,,82411,32,,,1,70,,82413,32,,,1,30,,82415,32,,,1,70,,82414,32,,,1,30,,82416,32,,,1,69,,82417,32,,,1,30,,82420,32,,,1,70,,82422,32,,,1,30,,82419,32,,,1,69,,82418,32,,,1,28,,82421,32,,,1
5500,'Samedi-10',715,,70650,32,,,1,30,,70647,32,,,1,70,,70648,32,,,1,30,,70651,32,,,1,70,,70649,32,,,1,30,,70656,32,,,1,73,,70653,32,,,1,30,,70654,32,,,1,68,,70659,32,,,1,32,,70658,32,,,1,70,,70652,32,,,1,30,,70655,32,,,1,70,,70657,32,,,1,30,,70660,32,,,1,70,,70661,32,,,1,30,,70662,32,,,1,70,,70663,32,,,1,30,,70664,32,,,1,70,,70665,32,,,1,31,,70666,32,,,1,70,,70667,32,,,1,30,,70668,32,,,1,70,,70669,32,,,1,30,,70670,32,,,1,68,,70672,32,,,1,30,,70671,32,,,1,70,,70673,32,,,1,30,,70675,32,,,1,70,,70674,32,,,1,30,,70676,32,,,1,69,,70677,32,,,1,30,,70680,32,,,1,70,,70682,32,,,1,30,,70679,32,,,1,69,,70678,32,,,1,28,,70681,32,,,1
5500,'Dimanche-1',715,,82427,32,,,1,30,,82432,32,,,1,70,,82424,32,,,1,30,,82429,32,,,1,70,,82426,32,,,1,30,,82423,32,,,1,73,,82434,32,,,1,30,,82428,32,,,1,68,,82425,32,,,1,32,,82437,32,,,1,70,,82433,32,,,1,30,,82438,32,,,1,70,,82431,32,,,1,30,,82430,32,,,1,70,,82436,32,,,1,30,,82441,32,,,1,70,,82435,32,,,1,30,,82440,32,,,1,70,,82443,32,,,1,31,,82447,32,,,1,70,,82442,32,,,1,30,,82448,32,,,1,70,,82439,32,,,1,30,,82445,32,,,1,68,,82446,32,,,1,30,,82449,32,,,1,70,,82444,32,,,1,30,,82450,32,,,1,70,,82452,32,,,1,30,,82451,32,,,1,69,,82453,32,,,1,30,,82455,32,,,1,70,,82456,32,,,1,30,,82454,32,,,1,69,,82457,32,,,1,28,,82458,32,,,1
5500,'Semaine-1',649,,82461,32,,,1,103,,82477,32,,,1,69,,82460,32,,,1,97,,82496,32,,,1,28,,82497,32,,,1,70,,82466,32,,,1,30,,82476,32,,,1,69,,82480,32,,,1,32,,82502,32,,,1,70,,82462,32,,,1,30,,82501,32,,,1,69,,82479,32,,,1,30,,82494,32,,,1,70,,82488,32,,,1,25,,82495,32,,,1,16,,82481,32,,,1,54,,82459,32,,,1,17,,82500,32,,,1,17,,82470,32,,,1,55,,82503,32,,,1,13,,82491,32,,,1,10,,82463,32,,,1,13,,82474,32,,,1,18,,82506,32,,,1,49,,82499,32,,,1,11,,82465,32,,,1,11,,82482,32,,,1,10,,82475,32,,,1,11,,82504,32,,,1,12,,82489,32,,,1,48,,82469,32,,,1,12,,82464,32,,,1,10,,82505,32,,,1,11,,82473,32,,,1,11,,82468,32,,,1,50,,82478,32,,,1,30,,82493,32,,,1,29,,82498,32,,,1,70,,82485,32,,,1,30,,82471,32,,,1,70,,82492,32,,,1,28,,82483,32,,,1,69,,82486,32,,,1,29,,82472,32,,,1,70,,82487,32,,,1,29,,82484,32,,,1,69,,82467,32,,,1,30,,82490,32,,,1
5500,'Semaine-12',649,,82509,32,,,1,103,,82525,32,,,1,69,,82508,32,,,1,97,,82544,32,,,1,28,,82545,32,,,1,70,,82514,32,,,1,30,,82524,32,,,1,69,,82528,32,,,1,32,,82550,32,,,1,70,,82510,32,,,1,30,,82549,32,,,1,69,,82527,32,,,1,30,,82542,32,,,1,70,,82536,32,,,1,25,,82543,32,,,1,16,,82529,32,,,1,54,,82507,32,,,1,17,,82548,32,,,1,17,,82518,32,,,1,55,,82551,32,,,1,13,,82539,32,,,1,10,,82511,32,,,1,13,,82522,32,,,1,18,,82554,32,,,1,49,,82547,32,,,1,11,,82513,32,,,1,11,,82530,32,,,1,10,,82523,32,,,1,11,,82552,32,,,1,12,,82537,32,,,1,48,,82517,32,,,1,12,,82512,32,,,1,10,,82553,32,,,1,11,,82521,32,,,1,11,,82516,32,,,1,50,,82526,32,,,1,30,,82541,32,,,1,29,,82546,32,,,1,70,,82533,32,,,1,30,,82519,32,,,1,70,,82540,32,,,1,28,,82531,32,,,1,69,,82534,32,,,1,29,,82520,32,,,1,70,,82535,32,,,1,29,,82532,32,,,1,69,,82515,32,,,1,30,,82538,32,,,1
5800,'Semaine-1',832,,82749,19,,,1,399,,82750,19,,,1,300,,82752,19,,,1,71,,82747,19,,,1,31,,82748,19,,,1,69,,82751,19,,,1,29,,82746,19,,,2,69,,82745,19,,,1
5800,'Semaine-12',832,,82757,19,,,1,399,,82758,19,,,1,300,,82760,19,,,1,71,,82755,19,,,1,31,,82756,19,,,1,69,,82759,19,,,1,29,,82754,19,,,2,69,,82753,19,,,1
5900,'Samedi-1',731,,82779,32,,,1,70,,82782,32,,,1,30,,82775,32,,,1,70,,82781,32,,,1,30,,82778,32,,,1,70,,82783,32,,,1,30,,82787,32,,,1,70,,82788,32,,,1,30,,82777,32,,,1,70,,82776,32,,,1,31,,82786,32,,,1,71,,82780,32,,,1,30,,82784,32,,,1,71,,82789,32,,,1,30,,82785,32,,,1,70,,82790,32,,,1,30,,82791,32,,,1,69,,82792,32,,,1,30,,82793,32,,,1,73,,82794,32,,,1,28,,82795,32,,,1,70,,82796,32,,,1,29,,82797,32,,,1,70,,82798,32,,,1,30,,82799,32,,,1,68,,82801,32,,,1,30,,82800,32,,,1,70,,82803,32,,,1,30,,82802,32,,,1,69,,82804,32,,,1,31,,82805,32,,,1,70,,82807,32,,,1,30,,82806,32,,,1,70,,82808,32,,,1
5900,'Samedi-10',731,,71438,32,,,1,70,,71441,32,,,1,30,,71434,32,,,1,70,,71440,32,,,1,30,,71437,32,,,1,70,,71442,32,,,1,30,,71446,32,,,1,70,,71447,32,,,1,30,,71436,32,,,1,70,,71435,32,,,1,31,,71445,32,,,1,71,,71439,32,,,1,30,,71443,32,,,1,71,,71448,32,,,1,30,,71444,32,,,1,70,,71449,32,,,1,30,,71450,32,,,1,69,,71451,32,,,1,30,,71452,32,,,1,73,,71453,32,,,1,28,,71454,32,,,1,70,,71455,32,,,1,29,,71456,32,,,1,70,,71457,32,,,1,30,,71458,32,,,1,68,,71460,32,,,1,30,,71459,32,,,1,70,,71462,32,,,1,30,,71461,32,,,1,69,,71463,32,,,1,31,,71464,32,,,1,70,,71466,32,,,1,30,,71465,32,,,1,70,,71467,32,,,1
5900,'Dimanche-1',731,,82814,32,,,1,70,,82813,32,,,1,30,,82809,32,,,1,70,,82818,32,,,1,30,,82824,32,,,1,70,,82815,32,,,1,30,,82822,32,,,1,70,,82817,32,,,1,30,,82823,32,,,1,70,,82810,32,,,1,31,,82821,32,,,1,71,,82811,32,,,1,30,,82819,32,,,1,71,,82825,32,,,1,30,,82812,32,,,1,70,,82816,32,,,1,30,,82820,32,,,1,69,,82829,32,,,1,30,,82830,32,,,1,73,,82827,32,,,1,28,,82832,32,,,1,70,,82828,32,,,1,29,,82834,32,,,1,70,,82826,32,,,1,30,,82831,32,,,1,68,,82835,32,,,1,30,,82833,32,,,1,70,,82836,32,,,1,30,,82837,32,,,1,69,,82838,32,,,1,31,,82839,32,,,1,70,,82841,32,,,1,30,,82840,32,,,1,70,,82842,32,,,1
5900,'Semaine-1',617,,82850,32,,,1,98,,82885,32,,,1,87,,82890,32,,,1,48,,82866,32,,,1,82,,82862,32,,,1,68,,82883,32,,,1,30,,82859,32,,,1,70,,82882,32,,,1,30,,82873,32,,,1,70,,82867,32,,,1,33,,82875,32,,,1,70,,82858,32,,,1,30,,82886,32,,,1,70,,82849,32,,,1,31,,82880,32,,,1,14,,82851,32,,,1,58,,82884,32,,,1,31,,82844,32,,,1,14,,82888,32,,,1,55,,82843,32,,,1,8,,82878,32,,,1,17,,82874,32,,,1,7,,82887,27,,,1,6,,82861,32,,,1,13,,82845,32,,,1,46,,82889,27,,,1,6,,82846,32,,,1,12,,82854,32,,,1,9,,82881,32,,,1,12,,82870,32,,,1,11,,82857,32,,,1,49,,82879,32,,,1,11,,82865,32,,,1,12,,82877,32,,,1,9,,82847,32,,,1,10,,82852,32,,,1,71,,82872,32,,,1,29,,82863,32,,,1,70,,82868,32,,,1,30,,82856,32,,,1,70,,82864,32,,,1,30,,82869,32,,,1,68,,82876,32,,,1,30,,82853,32,,,1,70,,82871,32,,,1,29,,82860,32,,,1,70,,82848,32,,,1,28,,82855,32,,,1
5900,'Semaine-12',617,,82898,32,,,1,98,,82933,32,,,1,87,,82938,32,,,1,48,,82914,32,,,1,82,,82910,32,,,1,68,,82931,32,,,1,30,,82907,32,,,1,70,,82930,32,,,1,30,,82921,32,,,1,70,,82915,32,,,1,33,,82923,32,,,1,70,,82906,32,,,1,30,,82934,32,,,1,70,,82897,32,,,1,31,,82928,32,,,1,14,,82899,32,,,1,58,,82932,32,,,1,31,,82892,32,,,1,14,,82936,32,,,1,55,,82891,32,,,1,8,,82926,32,,,1,17,,82922,32,,,1,7,,82935,27,,,1,6,,82909,32,,,1,13,,82893,32,,,1,46,,82937,27,,,1,6,,82894,32,,,1,12,,82902,32,,,1,9,,82929,32,,,1,12,,82918,32,,,1,11,,82905,32,,,1,49,,82927,32,,,1,11,,82913,32,,,1,12,,82925,32,,,1,9,,82895,32,,,1,10,,82900,32,,,1,71,,82920,32,,,1,29,,82911,32,,,1,70,,82916,32,,,1,30,,82904,32,,,1,70,,82912,32,,,1,30,,82917,32,,,1,68,,82924,32,,,1,30,,82901,32,,,1,70,,82919,32,,,1,29,,82908,32,,,1,70,,82896,32,,,1,28,,82903,32,,,1
54901,'Semaine-1',1551,,86796,32,,,1
54901,'Semaine-12',1551,,86798,32,,,1
65500,'Semaine-1',731,,86863,25,0,9 10,1
65500,'Semaine-12',731,,86864,25,0,9 10,1
74000,'Semaine-1',1641,,86880,28,0,5 11,1
74000,'Semaine-12',1641,,86882,28,0,5 11,1
75401,'Semaine-1',725,,86899,15,0,9 18,1
75401,'Semaine-12',725,,86900,15,0,9 18,1
80001,'Samedi-1',638,,87007,34,,,1,101,,87009,34,,,1,101,,87010,34,,,1,100,,87013,34,,,1,101,,87008,34,,,1,100,,87011,34,,,1,102,,87014,34,,,1,100,,87012,34,,,1,100,,87015,34,,,1,100,,87016,34,,,1,100,,87017,34,,,2,102,,87018,34,,,1,97,,87021,34,,,1,99,,87019,34,,,1,100,,87020,34,,,1,100,,87022,34,,,1,98,,87023,34,,,1
80001,'Samedi-10',638,,79670,34,,,1,101,,79672,34,,,1,101,,79673,34,,,1,100,,79676,34,,,1,101,,79671,34,,,1,100,,79674,34,,,1,102,,79677,34,,,1,100,,79675,34,,,1,100,,79678,34,,,1,100,,79679,34,,,1,100,,79680,34,,,2,102,,79681,34,,,1,97,,79684,34,,,1,99,,79682,34,,,1,100,,79683,34,,,1,100,,79685,34,,,1,98,,79686,34,,,1
80001,'Dimanche-1',638,,87024,34,,,1,101,,87026,34,,,1,101,,87028,34,,,1,100,,87025,34,,,1,101,,87027,34,,,1,100,,87029,34,,,1,102,,87030,34,,,1,100,,87031,34,,,1,100,,87034,34,,,1,100,,87032,34,,,1,100,,87033,34,,,2,102,,87036,34,,,1,97,,87037,34,,,1,99,,87035,34,,,1,100,,87038,34,,,1,100,,87039,34,,,1,98,,87040,34,,,1
80001,'Semaine-1',632,,87062,34,,,1,68,,87055,34,,,1,33,,87063,34,,,1,70,,87047,34,,,1,33,,87045,34,,,1,68,,87052,34,,,1,26,,87058,34,,,1,70,,87070,34,,,1,30,,87061,34,,,2,70,,87053,34,,,1,30,,87067,34,,,1,70,,87041,34,,,1,30,,87075,34,,,1,29,,87073,34,,,1,74,,87043,34,,,1,70,,87066,34,,,1,30,,87057,34,,,1,70,,87064,34,,,1,35,,87074,34,,,1,69,,87059,34,,,1,17,,87069,34,,,1,22,,87071,34,,,1,64,,87068,34,,,1,27,,87060,34,,,1,70,,87050,34,,,1,27,,87048,34,,,1,67,,87042,34,,,1,29,,87072,34,,,1,72,,87054,34,,,1,27,,87051,34,,,1,30,,87056,34,,,1,69,,87044,34,,,1,30,,87065,34,,,1,73,,87046,34,,,1,70,,87049,34,,,1
80001,'Semaine-12',632,,87097,34,,,1,68,,87090,34,,,1,33,,87098,34,,,1,70,,87082,34,,,1,33,,87080,34,,,1,68,,87087,34,,,1,26,,87093,34,,,1,70,,87105,34,,,1,30,,87096,34,,,2,70,,87088,34,,,1,30,,87102,34,,,1,70,,87076,34,,,1,30,,87110,34,,,1,29,,87108,34,,,1,74,,87078,34,,,1,70,,87101,34,,,1,30,,87092,34,,,1,70,,87099,34,,,1,35,,87109,34,,,1,69,,87094,34,,,1,17,,87104,34,,,1,22,,87106,34,,,1,64,,87103,34,,,1,27,,87095,34,,,1,70,,87085,34,,,1,27,,87083,34,,,1,67,,87077,34,,,1,29,,87107,34,,,1,72,,87089,34,,,1,27,,87086,34,,,1,30,,87091,34,,,1,69,,87079,34,,,1,30,,87100,34,,,1,73,,87081,34,,,1,70,,87084,34,,,1
