9501,'Semaine-1',554,,85547,41,,,1,55,,85543,41,,,1,13,,85545,41,,,1,18,,85550,41,,,1,15,,85546,41,,,2,55,,85548,41,,,2,14,,85549,41,,,2,16,,85544,41,,,2
9501,'Semaine-12',554,,85555,41,,,1,55,,85551,41,,,1,13,,85553,41,,,1,18,,85558,41,,,1,15,,85554,41,,,2,55,,85556,41,,,2,14,,85557,41,,,2,16,,85552,41,,,2
9701,'Samedi-1',748,,85635,45,,,1,100,,85638,45,,,1,101,,85636,45,,,1,100,,85639,45,,,1,99,,85633,45,,,1,100,,85634,45,,,1,101,,85637,45,,,1,100,,85640,45,,,1,100,,85641,45,,,1,100,,85642,45,,,1,100,,85643,45,,,1,100,,85644,45,,,1,100,,85648,45,,,1,100,,85645,45,,,1,99,,85646,45,,,1,100,,85647,45,,,1
9701,'Samedi-10',748,,76971,45,,,1,100,,76974,45,,,1,101,,76972,45,,,1,100,,76975,45,,,1,99,,76969,45,,,1,100,,76970,45,,,1,101,,76973,45,,,1,100,,76976,45,,,1,100,,76977,45,,,1,100,,76978,45,,,1,100,,76979,45,,,1,100,,76980,45,,,1,100,,76984,45,,,1,100,,76981,45,,,1,99,,76982,45,,,1,100,,76983,45,,,1
9701,'Dimanche-1',748,,85654,45,,,1,100,,85661,45,,,1,101,,85650,45,,,1,100,,85657,45,,,1,99,,85656,45,,,1,100,,85649,45,,,1,101,,85653,45,,,1,100,,85651,45,,,1,100,,85652,45,,,1,100,,85655,45,,,1,100,,85658,45,,,1,100,,85659,45,,,1,100,,85660,45,,,1,100,,85662,45,,,1,99,,85663,45,,,1,100,,85664,45,,,1
9701,'Semaine-1',630,,85665,45,,,2,97,,85666,45,,,1,113,,85667,45,,,1,109,,85668,45,,,1,100,,85669,45,,,1,100,,85670,45,,,1,100,,85671,45,,,1,99,,85672,45,,,1,101,,85673,45,,,1,104,,85674,45,,,1,95,,85675,45,,,1,104,,85676,45,,,1,96,,85677,45,,,1,97,,85678,45,,,1,101,,85679,45,,,1,98,,85680,45,,,1,100,,85681,45,,,1
9701,'Semaine-12',630,,85682,45,,,2,97,,85683,45,,,1,113,,85684,45,,,1,109,,85685,45,,,1,100,,85686,45,,,1,100,,85687,45,,,1,100,,85688,45,,,1,99,,85689,45,,,1,101,,85690,45,,,1,104,,85691,45,,,1,95,,85692,45,,,1,104,,85693,45,,,1,96,,85694,45,,,1,97,,85695,45,,,1,101,,85696,45,,,1,98,,85697,45,,,1,100,,85698,45,,,1
9801,'Semaine-1',526,,85699,41,,,2,10,,85700,41,,,1,10,,85701,41,,,1
9801,'Semaine-12',526,,85702,41,,,2,10,,85703,41,,,1,10,,85704,41,,,1
29701,'Semaine-1',1518,,85892,21,0,19,2
29701,'Semaine-12',1518,,85894,21,0,19,2
