4000,'Semaine-1',1600,,81911,56,,,1,30,,81907,56,,,2,74,,81910,56,,,1,28,,81909,56,,,1,27,,81908,56,,,1,66,,81912,56,,,1
4000,'Semaine-12',1600,,81917,56,,,1,30,,81913,56,,,2,74,,81916,56,,,1,28,,81915,56,,,1,27,,81914,56,,,1,66,,81918,56,,,1
5001,'Semaine-1',1651,,82225,38,,,1,103,,82227,38,,,1,93,,82226,38,,,2
5001,'Semaine-12',1651,,82228,38,,,1,103,,82230,38,,,1,93,,82229,38,,,2
5200,'Samedi-1',706,,82231,56,,,1,100,,82232,56,,,1,101,,82233,56,,,1,99,,82234,56,,,1,100,,82235,56,,,1,103,,82236,56,,,1,100,,82237,56,,,1,100,,82238,56,,,1,99,,82239,56,,,1,101,,82240,56,,,1,100,,82241,56,,,1,99,,82242,56,,,1,99,,82243,56,,,1,100,,82246,56,,,1,100,,82244,56,,,1,97,,82245,56,,,1,99,,82247,56,,,1,100,,82248,56,,,1
5200,'Samedi-10',706,,70287,56,,,1,100,,70288,56,,,1,101,,70289,56,,,1,99,,70290,56,,,1,100,,70291,56,,,1,103,,70292,56,,,1,100,,70293,56,,,1,100,,70294,56,,,1,99,,70295,56,,,1,101,,70296,56,,,1,100,,70297,56,,,1,99,,70298,56,,,1,99,,70299,56,,,1,100,,70302,56,,,1,100,,70300,56,,,1,97,,70301,56,,,1,99,,70303,56,,,1,100,,70304,56,,,1
5200,'Dimanche-1',706,,82250,56,,,1,100,,82249,56,,,1,101,,82251,56,,,1,99,,82254,56,,,1,100,,82252,56,,,1,103,,82253,56,,,1,100,,82257,56,,,1,100,,82256,56,,,1,99,,82258,56,,,1,101,,82255,56,,,1,100,,82259,56,,,1,99,,82261,56,,,1,99,,82262,56,,,1,100,,82260,56,,,1,100,,82263,56,,,1,97,,82264,56,,,1,99,,82265,56,,,1,100,,82266,56,,,1
5200,'Semaine-1',637,,82270,56,,,1,99,,82272,56,,,1,109,,82267,56,,,1,95,,82283,56,,,1,98,,82281,56,,,1,101,,82268,56,,,1,100,,82275,56,,,1,100,,82274,56,,,1,102,,82271,56,,,1,102,,82269,56,,,1,108,,82273,56,,,1,98,,82284,56,,,1,106,,82282,56,,,1,100,,82276,56,,,1,83,,82280,56,,,1,100,,82279,56,,,1,98,,82277,56,,,1,99,,82278,56,,,1
5200,'Semaine-12',637,,82288,56,,,1,99,,82290,56,,,1,109,,82285,56,,,1,95,,82301,56,,,1,98,,82299,56,,,1,101,,82286,56,,,1,100,,82293,56,,,1,100,,82292,56,,,1,102,,82289,56,,,1,102,,82287,56,,,1,108,,82291,56,,,1,98,,82302,56,,,1,106,,82300,56,,,1,100,,82294,56,,,1,83,,82298,56,,,1,100,,82297,56,,,1,98,,82295,56,,,1,99,,82296,56,,,1
55001,'Semaine-1',1559,,86805,36,0,5 6,1
55001,'Semaine-12',1559,,86808,36,0,5 6,1
64000,'Semaine-1',1515,,86839,17,0,9 10,2
64000,'Semaine-12',1515,,86842,17,0,9 10,2
74000,'Semaine-1',1702,,86880,53,0,5 11,1
74000,'Semaine-12',1702,,86882,53,0,5 11,1
