3101,'Samedi-1',659,,80209,22,,,1,100,,80210,22,,,1,100,,80211,22,,,1,100,,80212,22,,,1,100,,80213,22,,,1,100,,80214,22,,,1,100,,80215,22,,,1,100,,80216,22,,,1,100,,80217,22,,,1,100,,80218,22,,,1,100,,80219,22,,,1,100,,80220,22,,,1,99,,80221,22,,,1,99,,80222,22,,,1,100,,80223,22,,,1,100,,80224,22,,,1,100,,80225,22,,,1,100,,80226,22,,,1
3101,'Samedi-10',659,,66345,22,,,1,100,,66346,22,,,1,100,,66347,22,,,1,100,,66348,22,,,1,100,,66349,22,,,1,100,,66350,22,,,1,100,,66351,22,,,1,100,,66352,22,,,1,100,,66353,22,,,1,100,,66354,22,,,1,100,,66355,22,,,1,100,,66356,22,,,1,99,,66357,22,,,1,99,,66358,22,,,1,100,,66359,22,,,1,100,,66360,22,,,1,100,,66361,22,,,1,100,,66362,22,,,1
3101,'Dimanche-1',659,,80228,22,,,1,100,,80233,22,,,1,100,,80240,22,,,1,100,,80230,22,,,1,100,,80232,22,,,1,100,,80229,22,,,1,100,,80231,22,,,1,100,,80227,22,,,1,100,,80234,22,,,1,100,,80237,22,,,1,100,,80236,22,,,1,100,,80235,22,,,1,99,,80239,22,,,1,99,,80238,22,,,1,100,,80241,22,,,1,100,,80242,22,,,1,100,,80243,22,,,1,100,,80244,22,,,1
3101,'Semaine-1',537,,80248,22,,,1,76,,80282,22,,,1,33,,80262,22,,,1,72,,80249,22,,,1,16,,80285,22,,,1,17,,80245,22,,,1,55,,80287,22,,,1,12,,80259,22,,,1,15,,80260,22,,,1,14,,80279,22,,,1,55,,80250,22,,,1,19,,80252,22,,,1,20,,80277,22,,,1,60,,80269,22,,,1,21,,80278,22,,,1,20,,80251,22,,,1,60,,80253,22,,,1,20,,80273,22,,,1,20,,80283,22,,,1,60,,80272,22,,,1,20,,80254,22,,,1,20,,80246,22,,,1,60,,80276,22,,,1,20,,80286,22,,,1,20,,80271,22,,,1,60,,80255,22,,,1,17,,80274,22,,,1,23,,80275,22,,,1,60,,80284,22,,,1,21,,80270,22,,,1,19,,80256,22,,,1,63,,80267,22,,,1,21,,80268,22,,,1,20,,80257,22,,,1,59,,80263,22,,,1,20,,80247,22,,,1,19,,80280,22,,,1,58,,80288,22,,,1,24,,80258,22,,,1,99,,80281,22,,,1,100,,80264,22,,,1,100,,80261,22,,,1,99,,80265,22,,,1,100,,80266,22,,,1
3101,'Semaine-12',537,,80292,22,,,1,76,,80326,22,,,1,33,,80306,22,,,1,72,,80293,22,,,1,16,,80329,22,,,1,17,,80289,22,,,1,55,,80331,22,,,1,12,,80303,22,,,1,15,,80304,22,,,1,14,,80323,22,,,1,55,,80294,22,,,1,19,,80296,22,,,1,20,,80321,22,,,1,60,,80313,22,,,1,21,,80322,22,,,1,20,,80295,22,,,1,60,,80297,22,,,1,20,,80317,22,,,1,20,,80327,22,,,1,60,,80316,22,,,1,20,,80298,22,,,1,20,,80290,22,,,1,60,,80320,22,,,1,20,,80330,22,,,1,20,,80315,22,,,1,60,,80299,22,,,1,17,,80318,22,,,1,23,,80319,22,,,1,60,,80328,22,,,1,21,,80314,22,,,1,19,,80300,22,,,1,63,,80311,22,,,1,21,,80312,22,,,1,20,,80301,22,,,1,59,,80307,22,,,1,20,,80291,22,,,1,19,,80324,22,,,1,58,,80332,22,,,1,24,,80302,22,,,1,99,,80325,22,,,1,100,,80308,22,,,1,100,,80305,22,,,1,99,,80309,22,,,1,100,,80310,22,,,1
3900,'Samedi-1',704,,81669,39,,,1,101,,81670,39,,,1,100,,81674,39,,,1,102,,81673,39,,,1,100,,81676,39,,,1,100,,81675,39,,,1,103,,81671,39,,,1,30,,81672,39,,,1,70,,81677,39,,,1,31,,81678,39,,,1,70,,81679,39,,,1,30,,81680,39,,,1,71,,81681,39,,,1,30,,81682,39,,,1,70,,81683,39,,,1,30,,81684,39,,,1,68,,81685,39,,,1,29,,81686,39,,,1,69,,81687,39,,,1,28,,81688,39,,,1,100,,81689,39,,,1,100,,81690,39,,,1,100,,81691,39,,,1,98,,81692,39,,,1
3900,'Samedi-10',704,,69204,39,,,1,101,,69205,39,,,1,100,,69209,39,,,1,102,,69208,39,,,1,100,,69211,39,,,1,100,,69210,39,,,1,103,,69206,39,,,1,30,,69207,39,,,1,70,,69212,39,,,1,31,,69213,39,,,1,70,,69214,39,,,1,30,,69215,39,,,1,71,,69216,39,,,1,30,,69217,39,,,1,70,,69218,39,,,1,30,,69219,39,,,1,68,,69220,39,,,1,29,,69221,39,,,1,69,,69222,39,,,1,28,,69223,39,,,1,100,,69224,39,,,1,100,,69225,39,,,1,100,,69226,39,,,1,98,,69227,39,,,1
3900,'Dimanche-1',704,,81693,39,,,1,101,,81700,39,,,1,100,,81703,39,,,1,102,,81696,39,,,1,100,,81698,39,,,1,100,,81699,39,,,1,103,,81702,39,,,1,30,,81695,39,,,1,70,,81697,39,,,1,31,,81704,39,,,1,70,,81694,39,,,1,30,,81705,39,,,1,71,,81701,39,,,1,30,,81708,39,,,1,70,,81711,39,,,1,30,,81713,39,,,1,68,,81707,39,,,1,29,,81710,39,,,1,69,,81712,39,,,1,28,,81706,39,,,1,100,,81709,39,,,1,100,,81714,39,,,1,100,,81715,39,,,1,98,,81716,39,,,1
3900,'Semaine-1',642,,81734,39,,,1,65,,81720,39,,,1,35,,81739,39,,,1,69,,81732,39,,,1,31,,81733,39,,,1,69,,81731,39,,,1,32,,81728,39,,,1,70,,81745,39,,,2,30,,81740,39,,,1,71,,81752,39,,,1,30,,81737,39,,,2,70,,81741,39,,,1,30,,81729,39,,,1,71,,81727,39,,,1,30,,81742,39,,,1,69,,81730,39,,,2,30,,81717,39,,,1,75,,81743,39,,,1,32,,81724,39,,,1,70,,81726,39,,,1,32,,81744,39,,,2,72,,81723,39,,,1,28,,81718,39,,,1,69,,81746,39,,,1,25,,81725,39,,,1,71,,81719,39,,,2,29,,81747,39,,,2,72,,81722,39,,,1,25,,81738,39,,,2,66,,81748,39,,,1,30,,81721,39,,,1,70,,81736,39,,,1,29,,81749,39,,,1,70,,81735,39,,,1,32,,81751,39,,,1,68,,81750,39,,,1
3900,'Semaine-12',642,,81770,39,,,1,65,,81756,39,,,1,35,,81775,39,,,1,69,,81768,39,,,1,31,,81769,39,,,1,69,,81767,39,,,1,32,,81764,39,,,1,70,,81781,39,,,2,30,,81776,39,,,1,71,,81788,39,,,1,30,,81773,39,,,2,70,,81777,39,,,1,30,,81765,39,,,1,71,,81763,39,,,1,30,,81778,39,,,1,69,,81766,39,,,2,30,,81753,39,,,1,75,,81779,39,,,1,32,,81760,39,,,1,70,,81762,39,,,1,32,,81780,39,,,2,72,,81759,39,,,1,28,,81754,39,,,1,69,,81782,39,,,1,25,,81761,39,,,1,71,,81755,39,,,2,29,,81783,39,,,2,72,,81758,39,,,1,25,,81774,39,,,2,66,,81784,39,,,1,30,,81757,39,,,1,70,,81772,39,,,1,29,,81785,39,,,1,70,,81771,39,,,1,32,,81787,39,,,1,68,,81786,39,,,1
32900,'Semaine-1',831,,85907,30,0,7 8,1
32900,'Semaine-12',831,,85908,30,0,7 8,1
57100,'Semaine-1',1521,,86825,6,0,5 6,1
57100,'Semaine-12',1521,,86826,6,0,5 6,1
82601,'Semaine-1',800,,87124,33,0,9 12 13,1,1,,87125,33,0,9 12 13,1
82601,'Semaine-12',800,,87126,33,0,9 12 13,1,1,,87127,33,0,9 12 13,1
83101,'Semaine-1',811,,87148,22,0,9 12 13,2,2,,87149,22,0,9 12 13,1
83101,'Semaine-12',811,,87150,22,0,9 12 13,2,2,,87151,22,0,9 12 13,1
