63900,'Semaine-1',1500,,86833,1,4,,1
63900,'Semaine-12',1500,,86834,1,4,,1
64000,'Semaine-1',1500,,86839,1,4,,2
64000,'Semaine-12',1500,,86842,1,4,,2
64101,'Semaine-1',1500,,86849,1,4,,1
64101,'Semaine-12',1500,,86850,1,4,,1
64501,'Semaine-1',1500,,86853,1,4,,1
64501,'Semaine-12',1500,,86854,1,4,,1
64701,'Semaine-1',1500,,86857,1,4,,1
64701,'Semaine-12',1500,,86858,1,4,,1
65400,'Semaine-1',1500,,86859,1,4,,2
65400,'Semaine-12',1500,,86860,1,4,,2
65501,'Semaine-1',1500,,86865,1,4,,1
65501,'Semaine-12',1500,,86866,1,4,,1
