2000,'Semaine-1',646,,79961,12,,,1,110,,79960,12,,,1,97,,79959,12,,,1
2000,'Semaine-12',646,,79964,12,,,1,110,,79963,12,,,1,97,,79962,12,,,1
2700,'Semaine-1',1603,,80039,16,,,1,30,,80037,16,,,2,68,,80041,16,,,1,30,,80038,16,,,2,69,,80040,16,,,2
2700,'Semaine-12',1603,,80044,16,,,1,30,,80042,16,,,2,68,,80046,16,,,1,30,,80043,16,,,2,69,,80045,16,,,2
3900,'Samedi-1',709,,81669,45,,,1,101,,81670,45,,,1,100,,81674,45,,,1,102,,81673,45,,,1,100,,81676,45,,,1,99,,81675,45,,,1,103,,81671,45,,,1,30,,81672,45,,,1,70,,81677,45,,,1,31,,81678,45,,,1,70,,81679,45,,,1,30,,81680,45,,,1,71,,81681,45,,,1,30,,81682,45,,,1,70,,81683,45,,,1,30,,81684,45,,,1,68,,81685,45,,,1,29,,81686,45,,,1,69,,81687,45,,,1,29,,81688,45,,,1,100,,81689,45,,,1,100,,81690,45,,,1,100,,81691,45,,,1,97,,81692,45,,,1
3900,'Samedi-10',709,,69204,45,,,1,101,,69205,45,,,1,100,,69209,45,,,1,102,,69208,45,,,1,100,,69211,45,,,1,99,,69210,45,,,1,103,,69206,45,,,1,30,,69207,45,,,1,70,,69212,45,,,1,31,,69213,45,,,1,70,,69214,45,,,1,30,,69215,45,,,1,71,,69216,45,,,1,30,,69217,45,,,1,70,,69218,45,,,1,30,,69219,45,,,1,68,,69220,45,,,1,29,,69221,45,,,1,69,,69222,45,,,1,29,,69223,45,,,1,100,,69224,45,,,1,100,,69225,45,,,1,100,,69226,45,,,1,97,,69227,45,,,1
3900,'Dimanche-1',709,,81693,45,,,1,101,,81700,45,,,1,100,,81703,45,,,1,102,,81696,45,,,1,100,,81698,45,,,1,99,,81699,45,,,1,103,,81702,45,,,1,30,,81695,45,,,1,70,,81697,45,,,1,31,,81704,45,,,1,70,,81694,45,,,1,30,,81705,45,,,1,71,,81701,45,,,1,30,,81708,45,,,1,70,,81711,45,,,1,30,,81713,45,,,1,68,,81707,45,,,1,29,,81710,45,,,1,69,,81712,45,,,1,29,,81706,45,,,1,100,,81709,45,,,1,100,,81714,45,,,1,100,,81715,45,,,1,97,,81716,45,,,1
3900,'Semaine-1',647,,81734,45,,,1,65,,81720,45,,,1,36,,81739,45,,,1,69,,81732,45,,,1,31,,81733,45,,,1,68,,81731,45,,,1,32,,81728,45,,,1,70,,81745,45,,,2,30,,81740,45,,,1,71,,81752,45,,,1,30,,81737,45,,,2,70,,81741,45,,,1,30,,81729,45,,,1,71,,81727,45,,,1,30,,81742,45,,,1,69,,81730,45,,,2,30,,81717,45,,,1,75,,81743,45,,,1,32,,81724,45,,,1,70,,81726,45,,,1,32,,81744,45,,,2,72,,81723,45,,,1,28,,81718,45,,,1,69,,81746,45,,,1,24,,81725,45,,,1,71,,81719,45,,,2,29,,81747,45,,,2,72,,81722,45,,,1,25,,81738,45,,,2,66,,81748,45,,,1,30,,81721,45,,,1,70,,81736,45,,,1,29,,81749,45,,,1,70,,81735,45,,,1,32,,81751,45,,,1,68,,81750,45,,,1
3900,'Semaine-12',647,,81770,45,,,1,65,,81756,45,,,1,36,,81775,45,,,1,69,,81768,45,,,1,31,,81769,45,,,1,68,,81767,45,,,1,32,,81764,45,,,1,70,,81781,45,,,2,30,,81776,45,,,1,71,,81788,45,,,1,30,,81773,45,,,2,70,,81777,45,,,1,30,,81765,45,,,1,71,,81763,45,,,1,30,,81778,45,,,1,69,,81766,45,,,2,30,,81753,45,,,1,75,,81779,45,,,1,32,,81760,45,,,1,70,,81762,45,,,1,32,,81780,45,,,2,72,,81759,45,,,1,28,,81754,45,,,1,69,,81782,45,,,1,24,,81761,45,,,1,71,,81755,45,,,2,29,,81783,45,,,2,72,,81758,45,,,1,25,,81774,45,,,2,66,,81784,45,,,1,30,,81757,45,,,1,70,,81772,45,,,1,29,,81785,45,,,1,70,,81771,45,,,1,32,,81787,45,,,1,68,,81786,45,,,1
56900,'Semaine-1',1524,,86821,7,0,5 6,2
56900,'Semaine-12',1524,,86822,7,0,5 6,2
57600,'Semaine-1',1524,,86829,7,0,5 6,1
57600,'Semaine-12',1524,,86830,7,0,5 6,1
82700,'Semaine-1',1526,,87128,6,0,9 12 13,2
82700,'Semaine-12',1526,,87129,6,0,9 12 13,2
