3100,'Samedi-1',718,,80085,25,,,1,105,,80086,25,,,1,102,,80087,25,,,1,100,,80088,25,,,1,102,,80089,25,,,1,102,,80090,25,,,1,101,,80091,25,,,1,100,,80092,25,,,1,100,,80093,25,,,1,102,,80094,25,,,1,100,,80095,25,,,1,100,,80096,25,,,1,93,,80097,25,,,1,100,,80098,25,,,1,100,,80099,25,,,1,100,,80100,25,,,1,101,,80101,25,,,1,100,,80102,25,,,1,100,,80103,25,,,1
3100,'Samedi-10',718,,66103,25,,,1,105,,66104,25,,,1,102,,66105,25,,,1,100,,66106,25,,,1,102,,66107,25,,,1,102,,66108,25,,,1,101,,66109,25,,,1,100,,66110,25,,,1,100,,66111,25,,,1,102,,66112,25,,,1,100,,66113,25,,,1,100,,66114,25,,,1,93,,66115,25,,,1,100,,66116,25,,,1,100,,66117,25,,,1,100,,66118,25,,,1,101,,66119,25,,,1,100,,66120,25,,,1,100,,66121,25,,,1
3100,'Dimanche-1',718,,80108,25,,,1,105,,80110,25,,,1,102,,80109,25,,,1,100,,80117,25,,,1,102,,80112,25,,,1,102,,80104,25,,,1,101,,80107,25,,,1,100,,80106,25,,,1,100,,80105,25,,,1,102,,80111,25,,,1,100,,80113,25,,,1,100,,80114,25,,,1,93,,80116,25,,,1,100,,80115,25,,,1,100,,80118,25,,,1,100,,80119,25,,,1,101,,80120,25,,,1,100,,80121,25,,,1,100,,80122,25,,,1
3100,'Semaine-1',626,,80127,25,,,1,84,,80160,25,,,1,21,,80140,25,,,1,21,,80128,25,,,1,55,,80165,25,,,1,21,,80162,25,,,1,21,,80124,25,,,1,58,,80137,25,,,1,23,,80138,25,,,1,9,,80129,25,,,1,64,,80131,25,,,1,20,,80148,25,,,1,27,,80149,25,,,1,71,,80130,25,,,1,30,,80135,25,,,1,70,,80154,25,,,1,30,,80151,25,,,1,57,,80132,25,,,1,13,,80125,25,,,1,19,,80159,25,,,1,60,,80163,25,,,1,18,,80150,25,,,1,29,,80133,25,,,1,63,,80153,25,,,1,10,,80155,25,,,1,35,,80161,25,,,1,64,,80152,25,,,1,18,,80134,25,,,1,19,,80145,25,,,1,63,,80147,25,,,1,19,,80136,25,,,1,17,,80123,25,,,1,55,,80126,25,,,1,10,,80157,25,,,1,29,,80164,25,,,1,52,,80142,25,,,1,20,,80158,25,,,1,106,,80143,25,,,1,99,,80139,25,,,1,100,,80144,25,,,1,100,,80146,25,,,1,100,,80156,25,,,1,100,,80141,25,,,1
3100,'Semaine-12',626,,80170,25,,,1,84,,80203,25,,,1,21,,80183,25,,,1,21,,80171,25,,,1,55,,80208,25,,,1,21,,80205,25,,,1,21,,80167,25,,,1,58,,80180,25,,,1,23,,80181,25,,,1,9,,80172,25,,,1,64,,80174,25,,,1,20,,80191,25,,,1,27,,80192,25,,,1,71,,80173,25,,,1,30,,80178,25,,,1,70,,80197,25,,,1,30,,80194,25,,,1,57,,80175,25,,,1,13,,80168,25,,,1,19,,80202,25,,,1,60,,80206,25,,,1,18,,80193,25,,,1,29,,80176,25,,,1,63,,80196,25,,,1,10,,80198,25,,,1,35,,80204,25,,,1,64,,80195,25,,,1,18,,80177,25,,,1,19,,80188,25,,,1,63,,80190,25,,,1,19,,80179,25,,,1,17,,80166,25,,,1,55,,80169,25,,,1,10,,80200,25,,,1,29,,80207,25,,,1,52,,80185,25,,,1,20,,80201,25,,,1,106,,80186,25,,,1,99,,80182,25,,,1,100,,80187,25,,,1,100,,80189,25,,,1,100,,80199,25,,,1,100,,80184,25,,,1
3901,'Samedi-1',619,,81789,22,,,1,100,,81791,22,,,1,100,,81795,22,,,1,101,,81794,22,,,1,100,,81797,22,,,1,100,,81796,22,,,1,100,,81792,22,,,1,30,,81790,22,,,1,70,,81798,22,,,1,30,,81793,22,,,1,71,,81799,22,,,1,30,,81800,22,,,1,70,,81801,22,,,1,30,,81802,22,,,1,70,,81803,22,,,1,30,,81804,22,,,1,70,,81805,22,,,1,30,,81806,22,,,1,70,,81807,22,,,1,29,,81808,22,,,1,100,,81809,22,,,1,100,,81810,22,,,1,100,,81811,22,,,1,100,,81812,22,,,1
3901,'Samedi-10',619,,69456,22,,,1,100,,69458,22,,,1,100,,69462,22,,,1,101,,69461,22,,,1,100,,69464,22,,,1,100,,69463,22,,,1,100,,69459,22,,,1,30,,69457,22,,,1,70,,69465,22,,,1,30,,69460,22,,,1,71,,69466,22,,,1,30,,69467,22,,,1,70,,69468,22,,,1,30,,69469,22,,,1,70,,69470,22,,,1,30,,69471,22,,,1,70,,69472,22,,,1,30,,69473,22,,,1,70,,69474,22,,,1,29,,69475,22,,,1,100,,69476,22,,,1,100,,69477,22,,,1,100,,69478,22,,,1,100,,69479,22,,,1
3901,'Dimanche-1',619,,81813,22,,,1,100,,81820,22,,,1,100,,81823,22,,,1,101,,81816,22,,,1,100,,81818,22,,,1,100,,81819,22,,,1,100,,81822,22,,,1,30,,81815,22,,,1,70,,81817,22,,,1,30,,81824,22,,,1,71,,81814,22,,,1,30,,81826,22,,,1,70,,81821,22,,,1,30,,81828,22,,,1,70,,81831,22,,,1,30,,81833,22,,,1,70,,81829,22,,,1,30,,81830,22,,,1,70,,81832,22,,,1,29,,81825,22,,,1,100,,81827,22,,,1,100,,81834,22,,,1,100,,81835,22,,,1,100,,81836,22,,,1
3901,'Semaine-1',641,,81859,22,,,1,66,,81848,22,,,1,37,,81849,22,,,1,73,,81845,22,,,1,32,,81851,22,,,1,70,,81853,22,,,2,30,,81860,22,,,1,70,,81871,22,,,1,30,,81866,22,,,2,70,,81861,22,,,1,30,,81846,22,,,1,71,,81855,22,,,1,31,,81862,22,,,1,69,,81847,22,,,2,30,,81844,22,,,1,74,,81863,22,,,1,29,,81856,22,,,1,71,,81837,22,,,1,31,,81864,22,,,2,69,,81842,22,,,1,31,,81839,22,,,1,70,,81867,22,,,1,27,,81852,22,,,1,72,,81858,22,,,2,30,,81843,22,,,2,72,,81865,22,,,1,25,,81838,22,,,2,66,,81868,22,,,1,30,,81841,22,,,1,70,,81857,22,,,1,32,,81869,22,,,1,70,,81840,22,,,1,32,,81850,22,,,1,70,,81870,22,,,1,30,,81854,22,,,1
3901,'Semaine-12',641,,81894,22,,,1,66,,81883,22,,,1,37,,81884,22,,,1,73,,81880,22,,,1,32,,81886,22,,,1,70,,81888,22,,,2,30,,81895,22,,,1,70,,81906,22,,,1,30,,81901,22,,,2,70,,81896,22,,,1,30,,81881,22,,,1,71,,81890,22,,,1,31,,81897,22,,,1,69,,81882,22,,,2,30,,81879,22,,,1,74,,81898,22,,,1,29,,81891,22,,,1,71,,81872,22,,,1,31,,81899,22,,,2,69,,81877,22,,,1,31,,81874,22,,,1,70,,81902,22,,,1,27,,81887,22,,,1,72,,81893,22,,,2,30,,81878,22,,,2,72,,81900,22,,,1,25,,81873,22,,,2,66,,81903,22,,,1,30,,81876,22,,,1,70,,81892,22,,,1,32,,81904,22,,,1,70,,81875,22,,,1,32,,81885,22,,,1,70,,81905,22,,,1,30,,81889,22,,,1
32901,'Semaine-1',1635,,85909,23,0,7 8,1
32901,'Semaine-12',1635,,85910,23,0,7 8,1
82600,'Semaine-1',1528,,87121,9,0,9 12 13,1
82600,'Semaine-12',1528,,87123,9,0,9 12 13,1
83100,'Semaine-1',1529,,87145,9,0,9 12 13,1
83100,'Semaine-12',1529,,87147,9,0,9 12 13,1
