9501,'Semaine-1',549,,85547,33,,,1,55,,85543,33,,,1,13,,85545,33,,,1,17,,85550,33,,,1,16,,85546,33,,,2,55,,85548,33,,,2,14,,85549,33,,,2,16,,85544,33,,,2
9501,'Semaine-12',549,,85555,33,,,1,55,,85551,33,,,1,13,,85553,33,,,1,17,,85558,33,,,1,16,,85554,33,,,2,55,,85556,33,,,2,14,,85557,33,,,2,16,,85552,33,,,2
9701,'Samedi-1',744,,85635,37,,,1,100,,85638,37,,,1,101,,85636,37,,,1,100,,85639,37,,,1,99,,85633,37,,,1,100,,85634,37,,,1,101,,85637,37,,,1,100,,85640,37,,,1,100,,85641,37,,,1,100,,85642,37,,,1,100,,85643,37,,,1,100,,85644,37,,,1,100,,85648,37,,,1,100,,85645,37,,,1,99,,85646,37,,,1,100,,85647,37,,,1
9701,'Samedi-10',744,,76971,37,,,1,100,,76974,37,,,1,101,,76972,37,,,1,100,,76975,37,,,1,99,,76969,37,,,1,100,,76970,37,,,1,101,,76973,37,,,1,100,,76976,37,,,1,100,,76977,37,,,1,100,,76978,37,,,1,100,,76979,37,,,1,100,,76980,37,,,1,100,,76984,37,,,1,100,,76981,37,,,1,99,,76982,37,,,1,100,,76983,37,,,1
9701,'Dimanche-1',744,,85654,37,,,1,100,,85661,37,,,1,101,,85650,37,,,1,100,,85657,37,,,1,99,,85656,37,,,1,100,,85649,37,,,1,101,,85653,37,,,1,100,,85651,37,,,1,100,,85652,37,,,1,100,,85655,37,,,1,100,,85658,37,,,1,100,,85659,37,,,1,100,,85660,37,,,1,100,,85662,37,,,1,99,,85663,37,,,1,100,,85664,37,,,1
9701,'Semaine-1',625,,85665,37,,,2,98,,85666,37,,,1,112,,85667,37,,,1,109,,85668,37,,,1,100,,85669,37,,,1,100,,85670,37,,,1,100,,85671,37,,,1,100,,85672,37,,,1,100,,85673,37,,,1,104,,85674,37,,,1,95,,85675,37,,,1,104,,85676,37,,,1,97,,85677,37,,,1,97,,85678,37,,,1,101,,85679,37,,,1,98,,85680,37,,,1,100,,85681,37,,,1
9701,'Semaine-12',625,,85682,37,,,2,98,,85683,37,,,1,112,,85684,37,,,1,109,,85685,37,,,1,100,,85686,37,,,1,100,,85687,37,,,1,100,,85688,37,,,1,100,,85689,37,,,1,100,,85690,37,,,1,104,,85691,37,,,1,95,,85692,37,,,1,104,,85693,37,,,1,97,,85694,37,,,1,97,,85695,37,,,1,101,,85696,37,,,1,98,,85697,37,,,1,100,,85698,37,,,1
9801,'Semaine-1',521,,85699,33,,,2,10,,85700,33,,,1,10,,85701,33,,,1
9801,'Semaine-12',521,,85702,33,,,2,10,,85703,33,,,1,10,,85704,33,,,1
29701,'Semaine-1',1513,,85892,13,0,19,2
29701,'Semaine-12',1513,,85894,13,0,19,2
