2801,'Semaine-1',657,,80062,30,,,1,74,,80063,30,,,2,99,,80061,30,,,2
2801,'Semaine-12',657,,80065,30,,,1,74,,80066,30,,,2,99,,80064,30,,,2
2901,'Semaine-1',714,,80077,6,,,2,30,,80080,6,,,1,70,,80078,6,,,1,33,,80079,6,,,2
2901,'Semaine-12',714,,80081,6,,,2,30,,80084,6,,,1,70,,80082,6,,,1,33,,80083,6,,,2
3401,'Samedi-1',709,,80905,39,,,1,100,,80908,39,,,1,30,,80917,39,,,1,70,,80906,39,,,1,33,,80911,39,,,1,70,,80913,39,,,1,28,,80907,39,,,1,70,,80916,39,,,1,33,,80909,39,,,1,69,,80918,39,,,1,31,,80910,39,,,1,70,,80912,39,,,1,30,,80914,39,,,1,70,,80915,39,,,1,30,,80919,39,,,1,71,,80920,39,,,1,30,,80921,39,,,1,70,,80922,39,,,1,30,,80923,39,,,1,68,,80924,39,,,1,30,,80925,39,,,1,69,,80926,39,,,1,30,,80927,39,,,1,70,,80929,39,,,1,28,,80928,39,,,1,70,,80930,39,,,1,30,,80931,39,,,1,70,,80932,39,,,1,30,,80934,39,,,1,70,,80933,39,,,1,30,,80935,39,,,1,96,,80936,39,,,1
3401,'Samedi-10',709,,67667,39,,,1,100,,67670,39,,,1,30,,67679,39,,,1,70,,67668,39,,,1,33,,67673,39,,,1,70,,67675,39,,,1,28,,67669,39,,,1,70,,67678,39,,,1,33,,67671,39,,,1,69,,67680,39,,,1,31,,67672,39,,,1,70,,67674,39,,,1,30,,67676,39,,,1,70,,67677,39,,,1,30,,67681,39,,,1,71,,67682,39,,,1,30,,67683,39,,,1,70,,67684,39,,,1,30,,67685,39,,,1,68,,67686,39,,,1,30,,67687,39,,,1,69,,67688,39,,,1,30,,67689,39,,,1,70,,67691,39,,,1,28,,67690,39,,,1,70,,67692,39,,,1,30,,67693,39,,,1,70,,67694,39,,,1,30,,67696,39,,,1,70,,67695,39,,,1,30,,67697,39,,,1,96,,67698,39,,,1
3401,'Dimanche-1',709,,80937,39,,,1,100,,80945,39,,,1,30,,80950,39,,,1,70,,80942,39,,,1,33,,80940,39,,,1,70,,80963,39,,,1,28,,80944,39,,,1,70,,80949,39,,,1,33,,80939,39,,,1,69,,80938,39,,,1,31,,80941,39,,,1,70,,80948,39,,,1,30,,80951,39,,,1,70,,80943,39,,,1,30,,80947,39,,,1,71,,80946,39,,,1,30,,80952,39,,,1,70,,80956,39,,,1,30,,80953,39,,,1,68,,80954,39,,,1,30,,80955,39,,,1,69,,80962,39,,,1,30,,80957,39,,,1,70,,80960,39,,,1,28,,80958,39,,,1,70,,80959,39,,,1,30,,80961,39,,,1,70,,80964,39,,,1,30,,80966,39,,,1,70,,80965,39,,,1,30,,80967,39,,,1,96,,80968,39,,,1
3401,'Semaine-1',916,,80994,39,,,1,30,,80974,39,,,2,70,,80978,39,,,1,30,,80998,39,,,1,70,,80971,39,,,1,30,,80975,39,,,1,70,,80979,39,,,1,30,,80969,39,,,1,70,,80972,39,,,1,30,,80976,39,,,1,70,,80980,39,,,2,31,,80973,39,,,1,70,,80995,39,,,1,31,,80970,39,,,1,75,,80996,39,,,1,27,,80997,39,,,1,69,,80991,39,,,1,27,,80987,39,,,1,70,,80977,39,,,1,29,,80984,39,,,1,70,,80993,39,,,1,30,,80981,39,,,1,70,,80983,39,,,1,30,,80985,39,,,1,70,,80989,39,,,2,30,,80982,39,,,1,70,,80988,39,,,1,29,,80986,39,,,1,70,,80990,39,,,1,30,,80992,39,,,1
3401,'Semaine-12',916,,81024,39,,,1,30,,81004,39,,,2,70,,81008,39,,,1,30,,81028,39,,,1,70,,81001,39,,,1,30,,81005,39,,,1,70,,81009,39,,,1,30,,80999,39,,,1,70,,81002,39,,,1,30,,81006,39,,,1,70,,81010,39,,,2,31,,81003,39,,,1,70,,81025,39,,,1,31,,81000,39,,,1,75,,81026,39,,,1,27,,81027,39,,,1,69,,81021,39,,,1,27,,81017,39,,,1,70,,81007,39,,,1,29,,81014,39,,,1,70,,81023,39,,,1,30,,81011,39,,,1,70,,81013,39,,,1,30,,81015,39,,,1,70,,81019,39,,,2,30,,81012,39,,,1,70,,81018,39,,,1,29,,81016,39,,,1,70,,81020,39,,,1,30,,81022,39,,,1
5601,'Semaine-1',1222,,82735,13,,,1,103,,82732,13,,,1,100,,82731,13,,,1,100,,82734,13,,,2,104,,82733,13,,,1,98,,82736,13,,,1,96,,82737,13,,,1
5601,'Semaine-12',1222,,82742,13,,,1,103,,82739,13,,,1,100,,82738,13,,,1,100,,82741,13,,,2,104,,82740,13,,,1,98,,82743,13,,,1,96,,82744,13,,,1
32901,'Semaine-1',1648,,85909,32,0,7 8,1
32901,'Semaine-12',1648,,85910,32,0,7 8,1
42901,'Semaine-1',1511,,86769,14,0,9 14,1
42901,'Semaine-12',1511,,86770,14,0,9 14,1
55401,'Semaine-1',1530,,86814,11,0,5 6,1
55401,'Semaine-12',1530,,86816,11,0,5 6,1
72901,'Semaine-1',816,,86875,18,0,5 11,2
72901,'Semaine-12',816,,86876,18,0,5 11,2
82901,'Semaine-1',751,,87138,6,0,9 12 13,1,1,,87139,6,0,9 12 13,1,1,,87140,6,0,9 12 13,2
82901,'Semaine-12',751,,87141,6,0,9 12 13,1,1,,87142,6,0,9 12 13,1,1,,87143,6,0,9 12 13,2
