2701,'Semaine-1',617,,80049,12,,,1,83,,80050,12,,,1,51,,80047,12,,,1,66,,80048,12,,,2
2701,'Semaine-12',617,,80053,12,,,1,83,,80054,12,,,1,51,,80051,12,,,1,66,,80052,12,,,2
3300,'Samedi-1',812,,80535,43,,,1,100,,80536,43,,,1,101,,80537,43,,,1,100,,80538,43,,,1,103,,80539,43,,,1,100,,80540,43,,,1,101,,80541,43,,,1,100,,80542,43,,,1,100,,80543,43,,,1,100,,80544,43,,,1,100,,80545,43,,,1,97,,80546,43,,,1,99,,80547,43,,,1,100,,80548,43,,,1,100,,80549,43,,,1,100,,80550,43,,,1,99,,80551,43,,,1,98,,80552,43,,,1
3300,'Samedi-10',812,,66888,43,,,1,100,,66889,43,,,1,101,,66890,43,,,1,100,,66891,43,,,1,103,,66892,43,,,1,100,,66893,43,,,1,101,,66894,43,,,1,100,,66895,43,,,1,100,,66896,43,,,1,100,,66897,43,,,1,100,,66898,43,,,1,97,,66899,43,,,1,99,,66900,43,,,1,100,,66901,43,,,1,100,,66902,43,,,1,100,,66903,43,,,1,99,,66904,43,,,1,98,,66905,43,,,1
3300,'Dimanche-1',812,,80554,43,,,1,100,,80559,43,,,1,101,,80565,43,,,1,100,,80556,43,,,1,103,,80558,43,,,1,100,,80555,43,,,1,101,,80557,43,,,1,100,,80553,43,,,1,100,,80561,43,,,1,100,,80560,43,,,1,100,,80563,43,,,1,97,,80562,43,,,1,99,,80564,43,,,1,100,,80566,43,,,1,100,,80567,43,,,1,100,,80568,43,,,1,99,,80569,43,,,1,98,,80570,43,,,1
3300,'Semaine-1',656,,80596,43,,,1,60,,80595,43,,,1,19,,80602,43,,,1,74,,80575,43,,,1,13,,80589,43,,,1,19,,80597,43,,,1,16,,80610,43,,,1,56,,80603,43,,,1,27,,80587,43,,,1,66,,80605,43,,,1,31,,80590,43,,,1,78,,80580,43,,,1,21,,80599,43,,,1,20,,80585,43,,,1,60,,80592,43,,,1,20,,80581,43,,,1,22,,80607,43,,,1,58,,80588,43,,,1,20,,80609,43,,,1,72,,80594,43,,,1,31,,80582,43,,,1,20,,80604,43,,,1,60,,80600,43,,,1,22,,80593,43,,,1,63,,80572,43,,,1,21,,80584,43,,,1,12,,80591,43,,,1,13,,80608,43,,,1,56,,80606,43,,,1,25,,80601,43,,,1,20,,80579,43,,,1,59,,80578,43,,,1,15,,80583,43,,,1,18,,80571,43,,,1,58,,80576,43,,,1,41,,80611,43,,,1,73,,80586,43,,,1,98,,80577,43,,,1,102,,80573,43,,,1,100,,80598,43,,,2,100,,80612,43,,,1,102,,80574,43,,,1
3300,'Semaine-12',656,,80638,43,,,1,60,,80637,43,,,1,19,,80644,43,,,1,74,,80617,43,,,1,13,,80631,43,,,1,19,,80639,43,,,1,16,,80652,43,,,1,56,,80645,43,,,1,27,,80629,43,,,1,66,,80647,43,,,1,31,,80632,43,,,1,78,,80622,43,,,1,21,,80641,43,,,1,20,,80627,43,,,1,60,,80634,43,,,1,20,,80623,43,,,1,22,,80649,43,,,1,58,,80630,43,,,1,20,,80651,43,,,1,72,,80636,43,,,1,31,,80624,43,,,1,20,,80646,43,,,1,60,,80642,43,,,1,22,,80635,43,,,1,63,,80614,43,,,1,21,,80626,43,,,1,12,,80633,43,,,1,13,,80650,43,,,1,56,,80648,43,,,1,25,,80643,43,,,1,20,,80621,43,,,1,59,,80620,43,,,1,15,,80625,43,,,1,18,,80613,43,,,1,58,,80618,43,,,1,41,,80653,43,,,1,73,,80628,43,,,1,98,,80619,43,,,1,102,,80615,43,,,1,100,,80640,43,,,2,100,,80654,43,,,1,102,,80616,43,,,1
33100,'Semaine-1',835,,85911,34,0,7 8,1
33100,'Semaine-12',835,,85912,34,0,7 8,1
43300,'Semaine-1',1509,,86778,21,0,9 14,2
43300,'Semaine-12',1509,,86780,21,0,9 14,2
56600,'Semaine-1',1536,,86817,22,0,5 6,1
56600,'Semaine-12',1536,,86818,22,0,5 6,1
73300,'Semaine-1',1648,,86877,39,,,1
73300,'Semaine-12',1648,,86878,39,,,1
82701,'Semaine-1',753,,87130,12,0,9 12 13,2
82701,'Semaine-12',753,,87131,12,0,9 12 13,2
