6501,'Samedi-1',741,,83537,4,,,1,100,,83535,4,,,1,100,,83534,4,,,1,100,,83532,4,,,1,100,,83531,4,,,1,100,,83533,4,,,1,100,,83536,4,,,1,100,,83538,4,,,1,100,,83539,4,,,1,100,,83540,4,,,1,100,,83541,4,,,1,100,,83545,4,,,1,100,,83542,4,,,1,100,,83543,4,,,1,100,,83544,4,,,1,100,,83546,4,,,1,100,,83547,4,,,1
6501,'Samedi-10',741,,72923,4,,,1,100,,72921,4,,,1,100,,72920,4,,,1,100,,72918,4,,,1,100,,72917,4,,,1,100,,72919,4,,,1,100,,72922,4,,,1,100,,72924,4,,,1,100,,72925,4,,,1,100,,72926,4,,,1,100,,72927,4,,,1,100,,72931,4,,,1,100,,72928,4,,,1,100,,72929,4,,,1,100,,72930,4,,,1,100,,72932,4,,,1,100,,72933,4,,,1
6501,'Dimanche-1',741,,83551,4,,,1,100,,83552,4,,,1,100,,83548,4,,,1,100,,83549,4,,,1,100,,83550,4,,,1,100,,83553,4,,,1,100,,83555,4,,,1,100,,83554,4,,,1,100,,83559,4,,,1,100,,83556,4,,,1,100,,83558,4,,,1,100,,83560,4,,,1,100,,83557,4,,,1,100,,83561,4,,,1,100,,83562,4,,,1,100,,83563,4,,,1,100,,83564,4,,,1
6501,'Semaine-1',536,,83577,4,,,1,70,,83590,4,,,1,32,,83594,4,,,1,20,,83579,4,,,1,59,,83580,4,,,1,21,,83593,4,,,1,62,,83578,4,,,2,19,,83576,4,,,1,19,,83587,4,,,2,20,,83566,4,,,2,60,,83582,4,,,1,26,,83573,4,,,1,70,,83575,4,,,1,100,,83583,4,,,1,101,,83570,4,,,1,100,,83585,4,,,1,100,,83567,4,,,1,100,,83571,4,,,1,33,,83584,4,,,2,61,,83569,4,,,1,14,,83591,4,,,2,22,,83588,4,,,1,60,,83572,4,,,2,14,,83565,4,,,1,20,,83586,4,,,2,20,,83589,4,,,2,59,,83574,4,,,1,20,,83568,4,,,2,20,,83596,4,,,2,97,,83592,4,,,1,100,,83595,4,,,1,100,,83597,4,,,1,100,,83581,4,,,1
6501,'Semaine-12',536,,83610,4,,,1,70,,83623,4,,,1,32,,83627,4,,,1,20,,83612,4,,,1,59,,83613,4,,,1,21,,83626,4,,,1,62,,83611,4,,,2,19,,83609,4,,,1,19,,83620,4,,,2,20,,83599,4,,,2,60,,83615,4,,,1,26,,83606,4,,,1,70,,83608,4,,,1,100,,83616,4,,,1,101,,83603,4,,,1,100,,83618,4,,,1,100,,83600,4,,,1,100,,83604,4,,,1,33,,83617,4,,,2,61,,83602,4,,,1,14,,83624,4,,,2,22,,83621,4,,,1,60,,83605,4,,,2,14,,83598,4,,,1,20,,83619,4,,,2,20,,83622,4,,,2,59,,83607,4,,,1,20,,83601,4,,,2,20,,83629,4,,,2,97,,83625,4,,,1,100,,83628,4,,,1,100,,83630,4,,,1,100,,83614,4,,,1
7600,'Samedi-1',735,,84976,4,,,1,100,,84979,4,,,1,100,,84978,4,,,1,100,,84981,4,,,1,100,,84980,4,,,1,101,,84975,4,,,1,99,,84977,4,,,1,100,,84982,4,,,1,100,,84983,4,,,1,100,,84984,4,,,1,100,,84985,4,,,1,100,,84986,4,,,1,100,,84987,4,,,1,100,,84988,4,,,1,100,,84989,4,,,1,100,,84990,4,,,1
7600,'Samedi-10',735,,75740,4,,,1,100,,75743,4,,,1,100,,75742,4,,,1,100,,75745,4,,,1,100,,75744,4,,,1,101,,75739,4,,,1,99,,75741,4,,,1,100,,75746,4,,,1,100,,75747,4,,,1,100,,75748,4,,,1,100,,75749,4,,,1,100,,75750,4,,,1,100,,75751,4,,,1,100,,75752,4,,,1,100,,75753,4,,,1,100,,75754,4,,,1
7600,'Dimanche-1',735,,84994,4,,,1,100,,84993,4,,,1,100,,84992,4,,,1,100,,84997,4,,,1,100,,84991,4,,,1,101,,84996,4,,,1,99,,84995,4,,,1,100,,84998,4,,,1,100,,84999,4,,,1,100,,85000,4,,,1,100,,85003,4,,,1,100,,85001,4,,,1,100,,85002,4,,,1,100,,85004,4,,,1,100,,85005,4,,,1,100,,85006,4,,,1
7600,'Semaine-1',541,,85033,4,,,1,70,,85030,4,,,1,22,,85034,4,,,1,18,,85031,4,,,1,59,,85032,4,,,2,24,,85035,4,,,1,23,,85036,4,,,1,54,,85044,4,,,1,20,,85043,4,,,1,23,,85038,4,,,1,60,,85039,4,,,2,25,,85037,4,,,1,70,,85041,4,,,1,30,,85040,4,,,1,70,,85042,4,,,2,28,,85010,4,,,1,72,,85011,4,,,1,30,,85012,4,,,1,70,,85008,4,,,1,30,,85015,4,,,1,70,,85009,4,,,1,31,,85013,4,,,1,70,,85014,4,,,1,34,,85007,4,,,1,56,,85022,4,,,1,17,,85016,4,,,1,23,,85019,4,,,2,60,,85023,4,,,1,14,,85020,4,,,2,20,,85024,4,,,1,70,,85025,4,,,1,30,,85021,4,,,1,70,,85026,4,,,1,46,,85017,4,,,1,98,,85027,4,,,2,100,,85028,4,,,2,100,,85018,4,,,2,100,,85029,4,,,1
7600,'Semaine-12',541,,85071,4,,,1,70,,85068,4,,,1,22,,85072,4,,,1,18,,85069,4,,,1,59,,85070,4,,,2,24,,85073,4,,,1,23,,85074,4,,,1,54,,85082,4,,,1,20,,85081,4,,,1,23,,85076,4,,,1,60,,85077,4,,,2,25,,85075,4,,,1,70,,85079,4,,,1,30,,85078,4,,,1,70,,85080,4,,,2,28,,85048,4,,,1,72,,85049,4,,,1,30,,85050,4,,,1,70,,85046,4,,,1,30,,85053,4,,,1,70,,85047,4,,,1,31,,85051,4,,,1,70,,85052,4,,,1,34,,85045,4,,,1,56,,85060,4,,,1,17,,85054,4,,,1,23,,85057,4,,,2,60,,85061,4,,,1,14,,85058,4,,,2,20,,85062,4,,,1,70,,85063,4,,,1,30,,85059,4,,,1,70,,85064,4,,,1,46,,85055,4,,,1,98,,85065,4,,,2,100,,85066,4,,,2,100,,85056,4,,,2,100,,85067,4,,,1
57600,'Semaine-1',1542,,86829,14,0,5 6,1
57600,'Semaine-12',1542,,86830,14,0,5 6,1
