3100,'Samedi-1',722,,80085,32,,,1,105,,80086,32,,,1,103,,80087,32,,,1,100,,80088,32,,,1,102,,80089,32,,,1,103,,80090,32,,,1,101,,80091,32,,,1,100,,80092,32,,,1,100,,80093,32,,,1,102,,80094,32,,,1,100,,80095,32,,,1,100,,80096,32,,,1,93,,80097,32,,,1,100,,80098,32,,,1,100,,80099,32,,,1,100,,80100,32,,,1,101,,80101,32,,,1,99,,80102,32,,,1,100,,80103,32,,,1
3100,'Samedi-10',722,,66103,32,,,1,105,,66104,32,,,1,103,,66105,32,,,1,100,,66106,32,,,1,102,,66107,32,,,1,103,,66108,32,,,1,101,,66109,32,,,1,100,,66110,32,,,1,100,,66111,32,,,1,102,,66112,32,,,1,100,,66113,32,,,1,100,,66114,32,,,1,93,,66115,32,,,1,100,,66116,32,,,1,100,,66117,32,,,1,100,,66118,32,,,1,101,,66119,32,,,1,99,,66120,32,,,1,100,,66121,32,,,1
3100,'Dimanche-1',722,,80108,32,,,1,105,,80110,32,,,1,103,,80109,32,,,1,100,,80117,32,,,1,102,,80112,32,,,1,103,,80104,32,,,1,101,,80107,32,,,1,100,,80106,32,,,1,100,,80105,32,,,1,102,,80111,32,,,1,100,,80113,32,,,1,100,,80114,32,,,1,93,,80116,32,,,1,100,,80115,32,,,1,100,,80118,32,,,1,100,,80119,32,,,1,101,,80120,32,,,1,99,,80121,32,,,1,100,,80122,32,,,1
3100,'Semaine-1',632,,80127,32,,,1,84,,80160,32,,,1,21,,80140,32,,,1,21,,80128,32,,,1,55,,80165,32,,,1,21,,80162,32,,,1,21,,80124,32,,,1,58,,80137,32,,,1,23,,80138,32,,,1,9,,80129,32,,,1,64,,80131,32,,,1,20,,80148,32,,,1,27,,80149,32,,,1,71,,80130,32,,,1,30,,80135,32,,,1,70,,80154,32,,,1,30,,80151,32,,,1,57,,80132,32,,,1,13,,80125,32,,,1,19,,80159,32,,,1,60,,80163,32,,,1,18,,80150,32,,,1,29,,80133,32,,,1,63,,80153,32,,,1,11,,80155,32,,,1,76,,80161,32,,,1,24,,80152,32,,,1,18,,80134,32,,,1,59,,80145,32,,,1,23,,80147,32,,,1,17,,80136,32,,,1,57,,80123,32,,,1,15,,80126,32,,,1,10,,80157,32,,,1,28,,80164,32,,,1,52,,80142,32,,,1,20,,80158,32,,,1,106,,80143,32,,,1,99,,80139,32,,,1,100,,80144,32,,,1,100,,80146,32,,,1,100,,80156,32,,,1,100,,80141,32,,,1
3100,'Semaine-12',632,,80170,32,,,1,84,,80203,32,,,1,21,,80183,32,,,1,21,,80171,32,,,1,55,,80208,32,,,1,21,,80205,32,,,1,21,,80167,32,,,1,58,,80180,32,,,1,23,,80181,32,,,1,9,,80172,32,,,1,64,,80174,32,,,1,20,,80191,32,,,1,27,,80192,32,,,1,71,,80173,32,,,1,30,,80178,32,,,1,70,,80197,32,,,1,30,,80194,32,,,1,57,,80175,32,,,1,13,,80168,32,,,1,19,,80202,32,,,1,60,,80206,32,,,1,18,,80193,32,,,1,29,,80176,32,,,1,63,,80196,32,,,1,11,,80198,32,,,1,76,,80204,32,,,1,24,,80195,32,,,1,18,,80177,32,,,1,59,,80188,32,,,1,23,,80190,32,,,1,17,,80179,32,,,1,57,,80166,32,,,1,15,,80169,32,,,1,10,,80200,32,,,1,28,,80207,32,,,1,52,,80185,32,,,1,20,,80201,32,,,1,106,,80186,32,,,1,99,,80182,32,,,1,100,,80187,32,,,1,100,,80189,32,,,1,100,,80199,32,,,1,100,,80184,32,,,1
33100,'Semaine-1',814,,85911,6,0,7 8,1
33100,'Semaine-12',814,,85912,6,0,7 8,1
43101,'Semaine-1',735,,86775,7,0,9 14,1
43101,'Semaine-12',735,,86776,7,0,9 14,1
83100,'Semaine-1',1536,,87145,15,0,9 12 13,1
83100,'Semaine-12',1536,,87147,15,0,9 12 13,1
