4001,'Semaine-1',626,,81922,43,,,1,30,,81921,43,,,1,73,,81924,43,,,1,74,,81920,43,,,2,26,,81919,43,,,1,27,,81923,43,,,1
4001,'Semaine-12',626,,81928,43,,,1,30,,81927,43,,,1,73,,81930,43,,,1,74,,81926,43,,,2,26,,81925,43,,,1,27,,81929,43,,,1
4101,'Semaine-1',648,,81943,34,,,1,73,,81944,34,,,1,36,,81945,34,,,1,66,,81942,34,,,2,28,,81941,34,,,1
4101,'Semaine-12',648,,81948,34,,,1,73,,81949,34,,,1,36,,81950,34,,,1,66,,81947,34,,,2,28,,81946,34,,,1
4501,'Semaine-1',615,,81972,37,,,1,30,,81971,37,,,1,73,,81975,37,,,2,30,,81974,37,,,1,72,,81973,37,,,1,29,,81976,37,,,1
4501,'Semaine-12',615,,81978,37,,,1,30,,81977,37,,,1,73,,81981,37,,,2,30,,81980,37,,,1,72,,81979,37,,,1,29,,81982,37,,,1
4701,'Semaine-1',628,,81991,30,,,2,86,,81990,30,,,1,89,,81989,30,,,1,27,,81992,30,,,1
4701,'Semaine-12',628,,81995,30,,,2,86,,81994,30,,,1,89,,81993,30,,,1,27,,81996,30,,,1
5501,'Samedi-1',711,,82555,42,,,1,30,,82558,42,,,1,71,,82557,42,,,1,30,,82567,42,,,1,69,,82556,42,,,1,30,,82559,42,,,1,71,,82560,42,,,1,29,,82566,42,,,1,71,,82562,42,,,1,30,,82563,42,,,1,70,,82561,42,,,1,30,,82569,42,,,1,70,,82568,42,,,1,30,,82564,42,,,1,70,,82565,42,,,1,32,,82570,42,,,1,68,,82571,42,,,1,32,,82572,42,,,1,68,,82573,42,,,1,32,,82574,42,,,1,68,,82575,42,,,1,32,,82576,42,,,1,68,,82577,42,,,1,30,,82578,42,,,1,70,,82579,42,,,1,30,,82580,42,,,1,70,,82581,42,,,1,29,,82582,42,,,1,70,,82583,42,,,1,30,,82585,42,,,1,70,,82584,42,,,1,30,,82587,42,,,1,70,,82586,42,,,1
5501,'Samedi-10',711,,71004,42,,,1,30,,71007,42,,,1,71,,71006,42,,,1,30,,71016,42,,,1,69,,71005,42,,,1,30,,71008,42,,,1,71,,71009,42,,,1,29,,71015,42,,,1,71,,71011,42,,,1,30,,71012,42,,,1,70,,71010,42,,,1,30,,71018,42,,,1,70,,71017,42,,,1,30,,71013,42,,,1,70,,71014,42,,,1,32,,71019,42,,,1,68,,71020,42,,,1,32,,71021,42,,,1,68,,71022,42,,,1,32,,71023,42,,,1,68,,71024,42,,,1,32,,71025,42,,,1,68,,71026,42,,,1,30,,71027,42,,,1,70,,71028,42,,,1,30,,71029,42,,,1,70,,71030,42,,,1,29,,71031,42,,,1,70,,71032,42,,,1,30,,71034,42,,,1,70,,71033,42,,,1,30,,71036,42,,,1,70,,71035,42,,,1
5501,'Dimanche-1',711,,82589,42,,,1,30,,82593,42,,,1,71,,82591,42,,,1,30,,82596,42,,,1,69,,82598,42,,,1,30,,82592,42,,,1,71,,82588,42,,,1,29,,82602,42,,,1,71,,82597,42,,,1,30,,82604,42,,,1,70,,82595,42,,,1,30,,82594,42,,,1,70,,82600,42,,,1,30,,82590,42,,,1,70,,82599,42,,,1,32,,82603,42,,,1,68,,82608,42,,,1,32,,82601,42,,,1,68,,82607,42,,,1,32,,82610,42,,,1,68,,82605,42,,,1,32,,82606,42,,,1,68,,82612,42,,,1,30,,82614,42,,,1,70,,82611,42,,,1,30,,82609,42,,,1,70,,82613,42,,,1,29,,82615,42,,,1,70,,82616,42,,,1,30,,82617,42,,,1,70,,82618,42,,,1,30,,82619,42,,,1,70,,82620,42,,,1
5501,'Semaine-1',530,,82634,42,,,1,14,,82641,42,,,1,14,,82640,41,,,1,58,,82624,41,,,1,15,,82662,41,,,1,22,,82661,41,,,1,48,,82621,41,,,1,13,,82666,41,,,1,15,,82647,41,,,1,14,,82655,41,,,1,16,,82625,41,,,1,49,,82629,41,,,1,12,,82627,41,,,1,9,,82656,41,,,1,4,,82658,41,,,1,14,,82635,41,,,1,68,,82639,41,,,1,12,,82626,41,,,1,11,,82660,41,,,1,69,,82653,42,,,1,23,,82665,9,,,1,8,,82657,42,,,1,69,,82623,42,,,1,30,,82630,42,,,1,70,,82643,42,,,1,30,,82654,42,,,1,70,,82650,42,,,1,30,,82631,42,,,1,70,,82663,42,,,1,30,,82622,42,,,1,72,,82628,42,,,1,49,,82632,42,,,1,100,,82637,42,,,1,100,,82642,42,,,1,99,,82659,42,,,1,60,,82648,42,,,1,30,,82636,42,,,1,70,,82652,42,,,1,30,,82645,42,,,1,70,,82664,42,,,1,30,,82638,42,,,1,69,,82644,42,,,1,31,,82646,42,,,1,70,,82633,42,,,1,29,,82651,42,,,1,70,,82649,42,,,1
5501,'Semaine-12',530,,82680,42,,,1,14,,82687,42,,,1,14,,82686,41,,,1,58,,82670,41,,,1,15,,82708,41,,,1,22,,82707,41,,,1,48,,82667,41,,,1,13,,82712,41,,,1,15,,82693,41,,,1,14,,82701,41,,,1,16,,82671,41,,,1,49,,82675,41,,,1,12,,82673,41,,,1,9,,82702,41,,,1,4,,82704,41,,,1,14,,82681,41,,,1,68,,82685,41,,,1,12,,82672,41,,,1,11,,82706,41,,,1,69,,82699,42,,,1,23,,82711,9,,,1,8,,82703,42,,,1,69,,82669,42,,,1,30,,82676,42,,,1,70,,82689,42,,,1,30,,82700,42,,,1,70,,82696,42,,,1,30,,82677,42,,,1,70,,82709,42,,,1,30,,82668,42,,,1,72,,82674,42,,,1,49,,82678,42,,,1,100,,82683,42,,,1,100,,82688,42,,,1,99,,82705,42,,,1,60,,82694,42,,,1,30,,82682,42,,,1,70,,82698,42,,,1,30,,82691,42,,,1,70,,82710,42,,,1,30,,82684,42,,,1,69,,82690,42,,,1,31,,82692,42,,,1,70,,82679,42,,,1,29,,82697,42,,,1,70,,82695,42,,,1
5600,'Semaine-1',644,,82719,28,,,1,65,,82717,28,,,1,6,,82721,28,,,1,31,,82720,28,,,1,71,,82714,28,,,1,100,,82713,28,,,1,108,,82715,28,,,1,98,,82718,28,,,2,100,,82716,28,,,1
5600,'Semaine-12',644,,82728,28,,,1,65,,82726,28,,,1,6,,82730,28,,,1,31,,82729,28,,,1,71,,82723,28,,,1,100,,82722,28,,,1,108,,82724,28,,,1,98,,82727,28,,,2,100,,82725,28,,,1
5901,'Samedi-1',726,,82939,31,,,1,30,,82946,31,,,1,70,,82943,31,,,1,30,,82948,31,,,1,70,,82940,31,,,1,30,,82945,31,,,1,70,,82944,31,,,1,30,,82947,31,,,1,70,,82951,31,,,1,31,,82952,31,,,1,70,,82941,31,,,1,30,,82942,31,,,1,70,,82950,31,,,1,30,,82949,31,,,1,70,,82953,31,,,1,29,,82954,31,,,1,70,,82955,31,,,1,30,,82956,31,,,1,70,,82957,31,,,1,30,,82958,31,,,1,70,,82959,31,,,1,30,,82960,31,,,1,70,,82961,31,,,1,30,,82962,31,,,1,71,,82963,31,,,1,30,,82965,31,,,1,70,,82964,31,,,1,29,,82966,31,,,1,70,,82967,31,,,1,30,,82968,31,,,1,70,,82970,31,,,1,30,,82969,31,,,1
5901,'Samedi-10',726,,71780,31,,,1,30,,71787,31,,,1,70,,71784,31,,,1,30,,71789,31,,,1,70,,71781,31,,,1,30,,71786,31,,,1,70,,71785,31,,,1,30,,71788,31,,,1,70,,71792,31,,,1,31,,71793,31,,,1,70,,71782,31,,,1,30,,71783,31,,,1,70,,71791,31,,,1,30,,71790,31,,,1,70,,71794,31,,,1,29,,71795,31,,,1,70,,71796,31,,,1,30,,71797,31,,,1,70,,71798,31,,,1,30,,71799,31,,,1,70,,71800,31,,,1,30,,71801,31,,,1,70,,71802,31,,,1,30,,71803,31,,,1,71,,71804,31,,,1,30,,71806,31,,,1,70,,71805,31,,,1,29,,71807,31,,,1,70,,71808,31,,,1,30,,71809,31,,,1,70,,71811,31,,,1,30,,71810,31,,,1
5901,'Dimanche-1',726,,82971,31,,,1,30,,82983,31,,,1,70,,82977,31,,,1,30,,82978,31,,,1,70,,82985,31,,,1,30,,82982,31,,,1,70,,82987,31,,,1,30,,82974,31,,,1,70,,82986,31,,,1,31,,82972,31,,,1,70,,82981,31,,,1,30,,82973,31,,,1,70,,82976,31,,,1,30,,82979,31,,,1,70,,82980,31,,,1,29,,82988,31,,,1,70,,82975,31,,,1,30,,82991,31,,,1,70,,82984,31,,,1,30,,82993,31,,,1,70,,82994,31,,,1,30,,82990,31,,,1,70,,82995,31,,,1,30,,82992,31,,,1,71,,82996,31,,,1,30,,82989,31,,,1,70,,82997,31,,,1,29,,82998,31,,,1,70,,82999,31,,,1,30,,83000,31,,,1,70,,83001,31,,,1,30,,83002,31,,,1
5901,'Semaine-1',524,,83007,31,,,1,15,,83043,31,,,1,15,,83016,31,,,1,55,,83037,30,,,1,16,,83017,30,,,1,14,,83006,30,,,1,13,,83008,30,,,1,55,,83011,30,,,1,10,,83046,8,,,1,8,,83014,30,,,1,7,,83047,8,,,1,8,,83015,30,,,1,7,,83048,8,,,1,11,,83010,30,,,1,47,,83004,8,,,1,5,,83039,30,,,1,19,,83025,30,,,1,12,,83030,30,,,1,13,,83020,30,,,1,55,,83005,30,,,1,16,,83023,30,,,1,27,,83049,30,,,1,70,,83044,31,,,1,30,,83031,31,,,1,70,,83013,31,,,1,30,,83024,31,,,1,70,,83027,31,,,1,30,,83012,31,,,1,70,,83041,31,,,1,30,,83003,31,,,1,70,,83045,31,,,1,30,,83035,31,,,1,76,,83038,31,,,1,100,,83042,31,,,1,100,,83022,31,,,1,99,,83029,31,,,1,75,,83034,31,,,1,30,,83021,31,,,1,70,,83028,31,,,1,30,,83033,31,,,1,70,,83040,31,,,1,30,,83018,31,,,1,70,,83036,31,,,1,30,,83026,31,,,1,70,,83009,31,,,1,30,,83019,31,,,1,70,,83032,31,,,1
5901,'Semaine-12',524,,83054,31,,,1,15,,83090,31,,,1,15,,83063,31,,,1,55,,83084,30,,,1,16,,83064,30,,,1,14,,83053,30,,,1,13,,83055,30,,,1,55,,83058,30,,,1,10,,83093,8,,,1,8,,83061,30,,,1,7,,83094,8,,,1,8,,83062,30,,,1,7,,83095,8,,,1,11,,83057,30,,,1,47,,83051,8,,,1,5,,83086,30,,,1,19,,83072,30,,,1,12,,83077,30,,,1,13,,83067,30,,,1,55,,83052,30,,,1,16,,83070,30,,,1,27,,83096,30,,,1,70,,83091,31,,,1,30,,83078,31,,,1,70,,83060,31,,,1,30,,83071,31,,,1,70,,83074,31,,,1,30,,83059,31,,,1,70,,83088,31,,,1,30,,83050,31,,,1,70,,83092,31,,,1,30,,83082,31,,,1,76,,83085,31,,,1,100,,83089,31,,,1,100,,83069,31,,,1,99,,83076,31,,,1,75,,83081,31,,,1,30,,83068,31,,,1,70,,83075,31,,,1,30,,83080,31,,,1,70,,83087,31,,,1,30,,83065,31,,,1,70,,83083,31,,,1,30,,83073,31,,,1,70,,83056,31,,,1,30,,83066,31,,,1,70,,83079,31,,,1
55400,'Semaine-1',708,,86810,18,0,5 6,2
55400,'Semaine-12',708,,86812,18,0,5 6,2
65501,'Semaine-1',1523,,86865,30,0,9 10,1
65501,'Semaine-12',1523,,86866,30,0,9 10,1
74001,'Semaine-1',830,,86883,44,0,5 11,2,2,,86884,44,0,5 11,1
74001,'Semaine-12',830,,86885,44,0,5 11,2,2,,86886,44,0,5 11,1
80000,'Samedi-1',730,,86901,35,,,1,103,,86902,35,,,1,98,,86903,35,,,1,101,,86905,35,,,1,100,,86906,35,,,1,100,,86904,35,,,1,100,,86907,35,,,1,100,,86908,35,,,1,100,,86909,35,,,1,100,,86910,35,,,1,99,,86911,35,,,2,100,,86912,35,,,1,100,,86915,35,,,1,99,,86913,35,,,1,100,,86914,35,,,1,98,,86916,35,,,1,100,,86917,35,,,1
80000,'Samedi-10',730,,79460,35,,,1,103,,79461,35,,,1,98,,79462,35,,,1,101,,79464,35,,,1,100,,79465,35,,,1,100,,79463,35,,,1,100,,79466,35,,,1,100,,79467,35,,,1,100,,79468,35,,,1,100,,79469,35,,,1,99,,79470,35,,,2,100,,79471,35,,,1,100,,79474,35,,,1,99,,79472,35,,,1,100,,79473,35,,,1,98,,79475,35,,,1,100,,79476,35,,,1
80000,'Dimanche-1',730,,86920,35,,,1,103,,86919,35,,,1,98,,86925,35,,,1,101,,86918,35,,,1,100,,86922,35,,,1,100,,86921,35,,,1,100,,86923,35,,,1,100,,86924,35,,,1,100,,86928,35,,,1,100,,86926,35,,,1,99,,86927,35,,,2,100,,86931,35,,,1,100,,86930,35,,,1,99,,86929,35,,,1,100,,86932,35,,,1,98,,86933,35,,,1,100,,86934,35,,,1
80000,'Semaine-1',606,,86967,34,,,1,32,,86953,34,,,1,71,,86943,34,,,1,15,,86942,34,,,1,16,,86963,34,,,1,70,,86954,34,,,1,18,,86940,34,,,1,29,,86959,34,,,1,70,,86944,35,,,1,30,,86961,35,,,1,70,,86956,35,,,1,29,,86970,35,,,1,70,,86937,35,,,1,30,,86958,35,,,1,70,,86948,35,,,1,31,,86964,35,,,1,69,,86957,35,,,1,30,,86968,35,,,1,71,,86947,35,,,1,29,,86962,35,,,1,74,,86960,35,,,1,70,,86949,35,,,1,32,,86965,35,,,1,68,,86938,35,,,1,30,,86955,35,,,1,70,,86952,35,,,1,28,,86966,35,,,1,29,,86951,35,,,1,71,,86945,35,,,1,28,,86939,35,,,1,71,,86969,35,,,1,29,,86950,35,,,1,68,,86946,35,,,1,30,,86936,35,,,1,69,,86941,35,,,1,30,,86935,35,,,1
80000,'Semaine-12',606,,87003,34,,,1,32,,86989,34,,,1,71,,86979,34,,,1,15,,86978,34,,,1,16,,86999,34,,,1,70,,86990,34,,,1,18,,86976,34,,,1,29,,86995,34,,,1,70,,86980,35,,,1,30,,86997,35,,,1,70,,86992,35,,,1,29,,87006,35,,,1,70,,86973,35,,,1,30,,86994,35,,,1,70,,86984,35,,,1,31,,87000,35,,,1,69,,86993,35,,,1,30,,87004,35,,,1,71,,86983,35,,,1,29,,86998,35,,,1,74,,86996,35,,,1,70,,86985,35,,,1,32,,87001,35,,,1,68,,86974,35,,,1,30,,86991,35,,,1,70,,86988,35,,,1,28,,87002,35,,,1,29,,86987,35,,,1,71,,86981,35,,,1,28,,86975,35,,,1,71,,87005,35,,,1,29,,86986,35,,,1,68,,86982,35,,,1,30,,86972,35,,,1,69,,86977,35,,,1,30,,86971,35,,,1
