2001,'Semaine-1',1535,,79965,6,,,1,100,,79967,6,,,1,100,,79966,6,,,1
2001,'Semaine-12',1535,,79968,6,,,1,100,,79970,6,,,1,100,,79969,6,,,1
2701,'Semaine-1',623,,80049,22,,,1,85,,80050,22,,,1,51,,80047,22,,,1,66,,80048,22,,,2
2701,'Semaine-12',623,,80053,22,,,1,85,,80054,22,,,1,51,,80051,22,,,1,66,,80052,22,,,2
3901,'Samedi-1',609,,81789,6,,,1,100,,81791,6,,,1,100,,81795,6,,,1,101,,81794,6,,,1,100,,81797,6,,,1,100,,81796,6,,,1,100,,81792,6,,,1,30,,81790,6,,,1,70,,81798,6,,,1,30,,81793,6,,,1,70,,81799,6,,,1,30,,81800,6,,,1,70,,81801,6,,,1,30,,81802,6,,,1,70,,81803,6,,,1,30,,81804,6,,,1,70,,81805,6,,,1,30,,81806,6,,,1,70,,81807,6,,,1,30,,81808,6,,,1,100,,81809,6,,,1,100,,81810,6,,,1,100,,81811,6,,,1,100,,81812,6,,,1
3901,'Samedi-10',609,,69456,6,,,1,100,,69458,6,,,1,100,,69462,6,,,1,101,,69461,6,,,1,100,,69464,6,,,1,100,,69463,6,,,1,100,,69459,6,,,1,30,,69457,6,,,1,70,,69465,6,,,1,30,,69460,6,,,1,70,,69466,6,,,1,30,,69467,6,,,1,70,,69468,6,,,1,30,,69469,6,,,1,70,,69470,6,,,1,30,,69471,6,,,1,70,,69472,6,,,1,30,,69473,6,,,1,70,,69474,6,,,1,30,,69475,6,,,1,100,,69476,6,,,1,100,,69477,6,,,1,100,,69478,6,,,1,100,,69479,6,,,1
3901,'Dimanche-1',609,,81813,6,,,1,100,,81820,6,,,1,100,,81823,6,,,1,101,,81816,6,,,1,100,,81818,6,,,1,100,,81819,6,,,1,100,,81822,6,,,1,30,,81815,6,,,1,70,,81817,6,,,1,30,,81824,6,,,1,70,,81814,6,,,1,30,,81826,6,,,1,70,,81821,6,,,1,30,,81828,6,,,1,70,,81831,6,,,1,30,,81833,6,,,1,70,,81829,6,,,1,30,,81830,6,,,1,70,,81832,6,,,1,30,,81825,6,,,1,100,,81827,6,,,1,100,,81834,6,,,1,100,,81835,6,,,1,100,,81836,6,,,1
3901,'Semaine-1',630,,81859,6,,,1,26,,81848,6,,,1,78,,81849,6,,,1,73,,81845,6,,,1,32,,81851,6,,,1,70,,81853,6,,,2,30,,81860,6,,,1,70,,81871,6,,,1,30,,81866,6,,,2,70,,81861,6,,,1,30,,81846,6,,,1,69,,81855,6,,,1,31,,81862,6,,,1,70,,81847,6,,,2,30,,81844,6,,,1,72,,81863,6,,,1,29,,81856,6,,,1,70,,81837,6,,,1,31,,81864,6,,,2,68,,81842,6,,,1,31,,81839,6,,,1,71,,81867,6,,,1,28,,81852,6,,,1,72,,81858,6,,,2,32,,81843,6,,,2,72,,81865,6,,,1,25,,81838,6,,,2,66,,81868,6,,,1,30,,81841,6,,,1,70,,81857,6,,,1,32,,81869,6,,,1,70,,81840,6,,,1,32,,81850,6,,,1,71,,81870,6,,,1,30,,81854,6,,,1
3901,'Semaine-12',630,,81894,6,,,1,26,,81883,6,,,1,78,,81884,6,,,1,73,,81880,6,,,1,32,,81886,6,,,1,70,,81888,6,,,2,30,,81895,6,,,1,70,,81906,6,,,1,30,,81901,6,,,2,70,,81896,6,,,1,30,,81881,6,,,1,69,,81890,6,,,1,31,,81897,6,,,1,70,,81882,6,,,2,30,,81879,6,,,1,72,,81898,6,,,1,29,,81891,6,,,1,70,,81872,6,,,1,31,,81899,6,,,2,68,,81877,6,,,1,31,,81874,6,,,1,71,,81902,6,,,1,28,,81887,6,,,1,72,,81893,6,,,2,32,,81878,6,,,2,72,,81900,6,,,1,25,,81873,6,,,2,66,,81903,6,,,1,30,,81876,6,,,1,70,,81892,6,,,1,32,,81904,6,,,1,70,,81875,6,,,1,32,,81885,6,,,1,71,,81905,6,,,1,30,,81889,6,,,1
6800,'Semaine-1',611,,84102,14,,,1,30,,84112,14,,,1,69,,84110,14,,,1,31,,84119,14,,,1,70,,84116,14,,,1,30,,84093,14,,,1,70,,84117,14,,,1,30,,84094,14,,,1,70,,84099,14,,,1,30,,84118,14,,,1,70,,84104,14,,,1,30,,84097,14,,,1,75,,84114,14,,,1,35,,84105,14,,,1,70,,84113,14,,,1,30,,84106,14,,,1,70,,84100,14,,,1,29,,84103,14,,,1,58,,84111,14,,,1,20,,84121,14,,,1,25,,84107,14,,,1,60,,84115,14,,,1,20,,84109,14,,,1,20,,84123,14,,,1,57,,84120,14,,,1,10,,84108,14,,,1,10,,84122,14,,,1,20,,84096,14,,,1,70,,84101,14,,,1,30,,84098,14,,,1
6800,'Semaine-12',611,,84133,14,,,1,30,,84143,14,,,1,69,,84141,14,,,1,31,,84150,14,,,1,70,,84147,14,,,1,30,,84124,14,,,1,70,,84148,14,,,1,30,,84125,14,,,1,70,,84130,14,,,1,30,,84149,14,,,1,70,,84135,14,,,1,30,,84128,14,,,1,75,,84145,14,,,1,35,,84136,14,,,1,70,,84144,14,,,1,30,,84137,14,,,1,70,,84131,14,,,1,29,,84134,14,,,1,58,,84142,14,,,1,20,,84152,14,,,1,25,,84138,14,,,1,60,,84146,14,,,1,20,,84140,14,,,1,20,,84154,14,,,1,57,,84151,14,,,1,10,,84139,14,,,1,10,,84153,14,,,1,20,,84127,14,,,1,70,,84132,14,,,1,30,,84129,14,,,1
82701,'Semaine-1',801,,87130,22,0,9 12 13,2
82701,'Semaine-12',801,,87131,22,0,9 12 13,2
