4500,'Semaine-1',1525,,81964,33,,,1,75,,81959,33,,,1,30,,81960,33,,,1,72,,81962,33,,,1,27,,81963,33,,,1,26,,81961,33,,,2
4500,'Semaine-12',1525,,81970,33,,,1,75,,81965,33,,,1,30,,81966,33,,,1,72,,81968,33,,,1,27,,81969,33,,,1,26,,81967,33,,,2
5200,'Samedi-1',639,,82231,19,,,1,100,,82232,19,,,1,100,,82233,19,,,1,101,,82234,19,,,1,100,,82235,19,,,1,101,,82236,19,,,1,101,,82237,19,,,1,100,,82238,19,,,1,99,,82239,19,,,1,100,,82240,19,,,1,100,,82241,19,,,1,100,,82242,19,,,1,99,,82243,19,,,1,100,,82246,19,,,1,100,,82244,19,,,1,100,,82245,19,,,1,98,,82247,19,,,1,100,,82248,19,,,1
5200,'Samedi-10',639,,70287,19,,,1,100,,70288,19,,,1,100,,70289,19,,,1,101,,70290,19,,,1,100,,70291,19,,,1,101,,70292,19,,,1,101,,70293,19,,,1,100,,70294,19,,,1,99,,70295,19,,,1,100,,70296,19,,,1,100,,70297,19,,,1,100,,70298,19,,,1,99,,70299,19,,,1,100,,70302,19,,,1,100,,70300,19,,,1,100,,70301,19,,,1,98,,70303,19,,,1,100,,70304,19,,,1
5200,'Dimanche-1',639,,82250,19,,,1,100,,82249,19,,,1,100,,82251,19,,,1,101,,82254,19,,,1,100,,82252,19,,,1,101,,82253,19,,,1,101,,82257,19,,,1,100,,82256,19,,,1,99,,82258,19,,,1,100,,82255,19,,,1,100,,82259,19,,,1,100,,82261,19,,,1,99,,82262,19,,,1,100,,82260,19,,,1,100,,82263,19,,,1,100,,82264,19,,,1,98,,82265,19,,,1,100,,82266,19,,,1
5200,'Semaine-1',610,,82270,19,,,1,98,,82272,19,,,1,107,,82267,19,,,1,98,,82283,19,,,1,97,,82281,19,,,1,101,,82268,19,,,1,100,,82275,19,,,1,100,,82274,19,,,1,100,,82271,19,,,1,101,,82269,19,,,1,108,,82273,19,,,1,100,,82284,19,,,1,107,,82282,19,,,1,99,,82276,19,,,1,84,,82280,19,,,1,100,,82279,19,,,1,100,,82277,19,,,1,100,,82278,19,,,1
5200,'Semaine-12',610,,82288,19,,,1,98,,82290,19,,,1,107,,82285,19,,,1,98,,82301,19,,,1,97,,82299,19,,,1,101,,82286,19,,,1,100,,82293,19,,,1,100,,82292,19,,,1,100,,82289,19,,,1,101,,82287,19,,,1,108,,82291,19,,,1,100,,82302,19,,,1,107,,82300,19,,,1,99,,82294,19,,,1,84,,82298,19,,,1,100,,82297,19,,,1,100,,82295,19,,,1,100,,82296,19,,,1
64501,'Semaine-1',1520,,86853,25,0,9 10,1
64501,'Semaine-12',1520,,86854,25,0,9 10,1
75201,'Semaine-1',1513,,86892,11,0,9 18,1
75201,'Semaine-12',1513,,86894,11,0,9 18,1
