9501,'Semaine-1',546,,85547,28,,,1,55,,85543,28,,,1,13,,85545,28,,,1,17,,85550,28,,,1,15,,85546,28,,,2,55,,85548,28,,,2,14,,85549,28,,,2,16,,85544,28,,,2
9501,'Semaine-12',546,,85555,28,,,1,55,,85551,28,,,1,13,,85553,28,,,1,17,,85558,28,,,1,15,,85554,28,,,2,55,,85556,28,,,2,14,,85557,28,,,2,16,,85552,28,,,2
9701,'Samedi-1',740,,85635,32,,,1,100,,85638,32,,,1,101,,85636,32,,,1,100,,85639,32,,,1,100,,85633,32,,,1,100,,85634,32,,,1,101,,85637,32,,,1,100,,85640,32,,,1,100,,85641,32,,,1,100,,85642,32,,,1,100,,85643,32,,,1,100,,85644,32,,,1,100,,85648,32,,,1,100,,85645,32,,,1,99,,85646,32,,,1,100,,85647,32,,,1
9701,'Samedi-10',740,,76971,32,,,1,100,,76974,32,,,1,101,,76972,32,,,1,100,,76975,32,,,1,100,,76969,32,,,1,100,,76970,32,,,1,101,,76973,32,,,1,100,,76976,32,,,1,100,,76977,32,,,1,100,,76978,32,,,1,100,,76979,32,,,1,100,,76980,32,,,1,100,,76984,32,,,1,100,,76981,32,,,1,99,,76982,32,,,1,100,,76983,32,,,1
9701,'Dimanche-1',740,,85654,32,,,1,100,,85661,32,,,1,101,,85650,32,,,1,100,,85657,32,,,1,100,,85656,32,,,1,100,,85649,32,,,1,101,,85653,32,,,1,100,,85651,32,,,1,100,,85652,32,,,1,100,,85655,32,,,1,100,,85658,32,,,1,100,,85659,32,,,1,100,,85660,32,,,1,100,,85662,32,,,1,99,,85663,32,,,1,100,,85664,32,,,1
9701,'Semaine-1',622,,85665,32,,,2,98,,85666,32,,,1,112,,85667,32,,,1,109,,85668,32,,,1,100,,85669,32,,,1,100,,85670,32,,,1,100,,85671,32,,,1,100,,85672,32,,,1,100,,85673,32,,,1,103,,85674,32,,,1,95,,85675,32,,,1,104,,85676,32,,,1,97,,85677,32,,,1,98,,85678,32,,,1,101,,85679,32,,,1,98,,85680,32,,,1,100,,85681,32,,,1
9701,'Semaine-12',622,,85682,32,,,2,98,,85683,32,,,1,112,,85684,32,,,1,109,,85685,32,,,1,100,,85686,32,,,1,100,,85687,32,,,1,100,,85688,32,,,1,100,,85689,32,,,1,100,,85690,32,,,1,103,,85691,32,,,1,95,,85692,32,,,1,104,,85693,32,,,1,97,,85694,32,,,1,98,,85695,32,,,1,101,,85696,32,,,1,98,,85697,32,,,1,100,,85698,32,,,1
9801,'Semaine-1',518,,85699,28,,,2,10,,85700,28,,,1,10,,85701,28,,,1
9801,'Semaine-12',518,,85702,28,,,2,10,,85703,28,,,1,10,,85704,28,,,1
29701,'Semaine-1',1509,,85892,8,0,19,2
29701,'Semaine-12',1509,,85894,8,0,19,2
