3101,'Samedi-1',658,,80209,21,,,1,100,,80210,21,,,1,100,,80211,21,,,1,100,,80212,21,,,1,100,,80213,21,,,1,100,,80214,21,,,1,100,,80215,21,,,1,100,,80216,21,,,1,100,,80217,21,,,1,100,,80218,21,,,1,100,,80219,21,,,1,100,,80220,21,,,1,99,,80221,21,,,1,99,,80222,21,,,1,100,,80223,21,,,1,100,,80224,21,,,1,100,,80225,21,,,1,100,,80226,21,,,1
3101,'Samedi-10',658,,66345,21,,,1,100,,66346,21,,,1,100,,66347,21,,,1,100,,66348,21,,,1,100,,66349,21,,,1,100,,66350,21,,,1,100,,66351,21,,,1,100,,66352,21,,,1,100,,66353,21,,,1,100,,66354,21,,,1,100,,66355,21,,,1,100,,66356,21,,,1,99,,66357,21,,,1,99,,66358,21,,,1,100,,66359,21,,,1,100,,66360,21,,,1,100,,66361,21,,,1,100,,66362,21,,,1
3101,'Dimanche-1',658,,80228,21,,,1,100,,80233,21,,,1,100,,80240,21,,,1,100,,80230,21,,,1,100,,80232,21,,,1,100,,80229,21,,,1,100,,80231,21,,,1,100,,80227,21,,,1,100,,80234,21,,,1,100,,80237,21,,,1,100,,80236,21,,,1,100,,80235,21,,,1,99,,80239,21,,,1,99,,80238,21,,,1,100,,80241,21,,,1,100,,80242,21,,,1,100,,80243,21,,,1,100,,80244,21,,,1
3101,'Semaine-1',536,,80248,21,,,1,76,,80282,21,,,1,33,,80262,21,,,1,72,,80249,21,,,1,16,,80285,21,,,1,17,,80245,21,,,1,55,,80287,21,,,1,12,,80259,21,,,1,15,,80260,21,,,1,14,,80279,21,,,1,55,,80250,21,,,1,19,,80252,21,,,1,20,,80277,21,,,1,60,,80269,21,,,1,21,,80278,21,,,1,20,,80251,21,,,1,60,,80253,21,,,1,20,,80273,21,,,1,20,,80283,21,,,1,60,,80272,21,,,1,20,,80254,21,,,1,20,,80246,21,,,1,60,,80276,21,,,1,20,,80286,21,,,1,20,,80271,21,,,1,60,,80255,21,,,1,17,,80274,21,,,1,23,,80275,21,,,1,60,,80284,21,,,1,21,,80270,21,,,1,19,,80256,21,,,1,62,,80267,21,,,1,22,,80268,21,,,1,20,,80257,21,,,1,59,,80263,21,,,1,20,,80247,21,,,1,19,,80280,21,,,1,58,,80288,21,,,1,24,,80258,21,,,1,99,,80281,21,,,1,100,,80264,21,,,1,100,,80261,21,,,1,99,,80265,21,,,1,100,,80266,21,,,1
3101,'Semaine-12',536,,80292,21,,,1,76,,80326,21,,,1,33,,80306,21,,,1,72,,80293,21,,,1,16,,80329,21,,,1,17,,80289,21,,,1,55,,80331,21,,,1,12,,80303,21,,,1,15,,80304,21,,,1,14,,80323,21,,,1,55,,80294,21,,,1,19,,80296,21,,,1,20,,80321,21,,,1,60,,80313,21,,,1,21,,80322,21,,,1,20,,80295,21,,,1,60,,80297,21,,,1,20,,80317,21,,,1,20,,80327,21,,,1,60,,80316,21,,,1,20,,80298,21,,,1,20,,80290,21,,,1,60,,80320,21,,,1,20,,80330,21,,,1,20,,80315,21,,,1,60,,80299,21,,,1,17,,80318,21,,,1,23,,80319,21,,,1,60,,80328,21,,,1,21,,80314,21,,,1,19,,80300,21,,,1,62,,80311,21,,,1,22,,80312,21,,,1,20,,80301,21,,,1,59,,80307,21,,,1,20,,80291,21,,,1,19,,80324,21,,,1,58,,80332,21,,,1,24,,80302,21,,,1,99,,80325,21,,,1,100,,80308,21,,,1,100,,80305,21,,,1,99,,80309,21,,,1,100,,80310,21,,,1
3900,'Samedi-1',703,,81669,38,,,1,101,,81670,38,,,1,100,,81674,38,,,1,103,,81673,38,,,1,100,,81676,38,,,1,99,,81675,38,,,1,103,,81671,38,,,1,30,,81672,38,,,1,70,,81677,38,,,1,31,,81678,38,,,1,70,,81679,38,,,1,30,,81680,38,,,1,71,,81681,38,,,1,30,,81682,38,,,1,70,,81683,38,,,1,30,,81684,38,,,1,69,,81685,38,,,1,29,,81686,38,,,1,69,,81687,38,,,1,28,,81688,38,,,1,100,,81689,38,,,1,100,,81690,38,,,1,100,,81691,38,,,1,98,,81692,38,,,1
3900,'Samedi-10',703,,69204,38,,,1,101,,69205,38,,,1,100,,69209,38,,,1,103,,69208,38,,,1,100,,69211,38,,,1,99,,69210,38,,,1,103,,69206,38,,,1,30,,69207,38,,,1,70,,69212,38,,,1,31,,69213,38,,,1,70,,69214,38,,,1,30,,69215,38,,,1,71,,69216,38,,,1,30,,69217,38,,,1,70,,69218,38,,,1,30,,69219,38,,,1,69,,69220,38,,,1,29,,69221,38,,,1,69,,69222,38,,,1,28,,69223,38,,,1,100,,69224,38,,,1,100,,69225,38,,,1,100,,69226,38,,,1,98,,69227,38,,,1
3900,'Dimanche-1',703,,81693,38,,,1,101,,81700,38,,,1,100,,81703,38,,,1,103,,81696,38,,,1,100,,81698,38,,,1,99,,81699,38,,,1,103,,81702,38,,,1,30,,81695,38,,,1,70,,81697,38,,,1,31,,81704,38,,,1,70,,81694,38,,,1,30,,81705,38,,,1,71,,81701,38,,,1,30,,81708,38,,,1,70,,81711,38,,,1,30,,81713,38,,,1,69,,81707,38,,,1,29,,81710,38,,,1,69,,81712,38,,,1,28,,81706,38,,,1,100,,81709,38,,,1,100,,81714,38,,,1,100,,81715,38,,,1,98,,81716,38,,,1
3900,'Semaine-1',642,,81734,38,,,1,64,,81720,38,,,1,35,,81739,38,,,1,69,,81732,38,,,1,32,,81733,38,,,1,69,,81731,38,,,1,32,,81728,38,,,1,70,,81745,38,,,2,30,,81740,38,,,1,71,,81752,38,,,1,30,,81737,38,,,2,70,,81741,38,,,1,30,,81729,38,,,1,71,,81727,38,,,1,30,,81742,38,,,1,69,,81730,38,,,2,30,,81717,38,,,1,75,,81743,38,,,1,32,,81724,38,,,1,70,,81726,38,,,1,32,,81744,38,,,2,72,,81723,38,,,1,28,,81718,38,,,1,69,,81746,38,,,1,25,,81725,38,,,1,71,,81719,38,,,2,29,,81747,38,,,2,72,,81722,38,,,1,25,,81738,38,,,2,65,,81748,38,,,1,30,,81721,38,,,1,70,,81736,38,,,1,29,,81749,38,,,1,70,,81735,38,,,1,32,,81751,38,,,1,68,,81750,38,,,1
3900,'Semaine-12',642,,81770,38,,,1,64,,81756,38,,,1,35,,81775,38,,,1,69,,81768,38,,,1,32,,81769,38,,,1,69,,81767,38,,,1,32,,81764,38,,,1,70,,81781,38,,,2,30,,81776,38,,,1,71,,81788,38,,,1,30,,81773,38,,,2,70,,81777,38,,,1,30,,81765,38,,,1,71,,81763,38,,,1,30,,81778,38,,,1,69,,81766,38,,,2,30,,81753,38,,,1,75,,81779,38,,,1,32,,81760,38,,,1,70,,81762,38,,,1,32,,81780,38,,,2,72,,81759,38,,,1,28,,81754,38,,,1,69,,81782,38,,,1,25,,81761,38,,,1,71,,81755,38,,,2,29,,81783,38,,,2,72,,81758,38,,,1,25,,81774,38,,,2,65,,81784,38,,,1,30,,81757,38,,,1,70,,81772,38,,,1,29,,81785,38,,,1,70,,81771,38,,,1,32,,81787,38,,,1,68,,81786,38,,,1
32900,'Semaine-1',830,,85907,29,0,7 8,1
32900,'Semaine-12',830,,85908,29,0,7 8,1
57100,'Semaine-1',1521,,86825,5,0,5 6,1
57100,'Semaine-12',1521,,86826,5,0,5 6,1
82601,'Semaine-1',800,,87124,32,0,9 12 13,1,1,,87125,32,0,9 12 13,1
82601,'Semaine-12',800,,87126,32,0,9 12 13,1,1,,87127,32,0,9 12 13,1
83101,'Semaine-1',810,,87148,21,0,9 12 13,2,2,,87149,21,0,9 12 13,1
83101,'Semaine-12',810,,87150,21,0,9 12 13,2,2,,87151,21,0,9 12 13,1
