2801,'Semaine-1',659,,80062,32,,,1,73,,80063,32,,,2,99,,80061,32,,,2
2801,'Semaine-12',659,,80065,32,,,1,73,,80066,32,,,2,99,,80064,32,,,2
2901,'Semaine-1',716,,80077,8,,,2,30,,80080,8,,,1,69,,80078,8,,,1,33,,80079,8,,,2
2901,'Semaine-12',716,,80081,8,,,2,30,,80084,8,,,1,69,,80082,8,,,1,33,,80083,8,,,2
3401,'Samedi-1',711,,80905,41,,,1,100,,80908,41,,,1,30,,80917,41,,,1,70,,80906,41,,,1,32,,80911,41,,,1,70,,80913,41,,,1,29,,80907,41,,,1,70,,80916,41,,,1,32,,80909,41,,,1,69,,80918,41,,,1,31,,80910,41,,,1,70,,80912,41,,,1,30,,80914,41,,,1,70,,80915,41,,,1,30,,80919,41,,,1,72,,80920,41,,,1,30,,80921,41,,,1,70,,80922,41,,,1,30,,80923,41,,,1,67,,80924,41,,,1,30,,80925,41,,,1,70,,80926,41,,,1,30,,80927,41,,,1,70,,80929,41,,,1,28,,80928,41,,,1,70,,80930,41,,,1,30,,80931,41,,,1,70,,80932,41,,,1,30,,80934,41,,,1,70,,80933,41,,,1,30,,80935,41,,,1,95,,80936,41,,,1
3401,'Samedi-10',711,,67667,41,,,1,100,,67670,41,,,1,30,,67679,41,,,1,70,,67668,41,,,1,32,,67673,41,,,1,70,,67675,41,,,1,29,,67669,41,,,1,70,,67678,41,,,1,32,,67671,41,,,1,69,,67680,41,,,1,31,,67672,41,,,1,70,,67674,41,,,1,30,,67676,41,,,1,70,,67677,41,,,1,30,,67681,41,,,1,72,,67682,41,,,1,30,,67683,41,,,1,70,,67684,41,,,1,30,,67685,41,,,1,67,,67686,41,,,1,30,,67687,41,,,1,70,,67688,41,,,1,30,,67689,41,,,1,70,,67691,41,,,1,28,,67690,41,,,1,70,,67692,41,,,1,30,,67693,41,,,1,70,,67694,41,,,1,30,,67696,41,,,1,70,,67695,41,,,1,30,,67697,41,,,1,95,,67698,41,,,1
3401,'Dimanche-1',711,,80937,41,,,1,100,,80945,41,,,1,30,,80950,41,,,1,70,,80942,41,,,1,32,,80940,41,,,1,70,,80963,41,,,1,29,,80944,41,,,1,70,,80949,41,,,1,32,,80939,41,,,1,69,,80938,41,,,1,31,,80941,41,,,1,70,,80948,41,,,1,30,,80951,41,,,1,70,,80943,41,,,1,30,,80947,41,,,1,72,,80946,41,,,1,30,,80952,41,,,1,70,,80956,41,,,1,30,,80953,41,,,1,67,,80954,41,,,1,30,,80955,41,,,1,70,,80962,41,,,1,30,,80957,41,,,1,70,,80960,41,,,1,28,,80958,41,,,1,70,,80959,41,,,1,30,,80961,41,,,1,70,,80964,41,,,1,30,,80966,41,,,1,70,,80965,41,,,1,30,,80967,41,,,1,95,,80968,41,,,1
3401,'Semaine-1',917,,80994,41,,,1,31,,80974,41,,,2,70,,80978,41,,,1,30,,80998,41,,,1,70,,80971,41,,,1,30,,80975,41,,,1,70,,80979,41,,,1,30,,80969,41,,,1,70,,80972,41,,,1,30,,80976,41,,,1,69,,80980,41,,,2,31,,80973,41,,,1,70,,80995,41,,,1,31,,80970,41,,,1,75,,80996,41,,,1,27,,80997,41,,,1,70,,80991,41,,,1,27,,80987,41,,,1,70,,80977,41,,,1,29,,80984,41,,,1,69,,80993,41,,,1,30,,80981,41,,,1,70,,80983,41,,,1,30,,80985,41,,,1,70,,80989,41,,,2,30,,80982,41,,,1,70,,80988,41,,,1,29,,80986,41,,,1,70,,80990,41,,,1,30,,80992,41,,,1
3401,'Semaine-12',917,,81024,41,,,1,31,,81004,41,,,2,70,,81008,41,,,1,30,,81028,41,,,1,70,,81001,41,,,1,30,,81005,41,,,1,70,,81009,41,,,1,30,,80999,41,,,1,70,,81002,41,,,1,30,,81006,41,,,1,69,,81010,41,,,2,31,,81003,41,,,1,70,,81025,41,,,1,31,,81000,41,,,1,75,,81026,41,,,1,27,,81027,41,,,1,70,,81021,41,,,1,27,,81017,41,,,1,70,,81007,41,,,1,29,,81014,41,,,1,69,,81023,41,,,1,30,,81011,41,,,1,70,,81013,41,,,1,30,,81015,41,,,1,70,,81019,41,,,2,30,,81012,41,,,1,70,,81018,41,,,1,29,,81016,41,,,1,70,,81020,41,,,1,30,,81022,41,,,1
5601,'Semaine-1',1224,,82735,15,,,1,102,,82732,15,,,1,100,,82731,15,,,1,101,,82734,15,,,2,104,,82733,15,,,1,97,,82736,15,,,1,97,,82737,15,,,1
5601,'Semaine-12',1224,,82742,15,,,1,102,,82739,15,,,1,100,,82738,15,,,1,101,,82741,15,,,2,104,,82740,15,,,1,97,,82743,15,,,1,97,,82744,15,,,1
32901,'Semaine-1',1649,,85909,34,0,7 8,1
32901,'Semaine-12',1649,,85910,34,0,7 8,1
42901,'Semaine-1',1512,,86769,16,0,9 14,1
42901,'Semaine-12',1512,,86770,16,0,9 14,1
55401,'Semaine-1',1532,,86814,13,0,5 6,1
55401,'Semaine-12',1532,,86816,13,0,5 6,1
72901,'Semaine-1',817,,86875,20,0,5 11,2
72901,'Semaine-12',817,,86876,20,0,5 11,2
82901,'Semaine-1',752,,87138,8,0,9 12 13,1,1,,87139,8,0,9 12 13,1,1,,87140,8,0,9 12 13,2
82901,'Semaine-12',752,,87141,8,0,9 12 13,1,1,,87142,8,0,9 12 13,1,1,,87143,8,0,9 12 13,2
