6400,'Samedi-1',745,,83307,24,,,1,100,,83309,24,,,1,100,,83312,24,,,1,100,,83310,24,,,1,100,,83313,24,,,1,100,,83308,24,,,1,100,,83311,24,,,1,100,,83314,24,,,1,99,,83315,24,,,1,100,,83316,24,,,1,100,,83317,24,,,1,100,,83318,24,,,1
6400,'Samedi-10',745,,72456,24,,,1,100,,72458,24,,,1,100,,72461,24,,,1,100,,72459,24,,,1,100,,72462,24,,,1,100,,72457,24,,,1,100,,72460,24,,,1,100,,72463,24,,,1,99,,72464,24,,,1,100,,72465,24,,,1,100,,72466,24,,,1,100,,72467,24,,,1
6400,'Dimanche-1',745,,83320,24,,,1,100,,83321,24,,,1,100,,83326,24,,,1,100,,83324,24,,,1,100,,83319,24,,,1,100,,83322,24,,,1,100,,83323,24,,,1,100,,83327,24,,,1,99,,83325,24,,,1,100,,83329,24,,,1,100,,83330,24,,,1,100,,83328,24,,,1
6400,'Semaine-1',657,,83339,24,,,1,74,,83336,24,,,1,70,,83331,24,,,1,30,,83335,24,,,1,100,,83337,24,,,1,100,,83342,24,,,1,100,,83341,24,,,1,100,,83334,24,,,1,100,,83347,24,,,1,100,,83343,24,,,1,95,,83344,24,,,1,85,,83349,24,,,1,47,,83348,24,,,1,101,,83345,24,,,1,95,,83346,24,,,1,100,,83338,24,,,2,100,,83332,24,,,2,100,,83340,24,,,1,100,,83333,24,,,1
6400,'Semaine-12',657,,83358,24,,,1,74,,83355,24,,,1,70,,83350,24,,,1,30,,83354,24,,,1,100,,83356,24,,,1,100,,83361,24,,,1,100,,83360,24,,,1,100,,83353,24,,,1,100,,83366,24,,,1,100,,83362,24,,,1,95,,83363,24,,,1,85,,83368,24,,,1,47,,83367,24,,,1,101,,83364,24,,,1,95,,83365,24,,,1,100,,83357,24,,,2,100,,83351,24,,,2,100,,83359,24,,,1,100,,83352,24,,,1
6600,'Samedi-1',725,,83633,23,,,1,100,,83636,23,,,1,100,,83634,23,,,1,100,,83637,23,,,1,100,,83631,23,,,1,100,,83632,23,,,1,100,,83635,23,,,1,100,,83638,23,,,1,100,,83639,23,,,1,100,,83640,23,,,1,100,,83641,23,,,1,100,,83642,23,,,1,100,,83644,23,,,1,100,,83643,23,,,1,100,,83645,23,,,1,100,,83646,23,,,1,100,,83647,23,,,1
6600,'Samedi-10',725,,73120,23,,,1,100,,73123,23,,,1,100,,73121,23,,,1,100,,73124,23,,,1,100,,73118,23,,,1,100,,73119,23,,,1,100,,73122,23,,,1,100,,73125,23,,,1,100,,73126,23,,,1,100,,73127,23,,,1,100,,73128,23,,,1,100,,73129,23,,,1,100,,73131,23,,,1,100,,73130,23,,,1,100,,73132,23,,,1,100,,73133,23,,,1,100,,73134,23,,,1
6600,'Dimanche-1',725,,83652,23,,,1,100,,83653,23,,,1,100,,83654,23,,,1,100,,83648,23,,,1,100,,83649,23,,,1,100,,83650,23,,,1,100,,83651,23,,,1,100,,83656,23,,,1,100,,83655,23,,,1,100,,83659,23,,,1,100,,83657,23,,,1,100,,83661,23,,,1,100,,83658,23,,,1,100,,83660,23,,,1,100,,83662,23,,,1,100,,83663,23,,,1,100,,83664,23,,,1
6600,'Semaine-1',611,,83675,23,,,2,20,,83681,23,,,2,20,,83676,23,,,1,63,,83668,23,,,2,19,,83680,23,,,1,19,,83673,23,,,1,61,,83687,23,,,1,18,,83667,23,,,1,18,,83678,23,,,1,60,,83688,23,,,1,100,,83677,23,,,1,100,,83669,23,,,1,100,,83692,23,,,1,100,,83693,23,,,1,101,,83679,23,,,2,100,,83689,23,,,1,23,,83682,23,,,1,22,,83665,23,,,1,60,,83684,23,,,1,18,,83690,23,,,1,20,,83695,23,,,1,59,,83666,23,,,2,24,,83685,23,,,2,20,,83683,23,,,1,58,,83671,23,,,1,22,,83691,23,,,2,94,,83672,23,,,2,100,,83670,23,,,1,97,,83674,23,,,1,100,,83686,23,,,1,100,,83694,23,,,1
6600,'Semaine-12',611,,83706,23,,,2,20,,83712,23,,,2,20,,83707,23,,,1,63,,83699,23,,,2,19,,83711,23,,,1,19,,83704,23,,,1,61,,83718,23,,,1,18,,83698,23,,,1,18,,83709,23,,,1,60,,83719,23,,,1,100,,83708,23,,,1,100,,83700,23,,,1,100,,83723,23,,,1,100,,83724,23,,,1,101,,83710,23,,,2,100,,83720,23,,,1,23,,83713,23,,,1,22,,83696,23,,,1,60,,83715,23,,,1,18,,83721,23,,,1,20,,83726,23,,,1,59,,83697,23,,,2,24,,83716,23,,,2,20,,83714,23,,,1,58,,83702,23,,,1,22,,83722,23,,,2,94,,83703,23,,,2,100,,83701,23,,,1,97,,83705,23,,,1,100,,83717,23,,,1,100,,83725,23,,,1
