1801,'Semaine-1',635,,79953,17,,,1,86,,79955,17,,,2,85,,79954,17,,,1
1801,'Semaine-12',635,,79956,17,,,1,86,,79958,17,,,2,85,,79957,17,,,1
2600,'Semaine-1',1554,,80019,14,,,1,72,,80018,14,,,1,28,,80017,14,,,2,70,,80020,14,,,1,27,,80021,14,,,2
2600,'Semaine-12',1554,,80024,14,,,1,72,,80023,14,,,1,28,,80022,14,,,2,70,,80025,14,,,1,27,,80026,14,,,2
2900,'Semaine-1',1545,,80070,14,,,2,75,,80069,14,,,1,32,,80067,14,,,2,65,,80071,14,,,1,30,,80068,14,,,1
2900,'Semaine-12',1545,,80075,14,,,2,75,,80074,14,,,1,32,,80072,14,,,2,65,,80076,14,,,1,30,,80073,14,,,1
3200,'Semaine-1',628,,80376,15,,,1,31,,80375,15,,,1,72,,80371,15,,,1,72,,80373,15,,,1,29,,80372,15,,,2,70,,80374,15,,,1,28,,80347,15,,,2,70,,80342,15,,,1,30,,80343,15,,,2,70,,80354,15,,,1,30,,80348,15,,,1,71,,80334,15,,,1,30,,80335,15,,,1,69,,80346,15,,,1,30,,80349,15,,,1,70,,80355,15,,,1,31,,80336,15,,,1,70,,80381,15,,,1,15,,80333,15,,,2,16,,80363,15,,,1,10,,80353,15,,,1,11,,80359,15,,,2,50,,80360,15,,,1,10,,80378,15,,,1,10,,80379,15,,,1,10,,80380,15,,,2,13,,80377,15,,,2,7,,80350,15,,,1,50,,80361,15,,,1,10,,80369,15,,,2,10,,80362,15,,,2,8,,80339,15,,,1,10,,80370,15,,,1,10,,80356,15,,,2,7,,80358,15,,,1,50,,80357,15,,,1,19,,80351,15,,,2,25,,80345,15,,,1,70,,80340,15,,,1,30,,80337,15,,,2,69,,80352,15,,,2,30,,80344,15,,,1,73,,80341,15,,,1,27,,80338,15,,,2,70,,80364,15,,,1,30,,80365,15,,,1,68,,80366,15,,,1,30,,80367,15,,,1,70,,80368,15,,,1
3200,'Semaine-12',628,,80425,15,,,1,31,,80424,15,,,1,72,,80420,15,,,1,72,,80422,15,,,1,29,,80421,15,,,2,70,,80423,15,,,1,28,,80396,15,,,2,70,,80391,15,,,1,30,,80392,15,,,2,70,,80403,15,,,1,30,,80397,15,,,1,71,,80383,15,,,1,30,,80384,15,,,1,69,,80395,15,,,1,30,,80398,15,,,1,70,,80404,15,,,1,31,,80385,15,,,1,70,,80430,15,,,1,15,,80382,15,,,2,16,,80412,15,,,1,10,,80402,15,,,1,11,,80408,15,,,2,50,,80409,15,,,1,10,,80427,15,,,1,10,,80428,15,,,1,10,,80429,15,,,2,13,,80426,15,,,2,7,,80399,15,,,1,50,,80410,15,,,1,10,,80418,15,,,2,10,,80411,15,,,2,8,,80388,15,,,1,10,,80419,15,,,1,10,,80405,15,,,2,7,,80407,15,,,1,50,,80406,15,,,1,19,,80400,15,,,2,25,,80394,15,,,1,70,,80389,15,,,1,30,,80386,15,,,2,69,,80401,15,,,2,30,,80393,15,,,1,73,,80390,15,,,1,27,,80387,15,,,2,70,,80413,15,,,1,30,,80414,15,,,1,68,,80415,15,,,1,30,,80416,15,,,1,70,,80417,15,,,1
3400,'Samedi-1',735,,80773,15,,,1,100,,80778,15,,,1,70,,80774,15,,,1,31,,80780,15,,,1,70,,80781,15,,,1,30,,80775,15,,,1,70,,80776,15,,,1,30,,80777,15,,,1,70,,80779,15,,,1,30,,80782,15,,,1,70,,80784,15,,,1,30,,80783,15,,,1,70,,80785,15,,,1,30,,80786,15,,,1,70,,80787,15,,,1,30,,80788,15,,,1,70,,80789,15,,,1,30,,80790,15,,,1,70,,80791,15,,,1,30,,80792,15,,,1,70,,80793,15,,,1,30,,80794,15,,,1,70,,80795,15,,,1,29,,80796,15,,,1,71,,80797,15,,,1,30,,80798,15,,,1,70,,80799,15,,,1,30,,80800,15,,,1,70,,80801,15,,,1,30,,80803,15,,,1,70,,80802,15,,,1,30,,80805,15,,,1,70,,80804,15,,,1,27,,80806,15,,,1
3400,'Samedi-10',735,,67369,15,,,1,100,,67374,15,,,1,70,,67370,15,,,1,31,,67376,15,,,1,70,,67377,15,,,1,30,,67371,15,,,1,70,,67372,15,,,1,30,,67373,15,,,1,70,,67375,15,,,1,30,,67378,15,,,1,70,,67380,15,,,1,30,,67379,15,,,1,70,,67381,15,,,1,30,,67382,15,,,1,70,,67383,15,,,1,30,,67384,15,,,1,70,,67385,15,,,1,30,,67386,15,,,1,70,,67387,15,,,1,30,,67388,15,,,1,70,,67389,15,,,1,30,,67390,15,,,1,70,,67391,15,,,1,29,,67392,15,,,1,71,,67393,15,,,1,30,,67394,15,,,1,70,,67395,15,,,1,30,,67396,15,,,1,70,,67397,15,,,1,30,,67399,15,,,1,70,,67398,15,,,1,30,,67401,15,,,1,70,,67400,15,,,1,27,,67402,15,,,1
3400,'Dimanche-1',735,,80811,15,,,1,100,,80831,15,,,1,70,,80813,15,,,1,31,,80817,15,,,1,70,,80810,15,,,1,30,,80818,15,,,1,70,,80809,15,,,1,30,,80808,15,,,1,70,,80821,15,,,1,30,,80812,15,,,1,70,,80815,15,,,1,30,,80814,15,,,1,70,,80807,15,,,1,30,,80823,15,,,1,70,,80819,15,,,1,30,,80820,15,,,1,70,,80816,15,,,1,30,,80827,15,,,1,70,,80826,15,,,1,30,,80824,15,,,1,70,,80822,15,,,1,30,,80825,15,,,1,70,,80830,15,,,1,29,,80828,15,,,1,71,,80829,15,,,1,30,,80832,15,,,1,70,,80833,15,,,1,30,,80834,15,,,1,70,,80835,15,,,1,30,,80836,15,,,1,70,,80837,15,,,1,30,,80839,15,,,1,70,,80838,15,,,1,27,,80840,15,,,1
3400,'Semaine-1',612,,80871,15,,,1,29,,80856,15,,,1,71,,80850,15,,,1,35,,80854,15,,,1,71,,80845,15,,,2,29,,80865,15,,,1,70,,80851,15,,,1,28,,80841,15,,,1,70,,80846,15,,,1,30,,80847,15,,,1,70,,80852,15,,,1,30,,80842,15,,,1,70,,80872,15,,,1,30,,80848,15,,,1,70,,80853,15,,,1,30,,80843,15,,,1,72,,80869,15,,,1,30,,80844,15,,,1,65,,80870,15,,,1,306,,80868,15,,,1,20,,80857,15,,,1,68,,80849,15,,,1,30,,80861,15,,,1,70,,80867,15,,,1,31,,80858,15,,,1,69,,80860,15,,,1,30,,80862,15,,,1,70,,80855,15,,,1,30,,80864,15,,,1,70,,80859,15,,,1,29,,80863,15,,,1,70,,80866,15,,,1
3400,'Semaine-12',612,,80903,15,,,1,29,,80888,15,,,1,71,,80882,15,,,1,35,,80886,15,,,1,71,,80877,15,,,2,29,,80897,15,,,1,70,,80883,15,,,1,28,,80873,15,,,1,70,,80878,15,,,1,30,,80879,15,,,1,70,,80884,15,,,1,30,,80874,15,,,1,70,,80904,15,,,1,30,,80880,15,,,1,70,,80885,15,,,1,30,,80875,15,,,1,72,,80901,15,,,1,30,,80876,15,,,1,65,,80902,15,,,1,306,,80900,15,,,1,20,,80889,15,,,1,68,,80881,15,,,1,30,,80893,15,,,1,70,,80899,15,,,1,31,,80890,15,,,1,69,,80892,15,,,1,30,,80894,15,,,1,70,,80887,15,,,1,30,,80896,15,,,1,70,,80891,15,,,1,29,,80895,15,,,1,70,,80898,15,,,1
4000,'Semaine-1',1524,,81911,14,,,1,30,,81907,14,,,2,75,,81910,14,,,1,27,,81909,14,,,1,68,,81908,14,,,1,29,,81912,14,,,1
4000,'Semaine-12',1524,,81917,14,,,1,30,,81913,14,,,2,75,,81916,14,,,1,27,,81915,14,,,1,68,,81914,14,,,1,29,,81918,14,,,1
4100,'Semaine-1',1535,,81932,14,,,1,71,,81934,14,,,1,35,,81933,14,,,2,64,,81931,14,,,1,29,,81935,14,,,1
4100,'Semaine-12',1535,,81937,14,,,1,71,,81939,14,,,1,35,,81938,14,,,2,64,,81936,14,,,1,29,,81940,14,,,1
4500,'Semaine-1',1509,,81964,14,,,1,35,,81959,14,,,1,70,,81960,14,,,1,32,,81962,14,,,1,67,,81963,14,,,1,27,,81961,14,,,2
4500,'Semaine-12',1509,,81970,14,,,1,35,,81965,14,,,1,70,,81966,14,,,1,32,,81968,14,,,1,67,,81969,14,,,1,27,,81967,14,,,2
4700,'Semaine-1',1531,,81983,14,,,1,103,,81984,14,,,1,96,,81985,14,,,2
4700,'Semaine-12',1531,,81986,14,,,1,103,,81987,14,,,1,96,,81988,14,,,2
5500,'Samedi-1',703,,82390,15,,,1,30,,82387,15,,,1,70,,82388,15,,,1,30,,82391,15,,,1,70,,82389,15,,,1,30,,82396,15,,,1,71,,82393,15,,,1,29,,82394,15,,,1,70,,82399,15,,,1,31,,82398,15,,,1,70,,82392,15,,,1,30,,82395,15,,,1,70,,82397,15,,,1,30,,82400,15,,,1,70,,82401,15,,,1,30,,82402,15,,,1,70,,82403,15,,,1,29,,82404,15,,,1,70,,82405,15,,,1,32,,82406,15,,,1,70,,82407,15,,,1,30,,82408,15,,,1,70,,82409,15,,,1,30,,82410,15,,,1,68,,82412,15,,,1,30,,82411,15,,,1,70,,82413,15,,,1,30,,82415,15,,,1,70,,82414,15,,,1,30,,82416,15,,,1,70,,82417,15,,,1,30,,82420,15,,,1,70,,82422,15,,,1,30,,82419,15,,,1,70,,82418,15,,,1,28,,82421,15,,,1
5500,'Samedi-10',703,,70650,15,,,1,30,,70647,15,,,1,70,,70648,15,,,1,30,,70651,15,,,1,70,,70649,15,,,1,30,,70656,15,,,1,71,,70653,15,,,1,29,,70654,15,,,1,70,,70659,15,,,1,31,,70658,15,,,1,70,,70652,15,,,1,30,,70655,15,,,1,70,,70657,15,,,1,30,,70660,15,,,1,70,,70661,15,,,1,30,,70662,15,,,1,70,,70663,15,,,1,29,,70664,15,,,1,70,,70665,15,,,1,32,,70666,15,,,1,70,,70667,15,,,1,30,,70668,15,,,1,70,,70669,15,,,1,30,,70670,15,,,1,68,,70672,15,,,1,30,,70671,15,,,1,70,,70673,15,,,1,30,,70675,15,,,1,70,,70674,15,,,1,30,,70676,15,,,1,70,,70677,15,,,1,30,,70680,15,,,1,70,,70682,15,,,1,30,,70679,15,,,1,70,,70678,15,,,1,28,,70681,15,,,1
5500,'Dimanche-1',703,,82427,15,,,1,30,,82432,15,,,1,70,,82424,15,,,1,30,,82429,15,,,1,70,,82426,15,,,1,30,,82423,15,,,1,71,,82434,15,,,1,29,,82428,15,,,1,70,,82425,15,,,1,31,,82437,15,,,1,70,,82433,15,,,1,30,,82438,15,,,1,70,,82431,15,,,1,30,,82430,15,,,1,70,,82436,15,,,1,30,,82441,15,,,1,70,,82435,15,,,1,29,,82440,15,,,1,70,,82443,15,,,1,32,,82447,15,,,1,70,,82442,15,,,1,30,,82448,15,,,1,70,,82439,15,,,1,30,,82445,15,,,1,68,,82446,15,,,1,30,,82449,15,,,1,70,,82444,15,,,1,30,,82450,15,,,1,70,,82452,15,,,1,30,,82451,15,,,1,70,,82453,15,,,1,30,,82455,15,,,1,70,,82456,15,,,1,30,,82454,15,,,1,70,,82457,15,,,1,28,,82458,15,,,1
5500,'Semaine-1',635,,82461,15,,,1,103,,82477,15,,,1,69,,82460,15,,,1,97,,82496,15,,,1,28,,82497,15,,,1,70,,82466,15,,,1,29,,82476,15,,,1,70,,82480,15,,,1,31,,82502,15,,,1,71,,82462,15,,,1,30,,82501,15,,,1,69,,82479,15,,,1,30,,82494,15,,,1,70,,82488,15,,,1,23,,82495,15,,,1,16,,82481,15,,,1,14,,82459,15,,,1,57,,82500,15,,,1,17,,82470,15,,,1,15,,82503,15,,,1,13,,82491,15,,,1,50,,82463,15,,,1,13,,82474,15,,,1,18,,82506,15,,,1,9,,82499,15,,,1,11,,82465,15,,,1,51,,82482,15,,,1,10,,82475,15,,,1,11,,82504,15,,,1,12,,82489,15,,,1,8,,82469,15,,,1,52,,82464,15,,,1,10,,82505,15,,,1,11,,82473,15,,,1,12,,82468,15,,,1,10,,82478,15,,,1,70,,82493,15,,,1,29,,82498,15,,,1,70,,82485,15,,,1,30,,82471,15,,,1,70,,82492,15,,,1,29,,82483,15,,,1,70,,82486,15,,,1,30,,82472,15,,,1,70,,82487,15,,,1,30,,82484,15,,,1,69,,82467,15,,,1,30,,82490,15,,,1
5500,'Semaine-12',635,,82509,15,,,1,103,,82525,15,,,1,69,,82508,15,,,1,97,,82544,15,,,1,28,,82545,15,,,1,70,,82514,15,,,1,29,,82524,15,,,1,70,,82528,15,,,1,31,,82550,15,,,1,71,,82510,15,,,1,30,,82549,15,,,1,69,,82527,15,,,1,30,,82542,15,,,1,70,,82536,15,,,1,23,,82543,15,,,1,16,,82529,15,,,1,14,,82507,15,,,1,57,,82548,15,,,1,17,,82518,15,,,1,15,,82551,15,,,1,13,,82539,15,,,1,50,,82511,15,,,1,13,,82522,15,,,1,18,,82554,15,,,1,9,,82547,15,,,1,11,,82513,15,,,1,51,,82530,15,,,1,10,,82523,15,,,1,11,,82552,15,,,1,12,,82537,15,,,1,8,,82517,15,,,1,52,,82512,15,,,1,10,,82553,15,,,1,11,,82521,15,,,1,12,,82516,15,,,1,10,,82526,15,,,1,70,,82541,15,,,1,29,,82546,15,,,1,70,,82533,15,,,1,30,,82519,15,,,1,70,,82540,15,,,1,29,,82531,15,,,1,70,,82534,15,,,1,30,,82520,15,,,1,70,,82535,15,,,1,30,,82532,15,,,1,69,,82515,15,,,1,30,,82538,15,,,1
5900,'Samedi-1',718,,82779,15,,,1,30,,82782,15,,,1,70,,82775,15,,,1,30,,82781,15,,,1,70,,82778,15,,,1,30,,82783,15,,,1,70,,82787,15,,,1,30,,82788,15,,,1,70,,82777,15,,,1,30,,82776,15,,,1,71,,82786,15,,,1,30,,82780,15,,,1,70,,82784,15,,,1,30,,82789,15,,,1,70,,82785,15,,,1,30,,82790,15,,,1,70,,82791,15,,,1,29,,82792,15,,,1,70,,82793,15,,,1,32,,82794,15,,,1,69,,82795,15,,,1,30,,82796,15,,,1,69,,82797,15,,,1,30,,82798,15,,,1,70,,82799,15,,,1,30,,82801,15,,,1,70,,82800,15,,,1,30,,82803,15,,,1,70,,82802,15,,,1,29,,82804,15,,,1,71,,82805,15,,,1,30,,82807,15,,,1,70,,82806,15,,,1,30,,82808,15,,,1
5900,'Samedi-10',718,,71438,15,,,1,30,,71441,15,,,1,70,,71434,15,,,1,30,,71440,15,,,1,70,,71437,15,,,1,30,,71442,15,,,1,70,,71446,15,,,1,30,,71447,15,,,1,70,,71436,15,,,1,30,,71435,15,,,1,71,,71445,15,,,1,30,,71439,15,,,1,70,,71443,15,,,1,30,,71448,15,,,1,70,,71444,15,,,1,30,,71449,15,,,1,70,,71450,15,,,1,29,,71451,15,,,1,70,,71452,15,,,1,32,,71453,15,,,1,69,,71454,15,,,1,30,,71455,15,,,1,69,,71456,15,,,1,30,,71457,15,,,1,70,,71458,15,,,1,30,,71460,15,,,1,70,,71459,15,,,1,30,,71462,15,,,1,70,,71461,15,,,1,29,,71463,15,,,1,71,,71464,15,,,1,30,,71466,15,,,1,70,,71465,15,,,1,30,,71467,15,,,1
5900,'Dimanche-1',718,,82814,15,,,1,30,,82813,15,,,1,70,,82809,15,,,1,30,,82818,15,,,1,70,,82824,15,,,1,30,,82815,15,,,1,70,,82822,15,,,1,30,,82817,15,,,1,70,,82823,15,,,1,30,,82810,15,,,1,71,,82821,15,,,1,30,,82811,15,,,1,70,,82819,15,,,1,30,,82825,15,,,1,70,,82812,15,,,1,30,,82816,15,,,1,70,,82820,15,,,1,29,,82829,15,,,1,70,,82830,15,,,1,32,,82827,15,,,1,69,,82832,15,,,1,30,,82828,15,,,1,69,,82834,15,,,1,30,,82826,15,,,1,70,,82831,15,,,1,30,,82835,15,,,1,70,,82833,15,,,1,30,,82836,15,,,1,70,,82837,15,,,1,29,,82838,15,,,1,71,,82839,15,,,1,30,,82841,15,,,1,70,,82840,15,,,1,30,,82842,15,,,1
5900,'Semaine-1',604,,82850,15,,,1,97,,82885,15,,,1,47,,82890,15,,,1,88,,82866,15,,,1,84,,82862,15,,,1,28,,82883,15,,,1,70,,82859,15,,,1,30,,82882,15,,,1,70,,82873,15,,,1,30,,82867,15,,,1,71,,82875,15,,,1,30,,82858,15,,,1,70,,82886,15,,,1,30,,82849,15,,,1,70,,82880,15,,,1,14,,82851,15,,,1,18,,82884,15,,,1,71,,82844,15,,,1,14,,82888,15,,,1,15,,82843,15,,,1,8,,82878,15,,,1,57,,82874,15,,,1,7,,82887,10,,,1,6,,82861,15,,,1,13,,82845,15,,,1,6,,82889,10,,,1,6,,82846,15,,,1,52,,82854,15,,,1,9,,82881,15,,,1,12,,82870,15,,,1,11,,82857,15,,,1,9,,82879,15,,,1,12,,82865,15,,,1,52,,82877,15,,,1,9,,82847,15,,,1,10,,82852,15,,,1,71,,82872,15,,,1,30,,82863,15,,,1,70,,82868,15,,,1,29,,82856,15,,,1,70,,82864,15,,,1,30,,82869,15,,,1,70,,82876,15,,,1,30,,82853,15,,,1,70,,82871,15,,,1,29,,82860,15,,,1,30,,82848,15,,,1,69,,82855,15,,,1
5900,'Semaine-12',604,,82898,15,,,1,97,,82933,15,,,1,47,,82938,15,,,1,88,,82914,15,,,1,84,,82910,15,,,1,28,,82931,15,,,1,70,,82907,15,,,1,30,,82930,15,,,1,70,,82921,15,,,1,30,,82915,15,,,1,71,,82923,15,,,1,30,,82906,15,,,1,70,,82934,15,,,1,30,,82897,15,,,1,70,,82928,15,,,1,14,,82899,15,,,1,18,,82932,15,,,1,71,,82892,15,,,1,14,,82936,15,,,1,15,,82891,15,,,1,8,,82926,15,,,1,57,,82922,15,,,1,7,,82935,10,,,1,6,,82909,15,,,1,13,,82893,15,,,1,6,,82937,10,,,1,6,,82894,15,,,1,52,,82902,15,,,1,9,,82929,15,,,1,12,,82918,15,,,1,11,,82905,15,,,1,9,,82927,15,,,1,12,,82913,15,,,1,52,,82925,15,,,1,9,,82895,15,,,1,10,,82900,15,,,1,71,,82920,15,,,1,30,,82911,15,,,1,70,,82916,15,,,1,29,,82904,15,,,1,70,,82912,15,,,1,30,,82917,15,,,1,70,,82924,15,,,1,30,,82901,15,,,1,70,,82919,15,,,1,29,,82908,15,,,1,30,,82896,15,,,1,69,,82903,15,,,1
32900,'Semaine-1',809,,85907,7,0,7 8,1
32900,'Semaine-12',809,,85908,7,0,7 8,1
65500,'Semaine-1',717,,86863,8,0,9 10,1
65500,'Semaine-12',717,,86864,8,0,9 10,1
72900,'Semaine-1',1628,,86873,12,0,5 11,2
72900,'Semaine-12',1628,,86874,12,0,5 11,2
74000,'Semaine-1',1625,,86880,11,0,5 11,1
74000,'Semaine-12',1625,,86882,11,0,5 11,1
80001,'Samedi-1',627,,87007,17,,,1,101,,87009,17,,,1,101,,87010,17,,,1,100,,87013,17,,,1,100,,87008,17,,,1,100,,87011,17,,,1,101,,87014,17,,,1,100,,87012,17,,,1,100,,87015,17,,,1,100,,87016,17,,,1,100,,87017,17,,,2,102,,87018,17,,,1,98,,87021,17,,,1,99,,87019,17,,,1,100,,87020,17,,,1,100,,87022,17,,,1,99,,87023,17,,,1
80001,'Samedi-10',627,,79670,17,,,1,101,,79672,17,,,1,101,,79673,17,,,1,100,,79676,17,,,1,100,,79671,17,,,1,100,,79674,17,,,1,101,,79677,17,,,1,100,,79675,17,,,1,100,,79678,17,,,1,100,,79679,17,,,1,100,,79680,17,,,2,102,,79681,17,,,1,98,,79684,17,,,1,99,,79682,17,,,1,100,,79683,17,,,1,100,,79685,17,,,1,99,,79686,17,,,1
80001,'Dimanche-1',627,,87024,17,,,1,101,,87026,17,,,1,101,,87028,17,,,1,100,,87025,17,,,1,100,,87027,17,,,1,100,,87029,17,,,1,101,,87030,17,,,1,100,,87031,17,,,1,100,,87034,17,,,1,100,,87032,17,,,1,100,,87033,17,,,2,102,,87036,17,,,1,98,,87037,17,,,1,99,,87035,17,,,1,100,,87038,17,,,1,100,,87039,17,,,1,99,,87040,17,,,1
80001,'Semaine-1',619,,87062,17,,,1,28,,87055,17,,,1,71,,87063,17,,,1,30,,87047,17,,,1,75,,87045,17,,,1,28,,87052,17,,,1,66,,87058,17,,,1,30,,87070,17,,,1,70,,87061,17,,,2,30,,87053,17,,,1,70,,87067,17,,,1,30,,87041,17,,,1,70,,87075,17,,,1,29,,87073,17,,,1,74,,87043,17,,,1,30,,87066,17,,,1,70,,87057,17,,,1,30,,87064,17,,,1,73,,87074,17,,,1,29,,87059,17,,,1,57,,87069,17,,,1,22,,87071,17,,,1,24,,87068,17,,,1,67,,87060,17,,,1,30,,87050,17,,,1,68,,87048,17,,,1,28,,87042,17,,,1,69,,87072,17,,,1,32,,87054,17,,,1,67,,87051,17,,,1,30,,87056,17,,,1,69,,87044,17,,,1,30,,87065,17,,,1,74,,87046,17,,,1,32,,87049,17,,,1
80001,'Semaine-12',619,,87097,17,,,1,28,,87090,17,,,1,71,,87098,17,,,1,30,,87082,17,,,1,75,,87080,17,,,1,28,,87087,17,,,1,66,,87093,17,,,1,30,,87105,17,,,1,70,,87096,17,,,2,30,,87088,17,,,1,70,,87102,17,,,1,30,,87076,17,,,1,70,,87110,17,,,1,29,,87108,17,,,1,74,,87078,17,,,1,30,,87101,17,,,1,70,,87092,17,,,1,30,,87099,17,,,1,73,,87109,17,,,1,29,,87094,17,,,1,57,,87104,17,,,1,22,,87106,17,,,1,24,,87103,17,,,1,67,,87095,17,,,1,30,,87085,17,,,1,68,,87083,17,,,1,28,,87077,17,,,1,69,,87107,17,,,1,32,,87089,17,,,1,67,,87086,17,,,1,30,,87091,17,,,1,69,,87079,17,,,1,30,,87100,17,,,1,74,,87081,17,,,1,32,,87084,17,,,1
82900,'Semaine-1',1534,,87134,12,0,9 12 13,1
82900,'Semaine-12',1534,,87137,12,0,9 12 13,1
