6501,'Samedi-1',741,,83537,3,,,1,100,,83535,3,,,1,100,,83534,3,,,1,100,,83532,3,,,1,100,,83531,3,,,1,100,,83533,3,,,1,100,,83536,3,,,1,100,,83538,3,,,1,100,,83539,3,,,1,100,,83540,3,,,1,100,,83541,3,,,1,100,,83545,3,,,1,100,,83542,3,,,1,100,,83543,3,,,1,100,,83544,3,,,1,100,,83546,3,,,1,100,,83547,3,,,1
6501,'Samedi-10',741,,72923,3,,,1,100,,72921,3,,,1,100,,72920,3,,,1,100,,72918,3,,,1,100,,72917,3,,,1,100,,72919,3,,,1,100,,72922,3,,,1,100,,72924,3,,,1,100,,72925,3,,,1,100,,72926,3,,,1,100,,72927,3,,,1,100,,72931,3,,,1,100,,72928,3,,,1,100,,72929,3,,,1,100,,72930,3,,,1,100,,72932,3,,,1,100,,72933,3,,,1
6501,'Dimanche-1',741,,83551,3,,,1,100,,83552,3,,,1,100,,83548,3,,,1,100,,83549,3,,,1,100,,83550,3,,,1,100,,83553,3,,,1,100,,83555,3,,,1,100,,83554,3,,,1,100,,83559,3,,,1,100,,83556,3,,,1,100,,83558,3,,,1,100,,83560,3,,,1,100,,83557,3,,,1,100,,83561,3,,,1,100,,83562,3,,,1,100,,83563,3,,,1,100,,83564,3,,,1
6501,'Semaine-1',536,,83577,3,,,1,70,,83590,3,,,1,32,,83594,3,,,1,20,,83579,3,,,1,59,,83580,3,,,1,21,,83593,3,,,1,62,,83578,3,,,2,19,,83576,3,,,1,19,,83587,3,,,2,20,,83566,3,,,2,60,,83582,3,,,1,26,,83573,3,,,1,70,,83575,3,,,1,100,,83583,3,,,1,100,,83570,3,,,1,100,,83585,3,,,1,100,,83567,3,,,1,100,,83571,3,,,1,33,,83584,3,,,2,61,,83569,3,,,1,14,,83591,3,,,2,22,,83588,3,,,1,60,,83572,3,,,2,14,,83565,3,,,1,20,,83586,3,,,2,20,,83589,3,,,2,60,,83574,3,,,1,20,,83568,3,,,2,20,,83596,3,,,2,97,,83592,3,,,1,100,,83595,3,,,1,100,,83597,3,,,1,100,,83581,3,,,1
6501,'Semaine-12',536,,83610,3,,,1,70,,83623,3,,,1,32,,83627,3,,,1,20,,83612,3,,,1,59,,83613,3,,,1,21,,83626,3,,,1,62,,83611,3,,,2,19,,83609,3,,,1,19,,83620,3,,,2,20,,83599,3,,,2,60,,83615,3,,,1,26,,83606,3,,,1,70,,83608,3,,,1,100,,83616,3,,,1,100,,83603,3,,,1,100,,83618,3,,,1,100,,83600,3,,,1,100,,83604,3,,,1,33,,83617,3,,,2,61,,83602,3,,,1,14,,83624,3,,,2,22,,83621,3,,,1,60,,83605,3,,,2,14,,83598,3,,,1,20,,83619,3,,,2,20,,83622,3,,,2,60,,83607,3,,,1,20,,83601,3,,,2,20,,83629,3,,,2,97,,83625,3,,,1,100,,83628,3,,,1,100,,83630,3,,,1,100,,83614,3,,,1
7600,'Samedi-1',735,,84976,3,,,1,100,,84979,3,,,1,100,,84978,3,,,1,100,,84981,3,,,1,100,,84980,3,,,1,101,,84975,3,,,1,99,,84977,3,,,1,100,,84982,3,,,1,100,,84983,3,,,1,100,,84984,3,,,1,100,,84985,3,,,1,100,,84986,3,,,1,100,,84987,3,,,1,100,,84988,3,,,1,100,,84989,3,,,1,100,,84990,3,,,1
7600,'Samedi-10',735,,75740,3,,,1,100,,75743,3,,,1,100,,75742,3,,,1,100,,75745,3,,,1,100,,75744,3,,,1,101,,75739,3,,,1,99,,75741,3,,,1,100,,75746,3,,,1,100,,75747,3,,,1,100,,75748,3,,,1,100,,75749,3,,,1,100,,75750,3,,,1,100,,75751,3,,,1,100,,75752,3,,,1,100,,75753,3,,,1,100,,75754,3,,,1
7600,'Dimanche-1',735,,84994,3,,,1,100,,84993,3,,,1,100,,84992,3,,,1,100,,84997,3,,,1,100,,84991,3,,,1,101,,84996,3,,,1,99,,84995,3,,,1,100,,84998,3,,,1,100,,84999,3,,,1,100,,85000,3,,,1,100,,85003,3,,,1,100,,85001,3,,,1,100,,85002,3,,,1,100,,85004,3,,,1,100,,85005,3,,,1,100,,85006,3,,,1
7600,'Semaine-1',541,,85033,3,,,1,70,,85030,3,,,1,22,,85034,3,,,1,18,,85031,3,,,1,59,,85032,3,,,2,24,,85035,3,,,1,23,,85036,3,,,1,54,,85044,3,,,1,20,,85043,3,,,1,23,,85038,3,,,1,60,,85039,3,,,2,25,,85037,3,,,1,70,,85041,3,,,1,30,,85040,3,,,1,70,,85042,3,,,2,28,,85010,3,,,1,72,,85011,3,,,1,30,,85012,3,,,1,70,,85008,3,,,1,30,,85015,3,,,1,70,,85009,3,,,1,30,,85013,3,,,1,70,,85014,3,,,1,34,,85007,3,,,1,16,,85022,3,,,1,57,,85016,3,,,1,23,,85019,3,,,2,20,,85023,3,,,1,55,,85020,3,,,2,20,,85024,3,,,1,70,,85025,3,,,1,30,,85021,3,,,1,70,,85026,3,,,1,46,,85017,3,,,1,98,,85027,3,,,2,100,,85028,3,,,2,100,,85018,3,,,2,100,,85029,3,,,1
7600,'Semaine-12',541,,85071,3,,,1,70,,85068,3,,,1,22,,85072,3,,,1,18,,85069,3,,,1,59,,85070,3,,,2,24,,85073,3,,,1,23,,85074,3,,,1,54,,85082,3,,,1,20,,85081,3,,,1,23,,85076,3,,,1,60,,85077,3,,,2,25,,85075,3,,,1,70,,85079,3,,,1,30,,85078,3,,,1,70,,85080,3,,,2,28,,85048,3,,,1,72,,85049,3,,,1,30,,85050,3,,,1,70,,85046,3,,,1,30,,85053,3,,,1,70,,85047,3,,,1,30,,85051,3,,,1,70,,85052,3,,,1,34,,85045,3,,,1,16,,85060,3,,,1,57,,85054,3,,,1,23,,85057,3,,,2,20,,85061,3,,,1,55,,85058,3,,,2,20,,85062,3,,,1,70,,85063,3,,,1,30,,85059,3,,,1,70,,85064,3,,,1,46,,85055,3,,,1,98,,85065,3,,,2,100,,85066,3,,,2,100,,85056,3,,,2,100,,85067,3,,,1
57600,'Semaine-1',1541,,86829,13,0,5 6,1
57600,'Semaine-12',1541,,86830,13,0,5 6,1
