4000,'Semaine-1',1551,,81911,46,,,1,70,,81907,46,,,2,34,,81910,46,,,1,68,,81909,46,,,1,28,,81908,46,,,1,66,,81912,46,,,1
4000,'Semaine-12',1551,,81917,46,,,1,70,,81913,46,,,2,34,,81916,46,,,1,68,,81915,46,,,1,28,,81914,46,,,1,66,,81918,46,,,1
5001,'Semaine-1',1642,,82225,28,,,1,102,,82227,28,,,1,94,,82226,28,,,2
5001,'Semaine-12',1642,,82228,28,,,1,102,,82230,28,,,1,94,,82229,28,,,2
5200,'Samedi-1',659,,82231,46,,,1,100,,82232,46,,,1,141,,82233,46,,,1,100,,82234,46,,,1,100,,82235,46,,,1,102,,82236,46,,,1,100,,82237,46,,,1,100,,82238,46,,,1,99,,82239,46,,,1,101,,82240,46,,,1,100,,82241,46,,,1,99,,82242,46,,,1,99,,82243,46,,,1,100,,82246,46,,,1,100,,82244,46,,,1,59,,82245,46,,,1,98,,82247,46,,,1,100,,82248,46,,,1
5200,'Samedi-10',659,,70287,46,,,1,100,,70288,46,,,1,141,,70289,46,,,1,100,,70290,46,,,1,100,,70291,46,,,1,102,,70292,46,,,1,100,,70293,46,,,1,100,,70294,46,,,1,99,,70295,46,,,1,101,,70296,46,,,1,100,,70297,46,,,1,99,,70298,46,,,1,99,,70299,46,,,1,100,,70302,46,,,1,100,,70300,46,,,1,59,,70301,46,,,1,98,,70303,46,,,1,100,,70304,46,,,1
5200,'Dimanche-1',659,,82250,46,,,1,100,,82249,46,,,1,141,,82251,46,,,1,100,,82254,46,,,1,100,,82252,46,,,1,102,,82253,46,,,1,100,,82257,46,,,1,100,,82256,46,,,1,99,,82258,46,,,1,101,,82255,46,,,1,100,,82259,46,,,1,99,,82261,46,,,1,99,,82262,46,,,1,100,,82260,46,,,1,100,,82263,46,,,1,59,,82264,46,,,1,98,,82265,46,,,1,100,,82266,46,,,1
5200,'Semaine-1',629,,82270,46,,,1,99,,82272,46,,,1,110,,82267,46,,,1,95,,82283,46,,,1,98,,82281,46,,,1,101,,82268,46,,,1,100,,82275,46,,,1,100,,82274,46,,,1,101,,82271,46,,,1,102,,82269,46,,,1,108,,82273,46,,,1,98,,82284,46,,,1,106,,82282,46,,,1,100,,82276,46,,,1,83,,82280,46,,,1,100,,82279,46,,,1,99,,82277,46,,,1,99,,82278,46,,,1
5200,'Semaine-12',629,,82288,46,,,1,99,,82290,46,,,1,110,,82285,46,,,1,95,,82301,46,,,1,98,,82299,46,,,1,101,,82286,46,,,1,100,,82293,46,,,1,100,,82292,46,,,1,101,,82289,46,,,1,102,,82287,46,,,1,108,,82291,46,,,1,98,,82302,46,,,1,106,,82300,46,,,1,100,,82294,46,,,1,83,,82298,46,,,1,100,,82297,46,,,1,99,,82295,46,,,1,99,,82296,46,,,1
55001,'Semaine-1',1550,,86805,26,0,5 6,1
55001,'Semaine-12',1550,,86808,26,0,5 6,1
64000,'Semaine-1',1507,,86839,7,0,9 10,2
64000,'Semaine-12',1507,,86842,7,0,9 10,2
74000,'Semaine-1',1653,,86880,43,0,5 11,1
74000,'Semaine-12',1653,,86882,43,0,5 11,1
