3900,'Samedi-1',640,,81669,8,,,1,101,,81670,8,,,1,100,,81674,8,,,1,101,,81673,8,,,1,100,,81676,8,,,1,100,,81675,8,,,1,102,,81671,8,,,1,70,,81672,8,,,1,30,,81677,8,,,1,71,,81678,8,,,1,30,,81679,8,,,1,70,,81680,8,,,1,31,,81681,8,,,1,70,,81682,8,,,1,30,,81683,8,,,1,70,,81684,8,,,1,30,,81685,8,,,1,69,,81686,8,,,1,29,,81687,8,,,1,69,,81688,8,,,1,100,,81689,8,,,1,100,,81690,8,,,1,100,,81691,8,,,1,100,,81692,8,,,1
3900,'Samedi-10',640,,69204,8,,,1,101,,69205,8,,,1,100,,69209,8,,,1,101,,69208,8,,,1,100,,69211,8,,,1,100,,69210,8,,,1,102,,69206,8,,,1,70,,69207,8,,,1,30,,69212,8,,,1,71,,69213,8,,,1,30,,69214,8,,,1,70,,69215,8,,,1,31,,69216,8,,,1,70,,69217,8,,,1,30,,69218,8,,,1,70,,69219,8,,,1,30,,69220,8,,,1,69,,69221,8,,,1,29,,69222,8,,,1,69,,69223,8,,,1,100,,69224,8,,,1,100,,69225,8,,,1,100,,69226,8,,,1,100,,69227,8,,,1
3900,'Dimanche-1',640,,81693,8,,,1,101,,81700,8,,,1,100,,81703,8,,,1,101,,81696,8,,,1,100,,81698,8,,,1,100,,81699,8,,,1,102,,81702,8,,,1,70,,81695,8,,,1,30,,81697,8,,,1,71,,81704,8,,,1,30,,81694,8,,,1,70,,81705,8,,,1,31,,81701,8,,,1,70,,81708,8,,,1,30,,81711,8,,,1,70,,81713,8,,,1,30,,81707,8,,,1,69,,81710,8,,,1,29,,81712,8,,,1,69,,81706,8,,,1,100,,81709,8,,,1,100,,81714,8,,,1,100,,81715,8,,,1,100,,81716,8,,,1
3900,'Semaine-1',617,,81734,8,,,1,22,,81720,8,,,1,69,,81739,8,,,1,29,,81732,8,,,1,75,,81733,8,,,1,33,,81731,8,,,1,72,,81728,8,,,1,30,,81745,8,,,2,70,,81740,8,,,1,30,,81752,8,,,1,70,,81737,8,,,2,30,,81741,8,,,1,70,,81729,8,,,1,31,,81727,8,,,1,70,,81742,8,,,1,29,,81730,8,,,2,70,,81717,8,,,1,34,,81743,8,,,1,73,,81724,8,,,1,29,,81726,8,,,1,72,,81744,8,,,2,32,,81723,8,,,1,68,,81718,8,,,1,29,,81746,8,,,1,67,,81725,8,,,1,32,,81719,8,,,2,69,,81747,8,,,2,32,,81722,8,,,1,65,,81738,8,,,2,26,,81748,8,,,1,70,,81721,8,,,1,30,,81736,8,,,1,69,,81749,8,,,1,30,,81735,8,,,1,72,,81751,8,,,1,28,,81750,8,,,1
3900,'Semaine-12',617,,81770,8,,,1,22,,81756,8,,,1,69,,81775,8,,,1,29,,81768,8,,,1,75,,81769,8,,,1,33,,81767,8,,,1,72,,81764,8,,,1,30,,81781,8,,,2,70,,81776,8,,,1,30,,81788,8,,,1,70,,81773,8,,,2,30,,81777,8,,,1,70,,81765,8,,,1,31,,81763,8,,,1,70,,81778,8,,,1,29,,81766,8,,,2,70,,81753,8,,,1,34,,81779,8,,,1,73,,81760,8,,,1,29,,81762,8,,,1,72,,81780,8,,,2,32,,81759,8,,,1,68,,81754,8,,,1,29,,81782,8,,,1,67,,81761,8,,,1,32,,81755,8,,,2,69,,81783,8,,,2,32,,81758,8,,,1,65,,81774,8,,,2,26,,81784,8,,,1,70,,81757,8,,,1,30,,81772,8,,,1,69,,81785,8,,,1,30,,81771,8,,,1,72,,81787,8,,,1,28,,81786,8,,,1
5000,'Semaine-1',650,,82216,24,,,1,62,,82214,24,,,1,7,,82215,3,,,2,25,,82217,24,,,2,70,,82213,24,,,1,107,,82218,24,,,1
5000,'Semaine-12',650,,82222,24,,,1,62,,82220,24,,,1,7,,82221,3,,,2,25,,82223,24,,,2,70,,82219,24,,,1,107,,82224,24,,,1
55000,'Semaine-1',705,,86799,24,0,5 6,1,2,,86800,24,0,5 6,1
55000,'Semaine-12',705,,86801,24,0,5 6,1,2,,86802,24,0,5 6,1
63901,'Semaine-1',711,,86835,25,0,9 10,1
63901,'Semaine-12',711,,86836,25,0,9 10,1
