3100,'Samedi-1',729,,80085,41,,,1,105,,80086,41,,,1,104,,80087,41,,,1,100,,80088,41,,,1,102,,80089,41,,,1,102,,80090,41,,,1,101,,80091,41,,,1,100,,80092,41,,,1,100,,80093,41,,,1,102,,80094,41,,,1,100,,80095,41,,,1,100,,80096,41,,,1,93,,80097,41,,,1,101,,80098,41,,,1,100,,80099,41,,,1,100,,80100,41,,,1,101,,80101,41,,,1,98,,80102,41,,,1,100,,80103,41,,,1
3100,'Samedi-10',729,,66103,41,,,1,105,,66104,41,,,1,104,,66105,41,,,1,100,,66106,41,,,1,102,,66107,41,,,1,102,,66108,41,,,1,101,,66109,41,,,1,100,,66110,41,,,1,100,,66111,41,,,1,102,,66112,41,,,1,100,,66113,41,,,1,100,,66114,41,,,1,93,,66115,41,,,1,101,,66116,41,,,1,100,,66117,41,,,1,100,,66118,41,,,1,101,,66119,41,,,1,98,,66120,41,,,1,100,,66121,41,,,1
3100,'Dimanche-1',729,,80108,41,,,1,105,,80110,41,,,1,104,,80109,41,,,1,100,,80117,41,,,1,102,,80112,41,,,1,102,,80104,41,,,1,101,,80107,41,,,1,100,,80106,41,,,1,100,,80105,41,,,1,102,,80111,41,,,1,100,,80113,41,,,1,100,,80114,41,,,1,93,,80116,41,,,1,101,,80115,41,,,1,100,,80118,41,,,1,100,,80119,41,,,1,101,,80120,41,,,1,98,,80121,41,,,1,100,,80122,41,,,1
3100,'Semaine-1',637,,80127,41,,,1,84,,80160,41,,,1,23,,80140,41,,,1,61,,80128,41,,,1,15,,80165,41,,,1,21,,80162,41,,,1,61,,80124,41,,,1,18,,80137,41,,,1,23,,80138,41,,,1,9,,80129,41,,,1,64,,80131,41,,,1,20,,80148,41,,,1,67,,80149,41,,,1,31,,80130,41,,,1,70,,80135,41,,,1,30,,80154,41,,,1,70,,80151,41,,,1,17,,80132,41,,,1,13,,80125,41,,,1,19,,80159,41,,,1,60,,80163,41,,,1,18,,80150,41,,,1,70,,80133,41,,,1,23,,80153,41,,,1,11,,80155,41,,,1,75,,80161,41,,,1,24,,80152,41,,,1,18,,80134,41,,,1,59,,80145,41,,,1,23,,80147,41,,,1,18,,80136,41,,,1,57,,80123,41,,,1,15,,80126,41,,,1,10,,80157,41,,,1,68,,80164,41,,,1,12,,80142,41,,,1,20,,80158,41,,,1,106,,80143,41,,,1,99,,80139,41,,,1,100,,80144,41,,,1,100,,80146,41,,,1,100,,80156,41,,,1,100,,80141,41,,,1
3100,'Semaine-12',637,,80170,41,,,1,84,,80203,41,,,1,23,,80183,41,,,1,61,,80171,41,,,1,15,,80208,41,,,1,21,,80205,41,,,1,61,,80167,41,,,1,18,,80180,41,,,1,23,,80181,41,,,1,9,,80172,41,,,1,64,,80174,41,,,1,20,,80191,41,,,1,67,,80192,41,,,1,31,,80173,41,,,1,70,,80178,41,,,1,30,,80197,41,,,1,70,,80194,41,,,1,17,,80175,41,,,1,13,,80168,41,,,1,19,,80202,41,,,1,60,,80206,41,,,1,18,,80193,41,,,1,70,,80176,41,,,1,23,,80196,41,,,1,11,,80198,41,,,1,75,,80204,41,,,1,24,,80195,41,,,1,18,,80177,41,,,1,59,,80188,41,,,1,23,,80190,41,,,1,18,,80179,41,,,1,57,,80166,41,,,1,15,,80169,41,,,1,10,,80200,41,,,1,68,,80207,41,,,1,12,,80185,41,,,1,20,,80201,41,,,1,106,,80186,41,,,1,99,,80182,41,,,1,100,,80187,41,,,1,100,,80189,41,,,1,100,,80199,41,,,1,100,,80184,41,,,1
3301,'Samedi-1',716,,80655,17,,,1,100,,80656,17,,,1,100,,80657,17,,,1,100,,80658,17,,,1,99,,80659,17,,,1,101,,80660,17,,,1,100,,80661,17,,,1,100,,80662,17,,,1,101,,80663,17,,,1,99,,80664,17,,,1,100,,80665,17,,,1,99,,80666,17,,,1,100,,80667,17,,,1,100,,80668,17,,,1,100,,80669,17,,,1,100,,80670,17,,,1,100,,80671,17,,,1,100,,80672,17,,,1
3301,'Samedi-10',716,,67122,17,,,1,100,,67123,17,,,1,100,,67124,17,,,1,100,,67125,17,,,1,99,,67126,17,,,1,101,,67127,17,,,1,100,,67128,17,,,1,100,,67129,17,,,1,101,,67130,17,,,1,99,,67131,17,,,1,100,,67132,17,,,1,99,,67133,17,,,1,100,,67134,17,,,1,100,,67135,17,,,1,100,,67136,17,,,1,100,,67137,17,,,1,100,,67138,17,,,1,100,,67139,17,,,1
3301,'Dimanche-1',716,,80677,17,,,1,100,,80678,17,,,1,100,,80686,17,,,1,100,,80679,17,,,1,99,,80674,17,,,1,101,,80675,17,,,1,100,,80673,17,,,1,100,,80676,17,,,1,101,,80680,17,,,1,99,,80681,17,,,1,100,,80683,17,,,1,99,,80685,17,,,1,100,,80684,17,,,1,100,,80682,17,,,1,100,,80687,17,,,1,100,,80688,17,,,1,100,,80689,17,,,1,100,,80690,17,,,1
3301,'Semaine-1',601,,80714,17,,,1,20,,80722,17,,,1,18,,80699,17,,,1,15,,80719,17,,,1,59,,80715,17,,,1,10,,80710,17,,,1,11,,80730,17,,,1,12,,80728,17,,,1,55,,80717,17,,,1,14,,80705,17,,,1,11,,80721,17,,,1,14,,80695,17,,,1,70,,80707,17,,,1,31,,80713,17,,,1,70,,80703,17,,,1,30,,80724,17,,,1,70,,80708,17,,,1,30,,80700,17,,,1,70,,80702,17,,,1,15,,80720,17,,,1,15,,80729,17,,,1,65,,80711,17,,,1,30,,80701,17,,,1,70,,80706,17,,,1,30,,80709,17,,,1,20,,80731,17,,,1,60,,80712,17,,,1,18,,80716,17,,,1,23,,80697,17,,,1,60,,80727,17,,,1,20,,80704,17,,,1,67,,80694,17,,,1,31,,80691,17,,,1,75,,80725,17,,,1,30,,80698,17,,,1,70,,80693,17,,,1,100,,80696,17,,,1,34,,80718,17,,,1,101,,80723,17,,,2,100,,80692,17,,,1,100,,80726,17,,,1
3301,'Semaine-12',601,,80755,17,,,1,20,,80763,17,,,1,18,,80740,17,,,1,15,,80760,17,,,1,59,,80756,17,,,1,10,,80751,17,,,1,11,,80771,17,,,1,12,,80769,17,,,1,55,,80758,17,,,1,14,,80746,17,,,1,11,,80762,17,,,1,14,,80736,17,,,1,70,,80748,17,,,1,31,,80754,17,,,1,70,,80744,17,,,1,30,,80765,17,,,1,70,,80749,17,,,1,30,,80741,17,,,1,70,,80743,17,,,1,15,,80761,17,,,1,15,,80770,17,,,1,65,,80752,17,,,1,30,,80742,17,,,1,70,,80747,17,,,1,30,,80750,17,,,1,20,,80772,17,,,1,60,,80753,17,,,1,18,,80757,17,,,1,23,,80738,17,,,1,60,,80768,17,,,1,20,,80745,17,,,1,67,,80735,17,,,1,31,,80732,17,,,1,75,,80766,17,,,1,30,,80739,17,,,1,70,,80734,17,,,1,100,,80737,17,,,1,34,,80759,17,,,1,101,,80764,17,,,2,100,,80733,17,,,1,100,,80767,17,,,1
3501,'Semaine-1',652,,81130,10,,,1,75,,81123,10,,,1
3501,'Semaine-12',652,,81162,10,,,1,75,,81155,10,,,1
33101,'Semaine-1',1638,,85913,30,0,7 8,1
33101,'Semaine-12',1638,,85914,30,0,7 8,1
43101,'Semaine-1',743,,86775,16,0,9 14,1
43101,'Semaine-12',743,,86776,16,0,9 14,1
43301,'Semaine-1',743,,86781,26,0,9 14,1
43301,'Semaine-12',743,,86782,26,0,9 14,1
56601,'Semaine-1',718,,86819,50,0,5 6,1
56601,'Semaine-12',718,,86820,50,0,5 6,1
83100,'Semaine-1',1544,,87145,24,0,9 12 13,1
83100,'Semaine-12',1544,,87147,24,0,9 12 13,1
