6701,'Samedi-1',645,,83967,25,,,1,101,,83973,25,,,1,100,,83969,25,,,1,101,,83968,25,,,1,70,,83971,25,,,1,31,,83976,25,,,1,70,,83977,25,,,1,30,,83970,25,,,1,70,,83972,25,,,1,30,,83975,25,,,1,70,,83978,25,,,1,31,,83979,25,,,1,70,,83974,25,,,1,30,,83980,25,,,1,70,,83981,25,,,1,30,,83982,25,,,1,71,,83983,25,,,1,28,,83984,25,,,1,72,,83985,25,,,1,29,,83986,25,,,1,70,,83987,25,,,1,27,,83988,25,,,1,71,,83989,25,,,1,100,,83990,25,,,1,100,,83991,25,,,1,100,,83993,25,,,1,99,,83992,25,,,1
6701,'Samedi-10',645,,73821,25,,,1,101,,73827,25,,,1,100,,73823,25,,,1,101,,73822,25,,,1,70,,73825,25,,,1,31,,73830,25,,,1,70,,73831,25,,,1,30,,73824,25,,,1,70,,73826,25,,,1,30,,73829,25,,,1,70,,73832,25,,,1,31,,73833,25,,,1,70,,73828,25,,,1,30,,73834,25,,,1,70,,73835,25,,,1,30,,73836,25,,,1,71,,73837,25,,,1,28,,73838,25,,,1,72,,73839,25,,,1,29,,73840,25,,,1,70,,73841,25,,,1,27,,73842,25,,,1,71,,73843,25,,,1,100,,73844,25,,,1,100,,73845,25,,,1,100,,73847,25,,,1,99,,73846,25,,,1
6701,'Dimanche-1',645,,83994,25,,,1,101,,83997,25,,,1,100,,83999,25,,,1,101,,84002,25,,,1,70,,84008,25,,,1,31,,83996,25,,,1,70,,84009,25,,,1,30,,84000,25,,,1,70,,84003,25,,,1,30,,84001,25,,,1,70,,83995,25,,,1,31,,84005,25,,,1,70,,84006,25,,,1,30,,83998,25,,,1,70,,84004,25,,,1,30,,84011,25,,,1,71,,84007,25,,,1,28,,84014,25,,,1,72,,84015,25,,,1,29,,84012,25,,,1,70,,84017,25,,,1,27,,84010,25,,,1,71,,84016,25,,,1,100,,84013,25,,,1,100,,84018,25,,,1,100,,84019,25,,,1,99,,84020,25,,,1
6701,'Semaine-1',923,,84041,25,,,1,20,,84030,25,,,1,60,,84048,25,,,1,20,,84034,25,,,1,20,,84028,25,,,1,60,,84049,25,,,1,20,,84042,25,,,1,20,,84031,25,,,1,60,,84050,25,,,1,20,,84035,25,,,1,20,,84038,25,,,1,60,,84051,25,,,1,20,,84037,25,,,1,20,,84032,25,,,1,60,,84052,25,,,1,20,,84043,25,,,1,20,,84045,25,,,1,61,,84047,25,,,1,20,,84039,25,,,1,34,,84023,25,,,1,70,,84046,25,,,1,28,,84026,25,,,1,70,,84044,25,,,1,30,,84040,25,,,1,69,,84033,25,,,1,29,,84021,25,,,1,68,,84036,25,,,1,30,,84024,25,,,2,70,,84053,25,,,2,30,,84022,25,,,1,70,,84055,25,,,1,29,,84025,25,,,2,70,,84056,25,,,1,29,,84027,25,,,1,69,,84054,25,,,1,30,,84029,25,,,2
6701,'Semaine-12',923,,84077,25,,,1,20,,84066,25,,,1,60,,84084,25,,,1,20,,84070,25,,,1,20,,84064,25,,,1,60,,84085,25,,,1,20,,84078,25,,,1,20,,84067,25,,,1,60,,84086,25,,,1,20,,84071,25,,,1,20,,84074,25,,,1,60,,84087,25,,,1,20,,84073,25,,,1,20,,84068,25,,,1,60,,84088,25,,,1,20,,84079,25,,,1,20,,84081,25,,,1,61,,84083,25,,,1,20,,84075,25,,,1,34,,84059,25,,,1,70,,84082,25,,,1,28,,84062,25,,,1,70,,84080,25,,,1,30,,84076,25,,,1,69,,84069,25,,,1,29,,84057,25,,,1,68,,84072,25,,,1,30,,84060,25,,,2,70,,84089,25,,,2,30,,84058,25,,,1,70,,84091,25,,,1,29,,84061,25,,,2,70,,84092,25,,,1,29,,84063,25,,,1,69,,84090,25,,,1,30,,84065,25,,,2
8501,'Semaine-1',544,,85431,29,,,1,70,,85433,29,,,1,26,,85436,29,,,1,15,,85435,29,,,1,58,,85440,29,,,1,14,,85432,29,,,2,16,,85438,29,,,1,16,,85434,29,,,2,54,,85439,29,,,1,20,,85437,29,,,1
8501,'Semaine-12',544,,85441,29,,,1,70,,85443,29,,,1,26,,85446,29,,,1,15,,85445,29,,,1,58,,85450,29,,,1,14,,85442,29,,,2,16,,85448,29,,,1,16,,85444,29,,,2,54,,85449,29,,,1,20,,85447,29,,,1
8701,'Semaine-1',528,,85481,25,,,1,30,,85474,25,,,1,70,,85479,25,,,1,19,,85477,25,,,1,54,,85475,25,,,1,16,,85484,25,,,1,17,,85480,25,,,1,15,,85476,25,,,1,56,,85483,25,,,1,18,,85482,25,,,2,20,,85478,25,,,1,60,,85473,25,,,1
8701,'Semaine-12',528,,85493,25,,,1,30,,85486,25,,,1,70,,85491,25,,,1,19,,85489,25,,,1,54,,85487,25,,,1,16,,85496,25,,,1,17,,85492,25,,,1,15,,85488,25,,,1,56,,85495,25,,,1,18,,85494,25,,,2,20,,85490,25,,,1,60,,85485,25,,,1
57101,'Semaine-1',718,,86827,52,0,5 6,2
57101,'Semaine-12',718,,86828,52,0,5 6,2
