1800,'Semaine-1',1305,,79946,19,,,1,237,,79945,19,,,2,103,,79948,19,,,1,68,,79947,19,,,1
1800,'Semaine-12',1305,,79950,19,,,1,237,,79949,19,,,2,103,,79952,19,,,1,68,,79951,19,,,1
6800,'Semaine-1',618,,84102,18,,,1,30,,84112,18,,,1,69,,84110,18,,,1,31,,84119,18,,,1,70,,84116,18,,,1,30,,84093,18,,,1,70,,84117,18,,,1,30,,84094,18,,,1,70,,84099,18,,,1,30,,84118,18,,,1,70,,84104,18,,,1,30,,84097,18,,,1,75,,84114,18,,,1,35,,84105,18,,,1,70,,84113,18,,,1,30,,84106,18,,,1,70,,84100,18,,,1,29,,84103,18,,,1,58,,84111,18,,,1,20,,84121,18,,,1,65,,84107,18,,,1,20,,84115,18,,,1,20,,84109,18,,,1,60,,84123,18,,,1,17,,84120,18,,,1,10,,84108,18,,,1,10,,84122,18,,,1,20,,84096,18,,,1,70,,84101,18,,,1,30,,84098,18,,,1
6800,'Semaine-12',618,,84133,18,,,1,30,,84143,18,,,1,69,,84141,18,,,1,31,,84150,18,,,1,70,,84147,18,,,1,30,,84124,18,,,1,70,,84148,18,,,1,30,,84125,18,,,1,70,,84130,18,,,1,30,,84149,18,,,1,70,,84135,18,,,1,30,,84128,18,,,1,75,,84145,18,,,1,35,,84136,18,,,1,70,,84144,18,,,1,30,,84137,18,,,1,70,,84131,18,,,1,29,,84134,18,,,1,58,,84142,18,,,1,20,,84152,18,,,1,65,,84138,18,,,1,20,,84146,18,,,1,20,,84140,18,,,1,60,,84154,18,,,1,17,,84151,18,,,1,10,,84139,18,,,1,10,,84153,18,,,1,20,,84127,18,,,1,70,,84132,18,,,1,30,,84129,18,,,1
9300,'Semaine-1',1517,,85500,8,,,2,20,,85503,8,,,1,20,,85499,8,,,2,60,,85502,8,,,1,30,,85501,8,,,2,69,,85497,8,,,1,30,,85498,8,,,1
9300,'Semaine-12',1517,,85507,8,,,2,20,,85510,8,,,1,20,,85506,8,,,2,60,,85509,8,,,1,30,,85508,8,,,2,69,,85504,8,,,1,30,,85505,8,,,1
9500,'Semaine-1',1456,,85529,8,,,1,56,,85532,8,,,2,15,,85528,8,,,2,16,,85523,8,,,2,15,,85527,8,,,2,55,,85524,8,,,1,15,,85525,8,,,1,18,,85530,8,,,2,62,,85531,8,,,2,32,,85526,8,,,1
9500,'Semaine-12',1456,,85539,8,,,1,56,,85542,8,,,2,15,,85538,8,,,2,16,,85533,8,,,2,15,,85537,8,,,2,55,,85534,8,,,1,15,,85535,8,,,1,18,,85540,8,,,2,62,,85541,8,,,2,32,,85536,8,,,1
10000,'Semaine-1',1530,,85718,15,,,1,9,,85720,15,,,1,11,,85705,15,,,1,8,,85706,15,,,1,47,,85707,15,,,1,9,,85719,15,,,1,8,,85708,15,,,1,10,,85709,15,,,1,9,,85710,15,,,1,10,,85711,15,,,1,50,,85712,15,,,1,9,,85713,15,,,1,12,,85714,15,,,1,10,,85715,15,,,1,8,,85716,15,,,1,12,,85717,15,,,1
10000,'Semaine-12',1530,,85734,15,,,1,9,,85736,15,,,1,11,,85721,15,,,1,8,,85722,15,,,1,47,,85723,15,,,1,9,,85735,15,,,1,8,,85724,15,,,1,10,,85725,15,,,1,9,,85726,15,,,1,10,,85727,15,,,1,50,,85728,15,,,1,9,,85729,15,,,1,12,,85730,15,,,1,10,,85731,15,,,1,8,,85732,15,,,1,12,,85733,15,,,1
20000,'Semaine-1',1530,,85767,11,,,1,5,,85768,11,,,1,8,,85791,11,,,1,5,,85769,11,,,1,5,,85770,11,,,1,5,,85796,11,,,1,45,,85771,11,,,1,5,,85773,11,,,1,5,,85774,11,,,1,5,,85775,11,,,1,5,,85777,11,,,1,5,,85778,11,,,1,5,,85772,11,,,1,5,,85795,11,,,1,5,,85776,11,,,1,7,,85779,11,,,1,4,,85780,11,,,1,5,,85781,11,,,1,44,,85782,11,,,1,5,,85794,11,,,1,5,,85783,11,,,1,5,,85792,11,,,1,5,,85784,11,,,1,5,,85785,11,,,1,5,,85787,11,,,1,5,,85786,11,,,1,5,,85788,11,,,1,3,,85789,11,,,1,5,,85790,11,,,1,5,,85793,11,,,1
20000,'Semaine-12',1530,,85797,11,,,1,5,,85798,11,,,1,8,,85821,11,,,1,5,,85799,11,,,1,5,,85800,11,,,1,5,,85826,11,,,1,45,,85801,11,,,1,5,,85803,11,,,1,5,,85804,11,,,1,5,,85805,11,,,1,5,,85807,11,,,1,5,,85808,11,,,1,5,,85802,11,,,1,5,,85825,11,,,1,5,,85806,11,,,1,7,,85809,11,,,1,4,,85810,11,,,1,5,,85811,11,,,1,44,,85812,11,,,1,5,,85824,11,,,1,5,,85813,11,,,1,5,,85822,11,,,1,5,,85814,11,,,1,5,,85815,11,,,1,5,,85817,11,,,1,5,,85816,11,,,1,5,,85818,11,,,1,3,,85819,11,,,1,5,,85820,11,,,1,5,,85823,11,,,1
40000,'Samedi-1',622,,86087,15,,,1,20,,86088,15,,,1,15,,86091,15,,,1,55,,86096,15,,,1,15,,86105,15,,,1,15,,86106,15,,,1,15,,86089,15,,,1,55,,86093,15,,,1,15,,86090,15,,,1,15,,86114,15,,,1,15,,86092,15,,,1,55,,86095,15,,,1,15,,86094,15,,,1,15,,86097,15,,,1,15,,86115,15,,,1,55,,86113,15,,,1,15,,86116,15,,,1,15,,86098,15,,,1,15,,86100,15,,,1,55,,86103,15,,,1,15,,86104,15,,,1,15,,86099,15,,,1,15,,86110,15,,,1,55,,86112,15,,,1,15,,86117,15,,,1,15,,86102,15,,,1,15,,86101,15,,,1,55,,86107,15,,,1,16,,86108,15,,,1,15,,86109,15,,,1,15,,86118,15,,,1,55,,86111,15,,,1,15,,86119,15,,,1,15,,86120,15,,,1,15,,86121,15,,,1,55,,86122,15,,,1,15,,86123,15,,,1,15,,86124,15,,,1,15,,86125,15,,,1,55,,86126,15,,,1,15,,86127,15,,,1,15,,86128,15,,,1,15,,86129,15,,,1,55,,86130,15,,,1,15,,86131,15,,,1,15,,86132,15,,,1,15,,86133,15,,,1,55,,86134,15,,,1,15,,86140,15,,,1,15,,86135,15,,,1,15,,86136,15,,,1,55,,86137,15,,,1,14,,86138,15,,,1,16,,86139,15,,,1,14,,86143,15,,,1,55,,86141,15,,,1,15,,86142,15,,,1,15,,86147,15,,,1,15,,86146,15,,,1,56,,86145,15,,,1,14,,86144,15,,,1,16,,86151,15,,,1,14,,86148,15,,,1,55,,86149,15,,,1,15,,86150,15,,,1,15,,86158,15,,,1,16,,86153,15,,,1,55,,86152,15,,,1,13,,86154,15,,,1,16,,86155,15,,,1,13,,86156,15,,,1,56,,86157,15,,,1,11,,86159,15,,,1
40000,'Samedi-10',622,,77857,15,,,1,20,,77858,15,,,1,15,,77861,15,,,1,55,,77866,15,,,1,15,,77875,15,,,1,15,,77876,15,,,1,15,,77859,15,,,1,55,,77863,15,,,1,15,,77860,15,,,1,15,,77884,15,,,1,15,,77862,15,,,1,55,,77865,15,,,1,15,,77864,15,,,1,15,,77867,15,,,1,15,,77885,15,,,1,55,,77883,15,,,1,15,,77886,15,,,1,15,,77868,15,,,1,15,,77870,15,,,1,55,,77873,15,,,1,15,,77874,15,,,1,15,,77869,15,,,1,15,,77880,15,,,1,55,,77882,15,,,1,15,,77887,15,,,1,15,,77872,15,,,1,15,,77871,15,,,1,55,,77877,15,,,1,16,,77878,15,,,1,15,,77879,15,,,1,15,,77888,15,,,1,55,,77881,15,,,1,15,,77889,15,,,1,15,,77890,15,,,1,15,,77891,15,,,1,55,,77892,15,,,1,15,,77893,15,,,1,15,,77894,15,,,1,15,,77895,15,,,1,55,,77896,15,,,1,15,,77897,15,,,1,15,,77898,15,,,1,15,,77899,15,,,1,55,,77900,15,,,1,15,,77901,15,,,1,15,,77902,15,,,1,15,,77903,15,,,1,55,,77904,15,,,1,15,,77910,15,,,1,15,,77905,15,,,1,15,,77906,15,,,1,55,,77907,15,,,1,14,,77908,15,,,1,16,,77909,15,,,1,14,,77913,15,,,1,55,,77911,15,,,1,15,,77912,15,,,1,15,,77917,15,,,1,15,,77916,15,,,1,56,,77915,15,,,1,14,,77914,15,,,1,16,,77921,15,,,1,14,,77918,15,,,1,55,,77919,15,,,1,15,,77920,15,,,1,15,,77928,15,,,1,16,,77923,15,,,1,55,,77922,15,,,1,13,,77924,15,,,1,16,,77925,15,,,1,13,,77926,15,,,1,56,,77927,15,,,1,11,,77929,15,,,1
40000,'Dimanche-1',622,,86160,15,,,1,20,,86161,15,,,1,15,,86169,15,,,1,55,,86181,15,,,1,15,,86183,15,,,1,15,,86164,15,,,1,15,,86171,15,,,1,55,,86170,15,,,1,15,,86162,15,,,1,15,,86163,15,,,1,15,,86172,15,,,1,55,,86180,15,,,1,15,,86182,15,,,1,15,,86165,15,,,1,15,,86175,15,,,1,55,,86174,15,,,1,15,,86189,15,,,1,15,,86190,15,,,1,15,,86186,15,,,1,55,,86201,15,,,1,15,,86194,15,,,1,15,,86185,15,,,1,15,,86200,15,,,1,55,,86173,15,,,1,15,,86188,15,,,1,15,,86191,15,,,1,15,,86179,15,,,1,55,,86202,15,,,1,16,,86195,15,,,1,15,,86176,15,,,1,15,,86184,15,,,1,55,,86177,15,,,1,15,,86187,15,,,1,15,,86196,15,,,1,15,,86178,15,,,1,55,,86166,15,,,1,15,,86192,15,,,1,15,,86167,15,,,1,15,,86199,15,,,1,55,,86168,15,,,1,15,,86208,15,,,1,15,,86197,15,,,1,15,,86212,15,,,1,55,,86206,15,,,1,15,,86193,15,,,1,15,,86210,15,,,1,15,,86198,15,,,1,55,,86214,15,,,1,15,,86207,15,,,1,15,,86215,15,,,1,15,,86211,15,,,1,55,,86216,15,,,1,14,,86203,15,,,1,16,,86209,15,,,1,14,,86204,15,,,1,55,,86213,15,,,1,15,,86205,15,,,1,15,,86217,15,,,1,15,,86218,15,,,1,56,,86220,15,,,1,14,,86219,15,,,1,16,,86222,15,,,1,14,,86221,15,,,1,55,,86223,15,,,1,15,,86224,15,,,1,15,,86229,15,,,1,16,,86225,15,,,1,55,,86227,15,,,1,13,,86226,15,,,1,16,,86228,15,,,1,13,,86231,15,,,1,56,,86230,15,,,1,11,,86232,15,,,1
40000,'Semaine-1',557,,86233,15,,,1,55,,86239,15,,,1,15,,86262,15,,,1,14,,86277,15,,,1,16,,86267,15,,,1,57,,86325,15,,,1,9,,86297,15,,,1,10,,86249,15,,,1,10,,86296,15,,,1,58,,86291,15,,,1,13,,86292,15,,,1,10,,86247,15,,,1,12,,86269,15,,,1,12,,86271,15,,,1,52,,86318,15,,,1,11,,86288,15,,,1,11,,86242,15,,,1,13,,86251,15,,,1,9,,86237,15,,,1,9,,86240,15,,,1,50,,86293,15,,,1,10,,86259,15,,,1,10,,86272,15,,,1,10,,86265,15,,,1,10,,86266,15,,,1,10,,86298,15,,,1,50,,86278,15,,,1,10,,86289,15,,,1,11,,86243,15,,,1,9,,86252,15,,,1,10,,86241,15,,,1,11,,86319,15,,,1,49,,86294,15,,,1,10,,86260,15,,,1,10,,86273,15,,,1,11,,86264,15,,,1,10,,86256,15,,,1,9,,86285,15,,,1,51,,86268,15,,,1,4,,86279,15,,,1,5,,86290,15,,,1,11,,86244,15,,,1,10,,86254,15,,,1,10,,86246,15,,,1,10,,86236,15,,,1,50,,86295,15,,,1,10,,86276,15,,,1,10,,86274,15,,,1,7,,86286,15,,,1,6,,86263,15,,,1,7,,86255,15,,,1,6,,86303,15,,,1,6,,86304,15,,,1,44,,86305,15,,,1,6,,86306,15,,,1,2,,86307,15,,,1,10,,86317,15,,,1,5,,86323,15,,,1,2,,86308,15,,,1,276,,86309,15,,,1,5,,86310,15,,,1,5,,86311,15,,,1,5,,86312,15,,,1,5,,86324,15,,,1,5,,86313,15,,,1,6,,86314,15,,,1,8,,86315,15,,,1,12,,86316,15,,,1,52,,86280,15,,,1,12,,86281,15,,,1,10,,86275,15,,,1,12,,86301,15,,,1,12,,86284,15,,,1,52,,86270,15,,,1,12,,86248,15,,,1,12,,86320,15,,,1,12,,86253,15,,,1,13,,86321,15,,,1,51,,86261,15,,,1,12,,86282,15,,,1,12,,86322,15,,,1,14,,86258,15,,,1,14,,86302,15,,,1,55,,86300,15,,,1,15,,86245,15,,,1,15,,86234,15,,,1,15,,86250,15,,,1,53,,86283,15,,,1,15,,86257,15,,,1,15,,86287,15,,,1,15,,86299,15,,,1,55,,86238,15,,,1,15,,86235,15,,,1
40000,'Semaine-12',557,,86326,15,,,1,55,,86332,15,,,1,15,,86355,15,,,1,14,,86370,15,,,1,16,,86360,15,,,1,57,,86418,15,,,1,9,,86390,15,,,1,10,,86342,15,,,1,10,,86389,15,,,1,58,,86384,15,,,1,13,,86385,15,,,1,10,,86340,15,,,1,12,,86362,15,,,1,12,,86364,15,,,1,52,,86411,15,,,1,11,,86381,15,,,1,11,,86335,15,,,1,13,,86344,15,,,1,9,,86330,15,,,1,9,,86333,15,,,1,50,,86386,15,,,1,10,,86352,15,,,1,10,,86365,15,,,1,10,,86358,15,,,1,10,,86359,15,,,1,10,,86391,15,,,1,50,,86371,15,,,1,10,,86382,15,,,1,11,,86336,15,,,1,9,,86345,15,,,1,10,,86334,15,,,1,11,,86412,15,,,1,49,,86387,15,,,1,10,,86353,15,,,1,10,,86366,15,,,1,11,,86357,15,,,1,10,,86349,15,,,1,9,,86378,15,,,1,51,,86361,15,,,1,4,,86372,15,,,1,5,,86383,15,,,1,11,,86337,15,,,1,10,,86347,15,,,1,10,,86339,15,,,1,10,,86329,15,,,1,50,,86388,15,,,1,10,,86369,15,,,1,10,,86367,15,,,1,7,,86379,15,,,1,6,,86356,15,,,1,7,,86348,15,,,1,6,,86396,15,,,1,6,,86397,15,,,1,44,,86398,15,,,1,6,,86399,15,,,1,2,,86400,15,,,1,10,,86410,15,,,1,5,,86416,15,,,1,2,,86401,15,,,1,276,,86402,15,,,1,5,,86403,15,,,1,5,,86404,15,,,1,5,,86405,15,,,1,5,,86417,15,,,1,5,,86406,15,,,1,6,,86407,15,,,1,8,,86408,15,,,1,12,,86409,15,,,1,52,,86373,15,,,1,12,,86374,15,,,1,10,,86368,15,,,1,12,,86394,15,,,1,12,,86377,15,,,1,52,,86363,15,,,1,12,,86341,15,,,1,12,,86413,15,,,1,12,,86346,15,,,1,13,,86414,15,,,1,51,,86354,15,,,1,12,,86375,15,,,1,12,,86415,15,,,1,14,,86351,15,,,1,14,,86395,15,,,1,55,,86393,15,,,1,15,,86338,15,,,1,15,,86327,15,,,1,15,,86343,15,,,1,53,,86376,15,,,1,15,,86350,15,,,1,15,,86380,15,,,1,15,,86392,15,,,1,55,,86331,15,,,1,15,,86328,15,,,1
56900,'Semaine-1',1532,,86821,8,0,5 6,2
56900,'Semaine-12',1532,,86822,8,0,5 6,2
57600,'Semaine-1',1532,,86829,8,0,5 6,1
57600,'Semaine-12',1532,,86830,8,0,5 6,1
80000,'Samedi-1',747,,86901,48,,,1,104,,86902,48,,,1,98,,86903,48,,,1,102,,86905,48,,,1,100,,86906,48,,,1,100,,86904,48,,,1,100,,86907,48,,,1,101,,86908,48,,,1,100,,86909,48,,,1,100,,86910,48,,,1,97,,86911,48,,,2,99,,86912,48,,,1,100,,86915,48,,,1,99,,86913,48,,,1,100,,86914,48,,,1,98,,86916,48,,,1,100,,86917,48,,,1
80000,'Samedi-10',747,,79460,48,,,1,104,,79461,48,,,1,98,,79462,48,,,1,102,,79464,48,,,1,100,,79465,48,,,1,100,,79463,48,,,1,100,,79466,48,,,1,101,,79467,48,,,1,100,,79468,48,,,1,100,,79469,48,,,1,97,,79470,48,,,2,99,,79471,48,,,1,100,,79474,48,,,1,99,,79472,48,,,1,100,,79473,48,,,1,98,,79475,48,,,1,100,,79476,48,,,1
80000,'Dimanche-1',747,,86920,48,,,1,104,,86919,48,,,1,98,,86925,48,,,1,102,,86918,48,,,1,100,,86922,48,,,1,100,,86921,48,,,1,100,,86923,48,,,1,101,,86924,48,,,1,100,,86928,48,,,1,100,,86926,48,,,1,97,,86927,48,,,2,99,,86931,48,,,1,100,,86930,48,,,1,99,,86929,48,,,1,100,,86932,48,,,1,98,,86933,48,,,1,100,,86934,48,,,1
80000,'Semaine-1',625,,86967,47,,,1,32,,86953,47,,,1,71,,86943,47,,,1,15,,86942,47,,,1,16,,86963,47,,,1,70,,86954,47,,,1,18,,86940,47,,,1,69,,86959,47,,,1,29,,86944,48,,,1,70,,86961,48,,,1,31,,86956,48,,,1,69,,86970,48,,,1,30,,86937,48,,,1,70,,86958,48,,,1,30,,86948,48,,,1,70,,86964,48,,,1,31,,86957,48,,,1,70,,86968,48,,,1,32,,86947,48,,,1,68,,86962,48,,,1,34,,86960,48,,,1,71,,86949,48,,,1,33,,86965,48,,,1,67,,86938,48,,,1,30,,86955,48,,,1,69,,86952,48,,,1,28,,86966,48,,,1,67,,86951,48,,,1,31,,86945,48,,,1,69,,86939,48,,,1,31,,86969,48,,,1,69,,86950,48,,,1,25,,86946,48,,,1,70,,86936,48,,,1,29,,86941,48,,,1,70,,86935,48,,,1
80000,'Semaine-12',625,,87003,47,,,1,32,,86989,47,,,1,71,,86979,47,,,1,15,,86978,47,,,1,16,,86999,47,,,1,70,,86990,47,,,1,18,,86976,47,,,1,69,,86995,47,,,1,29,,86980,48,,,1,70,,86997,48,,,1,31,,86992,48,,,1,69,,87006,48,,,1,30,,86973,48,,,1,70,,86994,48,,,1,30,,86984,48,,,1,70,,87000,48,,,1,31,,86993,48,,,1,70,,87004,48,,,1,32,,86983,48,,,1,68,,86998,48,,,1,34,,86996,48,,,1,71,,86985,48,,,1,33,,87001,48,,,1,67,,86974,48,,,1,30,,86991,48,,,1,69,,86988,48,,,1,28,,87002,48,,,1,67,,86987,48,,,1,31,,86981,48,,,1,69,,86975,48,,,1,31,,87005,48,,,1,69,,86986,48,,,1,25,,86982,48,,,1,70,,86972,48,,,1,29,,86977,48,,,1,70,,86971,48,,,1
