7901,'Semaine-1',602,,85398,24,,,1,102,,85400,24,,,1,33,,85401,24,,,1,73,,85397,24,,,1,23,,85399,24,,,1,69,,85402,24,,,1
7901,'Semaine-12',602,,85404,24,,,1,102,,85406,24,,,1,33,,85407,24,,,1,73,,85403,24,,,1,23,,85405,24,,,1,69,,85408,24,,,1
9301,'Semaine-1',617,,85514,35,,,2,20,,85512,35,,,1,21,,85511,35,,,1,72,,85515,35,,,1,70,,85513,35,,,2
9301,'Semaine-12',617,,85519,35,,,2,20,,85517,35,,,1,21,,85516,35,,,1,72,,85520,35,,,1,70,,85518,35,,,2
9501,'Semaine-1',610,,85547,48,,,1,15,,85543,48,,,1,13,,85545,48,,,1,19,,85550,48,,,1,56,,85546,48,,,2,16,,85548,48,,,2,14,,85549,48,,,2,16,,85544,48,,,2
9501,'Semaine-12',610,,85555,48,,,1,15,,85551,48,,,1,13,,85553,48,,,1,19,,85558,48,,,1,56,,85554,48,,,2,16,,85556,48,,,2,14,,85557,48,,,2,16,,85552,48,,,2
9701,'Samedi-1',813,,85635,71,,,1,100,,85638,71,,,1,101,,85636,71,,,1,100,,85639,71,,,1,100,,85633,71,,,1,100,,85634,71,,,1,101,,85637,71,,,1,100,,85640,71,,,1,100,,85641,71,,,1,100,,85642,71,,,1,100,,85643,71,,,1,100,,85644,71,,,1,100,,85648,71,,,1,100,,85645,71,,,1,99,,85646,71,,,1,100,,85647,71,,,1
9701,'Samedi-10',813,,76971,71,,,1,100,,76974,71,,,1,101,,76972,71,,,1,100,,76975,71,,,1,100,,76969,71,,,1,100,,76970,71,,,1,101,,76973,71,,,1,100,,76976,71,,,1,100,,76977,71,,,1,100,,76978,71,,,1,100,,76979,71,,,1,100,,76980,71,,,1,100,,76984,71,,,1,100,,76981,71,,,1,99,,76982,71,,,1,100,,76983,71,,,1
9701,'Dimanche-1',813,,85654,71,,,1,100,,85661,71,,,1,101,,85650,71,,,1,100,,85657,71,,,1,100,,85656,71,,,1,100,,85649,71,,,1,101,,85653,71,,,1,100,,85651,71,,,1,100,,85652,71,,,1,100,,85655,71,,,1,100,,85658,71,,,1,100,,85659,71,,,1,100,,85660,71,,,1,100,,85662,71,,,1,99,,85663,71,,,1,100,,85664,71,,,1
9701,'Semaine-1',657,,85665,71,,,2,95,,85666,71,,,1,155,,85667,71,,,1,109,,85668,71,,,1,99,,85669,71,,,1,100,,85670,71,,,1,100,,85671,71,,,1,97,,85672,71,,,1,103,,85673,71,,,1,104,,85674,71,,,1,95,,85675,71,,,1,103,,85676,71,,,1,94,,85677,71,,,1,99,,85678,71,,,1,100,,85679,71,,,1,98,,85680,71,,,1,100,,85681,71,,,1
9701,'Semaine-12',657,,85682,71,,,2,95,,85683,71,,,1,155,,85684,71,,,1,109,,85685,71,,,1,99,,85686,71,,,1,100,,85687,71,,,1,100,,85688,71,,,1,97,,85689,71,,,1,103,,85690,71,,,1,104,,85691,71,,,1,95,,85692,71,,,1,103,,85693,71,,,1,94,,85694,71,,,1,99,,85695,71,,,1,100,,85696,71,,,1,98,,85697,71,,,1,100,,85698,71,,,1
