4200,'Semaine-1',625,,81951,16,,,1,105,,81952,16,,,1,903,,81953,16,,,1,99,,81954,16,,,1
4200,'Semaine-12',625,,81955,16,,,1,105,,81956,16,,,1,903,,81957,16,,,1,99,,81958,16,,,1
5200,'Samedi-1',628,,82231,5,,,1,100,,82232,5,,,1,100,,82233,5,,,1,100,,82234,5,,,1,100,,82235,5,,,1,101,,82236,5,,,1,101,,82237,5,,,1,100,,82238,5,,,1,99,,82239,5,,,1,100,,82240,5,,,1,100,,82241,5,,,1,100,,82242,5,,,1,99,,82243,5,,,1,100,,82246,5,,,1,100,,82244,5,,,1,100,,82245,5,,,1,99,,82247,5,,,1,100,,82248,5,,,1
5200,'Samedi-10',628,,70287,5,,,1,100,,70288,5,,,1,100,,70289,5,,,1,100,,70290,5,,,1,100,,70291,5,,,1,101,,70292,5,,,1,101,,70293,5,,,1,100,,70294,5,,,1,99,,70295,5,,,1,100,,70296,5,,,1,100,,70297,5,,,1,100,,70298,5,,,1,99,,70299,5,,,1,100,,70302,5,,,1,100,,70300,5,,,1,100,,70301,5,,,1,99,,70303,5,,,1,100,,70304,5,,,1
5200,'Dimanche-1',628,,82250,5,,,1,100,,82249,5,,,1,100,,82251,5,,,1,100,,82254,5,,,1,100,,82252,5,,,1,101,,82253,5,,,1,101,,82257,5,,,1,100,,82256,5,,,1,99,,82258,5,,,1,100,,82255,5,,,1,100,,82259,5,,,1,100,,82261,5,,,1,99,,82262,5,,,1,100,,82260,5,,,1,100,,82263,5,,,1,100,,82264,5,,,1,99,,82265,5,,,1,100,,82266,5,,,1
5200,'Semaine-1',558,,82270,5,,,1,97,,82272,5,,,1,147,,82267,5,,,1,98,,82283,5,,,1,58,,82281,5,,,1,101,,82268,5,,,1,100,,82275,5,,,1,100,,82274,5,,,1,100,,82271,5,,,1,100,,82269,5,,,1,147,,82273,5,,,1,100,,82284,5,,,1,109,,82282,5,,,1,99,,82276,5,,,1,45,,82280,5,,,1,100,,82279,5,,,1,100,,82277,5,,,1,100,,82278,5,,,1
5200,'Semaine-12',558,,82288,5,,,1,97,,82290,5,,,1,147,,82285,5,,,1,98,,82301,5,,,1,58,,82299,5,,,1,101,,82286,5,,,1,100,,82293,5,,,1,100,,82292,5,,,1,100,,82289,5,,,1,100,,82287,5,,,1,147,,82291,5,,,1,100,,82302,5,,,1,109,,82300,5,,,1,99,,82294,5,,,1,45,,82298,5,,,1,100,,82297,5,,,1,100,,82295,5,,,1,100,,82296,5,,,1
44901,'Semaine-1',1525,,86793,29,0,9 14,1
44901,'Semaine-12',1525,,86794,29,0,9 14,1
65400,'Semaine-1',1512,,86859,9,0,9 10,2
65400,'Semaine-12',1512,,86860,9,0,9 10,2
75400,'Semaine-1',1510,,86896,7,0,9 18,1
75400,'Semaine-12',1510,,86898,7,0,9 18,1
