2300,'Semaine-1',1554,,79976,19,,,1,68,,79974,19,,,1,34,,79972,19,,,1,65,,79973,19,,,2,25,,79975,19,,,2,69,,79971,19,,,1
2300,'Semaine-12',1554,,79982,19,,,1,68,,79980,19,,,1,34,,79978,19,,,1,65,,79979,19,,,2,25,,79981,19,,,2,69,,79977,19,,,1
2500,'Semaine-1',1537,,79993,18,,,1,70,,79996,18,,,1,30,,79994,18,,,1,73,,79998,18,,,1,25,,79995,18,,,2,67,,79997,18,,,2
2500,'Semaine-12',1537,,79999,18,,,1,70,,80002,18,,,1,30,,80000,18,,,1,73,,80004,18,,,1,25,,80001,18,,,2,67,,80003,18,,,2
2600,'Semaine-1',1605,,80019,25,,,1,32,,80018,25,,,1,69,,80017,25,,,2,30,,80020,25,,,1,67,,80021,25,,,2
2600,'Semaine-12',1605,,80024,25,,,1,32,,80023,25,,,1,69,,80022,25,,,2,30,,80025,25,,,1,67,,80026,25,,,2
2800,'Semaine-1',1608,,80055,28,,,1,42,,80056,28,,,1,91,,80057,28,,,1
2800,'Semaine-12',1608,,80058,28,,,1,42,,80059,28,,,1,91,,80060,28,,,1
3400,'Samedi-1',749,,80773,34,,,1,100,,80778,34,,,1,70,,80774,34,,,1,31,,80780,34,,,1,70,,80781,34,,,1,31,,80775,34,,,1,70,,80776,34,,,1,30,,80777,34,,,1,70,,80779,34,,,1,31,,80782,34,,,1,70,,80784,34,,,1,30,,80783,34,,,1,70,,80785,34,,,1,30,,80786,34,,,1,70,,80787,34,,,1,30,,80788,34,,,1,70,,80789,34,,,1,31,,80790,34,,,1,70,,80791,34,,,1,30,,80792,34,,,1,70,,80793,34,,,1,29,,80794,34,,,1,68,,80795,34,,,1,29,,80796,34,,,1,71,,80797,34,,,1,30,,80798,34,,,1,70,,80799,34,,,1,30,,80800,34,,,1,70,,80801,34,,,1,30,,80803,34,,,1,70,,80802,34,,,1,29,,80805,34,,,1,70,,80804,34,,,1,27,,80806,34,,,1
3400,'Samedi-10',749,,67369,34,,,1,100,,67374,34,,,1,70,,67370,34,,,1,31,,67376,34,,,1,70,,67377,34,,,1,31,,67371,34,,,1,70,,67372,34,,,1,30,,67373,34,,,1,70,,67375,34,,,1,31,,67378,34,,,1,70,,67380,34,,,1,30,,67379,34,,,1,70,,67381,34,,,1,30,,67382,34,,,1,70,,67383,34,,,1,30,,67384,34,,,1,70,,67385,34,,,1,31,,67386,34,,,1,70,,67387,34,,,1,30,,67388,34,,,1,70,,67389,34,,,1,29,,67390,34,,,1,68,,67391,34,,,1,29,,67392,34,,,1,71,,67393,34,,,1,30,,67394,34,,,1,70,,67395,34,,,1,30,,67396,34,,,1,70,,67397,34,,,1,30,,67399,34,,,1,70,,67398,34,,,1,29,,67401,34,,,1,70,,67400,34,,,1,27,,67402,34,,,1
3400,'Dimanche-1',749,,80811,34,,,1,100,,80831,34,,,1,70,,80813,34,,,1,31,,80817,34,,,1,70,,80810,34,,,1,31,,80818,34,,,1,70,,80809,34,,,1,30,,80808,34,,,1,70,,80821,34,,,1,31,,80812,34,,,1,70,,80815,34,,,1,30,,80814,34,,,1,70,,80807,34,,,1,30,,80823,34,,,1,70,,80819,34,,,1,30,,80820,34,,,1,70,,80816,34,,,1,31,,80827,34,,,1,70,,80826,34,,,1,30,,80824,34,,,1,70,,80822,34,,,1,29,,80825,34,,,1,68,,80830,34,,,1,29,,80828,34,,,1,71,,80829,34,,,1,30,,80832,34,,,1,70,,80833,34,,,1,30,,80834,34,,,1,70,,80835,34,,,1,30,,80836,34,,,1,70,,80837,34,,,1,29,,80839,34,,,1,70,,80838,34,,,1,27,,80840,34,,,1
3400,'Semaine-1',627,,80871,34,,,1,28,,80856,34,,,1,74,,80850,34,,,1,74,,80854,34,,,1,31,,80845,34,,,2,68,,80865,34,,,1,30,,80851,34,,,1,27,,80841,34,,,1,70,,80846,34,,,1,30,,80847,34,,,1,70,,80852,34,,,1,30,,80842,34,,,1,71,,80872,34,,,1,70,,80848,34,,,1,30,,80853,34,,,1,70,,80843,34,,,1,32,,80869,34,,,1,70,,80844,34,,,1,26,,80870,34,,,1,305,,80868,34,,,1,20,,80857,34,,,1,68,,80849,34,,,1,30,,80861,34,,,1,70,,80867,34,,,1,31,,80858,34,,,1,68,,80860,34,,,1,30,,80862,34,,,1,70,,80855,34,,,1,30,,80864,34,,,1,69,,80859,34,,,1,29,,80863,34,,,1,70,,80866,34,,,1
3400,'Semaine-12',627,,80903,34,,,1,28,,80888,34,,,1,74,,80882,34,,,1,74,,80886,34,,,1,31,,80877,34,,,2,68,,80897,34,,,1,30,,80883,34,,,1,27,,80873,34,,,1,70,,80878,34,,,1,30,,80879,34,,,1,70,,80884,34,,,1,30,,80874,34,,,1,71,,80904,34,,,1,70,,80880,34,,,1,30,,80885,34,,,1,70,,80875,34,,,1,32,,80901,34,,,1,70,,80876,34,,,1,26,,80902,34,,,1,305,,80900,34,,,1,20,,80889,34,,,1,68,,80881,34,,,1,30,,80893,34,,,1,70,,80899,34,,,1,31,,80890,34,,,1,68,,80892,34,,,1,30,,80894,34,,,1,70,,80887,34,,,1,30,,80896,34,,,1,69,,80891,34,,,1,29,,80895,34,,,1,70,,80898,34,,,1
4901,'Samedi-1',723,,82116,16,,,1,100,,82115,16,,,1,100,,82117,16,,,1,100,,82113,16,,,1,100,,82118,16,,,1,101,,82114,16,,,1,100,,82119,16,,,1,100,,82120,16,,,1,100,,82121,16,,,1,100,,82122,16,,,1,100,,82123,16,,,1,99,,82124,16,,,1,100,,82125,16,,,1,100,,82126,16,,,1,100,,82127,16,,,1,100,,82128,16,,,1,100,,82129,16,,,1
4901,'Samedi-10',723,,70061,16,,,1,100,,70060,16,,,1,100,,70062,16,,,1,100,,70058,16,,,1,100,,70063,16,,,1,101,,70059,16,,,1,100,,70064,16,,,1,100,,70065,16,,,1,100,,70066,16,,,1,100,,70067,16,,,1,100,,70068,16,,,1,99,,70069,16,,,1,100,,70070,16,,,1,100,,70071,16,,,1,100,,70072,16,,,1,100,,70073,16,,,1,100,,70074,16,,,1
4901,'Dimanche-1',723,,82143,16,,,1,100,,82132,16,,,1,100,,82142,16,,,1,100,,82135,16,,,1,100,,82131,16,,,1,101,,82130,16,,,1,100,,82133,16,,,1,100,,82134,16,,,1,100,,82137,16,,,1,100,,82136,16,,,1,100,,82140,16,,,1,99,,82139,16,,,1,100,,82141,16,,,1,100,,82138,16,,,1,100,,82144,16,,,1,100,,82145,16,,,1,100,,82146,16,,,1
4901,'Semaine-1',606,,82153,16,,,1,47,,82158,16,,,1,70,,82174,16,,,1,31,,82170,16,,,1,69,,82168,16,,,1,29,,82178,16,,,1,70,,82160,16,,,1,30,,82176,16,,,1,69,,82172,16,,,1,31,,82147,16,,,1,70,,82169,16,,,1,30,,82148,16,,,1,70,,82154,16,,,1,30,,82156,16,,,1,70,,82161,16,,,1,29,,82177,16,,,1,71,,82159,16,,,1,30,,82179,16,,,1,62,,82175,16,,,1,11,,82162,16,,,1,15,,82149,16,,,1,15,,82165,16,,,1,70,,82155,16,,,1,29,,82157,16,,,1,69,,82173,16,,,1,29,,82167,16,,,1,70,,82171,16,,,1,94,,82150,16,,,1,40,,82166,16,,,1,101,,82164,16,,,1,99,,82151,16,,,1,100,,82163,16,,,1,98,,82152,16,,,1
4901,'Semaine-12',606,,82186,16,,,1,47,,82191,16,,,1,70,,82207,16,,,1,31,,82203,16,,,1,69,,82201,16,,,1,29,,82211,16,,,1,70,,82193,16,,,1,30,,82209,16,,,1,69,,82205,16,,,1,31,,82180,16,,,1,70,,82202,16,,,1,30,,82181,16,,,1,70,,82187,16,,,1,30,,82189,16,,,1,70,,82194,16,,,1,29,,82210,16,,,1,71,,82192,16,,,1,30,,82212,16,,,1,62,,82208,16,,,1,11,,82195,16,,,1,15,,82182,16,,,1,15,,82198,16,,,1,70,,82188,16,,,1,29,,82190,16,,,1,69,,82206,16,,,1,29,,82200,16,,,1,70,,82204,16,,,1,94,,82183,16,,,1,40,,82199,16,,,1,101,,82197,16,,,1,99,,82184,16,,,1,100,,82196,16,,,1,98,,82185,16,,,1
32500,'Semaine-1',1636,,85896,24,0,7 8,1
32500,'Semaine-12',1636,,85898,24,0,7 8,1
42501,'Semaine-1',1507,,86757,12,0,9 14,1
42501,'Semaine-12',1507,,86758,12,0,9 14,1
54901,'Semaine-1',1528,,86796,9,,,1
54901,'Semaine-12',1528,,86798,9,,,1
72500,'Semaine-1',1631,,86867,16,0,5 11,1
72500,'Semaine-12',1631,,86868,16,0,5 11,1
82500,'Semaine-1',1535,,87113,10,0,9 12 13,1
82500,'Semaine-12',1535,,87115,10,0,9 12 13,1
