3100,'Samedi-1',657,,80085,2,,,1,145,,80086,2,,,1,100,,80087,2,,,1,100,,80088,2,,,1,102,,80089,2,,,1,100,,80090,2,,,1,101,,80091,2,,,1,100,,80092,2,,,1,100,,80093,2,,,1,102,,80094,2,,,1,100,,80095,2,,,1,100,,80096,2,,,1,96,,80097,2,,,1,100,,80098,2,,,1,100,,80099,2,,,1,100,,80100,2,,,1,101,,80101,2,,,1,101,,80102,2,,,1,100,,80103,2,,,1
3100,'Samedi-10',657,,66103,2,,,1,145,,66104,2,,,1,100,,66105,2,,,1,100,,66106,2,,,1,102,,66107,2,,,1,100,,66108,2,,,1,101,,66109,2,,,1,100,,66110,2,,,1,100,,66111,2,,,1,102,,66112,2,,,1,100,,66113,2,,,1,100,,66114,2,,,1,96,,66115,2,,,1,100,,66116,2,,,1,100,,66117,2,,,1,100,,66118,2,,,1,101,,66119,2,,,1,101,,66120,2,,,1,100,,66121,2,,,1
3100,'Dimanche-1',657,,80108,2,,,1,145,,80110,2,,,1,100,,80109,2,,,1,100,,80117,2,,,1,102,,80112,2,,,1,100,,80104,2,,,1,101,,80107,2,,,1,100,,80106,2,,,1,100,,80105,2,,,1,102,,80111,2,,,1,100,,80113,2,,,1,100,,80114,2,,,1,96,,80116,2,,,1,100,,80115,2,,,1,100,,80118,2,,,1,100,,80119,2,,,1,101,,80120,2,,,1,101,,80121,2,,,1,100,,80122,2,,,1
3100,'Semaine-1',602,,80127,2,,,1,42,,80160,2,,,1,61,,80140,2,,,1,21,,80128,2,,,1,15,,80165,2,,,1,61,,80162,2,,,1,21,,80124,2,,,1,18,,80137,2,,,1,63,,80138,2,,,1,9,,80129,2,,,1,24,,80131,2,,,1,20,,80148,2,,,1,67,,80149,2,,,1,31,,80130,2,,,1,70,,80135,2,,,1,30,,80154,2,,,1,70,,80151,2,,,1,17,,80132,2,,,1,13,,80125,2,,,1,59,,80159,2,,,1,20,,80163,2,,,1,18,,80150,2,,,1,69,,80133,2,,,1,21,,80153,2,,,1,9,,80155,2,,,1,75,,80161,2,,,1,24,,80152,2,,,1,58,,80134,2,,,1,19,,80145,2,,,1,23,,80147,2,,,1,62,,80136,2,,,1,17,,80123,2,,,1,15,,80126,2,,,1,11,,80157,2,,,1,69,,80164,2,,,1,12,,80142,2,,,1,20,,80158,2,,,1,146,,80143,2,,,1,100,,80139,2,,,1,100,,80144,2,,,1,100,,80146,2,,,1,100,,80156,2,,,1,100,,80141,2,,,1
3100,'Semaine-12',602,,80170,2,,,1,42,,80203,2,,,1,61,,80183,2,,,1,21,,80171,2,,,1,15,,80208,2,,,1,61,,80205,2,,,1,21,,80167,2,,,1,18,,80180,2,,,1,63,,80181,2,,,1,9,,80172,2,,,1,24,,80174,2,,,1,20,,80191,2,,,1,67,,80192,2,,,1,31,,80173,2,,,1,70,,80178,2,,,1,30,,80197,2,,,1,70,,80194,2,,,1,17,,80175,2,,,1,13,,80168,2,,,1,59,,80202,2,,,1,20,,80206,2,,,1,18,,80193,2,,,1,69,,80176,2,,,1,21,,80196,2,,,1,9,,80198,2,,,1,75,,80204,2,,,1,24,,80195,2,,,1,58,,80177,2,,,1,19,,80188,2,,,1,23,,80190,2,,,1,62,,80179,2,,,1,17,,80166,2,,,1,15,,80169,2,,,1,11,,80200,2,,,1,69,,80207,2,,,1,12,,80185,2,,,1,20,,80201,2,,,1,146,,80186,2,,,1,100,,80182,2,,,1,100,,80187,2,,,1,100,,80189,2,,,1,100,,80199,2,,,1,100,,80184,2,,,1
3200,'Semaine-1',612,,80376,2,,,1,30,,80375,2,,,1,71,,80371,2,,,1,30,,80373,2,,,1,70,,80372,2,,,2,30,,80374,2,,,1,70,,80347,2,,,2,30,,80342,2,,,1,70,,80343,2,,,2,30,,80354,2,,,1,70,,80348,2,,,1,30,,80334,2,,,1,70,,80335,2,,,1,30,,80346,2,,,1,70,,80349,2,,,1,30,,80355,2,,,1,70,,80336,2,,,1,29,,80381,2,,,1,14,,80333,2,,,2,53,,80363,2,,,1,10,,80353,2,,,1,11,,80359,2,,,2,10,,80360,2,,,1,10,,80378,2,,,1,50,,80379,2,,,1,10,,80380,2,,,2,13,,80377,2,,,2,7,,80350,2,,,1,10,,80361,2,,,1,10,,80369,2,,,2,50,,80362,2,,,2,10,,80339,2,,,1,10,,80370,2,,,1,10,,80356,2,,,2,9,,80358,2,,,1,10,,80357,2,,,1,61,,80351,2,,,2,25,,80345,2,,,1,70,,80340,2,,,1,30,,80337,2,,,2,70,,80352,2,,,2,30,,80344,2,,,1,73,,80341,2,,,1,27,,80338,2,,,2,70,,80364,2,,,1,30,,80365,2,,,1,70,,80366,2,,,1,30,,80367,2,,,1,70,,80368,2,,,1
3200,'Semaine-12',612,,80425,2,,,1,30,,80424,2,,,1,71,,80420,2,,,1,30,,80422,2,,,1,70,,80421,2,,,2,30,,80423,2,,,1,70,,80396,2,,,2,30,,80391,2,,,1,70,,80392,2,,,2,30,,80403,2,,,1,70,,80397,2,,,1,30,,80383,2,,,1,70,,80384,2,,,1,30,,80395,2,,,1,70,,80398,2,,,1,30,,80404,2,,,1,70,,80385,2,,,1,29,,80430,2,,,1,14,,80382,2,,,2,53,,80412,2,,,1,10,,80402,2,,,1,11,,80408,2,,,2,10,,80409,2,,,1,10,,80427,2,,,1,50,,80428,2,,,1,10,,80429,2,,,2,13,,80426,2,,,2,7,,80399,2,,,1,10,,80410,2,,,1,10,,80418,2,,,2,50,,80411,2,,,2,10,,80388,2,,,1,10,,80419,2,,,1,10,,80405,2,,,2,9,,80407,2,,,1,10,,80406,2,,,1,61,,80400,2,,,2,25,,80394,2,,,1,70,,80389,2,,,1,30,,80386,2,,,2,70,,80401,2,,,2,30,,80393,2,,,1,73,,80390,2,,,1,27,,80387,2,,,2,70,,80413,2,,,1,30,,80414,2,,,1,70,,80415,2,,,1,30,,80416,2,,,1,70,,80417,2,,,1
3300,'Samedi-1',735,,80535,2,,,1,100,,80536,2,,,1,100,,80537,2,,,1,100,,80538,2,,,1,100,,80539,2,,,1,100,,80540,2,,,1,100,,80541,2,,,1,100,,80542,2,,,1,100,,80543,2,,,1,100,,80544,2,,,1,100,,80545,2,,,1,100,,80546,2,,,1,100,,80547,2,,,1,100,,80548,2,,,1,100,,80549,2,,,1,100,,80550,2,,,1,100,,80551,2,,,1,100,,80552,2,,,1
3300,'Samedi-10',735,,66888,2,,,1,100,,66889,2,,,1,100,,66890,2,,,1,100,,66891,2,,,1,100,,66892,2,,,1,100,,66893,2,,,1,100,,66894,2,,,1,100,,66895,2,,,1,100,,66896,2,,,1,100,,66897,2,,,1,100,,66898,2,,,1,100,,66899,2,,,1,100,,66900,2,,,1,100,,66901,2,,,1,100,,66902,2,,,1,100,,66903,2,,,1,100,,66904,2,,,1,100,,66905,2,,,1
3300,'Dimanche-1',735,,80554,2,,,1,100,,80559,2,,,1,100,,80565,2,,,1,100,,80556,2,,,1,100,,80558,2,,,1,100,,80555,2,,,1,100,,80557,2,,,1,100,,80553,2,,,1,100,,80561,2,,,1,100,,80560,2,,,1,100,,80563,2,,,1,100,,80562,2,,,1,100,,80564,2,,,1,100,,80566,2,,,1,100,,80567,2,,,1,100,,80568,2,,,1,100,,80569,2,,,1,100,,80570,2,,,1
3300,'Semaine-1',609,,80596,2,,,1,20,,80595,2,,,1,16,,80602,2,,,1,74,,80575,2,,,1,13,,80589,2,,,1,21,,80597,2,,,1,56,,80610,2,,,1,17,,80603,2,,,1,28,,80587,2,,,1,69,,80605,2,,,1,32,,80590,2,,,1,78,,80580,2,,,1,21,,80599,2,,,1,60,,80585,2,,,1,20,,80592,2,,,1,20,,80581,2,,,1,62,,80607,2,,,1,18,,80588,2,,,1,20,,80609,2,,,1,72,,80594,2,,,1,28,,80582,2,,,1,60,,80604,2,,,1,20,,80600,2,,,1,18,,80593,2,,,1,63,,80572,2,,,1,21,,80584,2,,,1,12,,80591,2,,,1,55,,80608,2,,,1,17,,80606,2,,,1,25,,80601,2,,,1,60,,80579,2,,,1,20,,80578,2,,,1,16,,80583,2,,,1,59,,80571,2,,,1,18,,80576,2,,,1,41,,80611,2,,,1,73,,80586,2,,,1,100,,80577,2,,,1,102,,80573,2,,,1,100,,80598,2,,,2,100,,80612,2,,,1,103,,80574,2,,,1
3300,'Semaine-12',609,,80638,2,,,1,20,,80637,2,,,1,16,,80644,2,,,1,74,,80617,2,,,1,13,,80631,2,,,1,21,,80639,2,,,1,56,,80652,2,,,1,17,,80645,2,,,1,28,,80629,2,,,1,69,,80647,2,,,1,32,,80632,2,,,1,78,,80622,2,,,1,21,,80641,2,,,1,60,,80627,2,,,1,20,,80634,2,,,1,20,,80623,2,,,1,62,,80649,2,,,1,18,,80630,2,,,1,20,,80651,2,,,1,72,,80636,2,,,1,28,,80624,2,,,1,60,,80646,2,,,1,20,,80642,2,,,1,18,,80635,2,,,1,63,,80614,2,,,1,21,,80626,2,,,1,12,,80633,2,,,1,55,,80650,2,,,1,17,,80648,2,,,1,25,,80643,2,,,1,60,,80621,2,,,1,20,,80620,2,,,1,16,,80625,2,,,1,59,,80613,2,,,1,18,,80618,2,,,1,41,,80653,2,,,1,73,,80628,2,,,1,100,,80619,2,,,1,102,,80615,2,,,1,100,,80640,2,,,2,100,,80654,2,,,1,103,,80616,2,,,1
3400,'Samedi-1',719,,80773,2,,,1,100,,80778,2,,,1,30,,80774,2,,,1,70,,80780,2,,,1,30,,80781,2,,,1,70,,80775,2,,,1,30,,80776,2,,,1,70,,80777,2,,,1,30,,80779,2,,,1,70,,80782,2,,,1,30,,80784,2,,,1,70,,80783,2,,,1,30,,80785,2,,,1,70,,80786,2,,,1,30,,80787,2,,,1,70,,80788,2,,,1,30,,80789,2,,,1,70,,80790,2,,,1,30,,80791,2,,,1,70,,80792,2,,,1,30,,80793,2,,,1,70,,80794,2,,,1,30,,80795,2,,,1,69,,80796,2,,,1,31,,80797,2,,,1,70,,80798,2,,,1,30,,80799,2,,,1,70,,80800,2,,,1,30,,80801,2,,,1,70,,80803,2,,,1,30,,80802,2,,,1,70,,80805,2,,,1,30,,80804,2,,,1,69,,80806,2,,,1
3400,'Samedi-10',719,,67369,2,,,1,100,,67374,2,,,1,30,,67370,2,,,1,70,,67376,2,,,1,30,,67377,2,,,1,70,,67371,2,,,1,30,,67372,2,,,1,70,,67373,2,,,1,30,,67375,2,,,1,70,,67378,2,,,1,30,,67380,2,,,1,70,,67379,2,,,1,30,,67381,2,,,1,70,,67382,2,,,1,30,,67383,2,,,1,70,,67384,2,,,1,30,,67385,2,,,1,70,,67386,2,,,1,30,,67387,2,,,1,70,,67388,2,,,1,30,,67389,2,,,1,70,,67390,2,,,1,30,,67391,2,,,1,69,,67392,2,,,1,31,,67393,2,,,1,70,,67394,2,,,1,30,,67395,2,,,1,70,,67396,2,,,1,30,,67397,2,,,1,70,,67399,2,,,1,30,,67398,2,,,1,70,,67401,2,,,1,30,,67400,2,,,1,69,,67402,2,,,1
3400,'Dimanche-1',719,,80811,2,,,1,100,,80831,2,,,1,30,,80813,2,,,1,70,,80817,2,,,1,30,,80810,2,,,1,70,,80818,2,,,1,30,,80809,2,,,1,70,,80808,2,,,1,30,,80821,2,,,1,70,,80812,2,,,1,30,,80815,2,,,1,70,,80814,2,,,1,30,,80807,2,,,1,70,,80823,2,,,1,30,,80819,2,,,1,70,,80820,2,,,1,30,,80816,2,,,1,70,,80827,2,,,1,30,,80826,2,,,1,70,,80824,2,,,1,30,,80822,2,,,1,70,,80825,2,,,1,30,,80830,2,,,1,69,,80828,2,,,1,31,,80829,2,,,1,70,,80832,2,,,1,30,,80833,2,,,1,70,,80834,2,,,1,30,,80835,2,,,1,70,,80836,2,,,1,30,,80837,2,,,1,70,,80839,2,,,1,30,,80838,2,,,1,69,,80840,2,,,1
3400,'Semaine-1',557,,80871,2,,,1,67,,80856,2,,,1,31,,80850,2,,,1,74,,80854,2,,,1,30,,80845,2,,,2,70,,80865,2,,,1,30,,80851,2,,,1,69,,80841,2,,,1,30,,80846,2,,,1,70,,80847,2,,,1,30,,80852,2,,,1,70,,80842,2,,,1,30,,80872,2,,,1,70,,80848,2,,,1,30,,80853,2,,,1,70,,80843,2,,,1,30,,80869,2,,,1,70,,80844,2,,,1,24,,80870,2,,,1,348,,80868,2,,,1,20,,80857,2,,,1,30,,80849,2,,,1,70,,80861,2,,,1,30,,80867,2,,,1,71,,80858,2,,,1,29,,80860,2,,,1,70,,80862,2,,,1,30,,80855,2,,,1,70,,80864,2,,,1,30,,80859,2,,,1,70,,80863,2,,,1,30,,80866,2,,,1
3400,'Semaine-12',557,,80903,2,,,1,67,,80888,2,,,1,31,,80882,2,,,1,74,,80886,2,,,1,30,,80877,2,,,2,70,,80897,2,,,1,30,,80883,2,,,1,69,,80873,2,,,1,30,,80878,2,,,1,70,,80879,2,,,1,30,,80884,2,,,1,70,,80874,2,,,1,30,,80904,2,,,1,70,,80880,2,,,1,30,,80885,2,,,1,70,,80875,2,,,1,30,,80901,2,,,1,70,,80876,2,,,1,24,,80902,2,,,1,348,,80900,2,,,1,20,,80889,2,,,1,30,,80881,2,,,1,70,,80893,2,,,1,30,,80899,2,,,1,71,,80890,2,,,1,29,,80892,2,,,1,70,,80894,2,,,1,30,,80887,2,,,1,70,,80896,2,,,1,30,,80891,2,,,1,70,,80895,2,,,1,30,,80898,2,,,1
3500,'Semaine-1',620,,81054,9,0,15 16,1,39,,81029,9,0,15 16,2,63,,81039,9,0,15 16,1,23,,81057,9,0,15 16,1,55,,81047,9,0,15 16,1,20,,81062,9,0,15 16,1,20,,81059,9,0,15 16,1,63,,81052,9,0,15 16,1,21,,81058,9,0,15 16,1,30,,81037,9,0,15 16,1,66,,81050,9,0,15 16,1,34,,81031,9,0,15 16,1,68,,81035,9,0,15 16,1,30,,81045,9,0,15 16,2,72,,81030,9,0,15 16,1,30,,81040,9,0,15 16,1,70,,81061,9,0,15 16,2,30,,81048,9,0,15 16,1,70,,81032,9,0,15 16,2,30,,81044,9,,,2,70,,81046,9,0,15 16,1,18,,81038,2,0,15 16,1,59,,81049,9,,,1,13,,81043,2,0,15 16,1,18,,81053,9,,,1,68,,81055,9,0,15 16,1,31,,81036,9,,,1,25,,81034,9,0,15 16,1,68,,81063,9,,,1,27,,81051,9,0,15 16,1,70,,81041,2,0,15 16,1,30,,81042,9,,,1,100,,81056,9,,,1,100,,81060,9,,,1,100,,81033,9,0,15 16,1
3500,'Semaine-12',620,,81089,9,0,15 16,1,39,,81064,9,0,15 16,2,63,,81074,9,0,15 16,1,23,,81092,9,0,15 16,1,55,,81082,9,0,15 16,1,20,,81097,9,0,15 16,1,20,,81094,9,0,15 16,1,63,,81087,9,0,15 16,1,21,,81093,9,0,15 16,1,30,,81072,9,0,15 16,1,66,,81085,9,0,15 16,1,34,,81066,9,0,15 16,1,68,,81070,9,0,15 16,1,30,,81080,9,0,15 16,2,72,,81065,9,0,15 16,1,30,,81075,9,0,15 16,1,70,,81096,9,0,15 16,2,30,,81083,9,0,15 16,1,70,,81067,9,0,15 16,2,30,,81079,9,,,2,70,,81081,9,0,15 16,1,18,,81073,2,0,15 16,1,59,,81084,9,,,1,13,,81078,2,0,15 16,1,18,,81088,9,,,1,68,,81090,9,0,15 16,1,31,,81071,9,,,1,25,,81069,9,0,15 16,1,68,,81098,9,,,1,27,,81086,9,0,15 16,1,70,,81076,2,0,15 16,1,30,,81077,9,,,1,100,,81091,9,,,1,100,,81095,9,,,1,100,,81068,9,0,15 16,1
3600,'Semaine-1',847,,81164,2,,,1,100,,81165,2,,,1,100,,81163,2,,,1,100,,81166,2,,,1,100,,81168,2,,,1,100,,81169,2,,,1,99,,81167,2,,,1
3600,'Semaine-12',847,,81171,2,,,1,100,,81172,2,,,1,100,,81170,2,,,1,100,,81173,2,,,1,100,,81175,2,,,1,100,,81176,2,,,1,99,,81174,2,,,1
3700,'Samedi-1',712,,81191,2,,,1,100,,81192,2,,,1,100,,81194,2,,,1,100,,81195,2,,,1,100,,81193,2,,,1,100,,81196,2,,,1,100,,81197,2,,,1,100,,81198,2,,,1,100,,81199,2,,,1,100,,81200,2,,,1,100,,81201,2,,,1,100,,81202,2,,,1,100,,81203,2,,,1,100,,81204,2,,,1,100,,81205,2,,,1,100,,81206,2,,,1,100,,81207,2,,,1,100,,81208,2,,,1
3700,'Samedi-10',712,,68178,2,,,1,100,,68179,2,,,1,100,,68181,2,,,1,100,,68182,2,,,1,100,,68180,2,,,1,100,,68183,2,,,1,100,,68184,2,,,1,100,,68185,2,,,1,100,,68186,2,,,1,100,,68187,2,,,1,100,,68188,2,,,1,100,,68189,2,,,1,100,,68190,2,,,1,100,,68191,2,,,1,100,,68192,2,,,1,100,,68193,2,,,1,100,,68194,2,,,1,100,,68195,2,,,1
3700,'Dimanche-1',712,,81211,2,,,1,100,,81214,2,,,1,100,,81216,2,,,1,100,,81212,2,,,1,100,,81209,2,,,1,100,,81213,2,,,1,100,,81210,2,,,1,100,,81215,2,,,1,100,,81217,2,,,1,100,,81219,2,,,1,100,,81218,2,,,1,100,,81222,2,,,1,100,,81221,2,,,1,100,,81220,2,,,1,100,,81223,2,,,1,100,,81224,2,,,1,100,,81225,2,,,1,100,,81226,2,,,1
3700,'Semaine-1',627,,81248,2,,,1,81,,81254,2,,,1,34,,81245,2,,,1,66,,81229,2,,,1,31,,81243,2,,,1,89,,81235,2,,,1,100,,81231,2,,,1,99,,81232,2,,,1,101,,81233,2,,,1,100,,81234,2,,,1,99,,81240,2,,,1,85,,81241,2,,,1,16,,81242,2,,,1,15,,81228,2,,,1,15,,81250,2,,,1,65,,81237,2,,,1,30,,81246,2,,,1,65,,81236,2,,,1,30,,81230,2,,,1,70,,81227,2,,,1,30,,81238,2,,,1,70,,81253,2,,,1,28,,81244,2,,,1,76,,81255,2,,,1,100,,81251,2,,,1,100,,81239,2,,,1,100,,81249,2,,,1,100,,81252,2,,,1,15,,81247,2,,,1
3700,'Semaine-12',627,,81277,2,,,1,81,,81283,2,,,1,34,,81274,2,,,1,66,,81258,2,,,1,31,,81272,2,,,1,89,,81264,2,,,1,100,,81260,2,,,1,99,,81261,2,,,1,101,,81262,2,,,1,100,,81263,2,,,1,99,,81269,2,,,1,85,,81270,2,,,1,16,,81271,2,,,1,15,,81257,2,,,1,15,,81279,2,,,1,65,,81266,2,,,1,30,,81275,2,,,1,65,,81265,2,,,1,30,,81259,2,,,1,70,,81256,2,,,1,30,,81267,2,,,1,70,,81282,2,,,1,28,,81273,2,,,1,76,,81284,2,,,1,100,,81280,2,,,1,100,,81268,2,,,1,100,,81278,2,,,1,100,,81281,2,,,1,15,,81276,2,,,1
3800,'Samedi-1',727,,81376,2,,,1,30,,81369,2,,,1,60,,81370,2,,,1,40,,81381,2,,,1,69,,81373,2,,,1,31,,81371,2,,,1,68,,81382,2,,,1,32,,81374,2,,,1,68,,81380,2,,,1,31,,81372,2,,,1,67,,81375,2,,,1,34,,81379,2,,,1,66,,81377,2,,,1,34,,81378,2,,,1,70,,81383,2,,,1,30,,81384,2,,,1,70,,81385,2,,,1,29,,81386,2,,,1,61,,81387,2,,,1,40,,81388,2,,,1,70,,81389,2,,,1,30,,81390,2,,,1,70,,81391,2,,,1,30,,81392,2,,,1,71,,81393,2,,,1,29,,81394,2,,,1,70,,81396,2,,,1,30,,81395,2,,,1,70,,81398,2,,,1,30,,81397,2,,,1,70,,81399,2,,,1,30,,81400,2,,,1,70,,81401,2,,,1
3800,'Samedi-10',727,,68572,2,,,1,30,,68565,2,,,1,60,,68566,2,,,1,40,,68577,2,,,1,69,,68569,2,,,1,31,,68567,2,,,1,68,,68578,2,,,1,32,,68570,2,,,1,68,,68576,2,,,1,31,,68568,2,,,1,67,,68571,2,,,1,34,,68575,2,,,1,66,,68573,2,,,1,34,,68574,2,,,1,70,,68579,2,,,1,30,,68580,2,,,1,70,,68581,2,,,1,29,,68582,2,,,1,61,,68583,2,,,1,40,,68584,2,,,1,70,,68585,2,,,1,30,,68586,2,,,1,70,,68587,2,,,1,30,,68588,2,,,1,71,,68589,2,,,1,29,,68590,2,,,1,70,,68592,2,,,1,30,,68591,2,,,1,70,,68594,2,,,1,30,,68593,2,,,1,70,,68595,2,,,1,30,,68596,2,,,1,70,,68597,2,,,1
3800,'Dimanche-1',727,,81405,2,,,1,30,,81410,2,,,1,60,,81413,2,,,1,40,,81411,2,,,1,69,,81404,2,,,1,31,,81426,2,,,1,68,,81403,2,,,1,32,,81406,2,,,1,68,,81427,2,,,1,31,,81425,2,,,1,67,,81407,2,,,1,34,,81417,2,,,1,66,,81414,2,,,1,34,,81408,2,,,1,70,,81412,2,,,1,30,,81419,2,,,1,70,,81402,2,,,1,29,,81409,2,,,1,61,,81416,2,,,1,40,,81421,2,,,1,70,,81415,2,,,1,30,,81423,2,,,1,70,,81420,2,,,1,30,,81424,2,,,1,71,,81422,2,,,1,29,,81418,2,,,1,70,,81428,2,,,1,30,,81429,2,,,1,70,,81430,2,,,1,30,,81431,2,,,1,70,,81432,2,,,1,30,,81433,2,,,1,70,,81434,2,,,1
3800,'Semaine-1',637,,81451,2,,,1,19,,81467,2,,,1,72,,81462,2,,,1,30,,81475,2,,,1,70,,81472,2,,,1,30,,81448,2,,,1,60,,81444,2,,,1,20,,81455,2,,,1,20,,81440,2,,,1,60,,81464,2,,,1,20,,81449,2,,,1,20,,81445,2,,,1,60,,81456,2,,,1,20,,81441,2,,,1,20,,81463,2,,,1,60,,81474,2,,,1,20,,81446,2,,,1,20,,81457,2,,,1,60,,81465,2,,,1,20,,81476,2,,,1,20,,81450,2,,,1,60,,81447,2,,,1,20,,81458,2,,,1,70,,81471,2,,,1,30,,81436,2,,,1,70,,81460,2,,,1,35,,81469,2,,,1,64,,81459,2,,,1,31,,81473,2,,,1,69,,81439,2,,,1,30,,81470,2,,,1,69,,81453,2,,,1,31,,81461,2,,,1,72,,81466,2,,,1,28,,81468,2,,,1,70,,81452,2,,,1,30,,81438,2,,,1,70,,81454,2,,,1,30,,81442,2,,,1,70,,81437,2,,,1,30,,81435,2,,,1,70,,81443,2,,,1
3800,'Semaine-12',637,,81493,2,,,1,19,,81509,2,,,1,72,,81504,2,,,1,30,,81517,2,,,1,70,,81514,2,,,1,30,,81490,2,,,1,60,,81486,2,,,1,20,,81497,2,,,1,20,,81482,2,,,1,60,,81506,2,,,1,20,,81491,2,,,1,20,,81487,2,,,1,60,,81498,2,,,1,20,,81483,2,,,1,20,,81505,2,,,1,60,,81516,2,,,1,20,,81488,2,,,1,20,,81499,2,,,1,60,,81507,2,,,1,20,,81518,2,,,1,20,,81492,2,,,1,60,,81489,2,,,1,20,,81500,2,,,1,70,,81513,2,,,1,30,,81478,2,,,1,70,,81502,2,,,1,35,,81511,2,,,1,64,,81501,2,,,1,31,,81515,2,,,1,69,,81481,2,,,1,30,,81512,2,,,1,69,,81495,2,,,1,31,,81503,2,,,1,72,,81508,2,,,1,28,,81510,2,,,1,70,,81494,2,,,1,30,,81480,2,,,1,70,,81496,2,,,1,30,,81484,2,,,1,70,,81479,2,,,1,30,,81477,2,,,1,70,,81485,2,,,1
5500,'Samedi-1',647,,82390,2,,,1,70,,82387,2,,,1,30,,82388,2,,,1,70,,82391,2,,,1,30,,82389,2,,,1,70,,82396,2,,,1,30,,82393,2,,,1,70,,82394,2,,,1,30,,82399,2,,,1,70,,82398,2,,,1,30,,82392,2,,,1,70,,82395,2,,,1,30,,82397,2,,,1,70,,82400,2,,,1,30,,82401,2,,,1,70,,82402,2,,,1,30,,82403,2,,,1,70,,82404,2,,,1,30,,82405,2,,,1,70,,82406,2,,,1,30,,82407,2,,,1,70,,82408,2,,,1,30,,82409,2,,,1,70,,82410,2,,,1,30,,82412,2,,,1,70,,82411,2,,,1,30,,82413,2,,,1,70,,82415,2,,,1,30,,82414,2,,,1,70,,82416,2,,,1,30,,82417,2,,,1,70,,82420,2,,,1,30,,82422,2,,,1,70,,82419,2,,,1,30,,82418,2,,,1,70,,82421,2,,,1
5500,'Samedi-10',647,,70650,2,,,1,70,,70647,2,,,1,30,,70648,2,,,1,70,,70651,2,,,1,30,,70649,2,,,1,70,,70656,2,,,1,30,,70653,2,,,1,70,,70654,2,,,1,30,,70659,2,,,1,70,,70658,2,,,1,30,,70652,2,,,1,70,,70655,2,,,1,30,,70657,2,,,1,70,,70660,2,,,1,30,,70661,2,,,1,70,,70662,2,,,1,30,,70663,2,,,1,70,,70664,2,,,1,30,,70665,2,,,1,70,,70666,2,,,1,30,,70667,2,,,1,70,,70668,2,,,1,30,,70669,2,,,1,70,,70670,2,,,1,30,,70672,2,,,1,70,,70671,2,,,1,30,,70673,2,,,1,70,,70675,2,,,1,30,,70674,2,,,1,70,,70676,2,,,1,30,,70677,2,,,1,70,,70680,2,,,1,30,,70682,2,,,1,70,,70679,2,,,1,30,,70678,2,,,1,70,,70681,2,,,1
5500,'Dimanche-1',647,,82427,2,,,1,70,,82432,2,,,1,30,,82424,2,,,1,70,,82429,2,,,1,30,,82426,2,,,1,70,,82423,2,,,1,30,,82434,2,,,1,70,,82428,2,,,1,30,,82425,2,,,1,70,,82437,2,,,1,30,,82433,2,,,1,70,,82438,2,,,1,30,,82431,2,,,1,70,,82430,2,,,1,30,,82436,2,,,1,70,,82441,2,,,1,30,,82435,2,,,1,70,,82440,2,,,1,30,,82443,2,,,1,70,,82447,2,,,1,30,,82442,2,,,1,70,,82448,2,,,1,30,,82439,2,,,1,70,,82445,2,,,1,30,,82446,2,,,1,70,,82449,2,,,1,30,,82444,2,,,1,70,,82450,2,,,1,30,,82452,2,,,1,70,,82451,2,,,1,30,,82453,2,,,1,70,,82455,2,,,1,30,,82456,2,,,1,70,,82454,2,,,1,30,,82457,2,,,1,70,,82458,2,,,1
5500,'Semaine-1',619,,82461,2,,,1,99,,82477,2,,,1,29,,82460,2,,,1,99,,82496,2,,,1,70,,82497,2,,,1,29,,82466,2,,,1,70,,82476,2,,,1,30,,82480,2,,,1,70,,82502,2,,,1,30,,82462,2,,,1,70,,82501,2,,,1,30,,82479,2,,,1,70,,82494,2,,,1,30,,82488,2,,,1,62,,82495,2,,,1,15,,82481,2,,,1,14,,82459,2,,,1,13,,82500,2,,,1,56,,82470,2,,,1,15,,82503,2,,,1,13,,82491,2,,,1,10,,82463,2,,,1,13,,82474,2,,,1,58,,82506,2,,,1,9,,82499,2,,,1,11,,82465,2,,,1,11,,82482,2,,,1,12,,82475,2,,,1,52,,82504,2,,,1,13,,82489,2,,,1,11,,82469,2,,,1,12,,82464,2,,,1,10,,82505,2,,,1,51,,82473,2,,,1,12,,82468,2,,,1,10,,82478,2,,,1,30,,82493,2,,,1,70,,82498,2,,,1,30,,82485,2,,,1,70,,82471,2,,,1,30,,82492,2,,,1,70,,82483,2,,,1,30,,82486,2,,,1,70,,82472,2,,,1,30,,82487,2,,,1,70,,82484,2,,,1,30,,82467,2,,,1,70,,82490,2,,,1
5500,'Semaine-12',619,,82509,2,,,1,99,,82525,2,,,1,29,,82508,2,,,1,99,,82544,2,,,1,70,,82545,2,,,1,29,,82514,2,,,1,70,,82524,2,,,1,30,,82528,2,,,1,70,,82550,2,,,1,30,,82510,2,,,1,70,,82549,2,,,1,30,,82527,2,,,1,70,,82542,2,,,1,30,,82536,2,,,1,62,,82543,2,,,1,15,,82529,2,,,1,14,,82507,2,,,1,13,,82548,2,,,1,56,,82518,2,,,1,15,,82551,2,,,1,13,,82539,2,,,1,10,,82511,2,,,1,13,,82522,2,,,1,58,,82554,2,,,1,9,,82547,2,,,1,11,,82513,2,,,1,11,,82530,2,,,1,12,,82523,2,,,1,52,,82552,2,,,1,13,,82537,2,,,1,11,,82517,2,,,1,12,,82512,2,,,1,10,,82553,2,,,1,51,,82521,2,,,1,12,,82516,2,,,1,10,,82526,2,,,1,30,,82541,2,,,1,70,,82546,2,,,1,30,,82533,2,,,1,70,,82519,2,,,1,30,,82540,2,,,1,70,,82531,2,,,1,30,,82534,2,,,1,70,,82520,2,,,1,30,,82535,2,,,1,70,,82532,2,,,1,30,,82515,2,,,1,70,,82538,2,,,1
5900,'Samedi-1',702,,82779,2,,,1,30,,82782,2,,,1,70,,82775,2,,,1,30,,82781,2,,,1,70,,82778,2,,,1,30,,82783,2,,,1,70,,82787,2,,,1,30,,82788,2,,,1,70,,82777,2,,,1,30,,82776,2,,,1,70,,82786,2,,,1,30,,82780,2,,,1,70,,82784,2,,,1,30,,82789,2,,,1,70,,82785,2,,,1,30,,82790,2,,,1,70,,82791,2,,,1,30,,82792,2,,,1,70,,82793,2,,,1,30,,82794,2,,,1,70,,82795,2,,,1,30,,82796,2,,,1,70,,82797,2,,,1,30,,82798,2,,,1,70,,82799,2,,,1,30,,82801,2,,,1,70,,82800,2,,,1,30,,82803,2,,,1,70,,82802,2,,,1,29,,82804,2,,,1,71,,82805,2,,,1,30,,82807,2,,,1,70,,82806,2,,,1,30,,82808,2,,,1
5900,'Samedi-10',702,,71438,2,,,1,30,,71441,2,,,1,70,,71434,2,,,1,30,,71440,2,,,1,70,,71437,2,,,1,30,,71442,2,,,1,70,,71446,2,,,1,30,,71447,2,,,1,70,,71436,2,,,1,30,,71435,2,,,1,70,,71445,2,,,1,30,,71439,2,,,1,70,,71443,2,,,1,30,,71448,2,,,1,70,,71444,2,,,1,30,,71449,2,,,1,70,,71450,2,,,1,30,,71451,2,,,1,70,,71452,2,,,1,30,,71453,2,,,1,70,,71454,2,,,1,30,,71455,2,,,1,70,,71456,2,,,1,30,,71457,2,,,1,70,,71458,2,,,1,30,,71460,2,,,1,70,,71459,2,,,1,30,,71462,2,,,1,70,,71461,2,,,1,29,,71463,2,,,1,71,,71464,2,,,1,30,,71466,2,,,1,70,,71465,2,,,1,30,,71467,2,,,1
5900,'Dimanche-1',702,,82814,2,,,1,30,,82813,2,,,1,70,,82809,2,,,1,30,,82818,2,,,1,70,,82824,2,,,1,30,,82815,2,,,1,70,,82822,2,,,1,30,,82817,2,,,1,70,,82823,2,,,1,30,,82810,2,,,1,70,,82821,2,,,1,30,,82811,2,,,1,70,,82819,2,,,1,30,,82825,2,,,1,70,,82812,2,,,1,30,,82816,2,,,1,70,,82820,2,,,1,30,,82829,2,,,1,70,,82830,2,,,1,30,,82827,2,,,1,70,,82832,2,,,1,30,,82828,2,,,1,70,,82834,2,,,1,30,,82826,2,,,1,70,,82831,2,,,1,30,,82835,2,,,1,70,,82833,2,,,1,30,,82836,2,,,1,70,,82837,2,,,1,29,,82838,2,,,1,71,,82839,2,,,1,30,,82841,2,,,1,70,,82840,2,,,1,30,,82842,2,,,1
5900,'Semaine-1',548,,82850,2,,,1,95,,82885,2,,,1,86,,82890,2,,,1,88,,82866,2,,,1,84,,82862,2,,,1,30,,82883,2,,,1,70,,82859,2,,,1,30,,82882,2,,,1,70,,82873,2,,,1,30,,82867,2,,,1,70,,82875,2,,,1,30,,82858,2,,,1,70,,82886,2,,,1,30,,82849,2,,,1,70,,82880,2,,,1,14,,82851,2,,,1,16,,82884,2,,,1,28,,82844,2,,,1,54,,82888,2,,,1,15,,82843,2,,,1,8,,82878,2,,,1,14,,82874,2,,,1,53,,82861,2,,,1,13,,82845,2,,,1,12,,82846,2,,,1,12,,82854,2,,,1,12,,82881,2,,,1,52,,82870,2,,,1,11,,82857,2,,,1,12,,82879,2,,,1,12,,82865,2,,,1,12,,82877,2,,,1,49,,82847,2,,,1,13,,82852,2,,,1,31,,82872,2,,,1,70,,82863,2,,,1,30,,82868,2,,,1,70,,82856,2,,,1,30,,82864,2,,,1,70,,82869,2,,,1,30,,82876,2,,,1,70,,82853,2,,,1,30,,82871,2,,,1,70,,82860,2,,,1,30,,82848,2,,,1,70,,82855,2,,,1
5900,'Semaine-12',548,,82898,2,,,1,95,,82933,2,,,1,86,,82938,2,,,1,88,,82914,2,,,1,84,,82910,2,,,1,30,,82931,2,,,1,70,,82907,2,,,1,30,,82930,2,,,1,70,,82921,2,,,1,30,,82915,2,,,1,70,,82923,2,,,1,30,,82906,2,,,1,70,,82934,2,,,1,30,,82897,2,,,1,70,,82928,2,,,1,14,,82899,2,,,1,16,,82932,2,,,1,28,,82892,2,,,1,54,,82936,2,,,1,15,,82891,2,,,1,8,,82926,2,,,1,14,,82922,2,,,1,53,,82909,2,,,1,13,,82893,2,,,1,12,,82894,2,,,1,12,,82902,2,,,1,12,,82929,2,,,1,52,,82918,2,,,1,11,,82905,2,,,1,12,,82927,2,,,1,12,,82913,2,,,1,12,,82925,2,,,1,49,,82895,2,,,1,13,,82900,2,,,1,31,,82920,2,,,1,70,,82911,2,,,1,30,,82916,2,,,1,70,,82904,2,,,1,30,,82912,2,,,1,70,,82917,2,,,1,30,,82924,2,,,1,70,,82901,2,,,1,30,,82919,2,,,1,70,,82908,2,,,1,30,,82896,2,,,1,70,,82903,2,,,1
6700,'Samedi-1',704,,83839,2,,,1,100,,83838,2,,,1,100,,83837,2,,,1,30,,83833,2,,,1,70,,83841,2,,,1,30,,83834,2,,,1,70,,83835,2,,,1,30,,83840,2,,,1,70,,83845,2,,,1,30,,83836,2,,,1,69,,83844,2,,,1,31,,83842,2,,,1,70,,83843,2,,,1,30,,83846,2,,,1,70,,83847,2,,,1,30,,83848,2,,,1,70,,83849,2,,,1,30,,83850,2,,,1,70,,83851,2,,,1,30,,83852,2,,,1,70,,83853,2,,,1,30,,83854,2,,,1,70,,83855,2,,,1,30,,83856,2,,,1,100,,83860,2,,,1,100,,83857,2,,,1,100,,83858,2,,,1,100,,83859,2,,,1
6700,'Samedi-10',704,,73543,2,,,1,100,,73542,2,,,1,100,,73541,2,,,1,30,,73537,2,,,1,70,,73545,2,,,1,30,,73538,2,,,1,70,,73539,2,,,1,30,,73544,2,,,1,70,,73549,2,,,1,30,,73540,2,,,1,69,,73548,2,,,1,31,,73546,2,,,1,70,,73547,2,,,1,30,,73550,2,,,1,70,,73551,2,,,1,30,,73552,2,,,1,70,,73553,2,,,1,30,,73554,2,,,1,70,,73555,2,,,1,30,,73556,2,,,1,70,,73557,2,,,1,30,,73558,2,,,1,70,,73559,2,,,1,30,,73560,2,,,1,100,,73564,2,,,1,100,,73561,2,,,1,100,,73562,2,,,1,100,,73563,2,,,1
6700,'Dimanche-1',704,,83867,2,,,1,100,,83863,2,,,1,100,,83862,2,,,1,30,,83868,2,,,1,70,,83871,2,,,1,30,,83873,2,,,1,70,,83877,2,,,1,30,,83876,2,,,1,70,,83861,2,,,1,30,,83865,2,,,1,69,,83864,2,,,1,31,,83869,2,,,1,70,,83874,2,,,1,30,,83875,2,,,1,70,,83870,2,,,1,30,,83866,2,,,1,70,,83872,2,,,1,30,,83881,2,,,1,70,,83878,2,,,1,30,,83883,2,,,1,70,,83884,2,,,1,30,,83879,2,,,1,70,,83882,2,,,1,30,,83880,2,,,1,100,,83885,2,,,1,100,,83886,2,,,1,100,,83887,2,,,1,100,,83888,2,,,1
6700,'Semaine-1',602,,83897,2,,,1,30,,83891,2,,,1,70,,83899,2,,,1,22,,83908,2,,,1,21,,83892,2,,,1,58,,83917,2,,,1,29,,83902,2,,,1,70,,83910,2,,,1,20,,83900,2,,,1,20,,83920,2,,,1,60,,83918,2,,,1,20,,83905,2,,,2,20,,83921,2,,,1,60,,83911,2,,,1,20,,83914,2,,,1,20,,83922,2,,,1,60,,83919,2,,,1,20,,83906,2,,,1,20,,83923,2,,,1,60,,83912,2,,,1,20,,83915,2,,,1,20,,83924,2,,,1,60,,83904,2,,,1,20,,83907,2,,,1,20,,83925,2,,,1,365,,83927,2,,,1,15,,83901,2,,,1,20,,83926,2,,,1,60,,83909,2,,,1,30,,83889,2,,,1,72,,83913,2,,,1,28,,83893,2,,,2,70,,83916,2,,,2,30,,83890,2,,,1,70,,83898,2,,,1,30,,83894,2,,,2,73,,83903,2,,,1,27,,83896,2,,,1,70,,83895,2,,,2
6700,'Semaine-12',602,,83936,2,,,1,30,,83930,2,,,1,70,,83938,2,,,1,22,,83947,2,,,1,21,,83931,2,,,1,58,,83956,2,,,1,29,,83941,2,,,1,70,,83949,2,,,1,20,,83939,2,,,1,20,,83959,2,,,1,60,,83957,2,,,1,20,,83944,2,,,2,20,,83960,2,,,1,60,,83950,2,,,1,20,,83953,2,,,1,20,,83961,2,,,1,60,,83958,2,,,1,20,,83945,2,,,1,20,,83962,2,,,1,60,,83951,2,,,1,20,,83954,2,,,1,20,,83963,2,,,1,60,,83943,2,,,1,20,,83946,2,,,1,20,,83964,2,,,1,365,,83966,2,,,1,15,,83940,2,,,1,20,,83965,2,,,1,60,,83948,2,,,1,30,,83928,2,,,1,72,,83952,2,,,1,28,,83932,2,,,2,70,,83955,2,,,2,30,,83929,2,,,1,70,,83937,2,,,1,30,,83933,2,,,2,73,,83942,2,,,1,27,,83935,2,,,1,70,,83934,2,,,2
8500,'Semaine-1',1510,,85418,2,,,1,16,,85413,2,,,2,15,,85410,2,,,1,15,,85419,2,,,2,56,,85409,2,,,1,15,,85412,2,,,1,16,,85417,2,,,1,15,,85415,2,,,1,59,,85414,2,,,2,21,,85411,2,,,1,19,,85416,2,,,2
8500,'Semaine-12',1510,,85429,2,,,1,16,,85424,2,,,2,15,,85421,2,,,1,15,,85430,2,,,2,56,,85420,2,,,1,15,,85423,2,,,1,16,,85428,2,,,1,15,,85426,2,,,1,59,,85425,2,,,2,21,,85422,2,,,1,19,,85427,2,,,2
8700,'Semaine-1',1503,,85460,6,,,1,15,,85459,6,,,2,15,,85452,6,,,1,15,,85454,6,,,2,55,,85451,6,,,1,18,,85461,6,,,1,12,,85457,6,,,1,15,,85458,6,,,2,59,,85453,6,,,1,21,,85456,6,,,1,19,,85455,6,,,1
8700,'Semaine-12',1503,,85471,6,,,1,15,,85470,6,,,2,15,,85463,6,,,1,15,,85465,6,,,2,55,,85462,6,,,1,18,,85472,6,,,1,12,,85468,6,,,1,15,,85469,6,,,2,59,,85464,6,,,1,21,,85467,6,,,1,19,,85466,6,,,1
20000,'Semaine-1',1502,,85767,2,,,1,5,,85768,2,,,1,8,,85791,2,,,1,5,,85769,2,,,1,5,,85770,2,,,1,5,,85796,2,,,1,5,,85771,2,,,1,5,,85773,2,,,1,5,,85774,2,,,1,5,,85775,2,,,1,5,,85777,2,,,1,45,,85778,2,,,1,5,,85772,2,,,1,5,,85795,2,,,1,5,,85776,2,,,1,7,,85779,2,,,1,4,,85780,2,,,1,5,,85781,2,,,1,4,,85782,2,,,1,5,,85794,2,,,1,5,,85783,2,,,1,5,,85792,2,,,1,5,,85784,2,,,1,45,,85785,2,,,1,5,,85787,2,,,1,5,,85786,2,,,1,5,,85788,2,,,1,5,,85789,2,,,1,5,,85790,2,,,1,5,,85793,2,,,1
20000,'Semaine-12',1502,,85797,2,,,1,5,,85798,2,,,1,8,,85821,2,,,1,5,,85799,2,,,1,5,,85800,2,,,1,5,,85826,2,,,1,5,,85801,2,,,1,5,,85803,2,,,1,5,,85804,2,,,1,5,,85805,2,,,1,5,,85807,2,,,1,45,,85808,2,,,1,5,,85802,2,,,1,5,,85825,2,,,1,5,,85806,2,,,1,7,,85809,2,,,1,4,,85810,2,,,1,5,,85811,2,,,1,4,,85812,2,,,1,5,,85824,2,,,1,5,,85813,2,,,1,5,,85822,2,,,1,5,,85814,2,,,1,45,,85815,2,,,1,5,,85817,2,,,1,5,,85816,2,,,1,5,,85818,2,,,1,5,,85819,2,,,1,5,,85820,2,,,1,5,,85823,2,,,1
37100,'Samedi-1',742,,85916,2,,,1,100,,85920,2,,,1,100,,85915,2,,,1,100,,85921,2,,,1,100,,85917,2,,,1,100,,85918,2,,,1,100,,85919,2,,,1,100,,85922,2,,,1,100,,85923,2,,,1,100,,85924,2,,,1,100,,85925,2,,,1,100,,85926,2,,,1,100,,85927,2,,,1,100,,85928,2,,,1,100,,85929,2,,,1,100,,85930,2,,,1,100,,85931,2,,,1
37100,'Samedi-10',742,,77442,2,,,1,100,,77446,2,,,1,100,,77441,2,,,1,100,,77447,2,,,1,100,,77443,2,,,1,100,,77444,2,,,1,100,,77445,2,,,1,100,,77448,2,,,1,100,,77449,2,,,1,100,,77450,2,,,1,100,,77451,2,,,1,100,,77452,2,,,1,100,,77453,2,,,1,100,,77454,2,,,1,100,,77455,2,,,1,100,,77456,2,,,1,100,,77457,2,,,1
37100,'Dimanche-1',742,,85932,2,,,1,100,,85934,2,,,1,100,,85936,2,,,1,100,,85937,2,,,1,100,,85944,2,,,1,100,,85933,2,,,1,100,,85938,2,,,1,100,,85935,2,,,1,100,,85940,2,,,1,100,,85942,2,,,1,100,,85943,2,,,1,100,,85941,2,,,1,100,,85939,2,,,1,100,,85945,2,,,1,100,,85946,2,,,1,100,,85947,2,,,1,100,,85948,2,,,1
37100,'Semaine-1',647,,85962,2,,,1,72,,85959,2,,,1,30,,85955,2,,,1,69,,85950,2,,,1,90,,85969,2,,,1,99,,85954,2,,,1,100,,85956,2,,,1,100,,85968,2,,,1,100,,85963,2,,,1,100,,85952,2,,,1,51,,85964,2,,,1,59,,85973,2,,,1,16,,85953,2,,,1,15,,85974,2,,,1,65,,85949,2,,,1,20,,85958,2,,,1,70,,85965,2,,,1,25,,85971,2,,,1,29,,85970,2,,,1,70,,85960,2,,,1,30,,85972,2,,,1,70,,85975,2,,,1,30,,85961,2,,,1,95,,85957,2,,,1,100,,85967,2,,,1,100,,85966,2,,,1,100,,85951,2,,,1
37100,'Semaine-12',647,,85989,2,,,1,72,,85986,2,,,1,30,,85982,2,,,1,69,,85977,2,,,1,90,,85996,2,,,1,99,,85981,2,,,1,100,,85983,2,,,1,100,,85995,2,,,1,100,,85990,2,,,1,100,,85979,2,,,1,51,,85991,2,,,1,59,,86000,2,,,1,16,,85980,2,,,1,15,,86001,2,,,1,65,,85976,2,,,1,20,,85985,2,,,1,70,,85992,2,,,1,25,,85998,2,,,1,29,,85997,2,,,1,70,,85987,2,,,1,30,,85999,2,,,1,70,,86002,2,,,1,30,,85988,2,,,1,95,,85984,2,,,1,100,,85994,2,,,1,100,,85993,2,,,1,100,,85978,2,,,1
40000,'Samedi-1',557,,86087,2,,,1,60,,86088,2,,,1,15,,86091,2,,,1,15,,86096,2,,,1,55,,86105,2,,,1,15,,86106,2,,,1,15,,86089,2,,,1,15,,86093,2,,,1,55,,86090,2,,,1,15,,86114,2,,,1,15,,86092,2,,,1,15,,86095,2,,,1,55,,86094,2,,,1,15,,86097,2,,,1,15,,86115,2,,,1,15,,86113,2,,,1,55,,86116,2,,,1,15,,86098,2,,,1,15,,86100,2,,,1,15,,86103,2,,,1,55,,86104,2,,,1,15,,86099,2,,,1,15,,86110,2,,,1,15,,86112,2,,,1,55,,86117,2,,,1,15,,86102,2,,,1,15,,86101,2,,,1,15,,86107,2,,,1,55,,86108,2,,,1,15,,86109,2,,,1,15,,86118,2,,,1,15,,86111,2,,,1,55,,86119,2,,,1,15,,86120,2,,,1,15,,86121,2,,,1,15,,86122,2,,,1,55,,86123,2,,,1,15,,86124,2,,,1,15,,86125,2,,,1,15,,86126,2,,,1,55,,86127,2,,,1,15,,86128,2,,,1,15,,86129,2,,,1,15,,86130,2,,,1,55,,86131,2,,,1,15,,86132,2,,,1,15,,86133,2,,,1,15,,86134,2,,,1,55,,86140,2,,,1,15,,86135,2,,,1,15,,86136,2,,,1,15,,86137,2,,,1,55,,86138,2,,,1,16,,86139,2,,,1,14,,86143,2,,,1,15,,86141,2,,,1,55,,86142,2,,,1,15,,86147,2,,,1,15,,86146,2,,,1,16,,86145,2,,,1,54,,86144,2,,,1,16,,86151,2,,,1,14,,86148,2,,,1,15,,86149,2,,,1,55,,86150,2,,,1,15,,86158,2,,,1,16,,86153,2,,,1,15,,86152,2,,,1,54,,86154,2,,,1,16,,86155,2,,,1,14,,86156,2,,,1,16,,86157,2,,,1,54,,86159,2,,,1
40000,'Samedi-10',557,,77857,2,,,1,60,,77858,2,,,1,15,,77861,2,,,1,15,,77866,2,,,1,55,,77875,2,,,1,15,,77876,2,,,1,15,,77859,2,,,1,15,,77863,2,,,1,55,,77860,2,,,1,15,,77884,2,,,1,15,,77862,2,,,1,15,,77865,2,,,1,55,,77864,2,,,1,15,,77867,2,,,1,15,,77885,2,,,1,15,,77883,2,,,1,55,,77886,2,,,1,15,,77868,2,,,1,15,,77870,2,,,1,15,,77873,2,,,1,55,,77874,2,,,1,15,,77869,2,,,1,15,,77880,2,,,1,15,,77882,2,,,1,55,,77887,2,,,1,15,,77872,2,,,1,15,,77871,2,,,1,15,,77877,2,,,1,55,,77878,2,,,1,15,,77879,2,,,1,15,,77888,2,,,1,15,,77881,2,,,1,55,,77889,2,,,1,15,,77890,2,,,1,15,,77891,2,,,1,15,,77892,2,,,1,55,,77893,2,,,1,15,,77894,2,,,1,15,,77895,2,,,1,15,,77896,2,,,1,55,,77897,2,,,1,15,,77898,2,,,1,15,,77899,2,,,1,15,,77900,2,,,1,55,,77901,2,,,1,15,,77902,2,,,1,15,,77903,2,,,1,15,,77904,2,,,1,55,,77910,2,,,1,15,,77905,2,,,1,15,,77906,2,,,1,15,,77907,2,,,1,55,,77908,2,,,1,16,,77909,2,,,1,14,,77913,2,,,1,15,,77911,2,,,1,55,,77912,2,,,1,15,,77917,2,,,1,15,,77916,2,,,1,16,,77915,2,,,1,54,,77914,2,,,1,16,,77921,2,,,1,14,,77918,2,,,1,15,,77919,2,,,1,55,,77920,2,,,1,15,,77928,2,,,1,16,,77923,2,,,1,15,,77922,2,,,1,54,,77924,2,,,1,16,,77925,2,,,1,14,,77926,2,,,1,16,,77927,2,,,1,54,,77929,2,,,1
40000,'Dimanche-1',557,,86160,2,,,1,60,,86161,2,,,1,15,,86169,2,,,1,15,,86181,2,,,1,55,,86183,2,,,1,15,,86164,2,,,1,15,,86171,2,,,1,15,,86170,2,,,1,55,,86162,2,,,1,15,,86163,2,,,1,15,,86172,2,,,1,15,,86180,2,,,1,55,,86182,2,,,1,15,,86165,2,,,1,15,,86175,2,,,1,15,,86174,2,,,1,55,,86189,2,,,1,15,,86190,2,,,1,15,,86186,2,,,1,15,,86201,2,,,1,55,,86194,2,,,1,15,,86185,2,,,1,15,,86200,2,,,1,15,,86173,2,,,1,55,,86188,2,,,1,15,,86191,2,,,1,15,,86179,2,,,1,15,,86202,2,,,1,55,,86195,2,,,1,15,,86176,2,,,1,15,,86184,2,,,1,15,,86177,2,,,1,55,,86187,2,,,1,15,,86196,2,,,1,15,,86178,2,,,1,15,,86166,2,,,1,55,,86192,2,,,1,15,,86167,2,,,1,15,,86199,2,,,1,15,,86168,2,,,1,55,,86208,2,,,1,15,,86197,2,,,1,15,,86212,2,,,1,15,,86206,2,,,1,55,,86193,2,,,1,15,,86210,2,,,1,15,,86198,2,,,1,15,,86214,2,,,1,55,,86207,2,,,1,15,,86215,2,,,1,15,,86211,2,,,1,15,,86216,2,,,1,55,,86203,2,,,1,16,,86209,2,,,1,14,,86204,2,,,1,15,,86213,2,,,1,55,,86205,2,,,1,15,,86217,2,,,1,15,,86218,2,,,1,16,,86220,2,,,1,54,,86219,2,,,1,16,,86222,2,,,1,14,,86221,2,,,1,15,,86223,2,,,1,55,,86224,2,,,1,15,,86229,2,,,1,16,,86225,2,,,1,15,,86227,2,,,1,54,,86226,2,,,1,16,,86228,2,,,1,14,,86231,2,,,1,16,,86230,2,,,1,54,,86232,2,,,1
40000,'Semaine-1',532,,86233,2,,,1,15,,86239,2,,,1,55,,86262,2,,,1,14,,86277,2,,,1,16,,86267,2,,,1,15,,86325,2,,,1,9,,86297,2,,,1,50,,86249,2,,,1,10,,86296,2,,,1,17,,86291,2,,,1,13,,86292,2,,,1,10,,86247,2,,,1,52,,86269,2,,,1,12,,86271,2,,,1,12,,86318,2,,,1,12,,86288,2,,,1,12,,86242,2,,,1,53,,86251,2,,,1,9,,86237,2,,,1,10,,86240,2,,,1,10,,86293,2,,,1,10,,86259,2,,,1,10,,86272,2,,,1,50,,86265,2,,,1,10,,86266,2,,,1,10,,86298,2,,,1,10,,86278,2,,,1,10,,86289,2,,,1,11,,86243,2,,,1,49,,86252,2,,,1,10,,86241,2,,,1,11,,86319,2,,,1,9,,86294,2,,,1,10,,86260,2,,,1,10,,86273,2,,,1,51,,86264,2,,,1,10,,86256,2,,,1,9,,86285,2,,,1,11,,86268,2,,,1,4,,86279,2,,,1,5,,86290,2,,,1,11,,86244,2,,,1,50,,86254,2,,,1,10,,86246,2,,,1,10,,86236,2,,,1,10,,86295,2,,,1,10,,86276,2,,,1,10,,86274,2,,,1,46,,86286,2,,,1,6,,86263,2,,,1,6,,86255,2,,,1,6,,86303,2,,,1,6,,86304,2,,,1,4,,86305,2,,,1,6,,86306,2,,,1,2,,86307,2,,,1,8,,86317,2,,,1,5,,86323,2,,,1,2,,86308,2,,,1,278,,86309,2,,,1,5,,86310,2,,,1,5,,86311,2,,,1,5,,86312,2,,,1,5,,86324,2,,,1,5,,86313,2,,,1,48,,86314,2,,,1,8,,86315,2,,,1,12,,86316,2,,,1,12,,86280,2,,,1,12,,86281,2,,,1,52,,86275,2,,,1,12,,86301,2,,,1,12,,86284,2,,,1,12,,86270,2,,,1,12,,86248,2,,,1,52,,86320,2,,,1,12,,86253,2,,,1,13,,86321,2,,,1,11,,86261,2,,,1,12,,86282,2,,,1,52,,86322,2,,,1,14,,86258,2,,,1,15,,86302,2,,,1,15,,86300,2,,,1,55,,86245,2,,,1,15,,86234,2,,,1,15,,86250,2,,,1,15,,86283,2,,,1,55,,86257,2,,,1,15,,86287,2,,,1,15,,86299,2,,,1,15,,86238,2,,,1,55,,86235,2,,,1
40000,'Semaine-12',532,,86326,2,,,1,15,,86332,2,,,1,55,,86355,2,,,1,14,,86370,2,,,1,16,,86360,2,,,1,15,,86418,2,,,1,9,,86390,2,,,1,50,,86342,2,,,1,10,,86389,2,,,1,17,,86384,2,,,1,13,,86385,2,,,1,10,,86340,2,,,1,52,,86362,2,,,1,12,,86364,2,,,1,12,,86411,2,,,1,12,,86381,2,,,1,12,,86335,2,,,1,53,,86344,2,,,1,9,,86330,2,,,1,10,,86333,2,,,1,10,,86386,2,,,1,10,,86352,2,,,1,10,,86365,2,,,1,50,,86358,2,,,1,10,,86359,2,,,1,10,,86391,2,,,1,10,,86371,2,,,1,10,,86382,2,,,1,11,,86336,2,,,1,49,,86345,2,,,1,10,,86334,2,,,1,11,,86412,2,,,1,9,,86387,2,,,1,10,,86353,2,,,1,10,,86366,2,,,1,51,,86357,2,,,1,10,,86349,2,,,1,9,,86378,2,,,1,11,,86361,2,,,1,4,,86372,2,,,1,5,,86383,2,,,1,11,,86337,2,,,1,50,,86347,2,,,1,10,,86339,2,,,1,10,,86329,2,,,1,10,,86388,2,,,1,10,,86369,2,,,1,10,,86367,2,,,1,46,,86379,2,,,1,6,,86356,2,,,1,6,,86348,2,,,1,6,,86396,2,,,1,6,,86397,2,,,1,4,,86398,2,,,1,6,,86399,2,,,1,2,,86400,2,,,1,8,,86410,2,,,1,5,,86416,2,,,1,2,,86401,2,,,1,278,,86402,2,,,1,5,,86403,2,,,1,5,,86404,2,,,1,5,,86405,2,,,1,5,,86417,2,,,1,5,,86406,2,,,1,48,,86407,2,,,1,8,,86408,2,,,1,12,,86409,2,,,1,12,,86373,2,,,1,12,,86374,2,,,1,52,,86368,2,,,1,12,,86394,2,,,1,12,,86377,2,,,1,12,,86363,2,,,1,12,,86341,2,,,1,52,,86413,2,,,1,12,,86346,2,,,1,13,,86414,2,,,1,11,,86354,2,,,1,12,,86375,2,,,1,52,,86415,2,,,1,14,,86351,2,,,1,15,,86395,2,,,1,15,,86393,2,,,1,55,,86338,2,,,1,15,,86327,2,,,1,15,,86343,2,,,1,15,,86376,2,,,1,55,,86350,2,,,1,15,,86380,2,,,1,15,,86392,2,,,1,15,,86331,2,,,1,55,,86328,2,,,1
