3601,'Semaine-1',841,,81179,8,,,1,90,,81177,8,,,1,100,,81180,8,,,1,100,,81178,8,,,1,99,,81183,8,,,1,100,,81182,8,,,1,101,,81181,8,,,1
3601,'Semaine-12',841,,81186,8,,,1,90,,81184,8,,,1,100,,81187,8,,,1,100,,81185,8,,,1,99,,81190,8,,,1,100,,81189,8,,,1,101,,81188,8,,,1
3701,'Samedi-1',647,,81286,8,,,1,100,,81291,8,,,1,100,,81285,8,,,1,100,,81290,8,,,1,100,,81287,8,,,1,100,,81288,8,,,1,100,,81292,8,,,1,99,,81289,8,,,1,100,,81293,8,,,1,100,,81294,8,,,1,100,,81295,8,,,1,102,,81296,8,,,1,100,,81297,8,,,1,100,,81298,8,,,1,100,,81299,8,,,1,100,,81300,8,,,1,101,,81301,8,,,1
3701,'Samedi-10',647,,68373,8,,,1,100,,68378,8,,,1,100,,68372,8,,,1,100,,68377,8,,,1,100,,68374,8,,,1,100,,68375,8,,,1,100,,68379,8,,,1,99,,68376,8,,,1,100,,68380,8,,,1,100,,68381,8,,,1,100,,68382,8,,,1,102,,68383,8,,,1,100,,68384,8,,,1,100,,68385,8,,,1,100,,68386,8,,,1,100,,68387,8,,,1,101,,68388,8,,,1
3701,'Dimanche-1',647,,81303,8,,,1,100,,81304,8,,,1,100,,81306,8,,,1,100,,81307,8,,,1,100,,81315,8,,,1,100,,81302,8,,,1,100,,81308,8,,,1,99,,81305,8,,,1,100,,81310,8,,,1,100,,81311,8,,,1,100,,81313,8,,,1,102,,81312,8,,,1,100,,81309,8,,,1,100,,81314,8,,,1,100,,81316,8,,,1,100,,81317,8,,,1,101,,81318,8,,,1
3701,'Semaine-1',514,,81332,8,,,1,29,,81330,8,,,1,75,,81334,8,,,1,30,,81324,8,,,1,71,,81341,8,,,1,16,,81321,8,,,1,14,,81342,8,,,1,70,,81323,8,,,1,98,,81340,8,,,1,100,,81328,8,,,1,100,,81322,8,,,1,100,,81320,8,,,1,100,,81325,8,,,1,100,,81336,8,,,1,98,,81319,8,,,1,30,,81335,8,,,1,71,,81338,8,,,1,29,,81333,8,,,1,72,,81339,8,,,1,30,,81343,8,,,1,85,,81327,8,,,1,100,,81337,8,,,1,100,,81329,8,,,1,102,,81326,8,,,1,96,,81331,8,,,1
3701,'Semaine-12',514,,81357,8,,,1,29,,81355,8,,,1,75,,81359,8,,,1,30,,81349,8,,,1,71,,81366,8,,,1,16,,81346,8,,,1,14,,81367,8,,,1,70,,81348,8,,,1,98,,81365,8,,,1,100,,81353,8,,,1,100,,81347,8,,,1,100,,81345,8,,,1,100,,81350,8,,,1,100,,81361,8,,,1,98,,81344,8,,,1,30,,81360,8,,,1,71,,81363,8,,,1,29,,81358,8,,,1,72,,81364,8,,,1,30,,81368,8,,,1,85,,81352,8,,,1,100,,81362,8,,,1,100,,81354,8,,,1,102,,81351,8,,,1,96,,81356,8,,,1
37101,'Samedi-1',716,,86004,8,,,1,100,,86003,8,,,1,99,,86007,8,,,1,100,,86006,8,,,1,101,,86008,8,,,1,99,,86005,8,,,1,99,,86009,8,,,1,98,,86010,8,,,1,103,,86011,8,,,1,99,,86012,8,,,1,100,,86013,8,,,1,105,,86014,8,,,1,95,,86015,8,,,1,101,,86016,8,,,1,100,,86017,8,,,1,102,,86018,8,,,1,100,,86019,8,,,1
37101,'Samedi-10',716,,77625,8,,,1,100,,77624,8,,,1,99,,77628,8,,,1,100,,77627,8,,,1,101,,77629,8,,,1,99,,77626,8,,,1,99,,77630,8,,,1,98,,77631,8,,,1,103,,77632,8,,,1,99,,77633,8,,,1,100,,77634,8,,,1,105,,77635,8,,,1,95,,77636,8,,,1,101,,77637,8,,,1,100,,77638,8,,,1,102,,77639,8,,,1,100,,77640,8,,,1
37101,'Dimanche-1',716,,86033,8,,,1,100,,86022,8,,,1,99,,86023,8,,,1,100,,86020,8,,,1,101,,86025,8,,,1,99,,86021,8,,,1,99,,86024,8,,,1,98,,86027,8,,,1,103,,86026,8,,,1,99,,86028,8,,,1,100,,86032,8,,,1,105,,86031,8,,,1,95,,86029,8,,,1,101,,86030,8,,,1,100,,86034,8,,,1,102,,86035,8,,,1,100,,86036,8,,,1
37101,'Semaine-1',524,,86053,8,,,1,31,,86056,8,,,1,70,,86049,8,,,1,29,,86051,8,,,1,71,,86061,8,,,1,30,,86060,8,,,1,70,,86055,8,,,1,32,,86039,8,,,1,98,,86046,8,,,1,100,,86044,8,,,1,100,,86045,8,,,1,100,,86059,8,,,1,100,,86042,8,,,1,100,,86043,8,,,1,69,,86040,8,,,1,30,,86047,8,,,1,71,,86057,8,,,1,30,,86058,8,,,1,70,,86037,8,,,1,80,,86041,8,,,1,96,,86052,8,,,1,100,,86054,8,,,1,100,,86038,8,,,1,100,,86048,8,,,1,145,,86050,8,,,1
37101,'Semaine-12',524,,86078,8,,,1,31,,86081,8,,,1,70,,86074,8,,,1,29,,86076,8,,,1,71,,86086,8,,,1,30,,86085,8,,,1,70,,86080,8,,,1,32,,86064,8,,,1,98,,86071,8,,,1,100,,86069,8,,,1,100,,86070,8,,,1,100,,86084,8,,,1,100,,86067,8,,,1,100,,86068,8,,,1,69,,86065,8,,,1,30,,86072,8,,,1,71,,86082,8,,,1,30,,86083,8,,,1,70,,86062,8,,,1,80,,86066,8,,,1,96,,86077,8,,,1,100,,86079,8,,,1,100,,86063,8,,,1,100,,86073,8,,,1,145,,86075,8,,,1
43701,'Semaine-1',1503,,86788,8,0,9 14,1
43701,'Semaine-12',1503,,86790,8,0,9 14,1
