4001,'Semaine-1',556,,81922,3,,,1,69,,81921,3,,,1,31,,81924,3,,,1,71,,81920,3,,,2,29,,81919,3,,,1,70,,81923,3,,,1
4001,'Semaine-12',556,,81928,3,,,1,69,,81927,3,,,1,31,,81930,3,,,1,71,,81926,3,,,2,29,,81925,3,,,1,70,,81929,3,,,1
5000,'Semaine-1',631,,82216,4,,,1,20,,82214,4,,,1,71,,82217,4,,,2,30,,82213,4,,,1,149,,82218,4,,,1
5000,'Semaine-12',631,,82222,4,,,1,20,,82220,4,,,1,71,,82223,4,,,2,30,,82219,4,,,1,149,,82224,4,,,1
5201,'Samedi-1',634,,82303,4,,,1,100,,82304,4,,,1,100,,82305,4,,,1,100,,82306,4,,,1,100,,82308,4,,,1,100,,82307,4,,,1,100,,82309,4,,,1,100,,82310,4,,,1,100,,82311,4,,,1,100,,82312,4,,,1,100,,82313,4,,,1,100,,82314,4,,,1,100,,82317,4,,,1,100,,82315,4,,,1,100,,82319,4,,,1,100,,82316,4,,,1,100,,82318,4,,,1,101,,82320,4,,,1
5201,'Samedi-10',634,,70449,4,,,1,100,,70450,4,,,1,100,,70451,4,,,1,100,,70452,4,,,1,100,,70454,4,,,1,100,,70453,4,,,1,100,,70455,4,,,1,100,,70456,4,,,1,100,,70457,4,,,1,100,,70458,4,,,1,100,,70459,4,,,1,100,,70460,4,,,1,100,,70463,4,,,1,100,,70461,4,,,1,100,,70465,4,,,1,100,,70462,4,,,1,100,,70464,4,,,1,101,,70466,4,,,1
5201,'Dimanche-1',634,,82321,4,,,1,100,,82322,4,,,1,100,,82323,4,,,1,100,,82326,4,,,1,100,,82324,4,,,1,100,,82328,4,,,1,100,,82325,4,,,1,100,,82330,4,,,1,100,,82327,4,,,1,100,,82329,4,,,1,100,,82332,4,,,1,100,,82334,4,,,1,100,,82331,4,,,1,100,,82333,4,,,1,100,,82335,4,,,1,100,,82336,4,,,1,100,,82337,4,,,1,101,,82338,4,,,1
5201,'Semaine-1',604,,82354,4,,,1,100,,82356,4,,,1,103,,82355,4,,,1,97,,82339,4,,,1,101,,82345,4,,,1,99,,82342,4,,,1,100,,82349,4,,,1,100,,82340,4,,,1,100,,82344,4,,,1,100,,82343,4,,,1,100,,82353,4,,,1,100,,82352,4,,,1,100,,82346,4,,,1,100,,82347,4,,,1,100,,82351,4,,,1,100,,82348,4,,,1,100,,82350,4,,,1,100,,82341,4,,,2
5201,'Semaine-12',604,,82372,4,,,1,100,,82374,4,,,1,103,,82373,4,,,1,97,,82357,4,,,1,101,,82363,4,,,1,99,,82360,4,,,1,100,,82367,4,,,1,100,,82358,4,,,1,100,,82362,4,,,1,100,,82361,4,,,1,100,,82371,4,,,1,100,,82370,4,,,1,100,,82364,4,,,1,100,,82365,4,,,1,100,,82369,4,,,1,100,,82366,4,,,1,100,,82368,4,,,1,100,,82359,4,,,2
55000,'Semaine-1',645,,86799,4,0,5 6,1,2,,86800,4,0,5 6,1
55000,'Semaine-12',645,,86801,4,0,5 6,1,2,,86802,4,0,5 6,1
64001,'Semaine-1',712,,86843,4,0,9 10,1,2,,86844,4,0,9 10,1
64001,'Semaine-12',712,,86845,4,0,9 10,1,2,,86846,4,0,9 10,1
74001,'Semaine-1',755,,86883,4,0,5 11,2,2,,86884,4,0,5 11,1
74001,'Semaine-12',755,,86885,4,0,5 11,2,2,,86886,4,0,5 11,1
