4101,'Semaine-1',636,,81943,18,,,1,73,,81944,18,,,1,35,,81945,18,,,1,65,,81942,18,,,2,29,,81941,18,,,1
4101,'Semaine-12',636,,81948,18,,,1,73,,81949,18,,,1,35,,81950,18,,,1,65,,81947,18,,,2,29,,81946,18,,,1
4900,'Samedi-1',717,,82003,15,,,1,100,,82004,15,,,1,101,,82001,15,,,1,100,,82005,15,,,1,100,,82002,15,,,1,101,,82006,15,,,1,98,,82007,15,,,1,102,,82008,15,,,1,100,,82009,15,,,1,100,,82010,15,,,1,100,,82011,15,,,1,98,,82012,15,,,1,100,,82013,15,,,1,100,,82014,15,,,1,100,,82015,15,,,1,100,,82016,15,,,1,99,,82017,15,,,1
4900,'Samedi-10',717,,69841,15,,,1,100,,69842,15,,,1,101,,69839,15,,,1,100,,69843,15,,,1,100,,69840,15,,,1,101,,69844,15,,,1,98,,69845,15,,,1,102,,69846,15,,,1,100,,69847,15,,,1,100,,69848,15,,,1,100,,69849,15,,,1,98,,69850,15,,,1,100,,69851,15,,,1,100,,69852,15,,,1,100,,69853,15,,,1,100,,69854,15,,,1,99,,69855,15,,,1
4900,'Dimanche-1',717,,82018,15,,,1,100,,82031,15,,,1,101,,82019,15,,,1,100,,82030,15,,,1,100,,82022,15,,,1,101,,82021,15,,,1,98,,82025,15,,,1,102,,82020,15,,,1,100,,82024,15,,,1,100,,82023,15,,,1,100,,82027,15,,,1,98,,82029,15,,,1,100,,82026,15,,,1,100,,82028,15,,,1,100,,82032,15,,,1,100,,82033,15,,,1,99,,82034,15,,,1
4900,'Semaine-1',630,,82062,15,,,1,14,,82057,2,,,1,3,,82069,2,,,1,4,,82045,2,,,1,6,,82068,2,,,1,44,,82073,15,,,1,1,,82072,2,,,1,4,,82071,2,,,1,5,,82070,2,,,1,21,,82065,15,,,1,26,,82066,15,,,1,1,,82061,2,,,1,72,,82060,15,,,1,74,,82055,15,,,1,29,,82047,15,,,1,70,,82067,15,,,1,33,,82063,15,,,1,70,,82058,15,,,1,30,,82035,15,,,1,70,,82056,15,,,1,30,,82037,15,,,1,70,,82042,15,,,1,30,,82044,15,,,1,71,,82048,15,,,1,30,,82064,15,,,1,71,,82046,15,,,1,30,,82049,15,,,1,70,,82040,15,,,1,30,,82052,15,,,1,70,,82043,15,,,1,30,,82041,15,,,1,70,,82059,15,,,1,28,,82053,15,,,1,100,,82036,15,,,1,99,,82054,15,,,1,101,,82051,15,,,1,99,,82038,15,,,1,98,,82050,15,,,1,100,,82039,15,,,1
4900,'Semaine-12',630,,82101,15,,,1,14,,82096,2,,,1,3,,82108,2,,,1,4,,82084,2,,,1,6,,82107,2,,,1,44,,82112,15,,,1,1,,82111,2,,,1,4,,82110,2,,,1,5,,82109,2,,,1,21,,82104,15,,,1,26,,82105,15,,,1,1,,82100,2,,,1,72,,82099,15,,,1,74,,82094,15,,,1,29,,82086,15,,,1,70,,82106,15,,,1,33,,82102,15,,,1,70,,82097,15,,,1,30,,82074,15,,,1,70,,82095,15,,,1,30,,82076,15,,,1,70,,82081,15,,,1,30,,82083,15,,,1,71,,82087,15,,,1,30,,82103,15,,,1,71,,82085,15,,,1,30,,82088,15,,,1,70,,82079,15,,,1,30,,82091,15,,,1,70,,82082,15,,,1,30,,82080,15,,,1,70,,82098,15,,,1,28,,82092,15,,,1,100,,82075,15,,,1,99,,82093,15,,,1,101,,82090,15,,,1,99,,82077,15,,,1,98,,82089,15,,,1,100,,82078,15,,,1
5501,'Samedi-1',659,,82555,25,,,1,70,,82558,25,,,1,71,,82557,25,,,1,30,,82567,25,,,1,29,,82556,25,,,1,70,,82559,25,,,1,71,,82560,25,,,1,29,,82566,25,,,1,30,,82562,25,,,1,70,,82563,25,,,1,30,,82561,25,,,1,70,,82569,25,,,1,30,,82568,25,,,1,70,,82564,25,,,1,30,,82565,25,,,1,72,,82570,25,,,1,28,,82571,25,,,1,72,,82572,25,,,1,28,,82573,25,,,1,72,,82574,25,,,1,28,,82575,25,,,1,72,,82576,25,,,1,28,,82577,25,,,1,71,,82578,25,,,1,70,,82579,25,,,1,30,,82580,25,,,1,70,,82581,25,,,1,30,,82582,25,,,1,70,,82583,25,,,1,30,,82585,25,,,1,70,,82584,25,,,1,30,,82587,25,,,1,70,,82586,25,,,1
5501,'Samedi-10',659,,71004,25,,,1,70,,71007,25,,,1,71,,71006,25,,,1,30,,71016,25,,,1,29,,71005,25,,,1,70,,71008,25,,,1,71,,71009,25,,,1,29,,71015,25,,,1,30,,71011,25,,,1,70,,71012,25,,,1,30,,71010,25,,,1,70,,71018,25,,,1,30,,71017,25,,,1,70,,71013,25,,,1,30,,71014,25,,,1,72,,71019,25,,,1,28,,71020,25,,,1,72,,71021,25,,,1,28,,71022,25,,,1,72,,71023,25,,,1,28,,71024,25,,,1,72,,71025,25,,,1,28,,71026,25,,,1,71,,71027,25,,,1,70,,71028,25,,,1,30,,71029,25,,,1,70,,71030,25,,,1,30,,71031,25,,,1,70,,71032,25,,,1,30,,71034,25,,,1,70,,71033,25,,,1,30,,71036,25,,,1,70,,71035,25,,,1
5501,'Dimanche-1',659,,82589,25,,,1,70,,82593,25,,,1,71,,82591,25,,,1,30,,82596,25,,,1,29,,82598,25,,,1,70,,82592,25,,,1,71,,82588,25,,,1,29,,82602,25,,,1,30,,82597,25,,,1,70,,82604,25,,,1,30,,82595,25,,,1,70,,82594,25,,,1,30,,82600,25,,,1,70,,82590,25,,,1,30,,82599,25,,,1,72,,82603,25,,,1,28,,82608,25,,,1,72,,82601,25,,,1,28,,82607,25,,,1,72,,82610,25,,,1,28,,82605,25,,,1,72,,82606,25,,,1,28,,82612,25,,,1,71,,82614,25,,,1,70,,82611,25,,,1,30,,82609,25,,,1,70,,82613,25,,,1,30,,82615,25,,,1,70,,82616,25,,,1,30,,82617,25,,,1,70,,82618,25,,,1,30,,82619,25,,,1,70,,82620,25,,,1
5501,'Semaine-1',519,,82634,25,,,1,14,,82641,25,,,1,15,,82640,25,,,1,56,,82624,25,,,1,15,,82662,25,,,1,22,,82661,25,,,1,8,,82621,25,,,1,52,,82666,25,,,1,15,,82647,25,,,1,13,,82655,25,,,1,16,,82625,25,,,1,9,,82629,25,,,1,52,,82627,25,,,1,9,,82656,25,,,1,6,,82658,25,,,1,14,,82635,25,,,1,68,,82639,25,,,1,12,,82626,25,,,1,11,,82660,25,,,1,29,,82653,25,,,1,71,,82657,25,,,1,29,,82623,25,,,1,70,,82630,25,,,1,30,,82643,25,,,1,70,,82654,25,,,1,29,,82650,25,,,1,70,,82631,25,,,1,30,,82663,25,,,1,70,,82622,25,,,1,30,,82628,25,,,1,90,,82632,25,,,1,100,,82637,25,,,1,100,,82642,25,,,1,101,,82659,25,,,1,60,,82648,25,,,1,30,,82636,25,,,1,71,,82652,25,,,1,30,,82645,25,,,1,70,,82664,25,,,1,30,,82638,25,,,1,69,,82644,25,,,1,32,,82646,25,,,1,70,,82633,25,,,1,30,,82651,25,,,1,70,,82649,25,,,1
5501,'Semaine-12',519,,82680,25,,,1,14,,82687,25,,,1,15,,82686,25,,,1,56,,82670,25,,,1,15,,82708,25,,,1,22,,82707,25,,,1,8,,82667,25,,,1,52,,82712,25,,,1,15,,82693,25,,,1,13,,82701,25,,,1,16,,82671,25,,,1,9,,82675,25,,,1,52,,82673,25,,,1,9,,82702,25,,,1,6,,82704,25,,,1,14,,82681,25,,,1,68,,82685,25,,,1,12,,82672,25,,,1,11,,82706,25,,,1,29,,82699,25,,,1,71,,82703,25,,,1,29,,82669,25,,,1,70,,82676,25,,,1,30,,82689,25,,,1,70,,82700,25,,,1,29,,82696,25,,,1,70,,82677,25,,,1,30,,82709,25,,,1,70,,82668,25,,,1,30,,82674,25,,,1,90,,82678,25,,,1,100,,82683,25,,,1,100,,82688,25,,,1,101,,82705,25,,,1,60,,82694,25,,,1,30,,82682,25,,,1,71,,82698,25,,,1,30,,82691,25,,,1,70,,82710,25,,,1,30,,82684,25,,,1,69,,82690,25,,,1,32,,82692,25,,,1,70,,82679,25,,,1,30,,82697,25,,,1,70,,82695,25,,,1
5801,'Semaine-1',556,,82763,13,,,1,72,,82767,13,,,1,30,,82765,13,,,1,70,,82764,13,,,1,30,,82761,13,,,1,70,,82766,13,,,1,800,,82762,13,,,1
5801,'Semaine-12',556,,82770,13,,,1,72,,82774,13,,,1,30,,82772,13,,,1,70,,82771,13,,,1,30,,82768,13,,,1,70,,82773,13,,,1,800,,82769,13,,,1
5901,'Samedi-1',715,,82939,14,,,1,30,,82946,14,,,1,69,,82943,14,,,1,30,,82948,14,,,1,70,,82940,14,,,1,30,,82945,14,,,1,70,,82944,14,,,1,30,,82947,14,,,1,70,,82951,14,,,1,30,,82952,14,,,1,70,,82941,14,,,1,30,,82942,14,,,1,70,,82950,14,,,1,30,,82949,14,,,1,70,,82953,14,,,1,30,,82954,14,,,1,70,,82955,14,,,1,30,,82956,14,,,1,70,,82957,14,,,1,30,,82958,14,,,1,70,,82959,14,,,1,30,,82960,14,,,1,70,,82961,14,,,1,30,,82962,14,,,1,71,,82963,14,,,1,30,,82965,14,,,1,70,,82964,14,,,1,30,,82966,14,,,1,70,,82967,14,,,1,30,,82968,14,,,1,70,,82970,14,,,1,31,,82969,14,,,1
5901,'Samedi-10',715,,71780,14,,,1,30,,71787,14,,,1,69,,71784,14,,,1,30,,71789,14,,,1,70,,71781,14,,,1,30,,71786,14,,,1,70,,71785,14,,,1,30,,71788,14,,,1,70,,71792,14,,,1,30,,71793,14,,,1,70,,71782,14,,,1,30,,71783,14,,,1,70,,71791,14,,,1,30,,71790,14,,,1,70,,71794,14,,,1,30,,71795,14,,,1,70,,71796,14,,,1,30,,71797,14,,,1,70,,71798,14,,,1,30,,71799,14,,,1,70,,71800,14,,,1,30,,71801,14,,,1,70,,71802,14,,,1,30,,71803,14,,,1,71,,71804,14,,,1,30,,71806,14,,,1,70,,71805,14,,,1,30,,71807,14,,,1,70,,71808,14,,,1,30,,71809,14,,,1,70,,71811,14,,,1,31,,71810,14,,,1
5901,'Dimanche-1',715,,82971,14,,,1,30,,82983,14,,,1,69,,82977,14,,,1,30,,82978,14,,,1,70,,82985,14,,,1,30,,82982,14,,,1,70,,82987,14,,,1,30,,82974,14,,,1,70,,82986,14,,,1,30,,82972,14,,,1,70,,82981,14,,,1,30,,82973,14,,,1,70,,82976,14,,,1,30,,82979,14,,,1,70,,82980,14,,,1,30,,82988,14,,,1,70,,82975,14,,,1,30,,82991,14,,,1,70,,82984,14,,,1,30,,82993,14,,,1,70,,82994,14,,,1,30,,82990,14,,,1,70,,82995,14,,,1,30,,82992,14,,,1,71,,82996,14,,,1,30,,82989,14,,,1,70,,82997,14,,,1,30,,82998,14,,,1,70,,82999,14,,,1,30,,83000,14,,,1,70,,83001,14,,,1,31,,83002,14,,,1
5901,'Semaine-1',513,,83007,14,,,1,15,,83043,14,,,1,15,,83016,14,,,1,15,,83037,14,,,1,55,,83017,14,,,1,14,,83006,14,,,1,13,,83008,14,,,1,14,,83011,14,,,1,58,,83014,14,,,1,15,,83015,14,,,1,18,,83010,14,,,1,12,,83039,14,,,1,57,,83025,14,,,1,15,,83030,14,,,1,13,,83020,14,,,1,15,,83005,14,,,1,56,,83023,14,,,1,27,,83049,14,,,1,70,,83044,14,,,1,30,,83031,14,,,1,70,,83013,14,,,1,30,,83024,14,,,1,70,,83027,14,,,1,30,,83012,14,,,1,70,,83041,14,,,1,30,,83003,14,,,1,70,,83045,14,,,1,30,,83035,14,,,1,74,,83038,14,,,1,100,,83042,14,,,1,101,,83022,14,,,1,100,,83029,14,,,1,36,,83034,14,,,1,70,,83021,14,,,1,30,,83028,14,,,1,70,,83033,14,,,1,30,,83040,14,,,1,70,,83018,14,,,1,30,,83036,14,,,1,71,,83026,14,,,1,30,,83009,14,,,1,70,,83019,14,,,1,30,,83032,14,,,1
5901,'Semaine-12',513,,83054,14,,,1,15,,83090,14,,,1,15,,83063,14,,,1,15,,83084,14,,,1,55,,83064,14,,,1,14,,83053,14,,,1,13,,83055,14,,,1,14,,83058,14,,,1,58,,83061,14,,,1,15,,83062,14,,,1,18,,83057,14,,,1,12,,83086,14,,,1,57,,83072,14,,,1,15,,83077,14,,,1,13,,83067,14,,,1,15,,83052,14,,,1,56,,83070,14,,,1,27,,83096,14,,,1,70,,83091,14,,,1,30,,83078,14,,,1,70,,83060,14,,,1,30,,83071,14,,,1,70,,83074,14,,,1,30,,83059,14,,,1,70,,83088,14,,,1,30,,83050,14,,,1,70,,83092,14,,,1,30,,83082,14,,,1,74,,83085,14,,,1,100,,83089,14,,,1,101,,83069,14,,,1,100,,83076,14,,,1,36,,83081,14,,,1,70,,83068,14,,,1,30,,83075,14,,,1,70,,83080,14,,,1,30,,83087,14,,,1,70,,83065,14,,,1,30,,83083,14,,,1,71,,83073,14,,,1,30,,83056,14,,,1,70,,83066,14,,,1,30,,83079,14,,,1
65501,'Semaine-1',1510,,86865,13,0,9 10,1
65501,'Semaine-12',1510,,86866,13,0,9 10,1
75200,'Semaine-1',725,,86888,19,0,9 18,1,2,,86887,19,0,9 18,2
75200,'Semaine-12',725,,86890,19,0,9 18,1,2,,86889,19,0,9 18,2
80000,'Samedi-1',719,,86901,18,,,1,102,,86902,18,,,1,98,,86903,18,,,1,101,,86905,18,,,1,100,,86906,18,,,1,100,,86904,18,,,1,100,,86907,18,,,1,100,,86908,18,,,1,100,,86909,18,,,1,100,,86910,18,,,1,100,,86911,18,,,2,100,,86912,18,,,1,100,,86915,18,,,1,99,,86913,18,,,1,100,,86914,18,,,1,99,,86916,18,,,1,100,,86917,18,,,1
80000,'Samedi-10',719,,79460,18,,,1,102,,79461,18,,,1,98,,79462,18,,,1,101,,79464,18,,,1,100,,79465,18,,,1,100,,79463,18,,,1,100,,79466,18,,,1,100,,79467,18,,,1,100,,79468,18,,,1,100,,79469,18,,,1,100,,79470,18,,,2,100,,79471,18,,,1,100,,79474,18,,,1,99,,79472,18,,,1,100,,79473,18,,,1,99,,79475,18,,,1,100,,79476,18,,,1
80000,'Dimanche-1',719,,86920,18,,,1,102,,86919,18,,,1,98,,86925,18,,,1,101,,86918,18,,,1,100,,86922,18,,,1,100,,86921,18,,,1,100,,86923,18,,,1,100,,86924,18,,,1,100,,86928,18,,,1,100,,86926,18,,,1,100,,86927,18,,,2,100,,86931,18,,,1,100,,86930,18,,,1,99,,86929,18,,,1,100,,86932,18,,,1,99,,86933,18,,,1,100,,86934,18,,,1
80000,'Semaine-1',554,,86967,18,,,1,71,,86953,18,,,1,31,,86943,18,,,1,55,,86942,18,,,1,15,,86963,18,,,1,31,,86954,18,,,1,58,,86940,18,,,1,30,,86959,18,,,1,70,,86944,18,,,1,30,,86961,18,,,1,70,,86956,18,,,1,29,,86970,18,,,1,70,,86937,18,,,1,30,,86958,18,,,1,70,,86948,18,,,1,31,,86964,18,,,1,69,,86957,18,,,1,30,,86968,18,,,1,71,,86947,18,,,1,29,,86962,18,,,1,72,,86960,18,,,1,31,,86949,18,,,1,71,,86965,18,,,1,29,,86938,18,,,1,69,,86955,18,,,1,30,,86952,18,,,1,70,,86966,18,,,1,29,,86951,18,,,1,71,,86945,18,,,1,28,,86939,18,,,1,71,,86969,18,,,1,29,,86950,18,,,1,69,,86946,18,,,1,30,,86936,18,,,1,69,,86941,18,,,1,30,,86935,18,,,1
80000,'Semaine-12',554,,87003,18,,,1,71,,86989,18,,,1,31,,86979,18,,,1,55,,86978,18,,,1,15,,86999,18,,,1,31,,86990,18,,,1,58,,86976,18,,,1,30,,86995,18,,,1,70,,86980,18,,,1,30,,86997,18,,,1,70,,86992,18,,,1,29,,87006,18,,,1,70,,86973,18,,,1,30,,86994,18,,,1,70,,86984,18,,,1,31,,87000,18,,,1,69,,86993,18,,,1,30,,87004,18,,,1,71,,86983,18,,,1,29,,86998,18,,,1,72,,86996,18,,,1,31,,86985,18,,,1,71,,87001,18,,,1,29,,86974,18,,,1,69,,86991,18,,,1,30,,86988,18,,,1,70,,87002,18,,,1,29,,86987,18,,,1,71,,86981,18,,,1,28,,86975,18,,,1,71,,87005,18,,,1,29,,86986,18,,,1,69,,86982,18,,,1,30,,86972,18,,,1,69,,86977,18,,,1,30,,86971,18,,,1
