9501,'Semaine-1',556,,85547,44,,,1,55,,85543,44,,,1,13,,85545,44,,,1,18,,85550,44,,,1,16,,85546,44,,,2,55,,85548,44,,,2,14,,85549,44,,,2,16,,85544,44,,,2
9501,'Semaine-12',556,,85555,44,,,1,55,,85551,44,,,1,13,,85553,44,,,1,18,,85558,44,,,1,16,,85554,44,,,2,55,,85556,44,,,2,14,,85557,44,,,2,16,,85552,44,,,2
9701,'Samedi-1',750,,85635,48,,,1,100,,85638,48,,,1,101,,85636,48,,,1,100,,85639,48,,,1,99,,85633,48,,,1,100,,85634,48,,,1,101,,85637,48,,,1,100,,85640,48,,,1,100,,85641,48,,,1,100,,85642,48,,,1,100,,85643,48,,,1,100,,85644,48,,,1,100,,85648,48,,,1,100,,85645,48,,,1,99,,85646,48,,,1,100,,85647,48,,,1
9701,'Samedi-10',750,,76971,48,,,1,100,,76974,48,,,1,101,,76972,48,,,1,100,,76975,48,,,1,99,,76969,48,,,1,100,,76970,48,,,1,101,,76973,48,,,1,100,,76976,48,,,1,100,,76977,48,,,1,100,,76978,48,,,1,100,,76979,48,,,1,100,,76980,48,,,1,100,,76984,48,,,1,100,,76981,48,,,1,99,,76982,48,,,1,100,,76983,48,,,1
9701,'Dimanche-1',750,,85654,48,,,1,100,,85661,48,,,1,101,,85650,48,,,1,100,,85657,48,,,1,99,,85656,48,,,1,100,,85649,48,,,1,101,,85653,48,,,1,100,,85651,48,,,1,100,,85652,48,,,1,100,,85655,48,,,1,100,,85658,48,,,1,100,,85659,48,,,1,100,,85660,48,,,1,100,,85662,48,,,1,99,,85663,48,,,1,100,,85664,48,,,1
9701,'Semaine-1',632,,85665,48,,,2,97,,85666,48,,,1,113,,85667,48,,,1,109,,85668,48,,,1,100,,85669,48,,,1,100,,85670,48,,,1,100,,85671,48,,,1,99,,85672,48,,,1,101,,85673,48,,,1,104,,85674,48,,,1,95,,85675,48,,,1,104,,85676,48,,,1,96,,85677,48,,,1,97,,85678,48,,,1,101,,85679,48,,,1,98,,85680,48,,,1,100,,85681,48,,,1
9701,'Semaine-12',632,,85682,48,,,2,97,,85683,48,,,1,113,,85684,48,,,1,109,,85685,48,,,1,100,,85686,48,,,1,100,,85687,48,,,1,100,,85688,48,,,1,99,,85689,48,,,1,101,,85690,48,,,1,104,,85691,48,,,1,95,,85692,48,,,1,104,,85693,48,,,1,96,,85694,48,,,1,97,,85695,48,,,1,101,,85696,48,,,1,98,,85697,48,,,1,100,,85698,48,,,1
9801,'Semaine-1',528,,85699,44,,,2,10,,85700,44,,,1,10,,85701,44,,,1
9801,'Semaine-12',528,,85702,44,,,2,10,,85703,44,,,1,10,,85704,44,,,1
29701,'Semaine-1',1520,,85892,24,0,19,2
29701,'Semaine-12',1520,,85894,24,0,19,2
