3201,'Semaine-1',506,,80478,1,,,1,20,,80477,1,,,1,20,,80469,1,,,1,60,,80479,1,,,2,10,,80459,1,,,1,8,,80480,1,,,1,11,,80460,1,,,1,10,,80461,1,,,1,8,,80453,1,,,1,49,,80456,1,,,1,8,,80482,1,,,1,8,,80462,1,,,1,8,,80457,1,,,1,9,,80470,1,,,1,8,,80452,1,,,1,7,,80463,1,,,1,8,,80481,1,,,2,48,,80451,1,,,1,10,,80450,1,,,1,10,,80455,1,,,1,10,,80458,1,,,1,10,,80464,1,,,1,62,,80438,1,,,2,30,,80448,1,,,1,70,,80441,1,,,1,30,,80444,1,,,1,70,,80437,1,,,1,30,,80447,1,,,1,70,,80442,1,,,1,30,,80449,1,,,1,70,,80431,1,,,1,30,,80436,1,,,1,70,,80443,1,,,1,30,,80454,1,,,1,70,,80471,1,,,1,30,,80472,1,,,2,70,,80473,1,,,1,30,,80474,1,,,1,70,,80475,1,,,2,30,,80476,1,,,1,70,,80434,1,,,1,30,,80432,1,,,2,72,,80445,1,,,2,30,,80440,1,,,1,69,,80435,1,,,1,31,,80433,1,,,2,70,,80446,1,,,1,30,,80439,1,,,1,68,,80466,1,,,1,32,,80465,1,,,1,70,,80467,1,,,1,30,,80468,1,,,1
3201,'Semaine-12',506,,80530,1,,,1,20,,80529,1,,,1,20,,80521,1,,,1,60,,80531,1,,,2,10,,80511,1,,,1,8,,80532,1,,,1,11,,80512,1,,,1,10,,80513,1,,,1,8,,80505,1,,,1,49,,80508,1,,,1,8,,80534,1,,,1,8,,80514,1,,,1,8,,80509,1,,,1,9,,80522,1,,,1,8,,80504,1,,,1,7,,80515,1,,,1,8,,80533,1,,,2,48,,80503,1,,,1,10,,80502,1,,,1,10,,80507,1,,,1,10,,80510,1,,,1,10,,80516,1,,,1,62,,80490,1,,,2,30,,80500,1,,,1,70,,80493,1,,,1,30,,80496,1,,,1,70,,80489,1,,,1,30,,80499,1,,,1,70,,80494,1,,,1,30,,80501,1,,,1,70,,80483,1,,,1,30,,80488,1,,,1,70,,80495,1,,,1,30,,80506,1,,,1,70,,80523,1,,,1,30,,80524,1,,,2,70,,80525,1,,,1,30,,80526,1,,,1,70,,80527,1,,,2,30,,80528,1,,,1,70,,80486,1,,,1,30,,80484,1,,,2,72,,80497,1,,,2,30,,80492,1,,,1,69,,80487,1,,,1,31,,80485,1,,,2,70,,80498,1,,,1,30,,80491,1,,,1,68,,80518,1,,,1,32,,80517,1,,,1,70,,80519,1,,,1,30,,80520,1,,,1
3401,'Samedi-1',648,,80905,8,,,1,100,,80908,8,,,1,70,,80917,8,,,1,30,,80906,8,,,1,71,,80911,8,,,1,30,,80913,8,,,1,69,,80907,8,,,1,30,,80916,8,,,1,72,,80909,8,,,1,29,,80918,8,,,1,70,,80910,8,,,1,30,,80912,8,,,1,70,,80914,8,,,1,30,,80915,8,,,1,70,,80919,8,,,1,30,,80920,8,,,1,70,,80921,8,,,1,30,,80922,8,,,1,70,,80923,8,,,1,30,,80924,8,,,1,70,,80925,8,,,1,30,,80926,8,,,1,70,,80927,8,,,1,30,,80929,8,,,1,69,,80928,8,,,1,30,,80930,8,,,1,70,,80931,8,,,1,30,,80932,8,,,1,70,,80934,8,,,1,30,,80933,8,,,1,70,,80935,8,,,1,99,,80936,8,,,1
3401,'Samedi-10',648,,67667,8,,,1,100,,67670,8,,,1,70,,67679,8,,,1,30,,67668,8,,,1,71,,67673,8,,,1,30,,67675,8,,,1,69,,67669,8,,,1,30,,67678,8,,,1,72,,67671,8,,,1,29,,67680,8,,,1,70,,67672,8,,,1,30,,67674,8,,,1,70,,67676,8,,,1,30,,67677,8,,,1,70,,67681,8,,,1,30,,67682,8,,,1,70,,67683,8,,,1,30,,67684,8,,,1,70,,67685,8,,,1,30,,67686,8,,,1,70,,67687,8,,,1,30,,67688,8,,,1,70,,67689,8,,,1,30,,67691,8,,,1,69,,67690,8,,,1,30,,67692,8,,,1,70,,67693,8,,,1,30,,67694,8,,,1,70,,67696,8,,,1,30,,67695,8,,,1,70,,67697,8,,,1,99,,67698,8,,,1
3401,'Dimanche-1',648,,80937,8,,,1,100,,80945,8,,,1,70,,80950,8,,,1,30,,80942,8,,,1,71,,80940,8,,,1,30,,80963,8,,,1,69,,80944,8,,,1,30,,80949,8,,,1,72,,80939,8,,,1,29,,80938,8,,,1,70,,80941,8,,,1,30,,80948,8,,,1,70,,80951,8,,,1,30,,80943,8,,,1,70,,80947,8,,,1,30,,80946,8,,,1,70,,80952,8,,,1,30,,80956,8,,,1,70,,80953,8,,,1,30,,80954,8,,,1,70,,80955,8,,,1,30,,80962,8,,,1,70,,80957,8,,,1,30,,80960,8,,,1,69,,80958,8,,,1,30,,80959,8,,,1,70,,80961,8,,,1,30,,80964,8,,,1,70,,80966,8,,,1,30,,80965,8,,,1,70,,80967,8,,,1,99,,80968,8,,,1
3401,'Semaine-1',853,,80994,8,,,1,71,,80974,8,,,2,30,,80978,8,,,1,70,,80998,8,,,1,30,,80971,8,,,1,70,,80975,8,,,1,30,,80979,8,,,1,70,,80969,8,,,1,30,,80972,8,,,1,70,,80976,8,,,1,29,,80980,8,,,2,71,,80973,8,,,1,29,,80995,8,,,1,69,,80970,8,,,1,33,,80996,8,,,1,67,,80997,8,,,1,30,,80991,8,,,1,70,,80987,8,,,1,30,,80977,8,,,1,71,,80984,8,,,1,30,,80993,8,,,1,72,,80981,8,,,1,30,,80983,8,,,1,70,,80985,8,,,1,30,,80989,8,,,2,70,,80982,8,,,1,30,,80988,8,,,1,70,,80986,8,,,1,30,,80990,8,,,1,70,,80992,8,,,1
3401,'Semaine-12',853,,81024,8,,,1,71,,81004,8,,,2,30,,81008,8,,,1,70,,81028,8,,,1,30,,81001,8,,,1,70,,81005,8,,,1,30,,81009,8,,,1,70,,80999,8,,,1,30,,81002,8,,,1,70,,81006,8,,,1,29,,81010,8,,,2,71,,81003,8,,,1,29,,81025,8,,,1,69,,81000,8,,,1,33,,81026,8,,,1,67,,81027,8,,,1,30,,81021,8,,,1,70,,81017,8,,,1,30,,81007,8,,,1,71,,81014,8,,,1,30,,81023,8,,,1,72,,81011,8,,,1,30,,81013,8,,,1,70,,81015,8,,,1,30,,81019,8,,,2,70,,81012,8,,,1,30,,81018,8,,,1,70,,81016,8,,,1,30,,81020,8,,,1,70,,81022,8,,,1
4200,'Semaine-1',618,,81951,10,,,1,101,,81952,10,,,1,903,,81953,10,,,1,99,,81954,10,,,1
4200,'Semaine-12',618,,81955,10,,,1,101,,81956,10,,,1,903,,81957,10,,,1,99,,81958,10,,,1
4900,'Samedi-1',727,,82003,24,,,1,100,,82004,24,,,1,102,,82001,24,,,1,100,,82005,24,,,1,100,,82002,24,,,1,101,,82006,24,,,1,98,,82007,24,,,1,102,,82008,24,,,1,100,,82009,24,,,1,100,,82010,24,,,1,100,,82011,24,,,1,97,,82012,24,,,1,100,,82013,24,,,1,100,,82014,24,,,1,100,,82015,24,,,1,100,,82016,24,,,1,98,,82017,24,,,1
4900,'Samedi-10',727,,69841,24,,,1,100,,69842,24,,,1,102,,69839,24,,,1,100,,69843,24,,,1,100,,69840,24,,,1,101,,69844,24,,,1,98,,69845,24,,,1,102,,69846,24,,,1,100,,69847,24,,,1,100,,69848,24,,,1,100,,69849,24,,,1,97,,69850,24,,,1,100,,69851,24,,,1,100,,69852,24,,,1,100,,69853,24,,,1,100,,69854,24,,,1,98,,69855,24,,,1
4900,'Dimanche-1',727,,82018,24,,,1,100,,82031,24,,,1,102,,82019,24,,,1,100,,82030,24,,,1,100,,82022,24,,,1,101,,82021,24,,,1,98,,82025,24,,,1,102,,82020,24,,,1,100,,82024,24,,,1,100,,82023,24,,,1,100,,82027,24,,,1,97,,82029,24,,,1,100,,82026,24,,,1,100,,82028,24,,,1,100,,82032,24,,,1,100,,82033,24,,,1,98,,82034,24,,,1
4900,'Semaine-1',641,,82062,24,,,1,14,,82057,11,,,1,3,,82069,11,,,1,44,,82045,11,,,1,6,,82068,11,,,1,4,,82073,24,,,1,2,,82072,11,,,1,4,,82071,11,,,1,5,,82070,11,,,1,21,,82065,24,,,1,66,,82066,24,,,1,1,,82061,11,,,1,33,,82060,24,,,1,72,,82055,24,,,1,29,,82047,24,,,1,71,,82067,24,,,1,33,,82063,24,,,1,70,,82058,24,,,1,30,,82035,24,,,1,70,,82056,24,,,1,30,,82037,24,,,1,70,,82042,24,,,1,30,,82044,24,,,1,70,,82048,24,,,1,30,,82064,24,,,1,74,,82046,24,,,1,30,,82049,24,,,1,71,,82040,24,,,1,30,,82052,24,,,1,70,,82043,24,,,1,28,,82041,24,,,1,70,,82059,24,,,1,27,,82053,24,,,1,98,,82036,24,,,1,99,,82054,24,,,1,101,,82051,24,,,1,97,,82038,24,,,1,98,,82050,24,,,1,100,,82039,24,,,1
4900,'Semaine-12',641,,82101,24,,,1,14,,82096,11,,,1,3,,82108,11,,,1,44,,82084,11,,,1,6,,82107,11,,,1,4,,82112,24,,,1,2,,82111,11,,,1,4,,82110,11,,,1,5,,82109,11,,,1,21,,82104,24,,,1,66,,82105,24,,,1,1,,82100,11,,,1,33,,82099,24,,,1,72,,82094,24,,,1,29,,82086,24,,,1,71,,82106,24,,,1,33,,82102,24,,,1,70,,82097,24,,,1,30,,82074,24,,,1,70,,82095,24,,,1,30,,82076,24,,,1,70,,82081,24,,,1,30,,82083,24,,,1,70,,82087,24,,,1,30,,82103,24,,,1,74,,82085,24,,,1,30,,82088,24,,,1,71,,82079,24,,,1,30,,82091,24,,,1,70,,82082,24,,,1,28,,82080,24,,,1,70,,82098,24,,,1,27,,82092,24,,,1,98,,82075,24,,,1,99,,82093,24,,,1,101,,82090,24,,,1,97,,82077,24,,,1,98,,82089,24,,,1,100,,82078,24,,,1
5000,'Semaine-1',647,,82216,21,,,1,61,,82214,21,,,1,31,,82217,21,,,2,70,,82213,21,,,1,109,,82218,21,,,1
5000,'Semaine-12',647,,82222,21,,,1,61,,82220,21,,,1,31,,82223,21,,,2,70,,82219,21,,,1,109,,82224,21,,,1
5201,'Samedi-1',712,,82303,63,4,,1,100,,82304,63,4,,1,100,,82305,63,4,,1,100,,82306,63,4,,1,102,,82308,63,4,,1,100,,82307,63,4,,1,100,,82309,63,4,,1,100,,82310,63,4,,1,102,,82311,63,4,,1,98,,82312,63,4,,1,100,,82313,63,4,,1,100,,82314,63,4,,1,99,,82317,63,4,,1,100,,82315,63,4,,1,97,,82319,63,4,,1,101,,82316,63,4,,1,100,,82318,63,4,,1,101,,82320,63,4,,1
5201,'Samedi-10',712,,70449,63,4,,1,100,,70450,63,4,,1,100,,70451,63,4,,1,100,,70452,63,4,,1,102,,70454,63,4,,1,100,,70453,63,4,,1,100,,70455,63,4,,1,100,,70456,63,4,,1,102,,70457,63,4,,1,98,,70458,63,4,,1,100,,70459,63,4,,1,100,,70460,63,4,,1,99,,70463,63,4,,1,100,,70461,63,4,,1,97,,70465,63,4,,1,101,,70462,63,4,,1,100,,70464,63,4,,1,101,,70466,63,4,,1
5201,'Dimanche-1',712,,82321,63,4,,1,100,,82322,63,4,,1,100,,82323,63,4,,1,100,,82326,63,4,,1,102,,82324,63,4,,1,100,,82328,63,4,,1,100,,82325,63,4,,1,100,,82330,63,4,,1,102,,82327,63,4,,1,98,,82329,63,4,,1,100,,82332,63,4,,1,100,,82334,63,4,,1,99,,82331,63,4,,1,100,,82333,63,4,,1,97,,82335,63,4,,1,101,,82336,63,4,,1,100,,82337,63,4,,1,101,,82338,63,4,,1
5201,'Semaine-1',645,,82354,63,4,,1,104,,82356,63,4,,1,102,,82355,63,4,,1,97,,82339,63,4,,1,102,,82345,63,4,,1,99,,82342,63,4,,1,100,,82349,63,4,,1,100,,82340,63,4,,1,100,,82344,63,4,,1,105,,82343,63,4,,1,100,,82353,63,4,,1,98,,82352,63,4,,1,98,,82346,63,4,,1,96,,82347,63,4,,1,99,,82351,63,4,,1,100,,82348,63,4,,1,100,,82350,63,4,,1,100,,82341,63,4,,2
5201,'Semaine-12',645,,82372,63,4,,1,104,,82374,63,4,,1,102,,82373,63,4,,1,97,,82357,63,4,,1,102,,82363,63,4,,1,99,,82360,63,4,,1,100,,82367,63,4,,1,100,,82358,63,4,,1,100,,82362,63,4,,1,105,,82361,63,4,,1,100,,82371,63,4,,1,98,,82370,63,4,,1,98,,82364,63,4,,1,96,,82365,63,4,,1,99,,82369,63,4,,1,100,,82366,63,4,,1,100,,82368,63,4,,1,100,,82359,63,4,,2
44900,'Semaine-1',710,,86791,10,0,9 14,1
44900,'Semaine-12',710,,86792,10,0,9 14,1
55000,'Semaine-1',702,,86799,21,0,5 6,1,2,,86800,21,0,5 6,1
55000,'Semaine-12',702,,86801,21,0,5 6,1,2,,86802,21,0,5 6,1
63900,'Semaine-1',1510,,86833,8,0,9 10,1
63900,'Semaine-12',1510,,86834,8,0,9 10,1
