6500,'Samedi-1',650,,83428,4,,,1,100,,83431,4,,,1,100,,83427,4,,,1,100,,83430,4,,,1,100,,83434,4,,,1,100,,83429,4,,,1,100,,83432,4,,,1,100,,83433,4,,,1,100,,83435,4,,,1,100,,83436,4,,,1,100,,83437,4,,,1,100,,83438,4,,,1,100,,83439,4,,,1,100,,83440,4,,,1,100,,83441,4,,,1,100,,83442,4,,,1,100,,83443,4,,,1
6500,'Samedi-10',650,,72711,4,,,1,100,,72714,4,,,1,100,,72710,4,,,1,100,,72713,4,,,1,100,,72717,4,,,1,100,,72712,4,,,1,100,,72715,4,,,1,100,,72716,4,,,1,100,,72718,4,,,1,100,,72719,4,,,1,100,,72720,4,,,1,100,,72721,4,,,1,100,,72722,4,,,1,100,,72723,4,,,1,100,,72724,4,,,1,100,,72725,4,,,1,100,,72726,4,,,1
6500,'Dimanche-1',650,,83447,4,,,1,100,,83450,4,,,1,100,,83445,4,,,1,100,,83446,4,,,1,100,,83453,4,,,1,100,,83451,4,,,1,100,,83444,4,,,1,100,,83448,4,,,1,100,,83449,4,,,1,100,,83454,4,,,1,100,,83452,4,,,1,100,,83456,4,,,1,100,,83457,4,,,1,100,,83455,4,,,1,100,,83458,4,,,1,100,,83459,4,,,1,100,,83460,4,,,1
6500,'Semaine-1',514,,83475,4,,,1,30,,83471,4,,,1,70,,83462,4,,,1,20,,83488,4,,,1,20,,83461,4,,,1,58,,83465,4,,,1,23,,83487,4,,,1,22,,83493,4,,,1,57,,83470,4,,,2,21,,83469,4,,,2,19,,83463,4,,,1,60,,83466,4,,,1,30,,83468,4,,,1,100,,83464,4,,,1,100,,83467,4,,,1,100,,83495,4,,,1,100,,83480,4,,,1,100,,83494,4,,,1,68,,83481,4,,,1,19,,83479,4,,,1,24,,83478,4,,,1,59,,83485,4,,,2,18,,83483,4,,,1,22,,83477,4,,,1,60,,83482,4,,,2,19,,83476,4,,,2,21,,83473,4,,,1,60,,83491,4,,,2,20,,83472,4,,,2,70,,83492,4,,,2,30,,83490,4,,,1,100,,83484,4,,,1,100,,83474,4,,,1,100,,83486,4,,,1,100,,83489,4,,,1
6500,'Semaine-12',514,,83510,4,,,1,30,,83506,4,,,1,70,,83497,4,,,1,20,,83523,4,,,1,20,,83496,4,,,1,58,,83500,4,,,1,23,,83522,4,,,1,22,,83528,4,,,1,57,,83505,4,,,2,21,,83504,4,,,2,19,,83498,4,,,1,60,,83501,4,,,1,30,,83503,4,,,1,100,,83499,4,,,1,100,,83502,4,,,1,100,,83530,4,,,1,100,,83515,4,,,1,100,,83529,4,,,1,68,,83516,4,,,1,19,,83514,4,,,1,24,,83513,4,,,1,59,,83520,4,,,2,18,,83518,4,,,1,22,,83512,4,,,1,60,,83517,4,,,2,19,,83511,4,,,2,21,,83508,4,,,1,60,,83526,4,,,2,20,,83507,4,,,2,70,,83527,4,,,2,30,,83525,4,,,1,100,,83519,4,,,1,100,,83509,4,,,1,100,,83521,4,,,1,100,,83524,4,,,1
6601,'Samedi-1',642,,83727,3,,,1,100,,83729,3,,,1,100,,83733,3,,,1,100,,83730,3,,,1,100,,83734,3,,,1,100,,83728,3,,,1,100,,83731,3,,,1,100,,83732,3,,,1,100,,83735,3,,,1,100,,83736,3,,,1,100,,83737,3,,,1,100,,83738,3,,,1,100,,83739,3,,,1,100,,83741,3,,,1,100,,83740,3,,,1,100,,83742,3,,,1,100,,83743,3,,,1,100,,83744,3,,,1
6601,'Samedi-10',642,,73314,3,,,1,100,,73316,3,,,1,100,,73320,3,,,1,100,,73317,3,,,1,100,,73321,3,,,1,100,,73315,3,,,1,100,,73318,3,,,1,100,,73319,3,,,1,100,,73322,3,,,1,100,,73323,3,,,1,100,,73324,3,,,1,100,,73325,3,,,1,100,,73326,3,,,1,100,,73328,3,,,1,100,,73327,3,,,1,100,,73329,3,,,1,100,,73330,3,,,1,100,,73331,3,,,1
6601,'Dimanche-1',642,,83746,3,,,1,100,,83750,3,,,1,100,,83751,3,,,1,100,,83752,3,,,1,100,,83745,3,,,1,100,,83747,3,,,1,100,,83748,3,,,1,100,,83749,3,,,1,100,,83754,3,,,1,100,,83753,3,,,1,100,,83757,3,,,1,100,,83755,3,,,1,100,,83758,3,,,1,100,,83756,3,,,1,100,,83759,3,,,1,100,,83760,3,,,1,100,,83761,3,,,1,100,,83762,3,,,1
6601,'Semaine-1',533,,83772,3,,,2,20,,83765,3,,,1,58,,83774,3,,,1,21,,83780,3,,,2,20,,83775,3,,,2,61,,83766,3,,,1,23,,83778,3,,,2,19,,83771,3,,,1,58,,83787,3,,,1,21,,83764,3,,,1,19,,83777,3,,,1,58,,83788,3,,,1,20,,83796,3,,,1,100,,83776,3,,,1,100,,83768,3,,,1,100,,83792,3,,,1,100,,83793,3,,,1,100,,83779,3,,,2,22,,83767,3,,,1,59,,83784,3,,,2,19,,83781,3,,,1,24,,83794,3,,,1,62,,83763,3,,,1,19,,83789,3,,,1,20,,83782,3,,,1,60,,83795,3,,,1,18,,83785,3,,,2,24,,83790,3,,,2,60,,83783,3,,,1,18,,83791,3,,,1,21,,83797,3,,,2,94,,83770,3,,,2,100,,83769,3,,,1,95,,83773,3,,,1,100,,83786,3,,,1
6601,'Semaine-12',533,,83807,3,,,2,20,,83800,3,,,1,58,,83809,3,,,1,21,,83815,3,,,2,20,,83810,3,,,2,61,,83801,3,,,1,23,,83813,3,,,2,19,,83806,3,,,1,58,,83822,3,,,1,21,,83799,3,,,1,19,,83812,3,,,1,58,,83823,3,,,1,20,,83831,3,,,1,100,,83811,3,,,1,100,,83803,3,,,1,100,,83827,3,,,1,100,,83828,3,,,1,100,,83814,3,,,2,22,,83802,3,,,1,59,,83819,3,,,2,19,,83816,3,,,1,24,,83829,3,,,1,62,,83798,3,,,1,19,,83824,3,,,1,20,,83817,3,,,1,60,,83830,3,,,1,18,,83820,3,,,2,24,,83825,3,,,2,60,,83818,3,,,1,18,,83826,3,,,1,21,,83832,3,,,2,94,,83805,3,,,2,100,,83804,3,,,1,95,,83808,3,,,1,100,,83821,3,,,1
8500,'Semaine-1',1539,,85418,23,,,1,16,,85413,23,,,2,55,,85410,23,,,1,17,,85419,23,,,2,14,,85409,23,,,1,13,,85412,23,,,1,57,,85417,23,,,1,14,,85415,23,,,1,18,,85414,23,,,2,61,,85411,23,,,1,17,,85416,23,,,2
8500,'Semaine-12',1539,,85429,23,,,1,16,,85424,23,,,2,55,,85421,23,,,1,17,,85430,23,,,2,14,,85420,23,,,1,13,,85423,23,,,1,57,,85428,23,,,1,14,,85426,23,,,1,18,,85425,23,,,2,61,,85422,23,,,1,17,,85427,23,,,2
57100,'Semaine-1',1540,,86825,27,0,5 6,1
57100,'Semaine-12',1540,,86826,27,0,5 6,1
