7401,'Semaine-1',615,,84763,12,,,1,32,,84764,12,,,2,71,,84765,12,,,2,30,,84766,12,,,1,68,,84767,12,,,1,27,,84768,12,,,1
7401,'Semaine-12',615,,84769,12,,,1,32,,84770,12,,,2,71,,84771,12,,,2,30,,84772,12,,,1,68,,84773,12,,,1,27,,84774,12,,,1
7501,'Samedi-1',629,,84874,7,,,1,100,,84873,7,,,1,100,,84879,7,,,1,100,,84877,7,,,1,100,,84878,7,,,1,100,,84875,7,,,1,100,,84876,7,,,1,101,,84880,7,,,1,100,,84881,7,,,1,100,,84882,7,,,1,100,,84883,7,,,1,100,,84884,7,,,1,100,,84885,7,,,1,99,,84886,7,,,1,100,,84887,7,,,1,100,,84888,7,,,1,100,,84889,7,,,1,103,,84890,7,,,1
7501,'Samedi-10',629,,75535,7,,,1,100,,75534,7,,,1,100,,75540,7,,,1,100,,75538,7,,,1,100,,75539,7,,,1,100,,75536,7,,,1,100,,75537,7,,,1,101,,75541,7,,,1,100,,75542,7,,,1,100,,75543,7,,,1,100,,75544,7,,,1,100,,75545,7,,,1,100,,75546,7,,,1,99,,75547,7,,,1,100,,75548,7,,,1,100,,75549,7,,,1,100,,75550,7,,,1,103,,75551,7,,,1
7501,'Dimanche-1',629,,84892,7,,,1,100,,84894,7,,,1,100,,84895,7,,,1,100,,84904,7,,,1,100,,84893,7,,,1,100,,84900,7,,,1,100,,84891,7,,,1,101,,84897,7,,,1,100,,84899,7,,,1,100,,84898,7,,,1,100,,84901,7,,,1,100,,84896,7,,,1,100,,84903,7,,,1,99,,84902,7,,,1,100,,84905,7,,,1,100,,84906,7,,,1,100,,84907,7,,,1,103,,84908,7,,,1
7501,'Semaine-1',542,,84934,7,,,1,70,,84917,7,,,1,20,,84914,7,,,1,13,,84915,7,,,1,56,,84932,7,,,2,15,,84916,7,,,1,16,,84911,7,,,2,17,,84927,7,,,1,62,,84939,7,,,1,18,,84913,7,,,1,18,,84912,7,,,1,72,,84941,7,,,1,26,,84910,7,,,1,75,,84931,7,,,1,30,,84909,7,,,1,70,,84929,7,,,1,30,,84922,7,,,1,70,,84935,7,,,1,30,,84921,7,,,1,70,,84938,7,,,1,30,,84936,7,,,1,70,,84920,7,,,1,30,,84923,7,,,1,71,,84924,7,,,1,36,,84918,7,,,1,99,,84940,7,,,1,100,,84925,7,,,1,100,,84928,7,,,1,80,,84933,7,,,2,100,,84930,7,,,2,100,,84926,7,,,2,100,,84919,7,,,2,100,,84937,7,,,2
7501,'Semaine-12',542,,84967,7,,,1,70,,84950,7,,,1,20,,84947,7,,,1,13,,84948,7,,,1,56,,84965,7,,,2,15,,84949,7,,,1,16,,84944,7,,,2,17,,84960,7,,,1,62,,84972,7,,,1,18,,84946,7,,,1,18,,84945,7,,,1,72,,84974,7,,,1,26,,84943,7,,,1,75,,84964,7,,,1,30,,84942,7,,,1,70,,84962,7,,,1,30,,84955,7,,,1,70,,84968,7,,,1,30,,84954,7,,,1,70,,84971,7,,,1,30,,84969,7,,,1,70,,84953,7,,,1,30,,84956,7,,,1,71,,84957,7,,,1,36,,84951,7,,,1,99,,84973,7,,,1,100,,84958,7,,,1,100,,84961,7,,,1,80,,84966,7,,,2,100,,84963,7,,,2,100,,84959,7,,,2,100,,84952,7,,,2,100,,84970,7,,,2
7800,'Samedi-1',834,,85278,36,,,1,100,,85277,36,,,1,100,,85275,36,,,1,100,,85280,36,,,1,101,,85276,36,,,1,100,,85279,36,,,1,100,,85281,36,,,1,100,,85282,36,,,2,100,,85283,36,,,1,100,,85284,36,,,1,99,,85285,36,,,1,100,,85286,36,,,1,100,,85287,36,,,1,100,,85288,36,,,1,100,,85289,36,,,1,98,,85290,36,,,1
7800,'Samedi-10',834,,76336,36,,,1,100,,76335,36,,,1,100,,76333,36,,,1,100,,76338,36,,,1,101,,76334,36,,,1,100,,76337,36,,,1,100,,76339,36,,,1,100,,76340,36,,,2,100,,76341,36,,,1,100,,76342,36,,,1,99,,76343,36,,,1,100,,76344,36,,,1,100,,76345,36,,,1,100,,76346,36,,,1,100,,76347,36,,,1,98,,76348,36,,,1
7800,'Dimanche-1',834,,85293,36,,,1,100,,85294,36,,,1,100,,85291,36,,,1,100,,85302,36,,,1,101,,85292,36,,,1,100,,85297,36,,,1,100,,85295,36,,,1,100,,85296,36,,,2,100,,85298,36,,,1,100,,85301,36,,,1,99,,85299,36,,,1,100,,85300,36,,,1,100,,85303,36,,,1,100,,85304,36,,,1,100,,85305,36,,,1,98,,85306,36,,,1
7800,'Semaine-1',506,,85319,36,,,1,20,,85320,36,,,1,31,,85309,36,,,1,72,,85321,36,,,1,71,,85307,36,,,1,28,,85322,36,,,2,76,,85331,36,,,2,26,,85312,36,,,1,27,,85323,36,,,2,68,,85324,36,,,1,30,,85335,36,,,1,70,,85325,36,,,1,30,,85336,36,,,1,70,,85326,36,,,1,30,,85337,36,,,1,70,,85327,36,,,1,29,,85338,36,,,1,70,,85328,36,,,1,30,,85339,36,,,1,71,,85329,36,,,1,30,,85314,36,,,1,71,,85330,36,,,1,28,,85308,36,,,1,76,,85317,36,,,1,28,,85332,36,,,1,69,,85316,36,,,1,27,,85340,36,,,1,70,,85333,36,,,1,30,,85310,36,,,1,85,,85334,36,,,1,101,,85315,36,,,1,100,,85318,36,,,1,99,,85311,36,,,1,99,,85313,36,,,1
7800,'Semaine-12',506,,85353,36,,,1,20,,85354,36,,,1,31,,85343,36,,,1,72,,85355,36,,,1,71,,85341,36,,,1,28,,85356,36,,,2,76,,85365,36,,,2,26,,85346,36,,,1,27,,85357,36,,,2,68,,85358,36,,,1,30,,85369,36,,,1,70,,85359,36,,,1,30,,85370,36,,,1,70,,85360,36,,,1,30,,85371,36,,,1,70,,85361,36,,,1,29,,85372,36,,,1,70,,85362,36,,,1,30,,85373,36,,,1,71,,85363,36,,,1,30,,85348,36,,,1,71,,85364,36,,,1,28,,85342,36,,,1,76,,85351,36,,,1,28,,85366,36,,,1,69,,85350,36,,,1,27,,85374,36,,,1,70,,85367,36,,,1,30,,85344,36,,,1,85,,85368,36,,,1,101,,85349,36,,,1,100,,85352,36,,,1,99,,85345,36,,,1,99,,85347,36,,,1
