4000,'Semaine-1',1557,,81911,52,,,1,70,,81907,52,,,2,74,,81910,52,,,1,28,,81909,52,,,1,28,,81908,52,,,1,66,,81912,52,,,1
4000,'Semaine-12',1557,,81917,52,,,1,70,,81913,52,,,2,74,,81916,52,,,1,28,,81915,52,,,1,28,,81914,52,,,1,66,,81918,52,,,1
5001,'Semaine-1',1648,,82225,34,,,1,103,,82227,34,,,1,93,,82226,34,,,2
5001,'Semaine-12',1648,,82228,34,,,1,103,,82230,34,,,1,93,,82229,34,,,2
5200,'Samedi-1',704,,82231,52,,,1,100,,82232,52,,,1,101,,82233,52,,,1,99,,82234,52,,,1,100,,82235,52,,,1,103,,82236,52,,,1,100,,82237,52,,,1,100,,82238,52,,,1,99,,82239,52,,,1,101,,82240,52,,,1,100,,82241,52,,,1,99,,82242,52,,,1,99,,82243,52,,,1,100,,82246,52,,,1,100,,82244,52,,,1,97,,82245,52,,,1,99,,82247,52,,,1,100,,82248,52,,,1
5200,'Samedi-10',704,,70287,52,,,1,100,,70288,52,,,1,101,,70289,52,,,1,99,,70290,52,,,1,100,,70291,52,,,1,103,,70292,52,,,1,100,,70293,52,,,1,100,,70294,52,,,1,99,,70295,52,,,1,101,,70296,52,,,1,100,,70297,52,,,1,99,,70298,52,,,1,99,,70299,52,,,1,100,,70302,52,,,1,100,,70300,52,,,1,97,,70301,52,,,1,99,,70303,52,,,1,100,,70304,52,,,1
5200,'Dimanche-1',704,,82250,52,,,1,100,,82249,52,,,1,101,,82251,52,,,1,99,,82254,52,,,1,100,,82252,52,,,1,103,,82253,52,,,1,100,,82257,52,,,1,100,,82256,52,,,1,99,,82258,52,,,1,101,,82255,52,,,1,100,,82259,52,,,1,99,,82261,52,,,1,99,,82262,52,,,1,100,,82260,52,,,1,100,,82263,52,,,1,97,,82264,52,,,1,99,,82265,52,,,1,100,,82266,52,,,1
5200,'Semaine-1',635,,82270,52,,,1,99,,82272,52,,,1,109,,82267,52,,,1,95,,82283,52,,,1,98,,82281,52,,,1,101,,82268,52,,,1,100,,82275,52,,,1,100,,82274,52,,,1,102,,82271,52,,,1,102,,82269,52,,,1,108,,82273,52,,,1,98,,82284,52,,,1,106,,82282,52,,,1,100,,82276,52,,,1,83,,82280,52,,,1,100,,82279,52,,,1,98,,82277,52,,,1,99,,82278,52,,,1
5200,'Semaine-12',635,,82288,52,,,1,99,,82290,52,,,1,109,,82285,52,,,1,95,,82301,52,,,1,98,,82299,52,,,1,101,,82286,52,,,1,100,,82293,52,,,1,100,,82292,52,,,1,102,,82289,52,,,1,102,,82287,52,,,1,108,,82291,52,,,1,98,,82302,52,,,1,106,,82300,52,,,1,100,,82294,52,,,1,83,,82298,52,,,1,100,,82297,52,,,1,98,,82295,52,,,1,99,,82296,52,,,1
55001,'Semaine-1',1556,,86805,32,0,5 6,1
55001,'Semaine-12',1556,,86808,32,0,5 6,1
64000,'Semaine-1',1513,,86839,13,0,9 10,2
64000,'Semaine-12',1513,,86842,13,0,9 10,2
74000,'Semaine-1',1659,,86880,49,0,5 11,1
74000,'Semaine-12',1659,,86882,49,0,5 11,1
