6400,'Samedi-1',748,,83307,27,,,1,100,,83309,27,,,1,100,,83312,27,,,1,100,,83310,27,,,1,100,,83313,27,,,1,100,,83308,27,,,1,100,,83311,27,,,1,100,,83314,27,,,1,99,,83315,27,,,1,100,,83316,27,,,1,100,,83317,27,,,1,100,,83318,27,,,1
6400,'Samedi-10',748,,72456,27,,,1,100,,72458,27,,,1,100,,72461,27,,,1,100,,72459,27,,,1,100,,72462,27,,,1,100,,72457,27,,,1,100,,72460,27,,,1,100,,72463,27,,,1,99,,72464,27,,,1,100,,72465,27,,,1,100,,72466,27,,,1,100,,72467,27,,,1
6400,'Dimanche-1',748,,83320,27,,,1,100,,83321,27,,,1,100,,83326,27,,,1,100,,83324,27,,,1,100,,83319,27,,,1,100,,83322,27,,,1,100,,83323,27,,,1,100,,83327,27,,,1,99,,83325,27,,,1,100,,83329,27,,,1,100,,83330,27,,,1,100,,83328,27,,,1
6400,'Semaine-1',700,,83339,27,,,1,34,,83336,27,,,1,70,,83331,27,,,1,30,,83335,27,,,1,100,,83337,27,,,1,100,,83342,27,,,1,100,,83341,27,,,1,100,,83334,27,,,1,100,,83347,27,,,1,100,,83343,27,,,1,95,,83344,27,,,1,85,,83349,27,,,1,87,,83348,27,,,1,101,,83345,27,,,1,55,,83346,27,,,1,100,,83338,27,,,2,99,,83332,27,,,2,100,,83340,27,,,1,100,,83333,27,,,1
6400,'Semaine-12',700,,83358,27,,,1,34,,83355,27,,,1,70,,83350,27,,,1,30,,83354,27,,,1,100,,83356,27,,,1,100,,83361,27,,,1,100,,83360,27,,,1,100,,83353,27,,,1,100,,83366,27,,,1,100,,83362,27,,,1,95,,83363,27,,,1,85,,83368,27,,,1,87,,83367,27,,,1,101,,83364,27,,,1,55,,83365,27,,,1,100,,83357,27,,,2,99,,83351,27,,,2,100,,83359,27,,,1,100,,83352,27,,,1
6901,'Samedi-1',814,,84287,11,,,1,100,,84288,11,,,1,100,,84289,11,,,1,100,,84290,11,,,1,100,,84292,11,,,1,100,,84291,11,,,1,100,,84293,11,,,1,100,,84294,11,,,1,100,,84295,11,,,1,100,,84296,11,,,1,100,,84297,11,,,1,100,,84298,11,,,1,100,,84299,11,,,1,100,,84300,11,,,1,100,,84301,11,,,1
6901,'Samedi-10',814,,74415,11,,,1,100,,74416,11,,,1,100,,74417,11,,,1,100,,74418,11,,,1,100,,74420,11,,,1,100,,74419,11,,,1,100,,74421,11,,,1,100,,74422,11,,,1,100,,74423,11,,,1,100,,74424,11,,,1,100,,74425,11,,,1,100,,74426,11,,,1,100,,74427,11,,,1,100,,74428,11,,,1,100,,74429,11,,,1
6901,'Dimanche-1',814,,84306,11,,,1,100,,84307,11,,,1,100,,84308,11,,,1,100,,84309,11,,,1,100,,84302,11,,,1,100,,84305,11,,,1,100,,84303,11,,,1,100,,84304,11,,,1,100,,84312,11,,,1,100,,84313,11,,,1,100,,84310,11,,,1,100,,84311,11,,,1,100,,84314,11,,,1,100,,84315,11,,,1,100,,84316,11,,,1
6901,'Semaine-1',546,,84317,11,,,1,70,,84318,11,,,1,30,,84319,11,,,2,70,,84320,11,,,1,36,,84321,11,,,1,60,,84322,11,,,1,28,,84323,11,,,1,18,,84324,11,,,1,143,,84325,11,,,1,99,,84326,11,,,2,101,,84327,11,,,2,55,,84328,11,,,2,144,,84329,11,,,1,101,,84330,11,,,1,99,,84331,11,,,2,103,,84332,11,,,2,101,,84333,11,,,1,37,,84334,11,,,1,100,,84335,11,,,1,100,,84336,11,,,2,100,,84337,11,,,2,100,,84338,11,,,2
6901,'Semaine-12',546,,84339,11,,,1,70,,84340,11,,,1,30,,84341,11,,,2,70,,84342,11,,,1,36,,84343,11,,,1,60,,84344,11,,,1,28,,84345,11,,,1,18,,84346,11,,,1,143,,84347,11,,,1,99,,84348,11,,,2,101,,84349,11,,,2,55,,84350,11,,,2,144,,84351,11,,,1,101,,84352,11,,,1,99,,84353,11,,,2,103,,84354,11,,,2,101,,84355,11,,,1,37,,84356,11,,,1,100,,84357,11,,,1,100,,84358,11,,,2,100,,84359,11,,,2,100,,84360,11,,,2
