2800,'Semaine-1',1600,,80055,19,,,1,42,,80056,19,,,1,91,,80057,19,,,1
2800,'Semaine-12',1600,,80058,19,,,1,42,,80059,19,,,1,91,,80060,19,,,1
2900,'Semaine-1',1554,,80070,24,,,2,75,,80069,24,,,1,72,,80067,24,,,2,25,,80071,24,,,1,29,,80068,24,,,1
2900,'Semaine-12',1554,,80075,24,,,2,75,,80074,24,,,1,72,,80072,24,,,2,25,,80076,24,,,1,29,,80073,24,,,1
3400,'Samedi-1',742,,80773,25,,,1,100,,80778,25,,,1,70,,80774,25,,,1,31,,80780,25,,,1,70,,80781,25,,,1,31,,80775,25,,,1,70,,80776,25,,,1,30,,80777,25,,,1,70,,80779,25,,,1,30,,80782,25,,,1,70,,80784,25,,,1,30,,80783,25,,,1,70,,80785,25,,,1,30,,80786,25,,,1,70,,80787,25,,,1,30,,80788,25,,,1,70,,80789,25,,,1,31,,80790,25,,,1,70,,80791,25,,,1,30,,80792,25,,,1,70,,80793,25,,,1,29,,80794,25,,,1,69,,80795,25,,,1,29,,80796,25,,,1,71,,80797,25,,,1,30,,80798,25,,,1,70,,80799,25,,,1,30,,80800,25,,,1,70,,80801,25,,,1,30,,80803,25,,,1,70,,80802,25,,,1,29,,80805,25,,,1,70,,80804,25,,,1,27,,80806,25,,,1
3400,'Samedi-10',742,,67369,25,,,1,100,,67374,25,,,1,70,,67370,25,,,1,31,,67376,25,,,1,70,,67377,25,,,1,31,,67371,25,,,1,70,,67372,25,,,1,30,,67373,25,,,1,70,,67375,25,,,1,30,,67378,25,,,1,70,,67380,25,,,1,30,,67379,25,,,1,70,,67381,25,,,1,30,,67382,25,,,1,70,,67383,25,,,1,30,,67384,25,,,1,70,,67385,25,,,1,31,,67386,25,,,1,70,,67387,25,,,1,30,,67388,25,,,1,70,,67389,25,,,1,29,,67390,25,,,1,69,,67391,25,,,1,29,,67392,25,,,1,71,,67393,25,,,1,30,,67394,25,,,1,70,,67395,25,,,1,30,,67396,25,,,1,70,,67397,25,,,1,30,,67399,25,,,1,70,,67398,25,,,1,29,,67401,25,,,1,70,,67400,25,,,1,27,,67402,25,,,1
3400,'Dimanche-1',742,,80811,25,,,1,100,,80831,25,,,1,70,,80813,25,,,1,31,,80817,25,,,1,70,,80810,25,,,1,31,,80818,25,,,1,70,,80809,25,,,1,30,,80808,25,,,1,70,,80821,25,,,1,30,,80812,25,,,1,70,,80815,25,,,1,30,,80814,25,,,1,70,,80807,25,,,1,30,,80823,25,,,1,70,,80819,25,,,1,30,,80820,25,,,1,70,,80816,25,,,1,31,,80827,25,,,1,70,,80826,25,,,1,30,,80824,25,,,1,70,,80822,25,,,1,29,,80825,25,,,1,69,,80830,25,,,1,29,,80828,25,,,1,71,,80829,25,,,1,30,,80832,25,,,1,70,,80833,25,,,1,30,,80834,25,,,1,70,,80835,25,,,1,30,,80836,25,,,1,70,,80837,25,,,1,29,,80839,25,,,1,70,,80838,25,,,1,27,,80840,25,,,1
3400,'Semaine-1',620,,80871,25,,,1,28,,80856,25,,,1,72,,80850,25,,,1,35,,80854,25,,,1,71,,80845,25,,,2,29,,80865,25,,,1,70,,80851,25,,,1,27,,80841,25,,,1,70,,80846,25,,,1,30,,80847,25,,,1,70,,80852,25,,,1,30,,80842,25,,,1,71,,80872,25,,,1,30,,80848,25,,,1,70,,80853,25,,,1,30,,80843,25,,,1,72,,80869,25,,,1,30,,80844,25,,,1,65,,80870,25,,,1,306,,80868,25,,,1,20,,80857,25,,,1,68,,80849,25,,,1,30,,80861,25,,,1,70,,80867,25,,,1,31,,80858,25,,,1,68,,80860,25,,,1,30,,80862,25,,,1,70,,80855,25,,,1,30,,80864,25,,,1,69,,80859,25,,,1,29,,80863,25,,,1,70,,80866,25,,,1
3400,'Semaine-12',620,,80903,25,,,1,28,,80888,25,,,1,72,,80882,25,,,1,35,,80886,25,,,1,71,,80877,25,,,2,29,,80897,25,,,1,70,,80883,25,,,1,27,,80873,25,,,1,70,,80878,25,,,1,30,,80879,25,,,1,70,,80884,25,,,1,30,,80874,25,,,1,71,,80904,25,,,1,30,,80880,25,,,1,70,,80885,25,,,1,30,,80875,25,,,1,72,,80901,25,,,1,30,,80876,25,,,1,65,,80902,25,,,1,306,,80900,25,,,1,20,,80889,25,,,1,68,,80881,25,,,1,30,,80893,25,,,1,70,,80899,25,,,1,31,,80890,25,,,1,68,,80892,25,,,1,30,,80894,25,,,1,70,,80887,25,,,1,30,,80896,25,,,1,69,,80891,25,,,1,29,,80895,25,,,1,70,,80898,25,,,1
5600,'Semaine-1',652,,82719,37,,,1,64,,82717,37,,,1,6,,82721,37,,,1,30,,82720,37,,,1,73,,82714,37,,,1,100,,82713,37,,,1,107,,82715,37,,,1,98,,82718,37,,,2,101,,82716,37,,,1
5600,'Semaine-12',652,,82728,37,,,1,64,,82726,37,,,1,6,,82730,37,,,1,30,,82729,37,,,1,73,,82723,37,,,1,100,,82722,37,,,1,107,,82724,37,,,1,98,,82727,37,,,2,101,,82725,37,,,1
32900,'Semaine-1',817,,85907,17,0,7 8,1
32900,'Semaine-12',817,,85908,17,0,7 8,1
42900,'Semaine-1',719,,86765,10,0,9 14,1,2,,86766,10,0,9 14,2
42900,'Semaine-12',719,,86767,10,0,9 14,1,2,,86768,10,0,9 14,2
55400,'Semaine-1',715,,86810,27,0,5 6,2
55400,'Semaine-12',715,,86812,27,0,5 6,2
72900,'Semaine-1',1637,,86873,22,0,5 11,2
72900,'Semaine-12',1637,,86874,22,0,5 11,2
82900,'Semaine-1',1542,,87134,22,0,9 12 13,1
82900,'Semaine-12',1542,,87137,22,0,9 12 13,1
