2000,'Semaine-1',655,,79961,23,4,,1,151,,79960,23,4,,1,97,,79959,23,4,,1
2000,'Semaine-12',655,,79964,23,4,,1,151,,79963,23,4,,1,97,,79962,23,4,,1
2700,'Semaine-1',1612,,80039,25,,,1,30,,80037,25,,,2,67,,80041,25,,,1,30,,80038,25,,,2,69,,80040,25,,,2
2700,'Semaine-12',1612,,80044,25,,,1,30,,80042,25,,,2,67,,80046,25,,,1,30,,80043,25,,,2,69,,80045,25,,,2
33101,'Semaine-1',1620,,85913,6,0,7 8,1
33101,'Semaine-12',1620,,85914,6,0,7 8,1
43301,'Semaine-1',720,,86781,2,0,9 14,1
43301,'Semaine-12',720,,86782,2,0,9 14,1
56601,'Semaine-1',708,,86819,34,0,5 6,1
56601,'Semaine-12',708,,86820,34,0,5 6,1
82700,'Semaine-1',1534,,87128,15,0,9 12 13,2
82700,'Semaine-12',1534,,87129,15,0,9 12 13,2
