2700,'Semaine-1',1559,,80039,12,,,1,70,,80037,12,,,2,28,,80041,12,,,1,70,,80038,12,,,2,29,,80040,12,,,2
2700,'Semaine-12',1559,,80044,12,,,1,70,,80042,12,,,2,28,,80046,12,,,1,70,,80043,12,,,2,29,,80045,12,,,2
3100,'Samedi-1',712,,80085,18,,,1,105,,80086,18,,,1,101,,80087,18,,,1,101,,80088,18,,,1,102,,80089,18,,,1,101,,80090,18,,,1,101,,80091,18,,,1,100,,80092,18,,,1,100,,80093,18,,,1,102,,80094,18,,,1,100,,80095,18,,,1,100,,80096,18,,,1,94,,80097,18,,,1,100,,80098,18,,,1,100,,80099,18,,,1,100,,80100,18,,,1,101,,80101,18,,,1,100,,80102,18,,,1,100,,80103,18,,,1
3100,'Samedi-10',712,,66103,18,,,1,105,,66104,18,,,1,101,,66105,18,,,1,101,,66106,18,,,1,102,,66107,18,,,1,101,,66108,18,,,1,101,,66109,18,,,1,100,,66110,18,,,1,100,,66111,18,,,1,102,,66112,18,,,1,100,,66113,18,,,1,100,,66114,18,,,1,94,,66115,18,,,1,100,,66116,18,,,1,100,,66117,18,,,1,100,,66118,18,,,1,101,,66119,18,,,1,100,,66120,18,,,1,100,,66121,18,,,1
3100,'Dimanche-1',712,,80108,18,,,1,105,,80110,18,,,1,101,,80109,18,,,1,101,,80117,18,,,1,102,,80112,18,,,1,101,,80104,18,,,1,101,,80107,18,,,1,100,,80106,18,,,1,100,,80105,18,,,1,102,,80111,18,,,1,100,,80113,18,,,1,100,,80114,18,,,1,94,,80116,18,,,1,100,,80115,18,,,1,100,,80118,18,,,1,100,,80119,18,,,1,101,,80120,18,,,1,100,,80121,18,,,1,100,,80122,18,,,1
3100,'Semaine-1',621,,80127,18,,,1,82,,80160,18,,,1,21,,80140,18,,,1,21,,80128,18,,,1,55,,80165,18,,,1,21,,80162,18,,,1,21,,80124,18,,,1,58,,80137,18,,,1,23,,80138,18,,,1,9,,80129,18,,,1,24,,80131,18,,,1,60,,80148,18,,,1,27,,80149,18,,,1,71,,80130,18,,,1,30,,80135,18,,,1,70,,80154,18,,,1,30,,80151,18,,,1,57,,80132,18,,,1,13,,80125,18,,,1,19,,80159,18,,,1,20,,80163,18,,,1,58,,80150,18,,,1,29,,80133,18,,,1,62,,80153,18,,,1,10,,80155,18,,,1,35,,80161,18,,,1,64,,80152,18,,,1,18,,80134,18,,,1,19,,80145,18,,,1,63,,80147,18,,,1,20,,80136,18,,,1,17,,80123,18,,,1,55,,80126,18,,,1,10,,80157,18,,,1,29,,80164,18,,,1,12,,80142,18,,,1,60,,80158,18,,,1,106,,80143,18,,,1,99,,80139,18,,,1,100,,80144,18,,,1,100,,80146,18,,,1,100,,80156,18,,,1,100,,80141,18,,,1
3100,'Semaine-12',621,,80170,18,,,1,82,,80203,18,,,1,21,,80183,18,,,1,21,,80171,18,,,1,55,,80208,18,,,1,21,,80205,18,,,1,21,,80167,18,,,1,58,,80180,18,,,1,23,,80181,18,,,1,9,,80172,18,,,1,24,,80174,18,,,1,60,,80191,18,,,1,27,,80192,18,,,1,71,,80173,18,,,1,30,,80178,18,,,1,70,,80197,18,,,1,30,,80194,18,,,1,57,,80175,18,,,1,13,,80168,18,,,1,19,,80202,18,,,1,20,,80206,18,,,1,58,,80193,18,,,1,29,,80176,18,,,1,62,,80196,18,,,1,10,,80198,18,,,1,35,,80204,18,,,1,64,,80195,18,,,1,18,,80177,18,,,1,19,,80188,18,,,1,63,,80190,18,,,1,20,,80179,18,,,1,17,,80166,18,,,1,55,,80169,18,,,1,10,,80200,18,,,1,29,,80207,18,,,1,12,,80185,18,,,1,60,,80201,18,,,1,106,,80186,18,,,1,99,,80182,18,,,1,100,,80187,18,,,1,100,,80189,18,,,1,100,,80199,18,,,1,100,,80184,18,,,1
3300,'Samedi-1',752,,80535,15,,,1,100,,80536,15,,,1,100,,80537,15,,,1,100,,80538,15,,,1,101,,80539,15,,,1,100,,80540,15,,,1,100,,80541,15,,,1,100,,80542,15,,,1,100,,80543,15,,,1,100,,80544,15,,,1,100,,80545,15,,,1,99,,80546,15,,,1,100,,80547,15,,,1,100,,80548,15,,,1,100,,80549,15,,,1,100,,80550,15,,,1,100,,80551,15,,,1,99,,80552,15,,,1
3300,'Samedi-10',752,,66888,15,,,1,100,,66889,15,,,1,100,,66890,15,,,1,100,,66891,15,,,1,101,,66892,15,,,1,100,,66893,15,,,1,100,,66894,15,,,1,100,,66895,15,,,1,100,,66896,15,,,1,100,,66897,15,,,1,100,,66898,15,,,1,99,,66899,15,,,1,100,,66900,15,,,1,100,,66901,15,,,1,100,,66902,15,,,1,100,,66903,15,,,1,100,,66904,15,,,1,99,,66905,15,,,1
3300,'Dimanche-1',752,,80554,15,,,1,100,,80559,15,,,1,100,,80565,15,,,1,100,,80556,15,,,1,101,,80558,15,,,1,100,,80555,15,,,1,100,,80557,15,,,1,100,,80553,15,,,1,100,,80561,15,,,1,100,,80560,15,,,1,100,,80563,15,,,1,99,,80562,15,,,1,100,,80564,15,,,1,100,,80566,15,,,1,100,,80567,15,,,1,100,,80568,15,,,1,100,,80569,15,,,1,99,,80570,15,,,1
3300,'Semaine-1',626,,80596,15,,,1,20,,80595,15,,,1,59,,80602,15,,,1,34,,80575,15,,,1,13,,80589,15,,,1,59,,80597,15,,,1,16,,80610,15,,,1,17,,80603,15,,,1,68,,80587,15,,,1,29,,80605,15,,,1,72,,80590,15,,,1,38,,80580,15,,,1,61,,80599,15,,,1,20,,80585,15,,,1,20,,80592,15,,,1,60,,80581,15,,,1,22,,80607,15,,,1,18,,80588,15,,,1,60,,80609,15,,,1,32,,80594,15,,,1,69,,80582,15,,,1,20,,80604,15,,,1,20,,80600,15,,,1,59,,80593,15,,,1,23,,80572,15,,,1,21,,80584,15,,,1,52,,80591,15,,,1,15,,80608,15,,,1,17,,80606,15,,,1,65,,80601,15,,,1,20,,80579,15,,,1,20,,80578,15,,,1,55,,80583,15,,,1,18,,80571,15,,,1,18,,80576,15,,,1,81,,80611,15,,,1,33,,80586,15,,,1,99,,80577,15,,,1,102,,80573,15,,,1,100,,80598,15,,,2,100,,80612,15,,,1,103,,80574,15,,,1
3300,'Semaine-12',626,,80638,15,,,1,20,,80637,15,,,1,59,,80644,15,,,1,34,,80617,15,,,1,13,,80631,15,,,1,59,,80639,15,,,1,16,,80652,15,,,1,17,,80645,15,,,1,68,,80629,15,,,1,29,,80647,15,,,1,72,,80632,15,,,1,38,,80622,15,,,1,61,,80641,15,,,1,20,,80627,15,,,1,20,,80634,15,,,1,60,,80623,15,,,1,22,,80649,15,,,1,18,,80630,15,,,1,60,,80651,15,,,1,32,,80636,15,,,1,69,,80624,15,,,1,20,,80646,15,,,1,20,,80642,15,,,1,59,,80635,15,,,1,23,,80614,15,,,1,21,,80626,15,,,1,52,,80633,15,,,1,15,,80650,15,,,1,17,,80648,15,,,1,65,,80643,15,,,1,20,,80621,15,,,1,20,,80620,15,,,1,55,,80625,15,,,1,18,,80613,15,,,1,18,,80618,15,,,1,81,,80653,15,,,1,33,,80628,15,,,1,99,,80619,15,,,1,102,,80615,15,,,1,100,,80640,15,,,2,100,,80654,15,,,1,103,,80616,15,,,1
73300,'Semaine-1',1620,,86877,12,,,1
73300,'Semaine-12',1620,,86878,12,,,1
82600,'Semaine-1',1521,,87121,2,0,9 12 13,1
82600,'Semaine-12',1521,,87123,2,0,9 12 13,1
82700,'Semaine-1',1521,,87128,2,0,9 12 13,2
82700,'Semaine-12',1521,,87129,2,0,9 12 13,2
83100,'Semaine-1',1521,,87145,2,0,9 12 13,1
83100,'Semaine-12',1521,,87147,2,0,9 12 13,1
83300,'Semaine-1',1522,,87153,2,0,9 12 13,1
83300,'Semaine-12',1522,,87155,2,0,9 12 13,1
