1801,'Semaine-1',607,,79953,4,,,1,45,,79955,4,,,2,85,,79954,4,,,1
1801,'Semaine-12',607,,79956,4,,,1,45,,79958,4,,,2,85,,79957,4,,,1
6801,'Semaine-1',607,,84171,4,,,1,20,,84184,4,,,1,18,,84155,4,,,1,59,,84168,4,,,1,6,,84182,4,,,1,7,,84162,4,,,1,6,,84167,4,,,1,22,,84173,4,,,1,58,,84185,4,,,1,20,,84161,4,,,1,20,,84180,4,,,1,59,,84178,4,,,1,20,,84183,4,,,1,28,,84156,4,,,1,72,,84176,4,,,1,30,,84157,4,,,1,70,,84159,4,,,1,30,,84179,4,,,1,70,,84163,4,,,1,30,,84181,4,,,1,70,,84175,4,,,1,30,,84164,4,,,1,70,,84174,4,,,1,29,,84165,4,,,1,74,,84160,4,,,1,31,,84158,4,,,1,66,,84172,4,,,1,30,,84166,4,,,1,70,,84177,4,,,1,30,,84170,4,,,1,70,,84169,4,,,1
6801,'Semaine-12',607,,84202,4,,,1,20,,84215,4,,,1,18,,84186,4,,,1,59,,84199,4,,,1,6,,84213,4,,,1,7,,84193,4,,,1,6,,84198,4,,,1,22,,84204,4,,,1,58,,84216,4,,,1,20,,84192,4,,,1,20,,84211,4,,,1,59,,84209,4,,,1,20,,84214,4,,,1,28,,84187,4,,,1,72,,84207,4,,,1,30,,84188,4,,,1,70,,84190,4,,,1,30,,84210,4,,,1,70,,84194,4,,,1,30,,84212,4,,,1,70,,84206,4,,,1,30,,84195,4,,,1,70,,84205,4,,,1,29,,84196,4,,,1,74,,84191,4,,,1,31,,84189,4,,,1,66,,84203,4,,,1,30,,84197,4,,,1,70,,84208,4,,,1,30,,84201,4,,,1,70,,84200,4,,,1
9301,'Semaine-1',625,,85514,42,,,2,20,,85512,42,,,1,62,,85511,42,,,1,34,,85515,42,,,1,70,,85513,42,,,2
9301,'Semaine-12',625,,85519,42,,,2,20,,85517,42,,,1,62,,85516,42,,,1,34,,85520,42,,,1,70,,85518,42,,,2
9501,'Semaine-1',618,,85547,55,,,1,15,,85543,55,,,1,13,,85545,55,,,1,59,,85550,55,,,1,16,,85546,55,,,2,17,,85548,55,,,2,14,,85549,55,,,2,56,,85544,55,,,2
9501,'Semaine-12',618,,85555,55,,,1,15,,85551,55,,,1,13,,85553,55,,,1,59,,85558,55,,,1,16,,85554,55,,,2,17,,85556,55,,,2,14,,85557,55,,,2,56,,85552,55,,,2
10001,'Semaine-1',608,,85741,4,,,1,10,,85739,4,,,1,10,,85738,4,,,1,10,,85737,4,,,1,9,,85740,4,,,1,11,,85742,4,,,1,50,,85743,4,,,1,10,,85744,4,,,1,9,,85745,4,,,1,11,,85746,4,,,1,14,,85747,4,,,1,50,,85748,4,,,1,10,,85749,4,,,1,8,,85750,4,,,1,10,,85751,4,,,1
10001,'Semaine-12',608,,85756,4,,,1,10,,85754,4,,,1,10,,85753,4,,,1,10,,85752,4,,,1,9,,85755,4,,,1,11,,85757,4,,,1,50,,85758,4,,,1,10,,85759,4,,,1,9,,85760,4,,,1,11,,85761,4,,,1,14,,85762,4,,,1,50,,85763,4,,,1,10,,85764,4,,,1,8,,85765,4,,,1,10,,85766,4,,,1
20001,'Semaine-1',609,,85828,2,,,1,6,,85829,4,,,1,6,,85830,2,,,1,6,,85831,4,,,1,3,,85832,2,,,1,5,,85854,4,,,1,9,,85833,2,,,1,2,,85834,4,,,1,6,,85851,2,,,1,5,,85835,4,,,1,47,,85850,2,,,1,5,,85837,4,,,1,5,,85846,2,,,1,3,,85836,2,,,1,3,,85827,4,,,1,3,,85853,2,,,1,3,,85842,2,,,1,3,,85838,4,,,1,4,,85840,2,,,1,3,,85852,2,,,1,5,,85839,4,,,1,7,,85843,2,,,1,3,,85841,4,,,1,2,,85845,2,,,1,47,,85844,4,,,1,8,,85855,2,,,1,6,,85847,4,,,1,5,,85848,2,,,1,5,,85849,4,,,1,6,,85856,2,,,1
20001,'Semaine-12',609,,85858,2,,,1,6,,85859,4,,,1,6,,85860,2,,,1,6,,85861,4,,,1,3,,85862,2,,,1,5,,85884,4,,,1,9,,85863,2,,,1,2,,85864,4,,,1,6,,85881,2,,,1,5,,85865,4,,,1,47,,85880,2,,,1,5,,85867,4,,,1,5,,85876,2,,,1,3,,85866,2,,,1,3,,85857,4,,,1,3,,85883,2,,,1,3,,85872,2,,,1,3,,85868,4,,,1,4,,85870,2,,,1,3,,85882,2,,,1,5,,85869,4,,,1,7,,85873,2,,,1,3,,85871,4,,,1,2,,85875,2,,,1,47,,85874,4,,,1,8,,85885,2,,,1,6,,85877,4,,,1,5,,85878,2,,,1,5,,85879,4,,,1,6,,85886,2,,,1
40001,'Samedi-1',618,,86419,4,,,1,15,,86422,4,,,1,15,,86424,4,,,1,55,,86420,4,,,1,15,,86421,4,,,1,15,,86423,4,,,1,15,,86429,4,,,1,55,,86436,4,,,1,15,,86427,4,,,1,14,,86447,4,,,1,15,,86425,4,,,1,54,,86426,4,,,1,15,,86435,4,,,1,15,,86428,4,,,1,15,,86430,4,,,1,55,,86438,4,,,1,15,,86439,4,,,1,15,,86440,4,,,1,15,,86446,4,,,1,55,,86445,4,,,1,15,,86449,4,,,1,15,,86432,4,,,1,15,,86431,4,,,1,55,,86434,4,,,1,15,,86437,4,,,1,15,,86433,4,,,1,15,,86442,4,,,1,55,,86444,4,,,1,15,,86450,4,,,1,15,,86441,4,,,1,15,,86443,4,,,1,55,,86448,4,,,1,15,,86451,4,,,1,15,,86452,4,,,1,15,,86453,4,,,1,55,,86454,4,,,1,15,,86455,4,,,1,15,,86456,4,,,1,15,,86457,4,,,1,55,,86458,4,,,1,16,,86459,4,,,1,14,,86460,4,,,1,15,,86461,4,,,1,55,,86462,4,,,1,15,,86463,4,,,1,15,,86464,4,,,1,15,,86465,4,,,1,55,,86468,4,,,1,15,,86466,4,,,1,16,,86467,4,,,1,16,,86470,4,,,1,55,,86469,4,,,1,15,,86474,4,,,1,15,,86472,4,,,1,15,,86473,4,,,1,55,,86471,4,,,1,15,,86475,4,,,1,15,,86477,4,,,1,15,,86478,4,,,1,55,,86479,4,,,1,15,,86476,4,,,1,15,,86482,4,,,1,15,,86481,4,,,1,55,,86480,4,,,1,15,,86483,4,,,1,15,,86484,4,,,1,15,,86485,4,,,1,55,,86486,4,,,1,15,,86488,4,,,1,15,,86487,4,,,1,15,,86490,4,,,1,55,,86489,4,,,1,15,,86491,4,,,1
40001,'Samedi-10',618,,78574,4,,,1,15,,78577,4,,,1,15,,78579,4,,,1,55,,78575,4,,,1,15,,78576,4,,,1,15,,78578,4,,,1,15,,78584,4,,,1,55,,78591,4,,,1,15,,78582,4,,,1,14,,78602,4,,,1,15,,78580,4,,,1,54,,78581,4,,,1,15,,78590,4,,,1,15,,78583,4,,,1,15,,78585,4,,,1,55,,78593,4,,,1,15,,78594,4,,,1,15,,78595,4,,,1,15,,78601,4,,,1,55,,78600,4,,,1,15,,78604,4,,,1,15,,78587,4,,,1,15,,78586,4,,,1,55,,78589,4,,,1,15,,78592,4,,,1,15,,78588,4,,,1,15,,78597,4,,,1,55,,78599,4,,,1,15,,78605,4,,,1,15,,78596,4,,,1,15,,78598,4,,,1,55,,78603,4,,,1,15,,78606,4,,,1,15,,78607,4,,,1,15,,78608,4,,,1,55,,78609,4,,,1,15,,78610,4,,,1,15,,78611,4,,,1,15,,78612,4,,,1,55,,78613,4,,,1,16,,78614,4,,,1,14,,78615,4,,,1,15,,78616,4,,,1,55,,78617,4,,,1,15,,78618,4,,,1,15,,78619,4,,,1,15,,78620,4,,,1,55,,78623,4,,,1,15,,78621,4,,,1,16,,78622,4,,,1,16,,78625,4,,,1,55,,78624,4,,,1,15,,78629,4,,,1,15,,78627,4,,,1,15,,78628,4,,,1,55,,78626,4,,,1,15,,78630,4,,,1,15,,78632,4,,,1,15,,78633,4,,,1,55,,78634,4,,,1,15,,78631,4,,,1,15,,78637,4,,,1,15,,78636,4,,,1,55,,78635,4,,,1,15,,78638,4,,,1,15,,78639,4,,,1,15,,78640,4,,,1,55,,78641,4,,,1,15,,78643,4,,,1,15,,78642,4,,,1,15,,78645,4,,,1,55,,78644,4,,,1,15,,78646,4,,,1
40001,'Dimanche-1',618,,86492,4,,,1,15,,86499,4,,,1,15,,86500,4,,,1,55,,86494,4,,,1,15,,86493,4,,,1,15,,86498,4,,,1,15,,86509,4,,,1,55,,86512,4,,,1,15,,86495,4,,,1,14,,86504,4,,,1,15,,86501,4,,,1,54,,86518,4,,,1,15,,86521,4,,,1,15,,86502,4,,,1,15,,86510,4,,,1,55,,86525,4,,,1,15,,86514,4,,,1,15,,86530,4,,,1,15,,86503,4,,,1,55,,86519,4,,,1,15,,86520,4,,,1,15,,86515,4,,,1,15,,86531,4,,,1,55,,86524,4,,,1,15,,86505,4,,,1,15,,86513,4,,,1,15,,86507,4,,,1,55,,86517,4,,,1,15,,86526,4,,,1,15,,86511,4,,,1,15,,86506,4,,,1,55,,86523,4,,,1,15,,86496,4,,,1,15,,86528,4,,,1,15,,86497,4,,,1,55,,86516,4,,,1,15,,86527,4,,,1,15,,86508,4,,,1,15,,86536,4,,,1,55,,86522,4,,,1,16,,86539,4,,,1,14,,86529,4,,,1,15,,86543,4,,,1,55,,86537,4,,,1,15,,86545,4,,,1,15,,86541,4,,,1,15,,86547,4,,,1,55,,86532,4,,,1,15,,86538,4,,,1,16,,86533,4,,,1,16,,86542,4,,,1,55,,86535,4,,,1,15,,86544,4,,,1,15,,86540,4,,,1,15,,86546,4,,,1,55,,86534,4,,,1,15,,86548,4,,,1,15,,86550,4,,,1,15,,86549,4,,,1,55,,86552,4,,,1,15,,86551,4,,,1,15,,86553,4,,,1,15,,86554,4,,,1,55,,86555,4,,,1,15,,86556,4,,,1,15,,86557,4,,,1,15,,86558,4,,,1,55,,86559,4,,,1,15,,86560,4,,,1,15,,86561,4,,,1,15,,86562,4,,,1,55,,86563,4,,,1,15,,86564,4,,,1
40001,'Semaine-1',451,,86635,4,,,1,50,,86636,4,,,1,10,,86637,4,,,1,10,,86638,4,,,1,10,,86639,4,,,1,10,,86640,4,,,1,5,,86641,4,,,1,5,,86642,4,,,1,4,,86643,4,,,1,46,,86649,4,,,1,230,,86644,4,,,1,9,,86645,2,,,1,6,,86646,4,,,1,10,,86647,4,,,1,51,,86648,4,,,1,10,,86594,4,,,1,9,,86579,4,,,1,11,,86604,4,,,1,11,,86605,4,,,1,9,,86651,4,,,1,50,,86569,4,,,1,10,,86652,4,,,1,10,,86567,4,,,1,10,,86601,4,,,1,10,,86621,4,,,1,10,,86588,4,,,1,50,,86596,4,,,1,10,,86593,4,,,1,10,,86571,4,,,1,10,,86632,4,,,1,10,,86606,4,,,1,10,,86618,4,,,1,50,,86570,4,,,1,10,,86580,4,,,1,10,,86573,4,,,1,10,,86589,4,,,1,10,,86622,4,,,1,10,,86603,4,,,1,50,,86597,4,,,1,10,,86592,4,,,1,10,,86585,4,,,1,9,,86628,4,,,1,10,,86607,4,,,1,10,,86619,4,,,1,50,,86634,4,,,1,10,,86582,4,,,1,10,,86565,4,,,1,10,,86624,4,,,1,10,,86623,4,,,1,10,,86608,4,,,1,49,,86598,4,,,1,12,,86575,4,,,1,12,,86626,4,,,1,13,,86633,4,,,1,12,,86620,4,,,1,53,,86655,4,,,1,10,,86600,4,,,1,12,,86629,4,,,1,12,,86653,4,,,1,12,,86613,4,,,1,53,,86591,4,,,1,11,,86576,4,,,1,12,,86581,4,,,1,12,,86654,4,,,1,12,,86583,4,,,1,52,,86609,4,,,1,12,,86599,4,,,1,12,,86630,4,,,1,12,,86616,4,,,1,12,,86595,4,,,1,50,,86577,4,,,1,14,,86617,4,,,1,12,,86657,4,,,1,12,,86656,4,,,1,12,,86584,4,,,1,52,,86610,4,,,1,12,,86587,4,,,1,12,,86631,4,,,1,12,,86614,4,,,1,15,,86572,4,,,1,53,,86658,4,,,1,17,,86578,4,,,1,15,,86574,4,,,1,15,,86625,4,,,1,53,,86611,4,,,1,15,,86586,4,,,1,15,,86615,4,,,1,15,,86627,4,,,1,55,,86568,4,,,1,15,,86566,4,,,1,15,,86602,4,,,1,70,,86612,4,,,1
40001,'Semaine-12',451,,86729,4,,,1,50,,86730,4,,,1,10,,86731,4,,,1,10,,86732,4,,,1,10,,86733,4,,,1,10,,86734,4,,,1,5,,86735,4,,,1,5,,86736,4,,,1,4,,86737,4,,,1,46,,86743,4,,,1,230,,86738,4,,,1,9,,86739,2,,,1,6,,86740,4,,,1,10,,86741,4,,,1,51,,86742,4,,,1,10,,86688,4,,,1,9,,86673,4,,,1,11,,86698,4,,,1,11,,86699,4,,,1,9,,86745,4,,,1,50,,86663,4,,,1,10,,86746,4,,,1,10,,86661,4,,,1,10,,86695,4,,,1,10,,86715,4,,,1,10,,86682,4,,,1,50,,86690,4,,,1,10,,86687,4,,,1,10,,86665,4,,,1,10,,86726,4,,,1,10,,86700,4,,,1,10,,86712,4,,,1,50,,86664,4,,,1,10,,86674,4,,,1,10,,86667,4,,,1,10,,86683,4,,,1,10,,86716,4,,,1,10,,86697,4,,,1,50,,86691,4,,,1,10,,86686,4,,,1,10,,86679,4,,,1,9,,86722,4,,,1,10,,86701,4,,,1,10,,86713,4,,,1,50,,86728,4,,,1,10,,86676,4,,,1,10,,86659,4,,,1,10,,86718,4,,,1,10,,86717,4,,,1,10,,86702,4,,,1,49,,86692,4,,,1,12,,86669,4,,,1,12,,86720,4,,,1,13,,86727,4,,,1,12,,86714,4,,,1,53,,86749,4,,,1,10,,86694,4,,,1,12,,86723,4,,,1,12,,86747,4,,,1,12,,86707,4,,,1,53,,86685,4,,,1,11,,86670,4,,,1,12,,86675,4,,,1,12,,86748,4,,,1,12,,86677,4,,,1,52,,86703,4,,,1,12,,86693,4,,,1,12,,86724,4,,,1,12,,86710,4,,,1,12,,86689,4,,,1,50,,86671,4,,,1,14,,86711,4,,,1,12,,86751,4,,,1,12,,86750,4,,,1,12,,86678,4,,,1,52,,86704,4,,,1,12,,86681,4,,,1,12,,86725,4,,,1,12,,86708,4,,,1,15,,86666,4,,,1,53,,86752,4,,,1,17,,86672,4,,,1,15,,86668,4,,,1,15,,86719,4,,,1,53,,86705,4,,,1,15,,86680,4,,,1,15,,86709,4,,,1,15,,86721,4,,,1,55,,86662,4,,,1,15,,86660,4,,,1,15,,86696,4,,,1,70,,86706,4,,,1
80001,'Samedi-1',601,,87007,4,,,1,101,,87009,4,,,1,100,,87010,4,,,1,100,,87013,4,,,1,100,,87008,4,,,1,100,,87011,4,,,1,100,,87014,4,,,1,100,,87012,4,,,1,100,,87015,4,,,1,100,,87016,4,,,1,100,,87017,4,,,2,100,,87018,4,,,1,100,,87021,4,,,1,100,,87019,4,,,1,100,,87020,4,,,1,100,,87022,4,,,1,100,,87023,4,,,1
80001,'Samedi-10',601,,79670,4,,,1,101,,79672,4,,,1,100,,79673,4,,,1,100,,79676,4,,,1,100,,79671,4,,,1,100,,79674,4,,,1,100,,79677,4,,,1,100,,79675,4,,,1,100,,79678,4,,,1,100,,79679,4,,,1,100,,79680,4,,,2,100,,79681,4,,,1,100,,79684,4,,,1,100,,79682,4,,,1,100,,79683,4,,,1,100,,79685,4,,,1,100,,79686,4,,,1
80001,'Dimanche-1',601,,87024,4,,,1,101,,87026,4,,,1,100,,87028,4,,,1,100,,87025,4,,,1,100,,87027,4,,,1,100,,87029,4,,,1,100,,87030,4,,,1,100,,87031,4,,,1,100,,87034,4,,,1,100,,87032,4,,,1,100,,87033,4,,,2,100,,87036,4,,,1,100,,87037,4,,,1,100,,87035,4,,,1,100,,87038,4,,,1,100,,87039,4,,,1,100,,87040,4,,,1
80001,'Semaine-1',551,,87062,4,,,1,68,,87055,4,,,1,30,,87063,4,,,1,68,,87047,4,,,1,36,,87045,4,,,1,69,,87052,4,,,1,27,,87058,4,,,1,70,,87070,4,,,1,30,,87061,4,,,2,70,,87053,4,,,1,30,,87067,4,,,1,70,,87041,4,,,1,29,,87075,4,,,1,70,,87073,4,,,1,34,,87043,4,,,1,70,,87066,4,,,1,29,,87057,4,,,1,70,,87064,4,,,1,31,,87074,4,,,1,67,,87059,4,,,1,17,,87069,4,,,1,22,,87071,4,,,1,64,,87068,4,,,1,27,,87060,4,,,1,70,,87050,4,,,1,33,,87048,4,,,1,67,,87042,4,,,1,29,,87072,4,,,1,74,,87054,4,,,1,27,,87051,4,,,1,70,,87056,4,,,1,29,,87044,4,,,1,70,,87065,4,,,1,34,,87046,4,,,1,72,,87049,4,,,1
80001,'Semaine-12',551,,87097,4,,,1,68,,87090,4,,,1,30,,87098,4,,,1,68,,87082,4,,,1,36,,87080,4,,,1,69,,87087,4,,,1,27,,87093,4,,,1,70,,87105,4,,,1,30,,87096,4,,,2,70,,87088,4,,,1,30,,87102,4,,,1,70,,87076,4,,,1,29,,87110,4,,,1,70,,87108,4,,,1,34,,87078,4,,,1,70,,87101,4,,,1,29,,87092,4,,,1,70,,87099,4,,,1,31,,87109,4,,,1,67,,87094,4,,,1,17,,87104,4,,,1,22,,87106,4,,,1,64,,87103,4,,,1,27,,87095,4,,,1,70,,87085,4,,,1,33,,87083,4,,,1,67,,87077,4,,,1,29,,87107,4,,,1,74,,87089,4,,,1,27,,87086,4,,,1,70,,87091,4,,,1,29,,87079,4,,,1,70,,87100,4,,,1,34,,87081,4,,,1,72,,87084,4,,,1
80401,'Semaine-12',1702,,87111,3,,,1
