2501,'Semaine-1',557,,80009,9,,,2,69,,80008,9,,,1,30,,80006,9,,,1,70,,80007,9,,,2,31,,80010,9,,,1,69,,80005,9,,,2
2501,'Semaine-12',557,,80015,9,,,2,69,,80014,9,,,1,30,,80012,9,,,1,70,,80013,9,,,2,31,,80016,9,,,1,69,,80011,9,,,2
32501,'Semaine-1',811,,85899,9,0,7 8,1,3,,85900,9,0,7 8,1
32501,'Semaine-12',811,,85901,9,0,7 8,1,3,,85902,9,0,7 8,1
42500,'Semaine-1',659,,86753,9,0,9 14,1,42,,86754,9,0,9 14,2
42500,'Semaine-12',659,,86755,9,0,9 14,1,42,,86756,9,0,9 14,2
72501,'Semaine-1',807,,86869,9,0,5 11,2
72501,'Semaine-12',807,,86870,9,0,5 11,2
82501,'Semaine-1',740,,87116,9,0,9 12 13,1,1,,87117,9,0,9 12 13,1
82501,'Semaine-12',740,,87118,9,0,9 12 13,1,1,,87119,9,0,9 12 13,1
