6300,'Samedi-1',1101,,83189,28,,,1,100,,83191,28,,,1,100,,83192,28,,,1,100,,83190,28,,,1,100,,83193,28,,,1,100,,83194,28,,,1,100,,83195,28,,,1,100,,83196,28,,,1
6300,'Samedi-10',1101,,72227,28,,,1,100,,72229,28,,,1,100,,72230,28,,,1,100,,72228,28,,,1,100,,72231,28,,,1,100,,72232,28,,,1,100,,72233,28,,,1,100,,72234,28,,,1
6300,'Dimanche-1',1101,,83198,28,,,1,100,,83201,28,,,1,100,,83200,28,,,1,100,,83197,28,,,1,100,,83202,28,,,1,100,,83199,28,,,1,100,,83203,28,,,1,100,,83204,28,,,1
6300,'Semaine-1',634,,83206,28,,,1,100,,83205,28,,,1,70,,83207,28,,,1,30,,83208,28,,,1,70,,83209,28,,,1,100,,83210,28,,,1,100,,83219,28,,,1,100,,83215,28,,,1,100,,83216,28,,,1,100,,83220,28,,,1,101,,83217,28,,,1,31,,83211,28,,,2,70,,83218,28,,,1,31,,83221,28,,,2,66,,83214,28,,,2,30,,83212,28,,,1,70,,83213,28,,,1,30,,83224,28,,,2,100,,83223,28,,,2,100,,83225,28,,,1,100,,83222,28,,,1
6300,'Semaine-12',634,,83227,28,,,1,100,,83226,28,,,1,70,,83228,28,,,1,30,,83229,28,,,1,70,,83230,28,,,1,100,,83231,28,,,1,100,,83240,28,,,1,100,,83236,28,,,1,100,,83237,28,,,1,100,,83241,28,,,1,101,,83238,28,,,1,31,,83232,28,,,2,70,,83239,28,,,1,31,,83242,28,,,2,66,,83235,28,,,2,30,,83233,28,,,1,70,,83234,28,,,1,30,,83245,28,,,2,100,,83244,28,,,2,100,,83246,28,,,1,100,,83243,28,,,1
6700,'Samedi-1',735,,83839,40,,,1,102,,83838,40,,,1,100,,83837,40,,,1,71,,83833,40,,,1,30,,83841,40,,,1,70,,83834,40,,,1,30,,83835,40,,,1,72,,83840,40,,,1,30,,83845,40,,,1,70,,83836,40,,,1,29,,83844,40,,,1,71,,83842,40,,,1,30,,83843,40,,,1,72,,83846,40,,,1,30,,83847,40,,,1,70,,83848,40,,,1,30,,83849,40,,,1,69,,83850,40,,,1,30,,83851,40,,,1,69,,83852,40,,,1,30,,83853,40,,,1,70,,83854,40,,,1,28,,83855,40,,,1,70,,83856,40,,,1,99,,83860,40,,,1,101,,83857,40,,,1,99,,83858,40,,,1,99,,83859,40,,,1
6700,'Samedi-10',735,,73543,40,,,1,102,,73542,40,,,1,100,,73541,40,,,1,71,,73537,40,,,1,30,,73545,40,,,1,70,,73538,40,,,1,30,,73539,40,,,1,72,,73544,40,,,1,30,,73549,40,,,1,70,,73540,40,,,1,29,,73548,40,,,1,71,,73546,40,,,1,30,,73547,40,,,1,72,,73550,40,,,1,30,,73551,40,,,1,70,,73552,40,,,1,30,,73553,40,,,1,69,,73554,40,,,1,30,,73555,40,,,1,69,,73556,40,,,1,30,,73557,40,,,1,70,,73558,40,,,1,28,,73559,40,,,1,70,,73560,40,,,1,99,,73564,40,,,1,101,,73561,40,,,1,99,,73562,40,,,1,99,,73563,40,,,1
6700,'Dimanche-1',735,,83867,40,,,1,102,,83863,40,,,1,100,,83862,40,,,1,71,,83868,40,,,1,30,,83871,40,,,1,70,,83873,40,,,1,30,,83877,40,,,1,72,,83876,40,,,1,30,,83861,40,,,1,70,,83865,40,,,1,29,,83864,40,,,1,71,,83869,40,,,1,30,,83874,40,,,1,72,,83875,40,,,1,30,,83870,40,,,1,70,,83866,40,,,1,30,,83872,40,,,1,69,,83881,40,,,1,30,,83878,40,,,1,69,,83883,40,,,1,30,,83884,40,,,1,70,,83879,40,,,1,28,,83882,40,,,1,70,,83880,40,,,1,99,,83885,40,,,1,101,,83886,40,,,1,99,,83887,40,,,1,99,,83888,40,,,1
6700,'Semaine-1',637,,83897,40,,,1,70,,83891,40,,,1,34,,83899,40,,,1,60,,83908,40,,,1,21,,83892,40,,,1,18,,83917,40,,,1,69,,83902,40,,,1,28,,83910,40,,,1,20,,83900,40,,,1,59,,83920,40,,,1,20,,83918,40,,,1,21,,83905,40,,,2,60,,83921,40,,,1,20,,83911,40,,,1,20,,83914,40,,,1,60,,83922,40,,,1,20,,83919,40,,,1,20,,83906,40,,,1,60,,83923,40,,,1,20,,83912,40,,,1,20,,83915,40,,,1,60,,83924,40,,,1,22,,83904,40,,,1,20,,83907,40,,,1,63,,83925,40,,,1,325,,83927,40,,,1,55,,83901,40,,,1,15,,83926,40,,,1,19,,83909,40,,,1,70,,83889,40,,,1,32,,83913,40,,,1,68,,83893,40,,,2,30,,83916,40,,,2,70,,83890,40,,,1,29,,83898,40,,,1,70,,83894,40,,,2,31,,83903,40,,,1,65,,83896,40,,,1,29,,83895,40,,,2
6700,'Semaine-12',637,,83936,40,,,1,70,,83930,40,,,1,34,,83938,40,,,1,60,,83947,40,,,1,21,,83931,40,,,1,18,,83956,40,,,1,69,,83941,40,,,1,28,,83949,40,,,1,20,,83939,40,,,1,59,,83959,40,,,1,20,,83957,40,,,1,21,,83944,40,,,2,60,,83960,40,,,1,20,,83950,40,,,1,20,,83953,40,,,1,60,,83961,40,,,1,20,,83958,40,,,1,20,,83945,40,,,1,60,,83962,40,,,1,20,,83951,40,,,1,20,,83954,40,,,1,60,,83963,40,,,1,22,,83943,40,,,1,20,,83946,40,,,1,63,,83964,40,,,1,325,,83966,40,,,1,55,,83940,40,,,1,15,,83965,40,,,1,19,,83948,40,,,1,70,,83928,40,,,1,32,,83952,40,,,1,68,,83932,40,,,2,30,,83955,40,,,2,70,,83929,40,,,1,29,,83937,40,,,1,70,,83933,40,,,2,31,,83942,40,,,1,65,,83935,40,,,1,29,,83934,40,,,2
8700,'Semaine-1',1543,,85460,38,,,1,16,,85459,38,,,2,55,,85452,38,,,1,15,,85454,38,,,2,15,,85451,38,,,1,58,,85461,38,,,1,12,,85457,38,,,1,13,,85458,38,,,2,19,,85453,38,,,1,57,,85456,38,,,1,19,,85455,38,,,1
8700,'Semaine-12',1543,,85471,38,,,1,16,,85470,38,,,2,55,,85463,38,,,1,15,,85465,38,,,2,15,,85462,38,,,1,58,,85472,38,,,1,12,,85468,38,,,1,13,,85469,38,,,2,19,,85464,38,,,1,57,,85467,38,,,1,19,,85466,38,,,1
