2800,'Semaine-1',1619,,80055,43,,,1,82,,80056,43,,,1,49,,80057,43,,,1
2800,'Semaine-12',1619,,80058,43,,,1,82,,80059,43,,,1,49,,80060,43,,,1
3900,'Samedi-1',650,,81669,21,,,1,101,,81670,21,,,1,100,,81674,21,,,1,101,,81673,21,,,1,100,,81676,21,,,1,100,,81675,21,,,1,102,,81671,21,,,1,70,,81672,21,,,1,30,,81677,21,,,1,71,,81678,21,,,1,30,,81679,21,,,1,70,,81680,21,,,1,31,,81681,21,,,1,70,,81682,21,,,1,30,,81683,21,,,1,70,,81684,21,,,1,30,,81685,21,,,1,69,,81686,21,,,1,29,,81687,21,,,1,68,,81688,21,,,1,100,,81689,21,,,1,100,,81690,21,,,1,100,,81691,21,,,1,100,,81692,21,,,1
3900,'Samedi-10',650,,69204,21,,,1,101,,69205,21,,,1,100,,69209,21,,,1,101,,69208,21,,,1,100,,69211,21,,,1,100,,69210,21,,,1,102,,69206,21,,,1,70,,69207,21,,,1,30,,69212,21,,,1,71,,69213,21,,,1,30,,69214,21,,,1,70,,69215,21,,,1,31,,69216,21,,,1,70,,69217,21,,,1,30,,69218,21,,,1,70,,69219,21,,,1,30,,69220,21,,,1,69,,69221,21,,,1,29,,69222,21,,,1,68,,69223,21,,,1,100,,69224,21,,,1,100,,69225,21,,,1,100,,69226,21,,,1,100,,69227,21,,,1
3900,'Dimanche-1',650,,81693,21,,,1,101,,81700,21,,,1,100,,81703,21,,,1,101,,81696,21,,,1,100,,81698,21,,,1,100,,81699,21,,,1,102,,81702,21,,,1,70,,81695,21,,,1,30,,81697,21,,,1,71,,81704,21,,,1,30,,81694,21,,,1,70,,81705,21,,,1,31,,81701,21,,,1,70,,81708,21,,,1,30,,81711,21,,,1,70,,81713,21,,,1,30,,81707,21,,,1,69,,81710,21,,,1,29,,81712,21,,,1,68,,81706,21,,,1,100,,81709,21,,,1,100,,81714,21,,,1,100,,81715,21,,,1,100,,81716,21,,,1
3900,'Semaine-1',626,,81734,21,,,1,22,,81720,21,,,1,72,,81739,21,,,1,29,,81732,21,,,1,74,,81733,21,,,1,32,,81731,21,,,1,72,,81728,21,,,1,30,,81745,21,,,2,70,,81740,21,,,1,31,,81752,21,,,1,70,,81737,21,,,2,30,,81741,21,,,1,70,,81729,21,,,1,31,,81727,21,,,1,70,,81742,21,,,1,29,,81730,21,,,2,70,,81717,21,,,1,73,,81743,21,,,1,34,,81724,21,,,1,69,,81726,21,,,1,31,,81744,21,,,2,72,,81723,21,,,1,28,,81718,21,,,1,69,,81746,21,,,1,28,,81725,21,,,1,71,,81719,21,,,2,29,,81747,21,,,2,72,,81722,21,,,1,25,,81738,21,,,2,26,,81748,21,,,1,70,,81721,21,,,1,30,,81736,21,,,1,69,,81749,21,,,1,30,,81735,21,,,1,72,,81751,21,,,1,28,,81750,21,,,1
3900,'Semaine-12',626,,81770,21,,,1,22,,81756,21,,,1,72,,81775,21,,,1,29,,81768,21,,,1,74,,81769,21,,,1,32,,81767,21,,,1,72,,81764,21,,,1,30,,81781,21,,,2,70,,81776,21,,,1,31,,81788,21,,,1,70,,81773,21,,,2,30,,81777,21,,,1,70,,81765,21,,,1,31,,81763,21,,,1,70,,81778,21,,,1,29,,81766,21,,,2,70,,81753,21,,,1,73,,81779,21,,,1,34,,81760,21,,,1,69,,81762,21,,,1,31,,81780,21,,,2,72,,81759,21,,,1,28,,81754,21,,,1,69,,81782,21,,,1,28,,81761,21,,,1,71,,81755,21,,,2,29,,81783,21,,,2,72,,81758,21,,,1,25,,81774,21,,,2,26,,81784,21,,,1,70,,81757,21,,,1,30,,81772,21,,,1,69,,81785,21,,,1,30,,81771,21,,,1,72,,81787,21,,,1,28,,81786,21,,,1
5000,'Semaine-1',700,,82216,37,,,1,22,,82214,37,,,1,8,,82215,16,,,2,25,,82217,37,,,2,70,,82213,37,,,1,106,,82218,37,,,1
5000,'Semaine-12',700,,82222,37,,,1,22,,82220,37,,,1,8,,82221,16,,,2,25,,82223,37,,,2,70,,82219,37,,,1,106,,82224,37,,,1
55000,'Semaine-1',716,,86799,37,0,5 6,1,2,,86800,37,0,5 6,1
55000,'Semaine-12',716,,86801,37,0,5 6,1,2,,86802,37,0,5 6,1
63900,'Semaine-1',1527,,86833,34,0,9 10,1
63900,'Semaine-12',1527,,86834,34,0,9 10,1
