3100,'Samedi-1',706,,80085,9,,,1,105,,80086,9,,,1,101,,80087,9,,,1,101,,80088,9,,,1,102,,80089,9,,,1,100,,80090,9,,,1,101,,80091,9,,,1,100,,80092,9,,,1,100,,80093,9,,,1,102,,80094,9,,,1,100,,80095,9,,,1,100,,80096,9,,,1,95,,80097,9,,,1,100,,80098,9,,,1,100,,80099,9,,,1,100,,80100,9,,,1,101,,80101,9,,,1,100,,80102,9,,,1,100,,80103,9,,,1
3100,'Samedi-10',706,,66103,9,,,1,105,,66104,9,,,1,101,,66105,9,,,1,101,,66106,9,,,1,102,,66107,9,,,1,100,,66108,9,,,1,101,,66109,9,,,1,100,,66110,9,,,1,100,,66111,9,,,1,102,,66112,9,,,1,100,,66113,9,,,1,100,,66114,9,,,1,95,,66115,9,,,1,100,,66116,9,,,1,100,,66117,9,,,1,100,,66118,9,,,1,101,,66119,9,,,1,100,,66120,9,,,1,100,,66121,9,,,1
3100,'Dimanche-1',706,,80108,9,,,1,105,,80110,9,,,1,101,,80109,9,,,1,101,,80117,9,,,1,102,,80112,9,,,1,100,,80104,9,,,1,101,,80107,9,,,1,100,,80106,9,,,1,100,,80105,9,,,1,102,,80111,9,,,1,100,,80113,9,,,1,100,,80114,9,,,1,95,,80116,9,,,1,100,,80115,9,,,1,100,,80118,9,,,1,100,,80119,9,,,1,101,,80120,9,,,1,100,,80121,9,,,1,100,,80122,9,,,1
3100,'Semaine-1',613,,80127,9,,,1,42,,80160,9,,,1,61,,80140,9,,,1,21,,80128,9,,,1,15,,80165,9,,,1,61,,80162,9,,,1,21,,80124,9,,,1,18,,80137,9,,,1,63,,80138,9,,,1,9,,80129,9,,,1,24,,80131,9,,,1,60,,80148,9,,,1,27,,80149,9,,,1,71,,80130,9,,,1,30,,80135,9,,,1,70,,80154,9,,,1,30,,80151,9,,,1,17,,80132,9,,,1,53,,80125,9,,,1,19,,80159,9,,,1,20,,80163,9,,,1,58,,80150,9,,,1,29,,80133,9,,,1,21,,80153,9,,,1,49,,80155,9,,,1,35,,80161,9,,,1,64,,80152,9,,,1,18,,80134,9,,,1,19,,80145,9,,,1,63,,80147,9,,,1,22,,80136,9,,,1,17,,80123,9,,,1,15,,80126,9,,,1,51,,80157,9,,,1,29,,80164,9,,,1,12,,80142,9,,,1,60,,80158,9,,,1,106,,80143,9,,,1,100,,80139,9,,,1,100,,80144,9,,,1,100,,80146,9,,,1,100,,80156,9,,,1,100,,80141,9,,,1
3100,'Semaine-12',613,,80170,9,,,1,42,,80203,9,,,1,61,,80183,9,,,1,21,,80171,9,,,1,15,,80208,9,,,1,61,,80205,9,,,1,21,,80167,9,,,1,18,,80180,9,,,1,63,,80181,9,,,1,9,,80172,9,,,1,24,,80174,9,,,1,60,,80191,9,,,1,27,,80192,9,,,1,71,,80173,9,,,1,30,,80178,9,,,1,70,,80197,9,,,1,30,,80194,9,,,1,17,,80175,9,,,1,53,,80168,9,,,1,19,,80202,9,,,1,20,,80206,9,,,1,58,,80193,9,,,1,29,,80176,9,,,1,21,,80196,9,,,1,49,,80198,9,,,1,35,,80204,9,,,1,64,,80195,9,,,1,18,,80177,9,,,1,19,,80188,9,,,1,63,,80190,9,,,1,22,,80179,9,,,1,17,,80166,9,,,1,15,,80169,9,,,1,51,,80200,9,,,1,29,,80207,9,,,1,12,,80185,9,,,1,60,,80201,9,,,1,106,,80186,9,,,1,100,,80182,9,,,1,100,,80187,9,,,1,100,,80189,9,,,1,100,,80199,9,,,1,100,,80184,9,,,1
3501,'Semaine-1',601,,81121,30,,,1,41,,81099,31,,,2,61,,81129,31,,,1,24,,81130,42,,,1,14,,81118,31,,,1,61,,81123,42,,,1,19,,81102,31,,,1,24,,81119,31,,,1,62,,81124,31,,,1,29,,81106,30,,,1,68,,81108,30,,,1,33,,81101,30,,,1,68,,81105,30,,,1,30,,81114,30,,,2,72,,81100,30,,,1,30,,81112,30,,,1,70,,81113,30,,,2,30,,81116,30,,,1,70,,81104,30,,,2,30,,81125,30,,,2,70,,81115,30,,,1,36,,81103,30,,,1,71,,81127,30,,,1,28,,81122,30,,,1,71,,81107,30,,,1,26,,81110,30,,,1,68,,81128,30,,,1,28,,81117,30,,,1,100,,81111,30,,,1,100,,81109,30,,,1,100,,81126,30,,,1,100,,81120,30,,,1
3501,'Semaine-12',601,,81153,30,,,1,41,,81131,31,,,2,61,,81161,31,,,1,24,,81162,42,,,1,14,,81150,31,,,1,61,,81155,42,,,1,19,,81134,31,,,1,24,,81151,31,,,1,62,,81156,31,,,1,29,,81138,30,,,1,68,,81140,30,,,1,33,,81133,30,,,1,68,,81137,30,,,1,30,,81146,30,,,2,72,,81132,30,,,1,30,,81144,30,,,1,70,,81145,30,,,2,30,,81148,30,,,1,70,,81136,30,,,2,30,,81157,30,,,2,70,,81147,30,,,1,36,,81135,30,,,1,71,,81159,30,,,1,28,,81154,30,,,1,71,,81139,30,,,1,26,,81142,30,,,1,68,,81160,30,,,1,28,,81149,30,,,1,100,,81143,30,,,1,100,,81141,30,,,1,100,,81158,30,,,1,100,,81152,30,,,1
6700,'Samedi-1',714,,83839,9,,,1,101,,83838,9,,,1,100,,83837,9,,,1,30,,83833,9,,,1,70,,83841,9,,,1,30,,83834,9,,,1,70,,83835,9,,,1,31,,83840,9,,,1,70,,83845,9,,,1,30,,83836,9,,,1,69,,83844,9,,,1,31,,83842,9,,,1,70,,83843,9,,,1,30,,83846,9,,,1,70,,83847,9,,,1,30,,83848,9,,,1,70,,83849,9,,,1,30,,83850,9,,,1,70,,83851,9,,,1,30,,83852,9,,,1,70,,83853,9,,,1,29,,83854,9,,,1,70,,83855,9,,,1,30,,83856,9,,,1,100,,83860,9,,,1,100,,83857,9,,,1,100,,83858,9,,,1,99,,83859,9,,,1
6700,'Samedi-10',714,,73543,9,,,1,101,,73542,9,,,1,100,,73541,9,,,1,30,,73537,9,,,1,70,,73545,9,,,1,30,,73538,9,,,1,70,,73539,9,,,1,31,,73544,9,,,1,70,,73549,9,,,1,30,,73540,9,,,1,69,,73548,9,,,1,31,,73546,9,,,1,70,,73547,9,,,1,30,,73550,9,,,1,70,,73551,9,,,1,30,,73552,9,,,1,70,,73553,9,,,1,30,,73554,9,,,1,70,,73555,9,,,1,30,,73556,9,,,1,70,,73557,9,,,1,29,,73558,9,,,1,70,,73559,9,,,1,30,,73560,9,,,1,100,,73564,9,,,1,100,,73561,9,,,1,100,,73562,9,,,1,99,,73563,9,,,1
6700,'Dimanche-1',714,,83867,9,,,1,101,,83863,9,,,1,100,,83862,9,,,1,30,,83868,9,,,1,70,,83871,9,,,1,30,,83873,9,,,1,70,,83877,9,,,1,31,,83876,9,,,1,70,,83861,9,,,1,30,,83865,9,,,1,69,,83864,9,,,1,31,,83869,9,,,1,70,,83874,9,,,1,30,,83875,9,,,1,70,,83870,9,,,1,30,,83866,9,,,1,70,,83872,9,,,1,30,,83881,9,,,1,70,,83878,9,,,1,30,,83883,9,,,1,70,,83884,9,,,1,29,,83879,9,,,1,70,,83882,9,,,1,30,,83880,9,,,1,100,,83885,9,,,1,100,,83886,9,,,1,100,,83887,9,,,1,99,,83888,9,,,1
6700,'Semaine-1',613,,83897,9,,,1,31,,83891,9,,,1,70,,83899,9,,,1,23,,83908,9,,,1,21,,83892,9,,,1,58,,83917,9,,,1,29,,83902,9,,,1,70,,83910,9,,,1,20,,83900,9,,,1,18,,83920,9,,,1,60,,83918,9,,,1,21,,83905,9,,,2,20,,83921,9,,,1,60,,83911,9,,,1,20,,83914,9,,,1,20,,83922,9,,,1,60,,83919,9,,,1,20,,83906,9,,,1,20,,83923,9,,,1,60,,83912,9,,,1,20,,83915,9,,,1,20,,83924,9,,,1,60,,83904,9,,,1,20,,83907,9,,,1,21,,83925,9,,,1,365,,83927,9,,,1,15,,83901,9,,,1,19,,83926,9,,,1,59,,83909,9,,,1,30,,83889,9,,,1,72,,83913,9,,,1,28,,83893,9,,,2,70,,83916,9,,,2,30,,83890,9,,,1,70,,83898,9,,,1,30,,83894,9,,,2,72,,83903,9,,,1,27,,83896,9,,,1,69,,83895,9,,,2
6700,'Semaine-12',613,,83936,9,,,1,31,,83930,9,,,1,70,,83938,9,,,1,23,,83947,9,,,1,21,,83931,9,,,1,58,,83956,9,,,1,29,,83941,9,,,1,70,,83949,9,,,1,20,,83939,9,,,1,18,,83959,9,,,1,60,,83957,9,,,1,21,,83944,9,,,2,20,,83960,9,,,1,60,,83950,9,,,1,20,,83953,9,,,1,20,,83961,9,,,1,60,,83958,9,,,1,20,,83945,9,,,1,20,,83962,9,,,1,60,,83951,9,,,1,20,,83954,9,,,1,20,,83963,9,,,1,60,,83943,9,,,1,20,,83946,9,,,1,21,,83964,9,,,1,365,,83966,9,,,1,15,,83940,9,,,1,19,,83965,9,,,1,59,,83948,9,,,1,30,,83928,9,,,1,72,,83952,9,,,1,28,,83932,9,,,2,70,,83955,9,,,2,30,,83929,9,,,1,70,,83937,9,,,1,30,,83933,9,,,2,72,,83942,9,,,1,27,,83935,9,,,1,69,,83934,9,,,2
43701,'Semaine-1',1528,,86788,39,0,9 14,1
43701,'Semaine-12',1528,,86790,39,0,9 14,1
