3101,'Samedi-1',708,,80209,33,,,1,100,,80210,33,,,1,100,,80211,33,,,1,102,,80212,33,,,1,100,,80213,33,,,1,100,,80214,33,,,1,100,,80215,33,,,1,100,,80216,33,,,1,100,,80217,33,,,1,100,,80218,33,,,1,100,,80219,33,,,1,99,,80220,33,,,1,99,,80221,33,,,1,98,,80222,33,,,1,100,,80223,33,,,1,100,,80224,33,,,1,100,,80225,33,,,1,100,,80226,33,,,1
3101,'Samedi-10',708,,66345,33,,,1,100,,66346,33,,,1,100,,66347,33,,,1,102,,66348,33,,,1,100,,66349,33,,,1,100,,66350,33,,,1,100,,66351,33,,,1,100,,66352,33,,,1,100,,66353,33,,,1,100,,66354,33,,,1,100,,66355,33,,,1,99,,66356,33,,,1,99,,66357,33,,,1,98,,66358,33,,,1,100,,66359,33,,,1,100,,66360,33,,,1,100,,66361,33,,,1,100,,66362,33,,,1
3101,'Dimanche-1',708,,80228,33,,,1,100,,80233,33,,,1,100,,80240,33,,,1,102,,80230,33,,,1,100,,80232,33,,,1,100,,80229,33,,,1,100,,80231,33,,,1,100,,80227,33,,,1,100,,80234,33,,,1,100,,80237,33,,,1,100,,80236,33,,,1,99,,80235,33,,,1,99,,80239,33,,,1,98,,80238,33,,,1,100,,80241,33,,,1,100,,80242,33,,,1,100,,80243,33,,,1,100,,80244,33,,,1
3101,'Semaine-1',548,,80248,33,,,1,76,,80282,33,,,1,34,,80262,33,,,1,73,,80249,33,,,1,16,,80285,33,,,1,57,,80245,33,,,1,15,,80287,33,,,1,11,,80259,33,,,1,15,,80260,33,,,1,14,,80279,33,,,1,55,,80250,33,,,1,19,,80252,33,,,1,20,,80277,33,,,1,60,,80269,33,,,1,21,,80278,33,,,1,20,,80251,33,,,1,60,,80253,33,,,1,20,,80273,33,,,1,20,,80283,33,,,1,60,,80272,33,,,1,20,,80254,33,,,1,20,,80246,33,,,1,60,,80276,33,,,1,20,,80286,33,,,1,20,,80271,33,,,1,60,,80255,33,,,1,17,,80274,33,,,1,23,,80275,33,,,1,61,,80284,33,,,1,23,,80270,33,,,1,19,,80256,33,,,1,63,,80267,33,,,1,20,,80268,33,,,1,60,,80257,33,,,1,19,,80263,33,,,1,19,,80247,33,,,1,19,,80280,33,,,1,58,,80288,33,,,1,23,,80258,33,,,1,97,,80281,33,,,1,100,,80264,33,,,1,100,,80261,33,,,1,98,,80265,33,,,1,100,,80266,33,,,1
3101,'Semaine-12',548,,80292,33,,,1,76,,80326,33,,,1,34,,80306,33,,,1,73,,80293,33,,,1,16,,80329,33,,,1,57,,80289,33,,,1,15,,80331,33,,,1,11,,80303,33,,,1,15,,80304,33,,,1,14,,80323,33,,,1,55,,80294,33,,,1,19,,80296,33,,,1,20,,80321,33,,,1,60,,80313,33,,,1,21,,80322,33,,,1,20,,80295,33,,,1,60,,80297,33,,,1,20,,80317,33,,,1,20,,80327,33,,,1,60,,80316,33,,,1,20,,80298,33,,,1,20,,80290,33,,,1,60,,80320,33,,,1,20,,80330,33,,,1,20,,80315,33,,,1,60,,80299,33,,,1,17,,80318,33,,,1,23,,80319,33,,,1,61,,80328,33,,,1,23,,80314,33,,,1,19,,80300,33,,,1,63,,80311,33,,,1,20,,80312,33,,,1,60,,80301,33,,,1,19,,80307,33,,,1,19,,80291,33,,,1,19,,80324,33,,,1,58,,80332,33,,,1,23,,80302,33,,,1,97,,80325,33,,,1,100,,80308,33,,,1,100,,80305,33,,,1,98,,80309,33,,,1,100,,80310,33,,,1
6701,'Samedi-1',650,,83967,29,,,1,100,,83973,29,,,1,101,,83969,29,,,1,101,,83968,29,,,1,70,,83971,29,,,1,31,,83976,29,,,1,70,,83977,29,,,1,30,,83970,29,,,1,70,,83972,29,,,1,30,,83975,29,,,1,70,,83978,29,,,1,31,,83979,29,,,1,70,,83974,29,,,1,30,,83980,29,,,1,70,,83981,29,,,1,30,,83982,29,,,1,71,,83983,29,,,1,28,,83984,29,,,1,72,,83985,29,,,1,29,,83986,29,,,1,70,,83987,29,,,1,27,,83988,29,,,1,71,,83989,29,,,1,100,,83990,29,,,1,100,,83991,29,,,1,100,,83993,29,,,1,98,,83992,29,,,1
6701,'Samedi-10',650,,73821,29,,,1,100,,73827,29,,,1,101,,73823,29,,,1,101,,73822,29,,,1,70,,73825,29,,,1,31,,73830,29,,,1,70,,73831,29,,,1,30,,73824,29,,,1,70,,73826,29,,,1,30,,73829,29,,,1,70,,73832,29,,,1,31,,73833,29,,,1,70,,73828,29,,,1,30,,73834,29,,,1,70,,73835,29,,,1,30,,73836,29,,,1,71,,73837,29,,,1,28,,73838,29,,,1,72,,73839,29,,,1,29,,73840,29,,,1,70,,73841,29,,,1,27,,73842,29,,,1,71,,73843,29,,,1,100,,73844,29,,,1,100,,73845,29,,,1,100,,73847,29,,,1,98,,73846,29,,,1
6701,'Dimanche-1',650,,83994,29,,,1,100,,83997,29,,,1,101,,83999,29,,,1,101,,84002,29,,,1,70,,84008,29,,,1,31,,83996,29,,,1,70,,84009,29,,,1,30,,84000,29,,,1,70,,84003,29,,,1,30,,84001,29,,,1,70,,83995,29,,,1,31,,84005,29,,,1,70,,84006,29,,,1,30,,83998,29,,,1,70,,84004,29,,,1,30,,84011,29,,,1,71,,84007,29,,,1,28,,84014,29,,,1,72,,84015,29,,,1,29,,84012,29,,,1,70,,84017,29,,,1,27,,84010,29,,,1,71,,84016,29,,,1,100,,84013,29,,,1,100,,84018,29,,,1,100,,84019,29,,,1,98,,84020,29,,,1
6701,'Semaine-1',928,,84041,29,,,1,20,,84030,29,,,1,60,,84048,29,,,1,20,,84034,29,,,1,20,,84028,29,,,1,60,,84049,29,,,1,20,,84042,29,,,1,20,,84031,29,,,1,60,,84050,29,,,1,20,,84035,29,,,1,20,,84038,29,,,1,60,,84051,29,,,1,20,,84037,29,,,1,20,,84032,29,,,1,60,,84052,29,,,1,20,,84043,29,,,1,20,,84045,29,,,1,61,,84047,29,,,1,20,,84039,29,,,1,74,,84023,29,,,1,30,,84046,29,,,1,68,,84026,29,,,1,30,,84044,29,,,1,70,,84040,29,,,1,28,,84033,29,,,1,29,,84021,29,,,1,68,,84036,29,,,1,30,,84024,29,,,2,70,,84053,29,,,2,30,,84022,29,,,1,70,,84055,29,,,1,29,,84025,29,,,2,70,,84056,29,,,1,29,,84027,29,,,1,69,,84054,29,,,1,30,,84029,29,,,2
6701,'Semaine-12',928,,84077,29,,,1,20,,84066,29,,,1,60,,84084,29,,,1,20,,84070,29,,,1,20,,84064,29,,,1,60,,84085,29,,,1,20,,84078,29,,,1,20,,84067,29,,,1,60,,84086,29,,,1,20,,84071,29,,,1,20,,84074,29,,,1,60,,84087,29,,,1,20,,84073,29,,,1,20,,84068,29,,,1,60,,84088,29,,,1,20,,84079,29,,,1,20,,84081,29,,,1,61,,84083,29,,,1,20,,84075,29,,,1,74,,84059,29,,,1,30,,84082,29,,,1,68,,84062,29,,,1,30,,84080,29,,,1,70,,84076,29,,,1,28,,84069,29,,,1,29,,84057,29,,,1,68,,84072,29,,,1,30,,84060,29,,,2,70,,84089,29,,,2,30,,84058,29,,,1,70,,84091,29,,,1,29,,84061,29,,,2,70,,84092,29,,,1,29,,84063,29,,,1,69,,84090,29,,,1,30,,84065,29,,,2
72500,'Semaine-1',1612,,86867,2,0,5 11,1
72500,'Semaine-12',1612,,86868,2,0,5 11,1
72900,'Semaine-1',1613,,86873,2,0,5 11,2
72900,'Semaine-12',1613,,86874,2,0,5 11,2
