2800,'Semaine-1',1603,,80055,23,,,1,42,,80056,23,,,1,91,,80057,23,,,1
2800,'Semaine-12',1603,,80058,23,,,1,42,,80059,23,,,1,91,,80060,23,,,1
2900,'Semaine-1',1557,,80070,28,,,2,75,,80069,28,,,1,72,,80067,28,,,2,25,,80071,28,,,1,29,,80068,28,,,1
2900,'Semaine-12',1557,,80075,28,,,2,75,,80074,28,,,1,72,,80072,28,,,2,25,,80076,28,,,1,29,,80073,28,,,1
3400,'Samedi-1',744,,80773,29,,,1,100,,80778,29,,,1,70,,80774,29,,,1,31,,80780,29,,,1,70,,80781,29,,,1,31,,80775,29,,,1,70,,80776,29,,,1,30,,80777,29,,,1,70,,80779,29,,,1,31,,80782,29,,,1,70,,80784,29,,,1,30,,80783,29,,,1,70,,80785,29,,,1,30,,80786,29,,,1,70,,80787,29,,,1,30,,80788,29,,,1,70,,80789,29,,,1,31,,80790,29,,,1,70,,80791,29,,,1,30,,80792,29,,,1,70,,80793,29,,,1,29,,80794,29,,,1,68,,80795,29,,,1,29,,80796,29,,,1,71,,80797,29,,,1,30,,80798,29,,,1,70,,80799,29,,,1,30,,80800,29,,,1,70,,80801,29,,,1,30,,80803,29,,,1,70,,80802,29,,,1,29,,80805,29,,,1,70,,80804,29,,,1,27,,80806,29,,,1
3400,'Samedi-10',744,,67369,29,,,1,100,,67374,29,,,1,70,,67370,29,,,1,31,,67376,29,,,1,70,,67377,29,,,1,31,,67371,29,,,1,70,,67372,29,,,1,30,,67373,29,,,1,70,,67375,29,,,1,31,,67378,29,,,1,70,,67380,29,,,1,30,,67379,29,,,1,70,,67381,29,,,1,30,,67382,29,,,1,70,,67383,29,,,1,30,,67384,29,,,1,70,,67385,29,,,1,31,,67386,29,,,1,70,,67387,29,,,1,30,,67388,29,,,1,70,,67389,29,,,1,29,,67390,29,,,1,68,,67391,29,,,1,29,,67392,29,,,1,71,,67393,29,,,1,30,,67394,29,,,1,70,,67395,29,,,1,30,,67396,29,,,1,70,,67397,29,,,1,30,,67399,29,,,1,70,,67398,29,,,1,29,,67401,29,,,1,70,,67400,29,,,1,27,,67402,29,,,1
3400,'Dimanche-1',744,,80811,29,,,1,100,,80831,29,,,1,70,,80813,29,,,1,31,,80817,29,,,1,70,,80810,29,,,1,31,,80818,29,,,1,70,,80809,29,,,1,30,,80808,29,,,1,70,,80821,29,,,1,31,,80812,29,,,1,70,,80815,29,,,1,30,,80814,29,,,1,70,,80807,29,,,1,30,,80823,29,,,1,70,,80819,29,,,1,30,,80820,29,,,1,70,,80816,29,,,1,31,,80827,29,,,1,70,,80826,29,,,1,30,,80824,29,,,1,70,,80822,29,,,1,29,,80825,29,,,1,68,,80830,29,,,1,29,,80828,29,,,1,71,,80829,29,,,1,30,,80832,29,,,1,70,,80833,29,,,1,30,,80834,29,,,1,70,,80835,29,,,1,30,,80836,29,,,1,70,,80837,29,,,1,29,,80839,29,,,1,70,,80838,29,,,1,27,,80840,29,,,1
3400,'Semaine-1',622,,80871,29,,,1,28,,80856,29,,,1,73,,80850,29,,,1,34,,80854,29,,,1,71,,80845,29,,,2,29,,80865,29,,,1,70,,80851,29,,,1,27,,80841,29,,,1,70,,80846,29,,,1,30,,80847,29,,,1,70,,80852,29,,,1,30,,80842,29,,,1,71,,80872,29,,,1,30,,80848,29,,,1,70,,80853,29,,,1,30,,80843,29,,,1,72,,80869,29,,,1,30,,80844,29,,,1,65,,80870,29,,,1,306,,80868,29,,,1,20,,80857,29,,,1,68,,80849,29,,,1,30,,80861,29,,,1,70,,80867,29,,,1,31,,80858,29,,,1,68,,80860,29,,,1,30,,80862,29,,,1,70,,80855,29,,,1,30,,80864,29,,,1,69,,80859,29,,,1,29,,80863,29,,,1,70,,80866,29,,,1
3400,'Semaine-12',622,,80903,29,,,1,28,,80888,29,,,1,73,,80882,29,,,1,34,,80886,29,,,1,71,,80877,29,,,2,29,,80897,29,,,1,70,,80883,29,,,1,27,,80873,29,,,1,70,,80878,29,,,1,30,,80879,29,,,1,70,,80884,29,,,1,30,,80874,29,,,1,71,,80904,29,,,1,30,,80880,29,,,1,70,,80885,29,,,1,30,,80875,29,,,1,72,,80901,29,,,1,30,,80876,29,,,1,65,,80902,29,,,1,306,,80900,29,,,1,20,,80889,29,,,1,68,,80881,29,,,1,30,,80893,29,,,1,70,,80899,29,,,1,31,,80890,29,,,1,68,,80892,29,,,1,30,,80894,29,,,1,70,,80887,29,,,1,30,,80896,29,,,1,69,,80891,29,,,1,29,,80895,29,,,1,70,,80898,29,,,1
5600,'Semaine-1',655,,82719,41,,,1,64,,82717,41,,,1,6,,82721,41,,,1,30,,82720,41,,,1,73,,82714,41,,,1,100,,82713,41,,,1,107,,82715,41,,,1,98,,82718,41,,,2,100,,82716,41,,,1
5600,'Semaine-12',655,,82728,41,,,1,64,,82726,41,,,1,6,,82730,41,,,1,30,,82729,41,,,1,73,,82723,41,,,1,100,,82722,41,,,1,107,,82724,41,,,1,98,,82727,41,,,2,100,,82725,41,,,1
32900,'Semaine-1',819,,85907,21,0,7 8,1
32900,'Semaine-12',819,,85908,21,0,7 8,1
42900,'Semaine-1',723,,86765,14,0,9 14,1,2,,86766,14,0,9 14,2
42900,'Semaine-12',723,,86767,14,0,9 14,1,2,,86768,14,0,9 14,2
55400,'Semaine-1',717,,86810,31,0,5 6,2
55400,'Semaine-12',717,,86812,31,0,5 6,2
72900,'Semaine-1',1640,,86873,26,0,5 11,2
72900,'Semaine-12',1640,,86874,26,0,5 11,2
82900,'Semaine-1',1544,,87134,26,0,9 12 13,1
82900,'Semaine-12',1544,,87137,26,0,9 12 13,1
