3301,'Samedi-1',727,,80655,28,,,1,100,,80656,28,,,1,100,,80657,28,,,1,100,,80658,28,,,1,100,,80659,28,,,1,101,,80660,28,,,1,100,,80661,28,,,1,100,,80662,28,,,1,101,,80663,28,,,1,98,,80664,28,,,1,100,,80665,28,,,1,98,,80666,28,,,1,100,,80667,28,,,1,100,,80668,28,,,1,100,,80669,28,,,1,100,,80670,28,,,1,100,,80671,28,,,1,100,,80672,28,,,1
3301,'Samedi-10',727,,67122,28,,,1,100,,67123,28,,,1,100,,67124,28,,,1,100,,67125,28,,,1,100,,67126,28,,,1,101,,67127,28,,,1,100,,67128,28,,,1,100,,67129,28,,,1,101,,67130,28,,,1,98,,67131,28,,,1,100,,67132,28,,,1,98,,67133,28,,,1,100,,67134,28,,,1,100,,67135,28,,,1,100,,67136,28,,,1,100,,67137,28,,,1,100,,67138,28,,,1,100,,67139,28,,,1
3301,'Dimanche-1',727,,80677,28,,,1,100,,80678,28,,,1,100,,80686,28,,,1,100,,80679,28,,,1,100,,80674,28,,,1,101,,80675,28,,,1,100,,80673,28,,,1,100,,80676,28,,,1,101,,80680,28,,,1,98,,80681,28,,,1,100,,80683,28,,,1,98,,80685,28,,,1,100,,80684,28,,,1,100,,80682,28,,,1,100,,80687,28,,,1,100,,80688,28,,,1,100,,80689,28,,,1,100,,80690,28,,,1
3301,'Semaine-1',614,,80714,28,,,1,20,,80722,28,,,1,18,,80699,28,,,1,55,,80719,28,,,1,19,,80715,28,,,1,10,,80710,28,,,1,11,,80730,28,,,1,53,,80728,28,,,1,15,,80717,28,,,1,12,,80705,28,,,1,11,,80721,28,,,1,14,,80695,28,,,1,70,,80707,28,,,1,30,,80713,28,,,1,70,,80703,28,,,1,30,,80724,28,,,1,70,,80708,28,,,1,30,,80700,28,,,1,70,,80702,28,,,1,16,,80720,28,,,1,15,,80729,28,,,1,66,,80711,28,,,1,28,,80701,28,,,1,70,,80706,28,,,1,33,,80709,28,,,1,61,,80731,28,,,1,19,,80712,28,,,1,18,,80716,28,,,1,63,,80697,28,,,1,20,,80727,28,,,1,21,,80704,28,,,1,67,,80694,28,,,1,31,,80691,28,,,1,72,,80725,28,,,1,30,,80698,28,,,1,70,,80693,28,,,1,100,,80696,28,,,1,34,,80718,28,,,1,101,,80723,28,,,2,100,,80692,28,,,1,100,,80726,28,,,1
3301,'Semaine-12',614,,80755,28,,,1,20,,80763,28,,,1,18,,80740,28,,,1,55,,80760,28,,,1,19,,80756,28,,,1,10,,80751,28,,,1,11,,80771,28,,,1,53,,80769,28,,,1,15,,80758,28,,,1,12,,80746,28,,,1,11,,80762,28,,,1,14,,80736,28,,,1,70,,80748,28,,,1,30,,80754,28,,,1,70,,80744,28,,,1,30,,80765,28,,,1,70,,80749,28,,,1,30,,80741,28,,,1,70,,80743,28,,,1,16,,80761,28,,,1,15,,80770,28,,,1,66,,80752,28,,,1,28,,80742,28,,,1,70,,80747,28,,,1,33,,80750,28,,,1,61,,80772,28,,,1,19,,80753,28,,,1,18,,80757,28,,,1,63,,80738,28,,,1,20,,80768,28,,,1,21,,80745,28,,,1,67,,80735,28,,,1,31,,80732,28,,,1,72,,80766,28,,,1,30,,80739,28,,,1,70,,80734,28,,,1,100,,80737,28,,,1,34,,80759,28,,,1,101,,80764,28,,,2,100,,80733,28,,,1,100,,80767,28,,,1
3501,'Semaine-1',546,,81121,13,,,1,81,,81099,13,,,2,20,,81129,13,,,1,61,,81130,24,,,1,15,,81118,13,,,1,20,,81123,24,,,1,60,,81102,13,,,1,25,,81119,13,,,1,23,,81124,13,,,1,70,,81106,13,,,1,30,,81108,13,,,1,70,,81101,13,,,1,28,,81105,13,,,1,70,,81114,13,,,2,32,,81100,13,,,1,70,,81112,13,,,1,30,,81113,13,,,2,70,,81116,13,,,1,30,,81104,13,,,2,71,,81125,13,,,2,30,,81115,13,,,1,70,,81103,13,,,1,32,,81127,13,,,1,68,,81122,13,,,1,30,,81107,13,,,1,69,,81110,13,,,1,30,,81128,13,,,1,70,,81117,13,,,1,100,,81111,13,,,1,100,,81109,13,,,1,100,,81126,13,,,1,100,,81120,13,,,1
3501,'Semaine-12',546,,81153,13,,,1,81,,81131,13,,,2,20,,81161,13,,,1,61,,81162,24,,,1,15,,81150,13,,,1,20,,81155,24,,,1,60,,81134,13,,,1,25,,81151,13,,,1,23,,81156,13,,,1,70,,81138,13,,,1,30,,81140,13,,,1,70,,81133,13,,,1,28,,81137,13,,,1,70,,81146,13,,,2,32,,81132,13,,,1,70,,81144,13,,,1,30,,81145,13,,,2,70,,81148,13,,,1,30,,81136,13,,,2,71,,81157,13,,,2,30,,81147,13,,,1,70,,81135,13,,,1,32,,81159,13,,,1,68,,81154,13,,,1,30,,81139,13,,,1,69,,81142,13,,,1,30,,81160,13,,,1,70,,81149,13,,,1,100,,81143,13,,,1,100,,81141,13,,,1,100,,81158,13,,,1,100,,81152,13,,,1
3601,'Semaine-1',858,,81179,27,,,1,90,,81177,27,,,1,100,,81180,27,,,1,100,,81178,27,,,1,100,,81183,27,,,1,100,,81182,27,,,1,100,,81181,27,,,1
3601,'Semaine-12',858,,81186,27,,,1,90,,81184,27,,,1,100,,81187,27,,,1,100,,81185,27,,,1,100,,81190,27,,,1,100,,81189,27,,,1,100,,81188,27,,,1
83301,'Semaine-1',755,,87156,10,0,9 12 13,1
83301,'Semaine-12',755,,87157,10,0,9 12 13,1
