7901,'Semaine-1',601,,85398,23,,,1,102,,85400,23,,,1,33,,85401,23,,,1,73,,85397,23,,,1,23,,85399,23,,,1,69,,85402,23,,,1
7901,'Semaine-12',601,,85404,23,,,1,102,,85406,23,,,1,33,,85407,23,,,1,73,,85403,23,,,1,23,,85405,23,,,1,69,,85408,23,,,1
9301,'Semaine-1',616,,85514,34,,,2,20,,85512,34,,,1,21,,85511,34,,,1,72,,85515,34,,,1,30,,85513,34,,,2
9301,'Semaine-12',616,,85519,34,,,2,20,,85517,34,,,1,21,,85516,34,,,1,72,,85520,34,,,1,30,,85518,34,,,2
9501,'Semaine-1',610,,85547,47,,,1,15,,85543,47,,,1,13,,85545,47,,,1,19,,85550,47,,,1,56,,85546,47,,,2,15,,85548,47,,,2,14,,85549,47,,,2,16,,85544,47,,,2
9501,'Semaine-12',610,,85555,47,,,1,15,,85551,47,,,1,13,,85553,47,,,1,19,,85558,47,,,1,56,,85554,47,,,2,15,,85556,47,,,2,14,,85557,47,,,2,16,,85552,47,,,2
9701,'Samedi-1',812,,85635,70,,,1,100,,85638,70,,,1,101,,85636,70,,,1,100,,85639,70,,,1,100,,85633,70,,,1,100,,85634,70,,,1,101,,85637,70,,,1,100,,85640,70,,,1,100,,85641,70,,,1,100,,85642,70,,,1,100,,85643,70,,,1,100,,85644,70,,,1,100,,85648,70,,,1,100,,85645,70,,,1,99,,85646,70,,,1,100,,85647,70,,,1
9701,'Samedi-10',812,,76971,70,,,1,100,,76974,70,,,1,101,,76972,70,,,1,100,,76975,70,,,1,100,,76969,70,,,1,100,,76970,70,,,1,101,,76973,70,,,1,100,,76976,70,,,1,100,,76977,70,,,1,100,,76978,70,,,1,100,,76979,70,,,1,100,,76980,70,,,1,100,,76984,70,,,1,100,,76981,70,,,1,99,,76982,70,,,1,100,,76983,70,,,1
9701,'Dimanche-1',812,,85654,70,,,1,100,,85661,70,,,1,101,,85650,70,,,1,100,,85657,70,,,1,100,,85656,70,,,1,100,,85649,70,,,1,101,,85653,70,,,1,100,,85651,70,,,1,100,,85652,70,,,1,100,,85655,70,,,1,100,,85658,70,,,1,100,,85659,70,,,1,100,,85660,70,,,1,100,,85662,70,,,1,99,,85663,70,,,1,100,,85664,70,,,1
9701,'Semaine-1',656,,85665,70,,,2,95,,85666,70,,,1,155,,85667,70,,,1,109,,85668,70,,,1,99,,85669,70,,,1,100,,85670,70,,,1,100,,85671,70,,,1,98,,85672,70,,,1,102,,85673,70,,,1,104,,85674,70,,,1,95,,85675,70,,,1,103,,85676,70,,,1,95,,85677,70,,,1,99,,85678,70,,,1,100,,85679,70,,,1,98,,85680,70,,,1,100,,85681,70,,,1
9701,'Semaine-12',656,,85682,70,,,2,95,,85683,70,,,1,155,,85684,70,,,1,109,,85685,70,,,1,99,,85686,70,,,1,100,,85687,70,,,1,100,,85688,70,,,1,98,,85689,70,,,1,102,,85690,70,,,1,104,,85691,70,,,1,95,,85692,70,,,1,103,,85693,70,,,1,95,,85694,70,,,1,99,,85695,70,,,1,100,,85696,70,,,1,98,,85697,70,,,1,100,,85698,70,,,1
