9501,'Semaine-1',554,,85547,42,,,1,55,,85543,42,,,1,13,,85545,42,,,1,18,,85550,42,,,1,16,,85546,42,,,2,55,,85548,42,,,2,14,,85549,42,,,2,16,,85544,42,,,2
9501,'Semaine-12',554,,85555,42,,,1,55,,85551,42,,,1,13,,85553,42,,,1,18,,85558,42,,,1,16,,85554,42,,,2,55,,85556,42,,,2,14,,85557,42,,,2,16,,85552,42,,,2
9701,'Samedi-1',749,,85635,46,,,1,100,,85638,46,,,1,101,,85636,46,,,1,100,,85639,46,,,1,99,,85633,46,,,1,100,,85634,46,,,1,101,,85637,46,,,1,100,,85640,46,,,1,100,,85641,46,,,1,100,,85642,46,,,1,100,,85643,46,,,1,100,,85644,46,,,1,100,,85648,46,,,1,100,,85645,46,,,1,99,,85646,46,,,1,100,,85647,46,,,1
9701,'Samedi-10',749,,76971,46,,,1,100,,76974,46,,,1,101,,76972,46,,,1,100,,76975,46,,,1,99,,76969,46,,,1,100,,76970,46,,,1,101,,76973,46,,,1,100,,76976,46,,,1,100,,76977,46,,,1,100,,76978,46,,,1,100,,76979,46,,,1,100,,76980,46,,,1,100,,76984,46,,,1,100,,76981,46,,,1,99,,76982,46,,,1,100,,76983,46,,,1
9701,'Dimanche-1',749,,85654,46,,,1,100,,85661,46,,,1,101,,85650,46,,,1,100,,85657,46,,,1,99,,85656,46,,,1,100,,85649,46,,,1,101,,85653,46,,,1,100,,85651,46,,,1,100,,85652,46,,,1,100,,85655,46,,,1,100,,85658,46,,,1,100,,85659,46,,,1,100,,85660,46,,,1,100,,85662,46,,,1,99,,85663,46,,,1,100,,85664,46,,,1
9701,'Semaine-1',630,,85665,46,,,2,98,,85666,46,,,1,112,,85667,46,,,1,109,,85668,46,,,1,100,,85669,46,,,1,100,,85670,46,,,1,100,,85671,46,,,1,100,,85672,46,,,1,100,,85673,46,,,1,104,,85674,46,,,1,95,,85675,46,,,1,104,,85676,46,,,1,97,,85677,46,,,1,97,,85678,46,,,1,101,,85679,46,,,1,98,,85680,46,,,1,100,,85681,46,,,1
9701,'Semaine-12',630,,85682,46,,,2,98,,85683,46,,,1,112,,85684,46,,,1,109,,85685,46,,,1,100,,85686,46,,,1,100,,85687,46,,,1,100,,85688,46,,,1,100,,85689,46,,,1,100,,85690,46,,,1,104,,85691,46,,,1,95,,85692,46,,,1,104,,85693,46,,,1,97,,85694,46,,,1,97,,85695,46,,,1,101,,85696,46,,,1,98,,85697,46,,,1,100,,85698,46,,,1
9801,'Semaine-1',526,,85699,42,,,2,10,,85700,42,,,1,10,,85701,42,,,1
9801,'Semaine-12',526,,85702,42,,,2,10,,85703,42,,,1,10,,85704,42,,,1
29701,'Semaine-1',1518,,85892,22,0,19,2
29701,'Semaine-12',1518,,85894,22,0,19,2
