6400,'Samedi-1',740,,83307,14,,,1,100,,83309,14,,,1,100,,83312,14,,,1,100,,83310,14,,,1,100,,83313,14,,,1,100,,83308,14,,,1,100,,83311,14,,,1,100,,83314,14,,,1,99,,83315,14,,,1,100,,83316,14,,,1,100,,83317,14,,,1,100,,83318,14,,,1
6400,'Samedi-10',740,,72456,14,,,1,100,,72458,14,,,1,100,,72461,14,,,1,100,,72459,14,,,1,100,,72462,14,,,1,100,,72457,14,,,1,100,,72460,14,,,1,100,,72463,14,,,1,99,,72464,14,,,1,100,,72465,14,,,1,100,,72466,14,,,1,100,,72467,14,,,1
6400,'Dimanche-1',740,,83320,14,,,1,100,,83321,14,,,1,100,,83326,14,,,1,100,,83324,14,,,1,100,,83319,14,,,1,100,,83322,14,,,1,100,,83323,14,,,1,100,,83327,14,,,1,99,,83325,14,,,1,100,,83329,14,,,1,100,,83330,14,,,1,100,,83328,14,,,1
6400,'Semaine-1',651,,83339,14,,,1,74,,83336,14,,,1,30,,83331,14,,,1,70,,83335,14,,,1,100,,83337,14,,,1,100,,83342,14,,,1,100,,83341,14,,,1,100,,83334,14,,,1,100,,83347,14,,,1,100,,83343,14,,,1,95,,83344,14,,,1,85,,83349,14,,,1,47,,83348,14,,,1,102,,83345,14,,,1,95,,83346,14,,,1,100,,83338,14,,,2,100,,83332,14,,,2,100,,83340,14,,,1,100,,83333,14,,,1
6400,'Semaine-12',651,,83358,14,,,1,74,,83355,14,,,1,30,,83350,14,,,1,70,,83354,14,,,1,100,,83356,14,,,1,100,,83361,14,,,1,100,,83360,14,,,1,100,,83353,14,,,1,100,,83366,14,,,1,100,,83362,14,,,1,95,,83363,14,,,1,85,,83368,14,,,1,47,,83367,14,,,1,102,,83364,14,,,1,95,,83365,14,,,1,100,,83357,14,,,2,100,,83351,14,,,2,100,,83359,14,,,1,100,,83352,14,,,1
6600,'Samedi-1',719,,83633,13,,,1,100,,83636,13,,,1,100,,83634,13,,,1,100,,83637,13,,,1,100,,83631,13,,,1,100,,83632,13,,,1,100,,83635,13,,,1,100,,83638,13,,,1,100,,83639,13,,,1,100,,83640,13,,,1,100,,83641,13,,,1,100,,83642,13,,,1,100,,83644,13,,,1,100,,83643,13,,,1,100,,83645,13,,,1,100,,83646,13,,,1,100,,83647,13,,,1
6600,'Samedi-10',719,,73120,13,,,1,100,,73123,13,,,1,100,,73121,13,,,1,100,,73124,13,,,1,100,,73118,13,,,1,100,,73119,13,,,1,100,,73122,13,,,1,100,,73125,13,,,1,100,,73126,13,,,1,100,,73127,13,,,1,100,,73128,13,,,1,100,,73129,13,,,1,100,,73131,13,,,1,100,,73130,13,,,1,100,,73132,13,,,1,100,,73133,13,,,1,100,,73134,13,,,1
6600,'Dimanche-1',719,,83652,13,,,1,100,,83653,13,,,1,100,,83654,13,,,1,100,,83648,13,,,1,100,,83649,13,,,1,100,,83650,13,,,1,100,,83651,13,,,1,100,,83656,13,,,1,100,,83655,13,,,1,100,,83659,13,,,1,100,,83657,13,,,1,100,,83661,13,,,1,100,,83658,13,,,1,100,,83660,13,,,1,100,,83662,13,,,1,100,,83663,13,,,1,100,,83664,13,,,1
6600,'Semaine-1',605,,83675,13,,,2,20,,83681,13,,,2,20,,83676,13,,,1,63,,83668,13,,,2,19,,83680,13,,,1,19,,83673,13,,,1,61,,83687,13,,,1,18,,83667,13,,,1,18,,83678,13,,,1,60,,83688,13,,,1,100,,83677,13,,,1,100,,83669,13,,,1,100,,83692,13,,,1,100,,83693,13,,,1,101,,83679,13,,,2,100,,83689,13,,,1,23,,83682,13,,,1,22,,83665,13,,,1,60,,83684,13,,,1,18,,83690,13,,,1,20,,83695,13,,,1,59,,83666,13,,,2,24,,83685,13,,,2,20,,83683,13,,,1,58,,83671,13,,,1,22,,83691,13,,,2,94,,83672,13,,,2,100,,83670,13,,,1,98,,83674,13,,,1,100,,83686,13,,,1,100,,83694,13,,,1
6600,'Semaine-12',605,,83706,13,,,2,20,,83712,13,,,2,20,,83707,13,,,1,63,,83699,13,,,2,19,,83711,13,,,1,19,,83704,13,,,1,61,,83718,13,,,1,18,,83698,13,,,1,18,,83709,13,,,1,60,,83719,13,,,1,100,,83708,13,,,1,100,,83700,13,,,1,100,,83723,13,,,1,100,,83724,13,,,1,101,,83710,13,,,2,100,,83720,13,,,1,23,,83713,13,,,1,22,,83696,13,,,1,60,,83715,13,,,1,18,,83721,13,,,1,20,,83726,13,,,1,59,,83697,13,,,2,24,,83716,13,,,2,20,,83714,13,,,1,58,,83702,13,,,1,22,,83722,13,,,2,94,,83703,13,,,2,100,,83701,13,,,1,98,,83705,13,,,1,100,,83717,13,,,1,100,,83725,13,,,1
56600,'Semaine-1',1559,,86817,51,0,5 6,1
56600,'Semaine-12',1559,,86818,51,0,5 6,1
