2300,'Semaine-1',1559,,79976,24,,,1,68,,79974,24,,,1,74,,79972,24,,,1,25,,79973,24,,,2,24,,79975,24,,,2,69,,79971,24,,,1
2300,'Semaine-12',1559,,79982,24,,,1,68,,79980,24,,,1,74,,79978,24,,,1,25,,79979,24,,,2,24,,79981,24,,,2,69,,79977,24,,,1
2500,'Semaine-1',1541,,79993,23,,,1,70,,79996,23,,,1,31,,79994,23,,,1,73,,79998,23,,,1,24,,79995,23,,,2,66,,79997,23,,,2
2500,'Semaine-12',1541,,79999,23,,,1,70,,80002,23,,,1,31,,80000,23,,,1,73,,80004,23,,,1,24,,80001,23,,,2,66,,80003,23,,,2
2800,'Semaine-1',1612,,80055,33,,,1,42,,80056,33,,,1,90,,80057,33,,,1
2800,'Semaine-12',1612,,80058,33,,,1,42,,80059,33,,,1,90,,80060,33,,,1
4901,'Samedi-1',727,,82116,21,,,1,100,,82115,21,,,1,100,,82117,21,,,1,100,,82113,21,,,1,100,,82118,21,,,1,101,,82114,21,,,1,100,,82119,21,,,1,100,,82120,21,,,1,100,,82121,21,,,1,100,,82122,21,,,1,100,,82123,21,,,1,99,,82124,21,,,1,100,,82125,21,,,1,100,,82126,21,,,1,100,,82127,21,,,1,100,,82128,21,,,1,100,,82129,21,,,1
4901,'Samedi-10',727,,70061,21,,,1,100,,70060,21,,,1,100,,70062,21,,,1,100,,70058,21,,,1,100,,70063,21,,,1,101,,70059,21,,,1,100,,70064,21,,,1,100,,70065,21,,,1,100,,70066,21,,,1,100,,70067,21,,,1,100,,70068,21,,,1,99,,70069,21,,,1,100,,70070,21,,,1,100,,70071,21,,,1,100,,70072,21,,,1,100,,70073,21,,,1,100,,70074,21,,,1
4901,'Dimanche-1',727,,82143,21,,,1,100,,82132,21,,,1,100,,82142,21,,,1,100,,82135,21,,,1,100,,82131,21,,,1,101,,82130,21,,,1,100,,82133,21,,,1,100,,82134,21,,,1,100,,82137,21,,,1,100,,82136,21,,,1,100,,82140,21,,,1,99,,82139,21,,,1,100,,82141,21,,,1,100,,82138,21,,,1,100,,82144,21,,,1,100,,82145,21,,,1,100,,82146,21,,,1
4901,'Semaine-1',610,,82153,21,,,1,47,,82158,21,,,1,71,,82174,21,,,1,31,,82170,21,,,1,68,,82168,21,,,1,29,,82178,21,,,1,70,,82160,21,,,1,30,,82176,21,,,1,68,,82172,21,,,1,32,,82147,21,,,1,70,,82169,21,,,1,30,,82148,21,,,1,70,,82154,21,,,1,30,,82156,21,,,1,70,,82161,21,,,1,29,,82177,21,,,1,71,,82159,21,,,1,31,,82179,21,,,1,62,,82175,21,,,1,11,,82162,21,,,1,15,,82149,21,,,1,55,,82165,21,,,1,30,,82155,21,,,1,28,,82157,21,,,1,69,,82173,21,,,1,29,,82167,21,,,1,70,,82171,21,,,1,94,,82150,21,,,1,80,,82166,21,,,1,101,,82164,21,,,1,99,,82151,21,,,1,100,,82163,21,,,1,58,,82152,21,,,1
4901,'Semaine-12',610,,82186,21,,,1,47,,82191,21,,,1,71,,82207,21,,,1,31,,82203,21,,,1,68,,82201,21,,,1,29,,82211,21,,,1,70,,82193,21,,,1,30,,82209,21,,,1,68,,82205,21,,,1,32,,82180,21,,,1,70,,82202,21,,,1,30,,82181,21,,,1,70,,82187,21,,,1,30,,82189,21,,,1,70,,82194,21,,,1,29,,82210,21,,,1,71,,82192,21,,,1,31,,82212,21,,,1,62,,82208,21,,,1,11,,82195,21,,,1,15,,82182,21,,,1,55,,82198,21,,,1,30,,82188,21,,,1,28,,82190,21,,,1,69,,82206,21,,,1,29,,82200,21,,,1,70,,82204,21,,,1,94,,82183,21,,,1,80,,82199,21,,,1,101,,82197,21,,,1,99,,82184,21,,,1,100,,82196,21,,,1,58,,82185,21,,,1
32500,'Semaine-1',1640,,85896,29,0,7 8,1
32500,'Semaine-12',1640,,85898,29,0,7 8,1
42501,'Semaine-1',1511,,86757,17,0,9 14,1
42501,'Semaine-12',1511,,86758,17,0,9 14,1
54901,'Semaine-1',1530,,86796,14,,,1
54901,'Semaine-12',1530,,86798,14,,,1
72500,'Semaine-1',1634,,86867,21,0,5 11,1
72500,'Semaine-12',1634,,86868,21,0,5 11,1
82500,'Semaine-1',1540,,87113,15,0,9 12 13,1
82500,'Semaine-12',1540,,87115,15,0,9 12 13,1
