5401,'Semaine-0',656,,70603,5,,,2,96,,70602,5,,,1,104,,70604,5,,,1
5401,'Semaine-10',656,,70606,5,,,2,96,,70605,5,,,1,104,,70607,5,,,1
5401,'Semaine-11',656,,70609,5,,,2,96,,70608,5,,,1,104,,70610,5,,,1
55400,'Semaine-0',652,,79306,5,0,5 6,2
55400,'Semaine-10',652,,79308,5,0,5 6,2
55400,'Semaine-11',652,,79310,5,0,5 6,2
55401,'Semaine-0',1559,,79312,32,0,5 6,1
55401,'Semaine-10',1559,,79314,32,0,5 6,1
55401,'Semaine-11',1559,,79316,32,0,5 6,1
65401,'Semaine-0',709,,79383,5,0,9 10,1
65401,'Semaine-10',709,,79384,5,0,9 10,1
65401,'Semaine-11',709,,79385,5,0,9 10,1
75401,'Semaine-0',709,,79440,5,,,1
75401,'Semaine-10',709,,79441,5,,,1
75401,'Semaine-11',709,,79442,5,,,1
