2600,'Semaine-1',1544,,80019,7,,,1,72,,80018,7,,,1,29,,80017,7,,,2,70,,80020,7,,,1,28,,80021,7,,,2
2600,'Semaine-12',1544,,80024,7,,,1,72,,80023,7,,,1,29,,80022,7,,,2,70,,80025,7,,,1,28,,80026,7,,,2
2900,'Semaine-1',1536,,80070,7,,,2,73,,80069,7,,,1,32,,80067,7,,,2,67,,80071,7,,,1,32,,80068,7,,,1
2900,'Semaine-12',1536,,80075,7,,,2,73,,80074,7,,,1,32,,80072,7,,,2,67,,80076,7,,,1,32,,80073,7,,,1
3200,'Semaine-1',621,,80376,8,,,1,32,,80375,8,,,1,71,,80371,8,,,1,31,,80373,8,,,1,70,,80372,8,,,2,30,,80374,8,,,1,69,,80347,8,,,2,30,,80342,8,,,1,70,,80343,8,,,2,30,,80354,8,,,1,70,,80348,8,,,1,30,,80334,8,,,1,70,,80335,8,,,1,30,,80346,8,,,1,70,,80349,8,,,1,30,,80355,8,,,1,70,,80336,8,,,1,30,,80381,8,,,1,54,,80333,8,,,2,14,,80363,8,,,1,10,,80353,8,,,1,11,,80359,8,,,2,10,,80360,8,,,1,50,,80378,8,,,1,10,,80379,8,,,1,10,,80380,8,,,2,13,,80377,8,,,2,7,,80350,8,,,1,10,,80361,8,,,1,50,,80369,8,,,2,10,,80362,8,,,2,9,,80339,8,,,1,10,,80370,8,,,1,10,,80356,8,,,2,8,,80358,8,,,1,50,,80357,8,,,1,21,,80351,8,,,2,25,,80345,8,,,1,70,,80340,8,,,1,30,,80337,8,,,2,69,,80352,8,,,2,30,,80344,8,,,1,73,,80341,8,,,1,27,,80338,8,,,2,70,,80364,8,,,1,30,,80365,8,,,1,68,,80366,8,,,1,30,,80367,8,,,1,70,,80368,8,,,1
3200,'Semaine-12',621,,80425,8,,,1,32,,80424,8,,,1,71,,80420,8,,,1,31,,80422,8,,,1,70,,80421,8,,,2,30,,80423,8,,,1,69,,80396,8,,,2,30,,80391,8,,,1,70,,80392,8,,,2,30,,80403,8,,,1,70,,80397,8,,,1,30,,80383,8,,,1,70,,80384,8,,,1,30,,80395,8,,,1,70,,80398,8,,,1,30,,80404,8,,,1,70,,80385,8,,,1,30,,80430,8,,,1,54,,80382,8,,,2,14,,80412,8,,,1,10,,80402,8,,,1,11,,80408,8,,,2,10,,80409,8,,,1,50,,80427,8,,,1,10,,80428,8,,,1,10,,80429,8,,,2,13,,80426,8,,,2,7,,80399,8,,,1,10,,80410,8,,,1,50,,80418,8,,,2,10,,80411,8,,,2,9,,80388,8,,,1,10,,80419,8,,,1,10,,80405,8,,,2,8,,80407,8,,,1,50,,80406,8,,,1,21,,80400,8,,,2,25,,80394,8,,,1,70,,80389,8,,,1,30,,80386,8,,,2,69,,80401,8,,,2,30,,80393,8,,,1,73,,80390,8,,,1,27,,80387,8,,,2,70,,80413,8,,,1,30,,80414,8,,,1,68,,80415,8,,,1,30,,80416,8,,,1,70,,80417,8,,,1
3400,'Samedi-1',729,,80773,8,,,1,100,,80778,8,,,1,30,,80774,8,,,1,71,,80780,8,,,1,70,,80781,8,,,1,30,,80775,8,,,1,70,,80776,8,,,1,30,,80777,8,,,1,70,,80779,8,,,1,30,,80782,8,,,1,70,,80784,8,,,1,30,,80783,8,,,1,70,,80785,8,,,1,30,,80786,8,,,1,70,,80787,8,,,1,30,,80788,8,,,1,70,,80789,8,,,1,30,,80790,8,,,1,70,,80791,8,,,1,30,,80792,8,,,1,70,,80793,8,,,1,30,,80794,8,,,1,70,,80795,8,,,1,29,,80796,8,,,1,71,,80797,8,,,1,30,,80798,8,,,1,70,,80799,8,,,1,30,,80800,8,,,1,70,,80801,8,,,1,30,,80803,8,,,1,70,,80802,8,,,1,30,,80805,8,,,1,70,,80804,8,,,1,28,,80806,8,,,1
3400,'Samedi-10',729,,67369,8,,,1,100,,67374,8,,,1,30,,67370,8,,,1,71,,67376,8,,,1,70,,67377,8,,,1,30,,67371,8,,,1,70,,67372,8,,,1,30,,67373,8,,,1,70,,67375,8,,,1,30,,67378,8,,,1,70,,67380,8,,,1,30,,67379,8,,,1,70,,67381,8,,,1,30,,67382,8,,,1,70,,67383,8,,,1,30,,67384,8,,,1,70,,67385,8,,,1,30,,67386,8,,,1,70,,67387,8,,,1,30,,67388,8,,,1,70,,67389,8,,,1,30,,67390,8,,,1,70,,67391,8,,,1,29,,67392,8,,,1,71,,67393,8,,,1,30,,67394,8,,,1,70,,67395,8,,,1,30,,67396,8,,,1,70,,67397,8,,,1,30,,67399,8,,,1,70,,67398,8,,,1,30,,67401,8,,,1,70,,67400,8,,,1,28,,67402,8,,,1
3400,'Dimanche-1',729,,80811,8,,,1,100,,80831,8,,,1,30,,80813,8,,,1,71,,80817,8,,,1,70,,80810,8,,,1,30,,80818,8,,,1,70,,80809,8,,,1,30,,80808,8,,,1,70,,80821,8,,,1,30,,80812,8,,,1,70,,80815,8,,,1,30,,80814,8,,,1,70,,80807,8,,,1,30,,80823,8,,,1,70,,80819,8,,,1,30,,80820,8,,,1,70,,80816,8,,,1,30,,80827,8,,,1,70,,80826,8,,,1,30,,80824,8,,,1,70,,80822,8,,,1,30,,80825,8,,,1,70,,80830,8,,,1,29,,80828,8,,,1,71,,80829,8,,,1,30,,80832,8,,,1,70,,80833,8,,,1,30,,80834,8,,,1,70,,80835,8,,,1,30,,80836,8,,,1,70,,80837,8,,,1,30,,80839,8,,,1,70,,80838,8,,,1,28,,80840,8,,,1
3400,'Semaine-1',607,,80871,8,,,1,28,,80856,8,,,1,71,,80850,8,,,1,34,,80854,8,,,1,71,,80845,8,,,2,30,,80865,8,,,1,70,,80851,8,,,1,28,,80841,8,,,1,70,,80846,8,,,1,30,,80847,8,,,1,70,,80852,8,,,1,30,,80842,8,,,1,70,,80872,8,,,1,30,,80848,8,,,1,70,,80853,8,,,1,30,,80843,8,,,1,70,,80869,8,,,1,31,,80844,8,,,1,65,,80870,8,,,1,306,,80868,8,,,1,20,,80857,8,,,1,69,,80849,8,,,1,30,,80861,8,,,1,70,,80867,8,,,1,31,,80858,8,,,1,69,,80860,8,,,1,30,,80862,8,,,1,70,,80855,8,,,1,30,,80864,8,,,1,70,,80859,8,,,1,29,,80863,8,,,1,30,,80866,8,,,1
3400,'Semaine-12',607,,80903,8,,,1,28,,80888,8,,,1,71,,80882,8,,,1,34,,80886,8,,,1,71,,80877,8,,,2,30,,80897,8,,,1,70,,80883,8,,,1,28,,80873,8,,,1,70,,80878,8,,,1,30,,80879,8,,,1,70,,80884,8,,,1,30,,80874,8,,,1,70,,80904,8,,,1,30,,80880,8,,,1,70,,80885,8,,,1,30,,80875,8,,,1,70,,80901,8,,,1,31,,80876,8,,,1,65,,80902,8,,,1,306,,80900,8,,,1,20,,80889,8,,,1,69,,80881,8,,,1,30,,80893,8,,,1,70,,80899,8,,,1,31,,80890,8,,,1,69,,80892,8,,,1,30,,80894,8,,,1,70,,80887,8,,,1,30,,80896,8,,,1,70,,80891,8,,,1,29,,80895,8,,,1,30,,80898,8,,,1
3600,'Semaine-1',859,,81164,8,,,1,99,,81165,8,,,1,100,,81163,8,,,1,100,,81166,8,,,1,100,,81168,8,,,1,100,,81169,8,,,1,99,,81167,8,,,1
3600,'Semaine-12',859,,81171,8,,,1,99,,81172,8,,,1,100,,81170,8,,,1,100,,81173,8,,,1,100,,81175,8,,,1,100,,81176,8,,,1,99,,81174,8,,,1
3700,'Samedi-1',722,,81191,8,,,1,100,,81192,8,,,1,100,,81194,8,,,1,101,,81195,8,,,1,100,,81193,8,,,1,100,,81196,8,,,1,100,,81197,8,,,1,100,,81198,8,,,1,100,,81199,8,,,1,100,,81200,8,,,1,100,,81201,8,,,1,100,,81202,8,,,1,99,,81203,8,,,1,100,,81204,8,,,1,100,,81205,8,,,1,100,,81206,8,,,1,100,,81207,8,,,1,100,,81208,8,,,1
3700,'Samedi-10',722,,68178,8,,,1,100,,68179,8,,,1,100,,68181,8,,,1,101,,68182,8,,,1,100,,68180,8,,,1,100,,68183,8,,,1,100,,68184,8,,,1,100,,68185,8,,,1,100,,68186,8,,,1,100,,68187,8,,,1,100,,68188,8,,,1,100,,68189,8,,,1,99,,68190,8,,,1,100,,68191,8,,,1,100,,68192,8,,,1,100,,68193,8,,,1,100,,68194,8,,,1,100,,68195,8,,,1
3700,'Dimanche-1',722,,81211,8,,,1,100,,81214,8,,,1,100,,81216,8,,,1,101,,81212,8,,,1,100,,81209,8,,,1,100,,81213,8,,,1,100,,81210,8,,,1,100,,81215,8,,,1,100,,81217,8,,,1,100,,81219,8,,,1,100,,81218,8,,,1,100,,81222,8,,,1,99,,81221,8,,,1,100,,81220,8,,,1,100,,81223,8,,,1,100,,81224,8,,,1,100,,81225,8,,,1,100,,81226,8,,,1
3700,'Semaine-1',639,,81248,8,,,1,81,,81254,8,,,1,34,,81245,8,,,1,66,,81229,8,,,1,31,,81243,8,,,1,89,,81235,8,,,1,100,,81231,8,,,1,100,,81232,8,,,1,100,,81233,8,,,1,100,,81234,8,,,1,100,,81240,8,,,1,86,,81241,8,,,1,16,,81242,8,,,1,15,,81228,8,,,1,55,,81250,8,,,1,25,,81237,8,,,1,70,,81246,8,,,1,23,,81236,8,,,1,28,,81230,8,,,1,70,,81227,8,,,1,30,,81238,8,,,1,70,,81253,8,,,1,29,,81244,8,,,1,76,,81255,8,,,1,100,,81251,8,,,1,100,,81239,8,,,1,100,,81249,8,,,1,99,,81252,8,,,1,15,,81247,8,,,1
3700,'Semaine-12',639,,81277,8,,,1,81,,81283,8,,,1,34,,81274,8,,,1,66,,81258,8,,,1,31,,81272,8,,,1,89,,81264,8,,,1,100,,81260,8,,,1,100,,81261,8,,,1,100,,81262,8,,,1,100,,81263,8,,,1,100,,81269,8,,,1,86,,81270,8,,,1,16,,81271,8,,,1,15,,81257,8,,,1,55,,81279,8,,,1,25,,81266,8,,,1,70,,81275,8,,,1,23,,81265,8,,,1,28,,81259,8,,,1,70,,81256,8,,,1,30,,81267,8,,,1,70,,81282,8,,,1,29,,81273,8,,,1,76,,81284,8,,,1,100,,81280,8,,,1,100,,81268,8,,,1,100,,81278,8,,,1,99,,81281,8,,,1,15,,81276,8,,,1
4000,'Semaine-1',1516,,81911,7,,,1,30,,81907,7,,,2,72,,81910,7,,,1,27,,81909,7,,,1,70,,81908,7,,,1,31,,81912,7,,,1
4000,'Semaine-12',1516,,81917,7,,,1,30,,81913,7,,,2,72,,81916,7,,,1,27,,81915,7,,,1,70,,81914,7,,,1,31,,81918,7,,,1
4100,'Semaine-1',1527,,81932,7,,,1,30,,81934,7,,,1,72,,81933,7,,,2,26,,81931,7,,,1,70,,81935,7,,,1
4100,'Semaine-12',1527,,81937,7,,,1,30,,81939,7,,,1,72,,81938,7,,,2,26,,81936,7,,,1,70,,81940,7,,,1
4500,'Semaine-1',1502,,81964,7,,,1,33,,81959,7,,,1,70,,81960,7,,,1,32,,81962,7,,,1,67,,81963,7,,,1,29,,81961,7,,,2
4500,'Semaine-12',1502,,81970,7,,,1,33,,81965,7,,,1,70,,81966,7,,,1,32,,81968,7,,,1,67,,81969,7,,,1,29,,81967,7,,,2
4700,'Semaine-1',1521,,81983,7,,,1,100,,81984,7,,,1,98,,81985,7,,,2
4700,'Semaine-12',1521,,81986,7,,,1,100,,81987,7,,,1,98,,81988,7,,,2
5500,'Samedi-1',657,,82390,8,,,1,70,,82387,8,,,1,30,,82388,8,,,1,70,,82391,8,,,1,30,,82389,8,,,1,70,,82396,8,,,1,31,,82393,8,,,1,69,,82394,8,,,1,30,,82399,8,,,1,71,,82398,8,,,1,30,,82392,8,,,1,70,,82395,8,,,1,30,,82397,8,,,1,70,,82400,8,,,1,30,,82401,8,,,1,70,,82402,8,,,1,30,,82403,8,,,1,69,,82404,8,,,1,30,,82405,8,,,1,71,,82406,8,,,1,30,,82407,8,,,1,70,,82408,8,,,1,30,,82409,8,,,1,70,,82410,8,,,1,29,,82412,8,,,1,70,,82411,8,,,1,30,,82413,8,,,1,70,,82415,8,,,1,30,,82414,8,,,1,70,,82416,8,,,1,30,,82417,8,,,1,70,,82420,8,,,1,30,,82422,8,,,1,70,,82419,8,,,1,30,,82418,8,,,1,69,,82421,8,,,1
5500,'Samedi-10',657,,70650,8,,,1,70,,70647,8,,,1,30,,70648,8,,,1,70,,70651,8,,,1,30,,70649,8,,,1,70,,70656,8,,,1,31,,70653,8,,,1,69,,70654,8,,,1,30,,70659,8,,,1,71,,70658,8,,,1,30,,70652,8,,,1,70,,70655,8,,,1,30,,70657,8,,,1,70,,70660,8,,,1,30,,70661,8,,,1,70,,70662,8,,,1,30,,70663,8,,,1,69,,70664,8,,,1,30,,70665,8,,,1,71,,70666,8,,,1,30,,70667,8,,,1,70,,70668,8,,,1,30,,70669,8,,,1,70,,70670,8,,,1,29,,70672,8,,,1,70,,70671,8,,,1,30,,70673,8,,,1,70,,70675,8,,,1,30,,70674,8,,,1,70,,70676,8,,,1,30,,70677,8,,,1,70,,70680,8,,,1,30,,70682,8,,,1,70,,70679,8,,,1,30,,70678,8,,,1,69,,70681,8,,,1
5500,'Dimanche-1',657,,82427,8,,,1,70,,82432,8,,,1,30,,82424,8,,,1,70,,82429,8,,,1,30,,82426,8,,,1,70,,82423,8,,,1,31,,82434,8,,,1,69,,82428,8,,,1,30,,82425,8,,,1,71,,82437,8,,,1,30,,82433,8,,,1,70,,82438,8,,,1,30,,82431,8,,,1,70,,82430,8,,,1,30,,82436,8,,,1,70,,82441,8,,,1,30,,82435,8,,,1,69,,82440,8,,,1,30,,82443,8,,,1,71,,82447,8,,,1,30,,82442,8,,,1,70,,82448,8,,,1,30,,82439,8,,,1,70,,82445,8,,,1,29,,82446,8,,,1,70,,82449,8,,,1,30,,82444,8,,,1,70,,82450,8,,,1,30,,82452,8,,,1,70,,82451,8,,,1,30,,82453,8,,,1,70,,82455,8,,,1,30,,82456,8,,,1,70,,82454,8,,,1,30,,82457,8,,,1,69,,82458,8,,,1
5500,'Semaine-1',629,,82461,8,,,1,100,,82477,8,,,1,29,,82460,8,,,1,100,,82496,8,,,1,68,,82497,8,,,1,30,,82466,8,,,1,70,,82476,8,,,1,30,,82480,8,,,1,70,,82502,8,,,1,30,,82462,8,,,1,71,,82501,8,,,1,30,,82479,8,,,1,70,,82494,8,,,1,30,,82488,8,,,1,62,,82495,8,,,1,15,,82481,8,,,1,14,,82459,8,,,1,55,,82500,8,,,1,16,,82470,8,,,1,15,,82503,8,,,1,13,,82491,8,,,1,10,,82463,8,,,1,53,,82474,8,,,1,18,,82506,8,,,1,9,,82499,8,,,1,11,,82465,8,,,1,11,,82482,8,,,1,51,,82475,8,,,1,12,,82504,8,,,1,13,,82489,8,,,1,9,,82469,8,,,1,12,,82464,8,,,1,50,,82505,8,,,1,11,,82473,8,,,1,12,,82468,8,,,1,10,,82478,8,,,1,70,,82493,8,,,1,30,,82498,8,,,1,70,,82485,8,,,1,30,,82471,8,,,1,70,,82492,8,,,1,29,,82483,8,,,1,70,,82486,8,,,1,30,,82472,8,,,1,70,,82487,8,,,1,30,,82484,8,,,1,69,,82467,8,,,1,30,,82490,8,,,1
5500,'Semaine-12',629,,82509,8,,,1,100,,82525,8,,,1,29,,82508,8,,,1,100,,82544,8,,,1,68,,82545,8,,,1,30,,82514,8,,,1,70,,82524,8,,,1,30,,82528,8,,,1,70,,82550,8,,,1,30,,82510,8,,,1,71,,82549,8,,,1,30,,82527,8,,,1,70,,82542,8,,,1,30,,82536,8,,,1,62,,82543,8,,,1,15,,82529,8,,,1,14,,82507,8,,,1,55,,82548,8,,,1,16,,82518,8,,,1,15,,82551,8,,,1,13,,82539,8,,,1,10,,82511,8,,,1,53,,82522,8,,,1,18,,82554,8,,,1,9,,82547,8,,,1,11,,82513,8,,,1,11,,82530,8,,,1,51,,82523,8,,,1,12,,82552,8,,,1,13,,82537,8,,,1,9,,82517,8,,,1,12,,82512,8,,,1,50,,82553,8,,,1,11,,82521,8,,,1,12,,82516,8,,,1,10,,82526,8,,,1,70,,82541,8,,,1,30,,82546,8,,,1,70,,82533,8,,,1,30,,82519,8,,,1,70,,82540,8,,,1,29,,82531,8,,,1,70,,82534,8,,,1,30,,82520,8,,,1,70,,82535,8,,,1,30,,82532,8,,,1,69,,82515,8,,,1,30,,82538,8,,,1
5900,'Samedi-1',712,,82779,8,,,1,30,,82782,8,,,1,70,,82775,8,,,1,30,,82781,8,,,1,70,,82778,8,,,1,30,,82783,8,,,1,70,,82787,8,,,1,30,,82788,8,,,1,70,,82777,8,,,1,30,,82776,8,,,1,70,,82786,8,,,1,30,,82780,8,,,1,70,,82784,8,,,1,30,,82789,8,,,1,70,,82785,8,,,1,30,,82790,8,,,1,70,,82791,8,,,1,30,,82792,8,,,1,70,,82793,8,,,1,32,,82794,8,,,1,69,,82795,8,,,1,30,,82796,8,,,1,69,,82797,8,,,1,30,,82798,8,,,1,70,,82799,8,,,1,30,,82801,8,,,1,70,,82800,8,,,1,30,,82803,8,,,1,70,,82802,8,,,1,29,,82804,8,,,1,71,,82805,8,,,1,30,,82807,8,,,1,70,,82806,8,,,1,30,,82808,8,,,1
5900,'Samedi-10',712,,71438,8,,,1,30,,71441,8,,,1,70,,71434,8,,,1,30,,71440,8,,,1,70,,71437,8,,,1,30,,71442,8,,,1,70,,71446,8,,,1,30,,71447,8,,,1,70,,71436,8,,,1,30,,71435,8,,,1,70,,71445,8,,,1,30,,71439,8,,,1,70,,71443,8,,,1,30,,71448,8,,,1,70,,71444,8,,,1,30,,71449,8,,,1,70,,71450,8,,,1,30,,71451,8,,,1,70,,71452,8,,,1,32,,71453,8,,,1,69,,71454,8,,,1,30,,71455,8,,,1,69,,71456,8,,,1,30,,71457,8,,,1,70,,71458,8,,,1,30,,71460,8,,,1,70,,71459,8,,,1,30,,71462,8,,,1,70,,71461,8,,,1,29,,71463,8,,,1,71,,71464,8,,,1,30,,71466,8,,,1,70,,71465,8,,,1,30,,71467,8,,,1
5900,'Dimanche-1',712,,82814,8,,,1,30,,82813,8,,,1,70,,82809,8,,,1,30,,82818,8,,,1,70,,82824,8,,,1,30,,82815,8,,,1,70,,82822,8,,,1,30,,82817,8,,,1,70,,82823,8,,,1,30,,82810,8,,,1,70,,82821,8,,,1,30,,82811,8,,,1,70,,82819,8,,,1,30,,82825,8,,,1,70,,82812,8,,,1,30,,82816,8,,,1,70,,82820,8,,,1,30,,82829,8,,,1,70,,82830,8,,,1,32,,82827,8,,,1,69,,82832,8,,,1,30,,82828,8,,,1,69,,82834,8,,,1,30,,82826,8,,,1,70,,82831,8,,,1,30,,82835,8,,,1,70,,82833,8,,,1,30,,82836,8,,,1,70,,82837,8,,,1,29,,82838,8,,,1,71,,82839,8,,,1,30,,82841,8,,,1,70,,82840,8,,,1,30,,82842,8,,,1
5900,'Semaine-1',558,,82850,8,,,1,97,,82885,8,,,1,86,,82890,8,,,1,88,,82866,8,,,1,84,,82862,8,,,1,29,,82883,8,,,1,70,,82859,8,,,1,30,,82882,8,,,1,70,,82873,8,,,1,30,,82867,8,,,1,71,,82875,8,,,1,30,,82858,8,,,1,70,,82886,8,,,1,30,,82849,8,,,1,70,,82880,8,,,1,14,,82851,8,,,1,17,,82884,8,,,1,70,,82844,8,,,1,14,,82888,8,,,1,15,,82843,8,,,1,8,,82878,8,,,1,54,,82874,8,,,1,7,,82887,3,,,1,6,,82861,8,,,1,13,,82845,8,,,1,6,,82889,3,,,1,6,,82846,8,,,1,12,,82854,8,,,1,52,,82881,8,,,1,12,,82870,8,,,1,11,,82857,8,,,1,12,,82879,8,,,1,12,,82865,8,,,1,52,,82877,8,,,1,9,,82847,8,,,1,10,,82852,8,,,1,31,,82872,8,,,1,69,,82863,8,,,1,30,,82868,8,,,1,69,,82856,8,,,1,30,,82864,8,,,1,70,,82869,8,,,1,30,,82876,8,,,1,70,,82853,8,,,1,30,,82871,8,,,1,70,,82860,8,,,1,30,,82848,8,,,1,70,,82855,8,,,1
5900,'Semaine-12',558,,82898,8,,,1,97,,82933,8,,,1,86,,82938,8,,,1,88,,82914,8,,,1,84,,82910,8,,,1,29,,82931,8,,,1,70,,82907,8,,,1,30,,82930,8,,,1,70,,82921,8,,,1,30,,82915,8,,,1,71,,82923,8,,,1,30,,82906,8,,,1,70,,82934,8,,,1,30,,82897,8,,,1,70,,82928,8,,,1,14,,82899,8,,,1,17,,82932,8,,,1,70,,82892,8,,,1,14,,82936,8,,,1,15,,82891,8,,,1,8,,82926,8,,,1,54,,82922,8,,,1,7,,82935,3,,,1,6,,82909,8,,,1,13,,82893,8,,,1,6,,82937,3,,,1,6,,82894,8,,,1,12,,82902,8,,,1,52,,82929,8,,,1,12,,82918,8,,,1,11,,82905,8,,,1,12,,82927,8,,,1,12,,82913,8,,,1,52,,82925,8,,,1,9,,82895,8,,,1,10,,82900,8,,,1,31,,82920,8,,,1,69,,82911,8,,,1,30,,82916,8,,,1,69,,82904,8,,,1,30,,82912,8,,,1,70,,82917,8,,,1,30,,82924,8,,,1,70,,82901,8,,,1,30,,82919,8,,,1,70,,82908,8,,,1,30,,82896,8,,,1,70,,82903,8,,,1
10000,'Semaine-1',1513,,85718,7,,,1,9,,85720,7,,,1,11,,85705,7,,,1,8,,85706,7,,,1,7,,85707,7,,,1,9,,85719,7,,,1,48,,85708,7,,,1,10,,85709,7,,,1,9,,85710,7,,,1,10,,85711,7,,,1,10,,85712,7,,,1,10,,85713,7,,,1,52,,85714,7,,,1,10,,85715,7,,,1,8,,85716,7,,,1,12,,85717,7,,,1
10000,'Semaine-12',1513,,85734,7,,,1,9,,85736,7,,,1,11,,85721,7,,,1,8,,85722,7,,,1,7,,85723,7,,,1,9,,85735,7,,,1,48,,85724,7,,,1,10,,85725,7,,,1,9,,85726,7,,,1,10,,85727,7,,,1,10,,85728,7,,,1,10,,85729,7,,,1,52,,85730,7,,,1,10,,85731,7,,,1,8,,85732,7,,,1,12,,85733,7,,,1
37100,'Samedi-1',753,,85916,8,,,1,100,,85920,8,,,1,100,,85915,8,,,1,100,,85921,8,,,1,100,,85917,8,,,1,100,,85918,8,,,1,100,,85919,8,,,1,100,,85922,8,,,1,100,,85923,8,,,1,100,,85924,8,,,1,100,,85925,8,,,1,100,,85926,8,,,1,100,,85927,8,,,1,100,,85928,8,,,1,100,,85929,8,,,1,100,,85930,8,,,1,100,,85931,8,,,1
37100,'Samedi-10',753,,77442,8,,,1,100,,77446,8,,,1,100,,77441,8,,,1,100,,77447,8,,,1,100,,77443,8,,,1,100,,77444,8,,,1,100,,77445,8,,,1,100,,77448,8,,,1,100,,77449,8,,,1,100,,77450,8,,,1,100,,77451,8,,,1,100,,77452,8,,,1,100,,77453,8,,,1,100,,77454,8,,,1,100,,77455,8,,,1,100,,77456,8,,,1,100,,77457,8,,,1
37100,'Dimanche-1',753,,85932,8,,,1,100,,85934,8,,,1,100,,85936,8,,,1,100,,85937,8,,,1,100,,85944,8,,,1,100,,85933,8,,,1,100,,85938,8,,,1,100,,85935,8,,,1,100,,85940,8,,,1,100,,85942,8,,,1,100,,85943,8,,,1,100,,85941,8,,,1,100,,85939,8,,,1,100,,85945,8,,,1,100,,85946,8,,,1,100,,85947,8,,,1,100,,85948,8,,,1
37100,'Semaine-1',658,,85962,8,,,1,72,,85959,8,,,1,70,,85955,8,,,1,29,,85950,8,,,1,90,,85969,8,,,1,99,,85954,8,,,1,101,,85956,8,,,1,100,,85968,8,,,1,99,,85963,8,,,1,101,,85952,8,,,1,92,,85964,8,,,1,19,,85973,8,,,1,16,,85953,8,,,1,55,,85974,8,,,1,25,,85949,8,,,1,20,,85958,8,,,1,69,,85965,8,,,1,25,,85971,8,,,1,69,,85970,8,,,1,30,,85960,8,,,1,69,,85972,8,,,1,30,,85975,8,,,1,70,,85961,8,,,1,95,,85957,8,,,1,100,,85967,8,,,1,100,,85966,8,,,1,99,,85951,8,,,1
37100,'Semaine-12',658,,85989,8,,,1,72,,85986,8,,,1,70,,85982,8,,,1,29,,85977,8,,,1,90,,85996,8,,,1,99,,85981,8,,,1,101,,85983,8,,,1,100,,85995,8,,,1,99,,85990,8,,,1,101,,85979,8,,,1,92,,85991,8,,,1,19,,86000,8,,,1,16,,85980,8,,,1,55,,86001,8,,,1,25,,85976,8,,,1,20,,85985,8,,,1,69,,85992,8,,,1,25,,85998,8,,,1,69,,85997,8,,,1,30,,85987,8,,,1,69,,85999,8,,,1,30,,86002,8,,,1,70,,85988,8,,,1,95,,85984,8,,,1,100,,85994,8,,,1,100,,85993,8,,,1,99,,85978,8,,,1
65500,'Semaine-1',710,,86863,1,0,9 10,1
65500,'Semaine-12',710,,86864,1,0,9 10,1
72500,'Semaine-1',1616,,86867,5,0,5 11,1
72500,'Semaine-12',1616,,86868,5,0,5 11,1
72900,'Semaine-1',1619,,86873,5,0,5 11,2
72900,'Semaine-12',1619,,86874,5,0,5 11,2
73300,'Semaine-1',1616,,86877,4,,,1
73300,'Semaine-12',1616,,86878,4,,,1
74000,'Semaine-1',1617,,86880,4,0,5 11,1
74000,'Semaine-12',1617,,86882,4,0,5 11,1
