6501,'Samedi-1',742,,83537,6,,,1,100,,83535,6,,,1,100,,83534,6,,,1,100,,83532,6,,,1,100,,83531,6,,,1,100,,83533,6,,,1,100,,83536,6,,,1,100,,83538,6,,,1,100,,83539,6,,,1,100,,83540,6,,,1,100,,83541,6,,,1,100,,83545,6,,,1,100,,83542,6,,,1,100,,83543,6,,,1,100,,83544,6,,,1,100,,83546,6,,,1,100,,83547,6,,,1
6501,'Samedi-10',742,,72923,6,,,1,100,,72921,6,,,1,100,,72920,6,,,1,100,,72918,6,,,1,100,,72917,6,,,1,100,,72919,6,,,1,100,,72922,6,,,1,100,,72924,6,,,1,100,,72925,6,,,1,100,,72926,6,,,1,100,,72927,6,,,1,100,,72931,6,,,1,100,,72928,6,,,1,100,,72929,6,,,1,100,,72930,6,,,1,100,,72932,6,,,1,100,,72933,6,,,1
6501,'Dimanche-1',742,,83551,6,,,1,100,,83552,6,,,1,100,,83548,6,,,1,100,,83549,6,,,1,100,,83550,6,,,1,100,,83553,6,,,1,100,,83555,6,,,1,100,,83554,6,,,1,100,,83559,6,,,1,100,,83556,6,,,1,100,,83558,6,,,1,100,,83560,6,,,1,100,,83557,6,,,1,100,,83561,6,,,1,100,,83562,6,,,1,100,,83563,6,,,1,100,,83564,6,,,1
6501,'Semaine-1',537,,83577,6,,,1,70,,83590,6,,,1,32,,83594,6,,,1,20,,83579,6,,,1,59,,83580,6,,,1,21,,83593,6,,,1,62,,83578,6,,,2,19,,83576,6,,,1,19,,83587,6,,,2,20,,83566,6,,,2,60,,83582,6,,,1,26,,83573,6,,,1,70,,83575,6,,,1,100,,83583,6,,,1,101,,83570,6,,,1,100,,83585,6,,,1,100,,83567,6,,,1,100,,83571,6,,,1,33,,83584,6,,,2,61,,83569,6,,,1,14,,83591,6,,,2,22,,83588,6,,,1,60,,83572,6,,,2,14,,83565,6,,,1,20,,83586,6,,,2,60,,83589,6,,,2,19,,83574,6,,,1,20,,83568,6,,,2,20,,83596,6,,,2,97,,83592,6,,,1,100,,83595,6,,,1,100,,83597,6,,,1,100,,83581,6,,,1
6501,'Semaine-12',537,,83610,6,,,1,70,,83623,6,,,1,32,,83627,6,,,1,20,,83612,6,,,1,59,,83613,6,,,1,21,,83626,6,,,1,62,,83611,6,,,2,19,,83609,6,,,1,19,,83620,6,,,2,20,,83599,6,,,2,60,,83615,6,,,1,26,,83606,6,,,1,70,,83608,6,,,1,100,,83616,6,,,1,101,,83603,6,,,1,100,,83618,6,,,1,100,,83600,6,,,1,100,,83604,6,,,1,33,,83617,6,,,2,61,,83602,6,,,1,14,,83624,6,,,2,22,,83621,6,,,1,60,,83605,6,,,2,14,,83598,6,,,1,20,,83619,6,,,2,60,,83622,6,,,2,19,,83607,6,,,1,20,,83601,6,,,2,20,,83629,6,,,2,97,,83625,6,,,1,100,,83628,6,,,1,100,,83630,6,,,1,100,,83614,6,,,1
7600,'Samedi-1',737,,84976,6,,,1,100,,84979,6,,,1,100,,84978,6,,,1,100,,84981,6,,,1,100,,84980,6,,,1,101,,84975,6,,,1,99,,84977,6,,,1,100,,84982,6,,,1,100,,84983,6,,,1,100,,84984,6,,,1,100,,84985,6,,,1,100,,84986,6,,,1,100,,84987,6,,,1,100,,84988,6,,,1,100,,84989,6,,,1,100,,84990,6,,,1
7600,'Samedi-10',737,,75740,6,,,1,100,,75743,6,,,1,100,,75742,6,,,1,100,,75745,6,,,1,100,,75744,6,,,1,101,,75739,6,,,1,99,,75741,6,,,1,100,,75746,6,,,1,100,,75747,6,,,1,100,,75748,6,,,1,100,,75749,6,,,1,100,,75750,6,,,1,100,,75751,6,,,1,100,,75752,6,,,1,100,,75753,6,,,1,100,,75754,6,,,1
7600,'Dimanche-1',737,,84994,6,,,1,100,,84993,6,,,1,100,,84992,6,,,1,100,,84997,6,,,1,100,,84991,6,,,1,101,,84996,6,,,1,99,,84995,6,,,1,100,,84998,6,,,1,100,,84999,6,,,1,100,,85000,6,,,1,100,,85003,6,,,1,100,,85001,6,,,1,100,,85002,6,,,1,100,,85004,6,,,1,100,,85005,6,,,1,100,,85006,6,,,1
7600,'Semaine-1',542,,85033,6,,,1,70,,85030,6,,,1,22,,85034,6,,,1,18,,85031,6,,,1,59,,85032,6,,,2,24,,85035,6,,,1,23,,85036,6,,,1,54,,85044,6,,,1,20,,85043,6,,,1,23,,85038,6,,,1,60,,85039,6,,,2,25,,85037,6,,,1,70,,85041,6,,,1,30,,85040,6,,,1,70,,85042,6,,,2,28,,85010,6,,,1,72,,85011,6,,,1,30,,85012,6,,,1,70,,85008,6,,,1,30,,85015,6,,,1,70,,85009,6,,,1,31,,85013,6,,,1,70,,85014,6,,,1,34,,85007,6,,,1,56,,85022,6,,,1,17,,85016,6,,,1,23,,85019,6,,,2,60,,85023,6,,,1,14,,85020,6,,,2,20,,85024,6,,,1,70,,85025,6,,,1,30,,85021,6,,,1,70,,85026,6,,,1,46,,85017,6,,,1,98,,85027,6,,,2,100,,85028,6,,,2,100,,85018,6,,,2,100,,85029,6,,,1
7600,'Semaine-12',542,,85071,6,,,1,70,,85068,6,,,1,22,,85072,6,,,1,18,,85069,6,,,1,59,,85070,6,,,2,24,,85073,6,,,1,23,,85074,6,,,1,54,,85082,6,,,1,20,,85081,6,,,1,23,,85076,6,,,1,60,,85077,6,,,2,25,,85075,6,,,1,70,,85079,6,,,1,30,,85078,6,,,1,70,,85080,6,,,2,28,,85048,6,,,1,72,,85049,6,,,1,30,,85050,6,,,1,70,,85046,6,,,1,30,,85053,6,,,1,70,,85047,6,,,1,31,,85051,6,,,1,70,,85052,6,,,1,34,,85045,6,,,1,56,,85060,6,,,1,17,,85054,6,,,1,23,,85057,6,,,2,60,,85061,6,,,1,14,,85058,6,,,2,20,,85062,6,,,1,70,,85063,6,,,1,30,,85059,6,,,1,70,,85064,6,,,1,46,,85055,6,,,1,98,,85065,6,,,2,100,,85066,6,,,2,100,,85056,6,,,2,100,,85067,6,,,1
57600,'Semaine-1',1543,,86829,16,0,5 6,1
57600,'Semaine-12',1543,,86830,16,0,5 6,1
