2600,'Semaine-1',1610,,80019,31,,,1,32,,80018,31,,,1,68,,80017,31,,,2,30,,80020,31,,,1,67,,80021,31,,,2
2600,'Semaine-12',1610,,80024,31,,,1,32,,80023,31,,,1,68,,80022,31,,,2,30,,80025,31,,,1,67,,80026,31,,,2
3901,'Samedi-1',629,,81789,33,,,1,101,,81791,33,,,1,100,,81795,33,,,1,101,,81794,33,,,1,100,,81797,33,,,1,100,,81796,33,,,1,102,,81792,33,,,1,70,,81790,33,,,1,30,,81798,33,,,1,70,,81793,33,,,1,30,,81799,33,,,1,70,,81800,33,,,1,31,,81801,33,,,1,70,,81802,33,,,1,30,,81803,33,,,1,70,,81804,33,,,1,30,,81805,33,,,1,70,,81806,33,,,1,29,,81807,33,,,1,69,,81808,33,,,1,100,,81809,33,,,1,100,,81810,33,,,1,100,,81811,33,,,1,100,,81812,33,,,1
3901,'Samedi-10',629,,69456,33,,,1,101,,69458,33,,,1,100,,69462,33,,,1,101,,69461,33,,,1,100,,69464,33,,,1,100,,69463,33,,,1,102,,69459,33,,,1,70,,69457,33,,,1,30,,69465,33,,,1,70,,69460,33,,,1,30,,69466,33,,,1,70,,69467,33,,,1,31,,69468,33,,,1,70,,69469,33,,,1,30,,69470,33,,,1,70,,69471,33,,,1,30,,69472,33,,,1,70,,69473,33,,,1,29,,69474,33,,,1,69,,69475,33,,,1,100,,69476,33,,,1,100,,69477,33,,,1,100,,69478,33,,,1,100,,69479,33,,,1
3901,'Dimanche-1',629,,81813,33,,,1,101,,81820,33,,,1,100,,81823,33,,,1,101,,81816,33,,,1,100,,81818,33,,,1,100,,81819,33,,,1,102,,81822,33,,,1,70,,81815,33,,,1,30,,81817,33,,,1,70,,81824,33,,,1,30,,81814,33,,,1,70,,81826,33,,,1,31,,81821,33,,,1,70,,81828,33,,,1,30,,81831,33,,,1,70,,81833,33,,,1,30,,81829,33,,,1,70,,81830,33,,,1,29,,81832,33,,,1,69,,81825,33,,,1,100,,81827,33,,,1,100,,81834,33,,,1,100,,81835,33,,,1,100,,81836,33,,,1
3901,'Semaine-1',653,,81859,33,,,1,67,,81848,33,,,1,37,,81849,33,,,1,73,,81845,33,,,1,71,,81851,33,,,1,30,,81853,33,,,2,70,,81860,33,,,1,30,,81871,33,,,1,70,,81866,33,,,2,30,,81861,33,,,1,70,,81846,33,,,1,32,,81855,33,,,1,70,,81862,33,,,1,29,,81847,33,,,2,70,,81844,33,,,1,34,,81863,33,,,1,69,,81856,33,,,1,33,,81837,33,,,1,71,,81864,33,,,2,30,,81842,33,,,1,70,,81839,33,,,1,29,,81867,33,,,1,67,,81852,33,,,1,32,,81858,33,,,2,70,,81843,33,,,2,31,,81865,33,,,1,65,,81838,33,,,2,26,,81868,33,,,1,30,,81841,33,,,1,70,,81857,33,,,1,72,,81869,33,,,1,30,,81840,33,,,1,72,,81850,33,,,1,28,,81870,33,,,1,70,,81854,33,,,1
3901,'Semaine-12',653,,81894,33,,,1,67,,81883,33,,,1,37,,81884,33,,,1,73,,81880,33,,,1,71,,81886,33,,,1,30,,81888,33,,,2,70,,81895,33,,,1,30,,81906,33,,,1,70,,81901,33,,,2,30,,81896,33,,,1,70,,81881,33,,,1,32,,81890,33,,,1,70,,81897,33,,,1,29,,81882,33,,,2,70,,81879,33,,,1,34,,81898,33,,,1,69,,81891,33,,,1,33,,81872,33,,,1,71,,81899,33,,,2,30,,81877,33,,,1,70,,81874,33,,,1,29,,81902,33,,,1,67,,81887,33,,,1,32,,81893,33,,,2,70,,81878,33,,,2,31,,81900,33,,,1,65,,81873,33,,,2,26,,81903,33,,,1,30,,81876,33,,,1,70,,81892,33,,,1,72,,81904,33,,,1,30,,81875,33,,,1,72,,81885,33,,,1,28,,81905,33,,,1,70,,81889,33,,,1
32601,'Semaine-1',814,,85905,17,0,7 8,1
32601,'Semaine-12',814,,85906,17,0,7 8,1
63901,'Semaine-1',700,,86835,8,0,9 10,1
63901,'Semaine-12',700,,86836,8,0,9 10,1
72601,'Semaine-1',1527,,86871,11,,,1
72601,'Semaine-12',1527,,86872,11,,,1
82601,'Semaine-1',738,,87124,17,0,9 12 13,1,1,,87125,17,0,9 12 13,1
82601,'Semaine-12',738,,87126,17,0,9 12 13,1,1,,87127,17,0,9 12 13,1
