5501,'Samedi-1',657,,82555,21,,,1,70,,82558,21,,,1,31,,82557,21,,,1,70,,82567,21,,,1,29,,82556,21,,,1,70,,82559,21,,,1,31,,82560,21,,,1,69,,82566,21,,,1,30,,82562,21,,,1,70,,82563,21,,,1,30,,82561,21,,,1,70,,82569,21,,,1,30,,82568,21,,,1,70,,82564,21,,,1,30,,82565,21,,,1,72,,82570,21,,,1,28,,82571,21,,,1,72,,82572,21,,,1,28,,82573,21,,,1,72,,82574,21,,,1,28,,82575,21,,,1,72,,82576,21,,,1,28,,82577,21,,,1,71,,82578,21,,,1,30,,82579,21,,,1,70,,82580,21,,,1,30,,82581,21,,,1,70,,82582,21,,,1,30,,82583,21,,,1,70,,82585,21,,,1,30,,82584,21,,,1,70,,82587,21,,,1,30,,82586,21,,,1
5501,'Samedi-10',657,,71004,21,,,1,70,,71007,21,,,1,31,,71006,21,,,1,70,,71016,21,,,1,29,,71005,21,,,1,70,,71008,21,,,1,31,,71009,21,,,1,69,,71015,21,,,1,30,,71011,21,,,1,70,,71012,21,,,1,30,,71010,21,,,1,70,,71018,21,,,1,30,,71017,21,,,1,70,,71013,21,,,1,30,,71014,21,,,1,72,,71019,21,,,1,28,,71020,21,,,1,72,,71021,21,,,1,28,,71022,21,,,1,72,,71023,21,,,1,28,,71024,21,,,1,72,,71025,21,,,1,28,,71026,21,,,1,71,,71027,21,,,1,30,,71028,21,,,1,70,,71029,21,,,1,30,,71030,21,,,1,70,,71031,21,,,1,30,,71032,21,,,1,70,,71034,21,,,1,30,,71033,21,,,1,70,,71036,21,,,1,30,,71035,21,,,1
5501,'Dimanche-1',657,,82589,21,,,1,70,,82593,21,,,1,31,,82591,21,,,1,70,,82596,21,,,1,29,,82598,21,,,1,70,,82592,21,,,1,31,,82588,21,,,1,69,,82602,21,,,1,30,,82597,21,,,1,70,,82604,21,,,1,30,,82595,21,,,1,70,,82594,21,,,1,30,,82600,21,,,1,70,,82590,21,,,1,30,,82599,21,,,1,72,,82603,21,,,1,28,,82608,21,,,1,72,,82601,21,,,1,28,,82607,21,,,1,72,,82610,21,,,1,28,,82605,21,,,1,72,,82606,21,,,1,28,,82612,21,,,1,71,,82614,21,,,1,30,,82611,21,,,1,70,,82609,21,,,1,30,,82613,21,,,1,70,,82615,21,,,1,30,,82616,21,,,1,70,,82617,21,,,1,30,,82618,21,,,1,70,,82619,21,,,1,30,,82620,21,,,1
5501,'Semaine-1',517,,82634,21,,,1,14,,82641,21,,,1,15,,82640,21,,,1,56,,82624,21,,,1,15,,82662,21,,,1,21,,82661,21,,,1,8,,82621,21,,,1,12,,82666,21,,,1,55,,82647,21,,,1,13,,82655,21,,,1,16,,82625,21,,,1,9,,82629,21,,,1,52,,82627,21,,,1,9,,82656,21,,,1,6,,82658,21,,,1,14,,82635,21,,,1,68,,82639,21,,,1,12,,82626,21,,,1,11,,82660,21,,,1,30,,82653,21,,,1,71,,82657,21,,,1,28,,82623,21,,,1,70,,82630,21,,,1,30,,82643,21,,,1,70,,82654,21,,,1,29,,82650,21,,,1,70,,82631,21,,,1,30,,82663,21,,,1,70,,82622,21,,,1,30,,82628,21,,,1,89,,82632,21,,,1,101,,82637,21,,,1,100,,82642,21,,,1,101,,82659,21,,,1,60,,82648,21,,,1,30,,82636,21,,,1,72,,82652,21,,,1,30,,82645,21,,,1,70,,82664,21,,,1,30,,82638,21,,,1,69,,82644,21,,,1,33,,82646,21,,,1,70,,82633,21,,,1,30,,82651,21,,,1,70,,82649,21,,,1
5501,'Semaine-12',517,,82680,21,,,1,14,,82687,21,,,1,15,,82686,21,,,1,56,,82670,21,,,1,15,,82708,21,,,1,21,,82707,21,,,1,8,,82667,21,,,1,12,,82712,21,,,1,55,,82693,21,,,1,13,,82701,21,,,1,16,,82671,21,,,1,9,,82675,21,,,1,52,,82673,21,,,1,9,,82702,21,,,1,6,,82704,21,,,1,14,,82681,21,,,1,68,,82685,21,,,1,12,,82672,21,,,1,11,,82706,21,,,1,30,,82699,21,,,1,71,,82703,21,,,1,28,,82669,21,,,1,70,,82676,21,,,1,30,,82689,21,,,1,70,,82700,21,,,1,29,,82696,21,,,1,70,,82677,21,,,1,30,,82709,21,,,1,70,,82668,21,,,1,30,,82674,21,,,1,89,,82678,21,,,1,101,,82683,21,,,1,100,,82688,21,,,1,101,,82705,21,,,1,60,,82694,21,,,1,30,,82682,21,,,1,72,,82698,21,,,1,30,,82691,21,,,1,70,,82710,21,,,1,30,,82684,21,,,1,69,,82690,21,,,1,33,,82692,21,,,1,70,,82679,21,,,1,30,,82697,21,,,1,70,,82695,21,,,1
5801,'Semaine-1',554,,82763,9,,,1,71,,82767,9,,,1,30,,82765,9,,,1,70,,82764,9,,,1,30,,82761,9,,,1,70,,82766,9,,,1,800,,82762,9,,,1
5801,'Semaine-12',554,,82770,9,,,1,71,,82774,9,,,1,30,,82772,9,,,1,70,,82771,9,,,1,30,,82768,9,,,1,70,,82773,9,,,1,800,,82769,9,,,1
64501,'Semaine-1',1508,,86853,9,0,9 10,1
64501,'Semaine-12',1508,,86854,9,0,9 10,1
64701,'Semaine-1',1509,,86857,9,0,9 10,1
64701,'Semaine-12',1509,,86858,9,0,9 10,1
65501,'Semaine-1',1507,,86865,9,0,9 10,1
65501,'Semaine-12',1507,,86866,9,0,9 10,1
