2801,'Semaine-1',639,,80062,6,,,1,74,,80063,6,,,2,100,,80061,6,,,2
2801,'Semaine-12',639,,80065,6,,,1,74,,80066,6,,,2,100,,80064,6,,,2
3901,'Samedi-1',631,,81789,36,,,1,101,,81791,36,,,1,100,,81795,36,,,1,101,,81794,36,,,1,100,,81797,36,,,1,100,,81796,36,,,1,102,,81792,36,,,1,70,,81790,36,,,1,30,,81798,36,,,1,71,,81793,36,,,1,30,,81799,36,,,1,70,,81800,36,,,1,31,,81801,36,,,1,70,,81802,36,,,1,30,,81803,36,,,1,70,,81804,36,,,1,30,,81805,36,,,1,69,,81806,36,,,1,29,,81807,36,,,1,69,,81808,36,,,1,100,,81809,36,,,1,100,,81810,36,,,1,100,,81811,36,,,1,100,,81812,36,,,1
3901,'Samedi-10',631,,69456,36,,,1,101,,69458,36,,,1,100,,69462,36,,,1,101,,69461,36,,,1,100,,69464,36,,,1,100,,69463,36,,,1,102,,69459,36,,,1,70,,69457,36,,,1,30,,69465,36,,,1,71,,69460,36,,,1,30,,69466,36,,,1,70,,69467,36,,,1,31,,69468,36,,,1,70,,69469,36,,,1,30,,69470,36,,,1,70,,69471,36,,,1,30,,69472,36,,,1,69,,69473,36,,,1,29,,69474,36,,,1,69,,69475,36,,,1,100,,69476,36,,,1,100,,69477,36,,,1,100,,69478,36,,,1,100,,69479,36,,,1
3901,'Dimanche-1',631,,81813,36,,,1,101,,81820,36,,,1,100,,81823,36,,,1,101,,81816,36,,,1,100,,81818,36,,,1,100,,81819,36,,,1,102,,81822,36,,,1,70,,81815,36,,,1,30,,81817,36,,,1,71,,81824,36,,,1,30,,81814,36,,,1,70,,81826,36,,,1,31,,81821,36,,,1,70,,81828,36,,,1,30,,81831,36,,,1,70,,81833,36,,,1,30,,81829,36,,,1,69,,81830,36,,,1,29,,81832,36,,,1,69,,81825,36,,,1,100,,81827,36,,,1,100,,81834,36,,,1,100,,81835,36,,,1,100,,81836,36,,,1
3901,'Semaine-1',655,,81859,36,,,1,68,,81848,36,,,1,77,,81849,36,,,1,33,,81845,36,,,1,70,,81851,36,,,1,30,,81853,36,,,2,70,,81860,36,,,1,30,,81871,36,,,1,70,,81866,36,,,2,30,,81861,36,,,1,70,,81846,36,,,1,32,,81855,36,,,1,70,,81862,36,,,1,29,,81847,36,,,2,70,,81844,36,,,1,34,,81863,36,,,1,70,,81856,36,,,1,32,,81837,36,,,1,71,,81864,36,,,2,31,,81842,36,,,1,69,,81839,36,,,1,30,,81867,36,,,1,67,,81852,36,,,1,32,,81858,36,,,2,69,,81843,36,,,2,31,,81865,36,,,1,65,,81838,36,,,2,26,,81868,36,,,1,70,,81841,36,,,1,30,,81857,36,,,1,72,,81869,36,,,1,30,,81840,36,,,1,72,,81850,36,,,1,28,,81870,36,,,1,70,,81854,36,,,1
3901,'Semaine-12',655,,81894,36,,,1,68,,81883,36,,,1,77,,81884,36,,,1,33,,81880,36,,,1,70,,81886,36,,,1,30,,81888,36,,,2,70,,81895,36,,,1,30,,81906,36,,,1,70,,81901,36,,,2,30,,81896,36,,,1,70,,81881,36,,,1,32,,81890,36,,,1,70,,81897,36,,,1,29,,81882,36,,,2,70,,81879,36,,,1,34,,81898,36,,,1,70,,81891,36,,,1,32,,81872,36,,,1,71,,81899,36,,,2,31,,81877,36,,,1,69,,81874,36,,,1,30,,81902,36,,,1,67,,81887,36,,,1,32,,81893,36,,,2,69,,81878,36,,,2,31,,81900,36,,,1,65,,81873,36,,,2,26,,81903,36,,,1,70,,81876,36,,,1,30,,81892,36,,,1,72,,81904,36,,,1,30,,81875,36,,,1,72,,81885,36,,,1,28,,81905,36,,,1,70,,81889,36,,,1
5001,'Semaine-1',1619,,82225,10,,,1,100,,82227,10,,,1,99,,82226,10,,,2
5001,'Semaine-12',1619,,82228,10,,,1,100,,82230,10,,,1,99,,82229,10,,,2
55001,'Semaine-1',1532,,86805,8,0,5 6,1
55001,'Semaine-12',1532,,86808,8,0,5 6,1
63901,'Semaine-1',702,,86835,11,0,9 10,1
63901,'Semaine-12',702,,86836,11,0,9 10,1
