2800,'Semaine-1',1558,,80055,16,,,1,82,,80056,16,,,1,91,,80057,16,,,1
2800,'Semaine-12',1558,,80058,16,,,1,82,,80059,16,,,1,91,,80060,16,,,1
2900,'Semaine-1',1552,,80070,21,,,2,75,,80069,21,,,1,32,,80067,21,,,2,65,,80071,21,,,1,29,,80068,21,,,1
2900,'Semaine-12',1552,,80075,21,,,2,75,,80074,21,,,1,32,,80072,21,,,2,65,,80076,21,,,1,29,,80073,21,,,1
3400,'Samedi-1',740,,80773,22,,,1,100,,80778,22,,,1,70,,80774,22,,,1,31,,80780,22,,,1,70,,80781,22,,,1,31,,80775,22,,,1,70,,80776,22,,,1,30,,80777,22,,,1,70,,80779,22,,,1,30,,80782,22,,,1,70,,80784,22,,,1,30,,80783,22,,,1,70,,80785,22,,,1,30,,80786,22,,,1,70,,80787,22,,,1,30,,80788,22,,,1,70,,80789,22,,,1,30,,80790,22,,,1,70,,80791,22,,,1,30,,80792,22,,,1,70,,80793,22,,,1,30,,80794,22,,,1,69,,80795,22,,,1,29,,80796,22,,,1,71,,80797,22,,,1,30,,80798,22,,,1,70,,80799,22,,,1,30,,80800,22,,,1,70,,80801,22,,,1,30,,80803,22,,,1,70,,80802,22,,,1,29,,80805,22,,,1,70,,80804,22,,,1,27,,80806,22,,,1
3400,'Samedi-10',740,,67369,22,,,1,100,,67374,22,,,1,70,,67370,22,,,1,31,,67376,22,,,1,70,,67377,22,,,1,31,,67371,22,,,1,70,,67372,22,,,1,30,,67373,22,,,1,70,,67375,22,,,1,30,,67378,22,,,1,70,,67380,22,,,1,30,,67379,22,,,1,70,,67381,22,,,1,30,,67382,22,,,1,70,,67383,22,,,1,30,,67384,22,,,1,70,,67385,22,,,1,30,,67386,22,,,1,70,,67387,22,,,1,30,,67388,22,,,1,70,,67389,22,,,1,30,,67390,22,,,1,69,,67391,22,,,1,29,,67392,22,,,1,71,,67393,22,,,1,30,,67394,22,,,1,70,,67395,22,,,1,30,,67396,22,,,1,70,,67397,22,,,1,30,,67399,22,,,1,70,,67398,22,,,1,29,,67401,22,,,1,70,,67400,22,,,1,27,,67402,22,,,1
3400,'Dimanche-1',740,,80811,22,,,1,100,,80831,22,,,1,70,,80813,22,,,1,31,,80817,22,,,1,70,,80810,22,,,1,31,,80818,22,,,1,70,,80809,22,,,1,30,,80808,22,,,1,70,,80821,22,,,1,30,,80812,22,,,1,70,,80815,22,,,1,30,,80814,22,,,1,70,,80807,22,,,1,30,,80823,22,,,1,70,,80819,22,,,1,30,,80820,22,,,1,70,,80816,22,,,1,30,,80827,22,,,1,70,,80826,22,,,1,30,,80824,22,,,1,70,,80822,22,,,1,30,,80825,22,,,1,69,,80830,22,,,1,29,,80828,22,,,1,71,,80829,22,,,1,30,,80832,22,,,1,70,,80833,22,,,1,30,,80834,22,,,1,70,,80835,22,,,1,30,,80836,22,,,1,70,,80837,22,,,1,29,,80839,22,,,1,70,,80838,22,,,1,27,,80840,22,,,1
3400,'Semaine-1',618,,80871,22,,,1,28,,80856,22,,,1,72,,80850,22,,,1,35,,80854,22,,,1,71,,80845,22,,,2,29,,80865,22,,,1,70,,80851,22,,,1,27,,80841,22,,,1,70,,80846,22,,,1,30,,80847,22,,,1,70,,80852,22,,,1,30,,80842,22,,,1,71,,80872,22,,,1,30,,80848,22,,,1,70,,80853,22,,,1,30,,80843,22,,,1,72,,80869,22,,,1,30,,80844,22,,,1,65,,80870,22,,,1,306,,80868,22,,,1,20,,80857,22,,,1,68,,80849,22,,,1,30,,80861,22,,,1,70,,80867,22,,,1,31,,80858,22,,,1,68,,80860,22,,,1,30,,80862,22,,,1,70,,80855,22,,,1,30,,80864,22,,,1,69,,80859,22,,,1,29,,80863,22,,,1,70,,80866,22,,,1
3400,'Semaine-12',618,,80903,22,,,1,28,,80888,22,,,1,72,,80882,22,,,1,35,,80886,22,,,1,71,,80877,22,,,2,29,,80897,22,,,1,70,,80883,22,,,1,27,,80873,22,,,1,70,,80878,22,,,1,30,,80879,22,,,1,70,,80884,22,,,1,30,,80874,22,,,1,71,,80904,22,,,1,30,,80880,22,,,1,70,,80885,22,,,1,30,,80875,22,,,1,72,,80901,22,,,1,30,,80876,22,,,1,65,,80902,22,,,1,306,,80900,22,,,1,20,,80889,22,,,1,68,,80881,22,,,1,30,,80893,22,,,1,70,,80899,22,,,1,31,,80890,22,,,1,68,,80892,22,,,1,30,,80894,22,,,1,70,,80887,22,,,1,30,,80896,22,,,1,69,,80891,22,,,1,29,,80895,22,,,1,70,,80898,22,,,1
5600,'Semaine-1',649,,82719,34,,,1,64,,82717,34,,,1,6,,82721,34,,,1,31,,82720,34,,,1,72,,82714,34,,,1,100,,82713,34,,,1,107,,82715,34,,,1,98,,82718,34,,,2,102,,82716,34,,,1
5600,'Semaine-12',649,,82728,34,,,1,64,,82726,34,,,1,6,,82730,34,,,1,31,,82729,34,,,1,72,,82723,34,,,1,100,,82722,34,,,1,107,,82724,34,,,1,98,,82727,34,,,2,102,,82725,34,,,1
32900,'Semaine-1',815,,85907,14,0,7 8,1
32900,'Semaine-12',815,,85908,14,0,7 8,1
42900,'Semaine-1',717,,86765,7,0,9 14,1,2,,86766,7,0,9 14,2
42900,'Semaine-12',717,,86767,7,0,9 14,1,2,,86768,7,0,9 14,2
55400,'Semaine-1',713,,86810,24,0,5 6,2
55400,'Semaine-12',713,,86812,24,0,5 6,2
72900,'Semaine-1',1634,,86873,19,0,5 11,2
72900,'Semaine-12',1634,,86874,19,0,5 11,2
82900,'Semaine-1',1540,,87134,19,0,9 12 13,1
82900,'Semaine-12',1540,,87137,19,0,9 12 13,1
