7700,'Samedi-1',748,,85181,11,,,1,100,,85180,11,,,1,100,,85179,11,,,1,100,,85184,11,,,1,100,,85182,11,,,1,100,,85183,11,,,1,100,,85185,11,,,1,100,,85186,11,,,2,100,,85187,11,,,1,100,,85188,11,,,1,100,,85189,11,,,1,100,,85190,11,,,1,100,,85191,11,,,1,100,,85194,11,,,1,100,,85192,11,,,1,100,,85193,11,,,1
7700,'Samedi-10',748,,76143,11,,,1,100,,76142,11,,,1,100,,76141,11,,,1,100,,76146,11,,,1,100,,76144,11,,,1,100,,76145,11,,,1,100,,76147,11,,,1,100,,76148,11,,,2,100,,76149,11,,,1,100,,76150,11,,,1,100,,76151,11,,,1,100,,76152,11,,,1,100,,76153,11,,,1,100,,76156,11,,,1,100,,76154,11,,,1,100,,76155,11,,,1
7700,'Dimanche-1',748,,85197,11,,,1,100,,85198,11,,,1,100,,85195,11,,,1,100,,85207,11,,,1,100,,85196,11,,,1,100,,85201,11,,,1,100,,85199,11,,,1,100,,85200,11,,,2,100,,85202,11,,,1,100,,85205,11,,,1,100,,85203,11,,,1,100,,85204,11,,,1,100,,85206,11,,,1,100,,85208,11,,,1,100,,85209,11,,,1,100,,85210,11,,,1
7700,'Semaine-1',527,,85236,11,,,1,29,,85221,11,,,1,70,,85223,11,,,1,30,,85213,11,,,1,70,,85224,11,,,1,74,,85235,11,,,2,26,,85220,11,,,2,26,,85225,11,,,2,70,,85240,11,,,2,30,,85226,11,,,1,70,,85241,11,,,1,30,,85227,11,,,1,70,,85242,11,,,1,30,,85228,11,,,1,70,,85239,11,,,1,30,,85229,11,,,1,70,,85238,11,,,1,30,,85230,11,,,1,70,,85237,11,,,1,30,,85212,11,,,1,71,,85232,11,,,1,30,,85217,11,,,1,70,,85231,11,,,1,30,,85215,11,,,1,70,,85233,11,,,1,29,,85216,11,,,1,70,,85222,11,,,1,30,,85234,11,,,1,100,,85218,11,,,1,100,,85219,11,,,1,100,,85214,11,,,1,100,,85211,11,,,1
7700,'Semaine-12',527,,85268,11,,,1,29,,85253,11,,,1,70,,85255,11,,,1,30,,85245,11,,,1,70,,85256,11,,,1,74,,85267,11,,,2,26,,85252,11,,,2,26,,85257,11,,,2,70,,85272,11,,,2,30,,85258,11,,,1,70,,85273,11,,,1,30,,85259,11,,,1,70,,85274,11,,,1,30,,85260,11,,,1,70,,85271,11,,,1,30,,85261,11,,,1,70,,85270,11,,,1,30,,85262,11,,,1,70,,85269,11,,,1,30,,85244,11,,,1,71,,85264,11,,,1,30,,85249,11,,,1,70,,85263,11,,,1,30,,85247,11,,,1,70,,85265,11,,,1,29,,85248,11,,,1,70,,85254,11,,,1,30,,85266,11,,,1,100,,85250,11,,,1,100,,85251,11,,,1,100,,85246,11,,,1,100,,85243,11,,,1
7800,'Samedi-1',818,,85278,11,,,1,100,,85277,11,,,1,100,,85275,11,,,1,100,,85280,11,,,1,101,,85276,11,,,1,100,,85279,11,,,1,100,,85281,11,,,1,100,,85282,11,,,2,100,,85283,11,,,1,100,,85284,11,,,1,99,,85285,11,,,1,100,,85286,11,,,1,100,,85287,11,,,1,100,,85288,11,,,1,100,,85289,11,,,1,100,,85290,11,,,1
7800,'Samedi-10',818,,76336,11,,,1,100,,76335,11,,,1,100,,76333,11,,,1,100,,76338,11,,,1,101,,76334,11,,,1,100,,76337,11,,,1,100,,76339,11,,,1,100,,76340,11,,,2,100,,76341,11,,,1,100,,76342,11,,,1,99,,76343,11,,,1,100,,76344,11,,,1,100,,76345,11,,,1,100,,76346,11,,,1,100,,76347,11,,,1,100,,76348,11,,,1
7800,'Dimanche-1',818,,85293,11,,,1,100,,85294,11,,,1,100,,85291,11,,,1,100,,85302,11,,,1,101,,85292,11,,,1,100,,85297,11,,,1,100,,85295,11,,,1,100,,85296,11,,,2,100,,85298,11,,,1,100,,85301,11,,,1,99,,85299,11,,,1,100,,85300,11,,,1,100,,85303,11,,,1,100,,85304,11,,,1,100,,85305,11,,,1,100,,85306,11,,,1
7800,'Semaine-1',449,,85319,11,,,1,60,,85320,11,,,1,30,,85309,11,,,1,71,,85321,11,,,1,30,,85307,11,,,1,68,,85322,11,,,2,37,,85331,11,,,2,67,,85312,11,,,1,26,,85323,11,,,2,70,,85324,11,,,1,29,,85335,11,,,1,70,,85325,11,,,1,30,,85336,11,,,1,70,,85326,11,,,1,30,,85337,11,,,1,70,,85327,11,,,1,30,,85338,11,,,1,70,,85328,11,,,1,30,,85339,11,,,1,70,,85329,11,,,1,30,,85314,11,,,1,71,,85330,11,,,1,29,,85308,11,,,1,73,,85317,11,,,1,28,,85332,11,,,1,70,,85316,11,,,1,29,,85340,11,,,1,71,,85333,11,,,1,30,,85310,11,,,1,85,,85334,11,,,1,100,,85315,11,,,1,100,,85318,11,,,1,100,,85311,11,,,1,99,,85313,11,,,1
7800,'Semaine-12',449,,85353,11,,,1,60,,85354,11,,,1,30,,85343,11,,,1,71,,85355,11,,,1,30,,85341,11,,,1,68,,85356,11,,,2,37,,85365,11,,,2,67,,85346,11,,,1,26,,85357,11,,,2,70,,85358,11,,,1,29,,85369,11,,,1,70,,85359,11,,,1,30,,85370,11,,,1,70,,85360,11,,,1,30,,85371,11,,,1,70,,85361,11,,,1,30,,85372,11,,,1,70,,85362,11,,,1,30,,85373,11,,,1,70,,85363,11,,,1,30,,85348,11,,,1,71,,85364,11,,,1,29,,85342,11,,,1,73,,85351,11,,,1,28,,85366,11,,,1,70,,85350,11,,,1,29,,85374,11,,,1,71,,85367,11,,,1,30,,85344,11,,,1,85,,85368,11,,,1,100,,85349,11,,,1,100,,85352,11,,,1,100,,85345,11,,,1,99,,85347,11,,,1
