7401,'Semaine-1',616,,84763,14,,,1,32,,84764,14,,,2,71,,84765,14,,,2,30,,84766,14,,,1,68,,84767,14,,,1,27,,84768,14,,,1
7401,'Semaine-12',616,,84769,14,,,1,32,,84770,14,,,2,71,,84771,14,,,2,30,,84772,14,,,1,68,,84773,14,,,1,27,,84774,14,,,1
7501,'Samedi-1',631,,84874,9,,,1,100,,84873,9,,,1,100,,84879,9,,,1,100,,84877,9,,,1,100,,84878,9,,,1,100,,84875,9,,,1,100,,84876,9,,,1,100,,84880,9,,,1,100,,84881,9,,,1,100,,84882,9,,,1,100,,84883,9,,,1,100,,84884,9,,,1,100,,84885,9,,,1,100,,84886,9,,,1,100,,84887,9,,,1,100,,84888,9,,,1,100,,84889,9,,,1,103,,84890,9,,,1
7501,'Samedi-10',631,,75535,9,,,1,100,,75534,9,,,1,100,,75540,9,,,1,100,,75538,9,,,1,100,,75539,9,,,1,100,,75536,9,,,1,100,,75537,9,,,1,100,,75541,9,,,1,100,,75542,9,,,1,100,,75543,9,,,1,100,,75544,9,,,1,100,,75545,9,,,1,100,,75546,9,,,1,100,,75547,9,,,1,100,,75548,9,,,1,100,,75549,9,,,1,100,,75550,9,,,1,103,,75551,9,,,1
7501,'Dimanche-1',631,,84892,9,,,1,100,,84894,9,,,1,100,,84895,9,,,1,100,,84904,9,,,1,100,,84893,9,,,1,100,,84900,9,,,1,100,,84891,9,,,1,100,,84897,9,,,1,100,,84899,9,,,1,100,,84898,9,,,1,100,,84901,9,,,1,100,,84896,9,,,1,100,,84903,9,,,1,100,,84902,9,,,1,100,,84905,9,,,1,100,,84906,9,,,1,100,,84907,9,,,1,103,,84908,9,,,1
7501,'Semaine-1',543,,84934,9,,,1,70,,84917,9,,,1,20,,84914,9,,,1,13,,84915,9,,,1,56,,84932,9,,,2,15,,84916,9,,,1,16,,84911,9,,,2,17,,84927,9,,,1,62,,84939,9,,,1,18,,84913,9,,,1,18,,84912,9,,,1,72,,84941,9,,,1,26,,84910,9,,,1,75,,84931,9,,,1,30,,84909,9,,,1,70,,84929,9,,,1,30,,84922,9,,,1,70,,84935,9,,,1,30,,84921,9,,,1,70,,84938,9,,,1,30,,84936,9,,,1,70,,84920,9,,,1,30,,84923,9,,,1,71,,84924,9,,,1,36,,84918,9,,,1,99,,84940,9,,,1,100,,84925,9,,,1,100,,84928,9,,,1,80,,84933,9,,,2,100,,84930,9,,,2,100,,84926,9,,,2,100,,84919,9,,,2,100,,84937,9,,,2
7501,'Semaine-12',543,,84967,9,,,1,70,,84950,9,,,1,20,,84947,9,,,1,13,,84948,9,,,1,56,,84965,9,,,2,15,,84949,9,,,1,16,,84944,9,,,2,17,,84960,9,,,1,62,,84972,9,,,1,18,,84946,9,,,1,18,,84945,9,,,1,72,,84974,9,,,1,26,,84943,9,,,1,75,,84964,9,,,1,30,,84942,9,,,1,70,,84962,9,,,1,30,,84955,9,,,1,70,,84968,9,,,1,30,,84954,9,,,1,70,,84971,9,,,1,30,,84969,9,,,1,70,,84953,9,,,1,30,,84956,9,,,1,71,,84957,9,,,1,36,,84951,9,,,1,99,,84973,9,,,1,100,,84958,9,,,1,100,,84961,9,,,1,80,,84966,9,,,2,100,,84963,9,,,2,100,,84959,9,,,2,100,,84952,9,,,2,100,,84970,9,,,2
7800,'Samedi-1',836,,85278,38,,,1,100,,85277,38,,,1,100,,85275,38,,,1,100,,85280,38,,,1,101,,85276,38,,,1,100,,85279,38,,,1,100,,85281,38,,,1,100,,85282,38,,,2,100,,85283,38,,,1,99,,85284,38,,,1,100,,85285,38,,,1,100,,85286,38,,,1,100,,85287,38,,,1,100,,85288,38,,,1,100,,85289,38,,,1,98,,85290,38,,,1
7800,'Samedi-10',836,,76336,38,,,1,100,,76335,38,,,1,100,,76333,38,,,1,100,,76338,38,,,1,101,,76334,38,,,1,100,,76337,38,,,1,100,,76339,38,,,1,100,,76340,38,,,2,100,,76341,38,,,1,99,,76342,38,,,1,100,,76343,38,,,1,100,,76344,38,,,1,100,,76345,38,,,1,100,,76346,38,,,1,100,,76347,38,,,1,98,,76348,38,,,1
7800,'Dimanche-1',836,,85293,38,,,1,100,,85294,38,,,1,100,,85291,38,,,1,100,,85302,38,,,1,101,,85292,38,,,1,100,,85297,38,,,1,100,,85295,38,,,1,100,,85296,38,,,2,100,,85298,38,,,1,99,,85301,38,,,1,100,,85299,38,,,1,100,,85300,38,,,1,100,,85303,38,,,1,100,,85304,38,,,1,100,,85305,38,,,1,98,,85306,38,,,1
7800,'Semaine-1',508,,85319,38,,,1,20,,85320,38,,,1,30,,85309,38,,,1,72,,85321,38,,,1,72,,85307,38,,,1,28,,85322,38,,,2,75,,85331,38,,,2,26,,85312,38,,,1,27,,85323,38,,,2,69,,85324,38,,,1,29,,85335,38,,,1,70,,85325,38,,,1,30,,85336,38,,,1,70,,85326,38,,,1,30,,85337,38,,,1,70,,85327,38,,,1,30,,85338,38,,,1,70,,85328,38,,,1,30,,85339,38,,,1,71,,85329,38,,,1,30,,85314,38,,,1,71,,85330,38,,,1,28,,85308,38,,,1,75,,85317,38,,,1,28,,85332,38,,,1,69,,85316,38,,,1,27,,85340,38,,,1,71,,85333,38,,,1,30,,85310,38,,,1,85,,85334,38,,,1,100,,85315,38,,,1,100,,85318,38,,,1,99,,85311,38,,,1,99,,85313,38,,,1
7800,'Semaine-12',508,,85353,38,,,1,20,,85354,38,,,1,30,,85343,38,,,1,72,,85355,38,,,1,72,,85341,38,,,1,28,,85356,38,,,2,75,,85365,38,,,2,26,,85346,38,,,1,27,,85357,38,,,2,69,,85358,38,,,1,29,,85369,38,,,1,70,,85359,38,,,1,30,,85370,38,,,1,70,,85360,38,,,1,30,,85371,38,,,1,70,,85361,38,,,1,30,,85372,38,,,1,70,,85362,38,,,1,30,,85373,38,,,1,71,,85363,38,,,1,30,,85348,38,,,1,71,,85364,38,,,1,28,,85342,38,,,1,75,,85351,38,,,1,28,,85366,38,,,1,69,,85350,38,,,1,27,,85374,38,,,1,71,,85367,38,,,1,30,,85344,38,,,1,85,,85368,38,,,1,100,,85349,38,,,1,100,,85352,38,,,1,99,,85345,38,,,1,99,,85347,38,,,1
