4200,'Semaine-1',614,,81951,6,,,1,101,,81952,6,,,1,903,,81953,6,,,1,99,,81954,6,,,1
4200,'Semaine-12',614,,81955,6,,,1,101,,81956,6,,,1,903,,81957,6,,,1,99,,81958,6,,,1
5201,'Samedi-1',709,,82303,59,,,1,100,,82304,59,,,1,100,,82305,59,,,1,100,,82306,59,,,1,102,,82308,59,,,1,100,,82307,59,,,1,100,,82309,59,,,1,100,,82310,59,,,1,101,,82311,59,,,1,99,,82312,59,,,1,100,,82313,59,,,1,100,,82314,59,,,1,99,,82317,59,,,1,100,,82315,59,,,1,96,,82319,59,,,1,101,,82316,59,,,1,100,,82318,59,,,1,101,,82320,59,,,1
5201,'Samedi-10',709,,70449,59,,,1,100,,70450,59,,,1,100,,70451,59,,,1,100,,70452,59,,,1,102,,70454,59,,,1,100,,70453,59,,,1,100,,70455,59,,,1,100,,70456,59,,,1,101,,70457,59,,,1,99,,70458,59,,,1,100,,70459,59,,,1,100,,70460,59,,,1,99,,70463,59,,,1,100,,70461,59,,,1,96,,70465,59,,,1,101,,70462,59,,,1,100,,70464,59,,,1,101,,70466,59,,,1
5201,'Dimanche-1',709,,82321,59,,,1,100,,82322,59,,,1,100,,82323,59,,,1,100,,82326,59,,,1,102,,82324,59,,,1,100,,82328,59,,,1,100,,82325,59,,,1,100,,82330,59,,,1,101,,82327,59,,,1,99,,82329,59,,,1,100,,82332,59,,,1,100,,82334,59,,,1,99,,82331,59,,,1,100,,82333,59,,,1,96,,82335,59,,,1,101,,82336,59,,,1,100,,82337,59,,,1,101,,82338,59,,,1
5201,'Semaine-1',641,,82354,59,,,1,104,,82356,59,,,1,102,,82355,59,,,1,97,,82339,59,,,1,102,,82345,59,,,1,99,,82342,59,,,1,100,,82349,59,,,1,100,,82340,59,,,1,100,,82344,59,,,1,103,,82343,59,,,1,100,,82353,59,,,1,98,,82352,59,,,1,98,,82346,59,,,1,96,,82347,59,,,1,100,,82351,59,,,1,100,,82348,59,,,1,100,,82350,59,,,1,100,,82341,59,,,2
5201,'Semaine-12',641,,82372,59,,,1,104,,82374,59,,,1,102,,82373,59,,,1,97,,82357,59,,,1,102,,82363,59,,,1,99,,82360,59,,,1,100,,82367,59,,,1,100,,82358,59,,,1,100,,82362,59,,,1,103,,82361,59,,,1,100,,82371,59,,,1,98,,82370,59,,,1,98,,82364,59,,,1,96,,82365,59,,,1,100,,82369,59,,,1,100,,82366,59,,,1,100,,82368,59,,,1,100,,82359,59,,,2
44900,'Semaine-1',706,,86791,6,0,9 14,1
44900,'Semaine-12',706,,86792,6,0,9 14,1
55400,'Semaine-1',654,,86810,7,0,5 6,2
55400,'Semaine-12',654,,86812,7,0,5 6,2
55401,'Semaine-1',1601,,86814,34,0,5 6,1
55401,'Semaine-12',1601,,86816,34,0,5 6,1
65401,'Semaine-1',714,,86861,10,0,9 10,1
65401,'Semaine-12',714,,86862,10,0,9 10,1
75401,'Semaine-1',716,,86899,10,0,9 18,1
75401,'Semaine-12',716,,86900,10,0,9 18,1
