4900,'Samedi-1',709,,82003,2,,,1,100,,82004,2,,,1,100,,82001,2,,,1,100,,82005,2,,,1,100,,82002,2,,,1,100,,82006,2,,,1,98,,82007,2,,,1,102,,82008,2,,,1,100,,82009,2,,,1,100,,82010,2,,,1,100,,82011,2,,,1,100,,82012,2,,,1,100,,82013,2,,,1,100,,82014,2,,,1,100,,82015,2,,,1,100,,82016,2,,,1,100,,82017,2,,,1
4900,'Samedi-10',709,,69841,2,,,1,100,,69842,2,,,1,100,,69839,2,,,1,100,,69843,2,,,1,100,,69840,2,,,1,100,,69844,2,,,1,98,,69845,2,,,1,102,,69846,2,,,1,100,,69847,2,,,1,100,,69848,2,,,1,100,,69849,2,,,1,100,,69850,2,,,1,100,,69851,2,,,1,100,,69852,2,,,1,100,,69853,2,,,1,100,,69854,2,,,1,100,,69855,2,,,1
4900,'Dimanche-1',709,,82018,2,,,1,100,,82031,2,,,1,100,,82019,2,,,1,100,,82030,2,,,1,100,,82022,2,,,1,100,,82021,2,,,1,98,,82025,2,,,1,102,,82020,2,,,1,100,,82024,2,,,1,100,,82023,2,,,1,100,,82027,2,,,1,100,,82029,2,,,1,100,,82026,2,,,1,100,,82028,2,,,1,100,,82032,2,,,1,100,,82033,2,,,1,100,,82034,2,,,1
4900,'Semaine-1',620,,82062,2,,,1,31,,82073,2,,,1,70,,82065,2,,,1,25,,82066,2,,,1,75,,82060,2,,,1,34,,82055,2,,,1,69,,82047,2,,,1,31,,82067,2,,,1,73,,82063,2,,,1,30,,82058,2,,,1,70,,82035,2,,,1,30,,82056,2,,,1,70,,82037,2,,,1,30,,82042,2,,,1,70,,82044,2,,,1,30,,82048,2,,,1,70,,82064,2,,,1,30,,82046,2,,,1,70,,82049,2,,,1,30,,82040,2,,,1,70,,82052,2,,,1,30,,82043,2,,,1,70,,82041,2,,,1,30,,82059,2,,,1,70,,82053,2,,,1,100,,82036,2,,,1,99,,82054,2,,,1,101,,82051,2,,,1,100,,82038,2,,,1,99,,82050,2,,,1,100,,82039,2,,,1
4900,'Semaine-12',620,,82101,2,,,1,31,,82112,2,,,1,70,,82104,2,,,1,25,,82105,2,,,1,75,,82099,2,,,1,34,,82094,2,,,1,69,,82086,2,,,1,31,,82106,2,,,1,73,,82102,2,,,1,30,,82097,2,,,1,70,,82074,2,,,1,30,,82095,2,,,1,70,,82076,2,,,1,30,,82081,2,,,1,70,,82083,2,,,1,30,,82087,2,,,1,70,,82103,2,,,1,30,,82085,2,,,1,70,,82088,2,,,1,30,,82079,2,,,1,70,,82091,2,,,1,30,,82082,2,,,1,70,,82080,2,,,1,30,,82098,2,,,1,70,,82092,2,,,1,100,,82075,2,,,1,99,,82093,2,,,1,101,,82090,2,,,1,100,,82077,2,,,1,99,,82089,2,,,1,100,,82078,2,,,1
5501,'Samedi-1',643,,82555,2,,,1,70,,82558,2,,,1,31,,82557,2,,,1,70,,82567,2,,,1,29,,82556,2,,,1,71,,82559,2,,,1,31,,82560,2,,,1,69,,82566,2,,,1,29,,82562,2,,,1,70,,82563,2,,,1,30,,82561,2,,,1,70,,82569,2,,,1,30,,82568,2,,,1,70,,82564,2,,,1,30,,82565,2,,,1,72,,82570,2,,,1,28,,82571,2,,,1,72,,82572,2,,,1,28,,82573,2,,,1,72,,82574,2,,,1,28,,82575,2,,,1,72,,82576,2,,,1,28,,82577,2,,,1,72,,82578,2,,,1,30,,82579,2,,,1,70,,82580,2,,,1,30,,82581,2,,,1,71,,82582,2,,,1,30,,82583,2,,,1,70,,82585,2,,,1,30,,82584,2,,,1,70,,82587,2,,,1,30,,82586,2,,,1
5501,'Samedi-10',643,,71004,2,,,1,70,,71007,2,,,1,31,,71006,2,,,1,70,,71016,2,,,1,29,,71005,2,,,1,71,,71008,2,,,1,31,,71009,2,,,1,69,,71015,2,,,1,29,,71011,2,,,1,70,,71012,2,,,1,30,,71010,2,,,1,70,,71018,2,,,1,30,,71017,2,,,1,70,,71013,2,,,1,30,,71014,2,,,1,72,,71019,2,,,1,28,,71020,2,,,1,72,,71021,2,,,1,28,,71022,2,,,1,72,,71023,2,,,1,28,,71024,2,,,1,72,,71025,2,,,1,28,,71026,2,,,1,72,,71027,2,,,1,30,,71028,2,,,1,70,,71029,2,,,1,30,,71030,2,,,1,71,,71031,2,,,1,30,,71032,2,,,1,70,,71034,2,,,1,30,,71033,2,,,1,70,,71036,2,,,1,30,,71035,2,,,1
5501,'Dimanche-1',643,,82589,2,,,1,70,,82593,2,,,1,31,,82591,2,,,1,70,,82596,2,,,1,29,,82598,2,,,1,71,,82592,2,,,1,31,,82588,2,,,1,69,,82602,2,,,1,29,,82597,2,,,1,70,,82604,2,,,1,30,,82595,2,,,1,70,,82594,2,,,1,30,,82600,2,,,1,70,,82590,2,,,1,30,,82599,2,,,1,72,,82603,2,,,1,28,,82608,2,,,1,72,,82601,2,,,1,28,,82607,2,,,1,72,,82610,2,,,1,28,,82605,2,,,1,72,,82606,2,,,1,28,,82612,2,,,1,72,,82614,2,,,1,30,,82611,2,,,1,70,,82609,2,,,1,30,,82613,2,,,1,71,,82615,2,,,1,30,,82616,2,,,1,70,,82617,2,,,1,30,,82618,2,,,1,70,,82619,2,,,1,30,,82620,2,,,1
5501,'Semaine-1',504,,82634,2,,,1,14,,82641,2,,,1,14,,82640,2,,,1,15,,82624,2,,,1,54,,82662,2,,,1,21,,82661,2,,,1,8,,82621,2,,,1,12,,82666,2,,,1,15,,82647,2,,,1,53,,82655,2,,,1,16,,82625,2,,,1,8,,82629,2,,,1,12,,82627,2,,,1,9,,82656,2,,,1,46,,82658,2,,,1,16,,82635,2,,,1,28,,82639,2,,,1,12,,82626,2,,,1,51,,82660,2,,,1,29,,82653,2,,,1,71,,82657,2,,,1,29,,82623,2,,,1,70,,82630,2,,,1,30,,82643,2,,,1,70,,82654,2,,,1,29,,82650,2,,,1,70,,82631,2,,,1,30,,82663,2,,,1,70,,82622,2,,,1,30,,82628,2,,,1,86,,82632,2,,,1,102,,82637,2,,,1,100,,82642,2,,,1,103,,82659,2,,,1,22,,82648,2,,,1,70,,82636,2,,,1,32,,82652,2,,,1,69,,82645,2,,,1,30,,82664,2,,,1,70,,82638,2,,,1,29,,82644,2,,,1,74,,82646,2,,,1,30,,82633,2,,,1,70,,82651,2,,,1,30,,82649,2,,,1
5501,'Semaine-12',504,,82680,2,,,1,14,,82687,2,,,1,14,,82686,2,,,1,15,,82670,2,,,1,54,,82708,2,,,1,21,,82707,2,,,1,8,,82667,2,,,1,12,,82712,2,,,1,15,,82693,2,,,1,53,,82701,2,,,1,16,,82671,2,,,1,8,,82675,2,,,1,12,,82673,2,,,1,9,,82702,2,,,1,46,,82704,2,,,1,16,,82681,2,,,1,28,,82685,2,,,1,12,,82672,2,,,1,51,,82706,2,,,1,29,,82699,2,,,1,71,,82703,2,,,1,29,,82669,2,,,1,70,,82676,2,,,1,30,,82689,2,,,1,70,,82700,2,,,1,29,,82696,2,,,1,70,,82677,2,,,1,30,,82709,2,,,1,70,,82668,2,,,1,30,,82674,2,,,1,86,,82678,2,,,1,102,,82683,2,,,1,100,,82688,2,,,1,103,,82705,2,,,1,22,,82694,2,,,1,70,,82682,2,,,1,32,,82698,2,,,1,69,,82691,2,,,1,30,,82710,2,,,1,70,,82684,2,,,1,29,,82690,2,,,1,74,,82692,2,,,1,30,,82679,2,,,1,70,,82697,2,,,1,30,,82695,2,,,1
