9501,'Semaine-1',552,,85547,38,,,1,55,,85543,38,,,1,13,,85545,38,,,1,18,,85550,38,,,1,15,,85546,38,,,2,55,,85548,38,,,2,14,,85549,38,,,2,16,,85544,38,,,2
9501,'Semaine-12',552,,85555,38,,,1,55,,85551,38,,,1,13,,85553,38,,,1,18,,85558,38,,,1,15,,85554,38,,,2,55,,85556,38,,,2,14,,85557,38,,,2,16,,85552,38,,,2
9701,'Samedi-1',747,,85635,42,,,1,100,,85638,42,,,1,101,,85636,42,,,1,100,,85639,42,,,1,99,,85633,42,,,1,100,,85634,42,,,1,101,,85637,42,,,1,100,,85640,42,,,1,100,,85641,42,,,1,100,,85642,42,,,1,100,,85643,42,,,1,100,,85644,42,,,1,100,,85648,42,,,1,100,,85645,42,,,1,99,,85646,42,,,1,100,,85647,42,,,1
9701,'Samedi-10',747,,76971,42,,,1,100,,76974,42,,,1,101,,76972,42,,,1,100,,76975,42,,,1,99,,76969,42,,,1,100,,76970,42,,,1,101,,76973,42,,,1,100,,76976,42,,,1,100,,76977,42,,,1,100,,76978,42,,,1,100,,76979,42,,,1,100,,76980,42,,,1,100,,76984,42,,,1,100,,76981,42,,,1,99,,76982,42,,,1,100,,76983,42,,,1
9701,'Dimanche-1',747,,85654,42,,,1,100,,85661,42,,,1,101,,85650,42,,,1,100,,85657,42,,,1,99,,85656,42,,,1,100,,85649,42,,,1,101,,85653,42,,,1,100,,85651,42,,,1,100,,85652,42,,,1,100,,85655,42,,,1,100,,85658,42,,,1,100,,85659,42,,,1,100,,85660,42,,,1,100,,85662,42,,,1,99,,85663,42,,,1,100,,85664,42,,,1
9701,'Semaine-1',628,,85665,42,,,2,98,,85666,42,,,1,112,,85667,42,,,1,109,,85668,42,,,1,100,,85669,42,,,1,100,,85670,42,,,1,100,,85671,42,,,1,100,,85672,42,,,1,100,,85673,42,,,1,104,,85674,42,,,1,95,,85675,42,,,1,104,,85676,42,,,1,97,,85677,42,,,1,97,,85678,42,,,1,101,,85679,42,,,1,98,,85680,42,,,1,100,,85681,42,,,1
9701,'Semaine-12',628,,85682,42,,,2,98,,85683,42,,,1,112,,85684,42,,,1,109,,85685,42,,,1,100,,85686,42,,,1,100,,85687,42,,,1,100,,85688,42,,,1,100,,85689,42,,,1,100,,85690,42,,,1,104,,85691,42,,,1,95,,85692,42,,,1,104,,85693,42,,,1,97,,85694,42,,,1,97,,85695,42,,,1,101,,85696,42,,,1,98,,85697,42,,,1,100,,85698,42,,,1
9801,'Semaine-1',524,,85699,38,,,2,10,,85700,38,,,1,10,,85701,38,,,1
9801,'Semaine-12',524,,85702,38,,,2,10,,85703,38,,,1,10,,85704,38,,,1
29701,'Semaine-1',1516,,85892,18,0,19,2
29701,'Semaine-12',1516,,85894,18,0,19,2
