4001,'Semaine-1',618,,81922,31,,,1,30,,81921,31,,,1,72,,81924,31,,,1,32,,81920,31,,,2,68,,81919,31,,,1,27,,81923,31,,,1
4001,'Semaine-12',618,,81928,31,,,1,30,,81927,31,,,1,72,,81930,31,,,1,32,,81926,31,,,2,68,,81925,31,,,1,27,,81929,31,,,1
4101,'Semaine-1',640,,81943,22,,,1,73,,81944,22,,,1,35,,81945,22,,,1,65,,81942,22,,,2,29,,81941,22,,,1
4101,'Semaine-12',640,,81948,22,,,1,73,,81949,22,,,1,35,,81950,22,,,1,65,,81947,22,,,2,29,,81946,22,,,1
4701,'Semaine-1',620,,81991,18,,,2,85,,81990,18,,,1,49,,81989,18,,,1,67,,81992,18,,,1
4701,'Semaine-12',620,,81995,18,,,2,85,,81994,18,,,1,49,,81993,18,,,1,67,,81996,18,,,1
4900,'Samedi-1',721,,82003,19,,,1,100,,82004,19,,,1,101,,82001,19,,,1,100,,82005,19,,,1,100,,82002,19,,,1,101,,82006,19,,,1,98,,82007,19,,,1,102,,82008,19,,,1,100,,82009,19,,,1,100,,82010,19,,,1,100,,82011,19,,,1,98,,82012,19,,,1,100,,82013,19,,,1,100,,82014,19,,,1,100,,82015,19,,,1,100,,82016,19,,,1,99,,82017,19,,,1
4900,'Samedi-10',721,,69841,19,,,1,100,,69842,19,,,1,101,,69839,19,,,1,100,,69843,19,,,1,100,,69840,19,,,1,101,,69844,19,,,1,98,,69845,19,,,1,102,,69846,19,,,1,100,,69847,19,,,1,100,,69848,19,,,1,100,,69849,19,,,1,98,,69850,19,,,1,100,,69851,19,,,1,100,,69852,19,,,1,100,,69853,19,,,1,100,,69854,19,,,1,99,,69855,19,,,1
4900,'Dimanche-1',721,,82018,19,,,1,100,,82031,19,,,1,101,,82019,19,,,1,100,,82030,19,,,1,100,,82022,19,,,1,101,,82021,19,,,1,98,,82025,19,,,1,102,,82020,19,,,1,100,,82024,19,,,1,100,,82023,19,,,1,100,,82027,19,,,1,98,,82029,19,,,1,100,,82026,19,,,1,100,,82028,19,,,1,100,,82032,19,,,1,100,,82033,19,,,1,99,,82034,19,,,1
4900,'Semaine-1',634,,82062,19,,,1,14,,82057,6,,,1,3,,82069,6,,,1,4,,82045,6,,,1,46,,82068,6,,,1,4,,82073,19,,,1,1,,82072,6,,,1,4,,82071,6,,,1,5,,82070,6,,,1,21,,82065,19,,,1,66,,82066,19,,,1,1,,82061,6,,,1,32,,82060,19,,,1,74,,82055,19,,,1,29,,82047,19,,,1,70,,82067,19,,,1,33,,82063,19,,,1,70,,82058,19,,,1,30,,82035,19,,,1,70,,82056,19,,,1,30,,82037,19,,,1,70,,82042,19,,,1,30,,82044,19,,,1,71,,82048,19,,,1,30,,82064,19,,,1,71,,82046,19,,,1,30,,82049,19,,,1,70,,82040,19,,,1,30,,82052,19,,,1,70,,82043,19,,,1,30,,82041,19,,,1,70,,82059,19,,,1,28,,82053,19,,,1,100,,82036,19,,,1,99,,82054,19,,,1,101,,82051,19,,,1,98,,82038,19,,,1,98,,82050,19,,,1,100,,82039,19,,,1
4900,'Semaine-12',634,,82101,19,,,1,14,,82096,6,,,1,3,,82108,6,,,1,4,,82084,6,,,1,46,,82107,6,,,1,4,,82112,19,,,1,1,,82111,6,,,1,4,,82110,6,,,1,5,,82109,6,,,1,21,,82104,19,,,1,66,,82105,19,,,1,1,,82100,6,,,1,32,,82099,19,,,1,74,,82094,19,,,1,29,,82086,19,,,1,70,,82106,19,,,1,33,,82102,19,,,1,70,,82097,19,,,1,30,,82074,19,,,1,70,,82095,19,,,1,30,,82076,19,,,1,70,,82081,19,,,1,30,,82083,19,,,1,71,,82087,19,,,1,30,,82103,19,,,1,71,,82085,19,,,1,30,,82088,19,,,1,70,,82079,19,,,1,30,,82091,19,,,1,70,,82082,19,,,1,30,,82080,19,,,1,70,,82098,19,,,1,28,,82092,19,,,1,100,,82075,19,,,1,99,,82093,19,,,1,101,,82090,19,,,1,98,,82077,19,,,1,98,,82089,19,,,1,100,,82078,19,,,1
5501,'Samedi-1',703,,82555,29,,,1,30,,82558,29,,,1,71,,82557,29,,,1,30,,82567,29,,,1,69,,82556,29,,,1,30,,82559,29,,,1,71,,82560,29,,,1,29,,82566,29,,,1,70,,82562,29,,,1,30,,82563,29,,,1,70,,82561,29,,,1,30,,82569,29,,,1,70,,82568,29,,,1,30,,82564,29,,,1,70,,82565,29,,,1,32,,82570,29,,,1,68,,82571,29,,,1,32,,82572,29,,,1,68,,82573,29,,,1,32,,82574,29,,,1,68,,82575,29,,,1,32,,82576,29,,,1,68,,82577,29,,,1,30,,82578,29,,,1,70,,82579,29,,,1,30,,82580,29,,,1,70,,82581,29,,,1,30,,82582,29,,,1,70,,82583,29,,,1,30,,82585,29,,,1,70,,82584,29,,,1,30,,82587,29,,,1,70,,82586,29,,,1
5501,'Samedi-10',703,,71004,29,,,1,30,,71007,29,,,1,71,,71006,29,,,1,30,,71016,29,,,1,69,,71005,29,,,1,30,,71008,29,,,1,71,,71009,29,,,1,29,,71015,29,,,1,70,,71011,29,,,1,30,,71012,29,,,1,70,,71010,29,,,1,30,,71018,29,,,1,70,,71017,29,,,1,30,,71013,29,,,1,70,,71014,29,,,1,32,,71019,29,,,1,68,,71020,29,,,1,32,,71021,29,,,1,68,,71022,29,,,1,32,,71023,29,,,1,68,,71024,29,,,1,32,,71025,29,,,1,68,,71026,29,,,1,30,,71027,29,,,1,70,,71028,29,,,1,30,,71029,29,,,1,70,,71030,29,,,1,30,,71031,29,,,1,70,,71032,29,,,1,30,,71034,29,,,1,70,,71033,29,,,1,30,,71036,29,,,1,70,,71035,29,,,1
5501,'Dimanche-1',703,,82589,29,,,1,30,,82593,29,,,1,71,,82591,29,,,1,30,,82596,29,,,1,69,,82598,29,,,1,30,,82592,29,,,1,71,,82588,29,,,1,29,,82602,29,,,1,70,,82597,29,,,1,30,,82604,29,,,1,70,,82595,29,,,1,30,,82594,29,,,1,70,,82600,29,,,1,30,,82590,29,,,1,70,,82599,29,,,1,32,,82603,29,,,1,68,,82608,29,,,1,32,,82601,29,,,1,68,,82607,29,,,1,32,,82610,29,,,1,68,,82605,29,,,1,32,,82606,29,,,1,68,,82612,29,,,1,30,,82614,29,,,1,70,,82611,29,,,1,30,,82609,29,,,1,70,,82613,29,,,1,30,,82615,29,,,1,70,,82616,29,,,1,30,,82617,29,,,1,70,,82618,29,,,1,30,,82619,29,,,1,70,,82620,29,,,1
5501,'Semaine-1',522,,82634,29,,,1,14,,82641,29,,,1,15,,82640,29,,,1,57,,82624,29,,,1,15,,82662,29,,,1,22,,82661,29,,,1,8,,82621,29,,,1,52,,82666,29,,,1,15,,82647,29,,,1,13,,82655,29,,,1,16,,82625,29,,,1,9,,82629,29,,,1,52,,82627,29,,,1,9,,82656,29,,,1,6,,82658,29,,,1,14,,82635,29,,,1,68,,82639,29,,,1,12,,82626,29,,,1,11,,82660,29,,,1,29,,82653,29,,,1,71,,82657,29,,,1,29,,82623,29,,,1,70,,82630,29,,,1,30,,82643,29,,,1,70,,82654,29,,,1,29,,82650,29,,,1,70,,82631,29,,,1,30,,82663,29,,,1,70,,82622,29,,,1,30,,82628,29,,,1,90,,82632,29,,,1,100,,82637,29,,,1,100,,82642,29,,,1,101,,82659,29,,,1,60,,82648,29,,,1,30,,82636,29,,,1,70,,82652,29,,,1,30,,82645,29,,,1,70,,82664,29,,,1,30,,82638,29,,,1,69,,82644,29,,,1,32,,82646,29,,,1,70,,82633,29,,,1,30,,82651,29,,,1,70,,82649,29,,,1
5501,'Semaine-12',522,,82680,29,,,1,14,,82687,29,,,1,15,,82686,29,,,1,57,,82670,29,,,1,15,,82708,29,,,1,22,,82707,29,,,1,8,,82667,29,,,1,52,,82712,29,,,1,15,,82693,29,,,1,13,,82701,29,,,1,16,,82671,29,,,1,9,,82675,29,,,1,52,,82673,29,,,1,9,,82702,29,,,1,6,,82704,29,,,1,14,,82681,29,,,1,68,,82685,29,,,1,12,,82672,29,,,1,11,,82706,29,,,1,29,,82699,29,,,1,71,,82703,29,,,1,29,,82669,29,,,1,70,,82676,29,,,1,30,,82689,29,,,1,70,,82700,29,,,1,29,,82696,29,,,1,70,,82677,29,,,1,30,,82709,29,,,1,70,,82668,29,,,1,30,,82674,29,,,1,90,,82678,29,,,1,100,,82683,29,,,1,100,,82688,29,,,1,101,,82705,29,,,1,60,,82694,29,,,1,30,,82682,29,,,1,70,,82698,29,,,1,30,,82691,29,,,1,70,,82710,29,,,1,30,,82684,29,,,1,69,,82690,29,,,1,32,,82692,29,,,1,70,,82679,29,,,1,30,,82697,29,,,1,70,,82695,29,,,1
5801,'Semaine-1',600,,82763,17,,,1,32,,82767,17,,,1,70,,82765,17,,,1,30,,82764,17,,,1,70,,82761,17,,,1,30,,82766,17,,,1,800,,82762,17,,,1
5801,'Semaine-12',600,,82770,17,,,1,32,,82774,17,,,1,70,,82772,17,,,1,30,,82771,17,,,1,70,,82768,17,,,1,30,,82773,17,,,1,800,,82769,17,,,1
5901,'Samedi-1',718,,82939,18,,,1,30,,82946,18,,,1,69,,82943,18,,,1,30,,82948,18,,,1,70,,82940,18,,,1,30,,82945,18,,,1,70,,82944,18,,,1,30,,82947,18,,,1,70,,82951,18,,,1,30,,82952,18,,,1,70,,82941,18,,,1,30,,82942,18,,,1,70,,82950,18,,,1,30,,82949,18,,,1,71,,82953,18,,,1,30,,82954,18,,,1,70,,82955,18,,,1,30,,82956,18,,,1,70,,82957,18,,,1,30,,82958,18,,,1,70,,82959,18,,,1,30,,82960,18,,,1,70,,82961,18,,,1,30,,82962,18,,,1,70,,82963,18,,,1,30,,82965,18,,,1,70,,82964,18,,,1,30,,82966,18,,,1,70,,82967,18,,,1,30,,82968,18,,,1,70,,82970,18,,,1,31,,82969,18,,,1
5901,'Samedi-10',718,,71780,18,,,1,30,,71787,18,,,1,69,,71784,18,,,1,30,,71789,18,,,1,70,,71781,18,,,1,30,,71786,18,,,1,70,,71785,18,,,1,30,,71788,18,,,1,70,,71792,18,,,1,30,,71793,18,,,1,70,,71782,18,,,1,30,,71783,18,,,1,70,,71791,18,,,1,30,,71790,18,,,1,71,,71794,18,,,1,30,,71795,18,,,1,70,,71796,18,,,1,30,,71797,18,,,1,70,,71798,18,,,1,30,,71799,18,,,1,70,,71800,18,,,1,30,,71801,18,,,1,70,,71802,18,,,1,30,,71803,18,,,1,70,,71804,18,,,1,30,,71806,18,,,1,70,,71805,18,,,1,30,,71807,18,,,1,70,,71808,18,,,1,30,,71809,18,,,1,70,,71811,18,,,1,31,,71810,18,,,1
5901,'Dimanche-1',718,,82971,18,,,1,30,,82983,18,,,1,69,,82977,18,,,1,30,,82978,18,,,1,70,,82985,18,,,1,30,,82982,18,,,1,70,,82987,18,,,1,30,,82974,18,,,1,70,,82986,18,,,1,30,,82972,18,,,1,70,,82981,18,,,1,30,,82973,18,,,1,70,,82976,18,,,1,30,,82979,18,,,1,71,,82980,18,,,1,30,,82988,18,,,1,70,,82975,18,,,1,30,,82991,18,,,1,70,,82984,18,,,1,30,,82993,18,,,1,70,,82994,18,,,1,30,,82990,18,,,1,70,,82995,18,,,1,30,,82992,18,,,1,70,,82996,18,,,1,30,,82989,18,,,1,70,,82997,18,,,1,30,,82998,18,,,1,70,,82999,18,,,1,30,,83000,18,,,1,70,,83001,18,,,1,31,,83002,18,,,1
5901,'Semaine-1',516,,83007,18,,,1,15,,83043,18,,,1,15,,83016,18,,,1,55,,83037,18,,,1,16,,83017,18,,,1,14,,83006,18,,,1,13,,83008,18,,,1,14,,83011,18,,,1,58,,83014,18,,,1,15,,83015,18,,,1,18,,83010,18,,,1,52,,83039,18,,,1,17,,83025,18,,,1,15,,83030,18,,,1,13,,83020,18,,,1,55,,83005,18,,,1,16,,83023,18,,,1,27,,83049,18,,,1,70,,83044,18,,,1,30,,83031,18,,,1,70,,83013,18,,,1,30,,83024,18,,,1,70,,83027,18,,,1,30,,83012,18,,,1,70,,83041,18,,,1,30,,83003,18,,,1,70,,83045,18,,,1,30,,83035,18,,,1,74,,83038,18,,,1,100,,83042,18,,,1,101,,83022,18,,,1,100,,83029,18,,,1,35,,83034,18,,,1,70,,83021,18,,,1,30,,83028,18,,,1,70,,83033,18,,,1,30,,83040,18,,,1,70,,83018,18,,,1,30,,83036,18,,,1,71,,83026,18,,,1,30,,83009,18,,,1,70,,83019,18,,,1,30,,83032,18,,,1
5901,'Semaine-12',516,,83054,18,,,1,15,,83090,18,,,1,15,,83063,18,,,1,55,,83084,18,,,1,16,,83064,18,,,1,14,,83053,18,,,1,13,,83055,18,,,1,14,,83058,18,,,1,58,,83061,18,,,1,15,,83062,18,,,1,18,,83057,18,,,1,52,,83086,18,,,1,17,,83072,18,,,1,15,,83077,18,,,1,13,,83067,18,,,1,55,,83052,18,,,1,16,,83070,18,,,1,27,,83096,18,,,1,70,,83091,18,,,1,30,,83078,18,,,1,70,,83060,18,,,1,30,,83071,18,,,1,70,,83074,18,,,1,30,,83059,18,,,1,70,,83088,18,,,1,30,,83050,18,,,1,70,,83092,18,,,1,30,,83082,18,,,1,74,,83085,18,,,1,100,,83089,18,,,1,101,,83069,18,,,1,100,,83076,18,,,1,35,,83081,18,,,1,70,,83068,18,,,1,30,,83075,18,,,1,70,,83080,18,,,1,30,,83087,18,,,1,70,,83065,18,,,1,30,,83083,18,,,1,71,,83073,18,,,1,30,,83056,18,,,1,70,,83066,18,,,1,30,,83079,18,,,1
64701,'Semaine-1',1523,,86857,27,0,9 10,1
64701,'Semaine-12',1523,,86858,27,0,9 10,1
65501,'Semaine-1',1514,,86865,17,0,9 10,1
65501,'Semaine-12',1514,,86866,17,0,9 10,1
74001,'Semaine-1',821,,86883,32,0,5 11,2,2,,86884,32,0,5 11,1
74001,'Semaine-12',821,,86885,32,0,5 11,2,2,,86886,32,0,5 11,1
75201,'Semaine-1',1504,,86892,4,0,9 18,1
75201,'Semaine-12',1504,,86894,4,0,9 18,1
75400,'Semaine-1',1503,,86896,4,0,9 18,1
75400,'Semaine-12',1503,,86898,4,0,9 18,1
80000,'Samedi-1',723,,86901,22,,,1,102,,86902,22,,,1,98,,86903,22,,,1,101,,86905,22,,,1,100,,86906,22,,,1,100,,86904,22,,,1,100,,86907,22,,,1,100,,86908,22,,,1,100,,86909,22,,,1,100,,86910,22,,,1,100,,86911,22,,,2,100,,86912,22,,,1,100,,86915,22,,,1,99,,86913,22,,,1,100,,86914,22,,,1,99,,86916,22,,,1,100,,86917,22,,,1
80000,'Samedi-10',723,,79460,22,,,1,102,,79461,22,,,1,98,,79462,22,,,1,101,,79464,22,,,1,100,,79465,22,,,1,100,,79463,22,,,1,100,,79466,22,,,1,100,,79467,22,,,1,100,,79468,22,,,1,100,,79469,22,,,1,100,,79470,22,,,2,100,,79471,22,,,1,100,,79474,22,,,1,99,,79472,22,,,1,100,,79473,22,,,1,99,,79475,22,,,1,100,,79476,22,,,1
80000,'Dimanche-1',723,,86920,22,,,1,102,,86919,22,,,1,98,,86925,22,,,1,101,,86918,22,,,1,100,,86922,22,,,1,100,,86921,22,,,1,100,,86923,22,,,1,100,,86924,22,,,1,100,,86928,22,,,1,100,,86926,22,,,1,100,,86927,22,,,2,100,,86931,22,,,1,100,,86930,22,,,1,99,,86929,22,,,1,100,,86932,22,,,1,99,,86933,22,,,1,100,,86934,22,,,1
80000,'Semaine-1',558,,86967,22,,,1,71,,86953,22,,,1,71,,86943,22,,,1,15,,86942,22,,,1,15,,86963,22,,,1,71,,86954,22,,,1,18,,86940,22,,,1,30,,86959,22,,,1,70,,86944,22,,,1,30,,86961,22,,,1,70,,86956,22,,,1,29,,86970,22,,,1,70,,86937,22,,,1,30,,86958,22,,,1,70,,86948,22,,,1,31,,86964,22,,,1,69,,86957,22,,,1,30,,86968,22,,,1,71,,86947,22,,,1,29,,86962,22,,,1,73,,86960,22,,,1,30,,86949,22,,,1,72,,86965,22,,,1,28,,86938,22,,,1,70,,86955,22,,,1,30,,86952,22,,,1,70,,86966,22,,,1,28,,86951,22,,,1,71,,86945,22,,,1,28,,86939,22,,,1,71,,86969,22,,,1,29,,86950,22,,,1,69,,86946,22,,,1,30,,86936,22,,,1,69,,86941,22,,,1,30,,86935,22,,,1
80000,'Semaine-12',558,,87003,22,,,1,71,,86989,22,,,1,71,,86979,22,,,1,15,,86978,22,,,1,15,,86999,22,,,1,71,,86990,22,,,1,18,,86976,22,,,1,30,,86995,22,,,1,70,,86980,22,,,1,30,,86997,22,,,1,70,,86992,22,,,1,29,,87006,22,,,1,70,,86973,22,,,1,30,,86994,22,,,1,70,,86984,22,,,1,31,,87000,22,,,1,69,,86993,22,,,1,30,,87004,22,,,1,71,,86983,22,,,1,29,,86998,22,,,1,73,,86996,22,,,1,30,,86985,22,,,1,72,,87001,22,,,1,28,,86974,22,,,1,70,,86991,22,,,1,30,,86988,22,,,1,70,,87002,22,,,1,28,,86987,22,,,1,71,,86981,22,,,1,28,,86975,22,,,1,71,,87005,22,,,1,29,,86986,22,,,1,69,,86982,22,,,1,30,,86972,22,,,1,69,,86977,22,,,1,30,,86971,22,,,1
