3601,'Semaine-1',907,,81179,36,,,1,50,,81177,36,,,1,100,,81180,36,,,1,101,,81178,36,,,1,100,,81183,36,,,1,99,,81182,36,,,1,101,,81181,36,,,1
3601,'Semaine-12',907,,81186,36,,,1,50,,81184,36,,,1,100,,81187,36,,,1,101,,81185,36,,,1,100,,81190,36,,,1,99,,81189,36,,,1,101,,81188,36,,,1
3701,'Samedi-1',705,,81286,29,,,1,100,,81291,29,,,1,100,,81285,29,,,1,102,,81290,29,,,1,100,,81287,29,,,1,100,,81288,29,,,1,100,,81292,29,,,1,101,,81289,29,,,1,100,,81293,29,,,1,100,,81294,29,,,1,100,,81295,29,,,1,99,,81296,29,,,1,100,,81297,29,,,1,100,,81298,29,,,1,100,,81299,29,,,1,97,,81300,29,,,1,100,,81301,29,,,1
3701,'Samedi-10',705,,68373,29,,,1,100,,68378,29,,,1,100,,68372,29,,,1,102,,68377,29,,,1,100,,68374,29,,,1,100,,68375,29,,,1,100,,68379,29,,,1,101,,68376,29,,,1,100,,68380,29,,,1,100,,68381,29,,,1,100,,68382,29,,,1,99,,68383,29,,,1,100,,68384,29,,,1,100,,68385,29,,,1,100,,68386,29,,,1,97,,68387,29,,,1,100,,68388,29,,,1
3701,'Dimanche-1',705,,81303,29,,,1,100,,81304,29,,,1,100,,81306,29,,,1,102,,81307,29,,,1,100,,81315,29,,,1,100,,81302,29,,,1,100,,81308,29,,,1,101,,81305,29,,,1,100,,81310,29,,,1,100,,81311,29,,,1,100,,81313,29,,,1,99,,81312,29,,,1,100,,81309,29,,,1,100,,81314,29,,,1,100,,81316,29,,,1,97,,81317,29,,,1,100,,81318,29,,,1
3701,'Semaine-1',532,,81332,29,,,1,70,,81330,29,,,1,35,,81334,29,,,1,70,,81324,29,,,1,35,,81341,29,,,1,16,,81321,29,,,1,54,,81342,29,,,1,28,,81323,29,,,1,98,,81340,29,,,1,100,,81328,29,,,1,100,,81322,29,,,1,100,,81320,29,,,1,100,,81325,29,,,1,101,,81336,29,,,1,101,,81319,29,,,1,70,,81335,29,,,1,31,,81338,29,,,1,69,,81333,29,,,1,29,,81339,29,,,1,70,,81343,29,,,1,45,,81327,29,,,1,99,,81337,29,,,1,100,,81329,29,,,1,102,,81326,29,,,1,90,,81331,29,,,1
3701,'Semaine-12',532,,81357,29,,,1,70,,81355,29,,,1,35,,81359,29,,,1,70,,81349,29,,,1,35,,81366,29,,,1,16,,81346,29,,,1,54,,81367,29,,,1,28,,81348,29,,,1,98,,81365,29,,,1,100,,81353,29,,,1,100,,81347,29,,,1,100,,81345,29,,,1,100,,81350,29,,,1,101,,81361,29,,,1,101,,81344,29,,,1,70,,81360,29,,,1,31,,81363,29,,,1,69,,81358,29,,,1,29,,81364,29,,,1,70,,81368,29,,,1,45,,81352,29,,,1,99,,81362,29,,,1,100,,81354,29,,,1,102,,81351,29,,,1,90,,81356,29,,,1
37101,'Samedi-1',735,,86004,29,,,1,100,,86003,29,,,1,101,,86007,29,,,1,100,,86006,29,,,1,100,,86008,29,,,1,101,,86005,29,,,1,100,,86009,29,,,1,98,,86010,29,,,1,101,,86011,29,,,1,100,,86012,29,,,1,98,,86013,29,,,1,105,,86014,29,,,1,95,,86015,29,,,1,99,,86016,29,,,1,100,,86017,29,,,1,100,,86018,29,,,1,100,,86019,29,,,1
37101,'Samedi-10',735,,77625,29,,,1,100,,77624,29,,,1,101,,77628,29,,,1,100,,77627,29,,,1,100,,77629,29,,,1,101,,77626,29,,,1,100,,77630,29,,,1,98,,77631,29,,,1,101,,77632,29,,,1,100,,77633,29,,,1,98,,77634,29,,,1,105,,77635,29,,,1,95,,77636,29,,,1,99,,77637,29,,,1,100,,77638,29,,,1,100,,77639,29,,,1,100,,77640,29,,,1
37101,'Dimanche-1',735,,86033,29,,,1,100,,86022,29,,,1,101,,86023,29,,,1,100,,86020,29,,,1,100,,86025,29,,,1,101,,86021,29,,,1,100,,86024,29,,,1,98,,86027,29,,,1,101,,86026,29,,,1,100,,86028,29,,,1,98,,86032,29,,,1,105,,86031,29,,,1,95,,86029,29,,,1,99,,86030,29,,,1,100,,86034,29,,,1,100,,86035,29,,,1,100,,86036,29,,,1
37101,'Semaine-1',543,,86053,29,,,1,72,,86056,29,,,1,32,,86049,29,,,1,69,,86051,29,,,1,32,,86061,29,,,1,70,,86060,29,,,1,29,,86055,29,,,1,72,,86039,29,,,1,98,,86046,29,,,1,100,,86044,29,,,1,101,,86045,29,,,1,100,,86059,29,,,1,100,,86042,29,,,1,100,,86043,29,,,1,31,,86040,29,,,1,70,,86047,29,,,1,30,,86057,29,,,1,69,,86058,29,,,1,30,,86037,29,,,1,80,,86041,29,,,1,94,,86052,29,,,1,100,,86054,29,,,1,100,,86038,29,,,1,100,,86048,29,,,1,183,,86050,29,,,1
37101,'Semaine-12',543,,86078,29,,,1,72,,86081,29,,,1,32,,86074,29,,,1,69,,86076,29,,,1,32,,86086,29,,,1,70,,86085,29,,,1,29,,86080,29,,,1,72,,86064,29,,,1,98,,86071,29,,,1,100,,86069,29,,,1,101,,86070,29,,,1,100,,86084,29,,,1,100,,86067,29,,,1,100,,86068,29,,,1,31,,86065,29,,,1,70,,86072,29,,,1,30,,86082,29,,,1,69,,86083,29,,,1,30,,86062,29,,,1,80,,86066,29,,,1,94,,86077,29,,,1,100,,86079,29,,,1,100,,86063,29,,,1,100,,86073,29,,,1,183,,86075,29,,,1
43701,'Semaine-1',1519,,86788,29,0,9 14,1
43701,'Semaine-12',1519,,86790,29,0,9 14,1
82900,'Semaine-1',1526,,87134,4,0,9 12 13,1
82900,'Semaine-12',1526,,87137,4,0,9 12 13,1
