2800,'Semaine-1',1624,,80055,47,,,1,82,,80056,47,,,1,48,,80057,47,,,1
2800,'Semaine-12',1624,,80058,47,,,1,82,,80059,47,,,1,48,,80060,47,,,1
3301,'Samedi-1',724,,80655,25,,,1,100,,80656,25,,,1,100,,80657,25,,,1,100,,80658,25,,,1,100,,80659,25,,,1,101,,80660,25,,,1,100,,80661,25,,,1,100,,80662,25,,,1,101,,80663,25,,,1,98,,80664,25,,,1,100,,80665,25,,,1,98,,80666,25,,,1,100,,80667,25,,,1,100,,80668,25,,,1,100,,80669,25,,,1,100,,80670,25,,,1,100,,80671,25,,,1,100,,80672,25,,,1
3301,'Samedi-10',724,,67122,25,,,1,100,,67123,25,,,1,100,,67124,25,,,1,100,,67125,25,,,1,100,,67126,25,,,1,101,,67127,25,,,1,100,,67128,25,,,1,100,,67129,25,,,1,101,,67130,25,,,1,98,,67131,25,,,1,100,,67132,25,,,1,98,,67133,25,,,1,100,,67134,25,,,1,100,,67135,25,,,1,100,,67136,25,,,1,100,,67137,25,,,1,100,,67138,25,,,1,100,,67139,25,,,1
3301,'Dimanche-1',724,,80677,25,,,1,100,,80678,25,,,1,100,,80686,25,,,1,100,,80679,25,,,1,100,,80674,25,,,1,101,,80675,25,,,1,100,,80673,25,,,1,100,,80676,25,,,1,101,,80680,25,,,1,98,,80681,25,,,1,100,,80683,25,,,1,98,,80685,25,,,1,100,,80684,25,,,1,100,,80682,25,,,1,100,,80687,25,,,1,100,,80688,25,,,1,100,,80689,25,,,1,100,,80690,25,,,1
3301,'Semaine-1',611,,80714,25,,,1,20,,80722,25,,,1,18,,80699,25,,,1,55,,80719,25,,,1,19,,80715,25,,,1,10,,80710,25,,,1,11,,80730,25,,,1,13,,80728,25,,,1,55,,80717,25,,,1,12,,80705,25,,,1,11,,80721,25,,,1,14,,80695,25,,,1,70,,80707,25,,,1,30,,80713,25,,,1,70,,80703,25,,,1,30,,80724,25,,,1,70,,80708,25,,,1,30,,80700,25,,,1,70,,80702,25,,,1,16,,80720,25,,,1,15,,80729,25,,,1,66,,80711,25,,,1,28,,80701,25,,,1,70,,80706,25,,,1,33,,80709,25,,,1,61,,80731,25,,,1,19,,80712,25,,,1,18,,80716,25,,,1,63,,80697,25,,,1,20,,80727,25,,,1,21,,80704,25,,,1,67,,80694,25,,,1,31,,80691,25,,,1,72,,80725,25,,,1,30,,80698,25,,,1,70,,80693,25,,,1,100,,80696,25,,,1,34,,80718,25,,,1,101,,80723,25,,,2,100,,80692,25,,,1,100,,80726,25,,,1
3301,'Semaine-12',611,,80755,25,,,1,20,,80763,25,,,1,18,,80740,25,,,1,55,,80760,25,,,1,19,,80756,25,,,1,10,,80751,25,,,1,11,,80771,25,,,1,13,,80769,25,,,1,55,,80758,25,,,1,12,,80746,25,,,1,11,,80762,25,,,1,14,,80736,25,,,1,70,,80748,25,,,1,30,,80754,25,,,1,70,,80744,25,,,1,30,,80765,25,,,1,70,,80749,25,,,1,30,,80741,25,,,1,70,,80743,25,,,1,16,,80761,25,,,1,15,,80770,25,,,1,66,,80752,25,,,1,28,,80742,25,,,1,70,,80747,25,,,1,33,,80750,25,,,1,61,,80772,25,,,1,19,,80753,25,,,1,18,,80757,25,,,1,63,,80738,25,,,1,20,,80768,25,,,1,21,,80745,25,,,1,67,,80735,25,,,1,31,,80732,25,,,1,72,,80766,25,,,1,30,,80739,25,,,1,70,,80734,25,,,1,100,,80737,25,,,1,34,,80759,25,,,1,101,,80764,25,,,2,100,,80733,25,,,1,100,,80767,25,,,1
3900,'Samedi-1',701,,81669,33,,,1,101,,81670,33,,,1,100,,81674,33,,,1,102,,81673,33,,,1,100,,81676,33,,,1,100,,81675,33,,,1,103,,81671,33,,,1,30,,81672,33,,,1,70,,81677,33,,,1,31,,81678,33,,,1,70,,81679,33,,,1,30,,81680,33,,,1,71,,81681,33,,,1,30,,81682,33,,,1,70,,81683,33,,,1,30,,81684,33,,,1,68,,81685,33,,,1,29,,81686,33,,,1,69,,81687,33,,,1,28,,81688,33,,,1,100,,81689,33,,,1,100,,81690,33,,,1,100,,81691,33,,,1,100,,81692,33,,,1
3900,'Samedi-10',701,,69204,33,,,1,101,,69205,33,,,1,100,,69209,33,,,1,102,,69208,33,,,1,100,,69211,33,,,1,100,,69210,33,,,1,103,,69206,33,,,1,30,,69207,33,,,1,70,,69212,33,,,1,31,,69213,33,,,1,70,,69214,33,,,1,30,,69215,33,,,1,71,,69216,33,,,1,30,,69217,33,,,1,70,,69218,33,,,1,30,,69219,33,,,1,68,,69220,33,,,1,29,,69221,33,,,1,69,,69222,33,,,1,28,,69223,33,,,1,100,,69224,33,,,1,100,,69225,33,,,1,100,,69226,33,,,1,100,,69227,33,,,1
3900,'Dimanche-1',701,,81693,33,,,1,101,,81700,33,,,1,100,,81703,33,,,1,102,,81696,33,,,1,100,,81698,33,,,1,100,,81699,33,,,1,103,,81702,33,,,1,30,,81695,33,,,1,70,,81697,33,,,1,31,,81704,33,,,1,70,,81694,33,,,1,30,,81705,33,,,1,71,,81701,33,,,1,30,,81708,33,,,1,70,,81711,33,,,1,30,,81713,33,,,1,68,,81707,33,,,1,29,,81710,33,,,1,69,,81712,33,,,1,28,,81706,33,,,1,100,,81709,33,,,1,100,,81714,33,,,1,100,,81715,33,,,1,100,,81716,33,,,1
3900,'Semaine-1',639,,81734,33,,,1,64,,81720,33,,,1,34,,81739,33,,,1,69,,81732,33,,,1,32,,81733,33,,,1,70,,81731,33,,,1,32,,81728,33,,,1,70,,81745,33,,,2,30,,81740,33,,,1,71,,81752,33,,,1,30,,81737,33,,,2,70,,81741,33,,,1,30,,81729,33,,,1,71,,81727,33,,,1,30,,81742,33,,,1,69,,81730,33,,,2,30,,81717,33,,,1,74,,81743,33,,,1,33,,81724,33,,,1,70,,81726,33,,,1,32,,81744,33,,,2,72,,81723,33,,,1,28,,81718,33,,,1,69,,81746,33,,,1,25,,81725,33,,,1,71,,81719,33,,,2,29,,81747,33,,,2,72,,81722,33,,,1,25,,81738,33,,,2,66,,81748,33,,,1,30,,81721,33,,,1,70,,81736,33,,,1,29,,81749,33,,,1,70,,81735,33,,,1,32,,81751,33,,,1,68,,81750,33,,,1
3900,'Semaine-12',639,,81770,33,,,1,64,,81756,33,,,1,34,,81775,33,,,1,69,,81768,33,,,1,32,,81769,33,,,1,70,,81767,33,,,1,32,,81764,33,,,1,70,,81781,33,,,2,30,,81776,33,,,1,71,,81788,33,,,1,30,,81773,33,,,2,70,,81777,33,,,1,30,,81765,33,,,1,71,,81763,33,,,1,30,,81778,33,,,1,69,,81766,33,,,2,30,,81753,33,,,1,74,,81779,33,,,1,33,,81760,33,,,1,70,,81762,33,,,1,32,,81780,33,,,2,72,,81759,33,,,1,28,,81754,33,,,1,69,,81782,33,,,1,25,,81761,33,,,1,71,,81755,33,,,2,29,,81783,33,,,2,72,,81758,33,,,1,25,,81774,33,,,2,66,,81784,33,,,1,30,,81757,33,,,1,70,,81772,33,,,1,29,,81785,33,,,1,70,,81771,33,,,1,32,,81787,33,,,1,68,,81786,33,,,1
4801,'Semaine-1',743,,81999,35,,,1
4801,'Semaine-12',743,,82000,35,,,1
4901,'Samedi-1',716,,82116,7,,,1,100,,82115,7,,,1,100,,82117,7,,,1,100,,82113,7,,,1,100,,82118,7,,,1,100,,82114,7,,,1,100,,82119,7,,,1,100,,82120,7,,,1,100,,82121,7,,,1,100,,82122,7,,,1,100,,82123,7,,,1,100,,82124,7,,,1,100,,82125,7,,,1,100,,82126,7,,,1,100,,82127,7,,,1,100,,82128,7,,,1,100,,82129,7,,,1
4901,'Samedi-10',716,,70061,7,,,1,100,,70060,7,,,1,100,,70062,7,,,1,100,,70058,7,,,1,100,,70063,7,,,1,100,,70059,7,,,1,100,,70064,7,,,1,100,,70065,7,,,1,100,,70066,7,,,1,100,,70067,7,,,1,100,,70068,7,,,1,100,,70069,7,,,1,100,,70070,7,,,1,100,,70071,7,,,1,100,,70072,7,,,1,100,,70073,7,,,1,100,,70074,7,,,1
4901,'Dimanche-1',716,,82143,7,,,1,100,,82132,7,,,1,100,,82142,7,,,1,100,,82135,7,,,1,100,,82131,7,,,1,100,,82130,7,,,1,100,,82133,7,,,1,100,,82134,7,,,1,100,,82137,7,,,1,100,,82136,7,,,1,100,,82140,7,,,1,100,,82139,7,,,1,100,,82141,7,,,1,100,,82138,7,,,1,100,,82144,7,,,1,100,,82145,7,,,1,100,,82146,7,,,1
4901,'Semaine-1',556,,82153,7,,,1,87,,82158,7,,,1,70,,82174,7,,,1,30,,82170,7,,,1,70,,82168,7,,,1,29,,82178,7,,,1,70,,82160,7,,,1,30,,82176,7,,,1,70,,82172,7,,,1,30,,82147,7,,,1,70,,82169,7,,,1,30,,82148,7,,,1,70,,82154,7,,,1,30,,82156,7,,,1,70,,82161,7,,,1,29,,82177,7,,,1,71,,82159,7,,,1,30,,82179,7,,,1,61,,82175,7,,,1,10,,82162,7,,,1,15,,82149,7,,,1,15,,82165,7,,,1,70,,82155,7,,,1,30,,82157,7,,,1,69,,82173,7,,,1,30,,82167,7,,,1,70,,82171,7,,,1,95,,82150,7,,,1,40,,82166,7,,,1,101,,82164,7,,,1,99,,82151,7,,,1,100,,82163,7,,,1,99,,82152,7,,,1
4901,'Semaine-12',556,,82186,7,,,1,87,,82191,7,,,1,70,,82207,7,,,1,30,,82203,7,,,1,70,,82201,7,,,1,29,,82211,7,,,1,70,,82193,7,,,1,30,,82209,7,,,1,70,,82205,7,,,1,30,,82180,7,,,1,70,,82202,7,,,1,30,,82181,7,,,1,70,,82187,7,,,1,30,,82189,7,,,1,70,,82194,7,,,1,29,,82210,7,,,1,71,,82192,7,,,1,30,,82212,7,,,1,61,,82208,7,,,1,10,,82195,7,,,1,15,,82182,7,,,1,15,,82198,7,,,1,70,,82188,7,,,1,30,,82190,7,,,1,69,,82206,7,,,1,30,,82200,7,,,1,70,,82204,7,,,1,95,,82183,7,,,1,40,,82199,7,,,1,101,,82197,7,,,1,99,,82184,7,,,1,100,,82196,7,,,1,99,,82185,7,,,1
32501,'Semaine-1',833,,85899,30,0,7 8,1,3,,85900,30,0,7 8,1
32501,'Semaine-12',833,,85901,30,0,7 8,1,3,,85902,30,0,7 8,1
32601,'Semaine-1',829,,85905,27,0,7 8,1
32601,'Semaine-12',829,,85906,27,0,7 8,1
32900,'Semaine-1',828,,85907,24,0,7 8,1
32900,'Semaine-12',828,,85908,24,0,7 8,1
55000,'Semaine-1',727,,86799,41,0,5 6,1,2,,86800,41,0,5 6,1
55000,'Semaine-12',727,,86801,41,0,5 6,1,2,,86802,41,0,5 6,1
55400,'Semaine-1',724,,86810,34,0,5 6,2
55400,'Semaine-12',724,,86812,34,0,5 6,2
56601,'Semaine-1',728,,86819,58,0,5 6,1
56601,'Semaine-12',728,,86820,58,0,5 6,1
82601,'Semaine-1',756,,87124,27,0,9 12 13,1,1,,87125,27,0,9 12 13,1
82601,'Semaine-12',756,,87126,27,0,9 12 13,1,1,,87127,27,0,9 12 13,1
83301,'Semaine-1',751,,87156,7,0,9 12 13,1
83301,'Semaine-12',751,,87157,7,0,9 12 13,1
