6400,'Samedi-1',735,,83307,6,,,1,100,,83309,6,,,1,100,,83312,6,,,1,100,,83310,6,,,1,100,,83313,6,,,1,100,,83308,6,,,1,100,,83311,6,,,1,100,,83314,6,,,1,99,,83315,6,,,1,100,,83316,6,,,1,100,,83317,6,,,1,100,,83318,6,,,1
6400,'Samedi-10',735,,72456,6,,,1,100,,72458,6,,,1,100,,72461,6,,,1,100,,72459,6,,,1,100,,72462,6,,,1,100,,72457,6,,,1,100,,72460,6,,,1,100,,72463,6,,,1,99,,72464,6,,,1,100,,72465,6,,,1,100,,72466,6,,,1,100,,72467,6,,,1
6400,'Dimanche-1',735,,83320,6,,,1,100,,83321,6,,,1,100,,83326,6,,,1,100,,83324,6,,,1,100,,83319,6,,,1,100,,83322,6,,,1,100,,83323,6,,,1,100,,83327,6,,,1,99,,83325,6,,,1,100,,83329,6,,,1,100,,83330,6,,,1,100,,83328,6,,,1
6400,'Semaine-1',645,,83339,6,,,1,74,,83336,6,,,1,30,,83331,6,,,1,70,,83335,6,,,1,100,,83337,6,,,1,100,,83342,6,,,1,100,,83341,6,,,1,100,,83334,6,,,1,100,,83347,6,,,1,100,,83343,6,,,1,95,,83344,6,,,1,45,,83349,6,,,1,87,,83348,6,,,1,103,,83345,6,,,1,95,,83346,6,,,1,100,,83338,6,,,2,100,,83332,6,,,2,100,,83340,6,,,1,100,,83333,6,,,1
6400,'Semaine-12',645,,83358,6,,,1,74,,83355,6,,,1,30,,83350,6,,,1,70,,83354,6,,,1,100,,83356,6,,,1,100,,83361,6,,,1,100,,83360,6,,,1,100,,83353,6,,,1,100,,83366,6,,,1,100,,83362,6,,,1,95,,83363,6,,,1,45,,83368,6,,,1,87,,83367,6,,,1,103,,83364,6,,,1,95,,83365,6,,,1,100,,83357,6,,,2,100,,83351,6,,,2,100,,83359,6,,,1,100,,83352,6,,,1
6600,'Samedi-1',714,,83633,6,,,1,100,,83636,6,,,1,100,,83634,6,,,1,100,,83637,6,,,1,100,,83631,6,,,1,100,,83632,6,,,1,100,,83635,6,,,1,100,,83638,6,,,1,100,,83639,6,,,1,100,,83640,6,,,1,100,,83641,6,,,1,100,,83642,6,,,1,100,,83644,6,,,1,100,,83643,6,,,1,100,,83645,6,,,1,100,,83646,6,,,1,100,,83647,6,,,1
6600,'Samedi-10',714,,73120,6,,,1,100,,73123,6,,,1,100,,73121,6,,,1,100,,73124,6,,,1,100,,73118,6,,,1,100,,73119,6,,,1,100,,73122,6,,,1,100,,73125,6,,,1,100,,73126,6,,,1,100,,73127,6,,,1,100,,73128,6,,,1,100,,73129,6,,,1,100,,73131,6,,,1,100,,73130,6,,,1,100,,73132,6,,,1,100,,73133,6,,,1,100,,73134,6,,,1
6600,'Dimanche-1',714,,83652,6,,,1,100,,83653,6,,,1,100,,83654,6,,,1,100,,83648,6,,,1,100,,83649,6,,,1,100,,83650,6,,,1,100,,83651,6,,,1,100,,83656,6,,,1,100,,83655,6,,,1,100,,83659,6,,,1,100,,83657,6,,,1,100,,83661,6,,,1,100,,83658,6,,,1,100,,83660,6,,,1,100,,83662,6,,,1,100,,83663,6,,,1,100,,83664,6,,,1
6600,'Semaine-1',600,,83675,6,,,2,20,,83681,6,,,2,20,,83676,6,,,1,63,,83668,6,,,2,19,,83680,6,,,1,19,,83673,6,,,1,61,,83687,6,,,1,18,,83667,6,,,1,18,,83678,6,,,1,20,,83688,6,,,1,100,,83677,6,,,1,100,,83669,6,,,1,100,,83692,6,,,1,100,,83693,6,,,1,101,,83679,6,,,2,100,,83689,6,,,1,63,,83682,6,,,1,22,,83665,6,,,1,60,,83684,6,,,1,18,,83690,6,,,1,20,,83695,6,,,1,59,,83666,6,,,2,24,,83685,6,,,2,20,,83683,6,,,1,58,,83671,6,,,1,22,,83691,6,,,2,94,,83672,6,,,2,100,,83670,6,,,1,99,,83674,6,,,1,100,,83686,6,,,1,100,,83694,6,,,1
6600,'Semaine-12',600,,83706,6,,,2,20,,83712,6,,,2,20,,83707,6,,,1,63,,83699,6,,,2,19,,83711,6,,,1,19,,83704,6,,,1,61,,83718,6,,,1,18,,83698,6,,,1,18,,83709,6,,,1,20,,83719,6,,,1,100,,83708,6,,,1,100,,83700,6,,,1,100,,83723,6,,,1,100,,83724,6,,,1,101,,83710,6,,,2,100,,83720,6,,,1,63,,83713,6,,,1,22,,83696,6,,,1,60,,83715,6,,,1,18,,83721,6,,,1,20,,83726,6,,,1,59,,83697,6,,,2,24,,83716,6,,,2,20,,83714,6,,,1,58,,83702,6,,,1,22,,83722,6,,,2,94,,83703,6,,,2,100,,83701,6,,,1,99,,83705,6,,,1,100,,83717,6,,,1,100,,83725,6,,,1
56900,'Semaine-1',1538,,86821,13,0,5 6,2
56900,'Semaine-12',1538,,86822,13,0,5 6,2
