1800,'Semaine-1',1320,,79946,25,4,,1,238,,79945,25,4,,2,143,,79948,25,4,,1,29,,79947,25,4,,1
1800,'Semaine-12',1320,,79950,25,4,,1,238,,79949,25,4,,2,143,,79952,25,4,,1,29,,79951,25,4,,1
6800,'Semaine-1',634,,84102,24,4,,1,70,,84112,24,4,,1,29,,84110,24,4,,1,71,,84119,24,4,,1,30,,84116,24,4,,1,70,,84093,24,4,,1,30,,84117,24,4,,1,70,,84094,24,4,,1,30,,84099,24,4,,1,70,,84118,24,4,,1,30,,84104,24,4,,1,70,,84097,24,4,,1,35,,84114,24,4,,1,75,,84105,24,4,,1,30,,84113,24,4,,1,70,,84106,24,4,,1,30,,84100,24,4,,1,69,,84103,24,4,,1,18,,84111,24,4,,1,20,,84121,24,4,,1,67,,84107,24,4,,1,20,,84115,24,4,,1,20,,84109,24,4,,1,60,,84123,24,4,,1,16,,84120,24,4,,1,10,,84108,24,4,,1,10,,84122,24,4,,1,60,,84096,24,4,,1,30,,84101,24,4,,1,70,,84098,24,4,,1
6800,'Semaine-12',634,,84133,24,4,,1,70,,84143,24,4,,1,29,,84141,24,4,,1,71,,84150,24,4,,1,30,,84147,24,4,,1,70,,84124,24,4,,1,30,,84148,24,4,,1,70,,84125,24,4,,1,30,,84130,24,4,,1,70,,84149,24,4,,1,30,,84135,24,4,,1,70,,84128,24,4,,1,35,,84145,24,4,,1,75,,84136,24,4,,1,30,,84144,24,4,,1,70,,84137,24,4,,1,30,,84131,24,4,,1,69,,84134,24,4,,1,18,,84142,24,4,,1,20,,84152,24,4,,1,67,,84138,24,4,,1,20,,84146,24,4,,1,20,,84140,24,4,,1,60,,84154,24,4,,1,16,,84151,24,4,,1,10,,84139,24,4,,1,10,,84153,24,4,,1,60,,84127,24,4,,1,30,,84132,24,4,,1,70,,84129,24,4,,1
7401,'Semaine-1',618,,84763,18,4,,1,32,,84764,18,4,,2,71,,84765,18,4,,2,30,,84766,18,4,,1,68,,84767,18,4,,1,27,,84768,18,4,,1
7401,'Semaine-12',618,,84769,18,4,,1,32,,84770,18,4,,2,71,,84771,18,4,,2,30,,84772,18,4,,1,68,,84773,18,4,,1,27,,84774,18,4,,1
7500,'Samedi-1',723,,84775,33,4,,1,100,,84776,33,4,,1,101,,84779,33,4,,1,100,,84778,33,4,,1,100,,84781,33,4,,1,100,,84777,33,4,,1,102,,84780,33,4,,1,100,,84782,33,4,,1,100,,84783,33,4,,1,100,,84784,33,4,,1,100,,84785,33,4,,1,100,,84789,33,4,,1,98,,84786,33,4,,1,100,,84787,33,4,,1,99,,84788,33,4,,1,100,,84790,33,4,,1,100,,84791,33,4,,1,98,,84792,33,4,,1
7500,'Samedi-10',723,,75333,33,4,,1,100,,75334,33,4,,1,101,,75337,33,4,,1,100,,75336,33,4,,1,100,,75339,33,4,,1,100,,75335,33,4,,1,102,,75338,33,4,,1,100,,75340,33,4,,1,100,,75341,33,4,,1,100,,75342,33,4,,1,100,,75343,33,4,,1,100,,75347,33,4,,1,98,,75344,33,4,,1,100,,75345,33,4,,1,99,,75346,33,4,,1,100,,75348,33,4,,1,100,,75349,33,4,,1,98,,75350,33,4,,1
7500,'Dimanche-1',723,,84793,33,4,,1,100,,84796,33,4,,1,101,,84797,33,4,,1,100,,84806,33,4,,1,100,,84794,33,4,,1,100,,84801,33,4,,1,102,,84795,33,4,,1,100,,84798,33,4,,1,100,,84800,33,4,,1,100,,84799,33,4,,1,100,,84802,33,4,,1,100,,84803,33,4,,1,98,,84804,33,4,,1,100,,84805,33,4,,1,99,,84807,33,4,,1,100,,84808,33,4,,1,100,,84809,33,4,,1,98,,84810,33,4,,1
7500,'Semaine-1',639,,84829,33,4,,1,100,,84814,33,4,,1,85,,84837,33,4,,2,108,,84840,33,4,,1,77,,84838,33,4,,1,30,,84833,33,4,,1,70,,84821,33,4,,1,30,,84820,33,4,,1,70,,84828,33,4,,1,30,,84830,33,4,,1,70,,84831,33,4,,1,30,,84826,33,4,,1,70,,84818,33,4,,1,30,,84839,33,4,,1,73,,84819,33,4,,1,30,,84825,33,4,,1,59,,84817,33,4,,1,21,,84832,33,4,,1,20,,84836,33,4,,1,63,,84823,33,4,,1,17,,84816,33,4,,2,20,,84824,33,4,,1,58,,84841,33,4,,1,20,,84835,33,4,,1,25,,84815,33,4,,1,80,,84822,33,4,,2,100,,84813,33,4,,2,98,,84811,33,4,,2,100,,84812,33,4,,2,100,,84834,33,4,,2,100,,84827,33,4,,2
7500,'Semaine-12',639,,84860,33,4,,1,100,,84845,33,4,,1,85,,84868,33,4,,2,108,,84871,33,4,,1,77,,84869,33,4,,1,30,,84864,33,4,,1,70,,84852,33,4,,1,30,,84851,33,4,,1,70,,84859,33,4,,1,30,,84861,33,4,,1,70,,84862,33,4,,1,30,,84857,33,4,,1,70,,84849,33,4,,1,30,,84870,33,4,,1,73,,84850,33,4,,1,30,,84856,33,4,,1,59,,84848,33,4,,1,21,,84863,33,4,,1,20,,84867,33,4,,1,63,,84854,33,4,,1,17,,84847,33,4,,2,20,,84855,33,4,,1,58,,84872,33,4,,1,20,,84866,33,4,,1,25,,84846,33,4,,1,80,,84853,33,4,,2,100,,84844,33,4,,2,98,,84842,33,4,,2,100,,84843,33,4,,2,100,,84865,33,4,,2,100,,84858,33,4,,2
7700,'Samedi-1',803,,85181,26,4,,1,100,,85180,26,4,,1,100,,85179,26,4,,1,100,,85184,26,4,,1,100,,85182,26,4,,1,100,,85183,26,4,,1,100,,85185,26,4,,1,100,,85186,26,4,,2,100,,85187,26,4,,1,100,,85188,26,4,,1,100,,85189,26,4,,1,100,,85190,26,4,,1,100,,85191,26,4,,1,100,,85194,26,4,,1,100,,85192,26,4,,1,100,,85193,26,4,,1
7700,'Samedi-10',803,,76143,26,4,,1,100,,76142,26,4,,1,100,,76141,26,4,,1,100,,76146,26,4,,1,100,,76144,26,4,,1,100,,76145,26,4,,1,100,,76147,26,4,,1,100,,76148,26,4,,2,100,,76149,26,4,,1,100,,76150,26,4,,1,100,,76151,26,4,,1,100,,76152,26,4,,1,100,,76153,26,4,,1,100,,76156,26,4,,1,100,,76154,26,4,,1,100,,76155,26,4,,1
7700,'Dimanche-1',803,,85197,26,4,,1,100,,85198,26,4,,1,100,,85195,26,4,,1,100,,85207,26,4,,1,100,,85196,26,4,,1,100,,85201,26,4,,1,100,,85199,26,4,,1,100,,85200,26,4,,2,100,,85202,26,4,,1,100,,85205,26,4,,1,100,,85203,26,4,,1,100,,85204,26,4,,1,100,,85206,26,4,,1,100,,85208,26,4,,1,100,,85209,26,4,,1,100,,85210,26,4,,1
7700,'Semaine-1',542,,85236,26,4,,1,69,,85221,26,4,,1,30,,85223,26,4,,1,70,,85213,26,4,,1,30,,85224,26,4,,1,74,,85235,26,4,,2,26,,85220,26,4,,2,65,,85225,26,4,,2,30,,85240,26,4,,2,70,,85226,26,4,,1,30,,85241,26,4,,1,70,,85227,26,4,,1,30,,85242,26,4,,1,70,,85228,26,4,,1,30,,85239,26,4,,1,70,,85229,26,4,,1,30,,85238,26,4,,1,70,,85230,26,4,,1,30,,85237,26,4,,1,70,,85212,26,4,,1,32,,85232,26,4,,1,70,,85217,26,4,,1,30,,85231,26,4,,1,70,,85215,26,4,,1,30,,85233,26,4,,1,68,,85216,26,4,,1,30,,85222,26,4,,1,70,,85234,26,4,,1,100,,85218,26,4,,1,100,,85219,26,4,,1,100,,85214,26,4,,1,100,,85211,26,4,,1
7700,'Semaine-12',542,,85268,26,4,,1,69,,85253,26,4,,1,30,,85255,26,4,,1,70,,85245,26,4,,1,30,,85256,26,4,,1,74,,85267,26,4,,2,26,,85252,26,4,,2,65,,85257,26,4,,2,30,,85272,26,4,,2,70,,85258,26,4,,1,30,,85273,26,4,,1,70,,85259,26,4,,1,30,,85274,26,4,,1,70,,85260,26,4,,1,30,,85271,26,4,,1,70,,85261,26,4,,1,30,,85270,26,4,,1,70,,85262,26,4,,1,30,,85269,26,4,,1,70,,85244,26,4,,1,32,,85264,26,4,,1,70,,85249,26,4,,1,30,,85263,26,4,,1,70,,85247,26,4,,1,30,,85265,26,4,,1,68,,85248,26,4,,1,30,,85254,26,4,,1,70,,85266,26,4,,1,100,,85250,26,4,,1,100,,85251,26,4,,1,100,,85246,26,4,,1,100,,85243,26,4,,1
7800,'Samedi-1',839,,85278,42,4,,1,100,,85277,42,4,,1,100,,85275,42,4,,1,100,,85280,42,4,,1,101,,85276,42,4,,1,100,,85279,42,4,,1,100,,85281,42,4,,1,100,,85282,42,4,,2,100,,85283,42,4,,1,99,,85284,42,4,,1,100,,85285,42,4,,1,100,,85286,42,4,,1,100,,85287,42,4,,1,100,,85288,42,4,,1,100,,85289,42,4,,1,98,,85290,42,4,,1
7800,'Samedi-10',839,,76336,42,4,,1,100,,76335,42,4,,1,100,,76333,42,4,,1,100,,76338,42,4,,1,101,,76334,42,4,,1,100,,76337,42,4,,1,100,,76339,42,4,,1,100,,76340,42,4,,2,100,,76341,42,4,,1,99,,76342,42,4,,1,100,,76343,42,4,,1,100,,76344,42,4,,1,100,,76345,42,4,,1,100,,76346,42,4,,1,100,,76347,42,4,,1,98,,76348,42,4,,1
7800,'Dimanche-1',839,,85293,42,4,,1,100,,85294,42,4,,1,100,,85291,42,4,,1,100,,85302,42,4,,1,101,,85292,42,4,,1,100,,85297,42,4,,1,100,,85295,42,4,,1,100,,85296,42,4,,2,100,,85298,42,4,,1,99,,85301,42,4,,1,100,,85299,42,4,,1,100,,85300,42,4,,1,100,,85303,42,4,,1,100,,85304,42,4,,1,100,,85305,42,4,,1,98,,85306,42,4,,1
7800,'Semaine-1',511,,85319,42,4,,1,20,,85320,42,4,,1,71,,85309,42,4,,1,32,,85321,42,4,,1,72,,85307,42,4,,1,28,,85322,42,4,,2,75,,85331,42,4,,2,25,,85312,42,4,,1,68,,85323,42,4,,2,28,,85324,42,4,,1,70,,85335,42,4,,1,30,,85325,42,4,,1,70,,85336,42,4,,1,30,,85326,42,4,,1,70,,85337,42,4,,1,30,,85327,42,4,,1,29,,85338,42,4,,1,70,,85328,42,4,,1,30,,85339,42,4,,1,71,,85329,42,4,,1,70,,85314,42,4,,1,31,,85330,42,4,,1,28,,85308,42,4,,1,76,,85317,42,4,,1,68,,85332,42,4,,1,29,,85316,42,4,,1,27,,85340,42,4,,1,70,,85333,42,4,,1,30,,85310,42,4,,1,85,,85334,42,4,,1,101,,85315,42,4,,1,100,,85318,42,4,,1,98,,85311,42,4,,1,99,,85313,42,4,,1
7800,'Semaine-12',511,,85353,42,4,,1,20,,85354,42,4,,1,71,,85343,42,4,,1,32,,85355,42,4,,1,72,,85341,42,4,,1,28,,85356,42,4,,2,75,,85365,42,4,,2,25,,85346,42,4,,1,68,,85357,42,4,,2,28,,85358,42,4,,1,70,,85369,42,4,,1,30,,85359,42,4,,1,70,,85370,42,4,,1,30,,85360,42,4,,1,70,,85371,42,4,,1,30,,85361,42,4,,1,29,,85372,42,4,,1,70,,85362,42,4,,1,30,,85373,42,4,,1,71,,85363,42,4,,1,70,,85348,42,4,,1,31,,85364,42,4,,1,28,,85342,42,4,,1,76,,85351,42,4,,1,68,,85366,42,4,,1,29,,85350,42,4,,1,27,,85374,42,4,,1,70,,85367,42,4,,1,30,,85344,42,4,,1,85,,85368,42,4,,1,101,,85349,42,4,,1,100,,85352,42,4,,1,98,,85345,42,4,,1,99,,85347,42,4,,1
7901,'Semaine-1',605,,85398,28,4,,1,101,,85400,28,4,,1,34,,85401,28,4,,1,73,,85397,28,4,,1,23,,85399,28,4,,1,69,,85402,28,4,,1
7901,'Semaine-12',605,,85404,28,4,,1,101,,85406,28,4,,1,34,,85407,28,4,,1,73,,85403,28,4,,1,23,,85405,28,4,,1,69,,85408,28,4,,1
9701,'Samedi-1',817,,85635,75,4,,1,100,,85638,75,4,,1,101,,85636,75,4,,1,100,,85639,75,4,,1,100,,85633,75,4,,1,100,,85634,75,4,,1,101,,85637,75,4,,1,100,,85640,75,4,,1,100,,85641,75,4,,1,100,,85642,75,4,,1,100,,85643,75,4,,1,100,,85644,75,4,,1,100,,85648,75,4,,1,100,,85645,75,4,,1,99,,85646,75,4,,1,100,,85647,75,4,,1
9701,'Samedi-10',817,,76971,75,4,,1,100,,76974,75,4,,1,101,,76972,75,4,,1,100,,76975,75,4,,1,100,,76969,75,4,,1,100,,76970,75,4,,1,101,,76973,75,4,,1,100,,76976,75,4,,1,100,,76977,75,4,,1,100,,76978,75,4,,1,100,,76979,75,4,,1,100,,76980,75,4,,1,100,,76984,75,4,,1,100,,76981,75,4,,1,99,,76982,75,4,,1,100,,76983,75,4,,1
9701,'Dimanche-1',817,,85654,75,4,,1,100,,85661,75,4,,1,101,,85650,75,4,,1,100,,85657,75,4,,1,100,,85656,75,4,,1,100,,85649,75,4,,1,101,,85653,75,4,,1,100,,85651,75,4,,1,100,,85652,75,4,,1,100,,85655,75,4,,1,100,,85658,75,4,,1,100,,85659,75,4,,1,100,,85660,75,4,,1,100,,85662,75,4,,1,99,,85663,75,4,,1,100,,85664,75,4,,1
9701,'Semaine-1',700,,85665,75,4,,2,58,,85666,75,4,,1,151,,85667,75,4,,1,109,,85668,75,4,,1,99,,85669,75,4,,1,100,,85670,75,4,,1,100,,85671,75,4,,1,97,,85672,75,4,,1,103,,85673,75,4,,1,104,,85674,75,4,,1,95,,85675,75,4,,1,103,,85676,75,4,,1,94,,85677,75,4,,1,99,,85678,75,4,,1,100,,85679,75,4,,1,98,,85680,75,4,,1,100,,85681,75,4,,1
9701,'Semaine-12',700,,85682,75,4,,2,58,,85683,75,4,,1,151,,85684,75,4,,1,109,,85685,75,4,,1,99,,85686,75,4,,1,100,,85687,75,4,,1,100,,85688,75,4,,1,97,,85689,75,4,,1,103,,85690,75,4,,1,104,,85691,75,4,,1,95,,85692,75,4,,1,103,,85693,75,4,,1,94,,85694,75,4,,1,99,,85695,75,4,,1,100,,85696,75,4,,1,98,,85697,75,4,,1,100,,85698,75,4,,1
10000,'Semaine-1',1547,,85718,21,4,,1,9,,85720,21,4,,1,51,,85705,21,4,,1,8,,85706,21,4,,1,7,,85707,21,4,,1,9,,85719,21,4,,1,8,,85708,21,4,,1,10,,85709,21,4,,1,9,,85710,21,4,,1,50,,85711,21,4,,1,10,,85712,21,4,,1,8,,85713,21,4,,1,12,,85714,21,4,,1,10,,85715,21,4,,1,8,,85716,21,4,,1,52,,85717,21,4,,1
10000,'Semaine-12',1547,,85734,21,4,,1,9,,85736,21,4,,1,51,,85721,21,4,,1,8,,85722,21,4,,1,7,,85723,21,4,,1,9,,85735,21,4,,1,8,,85724,21,4,,1,10,,85725,21,4,,1,9,,85726,21,4,,1,50,,85727,21,4,,1,10,,85728,21,4,,1,8,,85729,21,4,,1,12,,85730,21,4,,1,10,,85731,21,4,,1,8,,85732,21,4,,1,52,,85733,21,4,,1
20000,'Semaine-1',1546,,85767,17,4,,1,5,,85768,17,4,,1,8,,85791,17,4,,1,45,,85769,17,4,,1,5,,85770,17,4,,1,5,,85796,17,4,,1,5,,85771,17,4,,1,5,,85773,17,4,,1,5,,85774,17,4,,1,5,,85775,17,4,,1,5,,85777,17,4,,1,5,,85778,17,4,,1,5,,85772,17,4,,1,5,,85795,17,4,,1,5,,85776,17,4,,1,47,,85779,17,4,,1,4,,85780,17,4,,1,5,,85781,17,4,,1,4,,85782,17,4,,1,5,,85794,17,4,,1,5,,85783,17,4,,1,5,,85792,17,4,,1,5,,85784,17,4,,1,5,,85785,17,4,,1,5,,85787,17,4,,1,5,,85786,17,4,,1,5,,85788,17,4,,1,43,,85789,17,4,,1,5,,85790,17,4,,1,5,,85793,17,4,,1
20000,'Semaine-12',1546,,85797,17,4,,1,5,,85798,17,4,,1,8,,85821,17,4,,1,45,,85799,17,4,,1,5,,85800,17,4,,1,5,,85826,17,4,,1,5,,85801,17,4,,1,5,,85803,17,4,,1,5,,85804,17,4,,1,5,,85805,17,4,,1,5,,85807,17,4,,1,5,,85808,17,4,,1,5,,85802,17,4,,1,5,,85825,17,4,,1,5,,85806,17,4,,1,47,,85809,17,4,,1,4,,85810,17,4,,1,5,,85811,17,4,,1,4,,85812,17,4,,1,5,,85824,17,4,,1,5,,85813,17,4,,1,5,,85822,17,4,,1,5,,85814,17,4,,1,5,,85815,17,4,,1,5,,85817,17,4,,1,5,,85816,17,4,,1,5,,85818,17,4,,1,43,,85819,17,4,,1,5,,85820,17,4,,1,5,,85823,17,4,,1
40000,'Samedi-1',639,,86087,21,4,,1,20,,86088,21,4,,1,55,,86091,21,4,,1,15,,86096,21,4,,1,15,,86105,21,4,,1,15,,86106,21,4,,1,55,,86089,21,4,,1,15,,86093,21,4,,1,15,,86090,21,4,,1,15,,86114,21,4,,1,55,,86092,21,4,,1,15,,86095,21,4,,1,15,,86094,21,4,,1,15,,86097,21,4,,1,55,,86115,21,4,,1,15,,86113,21,4,,1,15,,86116,21,4,,1,15,,86098,21,4,,1,55,,86100,21,4,,1,15,,86103,21,4,,1,15,,86104,21,4,,1,15,,86099,21,4,,1,55,,86110,21,4,,1,15,,86112,21,4,,1,15,,86117,21,4,,1,15,,86102,21,4,,1,55,,86101,21,4,,1,15,,86107,21,4,,1,17,,86108,21,4,,1,55,,86109,21,4,,1,15,,86118,21,4,,1,15,,86111,21,4,,1,15,,86119,21,4,,1,55,,86120,21,4,,1,15,,86121,21,4,,1,15,,86122,21,4,,1,15,,86123,21,4,,1,55,,86124,21,4,,1,15,,86125,21,4,,1,15,,86126,21,4,,1,15,,86127,21,4,,1,55,,86128,21,4,,1,15,,86129,21,4,,1,15,,86130,21,4,,1,14,,86131,21,4,,1,55,,86132,21,4,,1,15,,86133,21,4,,1,15,,86134,21,4,,1,15,,86140,21,4,,1,55,,86135,21,4,,1,15,,86136,21,4,,1,15,,86137,21,4,,1,14,,86138,21,4,,1,56,,86139,21,4,,1,14,,86143,21,4,,1,15,,86141,21,4,,1,15,,86142,21,4,,1,15,,86147,21,4,,1,55,,86146,21,4,,1,16,,86145,21,4,,1,14,,86144,21,4,,1,56,,86151,21,4,,1,14,,86148,21,4,,1,15,,86149,21,4,,1,15,,86150,21,4,,1,15,,86158,21,4,,1,56,,86153,21,4,,1,15,,86152,21,4,,1,13,,86154,21,4,,1,16,,86155,21,4,,1,53,,86156,21,4,,1,16,,86157,21,4,,1,11,,86159,21,4,,1
40000,'Samedi-10',639,,77857,21,4,,1,20,,77858,21,4,,1,55,,77861,21,4,,1,15,,77866,21,4,,1,15,,77875,21,4,,1,15,,77876,21,4,,1,55,,77859,21,4,,1,15,,77863,21,4,,1,15,,77860,21,4,,1,15,,77884,21,4,,1,55,,77862,21,4,,1,15,,77865,21,4,,1,15,,77864,21,4,,1,15,,77867,21,4,,1,55,,77885,21,4,,1,15,,77883,21,4,,1,15,,77886,21,4,,1,15,,77868,21,4,,1,55,,77870,21,4,,1,15,,77873,21,4,,1,15,,77874,21,4,,1,15,,77869,21,4,,1,55,,77880,21,4,,1,15,,77882,21,4,,1,15,,77887,21,4,,1,15,,77872,21,4,,1,55,,77871,21,4,,1,15,,77877,21,4,,1,17,,77878,21,4,,1,55,,77879,21,4,,1,15,,77888,21,4,,1,15,,77881,21,4,,1,15,,77889,21,4,,1,55,,77890,21,4,,1,15,,77891,21,4,,1,15,,77892,21,4,,1,15,,77893,21,4,,1,55,,77894,21,4,,1,15,,77895,21,4,,1,15,,77896,21,4,,1,15,,77897,21,4,,1,55,,77898,21,4,,1,15,,77899,21,4,,1,15,,77900,21,4,,1,14,,77901,21,4,,1,55,,77902,21,4,,1,15,,77903,21,4,,1,15,,77904,21,4,,1,15,,77910,21,4,,1,55,,77905,21,4,,1,15,,77906,21,4,,1,15,,77907,21,4,,1,14,,77908,21,4,,1,56,,77909,21,4,,1,14,,77913,21,4,,1,15,,77911,21,4,,1,15,,77912,21,4,,1,15,,77917,21,4,,1,55,,77916,21,4,,1,16,,77915,21,4,,1,14,,77914,21,4,,1,56,,77921,21,4,,1,14,,77918,21,4,,1,15,,77919,21,4,,1,15,,77920,21,4,,1,15,,77928,21,4,,1,56,,77923,21,4,,1,15,,77922,21,4,,1,13,,77924,21,4,,1,16,,77925,21,4,,1,53,,77926,21,4,,1,16,,77927,21,4,,1,11,,77929,21,4,,1
40000,'Dimanche-1',639,,86160,21,4,,1,20,,86161,21,4,,1,55,,86169,21,4,,1,15,,86181,21,4,,1,15,,86183,21,4,,1,15,,86164,21,4,,1,55,,86171,21,4,,1,15,,86170,21,4,,1,15,,86162,21,4,,1,15,,86163,21,4,,1,55,,86172,21,4,,1,15,,86180,21,4,,1,15,,86182,21,4,,1,15,,86165,21,4,,1,55,,86175,21,4,,1,15,,86174,21,4,,1,15,,86189,21,4,,1,15,,86190,21,4,,1,55,,86186,21,4,,1,15,,86201,21,4,,1,15,,86194,21,4,,1,15,,86185,21,4,,1,55,,86200,21,4,,1,15,,86173,21,4,,1,15,,86188,21,4,,1,15,,86191,21,4,,1,55,,86179,21,4,,1,15,,86202,21,4,,1,17,,86195,21,4,,1,55,,86176,21,4,,1,15,,86184,21,4,,1,15,,86177,21,4,,1,15,,86187,21,4,,1,55,,86196,21,4,,1,15,,86178,21,4,,1,15,,86166,21,4,,1,15,,86192,21,4,,1,55,,86167,21,4,,1,15,,86199,21,4,,1,15,,86168,21,4,,1,15,,86208,21,4,,1,55,,86197,21,4,,1,15,,86212,21,4,,1,15,,86206,21,4,,1,14,,86193,21,4,,1,55,,86210,21,4,,1,15,,86198,21,4,,1,15,,86214,21,4,,1,15,,86207,21,4,,1,55,,86215,21,4,,1,15,,86211,21,4,,1,15,,86216,21,4,,1,14,,86203,21,4,,1,56,,86209,21,4,,1,14,,86204,21,4,,1,15,,86213,21,4,,1,15,,86205,21,4,,1,15,,86217,21,4,,1,55,,86218,21,4,,1,16,,86220,21,4,,1,14,,86219,21,4,,1,56,,86222,21,4,,1,14,,86221,21,4,,1,15,,86223,21,4,,1,15,,86224,21,4,,1,15,,86229,21,4,,1,56,,86225,21,4,,1,15,,86227,21,4,,1,13,,86226,21,4,,1,16,,86228,21,4,,1,53,,86231,21,4,,1,16,,86230,21,4,,1,11,,86232,21,4,,1
40000,'Semaine-1',613,,86233,21,4,,1,15,,86239,21,4,,1,15,,86262,21,4,,1,14,,86277,21,4,,1,56,,86267,21,4,,1,17,,86325,21,4,,1,9,,86297,21,4,,1,10,,86249,21,4,,1,10,,86296,21,4,,1,58,,86291,21,4,,1,13,,86292,21,4,,1,10,,86247,21,4,,1,12,,86269,21,4,,1,52,,86271,21,4,,1,12,,86318,21,4,,1,11,,86288,21,4,,1,10,,86242,21,4,,1,13,,86251,21,4,,1,9,,86237,21,4,,1,50,,86240,21,4,,1,10,,86293,21,4,,1,10,,86259,21,4,,1,10,,86272,21,4,,1,10,,86265,21,4,,1,10,,86266,21,4,,1,50,,86298,21,4,,1,10,,86278,21,4,,1,10,,86289,21,4,,1,11,,86243,21,4,,1,9,,86252,21,4,,1,10,,86241,21,4,,1,51,,86319,21,4,,1,9,,86294,21,4,,1,10,,86260,21,4,,1,10,,86273,21,4,,1,11,,86264,21,4,,1,50,,86256,21,4,,1,9,,86285,21,4,,1,11,,86268,21,4,,1,4,,86279,21,4,,1,5,,86290,21,4,,1,11,,86244,21,4,,1,10,,86254,21,4,,1,50,,86246,21,4,,1,10,,86236,21,4,,1,10,,86295,21,4,,1,10,,86276,21,4,,1,10,,86274,21,4,,1,7,,86286,21,4,,1,6,,86263,21,4,,1,48,,86255,21,4,,1,6,,86303,21,4,,1,6,,86304,21,4,,1,4,,86305,21,4,,1,6,,86306,21,4,,1,2,,86307,21,4,,1,11,,86317,21,4,,1,5,,86323,21,4,,1,2,,86308,21,4,,1,275,,86309,21,4,,1,5,,86310,21,4,,1,5,,86311,21,4,,1,5,,86312,21,4,,1,5,,86324,21,4,,1,5,,86313,21,4,,1,5,,86314,21,4,,1,8,,86315,21,4,,1,52,,86316,21,4,,1,12,,86280,21,4,,1,12,,86281,21,4,,1,10,,86275,21,4,,1,12,,86301,21,4,,1,52,,86284,21,4,,1,12,,86270,21,4,,1,12,,86248,21,4,,1,12,,86320,21,4,,1,12,,86253,21,4,,1,53,,86321,21,4,,1,11,,86261,21,4,,1,12,,86282,21,4,,1,12,,86322,21,4,,1,14,,86258,21,4,,1,54,,86302,21,4,,1,15,,86300,21,4,,1,15,,86245,21,4,,1,15,,86234,21,4,,1,55,,86250,21,4,,1,13,,86283,21,4,,1,15,,86257,21,4,,1,15,,86287,21,4,,1,55,,86299,21,4,,1,15,,86238,21,4,,1,15,,86235,21,4,,1
40000,'Semaine-12',613,,86326,21,4,,1,15,,86332,21,4,,1,15,,86355,21,4,,1,14,,86370,21,4,,1,56,,86360,21,4,,1,17,,86418,21,4,,1,9,,86390,21,4,,1,10,,86342,21,4,,1,10,,86389,21,4,,1,58,,86384,21,4,,1,13,,86385,21,4,,1,10,,86340,21,4,,1,12,,86362,21,4,,1,52,,86364,21,4,,1,12,,86411,21,4,,1,11,,86381,21,4,,1,10,,86335,21,4,,1,13,,86344,21,4,,1,9,,86330,21,4,,1,50,,86333,21,4,,1,10,,86386,21,4,,1,10,,86352,21,4,,1,10,,86365,21,4,,1,10,,86358,21,4,,1,10,,86359,21,4,,1,50,,86391,21,4,,1,10,,86371,21,4,,1,10,,86382,21,4,,1,11,,86336,21,4,,1,9,,86345,21,4,,1,10,,86334,21,4,,1,51,,86412,21,4,,1,9,,86387,21,4,,1,10,,86353,21,4,,1,10,,86366,21,4,,1,11,,86357,21,4,,1,50,,86349,21,4,,1,9,,86378,21,4,,1,11,,86361,21,4,,1,4,,86372,21,4,,1,5,,86383,21,4,,1,11,,86337,21,4,,1,10,,86347,21,4,,1,50,,86339,21,4,,1,10,,86329,21,4,,1,10,,86388,21,4,,1,10,,86369,21,4,,1,10,,86367,21,4,,1,7,,86379,21,4,,1,6,,86356,21,4,,1,48,,86348,21,4,,1,6,,86396,21,4,,1,6,,86397,21,4,,1,4,,86398,21,4,,1,6,,86399,21,4,,1,2,,86400,21,4,,1,11,,86410,21,4,,1,5,,86416,21,4,,1,2,,86401,21,4,,1,275,,86402,21,4,,1,5,,86403,21,4,,1,5,,86404,21,4,,1,5,,86405,21,4,,1,5,,86417,21,4,,1,5,,86406,21,4,,1,5,,86407,21,4,,1,8,,86408,21,4,,1,52,,86409,21,4,,1,12,,86373,21,4,,1,12,,86374,21,4,,1,10,,86368,21,4,,1,12,,86394,21,4,,1,52,,86377,21,4,,1,12,,86363,21,4,,1,12,,86341,21,4,,1,12,,86413,21,4,,1,12,,86346,21,4,,1,53,,86414,21,4,,1,11,,86354,21,4,,1,12,,86375,21,4,,1,12,,86415,21,4,,1,14,,86351,21,4,,1,54,,86395,21,4,,1,15,,86393,21,4,,1,15,,86338,21,4,,1,15,,86327,21,4,,1,55,,86343,21,4,,1,13,,86376,21,4,,1,15,,86350,21,4,,1,15,,86380,21,4,,1,55,,86392,21,4,,1,15,,86331,21,4,,1,15,,86328,21,4,,1
57600,'Semaine-1',1601,,86829,33,4,,1
57600,'Semaine-12',1601,,86830,33,4,,1
80000,'Samedi-1',802,,86901,54,4,,1,104,,86902,54,4,,1,98,,86903,54,4,,1,101,,86905,54,4,,1,100,,86906,54,4,,1,100,,86904,54,4,,1,100,,86907,54,4,,1,102,,86908,54,4,,1,100,,86909,54,4,,1,100,,86910,54,4,,1,99,,86911,54,4,,2,99,,86912,54,4,,1,100,,86915,54,4,,1,98,,86913,54,4,,1,100,,86914,54,4,,1,98,,86916,54,4,,1,100,,86917,54,4,,1
80000,'Samedi-10',802,,79460,54,4,,1,104,,79461,54,4,,1,98,,79462,54,4,,1,101,,79464,54,4,,1,100,,79465,54,4,,1,100,,79463,54,4,,1,100,,79466,54,4,,1,102,,79467,54,4,,1,100,,79468,54,4,,1,100,,79469,54,4,,1,99,,79470,54,4,,2,99,,79471,54,4,,1,100,,79474,54,4,,1,98,,79472,54,4,,1,100,,79473,54,4,,1,98,,79475,54,4,,1,100,,79476,54,4,,1
80000,'Dimanche-1',802,,86920,54,4,,1,104,,86919,54,4,,1,98,,86925,54,4,,1,101,,86918,54,4,,1,100,,86922,54,4,,1,100,,86921,54,4,,1,100,,86923,54,4,,1,102,,86924,54,4,,1,100,,86928,54,4,,1,100,,86926,54,4,,1,99,,86927,54,4,,2,99,,86931,54,4,,1,100,,86930,54,4,,1,98,,86929,54,4,,1,100,,86932,54,4,,1,98,,86933,54,4,,1,100,,86934,54,4,,1
80000,'Semaine-1',641,,86967,53,4,,1,74,,86953,53,4,,1,31,,86943,53,4,,1,55,,86942,53,4,,1,16,,86963,53,4,,1,30,,86954,53,4,,1,57,,86940,53,4,,1,28,,86959,53,4,,1,70,,86944,54,4,,1,30,,86961,54,4,,1,70,,86956,54,4,,1,30,,86970,54,4,,1,70,,86937,54,4,,1,30,,86958,54,4,,1,70,,86948,54,4,,1,29,,86964,54,4,,1,71,,86957,54,4,,1,30,,86968,54,4,,1,73,,86947,54,4,,1,28,,86962,54,4,,1,74,,86960,54,4,,1,32,,86949,54,4,,1,74,,86965,54,4,,1,26,,86938,54,4,,1,70,,86955,54,4,,1,30,,86952,54,4,,1,67,,86966,54,4,,1,28,,86951,54,4,,1,69,,86945,54,4,,1,29,,86939,54,4,,1,69,,86969,54,4,,1,29,,86950,54,4,,1,27,,86946,54,4,,1,70,,86936,54,4,,1,30,,86941,54,4,,1,68,,86935,54,4,,1
80000,'Semaine-12',641,,87003,53,4,,1,74,,86989,53,4,,1,31,,86979,53,4,,1,55,,86978,53,4,,1,16,,86999,53,4,,1,30,,86990,53,4,,1,57,,86976,53,4,,1,28,,86995,53,4,,1,70,,86980,54,4,,1,30,,86997,54,4,,1,70,,86992,54,4,,1,30,,87006,54,4,,1,70,,86973,54,4,,1,30,,86994,54,4,,1,70,,86984,54,4,,1,29,,87000,54,4,,1,71,,86993,54,4,,1,30,,87004,54,4,,1,73,,86983,54,4,,1,28,,86998,54,4,,1,74,,86996,54,4,,1,32,,86985,54,4,,1,74,,87001,54,4,,1,26,,86974,54,4,,1,70,,86991,54,4,,1,30,,86988,54,4,,1,67,,87002,54,4,,1,28,,86987,54,4,,1,69,,86981,54,4,,1,29,,86975,54,4,,1,69,,87005,54,4,,1,29,,86986,54,4,,1,27,,86982,54,4,,1,70,,86972,54,4,,1,30,,86977,54,4,,1,68,,86971,54,4,,1
