2300,'Semaine-1',1544,,79976,12,,,1,68,,79974,12,,,1,34,,79972,12,,,1,65,,79973,12,,,2,27,,79975,12,,,2,69,,79971,12,,,1
2300,'Semaine-12',1544,,79982,12,,,1,68,,79980,12,,,1,34,,79978,12,,,1,65,,79979,12,,,2,27,,79981,12,,,2,69,,79977,12,,,1
2500,'Semaine-1',1527,,79993,11,,,1,30,,79996,11,,,1,70,,79994,11,,,1,73,,79998,11,,,1,25,,79995,11,,,2,28,,79997,11,,,2
2500,'Semaine-12',1527,,79999,11,,,1,30,,80002,11,,,1,70,,80000,11,,,1,73,,80004,11,,,1,25,,80001,11,,,2,28,,80003,11,,,2
3500,'Semaine-1',639,,81054,19,0,15 16,1,78,,81029,19,0,15 16,2,23,,81039,19,0,15 16,1,63,,81057,19,0,15 16,1,15,,81047,19,0,15 16,1,20,,81062,19,0,15 16,1,20,,81059,19,0,15 16,1,63,,81052,19,0,15 16,1,21,,81058,19,0,15 16,1,70,,81037,19,0,15 16,1,26,,81050,19,0,15 16,1,74,,81031,19,0,15 16,1,28,,81035,19,0,15 16,1,70,,81045,19,0,15 16,2,32,,81030,19,0,15 16,1,70,,81040,19,0,15 16,1,30,,81061,19,0,15 16,2,70,,81048,19,0,15 16,1,30,,81032,19,0,15 16,2,72,,81044,19,,,2,33,,81046,19,0,15 16,1,58,,81038,12,0,15 16,1,19,,81049,19,,,1,13,,81043,12,0,15 16,1,18,,81053,19,,,1,65,,81055,19,0,15 16,1,31,,81036,19,,,1,64,,81034,19,0,15 16,1,28,,81063,19,,,1,66,,81051,19,0,15 16,1,30,,81041,12,0,15 16,1,70,,81042,19,,,1,100,,81056,19,,,1,100,,81060,19,,,1,100,,81033,19,0,15 16,1
3500,'Semaine-12',639,,81089,19,0,15 16,1,78,,81064,19,0,15 16,2,23,,81074,19,0,15 16,1,63,,81092,19,0,15 16,1,15,,81082,19,0,15 16,1,20,,81097,19,0,15 16,1,20,,81094,19,0,15 16,1,63,,81087,19,0,15 16,1,21,,81093,19,0,15 16,1,70,,81072,19,0,15 16,1,26,,81085,19,0,15 16,1,74,,81066,19,0,15 16,1,28,,81070,19,0,15 16,1,70,,81080,19,0,15 16,2,32,,81065,19,0,15 16,1,70,,81075,19,0,15 16,1,30,,81096,19,0,15 16,2,70,,81083,19,0,15 16,1,30,,81067,19,0,15 16,2,72,,81079,19,,,2,33,,81081,19,0,15 16,1,58,,81073,12,0,15 16,1,19,,81084,19,,,1,13,,81078,12,0,15 16,1,18,,81088,19,,,1,65,,81090,19,0,15 16,1,31,,81071,19,,,1,64,,81069,19,0,15 16,1,28,,81098,19,,,1,66,,81086,19,0,15 16,1,30,,81076,12,0,15 16,1,70,,81077,19,,,1,100,,81091,19,,,1,100,,81095,19,,,1,100,,81068,19,0,15 16,1
3800,'Samedi-1',741,,81376,12,,,1,72,,81369,12,,,1,20,,81370,12,,,1,80,,81381,12,,,1,29,,81373,12,,,1,71,,81371,12,,,1,28,,81382,12,,,1,72,,81374,12,,,1,28,,81380,12,,,1,71,,81372,12,,,1,27,,81375,12,,,1,74,,81379,12,,,1,26,,81377,12,,,1,74,,81378,12,,,1,30,,81383,12,,,1,71,,81384,12,,,1,30,,81385,12,,,1,69,,81386,12,,,1,21,,81387,12,,,1,79,,81388,12,,,1,30,,81389,12,,,1,70,,81390,12,,,1,30,,81391,12,,,1,70,,81392,12,,,1,31,,81393,12,,,1,69,,81394,12,,,1,30,,81396,12,,,1,70,,81395,12,,,1,29,,81398,12,,,1,70,,81397,12,,,1,30,,81399,12,,,1,70,,81400,12,,,1,30,,81401,12,,,1
3800,'Samedi-10',741,,68572,12,,,1,72,,68565,12,,,1,20,,68566,12,,,1,80,,68577,12,,,1,29,,68569,12,,,1,71,,68567,12,,,1,28,,68578,12,,,1,72,,68570,12,,,1,28,,68576,12,,,1,71,,68568,12,,,1,27,,68571,12,,,1,74,,68575,12,,,1,26,,68573,12,,,1,74,,68574,12,,,1,30,,68579,12,,,1,71,,68580,12,,,1,30,,68581,12,,,1,69,,68582,12,,,1,21,,68583,12,,,1,79,,68584,12,,,1,30,,68585,12,,,1,70,,68586,12,,,1,30,,68587,12,,,1,70,,68588,12,,,1,31,,68589,12,,,1,69,,68590,12,,,1,30,,68592,12,,,1,70,,68591,12,,,1,29,,68594,12,,,1,70,,68593,12,,,1,30,,68595,12,,,1,70,,68596,12,,,1,30,,68597,12,,,1
3800,'Dimanche-1',741,,81405,12,,,1,72,,81410,12,,,1,20,,81413,12,,,1,80,,81411,12,,,1,29,,81404,12,,,1,71,,81426,12,,,1,28,,81403,12,,,1,72,,81406,12,,,1,28,,81427,12,,,1,71,,81425,12,,,1,27,,81407,12,,,1,74,,81417,12,,,1,26,,81414,12,,,1,74,,81408,12,,,1,30,,81412,12,,,1,71,,81419,12,,,1,30,,81402,12,,,1,69,,81409,12,,,1,21,,81416,12,,,1,79,,81421,12,,,1,30,,81415,12,,,1,70,,81423,12,,,1,30,,81420,12,,,1,70,,81424,12,,,1,31,,81422,12,,,1,69,,81418,12,,,1,30,,81428,12,,,1,70,,81429,12,,,1,29,,81430,12,,,1,70,,81431,12,,,1,30,,81432,12,,,1,70,,81433,12,,,1,30,,81434,12,,,1
3800,'Semaine-1',653,,81451,12,,,1,59,,81467,12,,,1,32,,81462,12,,,1,70,,81475,12,,,1,30,,81472,12,,,1,70,,81448,12,,,1,20,,81444,12,,,1,20,,81455,12,,,1,60,,81440,12,,,1,20,,81464,12,,,1,20,,81449,12,,,1,61,,81445,12,,,1,20,,81456,12,,,1,20,,81441,12,,,1,60,,81463,12,,,1,20,,81474,12,,,1,20,,81446,12,,,1,60,,81457,12,,,1,20,,81465,12,,,1,20,,81476,12,,,1,60,,81450,12,,,1,21,,81447,12,,,1,21,,81458,12,,,1,70,,81471,12,,,1,31,,81436,12,,,1,71,,81460,12,,,1,74,,81469,12,,,1,24,,81459,12,,,1,28,,81473,12,,,1,69,,81439,12,,,1,29,,81470,12,,,1,69,,81453,12,,,1,31,,81461,12,,,1,71,,81466,12,,,1,28,,81468,12,,,1,70,,81452,12,,,1,30,,81438,12,,,1,70,,81454,12,,,1,30,,81442,12,,,1,70,,81437,12,,,1,30,,81435,12,,,1,68,,81443,12,,,1
3800,'Semaine-12',653,,81493,12,,,1,59,,81509,12,,,1,32,,81504,12,,,1,70,,81517,12,,,1,30,,81514,12,,,1,70,,81490,12,,,1,20,,81486,12,,,1,20,,81497,12,,,1,60,,81482,12,,,1,20,,81506,12,,,1,20,,81491,12,,,1,61,,81487,12,,,1,20,,81498,12,,,1,20,,81483,12,,,1,60,,81505,12,,,1,20,,81516,12,,,1,20,,81488,12,,,1,60,,81499,12,,,1,20,,81507,12,,,1,20,,81518,12,,,1,60,,81492,12,,,1,21,,81489,12,,,1,21,,81500,12,,,1,70,,81513,12,,,1,31,,81478,12,,,1,71,,81502,12,,,1,74,,81511,12,,,1,24,,81501,12,,,1,28,,81515,12,,,1,69,,81481,12,,,1,29,,81512,12,,,1,69,,81495,12,,,1,31,,81503,12,,,1,71,,81508,12,,,1,28,,81510,12,,,1,70,,81494,12,,,1,30,,81480,12,,,1,70,,81496,12,,,1,30,,81484,12,,,1,70,,81479,12,,,1,30,,81477,12,,,1,68,,81485,12,,,1
72500,'Semaine-1',1620,,86867,9,0,5 11,1
72500,'Semaine-12',1620,,86868,9,0,5 11,1
