4101,'Semaine-1',631,,81943,11,,,1,73,,81944,11,,,1,34,,81945,11,,,1,66,,81942,11,,,2,30,,81941,11,,,1
4101,'Semaine-12',631,,81948,11,,,1,73,,81949,11,,,1,34,,81950,11,,,1,66,,81947,11,,,2,30,,81946,11,,,1
4900,'Samedi-1',714,,82003,8,,,1,100,,82004,8,,,1,100,,82001,8,,,1,100,,82005,8,,,1,100,,82002,8,,,1,100,,82006,8,,,1,98,,82007,8,,,1,102,,82008,8,,,1,100,,82009,8,,,1,100,,82010,8,,,1,100,,82011,8,,,1,100,,82012,8,,,1,100,,82013,8,,,1,100,,82014,8,,,1,100,,82015,8,,,1,100,,82016,8,,,1,99,,82017,8,,,1
4900,'Samedi-10',714,,69841,8,,,1,100,,69842,8,,,1,100,,69839,8,,,1,100,,69843,8,,,1,100,,69840,8,,,1,100,,69844,8,,,1,98,,69845,8,,,1,102,,69846,8,,,1,100,,69847,8,,,1,100,,69848,8,,,1,100,,69849,8,,,1,100,,69850,8,,,1,100,,69851,8,,,1,100,,69852,8,,,1,100,,69853,8,,,1,100,,69854,8,,,1,99,,69855,8,,,1
4900,'Dimanche-1',714,,82018,8,,,1,100,,82031,8,,,1,100,,82019,8,,,1,100,,82030,8,,,1,100,,82022,8,,,1,100,,82021,8,,,1,98,,82025,8,,,1,102,,82020,8,,,1,100,,82024,8,,,1,100,,82023,8,,,1,100,,82027,8,,,1,100,,82029,8,,,1,100,,82026,8,,,1,100,,82028,8,,,1,100,,82032,8,,,1,100,,82033,8,,,1,99,,82034,8,,,1
4900,'Semaine-1',625,,82062,8,,,1,31,,82073,8,,,1,71,,82065,8,,,1,25,,82066,8,,,1,74,,82060,8,,,1,74,,82055,8,,,1,29,,82047,8,,,1,71,,82067,8,,,1,33,,82063,8,,,1,70,,82058,8,,,1,30,,82035,8,,,1,70,,82056,8,,,1,30,,82037,8,,,1,70,,82042,8,,,1,30,,82044,8,,,1,71,,82048,8,,,1,30,,82064,8,,,1,70,,82046,8,,,1,30,,82049,8,,,1,70,,82040,8,,,1,30,,82052,8,,,1,70,,82043,8,,,1,30,,82041,8,,,1,70,,82059,8,,,1,29,,82053,8,,,1,100,,82036,8,,,1,99,,82054,8,,,1,101,,82051,8,,,1,100,,82038,8,,,1,98,,82050,8,,,1,100,,82039,8,,,1
4900,'Semaine-12',625,,82101,8,,,1,31,,82112,8,,,1,71,,82104,8,,,1,25,,82105,8,,,1,74,,82099,8,,,1,74,,82094,8,,,1,29,,82086,8,,,1,71,,82106,8,,,1,33,,82102,8,,,1,70,,82097,8,,,1,30,,82074,8,,,1,70,,82095,8,,,1,30,,82076,8,,,1,70,,82081,8,,,1,30,,82083,8,,,1,71,,82087,8,,,1,30,,82103,8,,,1,70,,82085,8,,,1,30,,82088,8,,,1,70,,82079,8,,,1,30,,82091,8,,,1,70,,82082,8,,,1,30,,82080,8,,,1,70,,82098,8,,,1,29,,82092,8,,,1,100,,82075,8,,,1,99,,82093,8,,,1,101,,82090,8,,,1,100,,82077,8,,,1,98,,82089,8,,,1,100,,82078,8,,,1
64101,'Semaine-1',1517,,86849,14,0,9 10,1
64101,'Semaine-12',1517,,86850,14,0,9 10,1
80000,'Samedi-1',716,,86901,11,,,1,102,,86902,11,,,1,98,,86903,11,,,1,100,,86905,11,,,1,100,,86906,11,,,1,100,,86904,11,,,1,100,,86907,11,,,1,100,,86908,11,,,1,100,,86909,11,,,1,100,,86910,11,,,1,100,,86911,11,,,2,100,,86912,11,,,1,100,,86915,11,,,1,100,,86913,11,,,1,100,,86914,11,,,1,100,,86916,11,,,1,100,,86917,11,,,1
80000,'Samedi-10',716,,79460,11,,,1,102,,79461,11,,,1,98,,79462,11,,,1,100,,79464,11,,,1,100,,79465,11,,,1,100,,79463,11,,,1,100,,79466,11,,,1,100,,79467,11,,,1,100,,79468,11,,,1,100,,79469,11,,,1,100,,79470,11,,,2,100,,79471,11,,,1,100,,79474,11,,,1,100,,79472,11,,,1,100,,79473,11,,,1,100,,79475,11,,,1,100,,79476,11,,,1
80000,'Dimanche-1',716,,86920,11,,,1,102,,86919,11,,,1,98,,86925,11,,,1,100,,86918,11,,,1,100,,86922,11,,,1,100,,86921,11,,,1,100,,86923,11,,,1,100,,86924,11,,,1,100,,86928,11,,,1,100,,86926,11,,,1,100,,86927,11,,,2,100,,86931,11,,,1,100,,86930,11,,,1,100,,86929,11,,,1,100,,86932,11,,,1,100,,86933,11,,,1,100,,86934,11,,,1
80000,'Semaine-1',550,,86967,11,,,1,70,,86953,11,,,1,30,,86943,11,,,1,55,,86942,11,,,1,15,,86963,11,,,1,30,,86954,11,,,1,60,,86940,11,,,1,30,,86959,11,,,1,70,,86944,11,,,1,30,,86961,11,,,1,70,,86956,11,,,1,30,,86970,11,,,1,70,,86937,11,,,1,30,,86958,11,,,1,70,,86948,11,,,1,31,,86964,11,,,1,69,,86957,11,,,1,30,,86968,11,,,1,70,,86947,11,,,1,28,,86962,11,,,1,72,,86960,11,,,1,30,,86949,11,,,1,70,,86965,11,,,1,30,,86938,11,,,1,70,,86955,11,,,1,30,,86952,11,,,1,70,,86966,11,,,1,30,,86951,11,,,1,71,,86945,11,,,1,29,,86939,11,,,1,71,,86969,11,,,1,29,,86950,11,,,1,70,,86946,11,,,1,30,,86936,11,,,1,70,,86941,11,,,1,30,,86935,11,,,1
80000,'Semaine-12',550,,87003,11,,,1,70,,86989,11,,,1,30,,86979,11,,,1,55,,86978,11,,,1,15,,86999,11,,,1,30,,86990,11,,,1,60,,86976,11,,,1,30,,86995,11,,,1,70,,86980,11,,,1,30,,86997,11,,,1,70,,86992,11,,,1,30,,87006,11,,,1,70,,86973,11,,,1,30,,86994,11,,,1,70,,86984,11,,,1,31,,87000,11,,,1,69,,86993,11,,,1,30,,87004,11,,,1,70,,86983,11,,,1,28,,86998,11,,,1,72,,86996,11,,,1,30,,86985,11,,,1,70,,87001,11,,,1,30,,86974,11,,,1,70,,86991,11,,,1,30,,86988,11,,,1,70,,87002,11,,,1,30,,86987,11,,,1,71,,86981,11,,,1,29,,86975,11,,,1,71,,87005,11,,,1,29,,86986,11,,,1,70,,86982,11,,,1,30,,86972,11,,,1,70,,86977,11,,,1,30,,86971,11,,,1
