6401,'Samedi-1',739,,83372,41,,,1,100,,83369,41,,,1,100,,83371,41,,,1,100,,83374,41,,,1,100,,83370,41,,,1,100,,83375,41,,,1,100,,83373,41,,,1,100,,83376,41,,,1,100,,83377,41,,,1,100,,83378,41,,,1,100,,83379,41,,,1
6401,'Samedi-10',739,,72587,41,,,1,100,,72584,41,,,1,100,,72586,41,,,1,100,,72589,41,,,1,100,,72585,41,,,1,100,,72590,41,,,1,100,,72588,41,,,1,100,,72591,41,,,1,100,,72592,41,,,1,100,,72593,41,,,1,100,,72594,41,,,1
6401,'Dimanche-1',739,,83384,41,,,1,100,,83381,41,,,1,100,,83387,41,,,1,100,,83388,41,,,1,100,,83385,41,,,1,100,,83380,41,,,1,100,,83382,41,,,1,100,,83383,41,,,1,100,,83389,41,,,1,100,,83386,41,,,1,100,,83390,41,,,1
6401,'Semaine-1',538,,83391,41,,,2,108,,83401,41,,,2,100,,83403,41,,,1,100,,83400,41,,,1,97,,83408,41,,,1,100,,83395,41,,,1,100,,83394,41,,,1,100,,83406,41,,,1,100,,83402,41,,,2,100,,83404,41,,,1,100,,83405,41,,,1,102,,83396,41,,,1,98,,83392,41,,,1,100,,83393,41,,,1,97,,83399,41,,,1,100,,83397,41,,,1,100,,83398,41,,,1,100,,83407,41,,,1
6401,'Semaine-12',538,,83409,41,,,2,108,,83419,41,,,2,100,,83421,41,,,1,100,,83418,41,,,1,97,,83426,41,,,1,100,,83413,41,,,1,100,,83412,41,,,1,100,,83424,41,,,1,100,,83420,41,,,2,100,,83422,41,,,1,100,,83423,41,,,1,102,,83414,41,,,1,98,,83410,41,,,1,100,,83411,41,,,1,97,,83417,41,,,1,100,,83415,41,,,1,100,,83416,41,,,1,100,,83425,41,,,1
6601,'Samedi-1',705,,83727,42,,,1,100,,83729,42,,,1,100,,83733,42,,,1,100,,83730,42,,,1,100,,83734,42,,,1,100,,83728,42,,,1,100,,83731,42,,,1,100,,83732,42,,,1,100,,83735,42,,,1,100,,83736,42,,,1,100,,83737,42,,,1,100,,83738,42,,,1,100,,83739,42,,,1,100,,83741,42,,,1,100,,83740,42,,,1,100,,83742,42,,,1,100,,83743,42,,,1,100,,83744,42,,,1
6601,'Samedi-10',705,,73314,42,,,1,100,,73316,42,,,1,100,,73320,42,,,1,100,,73317,42,,,1,100,,73321,42,,,1,100,,73315,42,,,1,100,,73318,42,,,1,100,,73319,42,,,1,100,,73322,42,,,1,100,,73323,42,,,1,100,,73324,42,,,1,100,,73325,42,,,1,100,,73326,42,,,1,100,,73328,42,,,1,100,,73327,42,,,1,100,,73329,42,,,1,100,,73330,42,,,1,100,,73331,42,,,1
6601,'Dimanche-1',705,,83746,42,,,1,100,,83750,42,,,1,100,,83751,42,,,1,100,,83752,42,,,1,100,,83745,42,,,1,100,,83747,42,,,1,100,,83748,42,,,1,100,,83749,42,,,1,100,,83754,42,,,1,100,,83753,42,,,1,100,,83757,42,,,1,100,,83755,42,,,1,100,,83758,42,,,1,100,,83756,42,,,1,100,,83759,42,,,1,100,,83760,42,,,1,100,,83761,42,,,1,100,,83762,42,,,1
6601,'Semaine-1',556,,83772,42,,,2,60,,83765,42,,,1,18,,83774,42,,,1,21,,83780,42,,,2,60,,83775,42,,,2,21,,83766,42,,,1,23,,83778,42,,,2,59,,83771,42,,,1,18,,83787,42,,,1,21,,83764,42,,,1,59,,83777,42,,,1,18,,83788,42,,,1,20,,83796,42,,,1,102,,83776,42,,,1,100,,83768,42,,,1,100,,83792,42,,,1,100,,83793,42,,,1,100,,83779,42,,,2,62,,83767,42,,,1,19,,83784,42,,,2,19,,83781,42,,,1,64,,83794,42,,,1,22,,83763,42,,,1,59,,83789,42,,,1,20,,83782,42,,,1,20,,83795,42,,,1,18,,83785,42,,,2,64,,83790,42,,,2,20,,83783,42,,,1,58,,83791,42,,,1,19,,83797,42,,,2,94,,83770,42,,,2,100,,83769,42,,,1,95,,83773,42,,,1,100,,83786,42,,,1
6601,'Semaine-12',556,,83807,42,,,2,60,,83800,42,,,1,18,,83809,42,,,1,21,,83815,42,,,2,60,,83810,42,,,2,21,,83801,42,,,1,23,,83813,42,,,2,59,,83806,42,,,1,18,,83822,42,,,1,21,,83799,42,,,1,59,,83812,42,,,1,18,,83823,42,,,1,20,,83831,42,,,1,102,,83811,42,,,1,100,,83803,42,,,1,100,,83827,42,,,1,100,,83828,42,,,1,100,,83814,42,,,2,62,,83802,42,,,1,19,,83819,42,,,2,19,,83816,42,,,1,64,,83829,42,,,1,22,,83798,42,,,1,59,,83824,42,,,1,20,,83817,42,,,1,20,,83830,42,,,1,18,,83820,42,,,2,64,,83825,42,,,2,20,,83818,42,,,1,58,,83826,42,,,1,19,,83832,42,,,2,94,,83805,42,,,2,100,,83804,42,,,1,95,,83808,42,,,1,100,,83821,42,,,1
56901,'Semaine-1',707,,86823,21,0,5 6,1
56901,'Semaine-12',707,,86824,21,0,5 6,1
