3301,'Samedi-1',719,,80655,21,,,1,100,,80656,21,,,1,100,,80657,21,,,1,100,,80658,21,,,1,99,,80659,21,,,1,101,,80660,21,,,1,100,,80661,21,,,1,100,,80662,21,,,1,101,,80663,21,,,1,99,,80664,21,,,1,100,,80665,21,,,1,99,,80666,21,,,1,100,,80667,21,,,1,100,,80668,21,,,1,100,,80669,21,,,1,100,,80670,21,,,1,100,,80671,21,,,1,100,,80672,21,,,1
3301,'Samedi-10',719,,67122,21,,,1,100,,67123,21,,,1,100,,67124,21,,,1,100,,67125,21,,,1,99,,67126,21,,,1,101,,67127,21,,,1,100,,67128,21,,,1,100,,67129,21,,,1,101,,67130,21,,,1,99,,67131,21,,,1,100,,67132,21,,,1,99,,67133,21,,,1,100,,67134,21,,,1,100,,67135,21,,,1,100,,67136,21,,,1,100,,67137,21,,,1,100,,67138,21,,,1,100,,67139,21,,,1
3301,'Dimanche-1',719,,80677,21,,,1,100,,80678,21,,,1,100,,80686,21,,,1,100,,80679,21,,,1,99,,80674,21,,,1,101,,80675,21,,,1,100,,80673,21,,,1,100,,80676,21,,,1,101,,80680,21,,,1,99,,80681,21,,,1,100,,80683,21,,,1,99,,80685,21,,,1,100,,80684,21,,,1,100,,80682,21,,,1,100,,80687,21,,,1,100,,80688,21,,,1,100,,80689,21,,,1,100,,80690,21,,,1
3301,'Semaine-1',605,,80714,21,,,1,20,,80722,21,,,1,18,,80699,21,,,1,15,,80719,21,,,1,59,,80715,21,,,1,10,,80710,21,,,1,11,,80730,21,,,1,13,,80728,21,,,1,55,,80717,21,,,1,12,,80705,21,,,1,11,,80721,21,,,1,14,,80695,21,,,1,70,,80707,21,,,1,31,,80713,21,,,1,70,,80703,21,,,1,30,,80724,21,,,1,70,,80708,21,,,1,30,,80700,21,,,1,70,,80702,21,,,1,15,,80720,21,,,1,15,,80729,21,,,1,66,,80711,21,,,1,29,,80701,21,,,1,70,,80706,21,,,1,31,,80709,21,,,1,60,,80731,21,,,1,20,,80712,21,,,1,18,,80716,21,,,1,63,,80697,21,,,1,20,,80727,21,,,1,21,,80704,21,,,1,67,,80694,21,,,1,31,,80691,21,,,1,74,,80725,21,,,1,30,,80698,21,,,1,70,,80693,21,,,1,100,,80696,21,,,1,33,,80718,21,,,1,101,,80723,21,,,2,100,,80692,21,,,1,100,,80726,21,,,1
3301,'Semaine-12',605,,80755,21,,,1,20,,80763,21,,,1,18,,80740,21,,,1,15,,80760,21,,,1,59,,80756,21,,,1,10,,80751,21,,,1,11,,80771,21,,,1,13,,80769,21,,,1,55,,80758,21,,,1,12,,80746,21,,,1,11,,80762,21,,,1,14,,80736,21,,,1,70,,80748,21,,,1,31,,80754,21,,,1,70,,80744,21,,,1,30,,80765,21,,,1,70,,80749,21,,,1,30,,80741,21,,,1,70,,80743,21,,,1,15,,80761,21,,,1,15,,80770,21,,,1,66,,80752,21,,,1,29,,80742,21,,,1,70,,80747,21,,,1,31,,80750,21,,,1,60,,80772,21,,,1,20,,80753,21,,,1,18,,80757,21,,,1,63,,80738,21,,,1,20,,80768,21,,,1,21,,80745,21,,,1,67,,80735,21,,,1,31,,80732,21,,,1,74,,80766,21,,,1,30,,80739,21,,,1,70,,80734,21,,,1,100,,80737,21,,,1,33,,80759,21,,,1,101,,80764,21,,,2,100,,80733,21,,,1,100,,80767,21,,,1
3501,'Semaine-1',537,,81121,3,,,1,80,,81099,3,,,2,20,,81129,3,,,1,20,,81130,14,,,1,55,,81118,3,,,1,20,,81123,14,,,1,20,,81102,3,,,1,65,,81119,3,,,1,25,,81124,3,,,1,70,,81106,3,,,1,30,,81108,3,,,1,70,,81101,3,,,1,28,,81105,3,,,1,70,,81114,3,,,2,32,,81100,3,,,1,70,,81112,3,,,1,30,,81113,3,,,2,70,,81116,3,,,1,30,,81104,3,,,2,70,,81125,3,,,2,30,,81115,3,,,1,70,,81103,3,,,1,32,,81127,3,,,1,68,,81122,3,,,1,30,,81107,3,,,1,70,,81110,3,,,1,30,,81128,3,,,1,70,,81117,3,,,1,100,,81111,3,,,1,100,,81109,3,,,1,100,,81126,3,,,1,100,,81120,3,,,1
3501,'Semaine-12',537,,81153,3,,,1,80,,81131,3,,,2,20,,81161,3,,,1,20,,81162,14,,,1,55,,81150,3,,,1,20,,81155,14,,,1,20,,81134,3,,,1,65,,81151,3,,,1,25,,81156,3,,,1,70,,81138,3,,,1,30,,81140,3,,,1,70,,81133,3,,,1,28,,81137,3,,,1,70,,81146,3,,,2,32,,81132,3,,,1,70,,81144,3,,,1,30,,81145,3,,,2,70,,81148,3,,,1,30,,81136,3,,,2,70,,81157,3,,,2,30,,81147,3,,,1,70,,81135,3,,,1,32,,81159,3,,,1,68,,81154,3,,,1,30,,81139,3,,,1,70,,81142,3,,,1,30,,81160,3,,,1,70,,81149,3,,,1,100,,81143,3,,,1,100,,81141,3,,,1,100,,81158,3,,,1,100,,81152,3,,,1
4901,'Samedi-1',711,,82116,3,,,1,100,,82115,3,,,1,100,,82117,3,,,1,100,,82113,3,,,1,100,,82118,3,,,1,100,,82114,3,,,1,100,,82119,3,,,1,100,,82120,3,,,1,100,,82121,3,,,1,100,,82122,3,,,1,100,,82123,3,,,1,100,,82124,3,,,1,100,,82125,3,,,1,100,,82126,3,,,1,100,,82127,3,,,1,100,,82128,3,,,1,100,,82129,3,,,1
4901,'Samedi-10',711,,70061,3,,,1,100,,70060,3,,,1,100,,70062,3,,,1,100,,70058,3,,,1,100,,70063,3,,,1,100,,70059,3,,,1,100,,70064,3,,,1,100,,70065,3,,,1,100,,70066,3,,,1,100,,70067,3,,,1,100,,70068,3,,,1,100,,70069,3,,,1,100,,70070,3,,,1,100,,70071,3,,,1,100,,70072,3,,,1,100,,70073,3,,,1,100,,70074,3,,,1
4901,'Dimanche-1',711,,82143,3,,,1,100,,82132,3,,,1,100,,82142,3,,,1,100,,82135,3,,,1,100,,82131,3,,,1,100,,82130,3,,,1,100,,82133,3,,,1,100,,82134,3,,,1,100,,82137,3,,,1,100,,82136,3,,,1,100,,82140,3,,,1,100,,82139,3,,,1,100,,82141,3,,,1,100,,82138,3,,,1,100,,82144,3,,,1,100,,82145,3,,,1,100,,82146,3,,,1
4901,'Semaine-1',551,,82153,3,,,1,85,,82158,3,,,1,70,,82174,3,,,1,30,,82170,3,,,1,70,,82168,3,,,1,30,,82178,3,,,1,70,,82160,3,,,1,30,,82176,3,,,1,70,,82172,3,,,1,30,,82147,3,,,1,70,,82169,3,,,1,30,,82148,3,,,1,70,,82154,3,,,1,30,,82156,3,,,1,70,,82161,3,,,1,29,,82177,3,,,1,71,,82159,3,,,1,30,,82179,3,,,1,20,,82175,3,,,1,50,,82162,3,,,1,15,,82149,3,,,1,15,,82165,3,,,1,70,,82155,3,,,1,30,,82157,3,,,1,70,,82173,3,,,1,30,,82167,3,,,1,70,,82171,3,,,1,95,,82150,3,,,1,40,,82166,3,,,1,101,,82164,3,,,1,99,,82151,3,,,1,100,,82163,3,,,1,100,,82152,3,,,1
4901,'Semaine-12',551,,82186,3,,,1,85,,82191,3,,,1,70,,82207,3,,,1,30,,82203,3,,,1,70,,82201,3,,,1,30,,82211,3,,,1,70,,82193,3,,,1,30,,82209,3,,,1,70,,82205,3,,,1,30,,82180,3,,,1,70,,82202,3,,,1,30,,82181,3,,,1,70,,82187,3,,,1,30,,82189,3,,,1,70,,82194,3,,,1,29,,82210,3,,,1,71,,82192,3,,,1,30,,82212,3,,,1,20,,82208,3,,,1,50,,82195,3,,,1,15,,82182,3,,,1,15,,82198,3,,,1,70,,82188,3,,,1,30,,82190,3,,,1,70,,82206,3,,,1,30,,82200,3,,,1,70,,82204,3,,,1,95,,82183,3,,,1,40,,82199,3,,,1,101,,82197,3,,,1,99,,82184,3,,,1,100,,82196,3,,,1,100,,82185,3,,,1
5001,'Semaine-1',1607,,82225,3,,,1,100,,82227,3,,,1,100,,82226,3,,,2
5001,'Semaine-12',1607,,82228,3,,,1,100,,82230,3,,,1,100,,82229,3,,,2
5601,'Semaine-1',1211,,82735,3,,,1,100,,82732,3,,,1,100,,82731,3,,,1,100,,82734,3,,,2,102,,82733,3,,,1,99,,82736,3,,,1,99,,82737,3,,,1
5601,'Semaine-12',1211,,82742,3,,,1,100,,82739,3,,,1,100,,82738,3,,,1,100,,82741,3,,,2,102,,82740,3,,,1,99,,82743,3,,,1,99,,82744,3,,,1
42501,'Semaine-1',1458,,86757,4,0,9 14,1
42501,'Semaine-12',1458,,86758,4,0,9 14,1
42601,'Semaine-1',1459,,86763,4,0,9 14,1
42601,'Semaine-12',1459,,86764,4,0,9 14,1
42901,'Semaine-1',1458,,86769,4,0,9 14,1
42901,'Semaine-12',1458,,86770,4,0,9 14,1
44901,'Semaine-1',1458,,86793,4,0,9 14,1
44901,'Semaine-12',1458,,86794,4,0,9 14,1
56601,'Semaine-1',722,,86819,54,0,5 6,1
56601,'Semaine-12',722,,86820,54,0,5 6,1
83301,'Semaine-1',744,,87156,3,0,9 12 13,1
83301,'Semaine-12',744,,87157,3,0,9 12 13,1
