3201,'Semaine-1',515,,80478,15,,,1,21,,80477,15,,,1,20,,80469,15,,,1,61,,80479,15,,,2,10,,80459,15,,,1,8,,80480,15,,,1,11,,80460,15,,,1,10,,80461,15,,,1,48,,80453,15,,,1,9,,80456,15,,,1,8,,80482,15,,,1,8,,80462,15,,,1,8,,80457,15,,,1,9,,80470,15,,,1,8,,80452,15,,,1,48,,80463,15,,,1,8,,80481,15,,,2,8,,80451,15,,,1,10,,80450,15,,,1,10,,80455,15,,,1,9,,80458,15,,,1,10,,80464,15,,,1,62,,80438,15,,,2,30,,80448,15,,,1,70,,80441,15,,,1,30,,80444,15,,,1,70,,80437,15,,,1,30,,80447,15,,,1,70,,80442,15,,,1,30,,80449,15,,,1,70,,80431,15,,,1,30,,80436,15,,,1,70,,80443,15,,,1,30,,80454,15,,,1,70,,80471,15,,,1,31,,80472,15,,,2,69,,80473,15,,,1,30,,80474,15,,,1,70,,80475,15,,,2,30,,80476,15,,,1,70,,80434,15,,,1,30,,80432,15,,,2,70,,80445,15,,,2,30,,80440,15,,,1,69,,80435,15,,,1,31,,80433,15,,,2,70,,80446,15,,,1,29,,80439,15,,,1,68,,80466,15,,,1,32,,80465,15,,,1,70,,80467,15,,,1,30,,80468,15,,,1
3201,'Semaine-12',515,,80530,15,,,1,21,,80529,15,,,1,20,,80521,15,,,1,61,,80531,15,,,2,10,,80511,15,,,1,8,,80532,15,,,1,11,,80512,15,,,1,10,,80513,15,,,1,48,,80505,15,,,1,9,,80508,15,,,1,8,,80534,15,,,1,8,,80514,15,,,1,8,,80509,15,,,1,9,,80522,15,,,1,8,,80504,15,,,1,48,,80515,15,,,1,8,,80533,15,,,2,8,,80503,15,,,1,10,,80502,15,,,1,10,,80507,15,,,1,9,,80510,15,,,1,10,,80516,15,,,1,62,,80490,15,,,2,30,,80500,15,,,1,70,,80493,15,,,1,30,,80496,15,,,1,70,,80489,15,,,1,30,,80499,15,,,1,70,,80494,15,,,1,30,,80501,15,,,1,70,,80483,15,,,1,30,,80488,15,,,1,70,,80495,15,,,1,30,,80506,15,,,1,70,,80523,15,,,1,31,,80524,15,,,2,69,,80525,15,,,1,30,,80526,15,,,1,70,,80527,15,,,2,30,,80528,15,,,1,70,,80486,15,,,1,30,,80484,15,,,2,70,,80497,15,,,2,30,,80492,15,,,1,69,,80487,15,,,1,31,,80485,15,,,2,70,,80498,15,,,1,29,,80491,15,,,1,68,,80518,15,,,1,32,,80517,15,,,1,70,,80519,15,,,1,30,,80520,15,,,1
3401,'Samedi-1',658,,80905,22,,,1,100,,80908,22,,,1,70,,80917,22,,,1,30,,80906,22,,,1,71,,80911,22,,,1,30,,80913,22,,,1,69,,80907,22,,,1,30,,80916,22,,,1,72,,80909,22,,,1,29,,80918,22,,,1,71,,80910,22,,,1,70,,80912,22,,,1,30,,80914,22,,,1,70,,80915,22,,,1,30,,80919,22,,,1,71,,80920,22,,,1,30,,80921,22,,,1,70,,80922,22,,,1,30,,80923,22,,,1,69,,80924,22,,,1,30,,80925,22,,,1,70,,80926,22,,,1,30,,80927,22,,,1,70,,80929,22,,,1,28,,80928,22,,,1,30,,80930,22,,,1,70,,80931,22,,,1,30,,80932,22,,,1,70,,80934,22,,,1,30,,80933,22,,,1,70,,80935,22,,,1,97,,80936,22,,,1
3401,'Samedi-10',658,,67667,22,,,1,100,,67670,22,,,1,70,,67679,22,,,1,30,,67668,22,,,1,71,,67673,22,,,1,30,,67675,22,,,1,69,,67669,22,,,1,30,,67678,22,,,1,72,,67671,22,,,1,29,,67680,22,,,1,71,,67672,22,,,1,70,,67674,22,,,1,30,,67676,22,,,1,70,,67677,22,,,1,30,,67681,22,,,1,71,,67682,22,,,1,30,,67683,22,,,1,70,,67684,22,,,1,30,,67685,22,,,1,69,,67686,22,,,1,30,,67687,22,,,1,70,,67688,22,,,1,30,,67689,22,,,1,70,,67691,22,,,1,28,,67690,22,,,1,30,,67692,22,,,1,70,,67693,22,,,1,30,,67694,22,,,1,70,,67696,22,,,1,30,,67695,22,,,1,70,,67697,22,,,1,97,,67698,22,,,1
3401,'Dimanche-1',658,,80937,22,,,1,100,,80945,22,,,1,70,,80950,22,,,1,30,,80942,22,,,1,71,,80940,22,,,1,30,,80963,22,,,1,69,,80944,22,,,1,30,,80949,22,,,1,72,,80939,22,,,1,29,,80938,22,,,1,71,,80941,22,,,1,70,,80948,22,,,1,30,,80951,22,,,1,70,,80943,22,,,1,30,,80947,22,,,1,71,,80946,22,,,1,30,,80952,22,,,1,70,,80956,22,,,1,30,,80953,22,,,1,69,,80954,22,,,1,30,,80955,22,,,1,70,,80962,22,,,1,30,,80957,22,,,1,70,,80960,22,,,1,28,,80958,22,,,1,30,,80959,22,,,1,70,,80961,22,,,1,30,,80964,22,,,1,70,,80966,22,,,1,30,,80965,22,,,1,70,,80967,22,,,1,97,,80968,22,,,1
3401,'Semaine-1',903,,80994,22,,,1,30,,80974,22,,,2,70,,80978,22,,,1,30,,80998,22,,,1,70,,80971,22,,,1,30,,80975,22,,,1,70,,80979,22,,,1,30,,80969,22,,,1,70,,80972,22,,,1,30,,80976,22,,,1,69,,80980,22,,,2,31,,80973,22,,,1,71,,80995,22,,,1,29,,80970,22,,,1,75,,80996,22,,,1,27,,80997,22,,,1,70,,80991,22,,,1,28,,80987,22,,,1,70,,80977,22,,,1,30,,80984,22,,,1,70,,80993,22,,,1,30,,80981,22,,,1,70,,80983,22,,,1,30,,80985,22,,,1,70,,80989,22,,,2,30,,80982,22,,,1,70,,80988,22,,,1,30,,80986,22,,,1,70,,80990,22,,,1,30,,80992,22,,,1
3401,'Semaine-12',903,,81024,22,,,1,30,,81004,22,,,2,70,,81008,22,,,1,30,,81028,22,,,1,70,,81001,22,,,1,30,,81005,22,,,1,70,,81009,22,,,1,30,,80999,22,,,1,70,,81002,22,,,1,30,,81006,22,,,1,69,,81010,22,,,2,31,,81003,22,,,1,71,,81025,22,,,1,29,,81000,22,,,1,75,,81026,22,,,1,27,,81027,22,,,1,70,,81021,22,,,1,28,,81017,22,,,1,70,,81007,22,,,1,30,,81014,22,,,1,70,,81023,22,,,1,30,,81011,22,,,1,70,,81013,22,,,1,30,,81015,22,,,1,70,,81019,22,,,2,30,,81012,22,,,1,70,,81018,22,,,1,30,,81016,22,,,1,70,,81020,22,,,1,30,,81022,22,,,1
32601,'Semaine-1',811,,85905,13,0,7 8,1
32601,'Semaine-12',811,,85906,13,0,7 8,1
44900,'Semaine-1',722,,86791,24,0,9 14,1
44900,'Semaine-12',722,,86792,24,0,9 14,1
72601,'Semaine-1',1523,,86871,7,,,1
72601,'Semaine-12',1523,,86872,7,,,1
82601,'Semaine-1',735,,87124,13,0,9 12 13,1,1,,87125,13,0,9 12 13,1
82601,'Semaine-12',735,,87126,13,0,9 12 13,1,1,,87127,13,0,9 12 13,1
