5501,'Samedi-1',655,,82555,19,,,1,70,,82558,19,,,1,31,,82557,19,,,1,70,,82567,19,,,1,29,,82556,19,,,1,71,,82559,19,,,1,31,,82560,19,,,1,69,,82566,19,,,1,29,,82562,19,,,1,70,,82563,19,,,1,30,,82561,19,,,1,70,,82569,19,,,1,30,,82568,19,,,1,70,,82564,19,,,1,30,,82565,19,,,1,72,,82570,19,,,1,28,,82571,19,,,1,72,,82572,19,,,1,28,,82573,19,,,1,72,,82574,19,,,1,28,,82575,19,,,1,72,,82576,19,,,1,28,,82577,19,,,1,71,,82578,19,,,1,30,,82579,19,,,1,70,,82580,19,,,1,30,,82581,19,,,1,71,,82582,19,,,1,30,,82583,19,,,1,70,,82585,19,,,1,30,,82584,19,,,1,70,,82587,19,,,1,30,,82586,19,,,1
5501,'Samedi-10',655,,71004,19,,,1,70,,71007,19,,,1,31,,71006,19,,,1,70,,71016,19,,,1,29,,71005,19,,,1,71,,71008,19,,,1,31,,71009,19,,,1,69,,71015,19,,,1,29,,71011,19,,,1,70,,71012,19,,,1,30,,71010,19,,,1,70,,71018,19,,,1,30,,71017,19,,,1,70,,71013,19,,,1,30,,71014,19,,,1,72,,71019,19,,,1,28,,71020,19,,,1,72,,71021,19,,,1,28,,71022,19,,,1,72,,71023,19,,,1,28,,71024,19,,,1,72,,71025,19,,,1,28,,71026,19,,,1,71,,71027,19,,,1,30,,71028,19,,,1,70,,71029,19,,,1,30,,71030,19,,,1,71,,71031,19,,,1,30,,71032,19,,,1,70,,71034,19,,,1,30,,71033,19,,,1,70,,71036,19,,,1,30,,71035,19,,,1
5501,'Dimanche-1',655,,82589,19,,,1,70,,82593,19,,,1,31,,82591,19,,,1,70,,82596,19,,,1,29,,82598,19,,,1,71,,82592,19,,,1,31,,82588,19,,,1,69,,82602,19,,,1,29,,82597,19,,,1,70,,82604,19,,,1,30,,82595,19,,,1,70,,82594,19,,,1,30,,82600,19,,,1,70,,82590,19,,,1,30,,82599,19,,,1,72,,82603,19,,,1,28,,82608,19,,,1,72,,82601,19,,,1,28,,82607,19,,,1,72,,82610,19,,,1,28,,82605,19,,,1,72,,82606,19,,,1,28,,82612,19,,,1,71,,82614,19,,,1,30,,82611,19,,,1,70,,82609,19,,,1,30,,82613,19,,,1,71,,82615,19,,,1,30,,82616,19,,,1,70,,82617,19,,,1,30,,82618,19,,,1,70,,82619,19,,,1,30,,82620,19,,,1
5501,'Semaine-1',516,,82634,19,,,1,14,,82641,19,,,1,14,,82640,19,,,1,56,,82624,19,,,1,15,,82662,19,,,1,21,,82661,19,,,1,8,,82621,19,,,1,12,,82666,19,,,1,55,,82647,19,,,1,13,,82655,19,,,1,16,,82625,19,,,1,9,,82629,19,,,1,53,,82627,19,,,1,9,,82656,19,,,1,6,,82658,19,,,1,13,,82635,19,,,1,29,,82639,19,,,1,52,,82626,19,,,1,11,,82660,19,,,1,29,,82653,19,,,1,71,,82657,19,,,1,28,,82623,19,,,1,70,,82630,19,,,1,30,,82643,19,,,1,70,,82654,19,,,1,29,,82650,19,,,1,70,,82631,19,,,1,30,,82663,19,,,1,70,,82622,19,,,1,30,,82628,19,,,1,89,,82632,19,,,1,101,,82637,19,,,1,100,,82642,19,,,1,101,,82659,19,,,1,61,,82648,19,,,1,30,,82636,19,,,1,72,,82652,19,,,1,29,,82645,19,,,1,70,,82664,19,,,1,30,,82638,19,,,1,69,,82644,19,,,1,33,,82646,19,,,1,70,,82633,19,,,1,30,,82651,19,,,1,70,,82649,19,,,1
5501,'Semaine-12',516,,82680,19,,,1,14,,82687,19,,,1,14,,82686,19,,,1,56,,82670,19,,,1,15,,82708,19,,,1,21,,82707,19,,,1,8,,82667,19,,,1,12,,82712,19,,,1,55,,82693,19,,,1,13,,82701,19,,,1,16,,82671,19,,,1,9,,82675,19,,,1,53,,82673,19,,,1,9,,82702,19,,,1,6,,82704,19,,,1,13,,82681,19,,,1,29,,82685,19,,,1,52,,82672,19,,,1,11,,82706,19,,,1,29,,82699,19,,,1,71,,82703,19,,,1,28,,82669,19,,,1,70,,82676,19,,,1,30,,82689,19,,,1,70,,82700,19,,,1,29,,82696,19,,,1,70,,82677,19,,,1,30,,82709,19,,,1,70,,82668,19,,,1,30,,82674,19,,,1,89,,82678,19,,,1,101,,82683,19,,,1,100,,82688,19,,,1,101,,82705,19,,,1,61,,82694,19,,,1,30,,82682,19,,,1,72,,82698,19,,,1,29,,82691,19,,,1,70,,82710,19,,,1,30,,82684,19,,,1,69,,82690,19,,,1,33,,82692,19,,,1,70,,82679,19,,,1,30,,82697,19,,,1,70,,82695,19,,,1
5801,'Semaine-1',553,,82763,7,,,1,70,,82767,7,,,1,30,,82765,7,,,1,70,,82764,7,,,1,30,,82761,7,,,1,70,,82766,7,,,1,800,,82762,7,,,1
5801,'Semaine-12',553,,82770,7,,,1,70,,82774,7,,,1,30,,82772,7,,,1,70,,82771,7,,,1,30,,82768,7,,,1,70,,82773,7,,,1,800,,82769,7,,,1
64501,'Semaine-1',1506,,86853,7,0,9 10,1
64501,'Semaine-12',1506,,86854,7,0,9 10,1
64701,'Semaine-1',1508,,86857,7,0,9 10,1
64701,'Semaine-12',1508,,86858,7,0,9 10,1
65501,'Semaine-1',1506,,86865,7,0,9 10,1
65501,'Semaine-12',1506,,86866,7,0,9 10,1
