9501,'Semaine-1',555,,85547,43,,,1,55,,85543,43,,,1,13,,85545,43,,,1,18,,85550,43,,,1,16,,85546,43,,,2,55,,85548,43,,,2,14,,85549,43,,,2,16,,85544,43,,,2
9501,'Semaine-12',555,,85555,43,,,1,55,,85551,43,,,1,13,,85553,43,,,1,18,,85558,43,,,1,16,,85554,43,,,2,55,,85556,43,,,2,14,,85557,43,,,2,16,,85552,43,,,2
9701,'Samedi-1',749,,85635,47,,,1,100,,85638,47,,,1,101,,85636,47,,,1,100,,85639,47,,,1,99,,85633,47,,,1,100,,85634,47,,,1,101,,85637,47,,,1,100,,85640,47,,,1,100,,85641,47,,,1,100,,85642,47,,,1,100,,85643,47,,,1,100,,85644,47,,,1,100,,85648,47,,,1,100,,85645,47,,,1,99,,85646,47,,,1,100,,85647,47,,,1
9701,'Samedi-10',749,,76971,47,,,1,100,,76974,47,,,1,101,,76972,47,,,1,100,,76975,47,,,1,99,,76969,47,,,1,100,,76970,47,,,1,101,,76973,47,,,1,100,,76976,47,,,1,100,,76977,47,,,1,100,,76978,47,,,1,100,,76979,47,,,1,100,,76980,47,,,1,100,,76984,47,,,1,100,,76981,47,,,1,99,,76982,47,,,1,100,,76983,47,,,1
9701,'Dimanche-1',749,,85654,47,,,1,100,,85661,47,,,1,101,,85650,47,,,1,100,,85657,47,,,1,99,,85656,47,,,1,100,,85649,47,,,1,101,,85653,47,,,1,100,,85651,47,,,1,100,,85652,47,,,1,100,,85655,47,,,1,100,,85658,47,,,1,100,,85659,47,,,1,100,,85660,47,,,1,100,,85662,47,,,1,99,,85663,47,,,1,100,,85664,47,,,1
9701,'Semaine-1',631,,85665,47,,,2,97,,85666,47,,,1,113,,85667,47,,,1,109,,85668,47,,,1,100,,85669,47,,,1,100,,85670,47,,,1,100,,85671,47,,,1,99,,85672,47,,,1,101,,85673,47,,,1,104,,85674,47,,,1,95,,85675,47,,,1,104,,85676,47,,,1,96,,85677,47,,,1,97,,85678,47,,,1,101,,85679,47,,,1,98,,85680,47,,,1,100,,85681,47,,,1
9701,'Semaine-12',631,,85682,47,,,2,97,,85683,47,,,1,113,,85684,47,,,1,109,,85685,47,,,1,100,,85686,47,,,1,100,,85687,47,,,1,100,,85688,47,,,1,99,,85689,47,,,1,101,,85690,47,,,1,104,,85691,47,,,1,95,,85692,47,,,1,104,,85693,47,,,1,96,,85694,47,,,1,97,,85695,47,,,1,101,,85696,47,,,1,98,,85697,47,,,1,100,,85698,47,,,1
9801,'Semaine-1',527,,85699,43,,,2,10,,85700,43,,,1,10,,85701,43,,,1
9801,'Semaine-12',527,,85702,43,,,2,10,,85703,43,,,1,10,,85704,43,,,1
29701,'Semaine-1',1519,,85892,23,0,19,2
29701,'Semaine-12',1519,,85894,23,0,19,2
