7200,'Samedi-1',706,,84595,11,,,1,100,,84594,11,,,1,100,,84593,11,,,1,100,,84597,11,,,1,100,,84591,11,,,1,100,,84592,11,,,1,100,,84596,11,,,1,100,,84598,11,,,1,101,,84599,11,,,1,99,,84600,11,,,1,100,,84601,11,,,1,100,,84602,11,,,1,100,,84603,11,,,1,100,,84604,11,,,1
7200,'Samedi-10',706,,75015,11,,,1,100,,75014,11,,,1,100,,75013,11,,,1,100,,75017,11,,,1,100,,75011,11,,,1,100,,75012,11,,,1,100,,75016,11,,,1,100,,75018,11,,,1,101,,75019,11,,,1,99,,75020,11,,,1,100,,75021,11,,,1,100,,75022,11,,,1,100,,75023,11,,,1,100,,75024,11,,,1
7200,'Dimanche-1',706,,84607,11,,,1,100,,84609,11,,,1,100,,84606,11,,,1,100,,84608,11,,,1,100,,84612,11,,,1,100,,84605,11,,,1,100,,84613,11,,,1,100,,84611,11,,,1,101,,84610,11,,,1,99,,84616,11,,,1,100,,84614,11,,,1,100,,84618,11,,,1,100,,84617,11,,,1,100,,84615,11,,,1
7200,'Semaine-1',641,,84630,11,,,1,70,,84639,11,,,1,29,,84631,11,,,2,75,,84628,11,,,1,26,,84637,11,,,1,70,,84635,11,,,1,100,,84625,11,,,1,100,,84620,11,,,1,100,,84629,11,,,1,100,,84624,11,,,1,100,,84636,11,,,1,97,,84622,11,,,1,32,,84623,11,,,1,71,,84632,11,,,1,30,,84626,11,,,1,70,,84638,11,,,2,30,,84619,11,,,2,70,,84621,11,,,2,30,,84633,11,,,2,65,,84627,11,,,2,100,,84634,11,,,1
7200,'Semaine-12',641,,84651,11,,,1,70,,84660,11,,,1,29,,84652,11,,,2,75,,84649,11,,,1,26,,84658,11,,,1,70,,84656,11,,,1,100,,84646,11,,,1,100,,84641,11,,,1,100,,84650,11,,,1,100,,84645,11,,,1,100,,84657,11,,,1,97,,84643,11,,,1,32,,84644,11,,,1,71,,84653,11,,,1,30,,84647,11,,,1,70,,84659,11,,,2,30,,84640,11,,,2,70,,84642,11,,,2,30,,84654,11,,,2,65,,84648,11,,,2,100,,84655,11,,,1
7700,'Samedi-1',742,,85181,1,,,1,100,,85180,1,,,1,100,,85179,1,,,1,100,,85184,1,,,1,100,,85182,1,,,1,100,,85183,1,,,1,100,,85185,1,,,1,100,,85186,1,,,2,100,,85187,1,,,1,100,,85188,1,,,1,100,,85189,1,,,1,100,,85190,1,,,1,100,,85191,1,,,1,100,,85194,1,,,1,100,,85192,1,,,1,100,,85193,1,,,1
7700,'Samedi-10',742,,76143,1,,,1,100,,76142,1,,,1,100,,76141,1,,,1,100,,76146,1,,,1,100,,76144,1,,,1,100,,76145,1,,,1,100,,76147,1,,,1,100,,76148,1,,,2,100,,76149,1,,,1,100,,76150,1,,,1,100,,76151,1,,,1,100,,76152,1,,,1,100,,76153,1,,,1,100,,76156,1,,,1,100,,76154,1,,,1,100,,76155,1,,,1
7700,'Dimanche-1',742,,85197,1,,,1,100,,85198,1,,,1,100,,85195,1,,,1,100,,85207,1,,,1,100,,85196,1,,,1,100,,85201,1,,,1,100,,85199,1,,,1,100,,85200,1,,,2,100,,85202,1,,,1,100,,85205,1,,,1,100,,85203,1,,,1,100,,85204,1,,,1,100,,85206,1,,,1,100,,85208,1,,,1,100,,85209,1,,,1,100,,85210,1,,,1
7700,'Semaine-1',520,,85236,1,,,1,29,,85221,1,,,1,70,,85223,1,,,1,30,,85213,1,,,1,70,,85224,1,,,1,34,,85235,1,,,2,66,,85220,1,,,2,27,,85225,1,,,2,70,,85240,1,,,2,30,,85226,1,,,1,70,,85241,1,,,1,30,,85227,1,,,1,70,,85242,1,,,1,30,,85228,1,,,1,70,,85239,1,,,1,30,,85229,1,,,1,70,,85238,1,,,1,30,,85230,1,,,1,70,,85237,1,,,1,30,,85212,1,,,1,70,,85232,1,,,1,30,,85217,1,,,1,70,,85231,1,,,1,30,,85215,1,,,1,70,,85233,1,,,1,30,,85216,1,,,1,70,,85222,1,,,1,30,,85234,1,,,1,100,,85218,1,,,1,100,,85219,1,,,1,100,,85214,1,,,1,100,,85211,1,,,1
7700,'Semaine-12',520,,85268,1,,,1,29,,85253,1,,,1,70,,85255,1,,,1,30,,85245,1,,,1,70,,85256,1,,,1,34,,85267,1,,,2,66,,85252,1,,,2,27,,85257,1,,,2,70,,85272,1,,,2,30,,85258,1,,,1,70,,85273,1,,,1,30,,85259,1,,,1,70,,85274,1,,,1,30,,85260,1,,,1,70,,85271,1,,,1,30,,85261,1,,,1,70,,85270,1,,,1,30,,85262,1,,,1,70,,85269,1,,,1,30,,85244,1,,,1,70,,85264,1,,,1,30,,85249,1,,,1,70,,85263,1,,,1,30,,85247,1,,,1,70,,85265,1,,,1,30,,85248,1,,,1,70,,85254,1,,,1,30,,85266,1,,,1,100,,85250,1,,,1,100,,85251,1,,,1,100,,85246,1,,,1,100,,85243,1,,,1
7800,'Samedi-1',812,,85278,1,,,1,100,,85277,1,,,1,100,,85275,1,,,1,100,,85280,1,,,1,100,,85276,1,,,1,100,,85279,1,,,1,100,,85281,1,,,1,100,,85282,1,,,2,100,,85283,1,,,1,100,,85284,1,,,1,100,,85285,1,,,1,100,,85286,1,,,1,100,,85287,1,,,1,100,,85288,1,,,1,100,,85289,1,,,1,100,,85290,1,,,1
7800,'Samedi-10',812,,76336,1,,,1,100,,76335,1,,,1,100,,76333,1,,,1,100,,76338,1,,,1,100,,76334,1,,,1,100,,76337,1,,,1,100,,76339,1,,,1,100,,76340,1,,,2,100,,76341,1,,,1,100,,76342,1,,,1,100,,76343,1,,,1,100,,76344,1,,,1,100,,76345,1,,,1,100,,76346,1,,,1,100,,76347,1,,,1,100,,76348,1,,,1
7800,'Dimanche-1',812,,85293,1,,,1,100,,85294,1,,,1,100,,85291,1,,,1,100,,85302,1,,,1,100,,85292,1,,,1,100,,85297,1,,,1,100,,85295,1,,,1,100,,85296,1,,,2,100,,85298,1,,,1,100,,85301,1,,,1,100,,85299,1,,,1,100,,85300,1,,,1,100,,85303,1,,,1,100,,85304,1,,,1,100,,85305,1,,,1,100,,85306,1,,,1
7800,'Semaine-1',444,,85319,1,,,1,60,,85320,1,,,1,30,,85309,1,,,1,70,,85321,1,,,1,30,,85307,1,,,1,67,,85322,1,,,2,37,,85331,1,,,2,67,,85312,1,,,1,26,,85323,1,,,2,70,,85324,1,,,1,30,,85335,1,,,1,70,,85325,1,,,1,30,,85336,1,,,1,70,,85326,1,,,1,30,,85337,1,,,1,70,,85327,1,,,1,30,,85338,1,,,1,70,,85328,1,,,1,30,,85339,1,,,1,70,,85329,1,,,1,30,,85314,1,,,1,70,,85330,1,,,1,30,,85308,1,,,1,72,,85317,1,,,1,28,,85332,1,,,1,70,,85316,1,,,1,30,,85340,1,,,1,70,,85333,1,,,1,30,,85310,1,,,1,85,,85334,1,,,1,100,,85315,1,,,1,100,,85318,1,,,1,100,,85311,1,,,1,100,,85313,1,,,1
7800,'Semaine-12',444,,85353,1,,,1,60,,85354,1,,,1,30,,85343,1,,,1,70,,85355,1,,,1,30,,85341,1,,,1,67,,85356,1,,,2,37,,85365,1,,,2,67,,85346,1,,,1,26,,85357,1,,,2,70,,85358,1,,,1,30,,85369,1,,,1,70,,85359,1,,,1,30,,85370,1,,,1,70,,85360,1,,,1,30,,85371,1,,,1,70,,85361,1,,,1,30,,85372,1,,,1,70,,85362,1,,,1,30,,85373,1,,,1,70,,85363,1,,,1,30,,85348,1,,,1,70,,85364,1,,,1,30,,85342,1,,,1,72,,85351,1,,,1,28,,85366,1,,,1,70,,85350,1,,,1,30,,85374,1,,,1,70,,85367,1,,,1,30,,85344,1,,,1,85,,85368,1,,,1,100,,85349,1,,,1,100,,85352,1,,,1,100,,85345,1,,,1,100,,85347,1,,,1
