4100,'Semaine-0',1554,,69718,40,,,1,71,,69720,40,,,1,75,,69719,40,,,2,23,,69717,40,,,1,29,,69721,40,,,1
4100,'Semaine-10',1554,,69723,40,,,1,71,,69725,40,,,1,75,,69724,40,,,2,23,,69722,40,,,1,29,,69726,40,,,1
4100,'Semaine-11',1554,,69728,40,,,1,71,,69730,40,,,1,75,,69729,40,,,2,23,,69727,40,,,1,29,,69731,40,,,1
4901,'Samedi-0',752,,70044,48,,,1,100,,70043,48,,,1,100,,70045,48,,,1,102,,70041,48,,,1,100,,70046,48,,,1,102,,70042,48,,,1,100,,70047,48,,,1,100,,70048,48,,,1,100,,70049,48,,,1,100,,70050,48,,,1,100,,70051,48,,,1,97,,70052,48,,,1,100,,70053,48,,,1,100,,70054,48,,,1,100,,70055,48,,,1,98,,70056,48,,,1,100,,70057,48,,,1
4901,'Samedi-10',752,,70061,48,,,1,100,,70060,48,,,1,100,,70062,48,,,1,102,,70058,48,,,1,100,,70063,48,,,1,102,,70059,48,,,1,100,,70064,48,,,1,100,,70065,48,,,1,100,,70066,48,,,1,100,,70067,48,,,1,100,,70068,48,,,1,97,,70069,48,,,1,100,,70070,48,,,1,100,,70071,48,,,1,100,,70072,48,,,1,98,,70073,48,,,1,100,,70074,48,,,1
4901,'Samedi-11',752,,70078,48,,,1,100,,70077,48,,,1,100,,70079,48,,,1,102,,70075,48,,,1,100,,70080,48,,,1,102,,70076,48,,,1,100,,70081,48,,,1,100,,70082,48,,,1,100,,70083,48,,,1,100,,70084,48,,,1,100,,70085,48,,,1,97,,70086,48,,,1,100,,70087,48,,,1,100,,70088,48,,,1,100,,70089,48,,,1,98,,70090,48,,,1,100,,70091,48,,,1
4901,'Dimanche-0',752,,70105,48,,,1,100,,70094,48,,,1,100,,70104,48,,,1,102,,70097,48,,,1,100,,70093,48,,,1,102,,70092,48,,,1,100,,70095,48,,,1,100,,70096,48,,,1,100,,70099,48,,,1,100,,70098,48,,,1,100,,70102,48,,,1,97,,70101,48,,,1,100,,70103,48,,,1,100,,70100,48,,,1,100,,70106,48,,,1,98,,70107,48,,,1,100,,70108,48,,,1
4901,'Dimanche-10',752,,70122,48,,,1,100,,70111,48,,,1,100,,70121,48,,,1,102,,70114,48,,,1,100,,70110,48,,,1,102,,70109,48,,,1,100,,70112,48,,,1,100,,70113,48,,,1,100,,70116,48,,,1,100,,70115,48,,,1,100,,70119,48,,,1,97,,70118,48,,,1,100,,70120,48,,,1,100,,70117,48,,,1,100,,70123,48,,,1,98,,70124,48,,,1,100,,70125,48,,,1
4901,'Semaine-0',636,,70149,48,,,1,89,,70154,48,,,1,31,,70170,48,,,1,73,,70166,48,,,1,30,,70164,48,,,1,66,,70174,48,,,1,28,,70156,48,,,1,69,,70172,48,,,1,30,,70168,48,,,1,71,,70143,48,,,1,30,,70165,48,,,1,70,,70144,48,,,1,30,,70150,48,,,1,70,,70152,48,,,1,30,,70157,48,,,1,69,,70173,48,,,1,32,,70155,48,,,1,72,,70175,48,,,1,25,,70171,48,,,1,52,,70158,48,,,1,15,,70145,48,,,1,15,,70161,48,,,1,70,,70151,48,,,1,26,,70153,48,,,1,28,,70169,48,,,1,66,,70163,48,,,1,30,,70167,48,,,1,94,,70146,48,,,1,80,,70162,48,,,1,101,,70160,48,,,1,95,,70147,48,,,1,100,,70159,48,,,1,96,,70148,48,,,1
4901,'Semaine-10',636,,70182,48,,,1,89,,70187,48,,,1,31,,70203,48,,,1,73,,70199,48,,,1,30,,70197,48,,,1,66,,70207,48,,,1,28,,70189,48,,,1,69,,70205,48,,,1,30,,70201,48,,,1,71,,70176,48,,,1,30,,70198,48,,,1,70,,70177,48,,,1,30,,70183,48,,,1,70,,70185,48,,,1,30,,70190,48,,,1,69,,70206,48,,,1,32,,70188,48,,,1,72,,70208,48,,,1,25,,70204,48,,,1,52,,70191,48,,,1,15,,70178,48,,,1,15,,70194,48,,,1,70,,70184,48,,,1,26,,70186,48,,,1,28,,70202,48,,,1,66,,70196,48,,,1,30,,70200,48,,,1,94,,70179,48,,,1,80,,70195,48,,,1,101,,70193,48,,,1,95,,70180,48,,,1,100,,70192,48,,,1,96,,70181,48,,,1
4901,'Semaine-11',636,,70215,48,,,1,89,,70220,48,,,1,31,,70236,48,,,1,73,,70232,48,,,1,30,,70230,48,,,1,66,,70240,48,,,1,28,,70222,48,,,1,69,,70238,48,,,1,30,,70234,48,,,1,71,,70209,48,,,1,30,,70231,48,,,1,70,,70210,48,,,1,30,,70216,48,,,1,70,,70218,48,,,1,30,,70223,48,,,1,69,,70239,48,,,1,32,,70221,48,,,1,72,,70241,48,,,1,25,,70237,48,,,1,52,,70224,48,,,1,15,,70211,48,,,1,15,,70227,48,,,1,70,,70217,48,,,1,26,,70219,48,,,1,28,,70235,48,,,1,66,,70229,48,,,1,30,,70233,48,,,1,94,,70212,48,,,1,80,,70228,48,,,1,101,,70226,48,,,1,95,,70213,48,,,1,100,,70225,48,,,1,96,,70214,48,,,1
64100,'Semaine-0',723,,79362,3,0,9 10,2
64100,'Semaine-10',723,,79363,3,0,9 10,2
64100,'Semaine-11',723,,79364,3,0,9 10,2
80001,'Samedi-0',645,,79653,43,,,1,101,,79655,43,,,1,101,,79656,43,,,1,100,,79659,43,,,1,101,,79654,43,,,1,100,,79657,43,,,1,102,,79660,43,,,1,100,,79658,43,,,1,100,,79661,43,,,1,100,,79662,43,,,1,100,,79663,43,,,2,102,,79664,43,,,1,97,,79667,43,,,1,99,,79665,43,,,1,100,,79666,43,,,1,100,,79668,43,,,1,97,,79669,43,,,1
80001,'Samedi-10',645,,79670,43,,,1,101,,79672,43,,,1,101,,79673,43,,,1,100,,79676,43,,,1,101,,79671,43,,,1,100,,79674,43,,,1,102,,79677,43,,,1,100,,79675,43,,,1,100,,79678,43,,,1,100,,79679,43,,,1,100,,79680,43,,,2,102,,79681,43,,,1,97,,79684,43,,,1,99,,79682,43,,,1,100,,79683,43,,,1,100,,79685,43,,,1,97,,79686,43,,,1
80001,'Samedi-11',645,,79687,43,,,1,101,,79689,43,,,1,101,,79690,43,,,1,100,,79693,43,,,1,101,,79688,43,,,1,100,,79691,43,,,1,102,,79694,43,,,1,100,,79692,43,,,1,100,,79695,43,,,1,100,,79696,43,,,1,100,,79697,43,,,2,102,,79698,43,,,1,97,,79701,43,,,1,99,,79699,43,,,1,100,,79700,43,,,1,100,,79702,43,,,1,97,,79703,43,,,1
80001,'Dimanche-0',645,,79704,43,,,1,101,,79706,43,,,1,101,,79708,43,,,1,100,,79705,43,,,1,101,,79707,43,,,1,100,,79709,43,,,1,102,,79710,43,,,1,100,,79711,43,,,1,100,,79714,43,,,1,100,,79712,43,,,1,100,,79713,43,,,2,102,,79716,43,,,1,97,,79717,43,,,1,99,,79715,43,,,1,100,,79718,43,,,1,100,,79719,43,,,1,97,,79720,43,,,1
80001,'Dimanche-10',645,,79721,43,,,1,101,,79723,43,,,1,101,,79725,43,,,1,100,,79722,43,,,1,101,,79724,43,,,1,100,,79726,43,,,1,102,,79727,43,,,1,100,,79728,43,,,1,100,,79731,43,,,1,100,,79729,43,,,1,100,,79730,43,,,2,102,,79733,43,,,1,97,,79734,43,,,1,99,,79732,43,,,1,100,,79735,43,,,1,100,,79736,43,,,1,97,,79737,43,,,1
80001,'Semaine-0',640,,79776,43,,,1,68,,79769,43,,,1,35,,79777,43,,,1,69,,79761,43,,,1,32,,79759,43,,,1,67,,79766,43,,,1,27,,79772,43,,,1,70,,79784,43,,,1,30,,79775,43,,,2,70,,79767,43,,,1,30,,79781,43,,,1,70,,79755,43,,,1,30,,79789,43,,,1,70,,79787,43,,,1,34,,79757,43,,,1,70,,79780,43,,,1,30,,79771,43,,,1,70,,79778,43,,,1,35,,79788,43,,,1,69,,79773,43,,,1,17,,79783,43,,,1,22,,79785,43,,,1,64,,79782,43,,,1,27,,79774,43,,,1,70,,79764,43,,,1,25,,79762,43,,,1,67,,79756,43,,,1,29,,79786,43,,,1,71,,79768,43,,,1,27,,79765,43,,,1,70,,79770,43,,,1,29,,79758,43,,,1,70,,79779,43,,,1,32,,79760,43,,,1,70,,79763,43,,,1
80001,'Semaine-10',640,,79811,43,,,1,68,,79804,43,,,1,35,,79812,43,,,1,69,,79796,43,,,1,32,,79794,43,,,1,67,,79801,43,,,1,27,,79807,43,,,1,70,,79819,43,,,1,30,,79810,43,,,2,70,,79802,43,,,1,30,,79816,43,,,1,70,,79790,43,,,1,30,,79824,43,,,1,70,,79822,43,,,1,34,,79792,43,,,1,70,,79815,43,,,1,30,,79806,43,,,1,70,,79813,43,,,1,35,,79823,43,,,1,69,,79808,43,,,1,17,,79818,43,,,1,22,,79820,43,,,1,64,,79817,43,,,1,27,,79809,43,,,1,70,,79799,43,,,1,25,,79797,43,,,1,67,,79791,43,,,1,29,,79821,43,,,1,71,,79803,43,,,1,27,,79800,43,,,1,70,,79805,43,,,1,29,,79793,43,,,1,70,,79814,43,,,1,32,,79795,43,,,1,70,,79798,43,,,1
80001,'Semaine-11',640,,79846,43,,,1,68,,79839,43,,,1,35,,79847,43,,,1,69,,79831,43,,,1,32,,79829,43,,,1,67,,79836,43,,,1,27,,79842,43,,,1,70,,79854,43,,,1,30,,79845,43,,,2,70,,79837,43,,,1,30,,79851,43,,,1,70,,79825,43,,,1,30,,79859,43,,,1,70,,79857,43,,,1,34,,79827,43,,,1,70,,79850,43,,,1,30,,79841,43,,,1,70,,79848,43,,,1,35,,79858,43,,,1,69,,79843,43,,,1,17,,79853,43,,,1,22,,79855,43,,,1,64,,79852,43,,,1,27,,79844,43,,,1,70,,79834,43,,,1,25,,79832,43,,,1,67,,79826,43,,,1,29,,79856,43,,,1,71,,79838,43,,,1,27,,79835,43,,,1,70,,79840,43,,,1,29,,79828,43,,,1,70,,79849,43,,,1,32,,79830,43,,,1,70,,79833,43,,,1
