2301,'Semaine-1',624,,79986,20,,,1,30,,79983,20,,,2,70,,79987,20,,,1,35,,79985,20,,,2,67,,79984,20,,,1
2301,'Semaine-12',624,,79991,20,,,1,30,,79988,20,,,2,70,,79992,20,,,1,35,,79990,20,,,2,67,,79989,20,,,1
2501,'Semaine-1',609,,80009,27,,,2,29,,80008,27,,,1,72,,80006,27,,,1,30,,80007,27,,,2,71,,80010,27,,,1,29,,80005,27,,,2
2501,'Semaine-12',609,,80015,27,,,2,29,,80014,27,,,1,72,,80012,27,,,1,30,,80013,27,,,2,71,,80016,27,,,1,29,,80011,27,,,2
2601,'Semaine-1',601,,80028,21,,,1,31,,80030,21,,,2,70,,80031,21,,,2,30,,80029,21,,,1,69,,80027,21,,,2
2601,'Semaine-12',601,,80033,21,,,1,31,,80035,21,,,2,70,,80036,21,,,2,30,,80034,21,,,1,69,,80032,21,,,2
2801,'Semaine-1',650,,80062,23,,,1,74,,80063,23,,,2,99,,80061,23,,,2
2801,'Semaine-12',650,,80065,23,,,1,74,,80066,23,,,2,99,,80064,23,,,2
3201,'Semaine-1',518,,80478,19,,,1,21,,80477,19,,,1,20,,80469,19,,,1,61,,80479,19,,,2,10,,80459,19,,,1,8,,80480,19,,,1,11,,80460,19,,,1,10,,80461,19,,,1,48,,80453,19,,,1,10,,80456,19,,,1,8,,80482,19,,,1,8,,80462,19,,,1,8,,80457,19,,,1,9,,80470,19,,,1,8,,80452,19,,,1,48,,80463,19,,,1,8,,80481,19,,,2,8,,80451,19,,,1,10,,80450,19,,,1,10,,80455,19,,,1,8,,80458,19,,,1,50,,80464,19,,,1,22,,80438,19,,,2,30,,80448,19,,,1,71,,80441,19,,,1,29,,80444,19,,,1,70,,80437,19,,,1,31,,80447,19,,,1,70,,80442,19,,,1,30,,80449,19,,,1,69,,80431,19,,,1,30,,80436,19,,,1,70,,80443,19,,,1,30,,80454,19,,,1,71,,80471,19,,,1,31,,80472,19,,,2,69,,80473,19,,,1,30,,80474,19,,,1,69,,80475,19,,,2,30,,80476,19,,,1,70,,80434,19,,,1,30,,80432,19,,,2,70,,80445,19,,,2,30,,80440,19,,,1,69,,80435,19,,,1,31,,80433,19,,,2,70,,80446,19,,,1,29,,80439,19,,,1,68,,80466,19,,,1,32,,80465,19,,,1,69,,80467,19,,,1,30,,80468,19,,,1
3201,'Semaine-12',518,,80530,19,,,1,21,,80529,19,,,1,20,,80521,19,,,1,61,,80531,19,,,2,10,,80511,19,,,1,8,,80532,19,,,1,11,,80512,19,,,1,10,,80513,19,,,1,48,,80505,19,,,1,10,,80508,19,,,1,8,,80534,19,,,1,8,,80514,19,,,1,8,,80509,19,,,1,9,,80522,19,,,1,8,,80504,19,,,1,48,,80515,19,,,1,8,,80533,19,,,2,8,,80503,19,,,1,10,,80502,19,,,1,10,,80507,19,,,1,8,,80510,19,,,1,50,,80516,19,,,1,22,,80490,19,,,2,30,,80500,19,,,1,71,,80493,19,,,1,29,,80496,19,,,1,70,,80489,19,,,1,31,,80499,19,,,1,70,,80494,19,,,1,30,,80501,19,,,1,69,,80483,19,,,1,30,,80488,19,,,1,70,,80495,19,,,1,30,,80506,19,,,1,71,,80523,19,,,1,31,,80524,19,,,2,69,,80525,19,,,1,30,,80526,19,,,1,69,,80527,19,,,2,30,,80528,19,,,1,70,,80486,19,,,1,30,,80484,19,,,2,70,,80497,19,,,2,30,,80492,19,,,1,69,,80487,19,,,1,31,,80485,19,,,2,70,,80498,19,,,1,29,,80491,19,,,1,68,,80518,19,,,1,32,,80517,19,,,1,69,,80519,19,,,1,30,,80520,19,,,1
3401,'Samedi-1',704,,80905,32,,,1,100,,80908,32,,,1,30,,80917,32,,,1,70,,80906,32,,,1,31,,80911,32,,,1,70,,80913,32,,,1,29,,80907,32,,,1,70,,80916,32,,,1,32,,80909,32,,,1,69,,80918,32,,,1,31,,80910,32,,,1,70,,80912,32,,,1,30,,80914,32,,,1,70,,80915,32,,,1,30,,80919,32,,,1,72,,80920,32,,,1,30,,80921,32,,,1,70,,80922,32,,,1,30,,80923,32,,,1,67,,80924,32,,,1,30,,80925,32,,,1,70,,80926,32,,,1,30,,80927,32,,,1,70,,80929,32,,,1,29,,80928,32,,,1,70,,80930,32,,,1,30,,80931,32,,,1,70,,80932,32,,,1,30,,80934,32,,,1,70,,80933,32,,,1,30,,80935,32,,,1,96,,80936,32,,,1
3401,'Samedi-10',704,,67667,32,,,1,100,,67670,32,,,1,30,,67679,32,,,1,70,,67668,32,,,1,31,,67673,32,,,1,70,,67675,32,,,1,29,,67669,32,,,1,70,,67678,32,,,1,32,,67671,32,,,1,69,,67680,32,,,1,31,,67672,32,,,1,70,,67674,32,,,1,30,,67676,32,,,1,70,,67677,32,,,1,30,,67681,32,,,1,72,,67682,32,,,1,30,,67683,32,,,1,70,,67684,32,,,1,30,,67685,32,,,1,67,,67686,32,,,1,30,,67687,32,,,1,70,,67688,32,,,1,30,,67689,32,,,1,70,,67691,32,,,1,29,,67690,32,,,1,70,,67692,32,,,1,30,,67693,32,,,1,70,,67694,32,,,1,30,,67696,32,,,1,70,,67695,32,,,1,30,,67697,32,,,1,96,,67698,32,,,1
3401,'Dimanche-1',704,,80937,32,,,1,100,,80945,32,,,1,30,,80950,32,,,1,70,,80942,32,,,1,31,,80940,32,,,1,70,,80963,32,,,1,29,,80944,32,,,1,70,,80949,32,,,1,32,,80939,32,,,1,69,,80938,32,,,1,31,,80941,32,,,1,70,,80948,32,,,1,30,,80951,32,,,1,70,,80943,32,,,1,30,,80947,32,,,1,72,,80946,32,,,1,30,,80952,32,,,1,70,,80956,32,,,1,30,,80953,32,,,1,67,,80954,32,,,1,30,,80955,32,,,1,70,,80962,32,,,1,30,,80957,32,,,1,70,,80960,32,,,1,29,,80958,32,,,1,70,,80959,32,,,1,30,,80961,32,,,1,70,,80964,32,,,1,30,,80966,32,,,1,70,,80965,32,,,1,30,,80967,32,,,1,96,,80968,32,,,1
3401,'Semaine-1',910,,80994,32,,,1,30,,80974,32,,,2,70,,80978,32,,,1,30,,80998,32,,,1,70,,80971,32,,,1,30,,80975,32,,,1,70,,80979,32,,,1,30,,80969,32,,,1,70,,80972,32,,,1,30,,80976,32,,,1,69,,80980,32,,,2,31,,80973,32,,,1,70,,80995,32,,,1,31,,80970,32,,,1,75,,80996,32,,,1,27,,80997,32,,,1,70,,80991,32,,,1,27,,80987,32,,,1,70,,80977,32,,,1,29,,80984,32,,,1,70,,80993,32,,,1,30,,80981,32,,,1,70,,80983,32,,,1,30,,80985,32,,,1,70,,80989,32,,,2,30,,80982,32,,,1,70,,80988,32,,,1,30,,80986,32,,,1,70,,80990,32,,,1,30,,80992,32,,,1
3401,'Semaine-12',910,,81024,32,,,1,30,,81004,32,,,2,70,,81008,32,,,1,30,,81028,32,,,1,70,,81001,32,,,1,30,,81005,32,,,1,70,,81009,32,,,1,30,,80999,32,,,1,70,,81002,32,,,1,30,,81006,32,,,1,69,,81010,32,,,2,31,,81003,32,,,1,70,,81025,32,,,1,31,,81000,32,,,1,75,,81026,32,,,1,27,,81027,32,,,1,70,,81021,32,,,1,27,,81017,32,,,1,70,,81007,32,,,1,29,,81014,32,,,1,70,,81023,32,,,1,30,,81011,32,,,1,70,,81013,32,,,1,30,,81015,32,,,1,70,,81019,32,,,2,30,,81012,32,,,1,70,,81018,32,,,1,30,,81016,32,,,1,70,,81020,32,,,1,30,,81022,32,,,1
3900,'Samedi-1',656,,81669,30,,,1,101,,81670,30,,,1,100,,81674,30,,,1,102,,81673,30,,,1,100,,81676,30,,,1,100,,81675,30,,,1,142,,81671,30,,,1,30,,81672,30,,,1,70,,81677,30,,,1,31,,81678,30,,,1,70,,81679,30,,,1,30,,81680,30,,,1,71,,81681,30,,,1,30,,81682,30,,,1,70,,81683,30,,,1,30,,81684,30,,,1,69,,81685,30,,,1,29,,81686,30,,,1,69,,81687,30,,,1,28,,81688,30,,,1,100,,81689,30,,,1,100,,81690,30,,,1,100,,81691,30,,,1,100,,81692,30,,,1
3900,'Samedi-10',656,,69204,30,,,1,101,,69205,30,,,1,100,,69209,30,,,1,102,,69208,30,,,1,100,,69211,30,,,1,100,,69210,30,,,1,142,,69206,30,,,1,30,,69207,30,,,1,70,,69212,30,,,1,31,,69213,30,,,1,70,,69214,30,,,1,30,,69215,30,,,1,71,,69216,30,,,1,30,,69217,30,,,1,70,,69218,30,,,1,30,,69219,30,,,1,69,,69220,30,,,1,29,,69221,30,,,1,69,,69222,30,,,1,28,,69223,30,,,1,100,,69224,30,,,1,100,,69225,30,,,1,100,,69226,30,,,1,100,,69227,30,,,1
3900,'Dimanche-1',656,,81693,30,,,1,101,,81700,30,,,1,100,,81703,30,,,1,102,,81696,30,,,1,100,,81698,30,,,1,100,,81699,30,,,1,142,,81702,30,,,1,30,,81695,30,,,1,70,,81697,30,,,1,31,,81704,30,,,1,70,,81694,30,,,1,30,,81705,30,,,1,71,,81701,30,,,1,30,,81708,30,,,1,70,,81711,30,,,1,30,,81713,30,,,1,69,,81707,30,,,1,29,,81710,30,,,1,69,,81712,30,,,1,28,,81706,30,,,1,100,,81709,30,,,1,100,,81714,30,,,1,100,,81715,30,,,1,100,,81716,30,,,1
3900,'Semaine-1',633,,81734,30,,,1,23,,81720,30,,,1,72,,81739,30,,,1,29,,81732,30,,,1,73,,81733,30,,,1,72,,81731,30,,,1,32,,81728,30,,,1,70,,81745,30,,,2,30,,81740,30,,,1,71,,81752,30,,,1,30,,81737,30,,,2,70,,81741,30,,,1,30,,81729,30,,,1,71,,81727,30,,,1,30,,81742,30,,,1,69,,81730,30,,,2,30,,81717,30,,,1,73,,81743,30,,,1,34,,81724,30,,,1,70,,81726,30,,,1,31,,81744,30,,,2,72,,81723,30,,,1,28,,81718,30,,,1,69,,81746,30,,,1,27,,81725,30,,,1,71,,81719,30,,,2,29,,81747,30,,,2,72,,81722,30,,,1,25,,81738,30,,,2,65,,81748,30,,,1,30,,81721,30,,,1,70,,81736,30,,,1,29,,81749,30,,,1,70,,81735,30,,,1,32,,81751,30,,,1,68,,81750,30,,,1
3900,'Semaine-12',633,,81770,30,,,1,23,,81756,30,,,1,72,,81775,30,,,1,29,,81768,30,,,1,73,,81769,30,,,1,72,,81767,30,,,1,32,,81764,30,,,1,70,,81781,30,,,2,30,,81776,30,,,1,71,,81788,30,,,1,30,,81773,30,,,2,70,,81777,30,,,1,30,,81765,30,,,1,71,,81763,30,,,1,30,,81778,30,,,1,69,,81766,30,,,2,30,,81753,30,,,1,73,,81779,30,,,1,34,,81760,30,,,1,70,,81762,30,,,1,31,,81780,30,,,2,72,,81759,30,,,1,28,,81754,30,,,1,69,,81782,30,,,1,27,,81761,30,,,1,71,,81755,30,,,2,29,,81783,30,,,2,72,,81758,30,,,1,25,,81774,30,,,2,65,,81784,30,,,1,30,,81757,30,,,1,70,,81772,30,,,1,29,,81785,30,,,1,70,,81771,30,,,1,32,,81787,30,,,1,68,,81786,30,,,1
4900,'Samedi-1',742,,82003,46,,,1,100,,82004,46,,,1,102,,82001,46,,,1,100,,82005,46,,,1,100,,82002,46,,,1,101,,82006,46,,,1,98,,82007,46,,,1,102,,82008,46,,,1,100,,82009,46,,,1,100,,82010,46,,,1,100,,82011,46,,,1,97,,82012,46,,,1,100,,82013,46,,,1,100,,82014,46,,,1,100,,82015,46,,,1,100,,82016,46,,,1,98,,82017,46,,,1
4900,'Samedi-10',742,,69841,46,,,1,100,,69842,46,,,1,102,,69839,46,,,1,100,,69843,46,,,1,100,,69840,46,,,1,101,,69844,46,,,1,98,,69845,46,,,1,102,,69846,46,,,1,100,,69847,46,,,1,100,,69848,46,,,1,100,,69849,46,,,1,97,,69850,46,,,1,100,,69851,46,,,1,100,,69852,46,,,1,100,,69853,46,,,1,100,,69854,46,,,1,98,,69855,46,,,1
4900,'Dimanche-1',742,,82018,46,,,1,100,,82031,46,,,1,102,,82019,46,,,1,100,,82030,46,,,1,100,,82022,46,,,1,101,,82021,46,,,1,98,,82025,46,,,1,102,,82020,46,,,1,100,,82024,46,,,1,100,,82023,46,,,1,100,,82027,46,,,1,97,,82029,46,,,1,100,,82026,46,,,1,100,,82028,46,,,1,100,,82032,46,,,1,100,,82033,46,,,1,98,,82034,46,,,1
4900,'Semaine-1',657,,82062,46,,,1,55,,82057,33,,,1,3,,82069,33,,,1,4,,82045,33,,,1,6,,82068,33,,,1,4,,82073,46,,,1,3,,82072,33,,,1,4,,82071,33,,,1,5,,82070,33,,,1,61,,82065,46,,,1,27,,82061,33,,,1,73,,82060,46,,,1,31,,82055,46,,,1,68,,82047,46,,,1,31,,82067,46,,,1,73,,82063,46,,,1,30,,82058,46,,,1,70,,82035,46,,,1,30,,82056,46,,,1,70,,82037,46,,,1,30,,82042,46,,,1,70,,82044,46,,,1,30,,82048,46,,,1,70,,82064,46,,,1,37,,82046,46,,,1,70,,82049,46,,,1,30,,82040,46,,,1,70,,82052,46,,,1,30,,82043,46,,,1,67,,82041,46,,,1,30,,82059,46,,,1,67,,82053,46,,,1,96,,82036,46,,,1,99,,82054,46,,,1,101,,82051,46,,,1,57,,82038,46,,,1,98,,82050,46,,,1,100,,82039,46,,,1
4900,'Semaine-12',657,,82101,46,,,1,55,,82096,33,,,1,3,,82108,33,,,1,4,,82084,33,,,1,6,,82107,33,,,1,4,,82112,46,,,1,3,,82111,33,,,1,4,,82110,33,,,1,5,,82109,33,,,1,61,,82104,46,,,1,27,,82100,33,,,1,73,,82099,46,,,1,31,,82094,46,,,1,68,,82086,46,,,1,31,,82106,46,,,1,73,,82102,46,,,1,30,,82097,46,,,1,70,,82074,46,,,1,30,,82095,46,,,1,70,,82076,46,,,1,30,,82081,46,,,1,70,,82083,46,,,1,30,,82087,46,,,1,70,,82103,46,,,1,37,,82085,46,,,1,70,,82088,46,,,1,30,,82079,46,,,1,70,,82091,46,,,1,30,,82082,46,,,1,67,,82080,46,,,1,30,,82098,46,,,1,67,,82092,46,,,1,96,,82075,46,,,1,99,,82093,46,,,1,101,,82090,46,,,1,57,,82077,46,,,1,98,,82089,46,,,1,100,,82078,46,,,1
32501,'Semaine-1',826,,85899,27,0,7 8,1,3,,85900,27,0,7 8,1
32501,'Semaine-12',826,,85901,27,0,7 8,1,3,,85902,27,0,7 8,1
42500,'Semaine-1',711,,86753,27,0,9 14,1,2,,86754,27,0,9 14,2
42500,'Semaine-12',711,,86755,27,0,9 14,1,2,,86756,27,0,9 14,2
44900,'Semaine-1',725,,86791,28,0,9 14,1
44900,'Semaine-12',725,,86792,28,0,9 14,1
63900,'Semaine-1',1532,,86833,43,0,9 10,1
63900,'Semaine-12',1532,,86834,43,0,9 10,1
72501,'Semaine-1',822,,86869,27,0,5 11,2
72501,'Semaine-12',822,,86870,27,0,5 11,2
82501,'Semaine-1',754,,87116,27,0,9 12 13,1,1,,87117,27,0,9 12 13,1
82501,'Semaine-12',754,,87118,27,0,9 12 13,1,1,,87119,27,0,9 12 13,1
