3100,'Samedi-1',703,,80085,6,,,1,105,,80086,6,,,1,101,,80087,6,,,1,101,,80088,6,,,1,102,,80089,6,,,1,100,,80090,6,,,1,101,,80091,6,,,1,100,,80092,6,,,1,100,,80093,6,,,1,102,,80094,6,,,1,100,,80095,6,,,1,100,,80096,6,,,1,95,,80097,6,,,1,100,,80098,6,,,1,100,,80099,6,,,1,100,,80100,6,,,1,101,,80101,6,,,1,101,,80102,6,,,1,100,,80103,6,,,1
3100,'Samedi-10',703,,66103,6,,,1,105,,66104,6,,,1,101,,66105,6,,,1,101,,66106,6,,,1,102,,66107,6,,,1,100,,66108,6,,,1,101,,66109,6,,,1,100,,66110,6,,,1,100,,66111,6,,,1,102,,66112,6,,,1,100,,66113,6,,,1,100,,66114,6,,,1,95,,66115,6,,,1,100,,66116,6,,,1,100,,66117,6,,,1,100,,66118,6,,,1,101,,66119,6,,,1,101,,66120,6,,,1,100,,66121,6,,,1
3100,'Dimanche-1',703,,80108,6,,,1,105,,80110,6,,,1,101,,80109,6,,,1,101,,80117,6,,,1,102,,80112,6,,,1,100,,80104,6,,,1,101,,80107,6,,,1,100,,80106,6,,,1,100,,80105,6,,,1,102,,80111,6,,,1,100,,80113,6,,,1,100,,80114,6,,,1,95,,80116,6,,,1,100,,80115,6,,,1,100,,80118,6,,,1,100,,80119,6,,,1,101,,80120,6,,,1,101,,80121,6,,,1,100,,80122,6,,,1
3100,'Semaine-1',610,,80127,6,,,1,42,,80160,6,,,1,61,,80140,6,,,1,21,,80128,6,,,1,15,,80165,6,,,1,61,,80162,6,,,1,21,,80124,6,,,1,18,,80137,6,,,1,63,,80138,6,,,1,9,,80129,6,,,1,24,,80131,6,,,1,60,,80148,6,,,1,27,,80149,6,,,1,71,,80130,6,,,1,30,,80135,6,,,1,70,,80154,6,,,1,30,,80151,6,,,1,17,,80132,6,,,1,53,,80125,6,,,1,19,,80159,6,,,1,20,,80163,6,,,1,58,,80150,6,,,1,29,,80133,6,,,1,21,,80153,6,,,1,9,,80155,6,,,1,75,,80161,6,,,1,24,,80152,6,,,1,58,,80134,6,,,1,19,,80145,6,,,1,23,,80147,6,,,1,62,,80136,6,,,1,17,,80123,6,,,1,15,,80126,6,,,1,51,,80157,6,,,1,29,,80164,6,,,1,12,,80142,6,,,1,60,,80158,6,,,1,106,,80143,6,,,1,100,,80139,6,,,1,100,,80144,6,,,1,100,,80146,6,,,1,100,,80156,6,,,1,100,,80141,6,,,1
3100,'Semaine-12',610,,80170,6,,,1,42,,80203,6,,,1,61,,80183,6,,,1,21,,80171,6,,,1,15,,80208,6,,,1,61,,80205,6,,,1,21,,80167,6,,,1,18,,80180,6,,,1,63,,80181,6,,,1,9,,80172,6,,,1,24,,80174,6,,,1,60,,80191,6,,,1,27,,80192,6,,,1,71,,80173,6,,,1,30,,80178,6,,,1,70,,80197,6,,,1,30,,80194,6,,,1,17,,80175,6,,,1,53,,80168,6,,,1,19,,80202,6,,,1,20,,80206,6,,,1,58,,80193,6,,,1,29,,80176,6,,,1,21,,80196,6,,,1,9,,80198,6,,,1,75,,80204,6,,,1,24,,80195,6,,,1,58,,80177,6,,,1,19,,80188,6,,,1,23,,80190,6,,,1,62,,80179,6,,,1,17,,80166,6,,,1,15,,80169,6,,,1,51,,80200,6,,,1,29,,80207,6,,,1,12,,80185,6,,,1,60,,80201,6,,,1,106,,80186,6,,,1,100,,80182,6,,,1,100,,80187,6,,,1,100,,80189,6,,,1,100,,80199,6,,,1,100,,80184,6,,,1
6700,'Samedi-1',711,,83839,6,,,1,101,,83838,6,,,1,100,,83837,6,,,1,30,,83833,6,,,1,70,,83841,6,,,1,30,,83834,6,,,1,70,,83835,6,,,1,31,,83840,6,,,1,70,,83845,6,,,1,30,,83836,6,,,1,69,,83844,6,,,1,31,,83842,6,,,1,70,,83843,6,,,1,30,,83846,6,,,1,70,,83847,6,,,1,30,,83848,6,,,1,70,,83849,6,,,1,30,,83850,6,,,1,70,,83851,6,,,1,30,,83852,6,,,1,70,,83853,6,,,1,29,,83854,6,,,1,70,,83855,6,,,1,30,,83856,6,,,1,100,,83860,6,,,1,100,,83857,6,,,1,100,,83858,6,,,1,99,,83859,6,,,1
6700,'Samedi-10',711,,73543,6,,,1,101,,73542,6,,,1,100,,73541,6,,,1,30,,73537,6,,,1,70,,73545,6,,,1,30,,73538,6,,,1,70,,73539,6,,,1,31,,73544,6,,,1,70,,73549,6,,,1,30,,73540,6,,,1,69,,73548,6,,,1,31,,73546,6,,,1,70,,73547,6,,,1,30,,73550,6,,,1,70,,73551,6,,,1,30,,73552,6,,,1,70,,73553,6,,,1,30,,73554,6,,,1,70,,73555,6,,,1,30,,73556,6,,,1,70,,73557,6,,,1,29,,73558,6,,,1,70,,73559,6,,,1,30,,73560,6,,,1,100,,73564,6,,,1,100,,73561,6,,,1,100,,73562,6,,,1,99,,73563,6,,,1
6700,'Dimanche-1',711,,83867,6,,,1,101,,83863,6,,,1,100,,83862,6,,,1,30,,83868,6,,,1,70,,83871,6,,,1,30,,83873,6,,,1,70,,83877,6,,,1,31,,83876,6,,,1,70,,83861,6,,,1,30,,83865,6,,,1,69,,83864,6,,,1,31,,83869,6,,,1,70,,83874,6,,,1,30,,83875,6,,,1,70,,83870,6,,,1,30,,83866,6,,,1,70,,83872,6,,,1,30,,83881,6,,,1,70,,83878,6,,,1,30,,83883,6,,,1,70,,83884,6,,,1,29,,83879,6,,,1,70,,83882,6,,,1,30,,83880,6,,,1,100,,83885,6,,,1,100,,83886,6,,,1,100,,83887,6,,,1,99,,83888,6,,,1
6700,'Semaine-1',610,,83897,6,,,1,31,,83891,6,,,1,70,,83899,6,,,1,23,,83908,6,,,1,21,,83892,6,,,1,58,,83917,6,,,1,29,,83902,6,,,1,70,,83910,6,,,1,20,,83900,6,,,1,18,,83920,6,,,1,60,,83918,6,,,1,21,,83905,6,,,2,20,,83921,6,,,1,60,,83911,6,,,1,20,,83914,6,,,1,20,,83922,6,,,1,60,,83919,6,,,1,20,,83906,6,,,1,20,,83923,6,,,1,60,,83912,6,,,1,20,,83915,6,,,1,20,,83924,6,,,1,60,,83904,6,,,1,20,,83907,6,,,1,21,,83925,6,,,1,365,,83927,6,,,1,15,,83901,6,,,1,19,,83926,6,,,1,59,,83909,6,,,1,30,,83889,6,,,1,72,,83913,6,,,1,28,,83893,6,,,2,70,,83916,6,,,2,30,,83890,6,,,1,70,,83898,6,,,1,30,,83894,6,,,2,72,,83903,6,,,1,27,,83896,6,,,1,70,,83895,6,,,2
6700,'Semaine-12',610,,83936,6,,,1,31,,83930,6,,,1,70,,83938,6,,,1,23,,83947,6,,,1,21,,83931,6,,,1,58,,83956,6,,,1,29,,83941,6,,,1,70,,83949,6,,,1,20,,83939,6,,,1,18,,83959,6,,,1,60,,83957,6,,,1,21,,83944,6,,,2,20,,83960,6,,,1,60,,83950,6,,,1,20,,83953,6,,,1,20,,83961,6,,,1,60,,83958,6,,,1,20,,83945,6,,,1,20,,83962,6,,,1,60,,83951,6,,,1,20,,83954,6,,,1,20,,83963,6,,,1,60,,83943,6,,,1,20,,83946,6,,,1,21,,83964,6,,,1,365,,83966,6,,,1,15,,83940,6,,,1,19,,83965,6,,,1,59,,83948,6,,,1,30,,83928,6,,,1,72,,83952,6,,,1,28,,83932,6,,,2,70,,83955,6,,,2,30,,83929,6,,,1,70,,83937,6,,,1,30,,83933,6,,,2,72,,83942,6,,,1,27,,83935,6,,,1,70,,83934,6,,,2
10000,'Semaine-1',1511,,85718,6,,,1,9,,85720,6,,,1,11,,85705,6,,,1,8,,85706,6,,,1,7,,85707,6,,,1,9,,85719,6,,,1,48,,85708,6,,,1,10,,85709,6,,,1,9,,85710,6,,,1,10,,85711,6,,,1,10,,85712,6,,,1,10,,85713,6,,,1,52,,85714,6,,,1,10,,85715,6,,,1,8,,85716,6,,,1,12,,85717,6,,,1
10000,'Semaine-12',1511,,85734,6,,,1,9,,85736,6,,,1,11,,85721,6,,,1,8,,85722,6,,,1,7,,85723,6,,,1,9,,85735,6,,,1,48,,85724,6,,,1,10,,85725,6,,,1,9,,85726,6,,,1,10,,85727,6,,,1,10,,85728,6,,,1,10,,85729,6,,,1,52,,85730,6,,,1,10,,85731,6,,,1,8,,85732,6,,,1,12,,85733,6,,,1
72500,'Semaine-1',1615,,86867,4,0,5 11,1
72500,'Semaine-12',1615,,86868,4,0,5 11,1
72900,'Semaine-1',1618,,86873,4,0,5 11,2
72900,'Semaine-12',1618,,86874,4,0,5 11,2
73300,'Semaine-1',1615,,86877,3,,,1
73300,'Semaine-12',1615,,86878,3,,,1
74000,'Semaine-1',1616,,86880,3,0,5 11,1
74000,'Semaine-12',1616,,86882,3,0,5 11,1
