5501,'Samedi-1',711,,82555,41,,,1,30,,82558,41,,,1,71,,82557,41,,,1,30,,82567,41,,,1,69,,82556,41,,,1,30,,82559,41,,,1,71,,82560,41,,,1,29,,82566,41,,,1,70,,82562,41,,,1,30,,82563,41,,,1,70,,82561,41,,,1,30,,82569,41,,,1,70,,82568,41,,,1,30,,82564,41,,,1,70,,82565,41,,,1,32,,82570,41,,,1,68,,82571,41,,,1,32,,82572,41,,,1,68,,82573,41,,,1,32,,82574,41,,,1,68,,82575,41,,,1,32,,82576,41,,,1,68,,82577,41,,,1,30,,82578,41,,,1,70,,82579,41,,,1,30,,82580,41,,,1,70,,82581,41,,,1,30,,82582,41,,,1,70,,82583,41,,,1,30,,82585,41,,,1,69,,82584,41,,,1,30,,82587,41,,,1,70,,82586,41,,,1
5501,'Samedi-10',711,,71004,41,,,1,30,,71007,41,,,1,71,,71006,41,,,1,30,,71016,41,,,1,69,,71005,41,,,1,30,,71008,41,,,1,71,,71009,41,,,1,29,,71015,41,,,1,70,,71011,41,,,1,30,,71012,41,,,1,70,,71010,41,,,1,30,,71018,41,,,1,70,,71017,41,,,1,30,,71013,41,,,1,70,,71014,41,,,1,32,,71019,41,,,1,68,,71020,41,,,1,32,,71021,41,,,1,68,,71022,41,,,1,32,,71023,41,,,1,68,,71024,41,,,1,32,,71025,41,,,1,68,,71026,41,,,1,30,,71027,41,,,1,70,,71028,41,,,1,30,,71029,41,,,1,70,,71030,41,,,1,30,,71031,41,,,1,70,,71032,41,,,1,30,,71034,41,,,1,69,,71033,41,,,1,30,,71036,41,,,1,70,,71035,41,,,1
5501,'Dimanche-1',711,,82589,41,,,1,30,,82593,41,,,1,71,,82591,41,,,1,30,,82596,41,,,1,69,,82598,41,,,1,30,,82592,41,,,1,71,,82588,41,,,1,29,,82602,41,,,1,70,,82597,41,,,1,30,,82604,41,,,1,70,,82595,41,,,1,30,,82594,41,,,1,70,,82600,41,,,1,30,,82590,41,,,1,70,,82599,41,,,1,32,,82603,41,,,1,68,,82608,41,,,1,32,,82601,41,,,1,68,,82607,41,,,1,32,,82610,41,,,1,68,,82605,41,,,1,32,,82606,41,,,1,68,,82612,41,,,1,30,,82614,41,,,1,70,,82611,41,,,1,30,,82609,41,,,1,70,,82613,41,,,1,30,,82615,41,,,1,70,,82616,41,,,1,30,,82617,41,,,1,69,,82618,41,,,1,30,,82619,41,,,1,70,,82620,41,,,1
5501,'Semaine-1',529,,82634,41,,,1,14,,82641,41,,,1,464,,82653,41,,,1,23,,82665,8,,,1,8,,82657,41,,,1,69,,82623,41,,,1,29,,82630,41,,,1,70,,82643,41,,,1,30,,82654,41,,,1,70,,82650,41,,,1,30,,82631,41,,,1,70,,82663,41,,,1,31,,82622,41,,,1,71,,82628,41,,,1,49,,82632,41,,,1,100,,82637,41,,,1,100,,82642,41,,,1,100,,82659,41,,,1,60,,82648,41,,,1,30,,82636,41,,,1,70,,82652,41,,,1,30,,82645,41,,,1,70,,82664,41,,,1,30,,82638,41,,,1,69,,82644,41,,,1,31,,82646,41,,,1,70,,82633,41,,,1,28,,82651,41,,,1,70,,82649,41,,,1
5501,'Semaine-12',529,,82680,41,,,1,14,,82687,41,,,1,464,,82699,41,,,1,23,,82711,8,,,1,8,,82703,41,,,1,69,,82669,41,,,1,29,,82676,41,,,1,70,,82689,41,,,1,30,,82700,41,,,1,70,,82696,41,,,1,30,,82677,41,,,1,70,,82709,41,,,1,31,,82668,41,,,1,71,,82674,41,,,1,49,,82678,41,,,1,100,,82683,41,,,1,100,,82688,41,,,1,100,,82705,41,,,1,60,,82694,41,,,1,30,,82682,41,,,1,70,,82698,41,,,1,30,,82691,41,,,1,70,,82710,41,,,1,30,,82684,41,,,1,69,,82690,41,,,1,31,,82692,41,,,1,70,,82679,41,,,1,28,,82697,41,,,1,70,,82695,41,,,1
5801,'Semaine-1',1642,,82762,29,,,1
5801,'Semaine-12',1642,,82769,29,,,1
5901,'Samedi-1',725,,82939,30,,,1,30,,82946,30,,,1,70,,82943,30,,,1,30,,82948,30,,,1,70,,82940,30,,,1,30,,82945,30,,,1,71,,82944,30,,,1,30,,82947,30,,,1,70,,82951,30,,,1,30,,82952,30,,,1,70,,82941,30,,,1,30,,82942,30,,,1,70,,82950,30,,,1,30,,82949,30,,,1,70,,82953,30,,,1,30,,82954,30,,,1,70,,82955,30,,,1,30,,82956,30,,,1,70,,82957,30,,,1,30,,82958,30,,,1,70,,82959,30,,,1,30,,82960,30,,,1,70,,82961,30,,,1,30,,82962,30,,,1,70,,82963,30,,,1,30,,82965,30,,,1,70,,82964,30,,,1,29,,82966,30,,,1,70,,82967,30,,,1,30,,82968,30,,,1,70,,82970,30,,,1,30,,82969,30,,,1
5901,'Samedi-10',725,,71780,30,,,1,30,,71787,30,,,1,70,,71784,30,,,1,30,,71789,30,,,1,70,,71781,30,,,1,30,,71786,30,,,1,71,,71785,30,,,1,30,,71788,30,,,1,70,,71792,30,,,1,30,,71793,30,,,1,70,,71782,30,,,1,30,,71783,30,,,1,70,,71791,30,,,1,30,,71790,30,,,1,70,,71794,30,,,1,30,,71795,30,,,1,70,,71796,30,,,1,30,,71797,30,,,1,70,,71798,30,,,1,30,,71799,30,,,1,70,,71800,30,,,1,30,,71801,30,,,1,70,,71802,30,,,1,30,,71803,30,,,1,70,,71804,30,,,1,30,,71806,30,,,1,70,,71805,30,,,1,29,,71807,30,,,1,70,,71808,30,,,1,30,,71809,30,,,1,70,,71811,30,,,1,30,,71810,30,,,1
5901,'Dimanche-1',725,,82971,30,,,1,30,,82983,30,,,1,70,,82977,30,,,1,30,,82978,30,,,1,70,,82985,30,,,1,30,,82982,30,,,1,71,,82987,30,,,1,30,,82974,30,,,1,70,,82986,30,,,1,30,,82972,30,,,1,70,,82981,30,,,1,30,,82973,30,,,1,70,,82976,30,,,1,30,,82979,30,,,1,70,,82980,30,,,1,30,,82988,30,,,1,70,,82975,30,,,1,30,,82991,30,,,1,70,,82984,30,,,1,30,,82993,30,,,1,70,,82994,30,,,1,30,,82990,30,,,1,70,,82995,30,,,1,30,,82992,30,,,1,70,,82996,30,,,1,30,,82989,30,,,1,70,,82997,30,,,1,29,,82998,30,,,1,70,,82999,30,,,1,30,,83000,30,,,1,70,,83001,30,,,1,30,,83002,30,,,1
5901,'Semaine-1',524,,83007,30,,,1,15,,83043,30,,,1,15,,83016,30,,,1,468,,83044,30,,,1,30,,83031,30,,,1,70,,83013,30,,,1,30,,83024,30,,,1,70,,83027,30,,,1,30,,83012,30,,,1,70,,83041,30,,,1,30,,83003,30,,,1,70,,83045,30,,,1,30,,83035,30,,,1,75,,83038,30,,,1,100,,83042,30,,,1,100,,83022,30,,,1,100,,83029,30,,,1,75,,83034,30,,,1,30,,83021,30,,,1,70,,83028,30,,,1,30,,83033,30,,,1,70,,83040,30,,,1,30,,83018,30,,,1,70,,83036,30,,,1,29,,83026,30,,,1,70,,83009,30,,,1,30,,83019,30,,,1,70,,83032,30,,,1
5901,'Semaine-12',524,,83054,30,,,1,15,,83090,30,,,1,15,,83063,30,,,1,468,,83091,30,,,1,30,,83078,30,,,1,70,,83060,30,,,1,30,,83071,30,,,1,70,,83074,30,,,1,30,,83059,30,,,1,70,,83088,30,,,1,30,,83050,30,,,1,70,,83092,30,,,1,30,,83082,30,,,1,75,,83085,30,,,1,100,,83089,30,,,1,100,,83069,30,,,1,100,,83076,30,,,1,75,,83081,30,,,1,30,,83068,30,,,1,70,,83075,30,,,1,30,,83080,30,,,1,70,,83087,30,,,1,30,,83065,30,,,1,70,,83083,30,,,1,29,,83073,30,,,1,70,,83056,30,,,1,30,,83066,30,,,1,70,,83079,30,,,1
65501,'Semaine-1',1523,,86865,29,0,9 10,1
65501,'Semaine-12',1523,,86866,29,0,9 10,1
80000,'Samedi-1',730,,86901,34,,,1,102,,86902,34,,,1,98,,86903,34,,,1,101,,86905,34,,,1,100,,86906,34,,,1,100,,86904,34,,,1,100,,86907,34,,,1,100,,86908,34,,,1,100,,86909,34,,,1,100,,86910,34,,,1,100,,86911,34,,,2,100,,86912,34,,,1,100,,86915,34,,,1,99,,86913,34,,,1,100,,86914,34,,,1,98,,86916,34,,,1,100,,86917,34,,,1
80000,'Samedi-10',730,,79460,34,,,1,102,,79461,34,,,1,98,,79462,34,,,1,101,,79464,34,,,1,100,,79465,34,,,1,100,,79463,34,,,1,100,,79466,34,,,1,100,,79467,34,,,1,100,,79468,34,,,1,100,,79469,34,,,1,100,,79470,34,,,2,100,,79471,34,,,1,100,,79474,34,,,1,99,,79472,34,,,1,100,,79473,34,,,1,98,,79475,34,,,1,100,,79476,34,,,1
80000,'Dimanche-1',730,,86920,34,,,1,102,,86919,34,,,1,98,,86925,34,,,1,101,,86918,34,,,1,100,,86922,34,,,1,100,,86921,34,,,1,100,,86923,34,,,1,100,,86924,34,,,1,100,,86928,34,,,1,100,,86926,34,,,1,100,,86927,34,,,2,100,,86931,34,,,1,100,,86930,34,,,1,99,,86929,34,,,1,100,,86932,34,,,1,98,,86933,34,,,1,100,,86934,34,,,1
80000,'Semaine-1',927,,86944,34,,,1,30,,86961,34,,,1,70,,86956,34,,,1,29,,86970,34,,,1,70,,86937,34,,,1,30,,86958,34,,,1,70,,86948,34,,,1,31,,86964,34,,,1,69,,86957,34,,,1,30,,86968,34,,,1,71,,86947,34,,,1,29,,86962,34,,,1,73,,86960,34,,,1,30,,86949,34,,,1,72,,86965,34,,,1,28,,86938,34,,,1,70,,86955,34,,,1,30,,86952,34,,,1,69,,86966,34,,,1,29,,86951,34,,,1,71,,86945,34,,,1,28,,86939,34,,,1,71,,86969,34,,,1,28,,86950,34,,,1,68,,86946,34,,,1,30,,86936,34,,,1,69,,86941,34,,,1,30,,86935,34,,,1
80000,'Semaine-12',927,,86980,34,,,1,30,,86997,34,,,1,70,,86992,34,,,1,29,,87006,34,,,1,70,,86973,34,,,1,30,,86994,34,,,1,70,,86984,34,,,1,31,,87000,34,,,1,69,,86993,34,,,1,30,,87004,34,,,1,71,,86983,34,,,1,29,,86998,34,,,1,73,,86996,34,,,1,30,,86985,34,,,1,72,,87001,34,,,1,28,,86974,34,,,1,70,,86991,34,,,1,30,,86988,34,,,1,69,,87002,34,,,1,29,,86987,34,,,1,71,,86981,34,,,1,28,,86975,34,,,1,71,,87005,34,,,1,28,,86986,34,,,1,68,,86982,34,,,1,30,,86972,34,,,1,69,,86977,34,,,1,30,,86971,34,,,1
