6401,'Samedi-1',729,,83372,23,,,1,100,,83369,23,,,1,100,,83371,23,,,1,100,,83374,23,,,1,100,,83370,23,,,1,100,,83375,23,,,1,100,,83373,23,,,1,100,,83376,23,,,1,100,,83377,23,,,1,100,,83378,23,,,1,100,,83379,23,,,1
6401,'Samedi-10',729,,72587,23,,,1,100,,72584,23,,,1,100,,72586,23,,,1,100,,72589,23,,,1,100,,72585,23,,,1,100,,72590,23,,,1,100,,72588,23,,,1,100,,72591,23,,,1,100,,72592,23,,,1,100,,72593,23,,,1,100,,72594,23,,,1
6401,'Dimanche-1',729,,83384,23,,,1,100,,83381,23,,,1,100,,83387,23,,,1,100,,83388,23,,,1,100,,83385,23,,,1,100,,83380,23,,,1,100,,83382,23,,,1,100,,83383,23,,,1,100,,83389,23,,,1,100,,83386,23,,,1,100,,83390,23,,,1
6401,'Semaine-1',529,,83391,23,,,2,108,,83401,23,,,2,100,,83403,23,,,1,100,,83400,23,,,1,95,,83408,23,,,1,100,,83395,23,,,1,100,,83394,23,,,1,100,,83406,23,,,1,100,,83402,23,,,2,100,,83404,23,,,1,100,,83405,23,,,1,102,,83396,23,,,1,98,,83392,23,,,1,100,,83393,23,,,1,98,,83399,23,,,1,100,,83397,23,,,1,100,,83398,23,,,1,100,,83407,23,,,1
6401,'Semaine-12',529,,83409,23,,,2,108,,83419,23,,,2,100,,83421,23,,,1,100,,83418,23,,,1,95,,83426,23,,,1,100,,83413,23,,,1,100,,83412,23,,,1,100,,83424,23,,,1,100,,83420,23,,,2,100,,83422,23,,,1,100,,83423,23,,,1,102,,83414,23,,,1,98,,83410,23,,,1,100,,83411,23,,,1,98,,83417,23,,,1,100,,83415,23,,,1,100,,83416,23,,,1,100,,83425,23,,,1
6601,'Samedi-1',656,,83727,26,,,1,100,,83729,26,,,1,100,,83733,26,,,1,100,,83730,26,,,1,100,,83734,26,,,1,100,,83728,26,,,1,100,,83731,26,,,1,100,,83732,26,,,1,100,,83735,26,,,1,100,,83736,26,,,1,100,,83737,26,,,1,100,,83738,26,,,1,100,,83739,26,,,1,100,,83741,26,,,1,100,,83740,26,,,1,100,,83742,26,,,1,100,,83743,26,,,1,100,,83744,26,,,1
6601,'Samedi-10',656,,73314,26,,,1,100,,73316,26,,,1,100,,73320,26,,,1,100,,73317,26,,,1,100,,73321,26,,,1,100,,73315,26,,,1,100,,73318,26,,,1,100,,73319,26,,,1,100,,73322,26,,,1,100,,73323,26,,,1,100,,73324,26,,,1,100,,73325,26,,,1,100,,73326,26,,,1,100,,73328,26,,,1,100,,73327,26,,,1,100,,73329,26,,,1,100,,73330,26,,,1,100,,73331,26,,,1
6601,'Dimanche-1',656,,83746,26,,,1,100,,83750,26,,,1,100,,83751,26,,,1,100,,83752,26,,,1,100,,83745,26,,,1,100,,83747,26,,,1,100,,83748,26,,,1,100,,83749,26,,,1,100,,83754,26,,,1,100,,83753,26,,,1,100,,83757,26,,,1,100,,83755,26,,,1,100,,83758,26,,,1,100,,83756,26,,,1,100,,83759,26,,,1,100,,83760,26,,,1,100,,83761,26,,,1,100,,83762,26,,,1
6601,'Semaine-1',547,,83772,26,,,2,60,,83765,26,,,1,18,,83774,26,,,1,21,,83780,26,,,2,60,,83775,26,,,2,21,,83766,26,,,1,23,,83778,26,,,2,59,,83771,26,,,1,18,,83787,26,,,1,21,,83764,26,,,1,59,,83777,26,,,1,18,,83788,26,,,1,20,,83796,26,,,1,102,,83776,26,,,1,100,,83768,26,,,1,100,,83792,26,,,1,100,,83793,26,,,1,100,,83779,26,,,2,62,,83767,26,,,1,19,,83784,26,,,2,19,,83781,26,,,1,64,,83794,26,,,1,22,,83763,26,,,1,19,,83789,26,,,1,60,,83782,26,,,1,20,,83795,26,,,1,18,,83785,26,,,2,64,,83790,26,,,2,20,,83783,26,,,1,18,,83791,26,,,1,60,,83797,26,,,2,94,,83770,26,,,2,100,,83769,26,,,1,95,,83773,26,,,1,100,,83786,26,,,1
6601,'Semaine-12',547,,83807,26,,,2,60,,83800,26,,,1,18,,83809,26,,,1,21,,83815,26,,,2,60,,83810,26,,,2,21,,83801,26,,,1,23,,83813,26,,,2,59,,83806,26,,,1,18,,83822,26,,,1,21,,83799,26,,,1,59,,83812,26,,,1,18,,83823,26,,,1,20,,83831,26,,,1,102,,83811,26,,,1,100,,83803,26,,,1,100,,83827,26,,,1,100,,83828,26,,,1,100,,83814,26,,,2,62,,83802,26,,,1,19,,83819,26,,,2,19,,83816,26,,,1,64,,83829,26,,,1,22,,83798,26,,,1,19,,83824,26,,,1,60,,83817,26,,,1,20,,83830,26,,,1,18,,83820,26,,,2,64,,83825,26,,,2,20,,83818,26,,,1,18,,83826,26,,,1,60,,83832,26,,,2,94,,83805,26,,,2,100,,83804,26,,,1,95,,83808,26,,,1,100,,83821,26,,,1
56601,'Semaine-1',642,,86819,1,0,5 6,1
56601,'Semaine-12',642,,86820,1,0,5 6,1
