4000,'Semaine-1',1533,,81911,27,,,1,70,,81907,27,,,2,35,,81910,27,,,1,67,,81909,27,,,1,28,,81908,27,,,1,69,,81912,27,,,1
4000,'Semaine-12',1533,,81917,27,,,1,70,,81913,27,,,2,35,,81916,27,,,1,67,,81915,27,,,1,28,,81914,27,,,1,69,,81918,27,,,1
4100,'Semaine-1',1544,,81932,27,,,1,71,,81934,27,,,1,35,,81933,27,,,2,64,,81931,27,,,1,29,,81935,27,,,1
4100,'Semaine-12',1544,,81937,27,,,1,71,,81939,27,,,1,35,,81938,27,,,2,64,,81936,27,,,1,29,,81940,27,,,1
4700,'Semaine-1',1542,,81983,27,,,1,102,,81984,27,,,1,96,,81985,27,,,2
4700,'Semaine-12',1542,,81986,27,,,1,102,,81987,27,,,1,96,,81988,27,,,2
5500,'Samedi-1',712,,82390,28,,,1,30,,82387,28,,,1,70,,82388,28,,,1,30,,82391,28,,,1,70,,82389,28,,,1,30,,82396,28,,,1,73,,82393,28,,,1,30,,82394,28,,,1,69,,82399,28,,,1,31,,82398,28,,,1,70,,82392,28,,,1,30,,82395,28,,,1,70,,82397,28,,,1,30,,82400,28,,,1,70,,82401,28,,,1,30,,82402,28,,,1,70,,82403,28,,,1,30,,82404,28,,,1,70,,82405,28,,,1,31,,82406,28,,,1,70,,82407,28,,,1,30,,82408,28,,,1,70,,82409,28,,,1,30,,82410,28,,,1,68,,82412,28,,,1,30,,82411,28,,,1,70,,82413,28,,,1,30,,82415,28,,,1,70,,82414,28,,,1,30,,82416,28,,,1,69,,82417,28,,,1,30,,82420,28,,,1,70,,82422,28,,,1,30,,82419,28,,,1,70,,82418,28,,,1,28,,82421,28,,,1
5500,'Samedi-10',712,,70650,28,,,1,30,,70647,28,,,1,70,,70648,28,,,1,30,,70651,28,,,1,70,,70649,28,,,1,30,,70656,28,,,1,73,,70653,28,,,1,30,,70654,28,,,1,69,,70659,28,,,1,31,,70658,28,,,1,70,,70652,28,,,1,30,,70655,28,,,1,70,,70657,28,,,1,30,,70660,28,,,1,70,,70661,28,,,1,30,,70662,28,,,1,70,,70663,28,,,1,30,,70664,28,,,1,70,,70665,28,,,1,31,,70666,28,,,1,70,,70667,28,,,1,30,,70668,28,,,1,70,,70669,28,,,1,30,,70670,28,,,1,68,,70672,28,,,1,30,,70671,28,,,1,70,,70673,28,,,1,30,,70675,28,,,1,70,,70674,28,,,1,30,,70676,28,,,1,69,,70677,28,,,1,30,,70680,28,,,1,70,,70682,28,,,1,30,,70679,28,,,1,70,,70678,28,,,1,28,,70681,28,,,1
5500,'Dimanche-1',712,,82427,28,,,1,30,,82432,28,,,1,70,,82424,28,,,1,30,,82429,28,,,1,70,,82426,28,,,1,30,,82423,28,,,1,73,,82434,28,,,1,30,,82428,28,,,1,69,,82425,28,,,1,31,,82437,28,,,1,70,,82433,28,,,1,30,,82438,28,,,1,70,,82431,28,,,1,30,,82430,28,,,1,70,,82436,28,,,1,30,,82441,28,,,1,70,,82435,28,,,1,30,,82440,28,,,1,70,,82443,28,,,1,31,,82447,28,,,1,70,,82442,28,,,1,30,,82448,28,,,1,70,,82439,28,,,1,30,,82445,28,,,1,68,,82446,28,,,1,30,,82449,28,,,1,70,,82444,28,,,1,30,,82450,28,,,1,70,,82452,28,,,1,30,,82451,28,,,1,69,,82453,28,,,1,30,,82455,28,,,1,70,,82456,28,,,1,30,,82454,28,,,1,70,,82457,28,,,1,28,,82458,28,,,1
5500,'Semaine-1',646,,82461,28,,,1,103,,82477,28,,,1,69,,82460,28,,,1,97,,82496,28,,,1,28,,82497,28,,,1,70,,82466,28,,,1,30,,82476,28,,,1,69,,82480,28,,,1,32,,82502,28,,,1,70,,82462,28,,,1,30,,82501,28,,,1,69,,82479,28,,,1,30,,82494,28,,,1,70,,82488,28,,,1,25,,82495,28,,,1,16,,82481,28,,,1,54,,82459,28,,,1,17,,82500,28,,,1,17,,82470,28,,,1,15,,82503,28,,,1,53,,82491,28,,,1,10,,82463,28,,,1,13,,82474,28,,,1,18,,82506,28,,,1,49,,82499,28,,,1,11,,82465,28,,,1,11,,82482,28,,,1,10,,82475,28,,,1,11,,82504,28,,,1,12,,82489,28,,,1,48,,82469,28,,,1,12,,82464,28,,,1,10,,82505,28,,,1,11,,82473,28,,,1,11,,82468,28,,,1,10,,82478,28,,,1,70,,82493,28,,,1,29,,82498,28,,,1,70,,82485,28,,,1,30,,82471,28,,,1,70,,82492,28,,,1,28,,82483,28,,,1,69,,82486,28,,,1,29,,82472,28,,,1,70,,82487,28,,,1,30,,82484,28,,,1,69,,82467,28,,,1,30,,82490,28,,,1
5500,'Semaine-12',646,,82509,28,,,1,103,,82525,28,,,1,69,,82508,28,,,1,97,,82544,28,,,1,28,,82545,28,,,1,70,,82514,28,,,1,30,,82524,28,,,1,69,,82528,28,,,1,32,,82550,28,,,1,70,,82510,28,,,1,30,,82549,28,,,1,69,,82527,28,,,1,30,,82542,28,,,1,70,,82536,28,,,1,25,,82543,28,,,1,16,,82529,28,,,1,54,,82507,28,,,1,17,,82548,28,,,1,17,,82518,28,,,1,15,,82551,28,,,1,53,,82539,28,,,1,10,,82511,28,,,1,13,,82522,28,,,1,18,,82554,28,,,1,49,,82547,28,,,1,11,,82513,28,,,1,11,,82530,28,,,1,10,,82523,28,,,1,11,,82552,28,,,1,12,,82537,28,,,1,48,,82517,28,,,1,12,,82512,28,,,1,10,,82553,28,,,1,11,,82521,28,,,1,11,,82516,28,,,1,10,,82526,28,,,1,70,,82541,28,,,1,29,,82546,28,,,1,70,,82533,28,,,1,30,,82519,28,,,1,70,,82540,28,,,1,28,,82531,28,,,1,69,,82534,28,,,1,29,,82520,28,,,1,70,,82535,28,,,1,30,,82532,28,,,1,69,,82515,28,,,1,30,,82538,28,,,1
5800,'Semaine-1',829,,82749,15,,,1,399,,82750,15,,,1,300,,82752,15,,,1,31,,82747,15,,,1,71,,82748,15,,,1,29,,82751,15,,,1,69,,82746,15,,,2,29,,82745,15,,,1
5800,'Semaine-12',829,,82757,15,,,1,399,,82758,15,,,1,300,,82760,15,,,1,31,,82755,15,,,1,71,,82756,15,,,1,29,,82759,15,,,1,69,,82754,15,,,2,29,,82753,15,,,1
5900,'Samedi-1',728,,82779,28,,,1,30,,82782,28,,,1,70,,82775,28,,,1,30,,82781,28,,,1,70,,82778,28,,,1,30,,82783,28,,,1,70,,82787,28,,,1,30,,82788,28,,,1,70,,82777,28,,,1,30,,82776,28,,,1,71,,82786,28,,,1,71,,82780,28,,,1,30,,82784,28,,,1,71,,82789,28,,,1,30,,82785,28,,,1,70,,82790,28,,,1,30,,82791,28,,,1,69,,82792,28,,,1,30,,82793,28,,,1,73,,82794,28,,,1,28,,82795,28,,,1,70,,82796,28,,,1,29,,82797,28,,,1,70,,82798,28,,,1,30,,82799,28,,,1,28,,82801,28,,,1,70,,82800,28,,,1,30,,82803,28,,,1,70,,82802,28,,,1,29,,82804,28,,,1,71,,82805,28,,,1,30,,82807,28,,,1,70,,82806,28,,,1,30,,82808,28,,,1
5900,'Samedi-10',728,,71438,28,,,1,30,,71441,28,,,1,70,,71434,28,,,1,30,,71440,28,,,1,70,,71437,28,,,1,30,,71442,28,,,1,70,,71446,28,,,1,30,,71447,28,,,1,70,,71436,28,,,1,30,,71435,28,,,1,71,,71445,28,,,1,71,,71439,28,,,1,30,,71443,28,,,1,71,,71448,28,,,1,30,,71444,28,,,1,70,,71449,28,,,1,30,,71450,28,,,1,69,,71451,28,,,1,30,,71452,28,,,1,73,,71453,28,,,1,28,,71454,28,,,1,70,,71455,28,,,1,29,,71456,28,,,1,70,,71457,28,,,1,30,,71458,28,,,1,28,,71460,28,,,1,70,,71459,28,,,1,30,,71462,28,,,1,70,,71461,28,,,1,29,,71463,28,,,1,71,,71464,28,,,1,30,,71466,28,,,1,70,,71465,28,,,1,30,,71467,28,,,1
5900,'Dimanche-1',728,,82814,28,,,1,30,,82813,28,,,1,70,,82809,28,,,1,30,,82818,28,,,1,70,,82824,28,,,1,30,,82815,28,,,1,70,,82822,28,,,1,30,,82817,28,,,1,70,,82823,28,,,1,30,,82810,28,,,1,71,,82821,28,,,1,71,,82811,28,,,1,30,,82819,28,,,1,71,,82825,28,,,1,30,,82812,28,,,1,70,,82816,28,,,1,30,,82820,28,,,1,69,,82829,28,,,1,30,,82830,28,,,1,73,,82827,28,,,1,28,,82832,28,,,1,70,,82828,28,,,1,29,,82834,28,,,1,70,,82826,28,,,1,30,,82831,28,,,1,28,,82835,28,,,1,70,,82833,28,,,1,30,,82836,28,,,1,70,,82837,28,,,1,29,,82838,28,,,1,71,,82839,28,,,1,30,,82841,28,,,1,70,,82840,28,,,1,30,,82842,28,,,1
5900,'Semaine-1',614,,82850,28,,,1,98,,82885,28,,,1,47,,82890,28,,,1,88,,82866,28,,,1,82,,82862,28,,,1,28,,82883,28,,,1,70,,82859,28,,,1,30,,82882,28,,,1,70,,82873,28,,,1,30,,82867,28,,,1,73,,82875,28,,,1,70,,82858,28,,,1,30,,82886,28,,,1,70,,82849,28,,,1,31,,82880,28,,,1,14,,82851,28,,,1,58,,82884,28,,,1,31,,82844,28,,,1,14,,82888,28,,,1,55,,82843,28,,,1,8,,82878,28,,,1,17,,82874,28,,,1,7,,82887,23,,,1,6,,82861,28,,,1,13,,82845,28,,,1,46,,82889,23,,,1,6,,82846,28,,,1,12,,82854,28,,,1,9,,82881,28,,,1,12,,82870,28,,,1,11,,82857,28,,,1,9,,82879,28,,,1,51,,82865,28,,,1,12,,82877,28,,,1,9,,82847,28,,,1,10,,82852,28,,,1,71,,82872,28,,,1,29,,82863,28,,,1,70,,82868,28,,,1,30,,82856,28,,,1,70,,82864,28,,,1,30,,82869,28,,,1,69,,82876,28,,,1,30,,82853,28,,,1,70,,82871,28,,,1,29,,82860,28,,,1,70,,82848,28,,,1,28,,82855,28,,,1
5900,'Semaine-12',614,,82898,28,,,1,98,,82933,28,,,1,47,,82938,28,,,1,88,,82914,28,,,1,82,,82910,28,,,1,28,,82931,28,,,1,70,,82907,28,,,1,30,,82930,28,,,1,70,,82921,28,,,1,30,,82915,28,,,1,73,,82923,28,,,1,70,,82906,28,,,1,30,,82934,28,,,1,70,,82897,28,,,1,31,,82928,28,,,1,14,,82899,28,,,1,58,,82932,28,,,1,31,,82892,28,,,1,14,,82936,28,,,1,55,,82891,28,,,1,8,,82926,28,,,1,17,,82922,28,,,1,7,,82935,23,,,1,6,,82909,28,,,1,13,,82893,28,,,1,46,,82937,23,,,1,6,,82894,28,,,1,12,,82902,28,,,1,9,,82929,28,,,1,12,,82918,28,,,1,11,,82905,28,,,1,9,,82927,28,,,1,51,,82913,28,,,1,12,,82925,28,,,1,9,,82895,28,,,1,10,,82900,28,,,1,71,,82920,28,,,1,29,,82911,28,,,1,70,,82916,28,,,1,30,,82904,28,,,1,70,,82912,28,,,1,30,,82917,28,,,1,69,,82924,28,,,1,30,,82901,28,,,1,70,,82919,28,,,1,29,,82908,28,,,1,70,,82896,28,,,1,28,,82903,28,,,1
64700,'Semaine-1',711,,86855,4,0,9 10,1
64700,'Semaine-12',711,,86856,4,0,9 10,1
65500,'Semaine-1',728,,86863,21,0,9 10,1
65500,'Semaine-12',728,,86864,21,0,9 10,1
74000,'Semaine-1',1638,,86880,24,0,5 11,1
74000,'Semaine-12',1638,,86882,24,0,5 11,1
80001,'Samedi-1',636,,87007,30,,,1,101,,87009,30,,,1,101,,87010,30,,,1,100,,87013,30,,,1,101,,87008,30,,,1,100,,87011,30,,,1,101,,87014,30,,,1,100,,87012,30,,,1,100,,87015,30,,,1,100,,87016,30,,,1,100,,87017,30,,,2,102,,87018,30,,,1,97,,87021,30,,,1,99,,87019,30,,,1,100,,87020,30,,,1,100,,87022,30,,,1,99,,87023,30,,,1
80001,'Samedi-10',636,,79670,30,,,1,101,,79672,30,,,1,101,,79673,30,,,1,100,,79676,30,,,1,101,,79671,30,,,1,100,,79674,30,,,1,101,,79677,30,,,1,100,,79675,30,,,1,100,,79678,30,,,1,100,,79679,30,,,1,100,,79680,30,,,2,102,,79681,30,,,1,97,,79684,30,,,1,99,,79682,30,,,1,100,,79683,30,,,1,100,,79685,30,,,1,99,,79686,30,,,1
80001,'Dimanche-1',636,,87024,30,,,1,101,,87026,30,,,1,101,,87028,30,,,1,100,,87025,30,,,1,101,,87027,30,,,1,100,,87029,30,,,1,101,,87030,30,,,1,100,,87031,30,,,1,100,,87034,30,,,1,100,,87032,30,,,1,100,,87033,30,,,2,102,,87036,30,,,1,97,,87037,30,,,1,99,,87035,30,,,1,100,,87038,30,,,1,100,,87039,30,,,1,99,,87040,30,,,1
80001,'Semaine-1',629,,87062,30,,,1,28,,87055,30,,,1,73,,87063,30,,,1,70,,87047,30,,,1,33,,87045,30,,,1,68,,87052,30,,,1,26,,87058,30,,,1,30,,87070,30,,,1,70,,87061,30,,,2,30,,87053,30,,,1,70,,87067,30,,,1,30,,87041,30,,,1,71,,87075,30,,,1,29,,87073,30,,,1,74,,87043,30,,,1,70,,87066,30,,,1,30,,87057,30,,,1,70,,87064,30,,,1,34,,87074,30,,,1,69,,87059,30,,,1,17,,87069,30,,,1,22,,87071,30,,,1,64,,87068,30,,,1,27,,87060,30,,,1,70,,87050,30,,,1,27,,87048,30,,,1,27,,87042,30,,,1,69,,87072,30,,,1,32,,87054,30,,,1,67,,87051,30,,,1,30,,87056,30,,,1,69,,87044,30,,,1,30,,87065,30,,,1,74,,87046,30,,,1,30,,87049,30,,,1
80001,'Semaine-12',629,,87097,30,,,1,28,,87090,30,,,1,73,,87098,30,,,1,70,,87082,30,,,1,33,,87080,30,,,1,68,,87087,30,,,1,26,,87093,30,,,1,30,,87105,30,,,1,70,,87096,30,,,2,30,,87088,30,,,1,70,,87102,30,,,1,30,,87076,30,,,1,71,,87110,30,,,1,29,,87108,30,,,1,74,,87078,30,,,1,70,,87101,30,,,1,30,,87092,30,,,1,70,,87099,30,,,1,34,,87109,30,,,1,69,,87094,30,,,1,17,,87104,30,,,1,22,,87106,30,,,1,64,,87103,30,,,1,27,,87095,30,,,1,70,,87085,30,,,1,27,,87083,30,,,1,27,,87077,30,,,1,69,,87107,30,,,1,32,,87089,30,,,1,67,,87086,30,,,1,30,,87091,30,,,1,69,,87079,30,,,1,30,,87100,30,,,1,74,,87081,30,,,1,30,,87084,30,,,1
