3601,'Semaine-1',854,,81179,24,,,1,90,,81177,24,,,1,100,,81180,24,,,1,100,,81178,24,,,1,100,,81183,24,,,1,100,,81182,24,,,1,100,,81181,24,,,1
3601,'Semaine-12',854,,81186,24,,,1,90,,81184,24,,,1,100,,81187,24,,,1,100,,81185,24,,,1,100,,81190,24,,,1,100,,81189,24,,,1,100,,81188,24,,,1
4800,'Semaine-1',1721,,81997,12,,,1
4800,'Semaine-12',1721,,81998,12,,,1
32500,'Semaine-1',1626,,85896,17,0,7 8,1
32500,'Semaine-12',1626,,85898,17,0,7 8,1
32600,'Semaine-1',1626,,85903,17,0,7 8,1
32600,'Semaine-12',1626,,85904,17,0,7 8,1
56901,'Semaine-1',727,,86823,34,0,5 6,1
56901,'Semaine-12',727,,86824,34,0,5 6,1
57101,'Semaine-1',725,,86827,57,0,5 6,2
57101,'Semaine-12',725,,86828,57,0,5 6,2
57601,'Semaine-1',736,,86831,33,0,5 6,1
57601,'Semaine-12',736,,86832,33,0,5 6,1
