4501,'Semaine-1',601,,81972,15,,,1,30,,81971,15,,,1,71,,81975,15,,,2,30,,81974,15,,,1,72,,81973,15,,,1,30,,81976,15,,,1
4501,'Semaine-12',601,,81978,15,,,1,30,,81977,15,,,1,71,,81981,15,,,2,30,,81980,15,,,1,72,,81979,15,,,1,30,,81982,15,,,1
5201,'Samedi-1',657,,82303,39,,,1,100,,82304,39,,,1,101,,82305,39,,,1,100,,82306,39,,,1,101,,82308,39,,,1,100,,82307,39,,,1,100,,82309,39,,,1,100,,82310,39,,,1,141,,82311,39,,,1,59,,82312,39,,,1,100,,82313,39,,,1,100,,82314,39,,,1,99,,82317,39,,,1,100,,82315,39,,,1,98,,82319,39,,,1,100,,82316,39,,,1,100,,82318,39,,,1,101,,82320,39,,,1
5201,'Samedi-10',657,,70449,39,,,1,100,,70450,39,,,1,101,,70451,39,,,1,100,,70452,39,,,1,101,,70454,39,,,1,100,,70453,39,,,1,100,,70455,39,,,1,100,,70456,39,,,1,141,,70457,39,,,1,59,,70458,39,,,1,100,,70459,39,,,1,100,,70460,39,,,1,99,,70463,39,,,1,100,,70461,39,,,1,98,,70465,39,,,1,100,,70462,39,,,1,100,,70464,39,,,1,101,,70466,39,,,1
5201,'Dimanche-1',657,,82321,39,,,1,100,,82322,39,,,1,101,,82323,39,,,1,100,,82326,39,,,1,101,,82324,39,,,1,100,,82328,39,,,1,100,,82325,39,,,1,100,,82330,39,,,1,141,,82327,39,,,1,59,,82329,39,,,1,100,,82332,39,,,1,100,,82334,39,,,1,99,,82331,39,,,1,100,,82333,39,,,1,98,,82335,39,,,1,100,,82336,39,,,1,100,,82337,39,,,1,101,,82338,39,,,1
5201,'Semaine-1',628,,82354,39,,,1,101,,82356,39,,,1,102,,82355,39,,,1,97,,82339,39,,,1,102,,82345,39,,,1,99,,82342,39,,,1,100,,82349,39,,,1,100,,82340,39,,,1,100,,82344,39,,,1,102,,82343,39,,,1,100,,82353,39,,,1,100,,82352,39,,,1,98,,82346,39,,,1,97,,82347,39,,,1,100,,82351,39,,,1,100,,82348,39,,,1,100,,82350,39,,,1,100,,82341,39,,,2
5201,'Semaine-12',628,,82372,39,,,1,101,,82374,39,,,1,102,,82373,39,,,1,97,,82357,39,,,1,102,,82363,39,,,1,99,,82360,39,,,1,100,,82367,39,,,1,100,,82358,39,,,1,100,,82362,39,,,1,102,,82361,39,,,1,100,,82371,39,,,1,100,,82370,39,,,1,98,,82364,39,,,1,97,,82365,39,,,1,100,,82369,39,,,1,100,,82366,39,,,1,100,,82368,39,,,1,100,,82359,39,,,2
5600,'Semaine-1',631,,82719,11,,,1,24,,82717,11,,,1,46,,82721,11,,,1,32,,82720,11,,,1,71,,82714,11,,,1,100,,82713,11,,,1,109,,82715,11,,,1,98,,82718,11,,,2,100,,82716,11,,,1
5600,'Semaine-12',631,,82728,11,,,1,24,,82726,11,,,1,46,,82730,11,,,1,32,,82729,11,,,1,71,,82723,11,,,1,100,,82722,11,,,1,109,,82724,11,,,1,98,,82727,11,,,2,100,,82725,11,,,1
64501,'Semaine-1',1519,,86853,24,0,9 10,1
64501,'Semaine-12',1519,,86854,24,0,9 10,1
