6401,'Samedi-1',735,,83372,33,,,1,100,,83369,33,,,1,100,,83371,33,,,1,100,,83374,33,,,1,100,,83370,33,,,1,100,,83375,33,,,1,100,,83373,33,,,1,100,,83376,33,,,1,100,,83377,33,,,1,100,,83378,33,,,1,100,,83379,33,,,1
6401,'Samedi-10',735,,72587,33,,,1,100,,72584,33,,,1,100,,72586,33,,,1,100,,72589,33,,,1,100,,72585,33,,,1,100,,72590,33,,,1,100,,72588,33,,,1,100,,72591,33,,,1,100,,72592,33,,,1,100,,72593,33,,,1,100,,72594,33,,,1
6401,'Dimanche-1',735,,83384,33,,,1,100,,83381,33,,,1,100,,83387,33,,,1,100,,83388,33,,,1,100,,83385,33,,,1,100,,83380,33,,,1,100,,83382,33,,,1,100,,83383,33,,,1,100,,83389,33,,,1,100,,83386,33,,,1,100,,83390,33,,,1
6401,'Semaine-1',535,,83391,33,,,2,108,,83401,33,,,2,100,,83403,33,,,1,100,,83400,33,,,1,96,,83408,33,,,1,100,,83395,33,,,1,100,,83394,33,,,1,100,,83406,33,,,1,100,,83402,33,,,2,100,,83404,33,,,1,100,,83405,33,,,1,102,,83396,33,,,1,98,,83392,33,,,1,100,,83393,33,,,1,97,,83399,33,,,1,100,,83397,33,,,1,100,,83398,33,,,1,100,,83407,33,,,1
6401,'Semaine-12',535,,83409,33,,,2,108,,83419,33,,,2,100,,83421,33,,,1,100,,83418,33,,,1,96,,83426,33,,,1,100,,83413,33,,,1,100,,83412,33,,,1,100,,83424,33,,,1,100,,83420,33,,,2,100,,83422,33,,,1,100,,83423,33,,,1,102,,83414,33,,,1,98,,83410,33,,,1,100,,83411,33,,,1,97,,83417,33,,,1,100,,83415,33,,,1,100,,83416,33,,,1,100,,83425,33,,,1
6601,'Samedi-1',702,,83727,36,,,1,100,,83729,36,,,1,100,,83733,36,,,1,100,,83730,36,,,1,100,,83734,36,,,1,100,,83728,36,,,1,100,,83731,36,,,1,100,,83732,36,,,1,100,,83735,36,,,1,100,,83736,36,,,1,100,,83737,36,,,1,100,,83738,36,,,1,100,,83739,36,,,1,100,,83741,36,,,1,100,,83740,36,,,1,100,,83742,36,,,1,100,,83743,36,,,1,100,,83744,36,,,1
6601,'Samedi-10',702,,73314,36,,,1,100,,73316,36,,,1,100,,73320,36,,,1,100,,73317,36,,,1,100,,73321,36,,,1,100,,73315,36,,,1,100,,73318,36,,,1,100,,73319,36,,,1,100,,73322,36,,,1,100,,73323,36,,,1,100,,73324,36,,,1,100,,73325,36,,,1,100,,73326,36,,,1,100,,73328,36,,,1,100,,73327,36,,,1,100,,73329,36,,,1,100,,73330,36,,,1,100,,73331,36,,,1
6601,'Dimanche-1',702,,83746,36,,,1,100,,83750,36,,,1,100,,83751,36,,,1,100,,83752,36,,,1,100,,83745,36,,,1,100,,83747,36,,,1,100,,83748,36,,,1,100,,83749,36,,,1,100,,83754,36,,,1,100,,83753,36,,,1,100,,83757,36,,,1,100,,83755,36,,,1,100,,83758,36,,,1,100,,83756,36,,,1,100,,83759,36,,,1,100,,83760,36,,,1,100,,83761,36,,,1,100,,83762,36,,,1
6601,'Semaine-1',553,,83772,36,,,2,60,,83765,36,,,1,18,,83774,36,,,1,21,,83780,36,,,2,60,,83775,36,,,2,21,,83766,36,,,1,23,,83778,36,,,2,59,,83771,36,,,1,18,,83787,36,,,1,21,,83764,36,,,1,59,,83777,36,,,1,18,,83788,36,,,1,20,,83796,36,,,1,102,,83776,36,,,1,100,,83768,36,,,1,100,,83792,36,,,1,100,,83793,36,,,1,100,,83779,36,,,2,62,,83767,36,,,1,19,,83784,36,,,2,19,,83781,36,,,1,64,,83794,36,,,1,22,,83763,36,,,1,19,,83789,36,,,1,60,,83782,36,,,1,20,,83795,36,,,1,18,,83785,36,,,2,64,,83790,36,,,2,20,,83783,36,,,1,18,,83791,36,,,1,60,,83797,36,,,2,94,,83770,36,,,2,100,,83769,36,,,1,95,,83773,36,,,1,100,,83786,36,,,1
6601,'Semaine-12',553,,83807,36,,,2,60,,83800,36,,,1,18,,83809,36,,,1,21,,83815,36,,,2,60,,83810,36,,,2,21,,83801,36,,,1,23,,83813,36,,,2,59,,83806,36,,,1,18,,83822,36,,,1,21,,83799,36,,,1,59,,83812,36,,,1,18,,83823,36,,,1,20,,83831,36,,,1,102,,83811,36,,,1,100,,83803,36,,,1,100,,83827,36,,,1,100,,83828,36,,,1,100,,83814,36,,,2,62,,83802,36,,,1,19,,83819,36,,,2,19,,83816,36,,,1,64,,83829,36,,,1,22,,83798,36,,,1,19,,83824,36,,,1,60,,83817,36,,,1,20,,83830,36,,,1,18,,83820,36,,,2,64,,83825,36,,,2,20,,83818,36,,,1,18,,83826,36,,,1,60,,83832,36,,,2,94,,83805,36,,,2,100,,83804,36,,,1,95,,83808,36,,,1,100,,83821,36,,,1
