6400,'Samedi-1',739,,83307,13,,,1,100,,83309,13,,,1,100,,83312,13,,,1,100,,83310,13,,,1,100,,83313,13,,,1,100,,83308,13,,,1,100,,83311,13,,,1,100,,83314,13,,,1,99,,83315,13,,,1,100,,83316,13,,,1,100,,83317,13,,,1,100,,83318,13,,,1
6400,'Samedi-10',739,,72456,13,,,1,100,,72458,13,,,1,100,,72461,13,,,1,100,,72459,13,,,1,100,,72462,13,,,1,100,,72457,13,,,1,100,,72460,13,,,1,100,,72463,13,,,1,99,,72464,13,,,1,100,,72465,13,,,1,100,,72466,13,,,1,100,,72467,13,,,1
6400,'Dimanche-1',739,,83320,13,,,1,100,,83321,13,,,1,100,,83326,13,,,1,100,,83324,13,,,1,100,,83319,13,,,1,100,,83322,13,,,1,100,,83323,13,,,1,100,,83327,13,,,1,99,,83325,13,,,1,100,,83329,13,,,1,100,,83330,13,,,1,100,,83328,13,,,1
6400,'Semaine-1',650,,83339,13,,,1,74,,83336,13,,,1,30,,83331,13,,,1,70,,83335,13,,,1,100,,83337,13,,,1,100,,83342,13,,,1,100,,83341,13,,,1,100,,83334,13,,,1,100,,83347,13,,,1,100,,83343,13,,,1,95,,83344,13,,,1,85,,83349,13,,,1,47,,83348,13,,,1,102,,83345,13,,,1,95,,83346,13,,,1,100,,83338,13,,,2,100,,83332,13,,,2,100,,83340,13,,,1,100,,83333,13,,,1
6400,'Semaine-12',650,,83358,13,,,1,74,,83355,13,,,1,30,,83350,13,,,1,70,,83354,13,,,1,100,,83356,13,,,1,100,,83361,13,,,1,100,,83360,13,,,1,100,,83353,13,,,1,100,,83366,13,,,1,100,,83362,13,,,1,95,,83363,13,,,1,85,,83368,13,,,1,47,,83367,13,,,1,102,,83364,13,,,1,95,,83365,13,,,1,100,,83357,13,,,2,100,,83351,13,,,2,100,,83359,13,,,1,100,,83352,13,,,1
6600,'Samedi-1',718,,83633,12,,,1,100,,83636,12,,,1,100,,83634,12,,,1,100,,83637,12,,,1,100,,83631,12,,,1,100,,83632,12,,,1,100,,83635,12,,,1,100,,83638,12,,,1,100,,83639,12,,,1,100,,83640,12,,,1,100,,83641,12,,,1,100,,83642,12,,,1,100,,83644,12,,,1,100,,83643,12,,,1,100,,83645,12,,,1,100,,83646,12,,,1,100,,83647,12,,,1
6600,'Samedi-10',718,,73120,12,,,1,100,,73123,12,,,1,100,,73121,12,,,1,100,,73124,12,,,1,100,,73118,12,,,1,100,,73119,12,,,1,100,,73122,12,,,1,100,,73125,12,,,1,100,,73126,12,,,1,100,,73127,12,,,1,100,,73128,12,,,1,100,,73129,12,,,1,100,,73131,12,,,1,100,,73130,12,,,1,100,,73132,12,,,1,100,,73133,12,,,1,100,,73134,12,,,1
6600,'Dimanche-1',718,,83652,12,,,1,100,,83653,12,,,1,100,,83654,12,,,1,100,,83648,12,,,1,100,,83649,12,,,1,100,,83650,12,,,1,100,,83651,12,,,1,100,,83656,12,,,1,100,,83655,12,,,1,100,,83659,12,,,1,100,,83657,12,,,1,100,,83661,12,,,1,100,,83658,12,,,1,100,,83660,12,,,1,100,,83662,12,,,1,100,,83663,12,,,1,100,,83664,12,,,1
6600,'Semaine-1',604,,83675,12,,,2,20,,83681,12,,,2,20,,83676,12,,,1,63,,83668,12,,,2,19,,83680,12,,,1,19,,83673,12,,,1,61,,83687,12,,,1,18,,83667,12,,,1,18,,83678,12,,,1,60,,83688,12,,,1,100,,83677,12,,,1,100,,83669,12,,,1,100,,83692,12,,,1,100,,83693,12,,,1,101,,83679,12,,,2,100,,83689,12,,,1,23,,83682,12,,,1,22,,83665,12,,,1,60,,83684,12,,,1,18,,83690,12,,,1,20,,83695,12,,,1,59,,83666,12,,,2,24,,83685,12,,,2,20,,83683,12,,,1,58,,83671,12,,,1,22,,83691,12,,,2,94,,83672,12,,,2,100,,83670,12,,,1,98,,83674,12,,,1,100,,83686,12,,,1,100,,83694,12,,,1
6600,'Semaine-12',604,,83706,12,,,2,20,,83712,12,,,2,20,,83707,12,,,1,63,,83699,12,,,2,19,,83711,12,,,1,19,,83704,12,,,1,61,,83718,12,,,1,18,,83698,12,,,1,18,,83709,12,,,1,60,,83719,12,,,1,100,,83708,12,,,1,100,,83700,12,,,1,100,,83723,12,,,1,100,,83724,12,,,1,101,,83710,12,,,2,100,,83720,12,,,1,23,,83713,12,,,1,22,,83696,12,,,1,60,,83715,12,,,1,18,,83721,12,,,1,20,,83726,12,,,1,59,,83697,12,,,2,24,,83716,12,,,2,20,,83714,12,,,1,58,,83702,12,,,1,22,,83722,12,,,2,94,,83703,12,,,2,100,,83701,12,,,1,98,,83705,12,,,1,100,,83717,12,,,1,100,,83725,12,,,1
