2301,'Semaine-1',624,,79986,19,,,1,30,,79983,19,,,2,70,,79987,19,,,1,35,,79985,19,,,2,67,,79984,19,,,1
2301,'Semaine-12',624,,79991,19,,,1,30,,79988,19,,,2,70,,79992,19,,,1,35,,79990,19,,,2,67,,79989,19,,,1
2501,'Semaine-1',609,,80009,26,,,2,29,,80008,26,,,1,72,,80006,26,,,1,30,,80007,26,,,2,71,,80010,26,,,1,29,,80005,26,,,2
2501,'Semaine-12',609,,80015,26,,,2,29,,80014,26,,,1,72,,80012,26,,,1,30,,80013,26,,,2,71,,80016,26,,,1,29,,80011,26,,,2
2601,'Semaine-1',601,,80028,20,,,1,31,,80030,20,,,2,70,,80031,20,,,2,30,,80029,20,,,1,69,,80027,20,,,2
2601,'Semaine-12',601,,80033,20,,,1,31,,80035,20,,,2,70,,80036,20,,,2,30,,80034,20,,,1,69,,80032,20,,,2
2801,'Semaine-1',650,,80062,22,,,1,74,,80063,22,,,2,99,,80061,22,,,2
2801,'Semaine-12',650,,80065,22,,,1,74,,80066,22,,,2,99,,80064,22,,,2
3201,'Semaine-1',518,,80478,18,,,1,21,,80477,18,,,1,20,,80469,18,,,1,61,,80479,18,,,2,10,,80459,18,,,1,8,,80480,18,,,1,11,,80460,18,,,1,10,,80461,18,,,1,48,,80453,18,,,1,10,,80456,18,,,1,8,,80482,18,,,1,8,,80462,18,,,1,8,,80457,18,,,1,9,,80470,18,,,1,8,,80452,18,,,1,48,,80463,18,,,1,8,,80481,18,,,2,8,,80451,18,,,1,10,,80450,18,,,1,10,,80455,18,,,1,8,,80458,18,,,1,50,,80464,18,,,1,22,,80438,18,,,2,30,,80448,18,,,1,71,,80441,18,,,1,29,,80444,18,,,1,70,,80437,18,,,1,31,,80447,18,,,1,70,,80442,18,,,1,30,,80449,18,,,1,69,,80431,18,,,1,30,,80436,18,,,1,70,,80443,18,,,1,30,,80454,18,,,1,71,,80471,18,,,1,31,,80472,18,,,2,69,,80473,18,,,1,30,,80474,18,,,1,69,,80475,18,,,2,30,,80476,18,,,1,70,,80434,18,,,1,30,,80432,18,,,2,70,,80445,18,,,2,30,,80440,18,,,1,69,,80435,18,,,1,31,,80433,18,,,2,70,,80446,18,,,1,29,,80439,18,,,1,68,,80466,18,,,1,32,,80465,18,,,1,69,,80467,18,,,1,30,,80468,18,,,1
3201,'Semaine-12',518,,80530,18,,,1,21,,80529,18,,,1,20,,80521,18,,,1,61,,80531,18,,,2,10,,80511,18,,,1,8,,80532,18,,,1,11,,80512,18,,,1,10,,80513,18,,,1,48,,80505,18,,,1,10,,80508,18,,,1,8,,80534,18,,,1,8,,80514,18,,,1,8,,80509,18,,,1,9,,80522,18,,,1,8,,80504,18,,,1,48,,80515,18,,,1,8,,80533,18,,,2,8,,80503,18,,,1,10,,80502,18,,,1,10,,80507,18,,,1,8,,80510,18,,,1,50,,80516,18,,,1,22,,80490,18,,,2,30,,80500,18,,,1,71,,80493,18,,,1,29,,80496,18,,,1,70,,80489,18,,,1,31,,80499,18,,,1,70,,80494,18,,,1,30,,80501,18,,,1,69,,80483,18,,,1,30,,80488,18,,,1,70,,80495,18,,,1,30,,80506,18,,,1,71,,80523,18,,,1,31,,80524,18,,,2,69,,80525,18,,,1,30,,80526,18,,,1,69,,80527,18,,,2,30,,80528,18,,,1,70,,80486,18,,,1,30,,80484,18,,,2,70,,80497,18,,,2,30,,80492,18,,,1,69,,80487,18,,,1,31,,80485,18,,,2,70,,80498,18,,,1,29,,80491,18,,,1,68,,80518,18,,,1,32,,80517,18,,,1,69,,80519,18,,,1,30,,80520,18,,,1
3401,'Samedi-1',704,,80905,31,,,1,100,,80908,31,,,1,30,,80917,31,,,1,70,,80906,31,,,1,31,,80911,31,,,1,70,,80913,31,,,1,29,,80907,31,,,1,70,,80916,31,,,1,32,,80909,31,,,1,69,,80918,31,,,1,31,,80910,31,,,1,70,,80912,31,,,1,30,,80914,31,,,1,70,,80915,31,,,1,30,,80919,31,,,1,72,,80920,31,,,1,30,,80921,31,,,1,70,,80922,31,,,1,30,,80923,31,,,1,67,,80924,31,,,1,30,,80925,31,,,1,70,,80926,31,,,1,30,,80927,31,,,1,70,,80929,31,,,1,29,,80928,31,,,1,70,,80930,31,,,1,30,,80931,31,,,1,70,,80932,31,,,1,30,,80934,31,,,1,70,,80933,31,,,1,30,,80935,31,,,1,96,,80936,31,,,1
3401,'Samedi-10',704,,67667,31,,,1,100,,67670,31,,,1,30,,67679,31,,,1,70,,67668,31,,,1,31,,67673,31,,,1,70,,67675,31,,,1,29,,67669,31,,,1,70,,67678,31,,,1,32,,67671,31,,,1,69,,67680,31,,,1,31,,67672,31,,,1,70,,67674,31,,,1,30,,67676,31,,,1,70,,67677,31,,,1,30,,67681,31,,,1,72,,67682,31,,,1,30,,67683,31,,,1,70,,67684,31,,,1,30,,67685,31,,,1,67,,67686,31,,,1,30,,67687,31,,,1,70,,67688,31,,,1,30,,67689,31,,,1,70,,67691,31,,,1,29,,67690,31,,,1,70,,67692,31,,,1,30,,67693,31,,,1,70,,67694,31,,,1,30,,67696,31,,,1,70,,67695,31,,,1,30,,67697,31,,,1,96,,67698,31,,,1
3401,'Dimanche-1',704,,80937,31,,,1,100,,80945,31,,,1,30,,80950,31,,,1,70,,80942,31,,,1,31,,80940,31,,,1,70,,80963,31,,,1,29,,80944,31,,,1,70,,80949,31,,,1,32,,80939,31,,,1,69,,80938,31,,,1,31,,80941,31,,,1,70,,80948,31,,,1,30,,80951,31,,,1,70,,80943,31,,,1,30,,80947,31,,,1,72,,80946,31,,,1,30,,80952,31,,,1,70,,80956,31,,,1,30,,80953,31,,,1,67,,80954,31,,,1,30,,80955,31,,,1,70,,80962,31,,,1,30,,80957,31,,,1,70,,80960,31,,,1,29,,80958,31,,,1,70,,80959,31,,,1,30,,80961,31,,,1,70,,80964,31,,,1,30,,80966,31,,,1,70,,80965,31,,,1,30,,80967,31,,,1,96,,80968,31,,,1
3401,'Semaine-1',910,,80994,31,,,1,30,,80974,31,,,2,70,,80978,31,,,1,30,,80998,31,,,1,70,,80971,31,,,1,30,,80975,31,,,1,70,,80979,31,,,1,30,,80969,31,,,1,70,,80972,31,,,1,30,,80976,31,,,1,69,,80980,31,,,2,31,,80973,31,,,1,70,,80995,31,,,1,30,,80970,31,,,1,75,,80996,31,,,1,27,,80997,31,,,1,70,,80991,31,,,1,28,,80987,31,,,1,70,,80977,31,,,1,29,,80984,31,,,1,70,,80993,31,,,1,30,,80981,31,,,1,70,,80983,31,,,1,30,,80985,31,,,1,70,,80989,31,,,2,30,,80982,31,,,1,70,,80988,31,,,1,30,,80986,31,,,1,70,,80990,31,,,1,30,,80992,31,,,1
3401,'Semaine-12',910,,81024,31,,,1,30,,81004,31,,,2,70,,81008,31,,,1,30,,81028,31,,,1,70,,81001,31,,,1,30,,81005,31,,,1,70,,81009,31,,,1,30,,80999,31,,,1,70,,81002,31,,,1,30,,81006,31,,,1,69,,81010,31,,,2,31,,81003,31,,,1,70,,81025,31,,,1,30,,81000,31,,,1,75,,81026,31,,,1,27,,81027,31,,,1,70,,81021,31,,,1,28,,81017,31,,,1,70,,81007,31,,,1,29,,81014,31,,,1,70,,81023,31,,,1,30,,81011,31,,,1,70,,81013,31,,,1,30,,81015,31,,,1,70,,81019,31,,,2,30,,81012,31,,,1,70,,81018,31,,,1,30,,81016,31,,,1,70,,81020,31,,,1,30,,81022,31,,,1
3900,'Samedi-1',656,,81669,29,,,1,101,,81670,29,,,1,100,,81674,29,,,1,102,,81673,29,,,1,100,,81676,29,,,1,100,,81675,29,,,1,142,,81671,29,,,1,30,,81672,29,,,1,70,,81677,29,,,1,31,,81678,29,,,1,70,,81679,29,,,1,30,,81680,29,,,1,71,,81681,29,,,1,30,,81682,29,,,1,70,,81683,29,,,1,30,,81684,29,,,1,69,,81685,29,,,1,29,,81686,29,,,1,69,,81687,29,,,1,28,,81688,29,,,1,100,,81689,29,,,1,100,,81690,29,,,1,100,,81691,29,,,1,100,,81692,29,,,1
3900,'Samedi-10',656,,69204,29,,,1,101,,69205,29,,,1,100,,69209,29,,,1,102,,69208,29,,,1,100,,69211,29,,,1,100,,69210,29,,,1,142,,69206,29,,,1,30,,69207,29,,,1,70,,69212,29,,,1,31,,69213,29,,,1,70,,69214,29,,,1,30,,69215,29,,,1,71,,69216,29,,,1,30,,69217,29,,,1,70,,69218,29,,,1,30,,69219,29,,,1,69,,69220,29,,,1,29,,69221,29,,,1,69,,69222,29,,,1,28,,69223,29,,,1,100,,69224,29,,,1,100,,69225,29,,,1,100,,69226,29,,,1,100,,69227,29,,,1
3900,'Dimanche-1',656,,81693,29,,,1,101,,81700,29,,,1,100,,81703,29,,,1,102,,81696,29,,,1,100,,81698,29,,,1,100,,81699,29,,,1,142,,81702,29,,,1,30,,81695,29,,,1,70,,81697,29,,,1,31,,81704,29,,,1,70,,81694,29,,,1,30,,81705,29,,,1,71,,81701,29,,,1,30,,81708,29,,,1,70,,81711,29,,,1,30,,81713,29,,,1,69,,81707,29,,,1,29,,81710,29,,,1,69,,81712,29,,,1,28,,81706,29,,,1,100,,81709,29,,,1,100,,81714,29,,,1,100,,81715,29,,,1,100,,81716,29,,,1
3900,'Semaine-1',633,,81734,29,,,1,23,,81720,29,,,1,72,,81739,29,,,1,29,,81732,29,,,1,73,,81733,29,,,1,72,,81731,29,,,1,32,,81728,29,,,1,70,,81745,29,,,2,30,,81740,29,,,1,71,,81752,29,,,1,30,,81737,29,,,2,70,,81741,29,,,1,30,,81729,29,,,1,71,,81727,29,,,1,30,,81742,29,,,1,69,,81730,29,,,2,30,,81717,29,,,1,73,,81743,29,,,1,34,,81724,29,,,1,70,,81726,29,,,1,31,,81744,29,,,2,72,,81723,29,,,1,28,,81718,29,,,1,69,,81746,29,,,1,27,,81725,29,,,1,71,,81719,29,,,2,29,,81747,29,,,2,72,,81722,29,,,1,25,,81738,29,,,2,65,,81748,29,,,1,30,,81721,29,,,1,70,,81736,29,,,1,29,,81749,29,,,1,70,,81735,29,,,1,32,,81751,29,,,1,68,,81750,29,,,1
3900,'Semaine-12',633,,81770,29,,,1,23,,81756,29,,,1,72,,81775,29,,,1,29,,81768,29,,,1,73,,81769,29,,,1,72,,81767,29,,,1,32,,81764,29,,,1,70,,81781,29,,,2,30,,81776,29,,,1,71,,81788,29,,,1,30,,81773,29,,,2,70,,81777,29,,,1,30,,81765,29,,,1,71,,81763,29,,,1,30,,81778,29,,,1,69,,81766,29,,,2,30,,81753,29,,,1,73,,81779,29,,,1,34,,81760,29,,,1,70,,81762,29,,,1,31,,81780,29,,,2,72,,81759,29,,,1,28,,81754,29,,,1,69,,81782,29,,,1,27,,81761,29,,,1,71,,81755,29,,,2,29,,81783,29,,,2,72,,81758,29,,,1,25,,81774,29,,,2,65,,81784,29,,,1,30,,81757,29,,,1,70,,81772,29,,,1,29,,81785,29,,,1,70,,81771,29,,,1,32,,81787,29,,,1,68,,81786,29,,,1
4900,'Samedi-1',742,,82003,45,,,1,100,,82004,45,,,1,102,,82001,45,,,1,100,,82005,45,,,1,100,,82002,45,,,1,101,,82006,45,,,1,98,,82007,45,,,1,102,,82008,45,,,1,100,,82009,45,,,1,100,,82010,45,,,1,100,,82011,45,,,1,97,,82012,45,,,1,100,,82013,45,,,1,100,,82014,45,,,1,100,,82015,45,,,1,100,,82016,45,,,1,98,,82017,45,,,1
4900,'Samedi-10',742,,69841,45,,,1,100,,69842,45,,,1,102,,69839,45,,,1,100,,69843,45,,,1,100,,69840,45,,,1,101,,69844,45,,,1,98,,69845,45,,,1,102,,69846,45,,,1,100,,69847,45,,,1,100,,69848,45,,,1,100,,69849,45,,,1,97,,69850,45,,,1,100,,69851,45,,,1,100,,69852,45,,,1,100,,69853,45,,,1,100,,69854,45,,,1,98,,69855,45,,,1
4900,'Dimanche-1',742,,82018,45,,,1,100,,82031,45,,,1,102,,82019,45,,,1,100,,82030,45,,,1,100,,82022,45,,,1,101,,82021,45,,,1,98,,82025,45,,,1,102,,82020,45,,,1,100,,82024,45,,,1,100,,82023,45,,,1,100,,82027,45,,,1,97,,82029,45,,,1,100,,82026,45,,,1,100,,82028,45,,,1,100,,82032,45,,,1,100,,82033,45,,,1,98,,82034,45,,,1
4900,'Semaine-1',657,,82062,45,,,1,55,,82057,32,,,1,3,,82069,32,,,1,4,,82045,32,,,1,6,,82068,32,,,1,4,,82073,45,,,1,3,,82072,32,,,1,4,,82071,32,,,1,5,,82070,32,,,1,61,,82065,45,,,1,27,,82061,32,,,1,73,,82060,45,,,1,31,,82055,45,,,1,68,,82047,45,,,1,31,,82067,45,,,1,73,,82063,45,,,1,30,,82058,45,,,1,70,,82035,45,,,1,30,,82056,45,,,1,70,,82037,45,,,1,30,,82042,45,,,1,70,,82044,45,,,1,30,,82048,45,,,1,70,,82064,45,,,1,37,,82046,45,,,1,70,,82049,45,,,1,30,,82040,45,,,1,70,,82052,45,,,1,30,,82043,45,,,1,67,,82041,45,,,1,30,,82059,45,,,1,67,,82053,45,,,1,96,,82036,45,,,1,99,,82054,45,,,1,101,,82051,45,,,1,57,,82038,45,,,1,98,,82050,45,,,1,100,,82039,45,,,1
4900,'Semaine-12',657,,82101,45,,,1,55,,82096,32,,,1,3,,82108,32,,,1,4,,82084,32,,,1,6,,82107,32,,,1,4,,82112,45,,,1,3,,82111,32,,,1,4,,82110,32,,,1,5,,82109,32,,,1,61,,82104,45,,,1,27,,82100,32,,,1,73,,82099,45,,,1,31,,82094,45,,,1,68,,82086,45,,,1,31,,82106,45,,,1,73,,82102,45,,,1,30,,82097,45,,,1,70,,82074,45,,,1,30,,82095,45,,,1,70,,82076,45,,,1,30,,82081,45,,,1,70,,82083,45,,,1,30,,82087,45,,,1,70,,82103,45,,,1,37,,82085,45,,,1,70,,82088,45,,,1,30,,82079,45,,,1,70,,82091,45,,,1,30,,82082,45,,,1,67,,82080,45,,,1,30,,82098,45,,,1,67,,82092,45,,,1,96,,82075,45,,,1,99,,82093,45,,,1,101,,82090,45,,,1,57,,82077,45,,,1,98,,82089,45,,,1,100,,82078,45,,,1
32501,'Semaine-1',826,,85899,26,0,7 8,1,3,,85900,26,0,7 8,1
32501,'Semaine-12',826,,85901,26,0,7 8,1,3,,85902,26,0,7 8,1
42500,'Semaine-1',711,,86753,26,0,9 14,1,2,,86754,26,0,9 14,2
42500,'Semaine-12',711,,86755,26,0,9 14,1,2,,86756,26,0,9 14,2
44900,'Semaine-1',725,,86791,27,0,9 14,1
44900,'Semaine-12',725,,86792,27,0,9 14,1
63900,'Semaine-1',1532,,86833,42,0,9 10,1
63900,'Semaine-12',1532,,86834,42,0,9 10,1
72501,'Semaine-1',822,,86869,26,0,5 11,2
72501,'Semaine-12',822,,86870,26,0,5 11,2
82501,'Semaine-1',754,,87116,26,0,9 12 13,1,1,,87117,26,0,9 12 13,1
82501,'Semaine-12',754,,87118,26,0,9 12 13,1,1,,87119,26,0,9 12 13,1
