4901,'Samedi-1',718,,82116,11,,,1,100,,82115,11,,,1,100,,82117,11,,,1,100,,82113,11,,,1,100,,82118,11,,,1,100,,82114,11,,,1,100,,82119,11,,,1,100,,82120,11,,,1,100,,82121,11,,,1,100,,82122,11,,,1,100,,82123,11,,,1,100,,82124,11,,,1,100,,82125,11,,,1,100,,82126,11,,,1,100,,82127,11,,,1,100,,82128,11,,,1,100,,82129,11,,,1
4901,'Samedi-10',718,,70061,11,,,1,100,,70060,11,,,1,100,,70062,11,,,1,100,,70058,11,,,1,100,,70063,11,,,1,100,,70059,11,,,1,100,,70064,11,,,1,100,,70065,11,,,1,100,,70066,11,,,1,100,,70067,11,,,1,100,,70068,11,,,1,100,,70069,11,,,1,100,,70070,11,,,1,100,,70071,11,,,1,100,,70072,11,,,1,100,,70073,11,,,1,100,,70074,11,,,1
4901,'Dimanche-1',718,,82143,11,,,1,100,,82132,11,,,1,100,,82142,11,,,1,100,,82135,11,,,1,100,,82131,11,,,1,100,,82130,11,,,1,100,,82133,11,,,1,100,,82134,11,,,1,100,,82137,11,,,1,100,,82136,11,,,1,100,,82140,11,,,1,100,,82139,11,,,1,100,,82141,11,,,1,100,,82138,11,,,1,100,,82144,11,,,1,100,,82145,11,,,1,100,,82146,11,,,1
4901,'Semaine-1',559,,82153,11,,,1,87,,82158,11,,,1,70,,82174,11,,,1,31,,82170,11,,,1,69,,82168,11,,,1,29,,82178,11,,,1,70,,82160,11,,,1,30,,82176,11,,,1,70,,82172,11,,,1,30,,82147,11,,,1,70,,82169,11,,,1,30,,82148,11,,,1,70,,82154,11,,,1,30,,82156,11,,,1,70,,82161,11,,,1,29,,82177,11,,,1,71,,82159,11,,,1,30,,82179,11,,,1,62,,82175,11,,,1,10,,82162,11,,,1,15,,82149,11,,,1,15,,82165,11,,,1,70,,82155,11,,,1,30,,82157,11,,,1,68,,82173,11,,,1,30,,82167,11,,,1,70,,82171,11,,,1,95,,82150,11,,,1,40,,82166,11,,,1,101,,82164,11,,,1,99,,82151,11,,,1,100,,82163,11,,,1,98,,82152,11,,,1
4901,'Semaine-12',559,,82186,11,,,1,87,,82191,11,,,1,70,,82207,11,,,1,31,,82203,11,,,1,69,,82201,11,,,1,29,,82211,11,,,1,70,,82193,11,,,1,30,,82209,11,,,1,70,,82205,11,,,1,30,,82180,11,,,1,70,,82202,11,,,1,30,,82181,11,,,1,70,,82187,11,,,1,30,,82189,11,,,1,70,,82194,11,,,1,29,,82210,11,,,1,71,,82192,11,,,1,30,,82212,11,,,1,62,,82208,11,,,1,10,,82195,11,,,1,15,,82182,11,,,1,15,,82198,11,,,1,70,,82188,11,,,1,30,,82190,11,,,1,68,,82206,11,,,1,30,,82200,11,,,1,70,,82204,11,,,1,95,,82183,11,,,1,40,,82199,11,,,1,101,,82197,11,,,1,99,,82184,11,,,1,100,,82196,11,,,1,98,,82185,11,,,1
54901,'Semaine-1',1520,,86796,4,,,1
54901,'Semaine-12',1520,,86798,4,,,1
55001,'Semaine-1',1520,,86805,4,0,5 6,1
55001,'Semaine-12',1520,,86808,4,0,5 6,1
55401,'Semaine-1',1519,,86814,4,0,5 6,1
55401,'Semaine-12',1519,,86816,4,0,5 6,1
