7501,'Samedi-1',625,,84874,1,,,1,100,,84873,1,,,1,100,,84879,1,,,1,100,,84877,1,,,1,100,,84878,1,,,1,100,,84875,1,,,1,100,,84876,1,,,1,100,,84880,1,,,1,100,,84881,1,,,1,100,,84882,1,,,1,100,,84883,1,,,1,100,,84884,1,,,1,100,,84885,1,,,1,100,,84886,1,,,1,100,,84887,1,,,1,100,,84888,1,,,1,100,,84889,1,,,1,103,,84890,1,,,1
7501,'Samedi-10',625,,75535,1,,,1,100,,75534,1,,,1,100,,75540,1,,,1,100,,75538,1,,,1,100,,75539,1,,,1,100,,75536,1,,,1,100,,75537,1,,,1,100,,75541,1,,,1,100,,75542,1,,,1,100,,75543,1,,,1,100,,75544,1,,,1,100,,75545,1,,,1,100,,75546,1,,,1,100,,75547,1,,,1,100,,75548,1,,,1,100,,75549,1,,,1,100,,75550,1,,,1,103,,75551,1,,,1
7501,'Dimanche-1',625,,84892,1,,,1,100,,84894,1,,,1,100,,84895,1,,,1,100,,84904,1,,,1,100,,84893,1,,,1,100,,84900,1,,,1,100,,84891,1,,,1,100,,84897,1,,,1,100,,84899,1,,,1,100,,84898,1,,,1,100,,84901,1,,,1,100,,84896,1,,,1,100,,84903,1,,,1,100,,84902,1,,,1,100,,84905,1,,,1,100,,84906,1,,,1,100,,84907,1,,,1,103,,84908,1,,,1
7501,'Semaine-1',536,,84934,1,,,1,70,,84917,1,,,1,20,,84914,1,,,1,13,,84915,1,,,1,16,,84932,1,,,2,55,,84916,1,,,1,16,,84911,1,,,2,17,,84927,1,,,1,62,,84939,1,,,1,18,,84913,1,,,1,18,,84912,1,,,1,72,,84941,1,,,1,26,,84910,1,,,1,75,,84931,1,,,1,30,,84909,1,,,1,70,,84929,1,,,1,30,,84922,1,,,1,70,,84935,1,,,1,30,,84921,1,,,1,70,,84938,1,,,1,30,,84936,1,,,1,70,,84920,1,,,1,30,,84923,1,,,1,71,,84924,1,,,1,36,,84918,1,,,1,99,,84940,1,,,1,100,,84925,1,,,1,100,,84928,1,,,1,80,,84933,1,,,2,100,,84930,1,,,2,100,,84926,1,,,2,100,,84919,1,,,2,100,,84937,1,,,2
7501,'Semaine-12',536,,84967,1,,,1,70,,84950,1,,,1,20,,84947,1,,,1,13,,84948,1,,,1,16,,84965,1,,,2,55,,84949,1,,,1,16,,84944,1,,,2,17,,84960,1,,,1,62,,84972,1,,,1,18,,84946,1,,,1,18,,84945,1,,,1,72,,84974,1,,,1,26,,84943,1,,,1,75,,84964,1,,,1,30,,84942,1,,,1,70,,84962,1,,,1,30,,84955,1,,,1,70,,84968,1,,,1,30,,84954,1,,,1,70,,84971,1,,,1,30,,84969,1,,,1,70,,84953,1,,,1,30,,84956,1,,,1,71,,84957,1,,,1,36,,84951,1,,,1,99,,84973,1,,,1,100,,84958,1,,,1,100,,84961,1,,,1,80,,84966,1,,,2,100,,84963,1,,,2,100,,84959,1,,,2,100,,84952,1,,,2,100,,84970,1,,,2
7900,'Semaine-1',1224,,85380,1,,,1,100,,85381,1,,,1,130,,85378,1,,,1,70,,85379,1,,,1,32,,85382,1,,,1,68,,85375,1,,,1,31,,85383,1,,,1,69,,85376,1,,,2,86,,85384,1,,,1,45,,85385,1,,,1
7900,'Semaine-12',1224,,85391,1,,,1,100,,85392,1,,,1,130,,85389,1,,,1,70,,85390,1,,,1,32,,85393,1,,,1,68,,85386,1,,,1,31,,85394,1,,,1,69,,85387,1,,,2,86,,85395,1,,,1,45,,85396,1,,,1
9700,'Samedi-1',813,,85561,1,,,1,100,,85564,1,,,1,100,,85559,1,,,1,100,,85560,1,,,1,101,,85563,1,,,1,99,,85562,1,,,1,100,,85565,1,,,1,100,,85566,1,,,1,100,,85567,1,,,1,100,,85568,1,,,1,100,,85573,1,,,1,100,,85569,1,,,1,100,,85570,1,,,1,100,,85571,1,,,1,100,,85572,1,,,1,100,,85574,1,,,1,100,,85575,1,,,1
9700,'Samedi-10',813,,76810,1,,,1,100,,76813,1,,,1,100,,76808,1,,,1,100,,76809,1,,,1,101,,76812,1,,,1,99,,76811,1,,,1,100,,76814,1,,,1,100,,76815,1,,,1,100,,76816,1,,,1,100,,76817,1,,,1,100,,76822,1,,,1,100,,76818,1,,,1,100,,76819,1,,,1,100,,76820,1,,,1,100,,76821,1,,,1,100,,76823,1,,,1,100,,76824,1,,,1
9700,'Dimanche-1',813,,85577,1,,,1,100,,85583,1,,,1,100,,85582,1,,,1,100,,85576,1,,,1,101,,85580,1,,,1,99,,85578,1,,,1,100,,85579,1,,,1,100,,85581,1,,,1,100,,85584,1,,,1,100,,85585,1,,,1,100,,85587,1,,,1,100,,85586,1,,,1,100,,85588,1,,,1,100,,85589,1,,,1,100,,85590,1,,,1,100,,85591,1,,,1,100,,85592,1,,,1
9700,'Semaine-1',640,,85593,1,,,1,70,,85594,1,,,2,100,,85595,1,,,1,100,,85596,1,,,1,100,,85597,1,,,1,100,,85598,1,,,1,100,,85599,1,,,1,100,,85600,1,,,1,100,,85601,1,,,1,100,,85602,1,,,1,100,,85603,1,,,1,101,,85610,5,,,1,99,,85611,5,,,1,30,,85612,5,,,1,70,,85604,1,,,1,100,,85605,1,,,1,100,,85606,1,,,1,102,,85607,1,,,1,98,,85608,1,,,2,100,,85609,1,,,1
9700,'Semaine-12',640,,85613,1,,,1,70,,85614,1,,,2,100,,85615,1,,,1,100,,85616,1,,,1,100,,85617,1,,,1,100,,85618,1,,,1,100,,85619,1,,,1,100,,85620,1,,,1,100,,85621,1,,,1,100,,85622,1,,,1,100,,85623,1,,,1,101,,85630,5,,,1,99,,85631,5,,,1,30,,85632,5,,,1,70,,85624,1,,,1,100,,85625,1,,,1,100,,85626,1,,,1,102,,85627,1,,,1,98,,85628,1,,,2,100,,85629,1,,,1
