2000,'Semaine-1',640,,79961,8,,,1,110,,79960,8,,,1,97,,79959,8,,,1
2000,'Semaine-12',640,,79964,8,,,1,110,,79963,8,,,1,97,,79962,8,,,1
2300,'Semaine-1',1543,,79976,11,,,1,68,,79974,11,,,1,34,,79972,11,,,1,65,,79973,11,,,2,27,,79975,11,,,2,69,,79971,11,,,1
2300,'Semaine-12',1543,,79982,11,,,1,68,,79980,11,,,1,34,,79978,11,,,1,65,,79979,11,,,2,27,,79981,11,,,2,69,,79977,11,,,1
2500,'Semaine-1',1526,,79993,10,,,1,30,,79996,10,,,1,70,,79994,10,,,1,33,,79998,10,,,1,65,,79995,10,,,2,28,,79997,10,,,2
2500,'Semaine-12',1526,,79999,10,,,1,30,,80002,10,,,1,70,,80000,10,,,1,33,,80004,10,,,1,65,,80001,10,,,2,28,,80003,10,,,2
3500,'Semaine-1',638,,81054,18,0,15 16,1,78,,81029,18,0,15 16,2,23,,81039,18,0,15 16,1,63,,81057,18,0,15 16,1,15,,81047,18,0,15 16,1,20,,81062,18,0,15 16,1,20,,81059,18,0,15 16,1,63,,81052,18,0,15 16,1,21,,81058,18,0,15 16,1,70,,81037,18,0,15 16,1,26,,81050,18,0,15 16,1,74,,81031,18,0,15 16,1,28,,81035,18,0,15 16,1,70,,81045,18,0,15 16,2,32,,81030,18,0,15 16,1,70,,81040,18,0,15 16,1,30,,81061,18,0,15 16,2,70,,81048,18,0,15 16,1,30,,81032,18,0,15 16,2,72,,81044,18,,,2,32,,81046,18,0,15 16,1,58,,81038,11,0,15 16,1,19,,81049,18,,,1,13,,81043,11,0,15 16,1,18,,81053,18,,,1,66,,81055,18,0,15 16,1,31,,81036,18,,,1,64,,81034,18,0,15 16,1,28,,81063,18,,,1,66,,81051,18,0,15 16,1,30,,81041,11,0,15 16,1,70,,81042,18,,,1,100,,81056,18,,,1,100,,81060,18,,,1,100,,81033,18,0,15 16,1
3500,'Semaine-12',638,,81089,18,0,15 16,1,78,,81064,18,0,15 16,2,23,,81074,18,0,15 16,1,63,,81092,18,0,15 16,1,15,,81082,18,0,15 16,1,20,,81097,18,0,15 16,1,20,,81094,18,0,15 16,1,63,,81087,18,0,15 16,1,21,,81093,18,0,15 16,1,70,,81072,18,0,15 16,1,26,,81085,18,0,15 16,1,74,,81066,18,0,15 16,1,28,,81070,18,0,15 16,1,70,,81080,18,0,15 16,2,32,,81065,18,0,15 16,1,70,,81075,18,0,15 16,1,30,,81096,18,0,15 16,2,70,,81083,18,0,15 16,1,30,,81067,18,0,15 16,2,72,,81079,18,,,2,32,,81081,18,0,15 16,1,58,,81073,11,0,15 16,1,19,,81084,18,,,1,13,,81078,11,0,15 16,1,18,,81088,18,,,1,66,,81090,18,0,15 16,1,31,,81071,18,,,1,64,,81069,18,0,15 16,1,28,,81098,18,,,1,66,,81086,18,0,15 16,1,30,,81076,11,0,15 16,1,70,,81077,18,,,1,100,,81091,18,,,1,100,,81095,18,,,1,100,,81068,18,0,15 16,1
3800,'Samedi-1',740,,81376,11,,,1,72,,81369,11,,,1,20,,81370,11,,,1,80,,81381,11,,,1,29,,81373,11,,,1,71,,81371,11,,,1,28,,81382,11,,,1,72,,81374,11,,,1,28,,81380,11,,,1,71,,81372,11,,,1,27,,81375,11,,,1,74,,81379,11,,,1,26,,81377,11,,,1,74,,81378,11,,,1,30,,81383,11,,,1,71,,81384,11,,,1,30,,81385,11,,,1,69,,81386,11,,,1,21,,81387,11,,,1,79,,81388,11,,,1,30,,81389,11,,,1,70,,81390,11,,,1,30,,81391,11,,,1,70,,81392,11,,,1,31,,81393,11,,,1,69,,81394,11,,,1,30,,81396,11,,,1,70,,81395,11,,,1,29,,81398,11,,,1,70,,81397,11,,,1,30,,81399,11,,,1,70,,81400,11,,,1,30,,81401,11,,,1
3800,'Samedi-10',740,,68572,11,,,1,72,,68565,11,,,1,20,,68566,11,,,1,80,,68577,11,,,1,29,,68569,11,,,1,71,,68567,11,,,1,28,,68578,11,,,1,72,,68570,11,,,1,28,,68576,11,,,1,71,,68568,11,,,1,27,,68571,11,,,1,74,,68575,11,,,1,26,,68573,11,,,1,74,,68574,11,,,1,30,,68579,11,,,1,71,,68580,11,,,1,30,,68581,11,,,1,69,,68582,11,,,1,21,,68583,11,,,1,79,,68584,11,,,1,30,,68585,11,,,1,70,,68586,11,,,1,30,,68587,11,,,1,70,,68588,11,,,1,31,,68589,11,,,1,69,,68590,11,,,1,30,,68592,11,,,1,70,,68591,11,,,1,29,,68594,11,,,1,70,,68593,11,,,1,30,,68595,11,,,1,70,,68596,11,,,1,30,,68597,11,,,1
3800,'Dimanche-1',740,,81405,11,,,1,72,,81410,11,,,1,20,,81413,11,,,1,80,,81411,11,,,1,29,,81404,11,,,1,71,,81426,11,,,1,28,,81403,11,,,1,72,,81406,11,,,1,28,,81427,11,,,1,71,,81425,11,,,1,27,,81407,11,,,1,74,,81417,11,,,1,26,,81414,11,,,1,74,,81408,11,,,1,30,,81412,11,,,1,71,,81419,11,,,1,30,,81402,11,,,1,69,,81409,11,,,1,21,,81416,11,,,1,79,,81421,11,,,1,30,,81415,11,,,1,70,,81423,11,,,1,30,,81420,11,,,1,70,,81424,11,,,1,31,,81422,11,,,1,69,,81418,11,,,1,30,,81428,11,,,1,70,,81429,11,,,1,29,,81430,11,,,1,70,,81431,11,,,1,30,,81432,11,,,1,70,,81433,11,,,1,30,,81434,11,,,1
3800,'Semaine-1',652,,81451,11,,,1,59,,81467,11,,,1,32,,81462,11,,,1,70,,81475,11,,,1,30,,81472,11,,,1,70,,81448,11,,,1,20,,81444,11,,,1,20,,81455,11,,,1,60,,81440,11,,,1,20,,81464,11,,,1,20,,81449,11,,,1,60,,81445,11,,,1,20,,81456,11,,,1,20,,81441,11,,,1,60,,81463,11,,,1,20,,81474,11,,,1,20,,81446,11,,,1,60,,81457,11,,,1,20,,81465,11,,,1,20,,81476,11,,,1,60,,81450,11,,,1,21,,81447,11,,,1,21,,81458,11,,,1,70,,81471,11,,,1,31,,81436,11,,,1,71,,81460,11,,,1,74,,81469,11,,,1,24,,81459,11,,,1,28,,81473,11,,,1,69,,81439,11,,,1,30,,81470,11,,,1,69,,81453,11,,,1,31,,81461,11,,,1,71,,81466,11,,,1,28,,81468,11,,,1,70,,81452,11,,,1,30,,81438,11,,,1,70,,81454,11,,,1,30,,81442,11,,,1,70,,81437,11,,,1,30,,81435,11,,,1,68,,81443,11,,,1
3800,'Semaine-12',652,,81493,11,,,1,59,,81509,11,,,1,32,,81504,11,,,1,70,,81517,11,,,1,30,,81514,11,,,1,70,,81490,11,,,1,20,,81486,11,,,1,20,,81497,11,,,1,60,,81482,11,,,1,20,,81506,11,,,1,20,,81491,11,,,1,60,,81487,11,,,1,20,,81498,11,,,1,20,,81483,11,,,1,60,,81505,11,,,1,20,,81516,11,,,1,20,,81488,11,,,1,60,,81499,11,,,1,20,,81507,11,,,1,20,,81518,11,,,1,60,,81492,11,,,1,21,,81489,11,,,1,21,,81500,11,,,1,70,,81513,11,,,1,31,,81478,11,,,1,71,,81502,11,,,1,74,,81511,11,,,1,24,,81501,11,,,1,28,,81515,11,,,1,69,,81481,11,,,1,30,,81512,11,,,1,69,,81495,11,,,1,31,,81503,11,,,1,71,,81508,11,,,1,28,,81510,11,,,1,70,,81494,11,,,1,30,,81480,11,,,1,70,,81496,11,,,1,30,,81484,11,,,1,70,,81479,11,,,1,30,,81477,11,,,1,68,,81485,11,,,1
10000,'Semaine-1',1518,,85718,11,,,1,9,,85720,11,,,1,11,,85705,11,,,1,8,,85706,11,,,1,7,,85707,11,,,1,49,,85719,11,,,1,8,,85708,11,,,1,10,,85709,11,,,1,9,,85710,11,,,1,10,,85711,11,,,1,10,,85712,11,,,1,9,,85713,11,,,1,52,,85714,11,,,1,10,,85715,11,,,1,8,,85716,11,,,1,12,,85717,11,,,1
10000,'Semaine-12',1518,,85734,11,,,1,9,,85736,11,,,1,11,,85721,11,,,1,8,,85722,11,,,1,7,,85723,11,,,1,49,,85735,11,,,1,8,,85724,11,,,1,10,,85725,11,,,1,9,,85726,11,,,1,10,,85727,11,,,1,10,,85728,11,,,1,9,,85729,11,,,1,52,,85730,11,,,1,10,,85731,11,,,1,8,,85732,11,,,1,12,,85733,11,,,1
40000,'Samedi-1',611,,86087,11,,,1,20,,86088,11,,,1,15,,86091,11,,,1,55,,86096,11,,,1,15,,86105,11,,,1,15,,86106,11,,,1,15,,86089,11,,,1,55,,86093,11,,,1,15,,86090,11,,,1,15,,86114,11,,,1,15,,86092,11,,,1,55,,86095,11,,,1,15,,86094,11,,,1,15,,86097,11,,,1,15,,86115,11,,,1,55,,86113,11,,,1,15,,86116,11,,,1,15,,86098,11,,,1,15,,86100,11,,,1,55,,86103,11,,,1,15,,86104,11,,,1,15,,86099,11,,,1,15,,86110,11,,,1,55,,86112,11,,,1,15,,86117,11,,,1,15,,86102,11,,,1,15,,86101,11,,,1,55,,86107,11,,,1,16,,86108,11,,,1,15,,86109,11,,,1,15,,86118,11,,,1,55,,86111,11,,,1,15,,86119,11,,,1,15,,86120,11,,,1,15,,86121,11,,,1,55,,86122,11,,,1,15,,86123,11,,,1,15,,86124,11,,,1,15,,86125,11,,,1,55,,86126,11,,,1,15,,86127,11,,,1,15,,86128,11,,,1,15,,86129,11,,,1,55,,86130,11,,,1,15,,86131,11,,,1,15,,86132,11,,,1,15,,86133,11,,,1,55,,86134,11,,,1,15,,86140,11,,,1,15,,86135,11,,,1,15,,86136,11,,,1,55,,86137,11,,,1,14,,86138,11,,,1,16,,86139,11,,,1,14,,86143,11,,,1,55,,86141,11,,,1,15,,86142,11,,,1,15,,86147,11,,,1,15,,86146,11,,,1,56,,86145,11,,,1,14,,86144,11,,,1,16,,86151,11,,,1,14,,86148,11,,,1,55,,86149,11,,,1,15,,86150,11,,,1,15,,86158,11,,,1,16,,86153,11,,,1,55,,86152,11,,,1,13,,86154,11,,,1,16,,86155,11,,,1,13,,86156,11,,,1,56,,86157,11,,,1,13,,86159,11,,,1
40000,'Samedi-10',611,,77857,11,,,1,20,,77858,11,,,1,15,,77861,11,,,1,55,,77866,11,,,1,15,,77875,11,,,1,15,,77876,11,,,1,15,,77859,11,,,1,55,,77863,11,,,1,15,,77860,11,,,1,15,,77884,11,,,1,15,,77862,11,,,1,55,,77865,11,,,1,15,,77864,11,,,1,15,,77867,11,,,1,15,,77885,11,,,1,55,,77883,11,,,1,15,,77886,11,,,1,15,,77868,11,,,1,15,,77870,11,,,1,55,,77873,11,,,1,15,,77874,11,,,1,15,,77869,11,,,1,15,,77880,11,,,1,55,,77882,11,,,1,15,,77887,11,,,1,15,,77872,11,,,1,15,,77871,11,,,1,55,,77877,11,,,1,16,,77878,11,,,1,15,,77879,11,,,1,15,,77888,11,,,1,55,,77881,11,,,1,15,,77889,11,,,1,15,,77890,11,,,1,15,,77891,11,,,1,55,,77892,11,,,1,15,,77893,11,,,1,15,,77894,11,,,1,15,,77895,11,,,1,55,,77896,11,,,1,15,,77897,11,,,1,15,,77898,11,,,1,15,,77899,11,,,1,55,,77900,11,,,1,15,,77901,11,,,1,15,,77902,11,,,1,15,,77903,11,,,1,55,,77904,11,,,1,15,,77910,11,,,1,15,,77905,11,,,1,15,,77906,11,,,1,55,,77907,11,,,1,14,,77908,11,,,1,16,,77909,11,,,1,14,,77913,11,,,1,55,,77911,11,,,1,15,,77912,11,,,1,15,,77917,11,,,1,15,,77916,11,,,1,56,,77915,11,,,1,14,,77914,11,,,1,16,,77921,11,,,1,14,,77918,11,,,1,55,,77919,11,,,1,15,,77920,11,,,1,15,,77928,11,,,1,16,,77923,11,,,1,55,,77922,11,,,1,13,,77924,11,,,1,16,,77925,11,,,1,13,,77926,11,,,1,56,,77927,11,,,1,13,,77929,11,,,1
40000,'Dimanche-1',611,,86160,11,,,1,20,,86161,11,,,1,15,,86169,11,,,1,55,,86181,11,,,1,15,,86183,11,,,1,15,,86164,11,,,1,15,,86171,11,,,1,55,,86170,11,,,1,15,,86162,11,,,1,15,,86163,11,,,1,15,,86172,11,,,1,55,,86180,11,,,1,15,,86182,11,,,1,15,,86165,11,,,1,15,,86175,11,,,1,55,,86174,11,,,1,15,,86189,11,,,1,15,,86190,11,,,1,15,,86186,11,,,1,55,,86201,11,,,1,15,,86194,11,,,1,15,,86185,11,,,1,15,,86200,11,,,1,55,,86173,11,,,1,15,,86188,11,,,1,15,,86191,11,,,1,15,,86179,11,,,1,55,,86202,11,,,1,16,,86195,11,,,1,15,,86176,11,,,1,15,,86184,11,,,1,55,,86177,11,,,1,15,,86187,11,,,1,15,,86196,11,,,1,15,,86178,11,,,1,55,,86166,11,,,1,15,,86192,11,,,1,15,,86167,11,,,1,15,,86199,11,,,1,55,,86168,11,,,1,15,,86208,11,,,1,15,,86197,11,,,1,15,,86212,11,,,1,55,,86206,11,,,1,15,,86193,11,,,1,15,,86210,11,,,1,15,,86198,11,,,1,55,,86214,11,,,1,15,,86207,11,,,1,15,,86215,11,,,1,15,,86211,11,,,1,55,,86216,11,,,1,14,,86203,11,,,1,16,,86209,11,,,1,14,,86204,11,,,1,55,,86213,11,,,1,15,,86205,11,,,1,15,,86217,11,,,1,15,,86218,11,,,1,56,,86220,11,,,1,14,,86219,11,,,1,16,,86222,11,,,1,14,,86221,11,,,1,55,,86223,11,,,1,15,,86224,11,,,1,15,,86229,11,,,1,16,,86225,11,,,1,55,,86227,11,,,1,13,,86226,11,,,1,16,,86228,11,,,1,13,,86231,11,,,1,56,,86230,11,,,1,13,,86232,11,,,1
40000,'Semaine-1',546,,86233,11,,,1,55,,86239,11,,,1,15,,86262,11,,,1,14,,86277,11,,,1,16,,86267,11,,,1,57,,86325,11,,,1,9,,86297,11,,,1,10,,86249,11,,,1,10,,86296,11,,,1,18,,86291,11,,,1,53,,86292,11,,,1,10,,86247,11,,,1,12,,86269,11,,,1,12,,86271,11,,,1,12,,86318,11,,,1,51,,86288,11,,,1,11,,86242,11,,,1,13,,86251,11,,,1,9,,86237,11,,,1,9,,86240,11,,,1,10,,86293,11,,,1,50,,86259,11,,,1,10,,86272,11,,,1,10,,86265,11,,,1,10,,86266,11,,,1,10,,86298,11,,,1,10,,86278,11,,,1,50,,86289,11,,,1,11,,86243,11,,,1,9,,86252,11,,,1,10,,86241,11,,,1,11,,86319,11,,,1,9,,86294,11,,,1,50,,86260,11,,,1,10,,86273,11,,,1,11,,86264,11,,,1,10,,86256,11,,,1,9,,86285,11,,,1,11,,86268,11,,,1,4,,86279,11,,,1,45,,86290,11,,,1,11,,86244,11,,,1,10,,86254,11,,,1,10,,86246,11,,,1,10,,86236,11,,,1,10,,86295,11,,,1,50,,86276,11,,,1,10,,86274,11,,,1,7,,86286,11,,,1,6,,86263,11,,,1,6,,86255,11,,,1,6,,86303,11,,,1,6,,86304,11,,,1,4,,86305,11,,,1,7,,86306,11,,,1,2,,86307,11,,,1,50,,86317,11,,,1,5,,86323,11,,,1,2,,86308,11,,,1,235,,86309,11,,,1,5,,86310,11,,,1,5,,86311,11,,,1,45,,86312,11,,,1,5,,86324,11,,,1,5,,86313,11,,,1,7,,86314,11,,,1,8,,86315,11,,,1,12,,86316,11,,,1,12,,86280,11,,,1,52,,86281,11,,,1,11,,86275,11,,,1,12,,86301,11,,,1,12,,86284,11,,,1,12,,86270,11,,,1,52,,86248,11,,,1,12,,86320,11,,,1,12,,86253,11,,,1,13,,86321,11,,,1,11,,86261,11,,,1,52,,86282,11,,,1,12,,86322,11,,,1,14,,86258,11,,,1,14,,86302,11,,,1,15,,86300,11,,,1,55,,86245,11,,,1,15,,86234,11,,,1,15,,86250,11,,,1,14,,86283,11,,,1,55,,86257,11,,,1,15,,86287,11,,,1,15,,86299,11,,,1,15,,86238,11,,,1,55,,86235,11,,,1
40000,'Semaine-12',546,,86326,11,,,1,55,,86332,11,,,1,15,,86355,11,,,1,14,,86370,11,,,1,16,,86360,11,,,1,57,,86418,11,,,1,9,,86390,11,,,1,10,,86342,11,,,1,10,,86389,11,,,1,18,,86384,11,,,1,53,,86385,11,,,1,10,,86340,11,,,1,12,,86362,11,,,1,12,,86364,11,,,1,12,,86411,11,,,1,51,,86381,11,,,1,11,,86335,11,,,1,13,,86344,11,,,1,9,,86330,11,,,1,9,,86333,11,,,1,10,,86386,11,,,1,50,,86352,11,,,1,10,,86365,11,,,1,10,,86358,11,,,1,10,,86359,11,,,1,10,,86391,11,,,1,10,,86371,11,,,1,50,,86382,11,,,1,11,,86336,11,,,1,9,,86345,11,,,1,10,,86334,11,,,1,11,,86412,11,,,1,9,,86387,11,,,1,50,,86353,11,,,1,10,,86366,11,,,1,11,,86357,11,,,1,10,,86349,11,,,1,9,,86378,11,,,1,11,,86361,11,,,1,4,,86372,11,,,1,45,,86383,11,,,1,11,,86337,11,,,1,10,,86347,11,,,1,10,,86339,11,,,1,10,,86329,11,,,1,10,,86388,11,,,1,50,,86369,11,,,1,10,,86367,11,,,1,7,,86379,11,,,1,6,,86356,11,,,1,6,,86348,11,,,1,6,,86396,11,,,1,6,,86397,11,,,1,4,,86398,11,,,1,7,,86399,11,,,1,2,,86400,11,,,1,50,,86410,11,,,1,5,,86416,11,,,1,2,,86401,11,,,1,235,,86402,11,,,1,5,,86403,11,,,1,5,,86404,11,,,1,45,,86405,11,,,1,5,,86417,11,,,1,5,,86406,11,,,1,7,,86407,11,,,1,8,,86408,11,,,1,12,,86409,11,,,1,12,,86373,11,,,1,52,,86374,11,,,1,11,,86368,11,,,1,12,,86394,11,,,1,12,,86377,11,,,1,12,,86363,11,,,1,52,,86341,11,,,1,12,,86413,11,,,1,12,,86346,11,,,1,13,,86414,11,,,1,11,,86354,11,,,1,52,,86375,11,,,1,12,,86415,11,,,1,14,,86351,11,,,1,14,,86395,11,,,1,15,,86393,11,,,1,55,,86338,11,,,1,15,,86327,11,,,1,15,,86343,11,,,1,14,,86376,11,,,1,55,,86350,11,,,1,15,,86380,11,,,1,15,,86392,11,,,1,15,,86331,11,,,1,55,,86328,11,,,1
72500,'Semaine-1',1619,,86867,8,0,5 11,1
72500,'Semaine-12',1619,,86868,8,0,5 11,1
