2600,'Semaine-1',1559,,80019,19,,,1,72,,80018,19,,,1,28,,80017,19,,,2,70,,80020,19,,,1,27,,80021,19,,,2
2600,'Semaine-12',1559,,80024,19,,,1,72,,80023,19,,,1,28,,80022,19,,,2,70,,80025,19,,,1,27,,80026,19,,,2
2800,'Semaine-1',1557,,80055,14,,,1,82,,80056,14,,,1,91,,80057,14,,,1
2800,'Semaine-12',1557,,80058,14,,,1,82,,80059,14,,,1,91,,80060,14,,,1
2900,'Semaine-1',1550,,80070,19,,,2,75,,80069,19,,,1,32,,80067,19,,,2,65,,80071,19,,,1,30,,80068,19,,,1
2900,'Semaine-12',1550,,80075,19,,,2,75,,80074,19,,,1,32,,80072,19,,,2,65,,80076,19,,,1,30,,80073,19,,,1
3200,'Semaine-1',633,,80376,20,,,1,71,,80375,20,,,1,32,,80371,20,,,1,72,,80373,20,,,1,28,,80372,20,,,2,70,,80374,20,,,1,29,,80347,20,,,2,70,,80342,20,,,1,30,,80343,20,,,2,70,,80354,20,,,1,30,,80348,20,,,1,71,,80334,20,,,1,30,,80335,20,,,1,69,,80346,20,,,1,30,,80349,20,,,1,70,,80355,20,,,1,31,,80336,20,,,1,70,,80381,20,,,1,15,,80333,20,,,2,16,,80363,20,,,1,10,,80353,20,,,1,11,,80359,20,,,2,50,,80360,20,,,1,10,,80378,20,,,1,10,,80379,20,,,1,10,,80380,20,,,2,13,,80377,20,,,2,7,,80350,20,,,1,50,,80361,20,,,1,10,,80369,20,,,2,10,,80362,20,,,2,8,,80339,20,,,1,10,,80370,20,,,1,10,,80356,20,,,2,47,,80358,20,,,1,10,,80357,20,,,1,19,,80351,20,,,2,25,,80345,20,,,1,70,,80340,20,,,1,30,,80337,20,,,2,69,,80352,20,,,2,30,,80344,20,,,1,73,,80341,20,,,1,27,,80338,20,,,2,70,,80364,20,,,1,29,,80365,20,,,1,68,,80366,20,,,1,30,,80367,20,,,1,70,,80368,20,,,1
3200,'Semaine-12',633,,80425,20,,,1,71,,80424,20,,,1,32,,80420,20,,,1,72,,80422,20,,,1,28,,80421,20,,,2,70,,80423,20,,,1,29,,80396,20,,,2,70,,80391,20,,,1,30,,80392,20,,,2,70,,80403,20,,,1,30,,80397,20,,,1,71,,80383,20,,,1,30,,80384,20,,,1,69,,80395,20,,,1,30,,80398,20,,,1,70,,80404,20,,,1,31,,80385,20,,,1,70,,80430,20,,,1,15,,80382,20,,,2,16,,80412,20,,,1,10,,80402,20,,,1,11,,80408,20,,,2,50,,80409,20,,,1,10,,80427,20,,,1,10,,80428,20,,,1,10,,80429,20,,,2,13,,80426,20,,,2,7,,80399,20,,,1,50,,80410,20,,,1,10,,80418,20,,,2,10,,80411,20,,,2,8,,80388,20,,,1,10,,80419,20,,,1,10,,80405,20,,,2,47,,80407,20,,,1,10,,80406,20,,,1,19,,80400,20,,,2,25,,80394,20,,,1,70,,80389,20,,,1,30,,80386,20,,,2,69,,80401,20,,,2,30,,80393,20,,,1,73,,80390,20,,,1,27,,80387,20,,,2,70,,80413,20,,,1,29,,80414,20,,,1,68,,80415,20,,,1,30,,80416,20,,,1,70,,80417,20,,,1
3400,'Samedi-1',739,,80773,20,,,1,100,,80778,20,,,1,70,,80774,20,,,1,31,,80780,20,,,1,70,,80781,20,,,1,30,,80775,20,,,1,70,,80776,20,,,1,30,,80777,20,,,1,70,,80779,20,,,1,31,,80782,20,,,1,70,,80784,20,,,1,30,,80783,20,,,1,70,,80785,20,,,1,30,,80786,20,,,1,70,,80787,20,,,1,30,,80788,20,,,1,70,,80789,20,,,1,30,,80790,20,,,1,70,,80791,20,,,1,30,,80792,20,,,1,70,,80793,20,,,1,30,,80794,20,,,1,69,,80795,20,,,1,29,,80796,20,,,1,71,,80797,20,,,1,30,,80798,20,,,1,70,,80799,20,,,1,30,,80800,20,,,1,70,,80801,20,,,1,30,,80803,20,,,1,70,,80802,20,,,1,29,,80805,20,,,1,70,,80804,20,,,1,27,,80806,20,,,1
3400,'Samedi-10',739,,67369,20,,,1,100,,67374,20,,,1,70,,67370,20,,,1,31,,67376,20,,,1,70,,67377,20,,,1,30,,67371,20,,,1,70,,67372,20,,,1,30,,67373,20,,,1,70,,67375,20,,,1,31,,67378,20,,,1,70,,67380,20,,,1,30,,67379,20,,,1,70,,67381,20,,,1,30,,67382,20,,,1,70,,67383,20,,,1,30,,67384,20,,,1,70,,67385,20,,,1,30,,67386,20,,,1,70,,67387,20,,,1,30,,67388,20,,,1,70,,67389,20,,,1,30,,67390,20,,,1,69,,67391,20,,,1,29,,67392,20,,,1,71,,67393,20,,,1,30,,67394,20,,,1,70,,67395,20,,,1,30,,67396,20,,,1,70,,67397,20,,,1,30,,67399,20,,,1,70,,67398,20,,,1,29,,67401,20,,,1,70,,67400,20,,,1,27,,67402,20,,,1
3400,'Dimanche-1',739,,80811,20,,,1,100,,80831,20,,,1,70,,80813,20,,,1,31,,80817,20,,,1,70,,80810,20,,,1,30,,80818,20,,,1,70,,80809,20,,,1,30,,80808,20,,,1,70,,80821,20,,,1,31,,80812,20,,,1,70,,80815,20,,,1,30,,80814,20,,,1,70,,80807,20,,,1,30,,80823,20,,,1,70,,80819,20,,,1,30,,80820,20,,,1,70,,80816,20,,,1,30,,80827,20,,,1,70,,80826,20,,,1,30,,80824,20,,,1,70,,80822,20,,,1,30,,80825,20,,,1,69,,80830,20,,,1,29,,80828,20,,,1,71,,80829,20,,,1,30,,80832,20,,,1,70,,80833,20,,,1,30,,80834,20,,,1,70,,80835,20,,,1,30,,80836,20,,,1,70,,80837,20,,,1,29,,80839,20,,,1,70,,80838,20,,,1,27,,80840,20,,,1
3400,'Semaine-1',616,,80871,20,,,1,29,,80856,20,,,1,72,,80850,20,,,1,34,,80854,20,,,1,71,,80845,20,,,2,29,,80865,20,,,1,70,,80851,20,,,1,28,,80841,20,,,1,70,,80846,20,,,1,30,,80847,20,,,1,70,,80852,20,,,1,30,,80842,20,,,1,70,,80872,20,,,1,30,,80848,20,,,1,70,,80853,20,,,1,30,,80843,20,,,1,72,,80869,20,,,1,30,,80844,20,,,1,65,,80870,20,,,1,306,,80868,20,,,1,20,,80857,20,,,1,68,,80849,20,,,1,30,,80861,20,,,1,70,,80867,20,,,1,31,,80858,20,,,1,69,,80860,20,,,1,30,,80862,20,,,1,70,,80855,20,,,1,30,,80864,20,,,1,69,,80859,20,,,1,29,,80863,20,,,1,70,,80866,20,,,1
3400,'Semaine-12',616,,80903,20,,,1,29,,80888,20,,,1,72,,80882,20,,,1,34,,80886,20,,,1,71,,80877,20,,,2,29,,80897,20,,,1,70,,80883,20,,,1,28,,80873,20,,,1,70,,80878,20,,,1,30,,80879,20,,,1,70,,80884,20,,,1,30,,80874,20,,,1,70,,80904,20,,,1,30,,80880,20,,,1,70,,80885,20,,,1,30,,80875,20,,,1,72,,80901,20,,,1,30,,80876,20,,,1,65,,80902,20,,,1,306,,80900,20,,,1,20,,80889,20,,,1,68,,80881,20,,,1,30,,80893,20,,,1,70,,80899,20,,,1,31,,80890,20,,,1,69,,80892,20,,,1,30,,80894,20,,,1,70,,80887,20,,,1,30,,80896,20,,,1,69,,80891,20,,,1,29,,80895,20,,,1,70,,80898,20,,,1
5600,'Semaine-1',648,,82719,32,,,1,64,,82717,32,,,1,6,,82721,32,,,1,30,,82720,32,,,1,73,,82714,32,,,1,100,,82713,32,,,1,107,,82715,32,,,1,98,,82718,32,,,2,101,,82716,32,,,1
5600,'Semaine-12',648,,82728,32,,,1,64,,82726,32,,,1,6,,82730,32,,,1,30,,82729,32,,,1,73,,82723,32,,,1,100,,82722,32,,,1,107,,82724,32,,,1,98,,82727,32,,,2,101,,82725,32,,,1
32900,'Semaine-1',813,,85907,12,0,7 8,1
32900,'Semaine-12',813,,85908,12,0,7 8,1
42900,'Semaine-1',715,,86765,5,0,9 14,1,2,,86766,5,0,9 14,2
42900,'Semaine-12',715,,86767,5,0,9 14,1,2,,86768,5,0,9 14,2
55400,'Semaine-1',711,,86810,22,0,5 6,2
55400,'Semaine-12',711,,86812,22,0,5 6,2
72900,'Semaine-1',1633,,86873,17,0,5 11,2
72900,'Semaine-12',1633,,86874,17,0,5 11,2
82900,'Semaine-1',1538,,87134,17,0,9 12 13,1
82900,'Semaine-12',1538,,87137,17,0,9 12 13,1
