2601,'Semaine-1',550,,80028,6,,,1,71,,80030,6,,,2,30,,80031,6,,,2,70,,80029,6,,,1,30,,80027,6,,,2
2601,'Semaine-12',550,,80033,6,,,1,71,,80035,6,,,2,30,,80036,6,,,2,70,,80034,6,,,1,30,,80032,6,,,2
32601,'Semaine-1',819,,85905,22,0,7 8,1
32601,'Semaine-12',819,,85906,22,0,7 8,1
42600,'Semaine-1',721,,86759,6,0,9 14,1,1,,86760,6,0,9 14,1
42600,'Semaine-12',721,,86761,6,0,9 14,1,1,,86762,6,0,9 14,1
72901,'Semaine-1',806,,86875,6,0,5 11,2
72901,'Semaine-12',806,,86876,6,0,5 11,2
82601,'Semaine-1',743,,87124,22,0,9 12 13,1,1,,87125,22,0,9 12 13,1
82601,'Semaine-12',743,,87126,22,0,9 12 13,1,1,,87127,22,0,9 12 13,1
