4001,'Semaine-1',617,,81922,30,,,1,30,,81921,30,,,1,72,,81924,30,,,1,32,,81920,30,,,2,68,,81919,30,,,1,27,,81923,30,,,1
4001,'Semaine-12',617,,81928,30,,,1,30,,81927,30,,,1,72,,81930,30,,,1,32,,81926,30,,,2,68,,81925,30,,,1,27,,81929,30,,,1
4101,'Semaine-1',639,,81943,21,,,1,73,,81944,21,,,1,35,,81945,21,,,1,65,,81942,21,,,2,29,,81941,21,,,1
4101,'Semaine-12',639,,81948,21,,,1,73,,81949,21,,,1,35,,81950,21,,,1,65,,81947,21,,,2,29,,81946,21,,,1
4701,'Semaine-1',619,,81991,17,,,2,85,,81990,17,,,1,49,,81989,17,,,1,67,,81992,17,,,1
4701,'Semaine-12',619,,81995,17,,,2,85,,81994,17,,,1,49,,81993,17,,,1,67,,81996,17,,,1
4900,'Samedi-1',720,,82003,18,,,1,100,,82004,18,,,1,101,,82001,18,,,1,100,,82005,18,,,1,100,,82002,18,,,1,101,,82006,18,,,1,98,,82007,18,,,1,102,,82008,18,,,1,100,,82009,18,,,1,100,,82010,18,,,1,100,,82011,18,,,1,98,,82012,18,,,1,100,,82013,18,,,1,100,,82014,18,,,1,100,,82015,18,,,1,100,,82016,18,,,1,99,,82017,18,,,1
4900,'Samedi-10',720,,69841,18,,,1,100,,69842,18,,,1,101,,69839,18,,,1,100,,69843,18,,,1,100,,69840,18,,,1,101,,69844,18,,,1,98,,69845,18,,,1,102,,69846,18,,,1,100,,69847,18,,,1,100,,69848,18,,,1,100,,69849,18,,,1,98,,69850,18,,,1,100,,69851,18,,,1,100,,69852,18,,,1,100,,69853,18,,,1,100,,69854,18,,,1,99,,69855,18,,,1
4900,'Dimanche-1',720,,82018,18,,,1,100,,82031,18,,,1,101,,82019,18,,,1,100,,82030,18,,,1,100,,82022,18,,,1,101,,82021,18,,,1,98,,82025,18,,,1,102,,82020,18,,,1,100,,82024,18,,,1,100,,82023,18,,,1,100,,82027,18,,,1,98,,82029,18,,,1,100,,82026,18,,,1,100,,82028,18,,,1,100,,82032,18,,,1,100,,82033,18,,,1,99,,82034,18,,,1
4900,'Semaine-1',633,,82062,18,,,1,14,,82057,5,,,1,3,,82069,5,,,1,4,,82045,5,,,1,46,,82068,5,,,1,4,,82073,18,,,1,1,,82072,5,,,1,4,,82071,5,,,1,5,,82070,5,,,1,21,,82065,18,,,1,66,,82066,18,,,1,1,,82061,5,,,1,32,,82060,18,,,1,74,,82055,18,,,1,29,,82047,18,,,1,70,,82067,18,,,1,33,,82063,18,,,1,70,,82058,18,,,1,30,,82035,18,,,1,70,,82056,18,,,1,30,,82037,18,,,1,70,,82042,18,,,1,30,,82044,18,,,1,71,,82048,18,,,1,30,,82064,18,,,1,71,,82046,18,,,1,30,,82049,18,,,1,70,,82040,18,,,1,30,,82052,18,,,1,70,,82043,18,,,1,30,,82041,18,,,1,70,,82059,18,,,1,28,,82053,18,,,1,100,,82036,18,,,1,99,,82054,18,,,1,101,,82051,18,,,1,98,,82038,18,,,1,98,,82050,18,,,1,100,,82039,18,,,1
4900,'Semaine-12',633,,82101,18,,,1,14,,82096,5,,,1,3,,82108,5,,,1,4,,82084,5,,,1,46,,82107,5,,,1,4,,82112,18,,,1,1,,82111,5,,,1,4,,82110,5,,,1,5,,82109,5,,,1,21,,82104,18,,,1,66,,82105,18,,,1,1,,82100,5,,,1,32,,82099,18,,,1,74,,82094,18,,,1,29,,82086,18,,,1,70,,82106,18,,,1,33,,82102,18,,,1,70,,82097,18,,,1,30,,82074,18,,,1,70,,82095,18,,,1,30,,82076,18,,,1,70,,82081,18,,,1,30,,82083,18,,,1,71,,82087,18,,,1,30,,82103,18,,,1,71,,82085,18,,,1,30,,82088,18,,,1,70,,82079,18,,,1,30,,82091,18,,,1,70,,82082,18,,,1,30,,82080,18,,,1,70,,82098,18,,,1,28,,82092,18,,,1,100,,82075,18,,,1,99,,82093,18,,,1,101,,82090,18,,,1,98,,82077,18,,,1,98,,82089,18,,,1,100,,82078,18,,,1
5501,'Samedi-1',702,,82555,28,,,1,30,,82558,28,,,1,71,,82557,28,,,1,30,,82567,28,,,1,69,,82556,28,,,1,30,,82559,28,,,1,71,,82560,28,,,1,29,,82566,28,,,1,70,,82562,28,,,1,30,,82563,28,,,1,70,,82561,28,,,1,30,,82569,28,,,1,70,,82568,28,,,1,30,,82564,28,,,1,70,,82565,28,,,1,32,,82570,28,,,1,68,,82571,28,,,1,32,,82572,28,,,1,68,,82573,28,,,1,32,,82574,28,,,1,68,,82575,28,,,1,32,,82576,28,,,1,68,,82577,28,,,1,30,,82578,28,,,1,70,,82579,28,,,1,30,,82580,28,,,1,70,,82581,28,,,1,30,,82582,28,,,1,70,,82583,28,,,1,30,,82585,28,,,1,70,,82584,28,,,1,30,,82587,28,,,1,70,,82586,28,,,1
5501,'Samedi-10',702,,71004,28,,,1,30,,71007,28,,,1,71,,71006,28,,,1,30,,71016,28,,,1,69,,71005,28,,,1,30,,71008,28,,,1,71,,71009,28,,,1,29,,71015,28,,,1,70,,71011,28,,,1,30,,71012,28,,,1,70,,71010,28,,,1,30,,71018,28,,,1,70,,71017,28,,,1,30,,71013,28,,,1,70,,71014,28,,,1,32,,71019,28,,,1,68,,71020,28,,,1,32,,71021,28,,,1,68,,71022,28,,,1,32,,71023,28,,,1,68,,71024,28,,,1,32,,71025,28,,,1,68,,71026,28,,,1,30,,71027,28,,,1,70,,71028,28,,,1,30,,71029,28,,,1,70,,71030,28,,,1,30,,71031,28,,,1,70,,71032,28,,,1,30,,71034,28,,,1,70,,71033,28,,,1,30,,71036,28,,,1,70,,71035,28,,,1
5501,'Dimanche-1',702,,82589,28,,,1,30,,82593,28,,,1,71,,82591,28,,,1,30,,82596,28,,,1,69,,82598,28,,,1,30,,82592,28,,,1,71,,82588,28,,,1,29,,82602,28,,,1,70,,82597,28,,,1,30,,82604,28,,,1,70,,82595,28,,,1,30,,82594,28,,,1,70,,82600,28,,,1,30,,82590,28,,,1,70,,82599,28,,,1,32,,82603,28,,,1,68,,82608,28,,,1,32,,82601,28,,,1,68,,82607,28,,,1,32,,82610,28,,,1,68,,82605,28,,,1,32,,82606,28,,,1,68,,82612,28,,,1,30,,82614,28,,,1,70,,82611,28,,,1,30,,82609,28,,,1,70,,82613,28,,,1,30,,82615,28,,,1,70,,82616,28,,,1,30,,82617,28,,,1,70,,82618,28,,,1,30,,82619,28,,,1,70,,82620,28,,,1
5501,'Semaine-1',521,,82634,28,,,1,14,,82641,28,,,1,15,,82640,28,,,1,57,,82624,28,,,1,15,,82662,28,,,1,22,,82661,28,,,1,8,,82621,28,,,1,52,,82666,28,,,1,15,,82647,28,,,1,13,,82655,28,,,1,16,,82625,28,,,1,9,,82629,28,,,1,52,,82627,28,,,1,9,,82656,28,,,1,6,,82658,28,,,1,14,,82635,28,,,1,68,,82639,28,,,1,12,,82626,28,,,1,11,,82660,28,,,1,29,,82653,28,,,1,71,,82657,28,,,1,29,,82623,28,,,1,70,,82630,28,,,1,30,,82643,28,,,1,70,,82654,28,,,1,29,,82650,28,,,1,70,,82631,28,,,1,30,,82663,28,,,1,70,,82622,28,,,1,30,,82628,28,,,1,90,,82632,28,,,1,100,,82637,28,,,1,100,,82642,28,,,1,101,,82659,28,,,1,60,,82648,28,,,1,30,,82636,28,,,1,70,,82652,28,,,1,30,,82645,28,,,1,70,,82664,28,,,1,30,,82638,28,,,1,69,,82644,28,,,1,32,,82646,28,,,1,70,,82633,28,,,1,30,,82651,28,,,1,70,,82649,28,,,1
5501,'Semaine-12',521,,82680,28,,,1,14,,82687,28,,,1,15,,82686,28,,,1,57,,82670,28,,,1,15,,82708,28,,,1,22,,82707,28,,,1,8,,82667,28,,,1,52,,82712,28,,,1,15,,82693,28,,,1,13,,82701,28,,,1,16,,82671,28,,,1,9,,82675,28,,,1,52,,82673,28,,,1,9,,82702,28,,,1,6,,82704,28,,,1,14,,82681,28,,,1,68,,82685,28,,,1,12,,82672,28,,,1,11,,82706,28,,,1,29,,82699,28,,,1,71,,82703,28,,,1,29,,82669,28,,,1,70,,82676,28,,,1,30,,82689,28,,,1,70,,82700,28,,,1,29,,82696,28,,,1,70,,82677,28,,,1,30,,82709,28,,,1,70,,82668,28,,,1,30,,82674,28,,,1,90,,82678,28,,,1,100,,82683,28,,,1,100,,82688,28,,,1,101,,82705,28,,,1,60,,82694,28,,,1,30,,82682,28,,,1,70,,82698,28,,,1,30,,82691,28,,,1,70,,82710,28,,,1,30,,82684,28,,,1,69,,82690,28,,,1,32,,82692,28,,,1,70,,82679,28,,,1,30,,82697,28,,,1,70,,82695,28,,,1
5801,'Semaine-1',559,,82763,16,,,1,72,,82767,16,,,1,70,,82765,16,,,1,30,,82764,16,,,1,70,,82761,16,,,1,30,,82766,16,,,1,800,,82762,16,,,1
5801,'Semaine-12',559,,82770,16,,,1,72,,82774,16,,,1,70,,82772,16,,,1,30,,82771,16,,,1,70,,82768,16,,,1,30,,82773,16,,,1,800,,82769,16,,,1
5901,'Samedi-1',717,,82939,17,,,1,30,,82946,17,,,1,69,,82943,17,,,1,30,,82948,17,,,1,70,,82940,17,,,1,30,,82945,17,,,1,70,,82944,17,,,1,30,,82947,17,,,1,70,,82951,17,,,1,30,,82952,17,,,1,70,,82941,17,,,1,30,,82942,17,,,1,70,,82950,17,,,1,30,,82949,17,,,1,71,,82953,17,,,1,30,,82954,17,,,1,70,,82955,17,,,1,30,,82956,17,,,1,70,,82957,17,,,1,30,,82958,17,,,1,70,,82959,17,,,1,30,,82960,17,,,1,70,,82961,17,,,1,30,,82962,17,,,1,70,,82963,17,,,1,30,,82965,17,,,1,70,,82964,17,,,1,30,,82966,17,,,1,70,,82967,17,,,1,30,,82968,17,,,1,70,,82970,17,,,1,31,,82969,17,,,1
5901,'Samedi-10',717,,71780,17,,,1,30,,71787,17,,,1,69,,71784,17,,,1,30,,71789,17,,,1,70,,71781,17,,,1,30,,71786,17,,,1,70,,71785,17,,,1,30,,71788,17,,,1,70,,71792,17,,,1,30,,71793,17,,,1,70,,71782,17,,,1,30,,71783,17,,,1,70,,71791,17,,,1,30,,71790,17,,,1,71,,71794,17,,,1,30,,71795,17,,,1,70,,71796,17,,,1,30,,71797,17,,,1,70,,71798,17,,,1,30,,71799,17,,,1,70,,71800,17,,,1,30,,71801,17,,,1,70,,71802,17,,,1,30,,71803,17,,,1,70,,71804,17,,,1,30,,71806,17,,,1,70,,71805,17,,,1,30,,71807,17,,,1,70,,71808,17,,,1,30,,71809,17,,,1,70,,71811,17,,,1,31,,71810,17,,,1
5901,'Dimanche-1',717,,82971,17,,,1,30,,82983,17,,,1,69,,82977,17,,,1,30,,82978,17,,,1,70,,82985,17,,,1,30,,82982,17,,,1,70,,82987,17,,,1,30,,82974,17,,,1,70,,82986,17,,,1,30,,82972,17,,,1,70,,82981,17,,,1,30,,82973,17,,,1,70,,82976,17,,,1,30,,82979,17,,,1,71,,82980,17,,,1,30,,82988,17,,,1,70,,82975,17,,,1,30,,82991,17,,,1,70,,82984,17,,,1,30,,82993,17,,,1,70,,82994,17,,,1,30,,82990,17,,,1,70,,82995,17,,,1,30,,82992,17,,,1,70,,82996,17,,,1,30,,82989,17,,,1,70,,82997,17,,,1,30,,82998,17,,,1,70,,82999,17,,,1,30,,83000,17,,,1,70,,83001,17,,,1,31,,83002,17,,,1
5901,'Semaine-1',515,,83007,17,,,1,15,,83043,17,,,1,15,,83016,17,,,1,55,,83037,17,,,1,16,,83017,17,,,1,14,,83006,17,,,1,13,,83008,17,,,1,14,,83011,17,,,1,58,,83014,17,,,1,15,,83015,17,,,1,18,,83010,17,,,1,52,,83039,17,,,1,17,,83025,17,,,1,15,,83030,17,,,1,13,,83020,17,,,1,55,,83005,17,,,1,16,,83023,17,,,1,27,,83049,17,,,1,70,,83044,17,,,1,30,,83031,17,,,1,70,,83013,17,,,1,30,,83024,17,,,1,70,,83027,17,,,1,30,,83012,17,,,1,70,,83041,17,,,1,30,,83003,17,,,1,70,,83045,17,,,1,30,,83035,17,,,1,74,,83038,17,,,1,100,,83042,17,,,1,101,,83022,17,,,1,100,,83029,17,,,1,35,,83034,17,,,1,70,,83021,17,,,1,30,,83028,17,,,1,70,,83033,17,,,1,30,,83040,17,,,1,70,,83018,17,,,1,30,,83036,17,,,1,71,,83026,17,,,1,30,,83009,17,,,1,70,,83019,17,,,1,30,,83032,17,,,1
5901,'Semaine-12',515,,83054,17,,,1,15,,83090,17,,,1,15,,83063,17,,,1,55,,83084,17,,,1,16,,83064,17,,,1,14,,83053,17,,,1,13,,83055,17,,,1,14,,83058,17,,,1,58,,83061,17,,,1,15,,83062,17,,,1,18,,83057,17,,,1,52,,83086,17,,,1,17,,83072,17,,,1,15,,83077,17,,,1,13,,83067,17,,,1,55,,83052,17,,,1,16,,83070,17,,,1,27,,83096,17,,,1,70,,83091,17,,,1,30,,83078,17,,,1,70,,83060,17,,,1,30,,83071,17,,,1,70,,83074,17,,,1,30,,83059,17,,,1,70,,83088,17,,,1,30,,83050,17,,,1,70,,83092,17,,,1,30,,83082,17,,,1,74,,83085,17,,,1,100,,83089,17,,,1,101,,83069,17,,,1,100,,83076,17,,,1,35,,83081,17,,,1,70,,83068,17,,,1,30,,83075,17,,,1,70,,83080,17,,,1,30,,83087,17,,,1,70,,83065,17,,,1,30,,83083,17,,,1,71,,83073,17,,,1,30,,83056,17,,,1,70,,83066,17,,,1,30,,83079,17,,,1
64701,'Semaine-1',1522,,86857,26,0,9 10,1
64701,'Semaine-12',1522,,86858,26,0,9 10,1
65501,'Semaine-1',1513,,86865,16,0,9 10,1
65501,'Semaine-12',1513,,86866,16,0,9 10,1
74001,'Semaine-1',819,,86883,31,0,5 11,2,2,,86884,31,0,5 11,1
74001,'Semaine-12',819,,86885,31,0,5 11,2,2,,86886,31,0,5 11,1
75201,'Semaine-1',1503,,86892,3,0,9 18,1
75201,'Semaine-12',1503,,86894,3,0,9 18,1
75400,'Semaine-1',1502,,86896,3,0,9 18,1
75400,'Semaine-12',1502,,86898,3,0,9 18,1
80000,'Samedi-1',722,,86901,21,,,1,102,,86902,21,,,1,98,,86903,21,,,1,101,,86905,21,,,1,100,,86906,21,,,1,100,,86904,21,,,1,100,,86907,21,,,1,100,,86908,21,,,1,100,,86909,21,,,1,100,,86910,21,,,1,100,,86911,21,,,2,100,,86912,21,,,1,100,,86915,21,,,1,99,,86913,21,,,1,100,,86914,21,,,1,99,,86916,21,,,1,100,,86917,21,,,1
80000,'Samedi-10',722,,79460,21,,,1,102,,79461,21,,,1,98,,79462,21,,,1,101,,79464,21,,,1,100,,79465,21,,,1,100,,79463,21,,,1,100,,79466,21,,,1,100,,79467,21,,,1,100,,79468,21,,,1,100,,79469,21,,,1,100,,79470,21,,,2,100,,79471,21,,,1,100,,79474,21,,,1,99,,79472,21,,,1,100,,79473,21,,,1,99,,79475,21,,,1,100,,79476,21,,,1
80000,'Dimanche-1',722,,86920,21,,,1,102,,86919,21,,,1,98,,86925,21,,,1,101,,86918,21,,,1,100,,86922,21,,,1,100,,86921,21,,,1,100,,86923,21,,,1,100,,86924,21,,,1,100,,86928,21,,,1,100,,86926,21,,,1,100,,86927,21,,,2,100,,86931,21,,,1,100,,86930,21,,,1,99,,86929,21,,,1,100,,86932,21,,,1,99,,86933,21,,,1,100,,86934,21,,,1
80000,'Semaine-1',557,,86967,21,,,1,71,,86953,21,,,1,31,,86943,21,,,1,55,,86942,21,,,1,15,,86963,21,,,1,71,,86954,21,,,1,18,,86940,21,,,1,30,,86959,21,,,1,70,,86944,21,,,1,30,,86961,21,,,1,70,,86956,21,,,1,29,,86970,21,,,1,70,,86937,21,,,1,30,,86958,21,,,1,70,,86948,21,,,1,31,,86964,21,,,1,69,,86957,21,,,1,30,,86968,21,,,1,71,,86947,21,,,1,29,,86962,21,,,1,73,,86960,21,,,1,30,,86949,21,,,1,72,,86965,21,,,1,28,,86938,21,,,1,70,,86955,21,,,1,30,,86952,21,,,1,70,,86966,21,,,1,28,,86951,21,,,1,71,,86945,21,,,1,28,,86939,21,,,1,71,,86969,21,,,1,29,,86950,21,,,1,69,,86946,21,,,1,30,,86936,21,,,1,69,,86941,21,,,1,30,,86935,21,,,1
80000,'Semaine-12',557,,87003,21,,,1,71,,86989,21,,,1,31,,86979,21,,,1,55,,86978,21,,,1,15,,86999,21,,,1,71,,86990,21,,,1,18,,86976,21,,,1,30,,86995,21,,,1,70,,86980,21,,,1,30,,86997,21,,,1,70,,86992,21,,,1,29,,87006,21,,,1,70,,86973,21,,,1,30,,86994,21,,,1,70,,86984,21,,,1,31,,87000,21,,,1,69,,86993,21,,,1,30,,87004,21,,,1,71,,86983,21,,,1,29,,86998,21,,,1,73,,86996,21,,,1,30,,86985,21,,,1,72,,87001,21,,,1,28,,86974,21,,,1,70,,86991,21,,,1,30,,86988,21,,,1,70,,87002,21,,,1,28,,86987,21,,,1,71,,86981,21,,,1,28,,86975,21,,,1,71,,87005,21,,,1,29,,86986,21,,,1,69,,86982,21,,,1,30,,86972,21,,,1,69,,86977,21,,,1,30,,86971,21,,,1
