4000,'Semaine-1',1530,,81911,21,,,1,70,,81907,21,,,2,35,,81910,21,,,1,67,,81909,21,,,1,28,,81908,21,,,1,29,,81912,21,,,1
4000,'Semaine-12',1530,,81917,21,,,1,70,,81913,21,,,2,35,,81916,21,,,1,67,,81915,21,,,1,28,,81914,21,,,1,29,,81918,21,,,1
4100,'Semaine-1',1541,,81932,21,,,1,71,,81934,21,,,1,35,,81933,21,,,2,64,,81931,21,,,1,29,,81935,21,,,1
4100,'Semaine-12',1541,,81937,21,,,1,71,,81939,21,,,1,35,,81938,21,,,2,64,,81936,21,,,1,29,,81940,21,,,1
4500,'Semaine-1',1515,,81964,21,,,1,35,,81959,21,,,1,70,,81960,21,,,1,32,,81962,21,,,1,67,,81963,21,,,1,27,,81961,21,,,2
4500,'Semaine-12',1515,,81970,21,,,1,35,,81965,21,,,1,70,,81966,21,,,1,32,,81968,21,,,1,67,,81969,21,,,1,27,,81967,21,,,2
4700,'Semaine-1',1537,,81983,21,,,1,103,,81984,21,,,1,96,,81985,21,,,2
4700,'Semaine-12',1537,,81986,21,,,1,103,,81987,21,,,1,96,,81988,21,,,2
5500,'Samedi-1',708,,82390,22,,,1,30,,82387,22,,,1,70,,82388,22,,,1,30,,82391,22,,,1,70,,82389,22,,,1,30,,82396,22,,,1,72,,82393,22,,,1,29,,82394,22,,,1,70,,82399,22,,,1,30,,82398,22,,,1,70,,82392,22,,,1,30,,82395,22,,,1,70,,82397,22,,,1,30,,82400,22,,,1,70,,82401,22,,,1,30,,82402,22,,,1,70,,82403,22,,,1,30,,82404,22,,,1,70,,82405,22,,,1,31,,82406,22,,,1,70,,82407,22,,,1,30,,82408,22,,,1,70,,82409,22,,,1,30,,82410,22,,,1,68,,82412,22,,,1,30,,82411,22,,,1,70,,82413,22,,,1,30,,82415,22,,,1,70,,82414,22,,,1,30,,82416,22,,,1,70,,82417,22,,,1,30,,82420,22,,,1,70,,82422,22,,,1,30,,82419,22,,,1,70,,82418,22,,,1,28,,82421,22,,,1
5500,'Samedi-10',708,,70650,22,,,1,30,,70647,22,,,1,70,,70648,22,,,1,30,,70651,22,,,1,70,,70649,22,,,1,30,,70656,22,,,1,72,,70653,22,,,1,29,,70654,22,,,1,70,,70659,22,,,1,30,,70658,22,,,1,70,,70652,22,,,1,30,,70655,22,,,1,70,,70657,22,,,1,30,,70660,22,,,1,70,,70661,22,,,1,30,,70662,22,,,1,70,,70663,22,,,1,30,,70664,22,,,1,70,,70665,22,,,1,31,,70666,22,,,1,70,,70667,22,,,1,30,,70668,22,,,1,70,,70669,22,,,1,30,,70670,22,,,1,68,,70672,22,,,1,30,,70671,22,,,1,70,,70673,22,,,1,30,,70675,22,,,1,70,,70674,22,,,1,30,,70676,22,,,1,70,,70677,22,,,1,30,,70680,22,,,1,70,,70682,22,,,1,30,,70679,22,,,1,70,,70678,22,,,1,28,,70681,22,,,1
5500,'Dimanche-1',708,,82427,22,,,1,30,,82432,22,,,1,70,,82424,22,,,1,30,,82429,22,,,1,70,,82426,22,,,1,30,,82423,22,,,1,72,,82434,22,,,1,29,,82428,22,,,1,70,,82425,22,,,1,30,,82437,22,,,1,70,,82433,22,,,1,30,,82438,22,,,1,70,,82431,22,,,1,30,,82430,22,,,1,70,,82436,22,,,1,30,,82441,22,,,1,70,,82435,22,,,1,30,,82440,22,,,1,70,,82443,22,,,1,31,,82447,22,,,1,70,,82442,22,,,1,30,,82448,22,,,1,70,,82439,22,,,1,30,,82445,22,,,1,68,,82446,22,,,1,30,,82449,22,,,1,70,,82444,22,,,1,30,,82450,22,,,1,70,,82452,22,,,1,30,,82451,22,,,1,70,,82453,22,,,1,30,,82455,22,,,1,70,,82456,22,,,1,30,,82454,22,,,1,70,,82457,22,,,1,28,,82458,22,,,1
5500,'Semaine-1',641,,82461,22,,,1,102,,82477,22,,,1,69,,82460,22,,,1,98,,82496,22,,,1,28,,82497,22,,,1,69,,82466,22,,,1,30,,82476,22,,,1,69,,82480,22,,,1,32,,82502,22,,,1,70,,82462,22,,,1,30,,82501,22,,,1,69,,82479,22,,,1,30,,82494,22,,,1,70,,82488,22,,,1,24,,82495,22,,,1,16,,82481,22,,,1,54,,82459,22,,,1,17,,82500,22,,,1,17,,82470,22,,,1,15,,82503,22,,,1,53,,82491,22,,,1,10,,82463,22,,,1,13,,82474,22,,,1,18,,82506,22,,,1,9,,82499,22,,,1,51,,82465,22,,,1,11,,82482,22,,,1,10,,82475,22,,,1,11,,82504,22,,,1,12,,82489,22,,,1,8,,82469,22,,,1,52,,82464,22,,,1,10,,82505,22,,,1,11,,82473,22,,,1,12,,82468,22,,,1,10,,82478,22,,,1,70,,82493,22,,,1,29,,82498,22,,,1,70,,82485,22,,,1,30,,82471,22,,,1,70,,82492,22,,,1,28,,82483,22,,,1,70,,82486,22,,,1,30,,82472,22,,,1,70,,82487,22,,,1,30,,82484,22,,,1,69,,82467,22,,,1,30,,82490,22,,,1
5500,'Semaine-12',641,,82509,22,,,1,102,,82525,22,,,1,69,,82508,22,,,1,98,,82544,22,,,1,28,,82545,22,,,1,69,,82514,22,,,1,30,,82524,22,,,1,69,,82528,22,,,1,32,,82550,22,,,1,70,,82510,22,,,1,30,,82549,22,,,1,69,,82527,22,,,1,30,,82542,22,,,1,70,,82536,22,,,1,24,,82543,22,,,1,16,,82529,22,,,1,54,,82507,22,,,1,17,,82548,22,,,1,17,,82518,22,,,1,15,,82551,22,,,1,53,,82539,22,,,1,10,,82511,22,,,1,13,,82522,22,,,1,18,,82554,22,,,1,9,,82547,22,,,1,51,,82513,22,,,1,11,,82530,22,,,1,10,,82523,22,,,1,11,,82552,22,,,1,12,,82537,22,,,1,8,,82517,22,,,1,52,,82512,22,,,1,10,,82553,22,,,1,11,,82521,22,,,1,12,,82516,22,,,1,10,,82526,22,,,1,70,,82541,22,,,1,29,,82546,22,,,1,70,,82533,22,,,1,30,,82519,22,,,1,70,,82540,22,,,1,28,,82531,22,,,1,70,,82534,22,,,1,30,,82520,22,,,1,70,,82535,22,,,1,30,,82532,22,,,1,69,,82515,22,,,1,30,,82538,22,,,1
5601,'Semaine-1',1232,,82735,24,,,1,102,,82732,24,,,1,100,,82731,24,,,1,101,,82734,24,,,2,104,,82733,24,,,1,99,,82736,24,,,1,95,,82737,24,,,1
5601,'Semaine-12',1232,,82742,24,,,1,102,,82739,24,,,1,100,,82738,24,,,1,101,,82741,24,,,2,104,,82740,24,,,1,99,,82743,24,,,1,95,,82744,24,,,1
5800,'Semaine-1',823,,82749,9,,,1,399,,82750,9,,,1,300,,82752,9,,,1,31,,82747,9,,,1,71,,82748,9,,,1,29,,82751,9,,,1,69,,82746,9,,,2,30,,82745,9,,,1
5800,'Semaine-12',823,,82757,9,,,1,399,,82758,9,,,1,300,,82760,9,,,1,31,,82755,9,,,1,71,,82756,9,,,1,29,,82759,9,,,1,69,,82754,9,,,2,30,,82753,9,,,1
5900,'Samedi-1',723,,82779,22,,,1,30,,82782,22,,,1,70,,82775,22,,,1,30,,82781,22,,,1,70,,82778,22,,,1,30,,82783,22,,,1,70,,82787,22,,,1,30,,82788,22,,,1,70,,82777,22,,,1,30,,82776,22,,,1,71,,82786,22,,,1,30,,82780,22,,,1,70,,82784,22,,,1,31,,82789,22,,,1,70,,82785,22,,,1,30,,82790,22,,,1,70,,82791,22,,,1,29,,82792,22,,,1,70,,82793,22,,,1,32,,82794,22,,,1,69,,82795,22,,,1,30,,82796,22,,,1,69,,82797,22,,,1,30,,82798,22,,,1,70,,82799,22,,,1,29,,82801,22,,,1,70,,82800,22,,,1,30,,82803,22,,,1,70,,82802,22,,,1,29,,82804,22,,,1,71,,82805,22,,,1,30,,82807,22,,,1,70,,82806,22,,,1,31,,82808,22,,,1
5900,'Samedi-10',723,,71438,22,,,1,30,,71441,22,,,1,70,,71434,22,,,1,30,,71440,22,,,1,70,,71437,22,,,1,30,,71442,22,,,1,70,,71446,22,,,1,30,,71447,22,,,1,70,,71436,22,,,1,30,,71435,22,,,1,71,,71445,22,,,1,30,,71439,22,,,1,70,,71443,22,,,1,31,,71448,22,,,1,70,,71444,22,,,1,30,,71449,22,,,1,70,,71450,22,,,1,29,,71451,22,,,1,70,,71452,22,,,1,32,,71453,22,,,1,69,,71454,22,,,1,30,,71455,22,,,1,69,,71456,22,,,1,30,,71457,22,,,1,70,,71458,22,,,1,29,,71460,22,,,1,70,,71459,22,,,1,30,,71462,22,,,1,70,,71461,22,,,1,29,,71463,22,,,1,71,,71464,22,,,1,30,,71466,22,,,1,70,,71465,22,,,1,31,,71467,22,,,1
5900,'Dimanche-1',723,,82814,22,,,1,30,,82813,22,,,1,70,,82809,22,,,1,30,,82818,22,,,1,70,,82824,22,,,1,30,,82815,22,,,1,70,,82822,22,,,1,30,,82817,22,,,1,70,,82823,22,,,1,30,,82810,22,,,1,71,,82821,22,,,1,30,,82811,22,,,1,70,,82819,22,,,1,31,,82825,22,,,1,70,,82812,22,,,1,30,,82816,22,,,1,70,,82820,22,,,1,29,,82829,22,,,1,70,,82830,22,,,1,32,,82827,22,,,1,69,,82832,22,,,1,30,,82828,22,,,1,69,,82834,22,,,1,30,,82826,22,,,1,70,,82831,22,,,1,29,,82835,22,,,1,70,,82833,22,,,1,30,,82836,22,,,1,70,,82837,22,,,1,29,,82838,22,,,1,71,,82839,22,,,1,30,,82841,22,,,1,70,,82840,22,,,1,31,,82842,22,,,1
5900,'Semaine-1',609,,82850,22,,,1,98,,82885,22,,,1,47,,82890,22,,,1,88,,82866,22,,,1,83,,82862,22,,,1,28,,82883,22,,,1,70,,82859,22,,,1,30,,82882,22,,,1,70,,82873,22,,,1,30,,82867,22,,,1,71,,82875,22,,,1,30,,82858,22,,,1,70,,82886,22,,,1,30,,82849,22,,,1,71,,82880,22,,,1,14,,82851,22,,,1,18,,82884,22,,,1,71,,82844,22,,,1,14,,82888,22,,,1,15,,82843,22,,,1,48,,82878,22,,,1,17,,82874,22,,,1,7,,82887,17,,,1,6,,82861,22,,,1,13,,82845,22,,,1,6,,82889,17,,,1,46,,82846,22,,,1,12,,82854,22,,,1,9,,82881,22,,,1,12,,82870,22,,,1,11,,82857,22,,,1,9,,82879,22,,,1,52,,82865,22,,,1,12,,82877,22,,,1,9,,82847,22,,,1,10,,82852,22,,,1,71,,82872,22,,,1,29,,82863,22,,,1,70,,82868,22,,,1,29,,82856,22,,,1,70,,82864,22,,,1,30,,82869,22,,,1,70,,82876,22,,,1,30,,82853,22,,,1,70,,82871,22,,,1,29,,82860,22,,,1,70,,82848,22,,,1,29,,82855,22,,,1
5900,'Semaine-12',609,,82898,22,,,1,98,,82933,22,,,1,47,,82938,22,,,1,88,,82914,22,,,1,83,,82910,22,,,1,28,,82931,22,,,1,70,,82907,22,,,1,30,,82930,22,,,1,70,,82921,22,,,1,30,,82915,22,,,1,71,,82923,22,,,1,30,,82906,22,,,1,70,,82934,22,,,1,30,,82897,22,,,1,71,,82928,22,,,1,14,,82899,22,,,1,18,,82932,22,,,1,71,,82892,22,,,1,14,,82936,22,,,1,15,,82891,22,,,1,48,,82926,22,,,1,17,,82922,22,,,1,7,,82935,17,,,1,6,,82909,22,,,1,13,,82893,22,,,1,6,,82937,17,,,1,46,,82894,22,,,1,12,,82902,22,,,1,9,,82929,22,,,1,12,,82918,22,,,1,11,,82905,22,,,1,9,,82927,22,,,1,52,,82913,22,,,1,12,,82925,22,,,1,9,,82895,22,,,1,10,,82900,22,,,1,71,,82920,22,,,1,29,,82911,22,,,1,70,,82916,22,,,1,29,,82904,22,,,1,70,,82912,22,,,1,30,,82917,22,,,1,70,,82924,22,,,1,30,,82901,22,,,1,70,,82919,22,,,1,29,,82908,22,,,1,70,,82896,22,,,1,29,,82903,22,,,1
55401,'Semaine-1',1539,,86814,22,0,5 6,1
55401,'Semaine-12',1539,,86816,22,0,5 6,1
65500,'Semaine-1',723,,86863,15,0,9 10,1
65500,'Semaine-12',723,,86864,15,0,9 10,1
74000,'Semaine-1',1633,,86880,18,0,5 11,1
74000,'Semaine-12',1633,,86882,18,0,5 11,1
80001,'Samedi-1',631,,87007,24,,,1,101,,87009,24,,,1,101,,87010,24,,,1,100,,87013,24,,,1,101,,87008,24,,,1,100,,87011,24,,,1,101,,87014,24,,,1,100,,87012,24,,,1,100,,87015,24,,,1,100,,87016,24,,,1,100,,87017,24,,,2,102,,87018,24,,,1,97,,87021,24,,,1,99,,87019,24,,,1,100,,87020,24,,,1,100,,87022,24,,,1,99,,87023,24,,,1
80001,'Samedi-10',631,,79670,24,,,1,101,,79672,24,,,1,101,,79673,24,,,1,100,,79676,24,,,1,101,,79671,24,,,1,100,,79674,24,,,1,101,,79677,24,,,1,100,,79675,24,,,1,100,,79678,24,,,1,100,,79679,24,,,1,100,,79680,24,,,2,102,,79681,24,,,1,97,,79684,24,,,1,99,,79682,24,,,1,100,,79683,24,,,1,100,,79685,24,,,1,99,,79686,24,,,1
80001,'Dimanche-1',631,,87024,24,,,1,101,,87026,24,,,1,101,,87028,24,,,1,100,,87025,24,,,1,101,,87027,24,,,1,100,,87029,24,,,1,101,,87030,24,,,1,100,,87031,24,,,1,100,,87034,24,,,1,100,,87032,24,,,1,100,,87033,24,,,2,102,,87036,24,,,1,97,,87037,24,,,1,99,,87035,24,,,1,100,,87038,24,,,1,100,,87039,24,,,1,99,,87040,24,,,1
80001,'Semaine-1',624,,87062,24,,,1,28,,87055,24,,,1,72,,87063,24,,,1,30,,87047,24,,,1,74,,87045,24,,,1,28,,87052,24,,,1,66,,87058,24,,,1,30,,87070,24,,,1,70,,87061,24,,,2,30,,87053,24,,,1,70,,87067,24,,,1,30,,87041,24,,,1,71,,87075,24,,,1,29,,87073,24,,,1,74,,87043,24,,,1,30,,87066,24,,,1,70,,87057,24,,,1,30,,87064,24,,,1,73,,87074,24,,,1,29,,87059,24,,,1,57,,87069,24,,,1,22,,87071,24,,,1,64,,87068,24,,,1,27,,87060,24,,,1,30,,87050,24,,,1,68,,87048,24,,,1,27,,87042,24,,,1,69,,87072,24,,,1,32,,87054,24,,,1,67,,87051,24,,,1,30,,87056,24,,,1,69,,87044,24,,,1,30,,87065,24,,,1,74,,87046,24,,,1,31,,87049,24,,,1
80001,'Semaine-12',624,,87097,24,,,1,28,,87090,24,,,1,72,,87098,24,,,1,30,,87082,24,,,1,74,,87080,24,,,1,28,,87087,24,,,1,66,,87093,24,,,1,30,,87105,24,,,1,70,,87096,24,,,2,30,,87088,24,,,1,70,,87102,24,,,1,30,,87076,24,,,1,71,,87110,24,,,1,29,,87108,24,,,1,74,,87078,24,,,1,30,,87101,24,,,1,70,,87092,24,,,1,30,,87099,24,,,1,73,,87109,24,,,1,29,,87094,24,,,1,57,,87104,24,,,1,22,,87106,24,,,1,64,,87103,24,,,1,27,,87095,24,,,1,30,,87085,24,,,1,68,,87083,24,,,1,27,,87077,24,,,1,69,,87107,24,,,1,32,,87089,24,,,1,67,,87086,24,,,1,30,,87091,24,,,1,69,,87079,24,,,1,30,,87100,24,,,1,74,,87081,24,,,1,31,,87084,24,,,1
