2700,'Semaine-1',1557,,80039,10,,,1,70,,80037,10,,,2,28,,80041,10,,,1,70,,80038,10,,,2,29,,80040,10,,,2
2700,'Semaine-12',1557,,80044,10,,,1,70,,80042,10,,,2,28,,80046,10,,,1,70,,80043,10,,,2,29,,80045,10,,,2
3300,'Samedi-1',750,,80535,13,,,1,100,,80536,13,,,1,100,,80537,13,,,1,100,,80538,13,,,1,101,,80539,13,,,1,100,,80540,13,,,1,100,,80541,13,,,1,100,,80542,13,,,1,100,,80543,13,,,1,100,,80544,13,,,1,100,,80545,13,,,1,99,,80546,13,,,1,100,,80547,13,,,1,100,,80548,13,,,1,100,,80549,13,,,1,100,,80550,13,,,1,100,,80551,13,,,1,99,,80552,13,,,1
3300,'Samedi-10',750,,66888,13,,,1,100,,66889,13,,,1,100,,66890,13,,,1,100,,66891,13,,,1,101,,66892,13,,,1,100,,66893,13,,,1,100,,66894,13,,,1,100,,66895,13,,,1,100,,66896,13,,,1,100,,66897,13,,,1,100,,66898,13,,,1,99,,66899,13,,,1,100,,66900,13,,,1,100,,66901,13,,,1,100,,66902,13,,,1,100,,66903,13,,,1,100,,66904,13,,,1,99,,66905,13,,,1
3300,'Dimanche-1',750,,80554,13,,,1,100,,80559,13,,,1,100,,80565,13,,,1,100,,80556,13,,,1,101,,80558,13,,,1,100,,80555,13,,,1,100,,80557,13,,,1,100,,80553,13,,,1,100,,80561,13,,,1,100,,80560,13,,,1,100,,80563,13,,,1,99,,80562,13,,,1,100,,80564,13,,,1,100,,80566,13,,,1,100,,80567,13,,,1,100,,80568,13,,,1,100,,80569,13,,,1,99,,80570,13,,,1
3300,'Semaine-1',624,,80596,13,,,1,20,,80595,13,,,1,59,,80602,13,,,1,34,,80575,13,,,1,13,,80589,13,,,1,59,,80597,13,,,1,16,,80610,13,,,1,17,,80603,13,,,1,68,,80587,13,,,1,29,,80605,13,,,1,72,,80590,13,,,1,38,,80580,13,,,1,61,,80599,13,,,1,20,,80585,13,,,1,20,,80592,13,,,1,60,,80581,13,,,1,22,,80607,13,,,1,18,,80588,13,,,1,60,,80609,13,,,1,32,,80594,13,,,1,69,,80582,13,,,1,20,,80604,13,,,1,20,,80600,13,,,1,59,,80593,13,,,1,23,,80572,13,,,1,21,,80584,13,,,1,52,,80591,13,,,1,15,,80608,13,,,1,17,,80606,13,,,1,65,,80601,13,,,1,20,,80579,13,,,1,20,,80578,13,,,1,15,,80583,13,,,1,58,,80571,13,,,1,18,,80576,13,,,1,81,,80611,13,,,1,33,,80586,13,,,1,99,,80577,13,,,1,102,,80573,13,,,1,100,,80598,13,,,2,100,,80612,13,,,1,103,,80574,13,,,1
3300,'Semaine-12',624,,80638,13,,,1,20,,80637,13,,,1,59,,80644,13,,,1,34,,80617,13,,,1,13,,80631,13,,,1,59,,80639,13,,,1,16,,80652,13,,,1,17,,80645,13,,,1,68,,80629,13,,,1,29,,80647,13,,,1,72,,80632,13,,,1,38,,80622,13,,,1,61,,80641,13,,,1,20,,80627,13,,,1,20,,80634,13,,,1,60,,80623,13,,,1,22,,80649,13,,,1,18,,80630,13,,,1,60,,80651,13,,,1,32,,80636,13,,,1,69,,80624,13,,,1,20,,80646,13,,,1,20,,80642,13,,,1,59,,80635,13,,,1,23,,80614,13,,,1,21,,80626,13,,,1,52,,80633,13,,,1,15,,80650,13,,,1,17,,80648,13,,,1,65,,80643,13,,,1,20,,80621,13,,,1,20,,80620,13,,,1,15,,80625,13,,,1,58,,80613,13,,,1,18,,80618,13,,,1,81,,80653,13,,,1,33,,80628,13,,,1,99,,80619,13,,,1,102,,80615,13,,,1,100,,80640,13,,,2,100,,80654,13,,,1,103,,80616,13,,,1
73300,'Semaine-1',1619,,86877,10,,,1
73300,'Semaine-12',1619,,86878,10,,,1
82501,'Semaine-1',808,,87116,32,0,9 12 13,1,1,,87117,32,0,9 12 13,1
82501,'Semaine-12',808,,87118,32,0,9 12 13,1,1,,87119,32,0,9 12 13,1
82901,'Semaine-1',809,,87138,23,0,9 12 13,1,1,,87139,23,0,9 12 13,1,1,,87140,23,0,9 12 13,2
82901,'Semaine-12',809,,87141,23,0,9 12 13,1,1,,87142,23,0,9 12 13,1,1,,87143,23,0,9 12 13,2
86701,'Semaine-1',816,,87161,6,0,9 12 13,1
86701,'Semaine-12',816,,87162,6,0,9 12 13,1
