2300,'Semaine-1',1604,,79976,29,,,1,28,,79974,29,,,1,74,,79972,29,,,1,25,,79973,29,,,2,23,,79975,29,,,2,68,,79971,29,,,1
2300,'Semaine-12',1604,,79982,29,,,1,28,,79980,29,,,1,74,,79978,29,,,1,25,,79979,29,,,2,23,,79981,29,,,2,68,,79977,29,,,1
2500,'Semaine-1',1544,,79993,28,,,1,70,,79996,28,,,1,32,,79994,28,,,1,73,,79998,28,,,1,24,,79995,28,,,2,65,,79997,28,,,2
2500,'Semaine-12',1544,,79999,28,,,1,70,,80002,28,,,1,32,,80000,28,,,1,73,,80004,28,,,1,24,,80001,28,,,2,65,,80003,28,,,2
2800,'Semaine-1',1615,,80055,38,,,1,42,,80056,38,,,1,90,,80057,38,,,1
2800,'Semaine-12',1615,,80058,38,,,1,42,,80059,38,,,1,90,,80060,38,,,1
3200,'Semaine-1',643,,80376,32,,,1,71,,80375,32,,,1,32,,80371,32,,,1,73,,80373,32,,,1,28,,80372,32,,,2,70,,80374,32,,,1,28,,80347,32,,,2,70,,80342,32,,,1,30,,80343,32,,,2,70,,80354,32,,,1,30,,80348,32,,,1,72,,80334,32,,,1,30,,80335,32,,,1,69,,80346,32,,,1,30,,80349,32,,,1,70,,80355,32,,,1,31,,80336,32,,,1,70,,80381,32,,,1,15,,80333,32,,,2,16,,80363,32,,,1,10,,80353,32,,,1,51,,80359,32,,,2,10,,80360,32,,,1,10,,80378,32,,,1,10,,80379,32,,,1,10,,80380,32,,,2,53,,80377,32,,,2,7,,80350,32,,,1,10,,80361,32,,,1,10,,80369,32,,,2,10,,80362,32,,,2,7,,80339,32,,,1,10,,80370,32,,,1,50,,80356,32,,,2,8,,80358,32,,,1,10,,80357,32,,,1,19,,80351,32,,,2,65,,80345,32,,,1,30,,80340,32,,,1,70,,80337,32,,,2,29,,80352,32,,,2,70,,80344,32,,,1,33,,80341,32,,,1,66,,80338,32,,,2,30,,80364,32,,,1,68,,80365,32,,,1,28,,80366,32,,,1,70,,80367,32,,,1,30,,80368,32,,,1
3200,'Semaine-12',643,,80425,32,,,1,71,,80424,32,,,1,32,,80420,32,,,1,73,,80422,32,,,1,28,,80421,32,,,2,70,,80423,32,,,1,28,,80396,32,,,2,70,,80391,32,,,1,30,,80392,32,,,2,70,,80403,32,,,1,30,,80397,32,,,1,72,,80383,32,,,1,30,,80384,32,,,1,69,,80395,32,,,1,30,,80398,32,,,1,70,,80404,32,,,1,31,,80385,32,,,1,70,,80430,32,,,1,15,,80382,32,,,2,16,,80412,32,,,1,10,,80402,32,,,1,51,,80408,32,,,2,10,,80409,32,,,1,10,,80427,32,,,1,10,,80428,32,,,1,10,,80429,32,,,2,53,,80426,32,,,2,7,,80399,32,,,1,10,,80410,32,,,1,10,,80418,32,,,2,10,,80411,32,,,2,7,,80388,32,,,1,10,,80419,32,,,1,50,,80405,32,,,2,8,,80407,32,,,1,10,,80406,32,,,1,19,,80400,32,,,2,65,,80394,32,,,1,30,,80389,32,,,1,70,,80386,32,,,2,29,,80401,32,,,2,70,,80393,32,,,1,33,,80390,32,,,1,66,,80387,32,,,2,30,,80413,32,,,1,68,,80414,32,,,1,28,,80415,32,,,1,70,,80416,32,,,1,30,,80417,32,,,1
3400,'Samedi-1',758,,80773,46,,,1,100,,80778,46,,,1,70,,80774,46,,,1,31,,80780,46,,,1,70,,80781,46,,,1,71,,80775,46,,,1,30,,80776,46,,,1,70,,80777,46,,,1,30,,80779,46,,,1,72,,80782,46,,,1,30,,80784,46,,,1,70,,80783,46,,,1,30,,80785,46,,,1,70,,80786,46,,,1,30,,80787,46,,,1,70,,80788,46,,,1,30,,80789,46,,,1,71,,80790,46,,,1,30,,80791,46,,,1,70,,80792,46,,,1,30,,80793,46,,,1,68,,80794,46,,,1,28,,80795,46,,,1,29,,80796,46,,,1,71,,80797,46,,,1,30,,80798,46,,,1,70,,80799,46,,,1,30,,80800,46,,,1,70,,80801,46,,,1,30,,80803,46,,,1,70,,80802,46,,,1,29,,80805,46,,,1,70,,80804,46,,,1,26,,80806,46,,,1
3400,'Samedi-10',758,,67369,46,,,1,100,,67374,46,,,1,70,,67370,46,,,1,31,,67376,46,,,1,70,,67377,46,,,1,71,,67371,46,,,1,30,,67372,46,,,1,70,,67373,46,,,1,30,,67375,46,,,1,72,,67378,46,,,1,30,,67380,46,,,1,70,,67379,46,,,1,30,,67381,46,,,1,70,,67382,46,,,1,30,,67383,46,,,1,70,,67384,46,,,1,30,,67385,46,,,1,71,,67386,46,,,1,30,,67387,46,,,1,70,,67388,46,,,1,30,,67389,46,,,1,68,,67390,46,,,1,28,,67391,46,,,1,29,,67392,46,,,1,71,,67393,46,,,1,30,,67394,46,,,1,70,,67395,46,,,1,30,,67396,46,,,1,70,,67397,46,,,1,30,,67399,46,,,1,70,,67398,46,,,1,29,,67401,46,,,1,70,,67400,46,,,1,26,,67402,46,,,1
3400,'Dimanche-1',758,,80811,46,,,1,100,,80831,46,,,1,70,,80813,46,,,1,31,,80817,46,,,1,70,,80810,46,,,1,71,,80818,46,,,1,30,,80809,46,,,1,70,,80808,46,,,1,30,,80821,46,,,1,72,,80812,46,,,1,30,,80815,46,,,1,70,,80814,46,,,1,30,,80807,46,,,1,70,,80823,46,,,1,30,,80819,46,,,1,70,,80820,46,,,1,30,,80816,46,,,1,71,,80827,46,,,1,30,,80826,46,,,1,70,,80824,46,,,1,30,,80822,46,,,1,68,,80825,46,,,1,28,,80830,46,,,1,29,,80828,46,,,1,71,,80829,46,,,1,30,,80832,46,,,1,70,,80833,46,,,1,30,,80834,46,,,1,70,,80835,46,,,1,30,,80836,46,,,1,70,,80837,46,,,1,29,,80839,46,,,1,70,,80838,46,,,1,26,,80840,46,,,1
3400,'Semaine-1',636,,80871,46,,,1,68,,80856,46,,,1,33,,80850,46,,,1,75,,80854,46,,,1,30,,80845,46,,,2,69,,80865,46,,,1,30,,80851,46,,,1,67,,80841,46,,,1,30,,80846,46,,,1,70,,80847,46,,,1,30,,80852,46,,,1,70,,80842,46,,,1,31,,80872,46,,,1,70,,80848,46,,,1,30,,80853,46,,,1,70,,80843,46,,,1,33,,80869,46,,,1,70,,80844,46,,,1,26,,80870,46,,,1,305,,80868,46,,,1,60,,80857,46,,,1,27,,80849,46,,,1,70,,80861,46,,,1,30,,80867,46,,,1,71,,80858,46,,,1,28,,80860,46,,,1,30,,80862,46,,,1,70,,80855,46,,,1,30,,80864,46,,,1,68,,80859,46,,,1,29,,80863,46,,,1,70,,80866,46,,,1
3400,'Semaine-12',636,,80903,46,,,1,68,,80888,46,,,1,33,,80882,46,,,1,75,,80886,46,,,1,30,,80877,46,,,2,69,,80897,46,,,1,30,,80883,46,,,1,67,,80873,46,,,1,30,,80878,46,,,1,70,,80879,46,,,1,30,,80884,46,,,1,70,,80874,46,,,1,31,,80904,46,,,1,70,,80880,46,,,1,30,,80885,46,,,1,70,,80875,46,,,1,33,,80901,46,,,1,70,,80876,46,,,1,26,,80902,46,,,1,305,,80900,46,,,1,60,,80889,46,,,1,27,,80881,46,,,1,70,,80893,46,,,1,30,,80899,46,,,1,71,,80890,46,,,1,28,,80892,46,,,1,30,,80894,46,,,1,70,,80887,46,,,1,30,,80896,46,,,1,68,,80891,46,,,1,29,,80895,46,,,1,70,,80898,46,,,1
4901,'Samedi-1',730,,82116,26,,,1,100,,82115,26,,,1,100,,82117,26,,,1,100,,82113,26,,,1,100,,82118,26,,,1,101,,82114,26,,,1,100,,82119,26,,,1,100,,82120,26,,,1,100,,82121,26,,,1,100,,82122,26,,,1,100,,82123,26,,,1,99,,82124,26,,,1,100,,82125,26,,,1,100,,82126,26,,,1,100,,82127,26,,,1,100,,82128,26,,,1,100,,82129,26,,,1
4901,'Samedi-10',730,,70061,26,,,1,100,,70060,26,,,1,100,,70062,26,,,1,100,,70058,26,,,1,100,,70063,26,,,1,101,,70059,26,,,1,100,,70064,26,,,1,100,,70065,26,,,1,100,,70066,26,,,1,100,,70067,26,,,1,100,,70068,26,,,1,99,,70069,26,,,1,100,,70070,26,,,1,100,,70071,26,,,1,100,,70072,26,,,1,100,,70073,26,,,1,100,,70074,26,,,1
4901,'Dimanche-1',730,,82143,26,,,1,100,,82132,26,,,1,100,,82142,26,,,1,100,,82135,26,,,1,100,,82131,26,,,1,101,,82130,26,,,1,100,,82133,26,,,1,100,,82134,26,,,1,100,,82137,26,,,1,100,,82136,26,,,1,100,,82140,26,,,1,99,,82139,26,,,1,100,,82141,26,,,1,100,,82138,26,,,1,100,,82144,26,,,1,100,,82145,26,,,1,100,,82146,26,,,1
4901,'Semaine-1',613,,82153,26,,,1,88,,82158,26,,,1,31,,82174,26,,,1,71,,82170,26,,,1,28,,82168,26,,,1,28,,82178,26,,,1,70,,82160,26,,,1,30,,82176,26,,,1,68,,82172,26,,,1,32,,82147,26,,,1,70,,82169,26,,,1,30,,82148,26,,,1,70,,82154,26,,,1,30,,82156,26,,,1,70,,82161,26,,,1,29,,82177,26,,,1,71,,82159,26,,,1,72,,82179,26,,,1,22,,82175,26,,,1,11,,82162,26,,,1,15,,82149,26,,,1,55,,82165,26,,,1,30,,82155,26,,,1,67,,82157,26,,,1,29,,82173,26,,,1,29,,82167,26,,,1,70,,82171,26,,,1,94,,82150,26,,,1,80,,82166,26,,,1,101,,82164,26,,,1,99,,82151,26,,,1,100,,82163,26,,,1,97,,82152,26,,,1
4901,'Semaine-12',613,,82186,26,,,1,88,,82191,26,,,1,31,,82207,26,,,1,71,,82203,26,,,1,28,,82201,26,,,1,28,,82211,26,,,1,70,,82193,26,,,1,30,,82209,26,,,1,68,,82205,26,,,1,32,,82180,26,,,1,70,,82202,26,,,1,30,,82181,26,,,1,70,,82187,26,,,1,30,,82189,26,,,1,70,,82194,26,,,1,29,,82210,26,,,1,71,,82192,26,,,1,72,,82212,26,,,1,22,,82208,26,,,1,11,,82195,26,,,1,15,,82182,26,,,1,55,,82198,26,,,1,30,,82188,26,,,1,67,,82190,26,,,1,29,,82206,26,,,1,29,,82200,26,,,1,70,,82204,26,,,1,94,,82183,26,,,1,80,,82199,26,,,1,101,,82197,26,,,1,99,,82184,26,,,1,100,,82196,26,,,1,97,,82185,26,,,1
32500,'Semaine-1',1643,,85896,34,0,7 8,1
32500,'Semaine-12',1643,,85898,34,0,7 8,1
32600,'Semaine-1',1646,,85903,40,0,7 8,1
32600,'Semaine-12',1646,,85904,40,0,7 8,1
42501,'Semaine-1',1514,,86757,22,0,9 14,1
42501,'Semaine-12',1514,,86758,22,0,9 14,1
44901,'Semaine-1',1513,,86793,18,0,9 14,1
44901,'Semaine-12',1513,,86794,18,0,9 14,1
54901,'Semaine-1',1534,,86796,19,,,1
54901,'Semaine-12',1534,,86798,19,,,1
72500,'Semaine-1',1638,,86867,26,0,5 11,1
72500,'Semaine-12',1638,,86868,26,0,5 11,1
82500,'Semaine-1',1544,,87113,20,0,9 12 13,1
82500,'Semaine-12',1544,,87115,20,0,9 12 13,1
82600,'Semaine-1',1548,,87121,32,0,9 12 13,1
82600,'Semaine-12',1548,,87123,32,0,9 12 13,1
