3101,'Samedi-1',649,,80209,11,,,1,100,,80210,11,,,1,100,,80211,11,,,1,100,,80212,11,,,1,100,,80213,11,,,1,100,,80214,11,,,1,100,,80215,11,,,1,100,,80216,11,,,1,100,,80217,11,,,1,100,,80218,11,,,1,100,,80219,11,,,1,100,,80220,11,,,1,100,,80221,11,,,1,99,,80222,11,,,1,100,,80223,11,,,1,100,,80224,11,,,1,100,,80225,11,,,1,100,,80226,11,,,1
3101,'Samedi-10',649,,66345,11,,,1,100,,66346,11,,,1,100,,66347,11,,,1,100,,66348,11,,,1,100,,66349,11,,,1,100,,66350,11,,,1,100,,66351,11,,,1,100,,66352,11,,,1,100,,66353,11,,,1,100,,66354,11,,,1,100,,66355,11,,,1,100,,66356,11,,,1,100,,66357,11,,,1,99,,66358,11,,,1,100,,66359,11,,,1,100,,66360,11,,,1,100,,66361,11,,,1,100,,66362,11,,,1
3101,'Dimanche-1',649,,80228,11,,,1,100,,80233,11,,,1,100,,80240,11,,,1,100,,80230,11,,,1,100,,80232,11,,,1,100,,80229,11,,,1,100,,80231,11,,,1,100,,80227,11,,,1,100,,80234,11,,,1,100,,80237,11,,,1,100,,80236,11,,,1,100,,80235,11,,,1,100,,80239,11,,,1,99,,80238,11,,,1,100,,80241,11,,,1,100,,80242,11,,,1,100,,80243,11,,,1,100,,80244,11,,,1
3101,'Semaine-1',528,,80248,11,,,1,76,,80282,11,,,1,33,,80262,11,,,1,70,,80249,11,,,1,16,,80285,11,,,1,17,,80245,11,,,1,15,,80287,11,,,1,52,,80259,11,,,1,15,,80260,11,,,1,15,,80279,11,,,1,15,,80250,11,,,1,60,,80252,11,,,1,20,,80277,11,,,1,20,,80269,11,,,1,61,,80278,11,,,1,20,,80251,11,,,1,20,,80253,11,,,1,60,,80273,11,,,1,20,,80283,11,,,1,20,,80272,11,,,1,60,,80254,11,,,1,20,,80246,11,,,1,20,,80276,11,,,1,60,,80286,11,,,1,20,,80271,11,,,1,20,,80255,11,,,1,57,,80274,11,,,1,23,,80275,11,,,1,20,,80284,11,,,1,60,,80270,11,,,1,19,,80256,11,,,1,21,,80267,11,,,1,62,,80268,11,,,1,20,,80257,11,,,1,20,,80263,11,,,1,60,,80247,11,,,1,20,,80280,11,,,1,18,,80288,11,,,1,65,,80258,11,,,1,99,,80281,11,,,1,100,,80264,11,,,1,100,,80261,11,,,1,99,,80265,11,,,1,100,,80266,11,,,1
3101,'Semaine-12',528,,80292,11,,,1,76,,80326,11,,,1,33,,80306,11,,,1,70,,80293,11,,,1,16,,80329,11,,,1,17,,80289,11,,,1,15,,80331,11,,,1,52,,80303,11,,,1,15,,80304,11,,,1,15,,80323,11,,,1,15,,80294,11,,,1,60,,80296,11,,,1,20,,80321,11,,,1,20,,80313,11,,,1,61,,80322,11,,,1,20,,80295,11,,,1,20,,80297,11,,,1,60,,80317,11,,,1,20,,80327,11,,,1,20,,80316,11,,,1,60,,80298,11,,,1,20,,80290,11,,,1,20,,80320,11,,,1,60,,80330,11,,,1,20,,80315,11,,,1,20,,80299,11,,,1,57,,80318,11,,,1,23,,80319,11,,,1,20,,80328,11,,,1,60,,80314,11,,,1,19,,80300,11,,,1,21,,80311,11,,,1,62,,80312,11,,,1,20,,80301,11,,,1,20,,80307,11,,,1,60,,80291,11,,,1,20,,80324,11,,,1,18,,80332,11,,,1,65,,80302,11,,,1,99,,80325,11,,,1,100,,80308,11,,,1,100,,80305,11,,,1,99,,80309,11,,,1,100,,80310,11,,,1
33101,'Semaine-1',1644,,85913,38,0,7 8,1
33101,'Semaine-12',1644,,85914,38,0,7 8,1
43100,'Semaine-1',1503,,86772,10,0,9 14,1
43100,'Semaine-12',1503,,86774,10,0,9 14,1
83101,'Semaine-1',801,,87148,11,0,9 12 13,2,2,,87149,11,0,9 12 13,1
83101,'Semaine-12',801,,87150,11,0,9 12 13,2,2,,87151,11,0,9 12 13,1
