2700,'Semaine-1',1617,,80039,33,,,1,30,,80037,33,,,2,67,,80041,33,,,1,29,,80038,33,,,2,69,,80040,33,,,2
2700,'Semaine-12',1617,,80044,33,,,1,30,,80042,33,,,2,67,,80046,33,,,1,29,,80043,33,,,2,69,,80045,33,,,2
3301,'Samedi-1',711,,80655,9,,,1,100,,80656,9,,,1,100,,80657,9,,,1,100,,80658,9,,,1,99,,80659,9,,,1,101,,80660,9,,,1,100,,80661,9,,,1,100,,80662,9,,,1,100,,80663,9,,,1,100,,80664,9,,,1,100,,80665,9,,,1,99,,80666,9,,,1,100,,80667,9,,,1,100,,80668,9,,,1,100,,80669,9,,,1,100,,80670,9,,,1,100,,80671,9,,,1,100,,80672,9,,,1
3301,'Samedi-10',711,,67122,9,,,1,100,,67123,9,,,1,100,,67124,9,,,1,100,,67125,9,,,1,99,,67126,9,,,1,101,,67127,9,,,1,100,,67128,9,,,1,100,,67129,9,,,1,100,,67130,9,,,1,100,,67131,9,,,1,100,,67132,9,,,1,99,,67133,9,,,1,100,,67134,9,,,1,100,,67135,9,,,1,100,,67136,9,,,1,100,,67137,9,,,1,100,,67138,9,,,1,100,,67139,9,,,1
3301,'Dimanche-1',711,,80677,9,,,1,100,,80678,9,,,1,100,,80686,9,,,1,100,,80679,9,,,1,99,,80674,9,,,1,101,,80675,9,,,1,100,,80673,9,,,1,100,,80676,9,,,1,100,,80680,9,,,1,100,,80681,9,,,1,100,,80683,9,,,1,99,,80685,9,,,1,100,,80684,9,,,1,100,,80682,9,,,1,100,,80687,9,,,1,100,,80688,9,,,1,100,,80689,9,,,1,100,,80690,9,,,1
3301,'Semaine-1',556,,80714,9,,,1,60,,80722,9,,,1,18,,80699,9,,,1,14,,80719,9,,,1,59,,80715,9,,,1,10,,80710,9,,,1,11,,80730,9,,,1,12,,80728,9,,,1,15,,80717,9,,,1,54,,80705,9,,,1,12,,80721,9,,,1,14,,80695,9,,,1,70,,80707,9,,,1,31,,80713,9,,,1,70,,80703,9,,,1,30,,80724,9,,,1,70,,80708,9,,,1,30,,80700,9,,,1,70,,80702,9,,,1,15,,80720,9,,,1,15,,80729,9,,,1,65,,80711,9,,,1,30,,80701,9,,,1,70,,80706,9,,,1,30,,80709,9,,,1,20,,80731,9,,,1,60,,80712,9,,,1,18,,80716,9,,,1,22,,80697,9,,,1,60,,80727,9,,,1,20,,80704,9,,,1,27,,80694,9,,,1,72,,80691,9,,,1,75,,80725,9,,,1,30,,80698,9,,,1,70,,80693,9,,,1,100,,80696,9,,,1,34,,80718,9,,,1,101,,80723,9,,,2,100,,80692,9,,,1,100,,80726,9,,,1
3301,'Semaine-12',556,,80755,9,,,1,60,,80763,9,,,1,18,,80740,9,,,1,14,,80760,9,,,1,59,,80756,9,,,1,10,,80751,9,,,1,11,,80771,9,,,1,12,,80769,9,,,1,15,,80758,9,,,1,54,,80746,9,,,1,12,,80762,9,,,1,14,,80736,9,,,1,70,,80748,9,,,1,31,,80754,9,,,1,70,,80744,9,,,1,30,,80765,9,,,1,70,,80749,9,,,1,30,,80741,9,,,1,70,,80743,9,,,1,15,,80761,9,,,1,15,,80770,9,,,1,65,,80752,9,,,1,30,,80742,9,,,1,70,,80747,9,,,1,30,,80750,9,,,1,20,,80772,9,,,1,60,,80753,9,,,1,18,,80757,9,,,1,22,,80738,9,,,1,60,,80768,9,,,1,20,,80745,9,,,1,27,,80735,9,,,1,72,,80732,9,,,1,75,,80766,9,,,1,30,,80739,9,,,1,70,,80734,9,,,1,100,,80737,9,,,1,34,,80759,9,,,1,101,,80764,9,,,2,100,,80733,9,,,1,100,,80767,9,,,1
33101,'Semaine-1',1625,,85913,14,0,7 8,1
33101,'Semaine-12',1625,,85914,14,0,7 8,1
43301,'Semaine-1',728,,86781,10,0,9 14,1
43301,'Semaine-12',728,,86782,10,0,9 14,1
56601,'Semaine-1',713,,86819,42,0,5 6,1
56601,'Semaine-12',713,,86820,42,0,5 6,1
82700,'Semaine-1',1538,,87128,23,0,9 12 13,2
82700,'Semaine-12',1538,,87129,23,0,9 12 13,2
