3200,'Semaine-1',638,,80376,25,,,1,71,,80375,25,,,1,32,,80371,25,,,1,72,,80373,25,,,1,28,,80372,25,,,2,70,,80374,25,,,1,28,,80347,25,,,2,70,,80342,25,,,1,30,,80343,25,,,2,70,,80354,25,,,1,30,,80348,25,,,1,72,,80334,25,,,1,30,,80335,25,,,1,69,,80346,25,,,1,30,,80349,25,,,1,70,,80355,25,,,1,31,,80336,25,,,1,69,,80381,25,,,1,15,,80333,25,,,2,16,,80363,25,,,1,10,,80353,25,,,1,51,,80359,25,,,2,10,,80360,25,,,1,10,,80378,25,,,1,10,,80379,25,,,1,10,,80380,25,,,2,13,,80377,25,,,2,47,,80350,25,,,1,10,,80361,25,,,1,10,,80369,25,,,2,10,,80362,25,,,2,8,,80339,25,,,1,10,,80370,25,,,1,50,,80356,25,,,2,8,,80358,25,,,1,10,,80357,25,,,1,19,,80351,25,,,2,65,,80345,25,,,1,30,,80340,25,,,1,70,,80337,25,,,2,29,,80352,25,,,2,70,,80344,25,,,1,33,,80341,25,,,1,66,,80338,25,,,2,30,,80364,25,,,1,29,,80365,25,,,1,68,,80366,25,,,1,30,,80367,25,,,1,70,,80368,25,,,1
3200,'Semaine-12',638,,80425,25,,,1,71,,80424,25,,,1,32,,80420,25,,,1,72,,80422,25,,,1,28,,80421,25,,,2,70,,80423,25,,,1,28,,80396,25,,,2,70,,80391,25,,,1,30,,80392,25,,,2,70,,80403,25,,,1,30,,80397,25,,,1,72,,80383,25,,,1,30,,80384,25,,,1,69,,80395,25,,,1,30,,80398,25,,,1,70,,80404,25,,,1,31,,80385,25,,,1,69,,80430,25,,,1,15,,80382,25,,,2,16,,80412,25,,,1,10,,80402,25,,,1,51,,80408,25,,,2,10,,80409,25,,,1,10,,80427,25,,,1,10,,80428,25,,,1,10,,80429,25,,,2,13,,80426,25,,,2,47,,80399,25,,,1,10,,80410,25,,,1,10,,80418,25,,,2,10,,80411,25,,,2,8,,80388,25,,,1,10,,80419,25,,,1,50,,80405,25,,,2,8,,80407,25,,,1,10,,80406,25,,,1,19,,80400,25,,,2,65,,80394,25,,,1,30,,80389,25,,,1,70,,80386,25,,,2,29,,80401,25,,,2,70,,80393,25,,,1,33,,80390,25,,,1,66,,80387,25,,,2,30,,80413,25,,,1,29,,80414,25,,,1,68,,80415,25,,,1,30,,80416,25,,,1,70,,80417,25,,,1
3901,'Samedi-1',627,,81789,28,,,1,100,,81791,28,,,1,100,,81795,28,,,1,100,,81794,28,,,1,101,,81797,28,,,1,100,,81796,28,,,1,101,,81792,28,,,1,30,,81790,28,,,1,70,,81798,28,,,1,30,,81793,28,,,1,70,,81799,28,,,1,30,,81800,28,,,1,71,,81801,28,,,1,70,,81802,28,,,1,30,,81803,28,,,1,70,,81804,28,,,1,30,,81805,28,,,1,70,,81806,28,,,1,29,,81807,28,,,1,29,,81808,28,,,1,100,,81809,28,,,1,100,,81810,28,,,1,100,,81811,28,,,1,100,,81812,28,,,1
3901,'Samedi-10',627,,69456,28,,,1,100,,69458,28,,,1,100,,69462,28,,,1,100,,69461,28,,,1,101,,69464,28,,,1,100,,69463,28,,,1,101,,69459,28,,,1,30,,69457,28,,,1,70,,69465,28,,,1,30,,69460,28,,,1,70,,69466,28,,,1,30,,69467,28,,,1,71,,69468,28,,,1,70,,69469,28,,,1,30,,69470,28,,,1,70,,69471,28,,,1,30,,69472,28,,,1,70,,69473,28,,,1,29,,69474,28,,,1,29,,69475,28,,,1,100,,69476,28,,,1,100,,69477,28,,,1,100,,69478,28,,,1,100,,69479,28,,,1
3901,'Dimanche-1',627,,81813,28,,,1,100,,81820,28,,,1,100,,81823,28,,,1,100,,81816,28,,,1,101,,81818,28,,,1,100,,81819,28,,,1,101,,81822,28,,,1,30,,81815,28,,,1,70,,81817,28,,,1,30,,81824,28,,,1,70,,81814,28,,,1,30,,81826,28,,,1,71,,81821,28,,,1,70,,81828,28,,,1,30,,81831,28,,,1,70,,81833,28,,,1,30,,81829,28,,,1,70,,81830,28,,,1,29,,81832,28,,,1,29,,81825,28,,,1,100,,81827,28,,,1,100,,81834,28,,,1,100,,81835,28,,,1,100,,81836,28,,,1
3901,'Semaine-1',650,,81859,28,,,1,66,,81848,28,,,1,37,,81849,28,,,1,73,,81845,28,,,1,32,,81851,28,,,1,70,,81853,28,,,2,30,,81860,28,,,1,70,,81871,28,,,1,30,,81866,28,,,2,70,,81861,28,,,1,30,,81846,28,,,1,71,,81855,28,,,1,71,,81862,28,,,1,28,,81847,28,,,2,30,,81844,28,,,1,74,,81863,28,,,1,69,,81856,28,,,1,32,,81837,28,,,1,71,,81864,28,,,2,30,,81842,28,,,1,70,,81839,28,,,1,30,,81867,28,,,1,67,,81852,28,,,1,32,,81858,28,,,2,70,,81843,28,,,2,31,,81865,28,,,1,25,,81838,28,,,2,66,,81868,28,,,1,30,,81841,28,,,1,70,,81857,28,,,1,32,,81869,28,,,1,70,,81840,28,,,1,32,,81850,28,,,1,69,,81870,28,,,1,30,,81854,28,,,1
3901,'Semaine-12',650,,81894,28,,,1,66,,81883,28,,,1,37,,81884,28,,,1,73,,81880,28,,,1,32,,81886,28,,,1,70,,81888,28,,,2,30,,81895,28,,,1,70,,81906,28,,,1,30,,81901,28,,,2,70,,81896,28,,,1,30,,81881,28,,,1,71,,81890,28,,,1,71,,81897,28,,,1,28,,81882,28,,,2,30,,81879,28,,,1,74,,81898,28,,,1,69,,81891,28,,,1,32,,81872,28,,,1,71,,81899,28,,,2,30,,81877,28,,,1,70,,81874,28,,,1,30,,81902,28,,,1,67,,81887,28,,,1,32,,81893,28,,,2,70,,81878,28,,,2,31,,81900,28,,,1,25,,81873,28,,,2,66,,81903,28,,,1,30,,81876,28,,,1,70,,81892,28,,,1,32,,81904,28,,,1,70,,81875,28,,,1,32,,81885,28,,,1,69,,81905,28,,,1,30,,81889,28,,,1
44901,'Semaine-1',1508,,86793,11,0,9 14,1
44901,'Semaine-12',1508,,86794,11,0,9 14,1
63901,'Semaine-1',655,,86835,3,0,9 10,1
63901,'Semaine-12',655,,86836,3,0,9 10,1
