7700,'Samedi-1',745,,85181,4,,,1,100,,85180,4,,,1,100,,85179,4,,,1,100,,85184,4,,,1,100,,85182,4,,,1,100,,85183,4,,,1,100,,85185,4,,,1,100,,85186,4,,,2,100,,85187,4,,,1,100,,85188,4,,,1,100,,85189,4,,,1,100,,85190,4,,,1,100,,85191,4,,,1,100,,85194,4,,,1,100,,85192,4,,,1,100,,85193,4,,,1
7700,'Samedi-10',745,,76143,4,,,1,100,,76142,4,,,1,100,,76141,4,,,1,100,,76146,4,,,1,100,,76144,4,,,1,100,,76145,4,,,1,100,,76147,4,,,1,100,,76148,4,,,2,100,,76149,4,,,1,100,,76150,4,,,1,100,,76151,4,,,1,100,,76152,4,,,1,100,,76153,4,,,1,100,,76156,4,,,1,100,,76154,4,,,1,100,,76155,4,,,1
7700,'Dimanche-1',745,,85197,4,,,1,100,,85198,4,,,1,100,,85195,4,,,1,100,,85207,4,,,1,100,,85196,4,,,1,100,,85201,4,,,1,100,,85199,4,,,1,100,,85200,4,,,2,100,,85202,4,,,1,100,,85205,4,,,1,100,,85203,4,,,1,100,,85204,4,,,1,100,,85206,4,,,1,100,,85208,4,,,1,100,,85209,4,,,1,100,,85210,4,,,1
7700,'Semaine-1',523,,85236,4,,,1,29,,85221,4,,,1,70,,85223,4,,,1,30,,85213,4,,,1,70,,85224,4,,,1,34,,85235,4,,,2,66,,85220,4,,,2,27,,85225,4,,,2,70,,85240,4,,,2,30,,85226,4,,,1,70,,85241,4,,,1,30,,85227,4,,,1,70,,85242,4,,,1,30,,85228,4,,,1,70,,85239,4,,,1,30,,85229,4,,,1,70,,85238,4,,,1,30,,85230,4,,,1,70,,85237,4,,,1,30,,85212,4,,,1,70,,85232,4,,,1,30,,85217,4,,,1,70,,85231,4,,,1,30,,85215,4,,,1,70,,85233,4,,,1,30,,85216,4,,,1,70,,85222,4,,,1,30,,85234,4,,,1,100,,85218,4,,,1,100,,85219,4,,,1,100,,85214,4,,,1,100,,85211,4,,,1
7700,'Semaine-12',523,,85268,4,,,1,29,,85253,4,,,1,70,,85255,4,,,1,30,,85245,4,,,1,70,,85256,4,,,1,34,,85267,4,,,2,66,,85252,4,,,2,27,,85257,4,,,2,70,,85272,4,,,2,30,,85258,4,,,1,70,,85273,4,,,1,30,,85259,4,,,1,70,,85274,4,,,1,30,,85260,4,,,1,70,,85271,4,,,1,30,,85261,4,,,1,70,,85270,4,,,1,30,,85262,4,,,1,70,,85269,4,,,1,30,,85244,4,,,1,70,,85264,4,,,1,30,,85249,4,,,1,70,,85263,4,,,1,30,,85247,4,,,1,70,,85265,4,,,1,30,,85248,4,,,1,70,,85254,4,,,1,30,,85266,4,,,1,100,,85250,4,,,1,100,,85251,4,,,1,100,,85246,4,,,1,100,,85243,4,,,1
7800,'Samedi-1',815,,85278,4,,,1,100,,85277,4,,,1,100,,85275,4,,,1,100,,85280,4,,,1,100,,85276,4,,,1,100,,85279,4,,,1,100,,85281,4,,,1,100,,85282,4,,,2,100,,85283,4,,,1,100,,85284,4,,,1,100,,85285,4,,,1,100,,85286,4,,,1,100,,85287,4,,,1,100,,85288,4,,,1,100,,85289,4,,,1,100,,85290,4,,,1
7800,'Samedi-10',815,,76336,4,,,1,100,,76335,4,,,1,100,,76333,4,,,1,100,,76338,4,,,1,100,,76334,4,,,1,100,,76337,4,,,1,100,,76339,4,,,1,100,,76340,4,,,2,100,,76341,4,,,1,100,,76342,4,,,1,100,,76343,4,,,1,100,,76344,4,,,1,100,,76345,4,,,1,100,,76346,4,,,1,100,,76347,4,,,1,100,,76348,4,,,1
7800,'Dimanche-1',815,,85293,4,,,1,100,,85294,4,,,1,100,,85291,4,,,1,100,,85302,4,,,1,100,,85292,4,,,1,100,,85297,4,,,1,100,,85295,4,,,1,100,,85296,4,,,2,100,,85298,4,,,1,100,,85301,4,,,1,100,,85299,4,,,1,100,,85300,4,,,1,100,,85303,4,,,1,100,,85304,4,,,1,100,,85305,4,,,1,100,,85306,4,,,1
7800,'Semaine-1',447,,85319,4,,,1,60,,85320,4,,,1,30,,85309,4,,,1,70,,85321,4,,,1,30,,85307,4,,,1,67,,85322,4,,,2,37,,85331,4,,,2,67,,85312,4,,,1,26,,85323,4,,,2,70,,85324,4,,,1,30,,85335,4,,,1,70,,85325,4,,,1,30,,85336,4,,,1,70,,85326,4,,,1,30,,85337,4,,,1,70,,85327,4,,,1,30,,85338,4,,,1,70,,85328,4,,,1,30,,85339,4,,,1,70,,85329,4,,,1,30,,85314,4,,,1,70,,85330,4,,,1,30,,85308,4,,,1,72,,85317,4,,,1,28,,85332,4,,,1,70,,85316,4,,,1,30,,85340,4,,,1,70,,85333,4,,,1,30,,85310,4,,,1,85,,85334,4,,,1,100,,85315,4,,,1,100,,85318,4,,,1,100,,85311,4,,,1,100,,85313,4,,,1
7800,'Semaine-12',447,,85353,4,,,1,60,,85354,4,,,1,30,,85343,4,,,1,70,,85355,4,,,1,30,,85341,4,,,1,67,,85356,4,,,2,37,,85365,4,,,2,67,,85346,4,,,1,26,,85357,4,,,2,70,,85358,4,,,1,30,,85369,4,,,1,70,,85359,4,,,1,30,,85370,4,,,1,70,,85360,4,,,1,30,,85371,4,,,1,70,,85361,4,,,1,30,,85372,4,,,1,70,,85362,4,,,1,30,,85373,4,,,1,70,,85363,4,,,1,30,,85348,4,,,1,70,,85364,4,,,1,30,,85342,4,,,1,72,,85351,4,,,1,28,,85366,4,,,1,70,,85350,4,,,1,30,,85374,4,,,1,70,,85367,4,,,1,30,,85344,4,,,1,85,,85368,4,,,1,100,,85349,4,,,1,100,,85352,4,,,1,100,,85345,4,,,1,100,,85347,4,,,1
