6701,'Samedi-1',640,,83967,21,,,1,101,,83973,21,,,1,100,,83969,21,,,1,101,,83968,21,,,1,70,,83971,21,,,1,30,,83976,21,,,1,71,,83977,21,,,1,30,,83970,21,,,1,70,,83972,21,,,1,30,,83975,21,,,1,70,,83978,21,,,1,30,,83979,21,,,1,70,,83974,21,,,1,30,,83980,21,,,1,71,,83981,21,,,1,30,,83982,21,,,1,70,,83983,21,,,1,28,,83984,21,,,1,72,,83985,21,,,1,29,,83986,21,,,1,70,,83987,21,,,1,28,,83988,21,,,1,71,,83989,21,,,1,100,,83990,21,,,1,100,,83991,21,,,1,100,,83993,21,,,1,99,,83992,21,,,1
6701,'Samedi-10',640,,73821,21,,,1,101,,73827,21,,,1,100,,73823,21,,,1,101,,73822,21,,,1,70,,73825,21,,,1,30,,73830,21,,,1,71,,73831,21,,,1,30,,73824,21,,,1,70,,73826,21,,,1,30,,73829,21,,,1,70,,73832,21,,,1,30,,73833,21,,,1,70,,73828,21,,,1,30,,73834,21,,,1,71,,73835,21,,,1,30,,73836,21,,,1,70,,73837,21,,,1,28,,73838,21,,,1,72,,73839,21,,,1,29,,73840,21,,,1,70,,73841,21,,,1,28,,73842,21,,,1,71,,73843,21,,,1,100,,73844,21,,,1,100,,73845,21,,,1,100,,73847,21,,,1,99,,73846,21,,,1
6701,'Dimanche-1',640,,83994,21,,,1,101,,83997,21,,,1,100,,83999,21,,,1,101,,84002,21,,,1,70,,84008,21,,,1,30,,83996,21,,,1,71,,84009,21,,,1,30,,84000,21,,,1,70,,84003,21,,,1,30,,84001,21,,,1,70,,83995,21,,,1,30,,84005,21,,,1,70,,84006,21,,,1,30,,83998,21,,,1,71,,84004,21,,,1,30,,84011,21,,,1,70,,84007,21,,,1,28,,84014,21,,,1,72,,84015,21,,,1,29,,84012,21,,,1,70,,84017,21,,,1,28,,84010,21,,,1,71,,84016,21,,,1,100,,84013,21,,,1,100,,84018,21,,,1,100,,84019,21,,,1,99,,84020,21,,,1
6701,'Semaine-1',918,,84041,21,,,1,20,,84030,21,,,1,20,,84048,21,,,1,60,,84034,21,,,1,20,,84028,21,,,1,20,,84049,21,,,1,60,,84042,21,,,1,20,,84031,21,,,1,20,,84050,21,,,1,60,,84035,21,,,1,20,,84038,21,,,1,20,,84051,21,,,1,60,,84037,21,,,1,20,,84032,21,,,1,20,,84052,21,,,1,60,,84043,21,,,1,20,,84045,21,,,1,20,,84047,21,,,1,60,,84039,21,,,1,33,,84023,21,,,1,70,,84046,21,,,1,29,,84026,21,,,1,70,,84044,21,,,1,30,,84040,21,,,1,69,,84033,21,,,1,30,,84021,21,,,1,68,,84036,21,,,1,30,,84024,21,,,2,70,,84053,21,,,2,30,,84022,21,,,1,70,,84055,21,,,1,29,,84025,21,,,2,70,,84056,21,,,1,29,,84027,21,,,1,69,,84054,21,,,1,30,,84029,21,,,2
6701,'Semaine-12',918,,84077,21,,,1,20,,84066,21,,,1,20,,84084,21,,,1,60,,84070,21,,,1,20,,84064,21,,,1,20,,84085,21,,,1,60,,84078,21,,,1,20,,84067,21,,,1,20,,84086,21,,,1,60,,84071,21,,,1,20,,84074,21,,,1,20,,84087,21,,,1,60,,84073,21,,,1,20,,84068,21,,,1,20,,84088,21,,,1,60,,84079,21,,,1,20,,84081,21,,,1,20,,84083,21,,,1,60,,84075,21,,,1,33,,84059,21,,,1,70,,84082,21,,,1,29,,84062,21,,,1,70,,84080,21,,,1,30,,84076,21,,,1,69,,84069,21,,,1,30,,84057,21,,,1,68,,84072,21,,,1,30,,84060,21,,,2,70,,84089,21,,,2,30,,84058,21,,,1,70,,84091,21,,,1,29,,84061,21,,,2,70,,84092,21,,,1,29,,84063,21,,,1,69,,84090,21,,,1,30,,84065,21,,,2
8501,'Semaine-1',539,,85431,25,,,1,70,,85433,25,,,1,25,,85436,25,,,1,15,,85435,25,,,1,58,,85440,25,,,1,14,,85432,25,,,2,16,,85438,25,,,1,16,,85434,25,,,2,54,,85439,25,,,1,20,,85437,25,,,1
8501,'Semaine-12',539,,85441,25,,,1,70,,85443,25,,,1,25,,85446,25,,,1,15,,85445,25,,,1,58,,85450,25,,,1,14,,85442,25,,,2,16,,85448,25,,,1,16,,85444,25,,,2,54,,85449,25,,,1,20,,85447,25,,,1
8701,'Semaine-1',523,,85481,21,,,1,30,,85474,21,,,1,70,,85479,21,,,1,19,,85477,21,,,1,13,,85475,21,,,1,56,,85484,21,,,1,17,,85480,21,,,1,15,,85476,21,,,1,16,,85483,21,,,1,58,,85482,21,,,2,20,,85478,21,,,1,20,,85473,21,,,1
8701,'Semaine-12',523,,85493,21,,,1,30,,85486,21,,,1,70,,85491,21,,,1,19,,85489,21,,,1,13,,85487,21,,,1,56,,85496,21,,,1,17,,85492,21,,,1,15,,85488,21,,,1,16,,85495,21,,,1,58,,85494,21,,,2,20,,85490,21,,,1,20,,85485,21,,,1
57101,'Semaine-1',712,,86827,48,0,5 6,2
57101,'Semaine-12',712,,86828,48,0,5 6,2
