3300,'Samedi-1',803,,80535,28,,,1,101,,80536,28,,,1,101,,80537,28,,,1,100,,80538,28,,,1,102,,80539,28,,,1,100,,80540,28,,,1,100,,80541,28,,,1,100,,80542,28,,,1,100,,80543,28,,,1,100,,80544,28,,,1,100,,80545,28,,,1,98,,80546,28,,,1,99,,80547,28,,,1,100,,80548,28,,,1,100,,80549,28,,,1,100,,80550,28,,,1,99,,80551,28,,,1,99,,80552,28,,,1
3300,'Samedi-10',803,,66888,28,,,1,101,,66889,28,,,1,101,,66890,28,,,1,100,,66891,28,,,1,102,,66892,28,,,1,100,,66893,28,,,1,100,,66894,28,,,1,100,,66895,28,,,1,100,,66896,28,,,1,100,,66897,28,,,1,100,,66898,28,,,1,98,,66899,28,,,1,99,,66900,28,,,1,100,,66901,28,,,1,100,,66902,28,,,1,100,,66903,28,,,1,99,,66904,28,,,1,99,,66905,28,,,1
3300,'Dimanche-1',803,,80554,28,,,1,101,,80559,28,,,1,101,,80565,28,,,1,100,,80556,28,,,1,102,,80558,28,,,1,100,,80555,28,,,1,100,,80557,28,,,1,100,,80553,28,,,1,100,,80561,28,,,1,100,,80560,28,,,1,100,,80563,28,,,1,98,,80562,28,,,1,99,,80564,28,,,1,100,,80566,28,,,1,100,,80567,28,,,1,100,,80568,28,,,1,99,,80569,28,,,1,99,,80570,28,,,1
3300,'Semaine-1',643,,80596,28,,,1,60,,80595,28,,,1,19,,80602,28,,,1,34,,80575,28,,,1,53,,80589,28,,,1,20,,80597,28,,,1,16,,80610,28,,,1,57,,80603,28,,,1,27,,80587,28,,,1,27,,80605,28,,,1,71,,80590,28,,,1,78,,80580,28,,,1,21,,80599,28,,,1,20,,80585,28,,,1,60,,80592,28,,,1,20,,80581,28,,,1,22,,80607,28,,,1,58,,80588,28,,,1,20,,80609,28,,,1,32,,80594,28,,,1,70,,80582,28,,,1,20,,80604,28,,,1,60,,80600,28,,,1,21,,80593,28,,,1,23,,80572,28,,,1,61,,80584,28,,,1,12,,80591,28,,,1,13,,80608,28,,,1,17,,80606,28,,,1,65,,80601,28,,,1,20,,80579,28,,,1,19,,80578,28,,,1,55,,80583,28,,,1,18,,80571,28,,,1,18,,80576,28,,,1,81,,80611,28,,,1,73,,80586,28,,,1,98,,80577,28,,,1,102,,80573,28,,,1,100,,80598,28,,,2,100,,80612,28,,,1,103,,80574,28,,,1
3300,'Semaine-12',643,,80638,28,,,1,60,,80637,28,,,1,19,,80644,28,,,1,34,,80617,28,,,1,53,,80631,28,,,1,20,,80639,28,,,1,16,,80652,28,,,1,57,,80645,28,,,1,27,,80629,28,,,1,27,,80647,28,,,1,71,,80632,28,,,1,78,,80622,28,,,1,21,,80641,28,,,1,20,,80627,28,,,1,60,,80634,28,,,1,20,,80623,28,,,1,22,,80649,28,,,1,58,,80630,28,,,1,20,,80651,28,,,1,32,,80636,28,,,1,70,,80624,28,,,1,20,,80646,28,,,1,60,,80642,28,,,1,21,,80635,28,,,1,23,,80614,28,,,1,61,,80626,28,,,1,12,,80633,28,,,1,13,,80650,28,,,1,17,,80648,28,,,1,65,,80643,28,,,1,20,,80621,28,,,1,19,,80620,28,,,1,55,,80625,28,,,1,18,,80613,28,,,1,18,,80618,28,,,1,81,,80653,28,,,1,73,,80628,28,,,1,98,,80619,28,,,1,102,,80615,28,,,1,100,,80640,28,,,2,100,,80654,28,,,1,103,,80616,28,,,1
3500,'Semaine-1',653,,81054,37,0,15 16,1,77,,81029,37,0,15 16,2,23,,81039,37,0,15 16,1,63,,81057,37,0,15 16,1,15,,81047,37,0,15 16,1,20,,81062,37,0,15 16,1,60,,81059,37,0,15 16,1,23,,81052,37,0,15 16,1,21,,81058,37,0,15 16,1,70,,81037,37,0,15 16,1,26,,81050,37,0,15 16,1,74,,81031,37,0,15 16,1,28,,81035,37,0,15 16,1,70,,81045,37,0,15 16,2,32,,81030,37,0,15 16,1,70,,81040,37,0,15 16,1,30,,81061,37,0,15 16,2,70,,81048,37,0,15 16,1,30,,81032,37,0,15 16,2,76,,81044,37,,,2,74,,81046,37,0,15 16,1,19,,81038,30,0,15 16,1,19,,81049,37,,,1,13,,81043,30,0,15 16,1,57,,81053,37,,,1,23,,81055,37,0,15 16,1,70,,81036,37,,,1,24,,81034,37,0,15 16,1,28,,81063,37,,,1,66,,81051,37,0,15 16,1,30,,81041,30,0,15 16,1,70,,81042,37,,,1,100,,81056,37,,,1,100,,81060,37,,,1,100,,81033,37,0,15 16,1
3500,'Semaine-12',653,,81089,37,0,15 16,1,77,,81064,37,0,15 16,2,23,,81074,37,0,15 16,1,63,,81092,37,0,15 16,1,15,,81082,37,0,15 16,1,20,,81097,37,0,15 16,1,60,,81094,37,0,15 16,1,23,,81087,37,0,15 16,1,21,,81093,37,0,15 16,1,70,,81072,37,0,15 16,1,26,,81085,37,0,15 16,1,74,,81066,37,0,15 16,1,28,,81070,37,0,15 16,1,70,,81080,37,0,15 16,2,32,,81065,37,0,15 16,1,70,,81075,37,0,15 16,1,30,,81096,37,0,15 16,2,70,,81083,37,0,15 16,1,30,,81067,37,0,15 16,2,76,,81079,37,,,2,74,,81081,37,0,15 16,1,19,,81073,30,0,15 16,1,19,,81084,37,,,1,13,,81078,30,0,15 16,1,57,,81088,37,,,1,23,,81090,37,0,15 16,1,70,,81071,37,,,1,24,,81069,37,0,15 16,1,28,,81098,37,,,1,66,,81086,37,0,15 16,1,30,,81076,30,0,15 16,1,70,,81077,37,,,1,100,,81091,37,,,1,100,,81095,37,,,1,100,,81068,37,0,15 16,1
4900,'Samedi-1',753,,82003,57,,,1,100,,82004,57,,,1,102,,82001,57,,,1,100,,82005,57,,,1,100,,82002,57,,,1,101,,82006,57,,,1,98,,82007,57,,,1,102,,82008,57,,,1,101,,82009,57,,,1,100,,82010,57,,,1,100,,82011,57,,,1,96,,82012,57,,,1,100,,82013,57,,,1,100,,82014,57,,,1,100,,82015,57,,,1,100,,82016,57,,,1,98,,82017,57,,,1
4900,'Samedi-10',753,,69841,57,,,1,100,,69842,57,,,1,102,,69839,57,,,1,100,,69843,57,,,1,100,,69840,57,,,1,101,,69844,57,,,1,98,,69845,57,,,1,102,,69846,57,,,1,101,,69847,57,,,1,100,,69848,57,,,1,100,,69849,57,,,1,96,,69850,57,,,1,100,,69851,57,,,1,100,,69852,57,,,1,100,,69853,57,,,1,100,,69854,57,,,1,98,,69855,57,,,1
4900,'Dimanche-1',753,,82018,57,,,1,100,,82031,57,,,1,102,,82019,57,,,1,100,,82030,57,,,1,100,,82022,57,,,1,101,,82021,57,,,1,98,,82025,57,,,1,102,,82020,57,,,1,101,,82024,57,,,1,100,,82023,57,,,1,100,,82027,57,,,1,96,,82029,57,,,1,100,,82026,57,,,1,100,,82028,57,,,1,100,,82032,57,,,1,100,,82033,57,,,1,98,,82034,57,,,1
4900,'Semaine-1',710,,82062,57,,,1,17,,82057,44,,,1,3,,82069,44,,,1,4,,82045,44,,,1,7,,82068,44,,,1,3,,82073,57,,,1,5,,82072,44,,,1,4,,82071,44,,,1,5,,82070,44,,,1,60,,82065,57,,,1,24,,82061,44,,,1,1,,82066,57,,,1,72,,82060,57,,,1,30,,82055,57,,,1,68,,82047,57,,,1,31,,82067,57,,,1,73,,82063,57,,,1,30,,82058,57,,,1,70,,82035,57,,,1,30,,82056,57,,,1,70,,82037,57,,,1,30,,82042,57,,,1,70,,82044,57,,,1,30,,82048,57,,,1,70,,82064,57,,,1,38,,82046,57,,,1,70,,82049,57,,,1,30,,82040,57,,,1,70,,82052,57,,,1,30,,82043,57,,,1,66,,82041,57,,,1,30,,82059,57,,,1,66,,82053,57,,,1,96,,82036,57,,,1,99,,82054,57,,,1,100,,82051,57,,,1,97,,82038,57,,,1,97,,82050,57,,,1,100,,82039,57,,,1
4900,'Semaine-12',710,,82101,57,,,1,17,,82096,44,,,1,3,,82108,44,,,1,4,,82084,44,,,1,7,,82107,44,,,1,3,,82112,57,,,1,5,,82111,44,,,1,4,,82110,44,,,1,5,,82109,44,,,1,60,,82104,57,,,1,24,,82100,44,,,1,1,,82105,57,,,1,72,,82099,57,,,1,30,,82094,57,,,1,68,,82086,57,,,1,31,,82106,57,,,1,73,,82102,57,,,1,30,,82097,57,,,1,70,,82074,57,,,1,30,,82095,57,,,1,70,,82076,57,,,1,30,,82081,57,,,1,70,,82083,57,,,1,30,,82087,57,,,1,70,,82103,57,,,1,38,,82085,57,,,1,70,,82088,57,,,1,30,,82079,57,,,1,70,,82091,57,,,1,30,,82082,57,,,1,66,,82080,57,,,1,30,,82098,57,,,1,66,,82092,57,,,1,96,,82075,57,,,1,99,,82093,57,,,1,100,,82090,57,,,1,97,,82077,57,,,1,97,,82089,57,,,1,100,,82078,57,,,1
5000,'Semaine-1',709,,82216,45,,,1,26,,82214,45,,,1,8,,82215,24,,,2,65,,82217,45,,,2,30,,82213,45,,,1,105,,82218,45,,,1
5000,'Semaine-12',709,,82222,45,,,1,26,,82220,45,,,1,8,,82221,24,,,2,65,,82223,45,,,2,30,,82219,45,,,1,105,,82224,45,,,1
5600,'Semaine-1',706,,82719,48,,,1,31,,82717,48,,,1,6,,82721,48,,,1,65,,82720,48,,,1,31,,82714,48,,,1,100,,82713,48,,,1,105,,82715,48,,,1,100,,82718,48,,,2,100,,82716,48,,,1
5600,'Semaine-12',706,,82728,48,,,1,31,,82726,48,,,1,6,,82730,48,,,1,65,,82729,48,,,1,31,,82723,48,,,1,100,,82722,48,,,1,105,,82724,48,,,1,100,,82727,48,,,2,100,,82725,48,,,1
42500,'Semaine-1',733,,86753,34,0,9 14,1,2,,86754,34,0,9 14,2
42500,'Semaine-12',733,,86755,34,0,9 14,1,2,,86756,34,0,9 14,2
42600,'Semaine-1',736,,86759,15,0,9 14,1,1,,86760,15,0,9 14,1
42600,'Semaine-12',736,,86761,15,0,9 14,1,1,,86762,15,0,9 14,1
42900,'Semaine-1',737,,86765,21,0,9 14,1,2,,86766,21,0,9 14,2
42900,'Semaine-12',737,,86767,21,0,9 14,1,2,,86768,21,0,9 14,2
44900,'Semaine-1',739,,86791,35,0,9 14,1
44900,'Semaine-12',739,,86792,35,0,9 14,1
56600,'Semaine-1',1525,,86817,8,0,5 6,1
56600,'Semaine-12',1525,,86818,8,0,5 6,1
73300,'Semaine-1',1637,,86877,25,,,1
73300,'Semaine-12',1637,,86878,25,,,1
83300,'Semaine-1',1539,,87153,15,0,9 12 13,1
83300,'Semaine-12',1539,,87155,15,0,9 12 13,1
