2700,'Semaine-1',1613,,80039,27,,,1,30,,80037,27,,,2,67,,80041,27,,,1,30,,80038,27,,,2,69,,80040,27,,,2
2700,'Semaine-12',1613,,80044,27,,,1,30,,80042,27,,,2,67,,80046,27,,,1,30,,80043,27,,,2,69,,80045,27,,,2
3301,'Samedi-1',707,,80655,3,,,1,100,,80656,3,,,1,100,,80657,3,,,1,100,,80658,3,,,1,100,,80659,3,,,1,100,,80660,3,,,1,100,,80661,3,,,1,100,,80662,3,,,1,100,,80663,3,,,1,100,,80664,3,,,1,100,,80665,3,,,1,100,,80666,3,,,1,100,,80667,3,,,1,100,,80668,3,,,1,100,,80669,3,,,1,100,,80670,3,,,1,100,,80671,3,,,1,100,,80672,3,,,1
3301,'Samedi-10',707,,67122,3,,,1,100,,67123,3,,,1,100,,67124,3,,,1,100,,67125,3,,,1,100,,67126,3,,,1,100,,67127,3,,,1,100,,67128,3,,,1,100,,67129,3,,,1,100,,67130,3,,,1,100,,67131,3,,,1,100,,67132,3,,,1,100,,67133,3,,,1,100,,67134,3,,,1,100,,67135,3,,,1,100,,67136,3,,,1,100,,67137,3,,,1,100,,67138,3,,,1,100,,67139,3,,,1
3301,'Dimanche-1',707,,80677,3,,,1,100,,80678,3,,,1,100,,80686,3,,,1,100,,80679,3,,,1,100,,80674,3,,,1,100,,80675,3,,,1,100,,80673,3,,,1,100,,80676,3,,,1,100,,80680,3,,,1,100,,80681,3,,,1,100,,80683,3,,,1,100,,80685,3,,,1,100,,80684,3,,,1,100,,80682,3,,,1,100,,80687,3,,,1,100,,80688,3,,,1,100,,80689,3,,,1,100,,80690,3,,,1
3301,'Semaine-1',552,,80714,3,,,1,60,,80722,3,,,1,18,,80699,3,,,1,14,,80719,3,,,1,58,,80715,3,,,1,10,,80710,3,,,1,11,,80730,3,,,1,13,,80728,3,,,1,15,,80717,3,,,1,54,,80705,3,,,1,12,,80721,3,,,1,14,,80695,3,,,1,70,,80707,3,,,1,31,,80713,3,,,1,70,,80703,3,,,1,30,,80724,3,,,1,70,,80708,3,,,1,30,,80700,3,,,1,70,,80702,3,,,1,15,,80720,3,,,1,15,,80729,3,,,1,25,,80711,3,,,1,70,,80701,3,,,1,30,,80706,3,,,1,70,,80709,3,,,1,20,,80731,3,,,1,60,,80712,3,,,1,18,,80716,3,,,1,22,,80697,3,,,1,60,,80727,3,,,1,20,,80704,3,,,1,27,,80694,3,,,1,72,,80691,3,,,1,76,,80725,3,,,1,30,,80698,3,,,1,70,,80693,3,,,1,100,,80696,3,,,1,34,,80718,3,,,1,101,,80723,3,,,2,100,,80692,3,,,1,100,,80726,3,,,1
3301,'Semaine-12',552,,80755,3,,,1,60,,80763,3,,,1,18,,80740,3,,,1,14,,80760,3,,,1,58,,80756,3,,,1,10,,80751,3,,,1,11,,80771,3,,,1,13,,80769,3,,,1,15,,80758,3,,,1,54,,80746,3,,,1,12,,80762,3,,,1,14,,80736,3,,,1,70,,80748,3,,,1,31,,80754,3,,,1,70,,80744,3,,,1,30,,80765,3,,,1,70,,80749,3,,,1,30,,80741,3,,,1,70,,80743,3,,,1,15,,80761,3,,,1,15,,80770,3,,,1,25,,80752,3,,,1,70,,80742,3,,,1,30,,80747,3,,,1,70,,80750,3,,,1,20,,80772,3,,,1,60,,80753,3,,,1,18,,80757,3,,,1,22,,80738,3,,,1,60,,80768,3,,,1,20,,80745,3,,,1,27,,80735,3,,,1,72,,80732,3,,,1,76,,80766,3,,,1,30,,80739,3,,,1,70,,80734,3,,,1,100,,80737,3,,,1,34,,80759,3,,,1,101,,80764,3,,,2,100,,80733,3,,,1,100,,80767,3,,,1
33101,'Semaine-1',1621,,85913,8,0,7 8,1
33101,'Semaine-12',1621,,85914,8,0,7 8,1
43301,'Semaine-1',722,,86781,4,0,9 14,1
43301,'Semaine-12',722,,86782,4,0,9 14,1
56601,'Semaine-1',710,,86819,36,0,5 6,1
56601,'Semaine-12',710,,86820,36,0,5 6,1
82700,'Semaine-1',1535,,87128,17,0,9 12 13,2
82700,'Semaine-12',1535,,87129,17,0,9 12 13,2
