3301,'Samedi-1',722,,80655,24,,,1,100,,80656,24,,,1,100,,80657,24,,,1,100,,80658,24,,,1,99,,80659,24,,,1,101,,80660,24,,,1,100,,80661,24,,,1,100,,80662,24,,,1,101,,80663,24,,,1,99,,80664,24,,,1,100,,80665,24,,,1,98,,80666,24,,,1,100,,80667,24,,,1,100,,80668,24,,,1,100,,80669,24,,,1,100,,80670,24,,,1,100,,80671,24,,,1,100,,80672,24,,,1
3301,'Samedi-10',722,,67122,24,,,1,100,,67123,24,,,1,100,,67124,24,,,1,100,,67125,24,,,1,99,,67126,24,,,1,101,,67127,24,,,1,100,,67128,24,,,1,100,,67129,24,,,1,101,,67130,24,,,1,99,,67131,24,,,1,100,,67132,24,,,1,98,,67133,24,,,1,100,,67134,24,,,1,100,,67135,24,,,1,100,,67136,24,,,1,100,,67137,24,,,1,100,,67138,24,,,1,100,,67139,24,,,1
3301,'Dimanche-1',722,,80677,24,,,1,100,,80678,24,,,1,100,,80686,24,,,1,100,,80679,24,,,1,99,,80674,24,,,1,101,,80675,24,,,1,100,,80673,24,,,1,100,,80676,24,,,1,101,,80680,24,,,1,99,,80681,24,,,1,100,,80683,24,,,1,98,,80685,24,,,1,100,,80684,24,,,1,100,,80682,24,,,1,100,,80687,24,,,1,100,,80688,24,,,1,100,,80689,24,,,1,100,,80690,24,,,1
3301,'Semaine-1',608,,80714,24,,,1,20,,80722,24,,,1,18,,80699,24,,,1,55,,80719,24,,,1,19,,80715,24,,,1,10,,80710,24,,,1,11,,80730,24,,,1,13,,80728,24,,,1,55,,80717,24,,,1,12,,80705,24,,,1,11,,80721,24,,,1,14,,80695,24,,,1,70,,80707,24,,,1,31,,80713,24,,,1,70,,80703,24,,,1,30,,80724,24,,,1,70,,80708,24,,,1,30,,80700,24,,,1,70,,80702,24,,,1,16,,80720,24,,,1,15,,80729,24,,,1,66,,80711,24,,,1,28,,80701,24,,,1,70,,80706,24,,,1,32,,80709,24,,,1,61,,80731,24,,,1,19,,80712,24,,,1,18,,80716,24,,,1,63,,80697,24,,,1,20,,80727,24,,,1,21,,80704,24,,,1,67,,80694,24,,,1,31,,80691,24,,,1,73,,80725,24,,,1,30,,80698,24,,,1,70,,80693,24,,,1,100,,80696,24,,,1,33,,80718,24,,,1,101,,80723,24,,,2,100,,80692,24,,,1,100,,80726,24,,,1
3301,'Semaine-12',608,,80755,24,,,1,20,,80763,24,,,1,18,,80740,24,,,1,55,,80760,24,,,1,19,,80756,24,,,1,10,,80751,24,,,1,11,,80771,24,,,1,13,,80769,24,,,1,55,,80758,24,,,1,12,,80746,24,,,1,11,,80762,24,,,1,14,,80736,24,,,1,70,,80748,24,,,1,31,,80754,24,,,1,70,,80744,24,,,1,30,,80765,24,,,1,70,,80749,24,,,1,30,,80741,24,,,1,70,,80743,24,,,1,16,,80761,24,,,1,15,,80770,24,,,1,66,,80752,24,,,1,28,,80742,24,,,1,70,,80747,24,,,1,32,,80750,24,,,1,61,,80772,24,,,1,19,,80753,24,,,1,18,,80757,24,,,1,63,,80738,24,,,1,20,,80768,24,,,1,21,,80745,24,,,1,67,,80735,24,,,1,31,,80732,24,,,1,73,,80766,24,,,1,30,,80739,24,,,1,70,,80734,24,,,1,100,,80737,24,,,1,33,,80759,24,,,1,101,,80764,24,,,2,100,,80733,24,,,1,100,,80767,24,,,1
4901,'Samedi-1',714,,82116,6,,,1,100,,82115,6,,,1,100,,82117,6,,,1,100,,82113,6,,,1,100,,82118,6,,,1,100,,82114,6,,,1,100,,82119,6,,,1,100,,82120,6,,,1,100,,82121,6,,,1,100,,82122,6,,,1,100,,82123,6,,,1,100,,82124,6,,,1,100,,82125,6,,,1,100,,82126,6,,,1,100,,82127,6,,,1,100,,82128,6,,,1,100,,82129,6,,,1
4901,'Samedi-10',714,,70061,6,,,1,100,,70060,6,,,1,100,,70062,6,,,1,100,,70058,6,,,1,100,,70063,6,,,1,100,,70059,6,,,1,100,,70064,6,,,1,100,,70065,6,,,1,100,,70066,6,,,1,100,,70067,6,,,1,100,,70068,6,,,1,100,,70069,6,,,1,100,,70070,6,,,1,100,,70071,6,,,1,100,,70072,6,,,1,100,,70073,6,,,1,100,,70074,6,,,1
4901,'Dimanche-1',714,,82143,6,,,1,100,,82132,6,,,1,100,,82142,6,,,1,100,,82135,6,,,1,100,,82131,6,,,1,100,,82130,6,,,1,100,,82133,6,,,1,100,,82134,6,,,1,100,,82137,6,,,1,100,,82136,6,,,1,100,,82140,6,,,1,100,,82139,6,,,1,100,,82141,6,,,1,100,,82138,6,,,1,100,,82144,6,,,1,100,,82145,6,,,1,100,,82146,6,,,1
4901,'Semaine-1',554,,82153,6,,,1,86,,82158,6,,,1,70,,82174,6,,,1,30,,82170,6,,,1,70,,82168,6,,,1,29,,82178,6,,,1,70,,82160,6,,,1,30,,82176,6,,,1,70,,82172,6,,,1,30,,82147,6,,,1,70,,82169,6,,,1,30,,82148,6,,,1,70,,82154,6,,,1,30,,82156,6,,,1,70,,82161,6,,,1,29,,82177,6,,,1,71,,82159,6,,,1,30,,82179,6,,,1,61,,82175,6,,,1,10,,82162,6,,,1,15,,82149,6,,,1,15,,82165,6,,,1,70,,82155,6,,,1,30,,82157,6,,,1,69,,82173,6,,,1,30,,82167,6,,,1,70,,82171,6,,,1,95,,82150,6,,,1,40,,82166,6,,,1,101,,82164,6,,,1,99,,82151,6,,,1,100,,82163,6,,,1,100,,82152,6,,,1
4901,'Semaine-12',554,,82186,6,,,1,86,,82191,6,,,1,70,,82207,6,,,1,30,,82203,6,,,1,70,,82201,6,,,1,29,,82211,6,,,1,70,,82193,6,,,1,30,,82209,6,,,1,70,,82205,6,,,1,30,,82180,6,,,1,70,,82202,6,,,1,30,,82181,6,,,1,70,,82187,6,,,1,30,,82189,6,,,1,70,,82194,6,,,1,29,,82210,6,,,1,71,,82192,6,,,1,30,,82212,6,,,1,61,,82208,6,,,1,10,,82195,6,,,1,15,,82182,6,,,1,15,,82198,6,,,1,70,,82188,6,,,1,30,,82190,6,,,1,69,,82206,6,,,1,30,,82200,6,,,1,70,,82204,6,,,1,95,,82183,6,,,1,40,,82199,6,,,1,101,,82197,6,,,1,99,,82184,6,,,1,100,,82196,6,,,1,100,,82185,6,,,1
5001,'Semaine-1',1611,,82225,6,,,1,100,,82227,6,,,1,99,,82226,6,,,2
5001,'Semaine-12',1611,,82228,6,,,1,100,,82230,6,,,1,99,,82229,6,,,2
5601,'Semaine-1',1214,,82735,6,,,1,100,,82732,6,,,1,100,,82731,6,,,1,100,,82734,6,,,2,103,,82733,6,,,1,98,,82736,6,,,1,99,,82737,6,,,1
5601,'Semaine-12',1214,,82742,6,,,1,100,,82739,6,,,1,100,,82738,6,,,1,100,,82741,6,,,2,103,,82740,6,,,1,98,,82743,6,,,1,99,,82744,6,,,1
42501,'Semaine-1',1501,,86757,7,0,9 14,1
42501,'Semaine-12',1501,,86758,7,0,9 14,1
42601,'Semaine-1',1503,,86763,7,0,9 14,1
42601,'Semaine-12',1503,,86764,7,0,9 14,1
42901,'Semaine-1',1502,,86769,7,0,9 14,1
42901,'Semaine-12',1502,,86770,7,0,9 14,1
44901,'Semaine-1',1502,,86793,7,0,9 14,1
44901,'Semaine-12',1502,,86794,7,0,9 14,1
56601,'Semaine-1',726,,86819,57,0,5 6,1
56601,'Semaine-12',726,,86820,57,0,5 6,1
83301,'Semaine-1',748,,87156,6,0,9 12 13,1
83301,'Semaine-12',748,,87157,6,0,9 12 13,1
