4800,'Semaine-1',1710,,81997,6,,,1
4800,'Semaine-12',1710,,81998,6,,,1
8500,'Semaine-1',1520,,85418,7,,,1,16,,85413,7,,,2,15,,85410,7,,,1,56,,85419,7,,,2,16,,85409,7,,,1,15,,85412,7,,,1,16,,85417,7,,,1,54,,85415,7,,,1,19,,85414,7,,,2,21,,85411,7,,,1,58,,85416,7,,,2
8500,'Semaine-12',1520,,85429,7,,,1,16,,85424,7,,,2,15,,85421,7,,,1,56,,85430,7,,,2,16,,85420,7,,,1,15,,85423,7,,,1,16,,85428,7,,,1,54,,85426,7,,,1,19,,85425,7,,,2,21,,85422,7,,,1,58,,85427,7,,,2
8700,'Semaine-1',1513,,85460,11,,,1,16,,85459,11,,,2,15,,85452,11,,,1,15,,85454,11,,,2,55,,85451,11,,,1,18,,85461,11,,,1,12,,85457,11,,,1,15,,85458,11,,,2,59,,85453,11,,,1,19,,85456,11,,,1,19,,85455,11,,,1
8700,'Semaine-12',1513,,85471,11,,,1,16,,85470,11,,,2,15,,85463,11,,,1,15,,85465,11,,,2,55,,85462,11,,,1,18,,85472,11,,,1,12,,85468,11,,,1,15,,85469,11,,,2,59,,85464,11,,,1,19,,85467,11,,,1,19,,85466,11,,,1
72901,'Semaine-1',841,,86875,34,0,5 11,2
72901,'Semaine-12',841,,86876,34,0,5 11,2
74001,'Semaine-1',844,,86883,54,0,5 11,2,2,,86884,54,0,5 11,1
74001,'Semaine-12',844,,86885,54,0,5 11,2,2,,86886,54,0,5 11,1
