2701,'Semaine-1',625,,80049,24,,,1,85,,80050,24,,,1,91,,80047,24,,,1,25,,80048,24,,,2
2701,'Semaine-12',625,,80053,24,,,1,85,,80054,24,,,1,91,,80051,24,,,1,25,,80052,24,,,2
3901,'Samedi-1',611,,81789,8,,,1,100,,81791,8,,,1,100,,81795,8,,,1,100,,81794,8,,,1,100,,81797,8,,,1,100,,81796,8,,,1,100,,81792,8,,,1,30,,81790,8,,,1,70,,81798,8,,,1,30,,81793,8,,,1,70,,81799,8,,,1,30,,81800,8,,,1,70,,81801,8,,,1,30,,81802,8,,,1,70,,81803,8,,,1,30,,81804,8,,,1,70,,81805,8,,,1,30,,81806,8,,,1,70,,81807,8,,,1,30,,81808,8,,,1,100,,81809,8,,,1,100,,81810,8,,,1,100,,81811,8,,,1,100,,81812,8,,,1
3901,'Samedi-10',611,,69456,8,,,1,100,,69458,8,,,1,100,,69462,8,,,1,100,,69461,8,,,1,100,,69464,8,,,1,100,,69463,8,,,1,100,,69459,8,,,1,30,,69457,8,,,1,70,,69465,8,,,1,30,,69460,8,,,1,70,,69466,8,,,1,30,,69467,8,,,1,70,,69468,8,,,1,30,,69469,8,,,1,70,,69470,8,,,1,30,,69471,8,,,1,70,,69472,8,,,1,30,,69473,8,,,1,70,,69474,8,,,1,30,,69475,8,,,1,100,,69476,8,,,1,100,,69477,8,,,1,100,,69478,8,,,1,100,,69479,8,,,1
3901,'Dimanche-1',611,,81813,8,,,1,100,,81820,8,,,1,100,,81823,8,,,1,100,,81816,8,,,1,100,,81818,8,,,1,100,,81819,8,,,1,100,,81822,8,,,1,30,,81815,8,,,1,70,,81817,8,,,1,30,,81824,8,,,1,70,,81814,8,,,1,30,,81826,8,,,1,70,,81821,8,,,1,30,,81828,8,,,1,70,,81831,8,,,1,30,,81833,8,,,1,70,,81829,8,,,1,30,,81830,8,,,1,70,,81832,8,,,1,30,,81825,8,,,1,100,,81827,8,,,1,100,,81834,8,,,1,100,,81835,8,,,1,100,,81836,8,,,1
3901,'Semaine-1',631,,81859,8,,,1,26,,81848,8,,,1,78,,81849,8,,,1,73,,81845,8,,,1,32,,81851,8,,,1,70,,81853,8,,,2,30,,81860,8,,,1,70,,81871,8,,,1,30,,81866,8,,,2,70,,81861,8,,,1,30,,81846,8,,,1,69,,81855,8,,,1,31,,81862,8,,,1,70,,81847,8,,,2,30,,81844,8,,,1,72,,81863,8,,,1,29,,81856,8,,,1,71,,81837,8,,,1,31,,81864,8,,,2,68,,81842,8,,,1,31,,81839,8,,,1,71,,81867,8,,,1,28,,81852,8,,,1,71,,81858,8,,,2,32,,81843,8,,,2,72,,81865,8,,,1,25,,81838,8,,,2,66,,81868,8,,,1,30,,81841,8,,,1,70,,81857,8,,,1,32,,81869,8,,,1,70,,81840,8,,,1,32,,81850,8,,,1,71,,81870,8,,,1,30,,81854,8,,,1
3901,'Semaine-12',631,,81894,8,,,1,26,,81883,8,,,1,78,,81884,8,,,1,73,,81880,8,,,1,32,,81886,8,,,1,70,,81888,8,,,2,30,,81895,8,,,1,70,,81906,8,,,1,30,,81901,8,,,2,70,,81896,8,,,1,30,,81881,8,,,1,69,,81890,8,,,1,31,,81897,8,,,1,70,,81882,8,,,2,30,,81879,8,,,1,72,,81898,8,,,1,29,,81891,8,,,1,71,,81872,8,,,1,31,,81899,8,,,2,68,,81877,8,,,1,31,,81874,8,,,1,71,,81902,8,,,1,28,,81887,8,,,1,71,,81893,8,,,2,32,,81878,8,,,2,72,,81900,8,,,1,25,,81873,8,,,2,66,,81903,8,,,1,30,,81876,8,,,1,70,,81892,8,,,1,32,,81904,8,,,1,70,,81875,8,,,1,32,,81885,8,,,1,71,,81905,8,,,1,30,,81889,8,,,1
6800,'Semaine-1',612,,84102,16,,,1,30,,84112,16,,,1,69,,84110,16,,,1,31,,84119,16,,,1,70,,84116,16,,,1,30,,84093,16,,,1,70,,84117,16,,,1,30,,84094,16,,,1,70,,84099,16,,,1,30,,84118,16,,,1,70,,84104,16,,,1,30,,84097,16,,,1,75,,84114,16,,,1,35,,84105,16,,,1,70,,84113,16,,,1,30,,84106,16,,,1,70,,84100,16,,,1,29,,84103,16,,,1,58,,84111,16,,,1,20,,84121,16,,,1,25,,84107,16,,,1,60,,84115,16,,,1,20,,84109,16,,,1,20,,84123,16,,,1,57,,84120,16,,,1,10,,84108,16,,,1,10,,84122,16,,,1,20,,84096,16,,,1,70,,84101,16,,,1,30,,84098,16,,,1
6800,'Semaine-12',612,,84133,16,,,1,30,,84143,16,,,1,69,,84141,16,,,1,31,,84150,16,,,1,70,,84147,16,,,1,30,,84124,16,,,1,70,,84148,16,,,1,30,,84125,16,,,1,70,,84130,16,,,1,30,,84149,16,,,1,70,,84135,16,,,1,30,,84128,16,,,1,75,,84145,16,,,1,35,,84136,16,,,1,70,,84144,16,,,1,30,,84137,16,,,1,70,,84131,16,,,1,29,,84134,16,,,1,58,,84142,16,,,1,20,,84152,16,,,1,25,,84138,16,,,1,60,,84146,16,,,1,20,,84140,16,,,1,20,,84154,16,,,1,57,,84151,16,,,1,10,,84139,16,,,1,10,,84153,16,,,1,20,,84127,16,,,1,70,,84132,16,,,1,30,,84129,16,,,1
82701,'Semaine-1',803,,87130,24,0,9 12 13,2
82701,'Semaine-12',803,,87131,24,0,9 12 13,2
