2701,'Semaine-1',618,,80049,13,,,1,83,,80050,13,,,1,51,,80047,13,,,1,66,,80048,13,,,2
2701,'Semaine-12',618,,80053,13,,,1,83,,80054,13,,,1,51,,80051,13,,,1,66,,80052,13,,,2
3300,'Samedi-1',813,,80535,44,,,1,100,,80536,44,,,1,101,,80537,44,,,1,100,,80538,44,,,1,103,,80539,44,,,1,100,,80540,44,,,1,100,,80541,44,,,1,100,,80542,44,,,1,100,,80543,44,,,1,100,,80544,44,,,1,100,,80545,44,,,1,98,,80546,44,,,1,99,,80547,44,,,1,100,,80548,44,,,1,100,,80549,44,,,1,100,,80550,44,,,1,99,,80551,44,,,1,98,,80552,44,,,1
3300,'Samedi-10',813,,66888,44,,,1,100,,66889,44,,,1,101,,66890,44,,,1,100,,66891,44,,,1,103,,66892,44,,,1,100,,66893,44,,,1,100,,66894,44,,,1,100,,66895,44,,,1,100,,66896,44,,,1,100,,66897,44,,,1,100,,66898,44,,,1,98,,66899,44,,,1,99,,66900,44,,,1,100,,66901,44,,,1,100,,66902,44,,,1,100,,66903,44,,,1,99,,66904,44,,,1,98,,66905,44,,,1
3300,'Dimanche-1',813,,80554,44,,,1,100,,80559,44,,,1,101,,80565,44,,,1,100,,80556,44,,,1,103,,80558,44,,,1,100,,80555,44,,,1,100,,80557,44,,,1,100,,80553,44,,,1,100,,80561,44,,,1,100,,80560,44,,,1,100,,80563,44,,,1,98,,80562,44,,,1,99,,80564,44,,,1,100,,80566,44,,,1,100,,80567,44,,,1,100,,80568,44,,,1,99,,80569,44,,,1,98,,80570,44,,,1
3300,'Semaine-1',656,,80596,44,,,1,60,,80595,44,,,1,19,,80602,44,,,1,74,,80575,44,,,1,13,,80589,44,,,1,19,,80597,44,,,1,16,,80610,44,,,1,57,,80603,44,,,1,27,,80587,44,,,1,66,,80605,44,,,1,31,,80590,44,,,1,78,,80580,44,,,1,21,,80599,44,,,1,20,,80585,44,,,1,60,,80592,44,,,1,20,,80581,44,,,1,22,,80607,44,,,1,58,,80588,44,,,1,20,,80609,44,,,1,72,,80594,44,,,1,30,,80582,44,,,1,20,,80604,44,,,1,60,,80600,44,,,1,22,,80593,44,,,1,63,,80572,44,,,1,21,,80584,44,,,1,12,,80591,44,,,1,13,,80608,44,,,1,56,,80606,44,,,1,25,,80601,44,,,1,20,,80579,44,,,1,59,,80578,44,,,1,15,,80583,44,,,1,18,,80571,44,,,1,58,,80576,44,,,1,41,,80611,44,,,1,73,,80586,44,,,1,98,,80577,44,,,1,102,,80573,44,,,1,100,,80598,44,,,2,100,,80612,44,,,1,103,,80574,44,,,1
3300,'Semaine-12',656,,80638,44,,,1,60,,80637,44,,,1,19,,80644,44,,,1,74,,80617,44,,,1,13,,80631,44,,,1,19,,80639,44,,,1,16,,80652,44,,,1,57,,80645,44,,,1,27,,80629,44,,,1,66,,80647,44,,,1,31,,80632,44,,,1,78,,80622,44,,,1,21,,80641,44,,,1,20,,80627,44,,,1,60,,80634,44,,,1,20,,80623,44,,,1,22,,80649,44,,,1,58,,80630,44,,,1,20,,80651,44,,,1,72,,80636,44,,,1,30,,80624,44,,,1,20,,80646,44,,,1,60,,80642,44,,,1,22,,80635,44,,,1,63,,80614,44,,,1,21,,80626,44,,,1,12,,80633,44,,,1,13,,80650,44,,,1,56,,80648,44,,,1,25,,80643,44,,,1,20,,80621,44,,,1,59,,80620,44,,,1,15,,80625,44,,,1,18,,80613,44,,,1,58,,80618,44,,,1,41,,80653,44,,,1,73,,80628,44,,,1,98,,80619,44,,,1,102,,80615,44,,,1,100,,80640,44,,,2,100,,80654,44,,,1,103,,80616,44,,,1
33100,'Semaine-1',836,,85911,35,0,7 8,1
33100,'Semaine-12',836,,85912,35,0,7 8,1
43300,'Semaine-1',1510,,86778,22,0,9 14,2
43300,'Semaine-12',1510,,86780,22,0,9 14,2
56600,'Semaine-1',1536,,86817,23,0,5 6,1
56600,'Semaine-12',1536,,86818,23,0,5 6,1
73300,'Semaine-1',1648,,86877,40,,,1
73300,'Semaine-12',1648,,86878,40,,,1
82701,'Semaine-1',754,,87130,13,0,9 12 13,2
82701,'Semaine-12',754,,87131,13,0,9 12 13,2
