2501,'Semaine-1',553,,80009,5,,,2,69,,80008,5,,,1,30,,80006,5,,,1,70,,80007,5,,,2,31,,80010,5,,,1,69,,80005,5,,,2
2501,'Semaine-12',553,,80015,5,,,2,69,,80014,5,,,1,30,,80012,5,,,1,70,,80013,5,,,2,31,,80016,5,,,1,69,,80011,5,,,2
32501,'Semaine-1',807,,85899,5,0,7 8,1,3,,85900,5,0,7 8,1
32501,'Semaine-12',807,,85901,5,0,7 8,1,3,,85902,5,0,7 8,1
42500,'Semaine-1',656,,86753,5,0,9 14,1,2,,86754,5,0,9 14,2
42500,'Semaine-12',656,,86755,5,0,9 14,1,2,,86756,5,0,9 14,2
72501,'Semaine-1',803,,86869,5,0,5 11,2
72501,'Semaine-12',803,,86870,5,0,5 11,2
82501,'Semaine-1',736,,87116,5,0,9 12 13,1,1,,87117,5,0,9 12 13,1
82501,'Semaine-12',736,,87118,5,0,9 12 13,1,1,,87119,5,0,9 12 13,1
