2301,'Semaine-1',648,,79986,33,,,1,70,,79983,33,,,2,34,,79987,33,,,1,74,,79985,33,,,2,28,,79984,33,,,1
2301,'Semaine-12',648,,79991,33,,,1,70,,79988,33,,,2,34,,79992,33,,,1,74,,79990,33,,,2,28,,79989,33,,,1
2501,'Semaine-1',631,,80009,40,,,2,69,,80008,40,,,1,36,,80006,40,,,1,79,,80007,40,,,2,31,,80010,40,,,1,63,,80005,40,,,2
2501,'Semaine-12',631,,80015,40,,,2,69,,80014,40,,,1,36,,80012,40,,,1,79,,80013,40,,,2,31,,80016,40,,,1,63,,80011,40,,,2
2601,'Semaine-1',630,,80028,38,,,1,72,,80030,38,,,2,31,,80031,38,,,2,70,,80029,38,,,1,30,,80027,38,,,2
2601,'Semaine-12',630,,80033,38,,,1,72,,80035,38,,,2,31,,80036,38,,,2,70,,80034,38,,,1,30,,80032,38,,,2
2901,'Semaine-1',744,,80077,24,,,2,73,,80080,24,,,1,28,,80078,24,,,1,69,,80079,24,,,2
2901,'Semaine-12',744,,80081,24,,,2,73,,80084,24,,,1,28,,80082,24,,,1,69,,80083,24,,,2
4001,'Semaine-1',646,,81922,56,,,1,70,,81921,56,,,1,36,,81924,56,,,1,75,,81920,56,,,2,25,,81919,56,,,1,67,,81923,56,,,1
4001,'Semaine-12',646,,81928,56,,,1,70,,81927,56,,,1,36,,81930,56,,,1,75,,81926,56,,,2,25,,81925,56,,,1,67,,81929,56,,,1
4101,'Semaine-1',711,,81943,47,,,1,33,,81944,47,,,1,76,,81945,47,,,1,26,,81942,47,,,2,67,,81941,47,,,1
4101,'Semaine-12',711,,81948,47,,,1,33,,81949,47,,,1,76,,81950,47,,,1,26,,81947,47,,,2,67,,81946,47,,,1
4501,'Semaine-1',633,,81972,50,,,1,70,,81971,50,,,1,38,,81975,50,,,2,70,,81974,50,,,1,34,,81973,50,,,1,65,,81976,50,,,1
4501,'Semaine-12',633,,81978,50,,,1,70,,81977,50,,,1,38,,81981,50,,,2,70,,81980,50,,,1,34,,81979,50,,,1,65,,81982,50,,,1
4701,'Semaine-1',647,,81991,43,,,2,87,,81990,43,,,1,92,,81989,43,,,1,27,,81992,43,,,1
4701,'Semaine-12',647,,81995,43,,,2,87,,81994,43,,,1,92,,81993,43,,,1,27,,81996,43,,,1
4801,'Semaine-1',804,,81999,44,,,1
4801,'Semaine-12',804,,82000,44,,,1
