4200,'Semaine-1',625,,81951,17,,,1,106,,81952,17,,,1,903,,81953,17,,,1,99,,81954,17,,,1
4200,'Semaine-12',625,,81955,17,,,1,106,,81956,17,,,1,903,,81957,17,,,1,99,,81958,17,,,1
5200,'Samedi-1',628,,82231,6,,,1,100,,82232,6,,,1,100,,82233,6,,,1,100,,82234,6,,,1,101,,82235,6,,,1,101,,82236,6,,,1,101,,82237,6,,,1,100,,82238,6,,,1,99,,82239,6,,,1,100,,82240,6,,,1,100,,82241,6,,,1,100,,82242,6,,,1,99,,82243,6,,,1,100,,82246,6,,,1,100,,82244,6,,,1,100,,82245,6,,,1,99,,82247,6,,,1,100,,82248,6,,,1
5200,'Samedi-10',628,,70287,6,,,1,100,,70288,6,,,1,100,,70289,6,,,1,100,,70290,6,,,1,101,,70291,6,,,1,101,,70292,6,,,1,101,,70293,6,,,1,100,,70294,6,,,1,99,,70295,6,,,1,100,,70296,6,,,1,100,,70297,6,,,1,100,,70298,6,,,1,99,,70299,6,,,1,100,,70302,6,,,1,100,,70300,6,,,1,100,,70301,6,,,1,99,,70303,6,,,1,100,,70304,6,,,1
5200,'Dimanche-1',628,,82250,6,,,1,100,,82249,6,,,1,100,,82251,6,,,1,100,,82254,6,,,1,101,,82252,6,,,1,101,,82253,6,,,1,101,,82257,6,,,1,100,,82256,6,,,1,99,,82258,6,,,1,100,,82255,6,,,1,100,,82259,6,,,1,100,,82261,6,,,1,99,,82262,6,,,1,100,,82260,6,,,1,100,,82263,6,,,1,100,,82264,6,,,1,99,,82265,6,,,1,100,,82266,6,,,1
5200,'Semaine-1',559,,82270,6,,,1,97,,82272,6,,,1,147,,82267,6,,,1,98,,82283,6,,,1,58,,82281,6,,,1,141,,82268,6,,,1,100,,82275,6,,,1,100,,82274,6,,,1,100,,82271,6,,,1,100,,82269,6,,,1,107,,82273,6,,,1,100,,82284,6,,,1,109,,82282,6,,,1,99,,82276,6,,,1,44,,82280,6,,,1,100,,82279,6,,,1,100,,82277,6,,,1,100,,82278,6,,,1
5200,'Semaine-12',559,,82288,6,,,1,97,,82290,6,,,1,147,,82285,6,,,1,98,,82301,6,,,1,58,,82299,6,,,1,141,,82286,6,,,1,100,,82293,6,,,1,100,,82292,6,,,1,100,,82289,6,,,1,100,,82287,6,,,1,107,,82291,6,,,1,100,,82302,6,,,1,109,,82300,6,,,1,99,,82294,6,,,1,44,,82298,6,,,1,100,,82297,6,,,1,100,,82295,6,,,1,100,,82296,6,,,1
44901,'Semaine-1',1526,,86793,30,0,9 14,1
44901,'Semaine-12',1526,,86794,30,0,9 14,1
65400,'Semaine-1',1512,,86859,10,0,9 10,2
65400,'Semaine-12',1512,,86860,10,0,9 10,2
75400,'Semaine-1',1511,,86896,8,0,9 18,1
75400,'Semaine-12',1511,,86898,8,0,9 18,1
