3600,'Semaine-1',923,,81164,34,,,1,100,,81165,34,,,1,102,,81163,34,,,1,100,,81166,34,,,1,100,,81168,34,,,1,100,,81169,34,,,1,100,,81167,34,,,1
3600,'Semaine-12',923,,81171,34,,,1,100,,81172,34,,,1,102,,81170,34,,,1,100,,81173,34,,,1,100,,81175,34,,,1,100,,81176,34,,,1,100,,81174,34,,,1
3700,'Samedi-1',740,,81191,26,,,1,100,,81192,26,,,1,100,,81194,26,,,1,102,,81195,26,,,1,100,,81193,26,,,1,101,,81196,26,,,1,100,,81197,26,,,1,100,,81198,26,,,1,100,,81199,26,,,1,100,,81200,26,,,1,100,,81201,26,,,1,100,,81202,26,,,1,97,,81203,26,,,1,100,,81204,26,,,1,100,,81205,26,,,1,100,,81206,26,,,1,98,,81207,26,,,1,100,,81208,26,,,1
3700,'Samedi-10',740,,68178,26,,,1,100,,68179,26,,,1,100,,68181,26,,,1,102,,68182,26,,,1,100,,68180,26,,,1,101,,68183,26,,,1,100,,68184,26,,,1,100,,68185,26,,,1,100,,68186,26,,,1,100,,68187,26,,,1,100,,68188,26,,,1,100,,68189,26,,,1,97,,68190,26,,,1,100,,68191,26,,,1,100,,68192,26,,,1,100,,68193,26,,,1,98,,68194,26,,,1,100,,68195,26,,,1
3700,'Dimanche-1',740,,81211,26,,,1,100,,81214,26,,,1,100,,81216,26,,,1,102,,81212,26,,,1,100,,81209,26,,,1,101,,81213,26,,,1,100,,81210,26,,,1,100,,81215,26,,,1,100,,81217,26,,,1,100,,81219,26,,,1,100,,81218,26,,,1,100,,81222,26,,,1,97,,81221,26,,,1,100,,81220,26,,,1,100,,81223,26,,,1,100,,81224,26,,,1,98,,81225,26,,,1,100,,81226,26,,,1
3700,'Semaine-1',659,,81248,26,,,1,81,,81254,26,,,1,73,,81245,26,,,1,29,,81229,26,,,1,69,,81243,26,,,1,89,,81235,26,,,1,100,,81231,26,,,1,100,,81232,26,,,1,100,,81233,26,,,1,102,,81234,26,,,1,100,,81240,26,,,1,49,,81241,26,,,1,56,,81242,26,,,1,15,,81228,26,,,1,15,,81250,26,,,1,63,,81237,26,,,1,30,,81246,26,,,1,23,,81236,26,,,1,68,,81230,26,,,1,29,,81227,26,,,1,66,,81238,26,,,1,30,,81253,26,,,1,69,,81244,26,,,1,36,,81255,26,,,1,99,,81251,26,,,1,99,,81239,26,,,1,100,,81249,26,,,1,99,,81252,26,,,1,55,,81247,26,,,1
3700,'Semaine-12',659,,81277,26,,,1,81,,81283,26,,,1,73,,81274,26,,,1,29,,81258,26,,,1,69,,81272,26,,,1,89,,81264,26,,,1,100,,81260,26,,,1,100,,81261,26,,,1,100,,81262,26,,,1,102,,81263,26,,,1,100,,81269,26,,,1,49,,81270,26,,,1,56,,81271,26,,,1,15,,81257,26,,,1,15,,81279,26,,,1,63,,81266,26,,,1,30,,81275,26,,,1,23,,81265,26,,,1,68,,81259,26,,,1,29,,81256,26,,,1,66,,81267,26,,,1,30,,81282,26,,,1,69,,81273,26,,,1,36,,81284,26,,,1,99,,81280,26,,,1,99,,81268,26,,,1,100,,81278,26,,,1,99,,81281,26,,,1,55,,81276,26,,,1
3800,'Samedi-1',750,,81376,24,,,1,72,,81369,24,,,1,20,,81370,24,,,1,80,,81381,24,,,1,29,,81373,24,,,1,71,,81371,24,,,1,29,,81382,24,,,1,72,,81374,24,,,1,30,,81380,24,,,1,71,,81372,24,,,1,27,,81375,24,,,1,74,,81379,24,,,1,26,,81377,24,,,1,74,,81378,24,,,1,30,,81383,24,,,1,71,,81384,24,,,1,30,,81385,24,,,1,69,,81386,24,,,1,21,,81387,24,,,1,78,,81388,24,,,1,30,,81389,24,,,1,70,,81390,24,,,1,30,,81391,24,,,1,70,,81392,24,,,1,29,,81393,24,,,1,69,,81394,24,,,1,30,,81396,24,,,1,70,,81395,24,,,1,29,,81398,24,,,1,70,,81397,24,,,1,30,,81399,24,,,1,70,,81400,24,,,1,30,,81401,24,,,1
3800,'Samedi-10',750,,68572,24,,,1,72,,68565,24,,,1,20,,68566,24,,,1,80,,68577,24,,,1,29,,68569,24,,,1,71,,68567,24,,,1,29,,68578,24,,,1,72,,68570,24,,,1,30,,68576,24,,,1,71,,68568,24,,,1,27,,68571,24,,,1,74,,68575,24,,,1,26,,68573,24,,,1,74,,68574,24,,,1,30,,68579,24,,,1,71,,68580,24,,,1,30,,68581,24,,,1,69,,68582,24,,,1,21,,68583,24,,,1,78,,68584,24,,,1,30,,68585,24,,,1,70,,68586,24,,,1,30,,68587,24,,,1,70,,68588,24,,,1,29,,68589,24,,,1,69,,68590,24,,,1,30,,68592,24,,,1,70,,68591,24,,,1,29,,68594,24,,,1,70,,68593,24,,,1,30,,68595,24,,,1,70,,68596,24,,,1,30,,68597,24,,,1
3800,'Dimanche-1',750,,81405,24,,,1,72,,81410,24,,,1,20,,81413,24,,,1,80,,81411,24,,,1,29,,81404,24,,,1,71,,81426,24,,,1,29,,81403,24,,,1,72,,81406,24,,,1,30,,81427,24,,,1,71,,81425,24,,,1,27,,81407,24,,,1,74,,81417,24,,,1,26,,81414,24,,,1,74,,81408,24,,,1,30,,81412,24,,,1,71,,81419,24,,,1,30,,81402,24,,,1,69,,81409,24,,,1,21,,81416,24,,,1,78,,81421,24,,,1,30,,81415,24,,,1,70,,81423,24,,,1,30,,81420,24,,,1,70,,81424,24,,,1,29,,81422,24,,,1,69,,81418,24,,,1,30,,81428,24,,,1,70,,81429,24,,,1,29,,81430,24,,,1,70,,81431,24,,,1,30,,81432,24,,,1,70,,81433,24,,,1,30,,81434,24,,,1
3800,'Semaine-1',704,,81451,24,,,1,19,,81467,24,,,1,32,,81462,24,,,1,70,,81475,24,,,1,30,,81472,24,,,1,70,,81448,24,,,1,20,,81444,24,,,1,60,,81455,24,,,1,20,,81440,24,,,1,20,,81464,24,,,1,60,,81449,24,,,1,22,,81445,24,,,1,20,,81456,24,,,1,60,,81441,24,,,1,20,,81463,24,,,1,20,,81474,24,,,1,60,,81446,24,,,1,20,,81457,24,,,1,20,,81465,24,,,1,60,,81476,24,,,1,20,,81450,24,,,1,21,,81447,24,,,1,62,,81458,24,,,1,30,,81471,24,,,1,73,,81436,24,,,1,31,,81460,24,,,1,73,,81469,24,,,1,24,,81459,24,,,1,66,,81473,24,,,1,28,,81439,24,,,1,69,,81470,24,,,1,29,,81453,24,,,1,71,,81461,24,,,1,30,,81466,24,,,1,68,,81468,24,,,1,30,,81452,24,,,1,70,,81438,24,,,1,30,,81454,24,,,1,70,,81442,24,,,1,30,,81437,24,,,1,70,,81435,24,,,1,26,,81443,24,,,1
3800,'Semaine-12',704,,81493,24,,,1,19,,81509,24,,,1,32,,81504,24,,,1,70,,81517,24,,,1,30,,81514,24,,,1,70,,81490,24,,,1,20,,81486,24,,,1,60,,81497,24,,,1,20,,81482,24,,,1,20,,81506,24,,,1,60,,81491,24,,,1,22,,81487,24,,,1,20,,81498,24,,,1,60,,81483,24,,,1,20,,81505,24,,,1,20,,81516,24,,,1,60,,81488,24,,,1,20,,81499,24,,,1,20,,81507,24,,,1,60,,81518,24,,,1,20,,81492,24,,,1,21,,81489,24,,,1,62,,81500,24,,,1,30,,81513,24,,,1,73,,81478,24,,,1,31,,81502,24,,,1,73,,81511,24,,,1,24,,81501,24,,,1,66,,81515,24,,,1,28,,81481,24,,,1,69,,81512,24,,,1,29,,81495,24,,,1,71,,81503,24,,,1,30,,81508,24,,,1,68,,81510,24,,,1,30,,81494,24,,,1,70,,81480,24,,,1,30,,81496,24,,,1,70,,81484,24,,,1,30,,81479,24,,,1,70,,81477,24,,,1,26,,81485,24,,,1
32501,'Semaine-1',839,,85899,39,0,7 8,1,3,,85900,39,0,7 8,1
32501,'Semaine-12',839,,85901,39,0,7 8,1,3,,85902,39,0,7 8,1
32601,'Semaine-1',835,,85905,36,0,7 8,1
32601,'Semaine-12',835,,85906,36,0,7 8,1
32900,'Semaine-1',842,,85907,39,0,7 8,1
32900,'Semaine-12',842,,85908,39,0,7 8,1
43700,'Semaine-1',738,,86783,22,0,9 14,1,2,,86784,18,0,9 14,2
43700,'Semaine-12',738,,86785,22,0,9 14,1,2,,86786,18,0,9 14,2
