4800,'Semaine-1',1709,,81997,5,,,1
4800,'Semaine-12',1709,,81998,5,,,1
8500,'Semaine-1',1519,,85418,6,,,1,16,,85413,6,,,2,15,,85410,6,,,1,56,,85419,6,,,2,16,,85409,6,,,1,15,,85412,6,,,1,16,,85417,6,,,1,54,,85415,6,,,1,19,,85414,6,,,2,21,,85411,6,,,1,58,,85416,6,,,2
8500,'Semaine-12',1519,,85429,6,,,1,16,,85424,6,,,2,15,,85421,6,,,1,56,,85430,6,,,2,16,,85420,6,,,1,15,,85423,6,,,1,16,,85428,6,,,1,54,,85426,6,,,1,19,,85425,6,,,2,21,,85422,6,,,1,58,,85427,6,,,2
8700,'Semaine-1',1512,,85460,10,,,1,16,,85459,10,,,2,15,,85452,10,,,1,15,,85454,10,,,2,55,,85451,10,,,1,18,,85461,10,,,1,12,,85457,10,,,1,15,,85458,10,,,2,59,,85453,10,,,1,19,,85456,10,,,1,19,,85455,10,,,1
8700,'Semaine-12',1512,,85471,10,,,1,16,,85470,10,,,2,15,,85463,10,,,1,15,,85465,10,,,2,55,,85462,10,,,1,18,,85472,10,,,1,12,,85468,10,,,1,15,,85469,10,,,2,59,,85464,10,,,1,19,,85467,10,,,1,19,,85466,10,,,1
9300,'Semaine-1',1458,,85500,3,,,2,60,,85503,3,,,1,20,,85499,3,,,2,20,,85502,3,,,1,69,,85501,3,,,2,30,,85497,3,,,1,70,,85498,3,,,1
9300,'Semaine-12',1458,,85507,3,,,2,60,,85510,3,,,1,20,,85506,3,,,2,20,,85509,3,,,1,69,,85508,3,,,2,30,,85504,3,,,1,70,,85505,3,,,1
9500,'Semaine-1',1438,,85529,3,,,1,16,,85532,3,,,2,55,,85528,3,,,2,15,,85523,3,,,2,15,,85527,3,,,2,15,,85524,3,,,1,55,,85525,3,,,1,18,,85530,3,,,2,21,,85531,3,,,2,72,,85526,3,,,1
9500,'Semaine-12',1438,,85539,3,,,1,16,,85542,3,,,2,55,,85538,3,,,2,15,,85533,3,,,2,15,,85537,3,,,2,15,,85534,3,,,1,55,,85535,3,,,1,18,,85540,3,,,2,21,,85541,3,,,2,72,,85536,3,,,1
74001,'Semaine-1',842,,86883,53,0,5 11,2,2,,86884,53,0,5 11,1
74001,'Semaine-12',842,,86885,53,0,5 11,2,2,,86886,53,0,5 11,1
