1800,'Semaine-1',1308,,79946,20,,,1,237,,79945,20,,,2,103,,79948,20,,,1,69,,79947,20,,,1
1800,'Semaine-12',1308,,79950,20,,,1,237,,79949,20,,,2,103,,79952,20,,,1,69,,79951,20,,,1
6800,'Semaine-1',621,,84102,19,,,1,30,,84112,19,,,1,69,,84110,19,,,1,31,,84119,19,,,1,70,,84116,19,,,1,30,,84093,19,,,1,70,,84117,19,,,1,30,,84094,19,,,1,70,,84099,19,,,1,30,,84118,19,,,1,70,,84104,19,,,1,30,,84097,19,,,1,75,,84114,19,,,1,75,,84105,19,,,1,30,,84113,19,,,1,70,,84106,19,,,1,30,,84100,19,,,1,69,,84103,19,,,1,18,,84111,19,,,1,20,,84121,19,,,1,65,,84107,19,,,1,20,,84115,19,,,1,20,,84109,19,,,1,60,,84123,19,,,1,17,,84120,19,,,1,10,,84108,19,,,1,10,,84122,19,,,1,60,,84096,19,,,1,30,,84101,19,,,1,70,,84098,19,,,1
6800,'Semaine-12',621,,84133,19,,,1,30,,84143,19,,,1,69,,84141,19,,,1,31,,84150,19,,,1,70,,84147,19,,,1,30,,84124,19,,,1,70,,84148,19,,,1,30,,84125,19,,,1,70,,84130,19,,,1,30,,84149,19,,,1,70,,84135,19,,,1,30,,84128,19,,,1,75,,84145,19,,,1,75,,84136,19,,,1,30,,84144,19,,,1,70,,84137,19,,,1,30,,84131,19,,,1,69,,84134,19,,,1,18,,84142,19,,,1,20,,84152,19,,,1,65,,84138,19,,,1,20,,84146,19,,,1,20,,84140,19,,,1,60,,84154,19,,,1,17,,84151,19,,,1,10,,84139,19,,,1,10,,84153,19,,,1,60,,84127,19,,,1,30,,84132,19,,,1,70,,84129,19,,,1
10000,'Semaine-1',1533,,85718,16,,,1,9,,85720,16,,,1,11,,85705,16,,,1,48,,85706,16,,,1,7,,85707,16,,,1,9,,85719,16,,,1,8,,85708,16,,,1,10,,85709,16,,,1,9,,85710,16,,,1,10,,85711,16,,,1,50,,85712,16,,,1,9,,85713,16,,,1,12,,85714,16,,,1,10,,85715,16,,,1,8,,85716,16,,,1,12,,85717,16,,,1
10000,'Semaine-12',1533,,85734,16,,,1,9,,85736,16,,,1,11,,85721,16,,,1,48,,85722,16,,,1,7,,85723,16,,,1,9,,85735,16,,,1,8,,85724,16,,,1,10,,85725,16,,,1,9,,85726,16,,,1,10,,85727,16,,,1,50,,85728,16,,,1,9,,85729,16,,,1,12,,85730,16,,,1,10,,85731,16,,,1,8,,85732,16,,,1,12,,85733,16,,,1
20000,'Semaine-1',1533,,85767,12,,,1,5,,85768,12,,,1,8,,85791,12,,,1,5,,85769,12,,,1,5,,85770,12,,,1,45,,85796,12,,,1,5,,85771,12,,,1,5,,85773,12,,,1,5,,85774,12,,,1,5,,85775,12,,,1,5,,85777,12,,,1,5,,85778,12,,,1,5,,85772,12,,,1,5,,85795,12,,,1,5,,85776,12,,,1,7,,85779,12,,,1,4,,85780,12,,,1,45,,85781,12,,,1,4,,85782,12,,,1,5,,85794,12,,,1,5,,85783,12,,,1,5,,85792,12,,,1,5,,85784,12,,,1,5,,85785,12,,,1,5,,85787,12,,,1,5,,85786,12,,,1,5,,85788,12,,,1,3,,85789,12,,,1,5,,85790,12,,,1,5,,85793,12,,,1
20000,'Semaine-12',1533,,85797,12,,,1,5,,85798,12,,,1,8,,85821,12,,,1,5,,85799,12,,,1,5,,85800,12,,,1,45,,85826,12,,,1,5,,85801,12,,,1,5,,85803,12,,,1,5,,85804,12,,,1,5,,85805,12,,,1,5,,85807,12,,,1,5,,85808,12,,,1,5,,85802,12,,,1,5,,85825,12,,,1,5,,85806,12,,,1,7,,85809,12,,,1,4,,85810,12,,,1,45,,85811,12,,,1,4,,85812,12,,,1,5,,85824,12,,,1,5,,85813,12,,,1,5,,85822,12,,,1,5,,85814,12,,,1,5,,85815,12,,,1,5,,85817,12,,,1,5,,85816,12,,,1,5,,85818,12,,,1,3,,85819,12,,,1,5,,85820,12,,,1,5,,85823,12,,,1
40000,'Samedi-1',625,,86087,16,,,1,20,,86088,16,,,1,55,,86091,16,,,1,15,,86096,16,,,1,15,,86105,16,,,1,15,,86106,16,,,1,55,,86089,16,,,1,15,,86093,16,,,1,15,,86090,16,,,1,15,,86114,16,,,1,55,,86092,16,,,1,15,,86095,16,,,1,15,,86094,16,,,1,15,,86097,16,,,1,55,,86115,16,,,1,15,,86113,16,,,1,15,,86116,16,,,1,15,,86098,16,,,1,55,,86100,16,,,1,15,,86103,16,,,1,15,,86104,16,,,1,15,,86099,16,,,1,55,,86110,16,,,1,15,,86112,16,,,1,15,,86117,16,,,1,15,,86102,16,,,1,55,,86101,16,,,1,15,,86107,16,,,1,16,,86108,16,,,1,15,,86109,16,,,1,55,,86118,16,,,1,15,,86111,16,,,1,15,,86119,16,,,1,15,,86120,16,,,1,55,,86121,16,,,1,15,,86122,16,,,1,15,,86123,16,,,1,15,,86124,16,,,1,55,,86125,16,,,1,15,,86126,16,,,1,15,,86127,16,,,1,15,,86128,16,,,1,55,,86129,16,,,1,15,,86130,16,,,1,15,,86131,16,,,1,15,,86132,16,,,1,55,,86133,16,,,1,15,,86134,16,,,1,15,,86140,16,,,1,15,,86135,16,,,1,55,,86136,16,,,1,15,,86137,16,,,1,14,,86138,16,,,1,16,,86139,16,,,1,54,,86143,16,,,1,15,,86141,16,,,1,15,,86142,16,,,1,15,,86147,16,,,1,55,,86146,16,,,1,16,,86145,16,,,1,14,,86144,16,,,1,16,,86151,16,,,1,54,,86148,16,,,1,15,,86149,16,,,1,15,,86150,16,,,1,15,,86158,16,,,1,56,,86153,16,,,1,15,,86152,16,,,1,13,,86154,16,,,1,16,,86155,16,,,1,13,,86156,16,,,1,56,,86157,16,,,1,11,,86159,16,,,1
40000,'Samedi-10',625,,77857,16,,,1,20,,77858,16,,,1,55,,77861,16,,,1,15,,77866,16,,,1,15,,77875,16,,,1,15,,77876,16,,,1,55,,77859,16,,,1,15,,77863,16,,,1,15,,77860,16,,,1,15,,77884,16,,,1,55,,77862,16,,,1,15,,77865,16,,,1,15,,77864,16,,,1,15,,77867,16,,,1,55,,77885,16,,,1,15,,77883,16,,,1,15,,77886,16,,,1,15,,77868,16,,,1,55,,77870,16,,,1,15,,77873,16,,,1,15,,77874,16,,,1,15,,77869,16,,,1,55,,77880,16,,,1,15,,77882,16,,,1,15,,77887,16,,,1,15,,77872,16,,,1,55,,77871,16,,,1,15,,77877,16,,,1,16,,77878,16,,,1,15,,77879,16,,,1,55,,77888,16,,,1,15,,77881,16,,,1,15,,77889,16,,,1,15,,77890,16,,,1,55,,77891,16,,,1,15,,77892,16,,,1,15,,77893,16,,,1,15,,77894,16,,,1,55,,77895,16,,,1,15,,77896,16,,,1,15,,77897,16,,,1,15,,77898,16,,,1,55,,77899,16,,,1,15,,77900,16,,,1,15,,77901,16,,,1,15,,77902,16,,,1,55,,77903,16,,,1,15,,77904,16,,,1,15,,77910,16,,,1,15,,77905,16,,,1,55,,77906,16,,,1,15,,77907,16,,,1,14,,77908,16,,,1,16,,77909,16,,,1,54,,77913,16,,,1,15,,77911,16,,,1,15,,77912,16,,,1,15,,77917,16,,,1,55,,77916,16,,,1,16,,77915,16,,,1,14,,77914,16,,,1,16,,77921,16,,,1,54,,77918,16,,,1,15,,77919,16,,,1,15,,77920,16,,,1,15,,77928,16,,,1,56,,77923,16,,,1,15,,77922,16,,,1,13,,77924,16,,,1,16,,77925,16,,,1,13,,77926,16,,,1,56,,77927,16,,,1,11,,77929,16,,,1
40000,'Dimanche-1',625,,86160,16,,,1,20,,86161,16,,,1,55,,86169,16,,,1,15,,86181,16,,,1,15,,86183,16,,,1,15,,86164,16,,,1,55,,86171,16,,,1,15,,86170,16,,,1,15,,86162,16,,,1,15,,86163,16,,,1,55,,86172,16,,,1,15,,86180,16,,,1,15,,86182,16,,,1,15,,86165,16,,,1,55,,86175,16,,,1,15,,86174,16,,,1,15,,86189,16,,,1,15,,86190,16,,,1,55,,86186,16,,,1,15,,86201,16,,,1,15,,86194,16,,,1,15,,86185,16,,,1,55,,86200,16,,,1,15,,86173,16,,,1,15,,86188,16,,,1,15,,86191,16,,,1,55,,86179,16,,,1,15,,86202,16,,,1,16,,86195,16,,,1,15,,86176,16,,,1,55,,86184,16,,,1,15,,86177,16,,,1,15,,86187,16,,,1,15,,86196,16,,,1,55,,86178,16,,,1,15,,86166,16,,,1,15,,86192,16,,,1,15,,86167,16,,,1,55,,86199,16,,,1,15,,86168,16,,,1,15,,86208,16,,,1,15,,86197,16,,,1,55,,86212,16,,,1,15,,86206,16,,,1,15,,86193,16,,,1,15,,86210,16,,,1,55,,86198,16,,,1,15,,86214,16,,,1,15,,86207,16,,,1,15,,86215,16,,,1,55,,86211,16,,,1,15,,86216,16,,,1,14,,86203,16,,,1,16,,86209,16,,,1,54,,86204,16,,,1,15,,86213,16,,,1,15,,86205,16,,,1,15,,86217,16,,,1,55,,86218,16,,,1,16,,86220,16,,,1,14,,86219,16,,,1,16,,86222,16,,,1,54,,86221,16,,,1,15,,86223,16,,,1,15,,86224,16,,,1,15,,86229,16,,,1,56,,86225,16,,,1,15,,86227,16,,,1,13,,86226,16,,,1,16,,86228,16,,,1,13,,86231,16,,,1,56,,86230,16,,,1,11,,86232,16,,,1
40000,'Semaine-1',600,,86233,16,,,1,15,,86239,16,,,1,15,,86262,16,,,1,14,,86277,16,,,1,56,,86267,16,,,1,17,,86325,16,,,1,9,,86297,16,,,1,10,,86249,16,,,1,10,,86296,16,,,1,58,,86291,16,,,1,13,,86292,16,,,1,10,,86247,16,,,1,12,,86269,16,,,1,12,,86271,16,,,1,52,,86318,16,,,1,11,,86288,16,,,1,11,,86242,16,,,1,13,,86251,16,,,1,9,,86237,16,,,1,9,,86240,16,,,1,50,,86293,16,,,1,10,,86259,16,,,1,10,,86272,16,,,1,10,,86265,16,,,1,10,,86266,16,,,1,10,,86298,16,,,1,50,,86278,16,,,1,10,,86289,16,,,1,11,,86243,16,,,1,9,,86252,16,,,1,10,,86241,16,,,1,11,,86319,16,,,1,49,,86294,16,,,1,10,,86260,16,,,1,10,,86273,16,,,1,11,,86264,16,,,1,10,,86256,16,,,1,9,,86285,16,,,1,51,,86268,16,,,1,4,,86279,16,,,1,5,,86290,16,,,1,11,,86244,16,,,1,10,,86254,16,,,1,10,,86246,16,,,1,10,,86236,16,,,1,50,,86295,16,,,1,10,,86276,16,,,1,10,,86274,16,,,1,7,,86286,16,,,1,6,,86263,16,,,1,7,,86255,16,,,1,6,,86303,16,,,1,6,,86304,16,,,1,44,,86305,16,,,1,6,,86306,16,,,1,2,,86307,16,,,1,11,,86317,16,,,1,5,,86323,16,,,1,2,,86308,16,,,1,275,,86309,16,,,1,5,,86310,16,,,1,5,,86311,16,,,1,5,,86312,16,,,1,5,,86324,16,,,1,5,,86313,16,,,1,6,,86314,16,,,1,8,,86315,16,,,1,12,,86316,16,,,1,52,,86280,16,,,1,12,,86281,16,,,1,10,,86275,16,,,1,12,,86301,16,,,1,12,,86284,16,,,1,52,,86270,16,,,1,12,,86248,16,,,1,12,,86320,16,,,1,12,,86253,16,,,1,13,,86321,16,,,1,51,,86261,16,,,1,12,,86282,16,,,1,12,,86322,16,,,1,14,,86258,16,,,1,14,,86302,16,,,1,55,,86300,16,,,1,15,,86245,16,,,1,15,,86234,16,,,1,15,,86250,16,,,1,53,,86283,16,,,1,15,,86257,16,,,1,15,,86287,16,,,1,15,,86299,16,,,1,55,,86238,16,,,1,15,,86235,16,,,1
40000,'Semaine-12',600,,86326,16,,,1,15,,86332,16,,,1,15,,86355,16,,,1,14,,86370,16,,,1,56,,86360,16,,,1,17,,86418,16,,,1,9,,86390,16,,,1,10,,86342,16,,,1,10,,86389,16,,,1,58,,86384,16,,,1,13,,86385,16,,,1,10,,86340,16,,,1,12,,86362,16,,,1,12,,86364,16,,,1,52,,86411,16,,,1,11,,86381,16,,,1,11,,86335,16,,,1,13,,86344,16,,,1,9,,86330,16,,,1,9,,86333,16,,,1,50,,86386,16,,,1,10,,86352,16,,,1,10,,86365,16,,,1,10,,86358,16,,,1,10,,86359,16,,,1,10,,86391,16,,,1,50,,86371,16,,,1,10,,86382,16,,,1,11,,86336,16,,,1,9,,86345,16,,,1,10,,86334,16,,,1,11,,86412,16,,,1,49,,86387,16,,,1,10,,86353,16,,,1,10,,86366,16,,,1,11,,86357,16,,,1,10,,86349,16,,,1,9,,86378,16,,,1,51,,86361,16,,,1,4,,86372,16,,,1,5,,86383,16,,,1,11,,86337,16,,,1,10,,86347,16,,,1,10,,86339,16,,,1,10,,86329,16,,,1,50,,86388,16,,,1,10,,86369,16,,,1,10,,86367,16,,,1,7,,86379,16,,,1,6,,86356,16,,,1,7,,86348,16,,,1,6,,86396,16,,,1,6,,86397,16,,,1,44,,86398,16,,,1,6,,86399,16,,,1,2,,86400,16,,,1,11,,86410,16,,,1,5,,86416,16,,,1,2,,86401,16,,,1,275,,86402,16,,,1,5,,86403,16,,,1,5,,86404,16,,,1,5,,86405,16,,,1,5,,86417,16,,,1,5,,86406,16,,,1,6,,86407,16,,,1,8,,86408,16,,,1,12,,86409,16,,,1,52,,86373,16,,,1,12,,86374,16,,,1,10,,86368,16,,,1,12,,86394,16,,,1,12,,86377,16,,,1,52,,86363,16,,,1,12,,86341,16,,,1,12,,86413,16,,,1,12,,86346,16,,,1,13,,86414,16,,,1,51,,86354,16,,,1,12,,86375,16,,,1,12,,86415,16,,,1,14,,86351,16,,,1,14,,86395,16,,,1,55,,86393,16,,,1,15,,86338,16,,,1,15,,86327,16,,,1,15,,86343,16,,,1,53,,86376,16,,,1,15,,86350,16,,,1,15,,86380,16,,,1,15,,86392,16,,,1,55,,86331,16,,,1,15,,86328,16,,,1
57600,'Semaine-1',1535,,86829,9,0,5 6,1
57600,'Semaine-12',1535,,86830,9,0,5 6,1
80000,'Samedi-1',749,,86901,49,,,1,105,,86902,49,,,1,98,,86903,49,,,1,102,,86905,49,,,1,100,,86906,49,,,1,100,,86904,49,,,1,100,,86907,49,,,1,101,,86908,49,,,1,100,,86909,49,,,1,100,,86910,49,,,1,97,,86911,49,,,2,99,,86912,49,,,1,100,,86915,49,,,1,99,,86913,49,,,1,100,,86914,49,,,1,98,,86916,49,,,1,100,,86917,49,,,1
80000,'Samedi-10',749,,79460,49,,,1,105,,79461,49,,,1,98,,79462,49,,,1,102,,79464,49,,,1,100,,79465,49,,,1,100,,79463,49,,,1,100,,79466,49,,,1,101,,79467,49,,,1,100,,79468,49,,,1,100,,79469,49,,,1,97,,79470,49,,,2,99,,79471,49,,,1,100,,79474,49,,,1,99,,79472,49,,,1,100,,79473,49,,,1,98,,79475,49,,,1,100,,79476,49,,,1
80000,'Dimanche-1',749,,86920,49,,,1,105,,86919,49,,,1,98,,86925,49,,,1,102,,86918,49,,,1,100,,86922,49,,,1,100,,86921,49,,,1,100,,86923,49,,,1,101,,86924,49,,,1,100,,86928,49,,,1,100,,86926,49,,,1,97,,86927,49,,,2,99,,86931,49,,,1,100,,86930,49,,,1,99,,86929,49,,,1,100,,86932,49,,,1,98,,86933,49,,,1,100,,86934,49,,,1
80000,'Semaine-1',628,,86967,48,,,1,72,,86953,48,,,1,31,,86943,48,,,1,15,,86942,48,,,1,56,,86963,48,,,1,30,,86954,48,,,1,18,,86940,48,,,1,69,,86959,48,,,1,29,,86944,49,,,1,70,,86961,49,,,1,30,,86956,49,,,1,70,,86970,49,,,1,30,,86937,49,,,1,70,,86958,49,,,1,30,,86948,49,,,1,70,,86964,49,,,1,31,,86957,49,,,1,70,,86968,49,,,1,32,,86947,49,,,1,68,,86962,49,,,1,34,,86960,49,,,1,71,,86949,49,,,1,33,,86965,49,,,1,67,,86938,49,,,1,30,,86955,49,,,1,69,,86952,49,,,1,28,,86966,49,,,1,69,,86951,49,,,1,29,,86945,49,,,1,69,,86939,49,,,1,31,,86969,49,,,1,69,,86950,49,,,1,25,,86946,49,,,1,70,,86936,49,,,1,29,,86941,49,,,1,70,,86935,49,,,1
80000,'Semaine-12',628,,87003,48,,,1,72,,86989,48,,,1,31,,86979,48,,,1,15,,86978,48,,,1,56,,86999,48,,,1,30,,86990,48,,,1,18,,86976,48,,,1,69,,86995,48,,,1,29,,86980,49,,,1,70,,86997,49,,,1,30,,86992,49,,,1,70,,87006,49,,,1,30,,86973,49,,,1,70,,86994,49,,,1,30,,86984,49,,,1,70,,87000,49,,,1,31,,86993,49,,,1,70,,87004,49,,,1,32,,86983,49,,,1,68,,86998,49,,,1,34,,86996,49,,,1,71,,86985,49,,,1,33,,87001,49,,,1,67,,86974,49,,,1,30,,86991,49,,,1,69,,86988,49,,,1,28,,87002,49,,,1,69,,86987,49,,,1,29,,86981,49,,,1,69,,86975,49,,,1,31,,87005,49,,,1,69,,86986,49,,,1,25,,86982,49,,,1,70,,86972,49,,,1,29,,86977,49,,,1,70,,86971,49,,,1
