4501,'Semaine-1',604,,81972,20,,,1,30,,81971,20,,,1,71,,81975,20,,,2,30,,81974,20,,,1,73,,81973,20,,,1,29,,81976,20,,,1
4501,'Semaine-12',604,,81978,20,,,1,30,,81977,20,,,1,71,,81981,20,,,2,30,,81980,20,,,1,73,,81979,20,,,1,29,,81982,20,,,1
5201,'Samedi-1',659,,82303,44,,,1,100,,82304,44,,,1,141,,82305,44,,,1,100,,82306,44,,,1,102,,82308,44,,,1,100,,82307,44,,,1,100,,82309,44,,,1,100,,82310,44,,,1,101,,82311,44,,,1,99,,82312,44,,,1,100,,82313,44,,,1,100,,82314,44,,,1,99,,82317,44,,,1,100,,82315,44,,,1,57,,82319,44,,,1,101,,82316,44,,,1,100,,82318,44,,,1,141,,82320,44,,,1
5201,'Samedi-10',659,,70449,44,,,1,100,,70450,44,,,1,141,,70451,44,,,1,100,,70452,44,,,1,102,,70454,44,,,1,100,,70453,44,,,1,100,,70455,44,,,1,100,,70456,44,,,1,101,,70457,44,,,1,99,,70458,44,,,1,100,,70459,44,,,1,100,,70460,44,,,1,99,,70463,44,,,1,100,,70461,44,,,1,57,,70465,44,,,1,101,,70462,44,,,1,100,,70464,44,,,1,141,,70466,44,,,1
5201,'Dimanche-1',659,,82321,44,,,1,100,,82322,44,,,1,141,,82323,44,,,1,100,,82326,44,,,1,102,,82324,44,,,1,100,,82328,44,,,1,100,,82325,44,,,1,100,,82330,44,,,1,101,,82327,44,,,1,99,,82329,44,,,1,100,,82332,44,,,1,100,,82334,44,,,1,99,,82331,44,,,1,100,,82333,44,,,1,57,,82335,44,,,1,101,,82336,44,,,1,100,,82337,44,,,1,141,,82338,44,,,1
5201,'Semaine-1',630,,82354,44,,,1,102,,82356,44,,,1,102,,82355,44,,,1,97,,82339,44,,,1,102,,82345,44,,,1,99,,82342,44,,,1,100,,82349,44,,,1,100,,82340,44,,,1,100,,82344,44,,,1,102,,82343,44,,,1,100,,82353,44,,,1,100,,82352,44,,,1,98,,82346,44,,,1,97,,82347,44,,,1,100,,82351,44,,,1,100,,82348,44,,,1,100,,82350,44,,,1,100,,82341,44,,,2
5201,'Semaine-12',630,,82372,44,,,1,102,,82374,44,,,1,102,,82373,44,,,1,97,,82357,44,,,1,102,,82363,44,,,1,99,,82360,44,,,1,100,,82367,44,,,1,100,,82358,44,,,1,100,,82362,44,,,1,102,,82361,44,,,1,100,,82371,44,,,1,100,,82370,44,,,1,98,,82364,44,,,1,97,,82365,44,,,1,100,,82369,44,,,1,100,,82366,44,,,1,100,,82368,44,,,1,100,,82359,44,,,2
64500,'Semaine-1',711,,86851,14,0,9 10,1
64500,'Semaine-12',711,,86852,14,0,9 10,1
75200,'Semaine-1',713,,86888,7,0,9 18,1,2,,86887,7,0,9 18,2
75200,'Semaine-12',713,,86890,7,0,9 18,1,2,,86889,7,0,9 18,2
