4001,'Semaine-1',603,,81922,11,,,1,29,,81921,11,,,1,71,,81924,11,,,1,32,,81920,11,,,2,68,,81919,11,,,1,30,,81923,11,,,1
4001,'Semaine-12',603,,81928,11,,,1,29,,81927,11,,,1,71,,81930,11,,,1,32,,81926,11,,,2,68,,81925,11,,,1,30,,81929,11,,,1
5000,'Semaine-1',638,,82216,12,,,1,20,,82214,12,,,1,71,,82217,12,,,2,30,,82213,12,,,1,149,,82218,12,,,1
5000,'Semaine-12',638,,82222,12,,,1,20,,82220,12,,,1,71,,82223,12,,,2,30,,82219,12,,,1,149,,82224,12,,,1
5201,'Samedi-1',639,,82303,12,,,1,100,,82304,12,,,1,100,,82305,12,,,1,100,,82306,12,,,1,100,,82308,12,,,1,100,,82307,12,,,1,100,,82309,12,,,1,100,,82310,12,,,1,101,,82311,12,,,1,99,,82312,12,,,1,100,,82313,12,,,1,100,,82314,12,,,1,100,,82317,12,,,1,100,,82315,12,,,1,100,,82319,12,,,1,100,,82316,12,,,1,100,,82318,12,,,1,101,,82320,12,,,1
5201,'Samedi-10',639,,70449,12,,,1,100,,70450,12,,,1,100,,70451,12,,,1,100,,70452,12,,,1,100,,70454,12,,,1,100,,70453,12,,,1,100,,70455,12,,,1,100,,70456,12,,,1,101,,70457,12,,,1,99,,70458,12,,,1,100,,70459,12,,,1,100,,70460,12,,,1,100,,70463,12,,,1,100,,70461,12,,,1,100,,70465,12,,,1,100,,70462,12,,,1,100,,70464,12,,,1,101,,70466,12,,,1
5201,'Dimanche-1',639,,82321,12,,,1,100,,82322,12,,,1,100,,82323,12,,,1,100,,82326,12,,,1,100,,82324,12,,,1,100,,82328,12,,,1,100,,82325,12,,,1,100,,82330,12,,,1,101,,82327,12,,,1,99,,82329,12,,,1,100,,82332,12,,,1,100,,82334,12,,,1,100,,82331,12,,,1,100,,82333,12,,,1,100,,82335,12,,,1,100,,82336,12,,,1,100,,82337,12,,,1,101,,82338,12,,,1
5201,'Semaine-1',610,,82354,12,,,1,100,,82356,12,,,1,103,,82355,12,,,1,97,,82339,12,,,1,101,,82345,12,,,1,99,,82342,12,,,1,100,,82349,12,,,1,100,,82340,12,,,1,99,,82344,12,,,1,102,,82343,12,,,1,100,,82353,12,,,1,100,,82352,12,,,1,99,,82346,12,,,1,99,,82347,12,,,1,100,,82351,12,,,1,100,,82348,12,,,1,100,,82350,12,,,1,100,,82341,12,,,2
5201,'Semaine-12',610,,82372,12,,,1,100,,82374,12,,,1,103,,82373,12,,,1,97,,82357,12,,,1,101,,82363,12,,,1,99,,82360,12,,,1,100,,82367,12,,,1,100,,82358,12,,,1,99,,82362,12,,,1,102,,82361,12,,,1,100,,82371,12,,,1,100,,82370,12,,,1,99,,82364,12,,,1,99,,82365,12,,,1,100,,82369,12,,,1,100,,82366,12,,,1,100,,82368,12,,,1,100,,82359,12,,,2
55000,'Semaine-1',652,,86799,12,0,5 6,1,2,,86800,12,0,5 6,1
55000,'Semaine-12',652,,86801,12,0,5 6,1,2,,86802,12,0,5 6,1
64001,'Semaine-1',720,,86843,12,0,9 10,1,2,,86844,12,0,9 10,1
64001,'Semaine-12',720,,86845,12,0,9 10,1,2,,86846,12,0,9 10,1
74001,'Semaine-1',802,,86883,12,0,5 11,2,2,,86884,12,0,5 11,1
74001,'Semaine-12',802,,86885,12,0,5 11,2,2,,86886,12,0,5 11,1
