3601,'Semaine-1',837,,81179,4,,,1,91,,81177,4,,,1,100,,81180,4,,,1,100,,81178,4,,,1,99,,81183,4,,,1,100,,81182,4,,,1,101,,81181,4,,,1
3601,'Semaine-12',837,,81186,4,,,1,91,,81184,4,,,1,100,,81187,4,,,1,100,,81185,4,,,1,99,,81190,4,,,1,100,,81189,4,,,1,101,,81188,4,,,1
3701,'Samedi-1',644,,81286,4,,,1,100,,81291,4,,,1,100,,81285,4,,,1,100,,81290,4,,,1,100,,81287,4,,,1,100,,81288,4,,,1,100,,81292,4,,,1,99,,81289,4,,,1,100,,81293,4,,,1,100,,81294,4,,,1,100,,81295,4,,,1,102,,81296,4,,,1,100,,81297,4,,,1,100,,81298,4,,,1,100,,81299,4,,,1,100,,81300,4,,,1,101,,81301,4,,,1
3701,'Samedi-10',644,,68373,4,,,1,100,,68378,4,,,1,100,,68372,4,,,1,100,,68377,4,,,1,100,,68374,4,,,1,100,,68375,4,,,1,100,,68379,4,,,1,99,,68376,4,,,1,100,,68380,4,,,1,100,,68381,4,,,1,100,,68382,4,,,1,102,,68383,4,,,1,100,,68384,4,,,1,100,,68385,4,,,1,100,,68386,4,,,1,100,,68387,4,,,1,101,,68388,4,,,1
3701,'Dimanche-1',644,,81303,4,,,1,100,,81304,4,,,1,100,,81306,4,,,1,100,,81307,4,,,1,100,,81315,4,,,1,100,,81302,4,,,1,100,,81308,4,,,1,99,,81305,4,,,1,100,,81310,4,,,1,100,,81311,4,,,1,100,,81313,4,,,1,102,,81312,4,,,1,100,,81309,4,,,1,100,,81314,4,,,1,100,,81316,4,,,1,100,,81317,4,,,1,101,,81318,4,,,1
3701,'Semaine-1',511,,81332,4,,,1,29,,81330,4,,,1,75,,81334,4,,,1,30,,81324,4,,,1,71,,81341,4,,,1,16,,81321,4,,,1,14,,81342,4,,,1,69,,81323,4,,,1,99,,81340,4,,,1,100,,81328,4,,,1,100,,81322,4,,,1,100,,81320,4,,,1,100,,81325,4,,,1,100,,81336,4,,,1,98,,81319,4,,,1,30,,81335,4,,,1,71,,81338,4,,,1,29,,81333,4,,,1,72,,81339,4,,,1,30,,81343,4,,,1,85,,81327,4,,,1,100,,81337,4,,,1,100,,81329,4,,,1,102,,81326,4,,,1,96,,81331,4,,,1
3701,'Semaine-12',511,,81357,4,,,1,29,,81355,4,,,1,75,,81359,4,,,1,30,,81349,4,,,1,71,,81366,4,,,1,16,,81346,4,,,1,14,,81367,4,,,1,69,,81348,4,,,1,99,,81365,4,,,1,100,,81353,4,,,1,100,,81347,4,,,1,100,,81345,4,,,1,100,,81350,4,,,1,100,,81361,4,,,1,98,,81344,4,,,1,30,,81360,4,,,1,71,,81363,4,,,1,29,,81358,4,,,1,72,,81364,4,,,1,30,,81368,4,,,1,85,,81352,4,,,1,100,,81362,4,,,1,100,,81354,4,,,1,102,,81351,4,,,1,96,,81356,4,,,1
6401,'Samedi-1',713,,83372,4,,,1,100,,83369,4,,,1,100,,83371,4,,,1,100,,83374,4,,,1,100,,83370,4,,,1,100,,83375,4,,,1,100,,83373,4,,,1,100,,83376,4,,,1,100,,83377,4,,,1,100,,83378,4,,,1,100,,83379,4,,,1
6401,'Samedi-10',713,,72587,4,,,1,100,,72584,4,,,1,100,,72586,4,,,1,100,,72589,4,,,1,100,,72585,4,,,1,100,,72590,4,,,1,100,,72588,4,,,1,100,,72591,4,,,1,100,,72592,4,,,1,100,,72593,4,,,1,100,,72594,4,,,1
6401,'Dimanche-1',713,,83384,4,,,1,100,,83381,4,,,1,100,,83387,4,,,1,100,,83388,4,,,1,100,,83385,4,,,1,100,,83380,4,,,1,100,,83382,4,,,1,100,,83383,4,,,1,100,,83389,4,,,1,100,,83386,4,,,1,100,,83390,4,,,1
6401,'Semaine-1',512,,83391,4,,,2,108,,83401,4,,,2,100,,83403,4,,,1,100,,83400,4,,,1,92,,83408,4,,,1,100,,83395,4,,,1,100,,83394,4,,,1,100,,83406,4,,,1,100,,83402,4,,,2,100,,83404,4,,,1,100,,83405,4,,,1,102,,83396,4,,,1,98,,83392,4,,,1,100,,83393,4,,,1,100,,83399,4,,,1,100,,83397,4,,,1,100,,83398,4,,,1,100,,83407,4,,,1
6401,'Semaine-12',512,,83409,4,,,2,108,,83419,4,,,2,100,,83421,4,,,1,100,,83418,4,,,1,92,,83426,4,,,1,100,,83413,4,,,1,100,,83412,4,,,1,100,,83424,4,,,1,100,,83420,4,,,2,100,,83422,4,,,1,100,,83423,4,,,1,102,,83414,4,,,1,98,,83410,4,,,1,100,,83411,4,,,1,100,,83417,4,,,1,100,,83415,4,,,1,100,,83416,4,,,1,100,,83425,4,,,1
6800,'Semaine-1',602,,84102,4,,,1,30,,84112,4,,,1,69,,84110,4,,,1,31,,84119,4,,,1,70,,84116,4,,,1,30,,84093,4,,,1,70,,84117,4,,,1,30,,84094,4,,,1,70,,84099,4,,,1,30,,84118,4,,,1,70,,84104,4,,,1,30,,84097,4,,,1,75,,84114,4,,,1,31,,84095,4,0,17,1,4,,84105,4,,,1,70,,84113,4,,,1,30,,84106,4,,,1,70,,84100,4,,,1,29,,84103,4,,,1,18,,84111,4,,,1,60,,84121,4,,,1,24,,84107,4,,,1,60,,84115,4,,,1,20,,84109,4,,,1,20,,84123,4,,,1,59,,84120,4,,,1,10,,84108,4,,,1,10,,84122,4,,,1,20,,84096,4,,,1,70,,84101,4,,,1,30,,84098,4,,,1
6800,'Semaine-12',602,,84133,4,,,1,30,,84143,4,,,1,69,,84141,4,,,1,31,,84150,4,,,1,70,,84147,4,,,1,30,,84124,4,,,1,70,,84148,4,,,1,30,,84125,4,,,1,70,,84130,4,,,1,30,,84149,4,,,1,70,,84135,4,,,1,30,,84128,4,,,1,75,,84145,4,,,1,31,,84126,4,0,17,1,4,,84136,4,,,1,70,,84144,4,,,1,30,,84137,4,,,1,70,,84131,4,,,1,29,,84134,4,,,1,18,,84142,4,,,1,60,,84152,4,,,1,24,,84138,4,,,1,60,,84146,4,,,1,20,,84140,4,,,1,20,,84154,4,,,1,59,,84151,4,,,1,10,,84139,4,,,1,10,,84153,4,,,1,20,,84127,4,,,1,70,,84132,4,,,1,30,,84129,4,,,1
33101,'Semaine-1',1641,,85913,34,0,7 8,1
33101,'Semaine-12',1641,,85914,34,0,7 8,1
37101,'Samedi-1',713,,86004,4,,,1,100,,86003,4,,,1,98,,86007,4,,,1,100,,86006,4,,,1,101,,86008,4,,,1,99,,86005,4,,,1,99,,86009,4,,,1,98,,86010,4,,,1,103,,86011,4,,,1,100,,86012,4,,,1,100,,86013,4,,,1,105,,86014,4,,,1,95,,86015,4,,,1,101,,86016,4,,,1,100,,86017,4,,,1,102,,86018,4,,,1,100,,86019,4,,,1
37101,'Samedi-10',713,,77625,4,,,1,100,,77624,4,,,1,98,,77628,4,,,1,100,,77627,4,,,1,101,,77629,4,,,1,99,,77626,4,,,1,99,,77630,4,,,1,98,,77631,4,,,1,103,,77632,4,,,1,100,,77633,4,,,1,100,,77634,4,,,1,105,,77635,4,,,1,95,,77636,4,,,1,101,,77637,4,,,1,100,,77638,4,,,1,102,,77639,4,,,1,100,,77640,4,,,1
37101,'Dimanche-1',713,,86033,4,,,1,100,,86022,4,,,1,98,,86023,4,,,1,100,,86020,4,,,1,101,,86025,4,,,1,99,,86021,4,,,1,99,,86024,4,,,1,98,,86027,4,,,1,103,,86026,4,,,1,100,,86028,4,,,1,100,,86032,4,,,1,105,,86031,4,,,1,95,,86029,4,,,1,101,,86030,4,,,1,100,,86034,4,,,1,102,,86035,4,,,1,100,,86036,4,,,1
37101,'Semaine-1',521,,86053,4,,,1,31,,86056,4,,,1,70,,86049,4,,,1,28,,86051,4,,,1,71,,86061,4,,,1,30,,86060,4,,,1,70,,86055,4,,,1,32,,86039,4,,,1,99,,86046,4,,,1,100,,86044,4,,,1,98,,86045,4,,,1,100,,86059,4,,,1,100,,86042,4,,,1,102,,86043,4,,,1,68,,86040,4,,,1,30,,86047,4,,,1,71,,86057,4,,,1,30,,86058,4,,,1,70,,86037,4,,,1,80,,86041,4,,,1,57,,86052,4,,,1,100,,86054,4,,,1,100,,86038,4,,,1,100,,86048,4,,,1,185,,86050,4,,,1
37101,'Semaine-12',521,,86078,4,,,1,31,,86081,4,,,1,70,,86074,4,,,1,28,,86076,4,,,1,71,,86086,4,,,1,30,,86085,4,,,1,70,,86080,4,,,1,32,,86064,4,,,1,99,,86071,4,,,1,100,,86069,4,,,1,98,,86070,4,,,1,100,,86084,4,,,1,100,,86067,4,,,1,102,,86068,4,,,1,68,,86065,4,,,1,30,,86072,4,,,1,71,,86082,4,,,1,30,,86083,4,,,1,70,,86062,4,,,1,80,,86066,4,,,1,57,,86077,4,,,1,100,,86079,4,,,1,100,,86063,4,,,1,100,,86073,4,,,1,185,,86075,4,,,1
43701,'Semaine-1',1459,,86788,4,0,9 14,1
43701,'Semaine-12',1459,,86790,4,0,9 14,1
