6400,'Samedi-1',734,,83307,5,,,1,100,,83309,5,,,1,100,,83312,5,,,1,100,,83310,5,,,1,100,,83313,5,,,1,100,,83308,5,,,1,100,,83311,5,,,1,100,,83314,5,,,1,100,,83315,5,,,1,100,,83316,5,,,1,100,,83317,5,,,1,100,,83318,5,,,1
6400,'Samedi-10',734,,72456,5,,,1,100,,72458,5,,,1,100,,72461,5,,,1,100,,72459,5,,,1,100,,72462,5,,,1,100,,72457,5,,,1,100,,72460,5,,,1,100,,72463,5,,,1,100,,72464,5,,,1,100,,72465,5,,,1,100,,72466,5,,,1,100,,72467,5,,,1
6400,'Dimanche-1',734,,83320,5,,,1,100,,83321,5,,,1,100,,83326,5,,,1,100,,83324,5,,,1,100,,83319,5,,,1,100,,83322,5,,,1,100,,83323,5,,,1,100,,83327,5,,,1,100,,83325,5,,,1,100,,83329,5,,,1,100,,83330,5,,,1,100,,83328,5,,,1
6400,'Semaine-1',645,,83339,5,,,1,74,,83336,5,,,1,30,,83331,5,,,1,70,,83335,5,,,1,100,,83337,5,,,1,100,,83342,5,,,1,100,,83341,5,,,1,100,,83334,5,,,1,100,,83347,5,,,1,100,,83343,5,,,1,95,,83344,5,,,1,45,,83349,5,,,1,87,,83348,5,,,1,102,,83345,5,,,1,95,,83346,5,,,1,100,,83338,5,,,2,100,,83332,5,,,2,100,,83340,5,,,1,100,,83333,5,,,1
6400,'Semaine-12',645,,83358,5,,,1,74,,83355,5,,,1,30,,83350,5,,,1,70,,83354,5,,,1,100,,83356,5,,,1,100,,83361,5,,,1,100,,83360,5,,,1,100,,83353,5,,,1,100,,83366,5,,,1,100,,83362,5,,,1,95,,83363,5,,,1,45,,83368,5,,,1,87,,83367,5,,,1,102,,83364,5,,,1,95,,83365,5,,,1,100,,83357,5,,,2,100,,83351,5,,,2,100,,83359,5,,,1,100,,83352,5,,,1
6600,'Samedi-1',714,,83633,5,,,1,100,,83636,5,,,1,100,,83634,5,,,1,100,,83637,5,,,1,100,,83631,5,,,1,100,,83632,5,,,1,100,,83635,5,,,1,100,,83638,5,,,1,100,,83639,5,,,1,100,,83640,5,,,1,100,,83641,5,,,1,100,,83642,5,,,1,100,,83644,5,,,1,100,,83643,5,,,1,100,,83645,5,,,1,100,,83646,5,,,1,100,,83647,5,,,1
6600,'Samedi-10',714,,73120,5,,,1,100,,73123,5,,,1,100,,73121,5,,,1,100,,73124,5,,,1,100,,73118,5,,,1,100,,73119,5,,,1,100,,73122,5,,,1,100,,73125,5,,,1,100,,73126,5,,,1,100,,73127,5,,,1,100,,73128,5,,,1,100,,73129,5,,,1,100,,73131,5,,,1,100,,73130,5,,,1,100,,73132,5,,,1,100,,73133,5,,,1,100,,73134,5,,,1
6600,'Dimanche-1',714,,83652,5,,,1,100,,83653,5,,,1,100,,83654,5,,,1,100,,83648,5,,,1,100,,83649,5,,,1,100,,83650,5,,,1,100,,83651,5,,,1,100,,83656,5,,,1,100,,83655,5,,,1,100,,83659,5,,,1,100,,83657,5,,,1,100,,83661,5,,,1,100,,83658,5,,,1,100,,83660,5,,,1,100,,83662,5,,,1,100,,83663,5,,,1,100,,83664,5,,,1
6600,'Semaine-1',600,,83675,5,,,2,20,,83681,5,,,2,20,,83676,5,,,1,63,,83668,5,,,2,19,,83680,5,,,1,19,,83673,5,,,1,61,,83687,5,,,1,18,,83667,5,,,1,18,,83678,5,,,1,20,,83688,5,,,1,100,,83677,5,,,1,100,,83669,5,,,1,100,,83692,5,,,1,100,,83693,5,,,1,101,,83679,5,,,2,100,,83689,5,,,1,63,,83682,5,,,1,22,,83665,5,,,1,60,,83684,5,,,1,18,,83690,5,,,1,20,,83695,5,,,1,59,,83666,5,,,2,24,,83685,5,,,2,20,,83683,5,,,1,58,,83671,5,,,1,22,,83691,5,,,2,94,,83672,5,,,2,100,,83670,5,,,1,98,,83674,5,,,1,100,,83686,5,,,1,100,,83694,5,,,1
6600,'Semaine-12',600,,83706,5,,,2,20,,83712,5,,,2,20,,83707,5,,,1,63,,83699,5,,,2,19,,83711,5,,,1,19,,83704,5,,,1,61,,83718,5,,,1,18,,83698,5,,,1,18,,83709,5,,,1,20,,83719,5,,,1,100,,83708,5,,,1,100,,83700,5,,,1,100,,83723,5,,,1,100,,83724,5,,,1,101,,83710,5,,,2,100,,83720,5,,,1,63,,83713,5,,,1,22,,83696,5,,,1,60,,83715,5,,,1,18,,83721,5,,,1,20,,83726,5,,,1,59,,83697,5,,,2,24,,83716,5,,,2,20,,83714,5,,,1,58,,83702,5,,,1,22,,83722,5,,,2,94,,83703,5,,,2,100,,83701,5,,,1,98,,83705,5,,,1,100,,83717,5,,,1,100,,83725,5,,,1
56900,'Semaine-1',1538,,86821,12,0,5 6,2
56900,'Semaine-12',1538,,86822,12,0,5 6,2
