2001,'Semaine-1',1532,,79965,2,,,1,100,,79967,2,,,1,100,,79966,2,,,1
2001,'Semaine-12',1532,,79968,2,,,1,100,,79970,2,,,1,100,,79969,2,,,1
2701,'Semaine-1',622,,80049,18,,,1,84,,80050,18,,,1,51,,80047,18,,,1,66,,80048,18,,,2
2701,'Semaine-12',622,,80053,18,,,1,84,,80054,18,,,1,51,,80051,18,,,1,66,,80052,18,,,2
3801,'Samedi-1',706,,81523,2,,,1,30,,81519,2,,,1,69,,81531,2,,,1,30,,81524,2,,,1,70,,81520,2,,,1,30,,81532,2,,,1,67,,81525,2,,,1,32,,81529,2,,,1,70,,81521,2,,,1,30,,81526,2,,,1,70,,81530,2,,,1,30,,81522,2,,,1,69,,81527,2,,,1,30,,81528,2,,,1,70,,81533,2,,,1,30,,81534,2,,,1,71,,81535,2,,,1,30,,81536,2,,,1,70,,81537,2,,,1,30,,81538,2,,,1,70,,81539,2,,,1,31,,81540,2,,,1,68,,81541,2,,,1,33,,81543,2,,,1,70,,81542,2,,,1,30,,81545,2,,,1,70,,81544,2,,,1,30,,81546,2,,,1,70,,81547,2,,,1,30,,81551,2,,,1,70,,81548,2,,,1,30,,81549,2,,,1,71,,81550,2,,,1
3801,'Samedi-10',706,,68893,2,,,1,30,,68889,2,,,1,69,,68901,2,,,1,30,,68894,2,,,1,70,,68890,2,,,1,30,,68902,2,,,1,67,,68895,2,,,1,32,,68899,2,,,1,70,,68891,2,,,1,30,,68896,2,,,1,70,,68900,2,,,1,30,,68892,2,,,1,69,,68897,2,,,1,30,,68898,2,,,1,70,,68903,2,,,1,30,,68904,2,,,1,71,,68905,2,,,1,30,,68906,2,,,1,70,,68907,2,,,1,30,,68908,2,,,1,70,,68909,2,,,1,31,,68910,2,,,1,68,,68911,2,,,1,33,,68913,2,,,1,70,,68912,2,,,1,30,,68915,2,,,1,70,,68914,2,,,1,30,,68916,2,,,1,70,,68917,2,,,1,30,,68921,2,,,1,70,,68918,2,,,1,30,,68919,2,,,1,71,,68920,2,,,1
3801,'Dimanche-1',706,,81560,2,,,1,30,,81562,2,,,1,69,,81555,2,,,1,30,,81554,2,,,1,70,,81576,2,,,1,30,,81565,2,,,1,67,,81556,2,,,1,32,,81578,2,,,1,70,,81575,2,,,1,30,,81557,2,,,1,70,,81577,2,,,1,30,,81564,2,,,1,69,,81558,2,,,1,30,,81561,2,,,1,70,,81563,2,,,1,30,,81553,2,,,1,71,,81559,2,,,1,30,,81552,2,,,1,70,,81569,2,,,1,30,,81570,2,,,1,70,,81572,2,,,1,31,,81568,2,,,1,68,,81574,2,,,1,33,,81571,2,,,1,70,,81566,2,,,1,30,,81573,2,,,1,70,,81567,2,,,1,30,,81579,2,,,1,70,,81580,2,,,1,30,,81581,2,,,1,70,,81582,2,,,1,30,,81583,2,,,1,71,,81584,2,,,1
3801,'Semaine-1',612,,81613,2,,,1,28,,81585,2,,,1,69,,81612,2,,,1,19,,81623,2,,,1,18,,81619,2,,,1,63,,81601,2,,,1,30,,81621,2,,,1,70,,81608,2,,,1,21,,81591,2,,,1,20,,81617,2,,,1,60,,81602,2,,,1,20,,81594,2,,,1,20,,81609,2,,,1,60,,81592,2,,,1,20,,81616,2,,,1,20,,81622,2,,,1,60,,81595,2,,,1,20,,81624,2,,,1,20,,81610,2,,,1,60,,81615,2,,,1,20,,81603,2,,,1,20,,81596,2,,,1,60,,81611,2,,,1,20,,81625,2,,,1,19,,81598,2,,,1,60,,81604,2,,,1,30,,81618,2,,,1,70,,81593,2,,,1,31,,81600,2,,,1,69,,81590,2,,,1,30,,81626,2,,,1,20,,81587,2,,,1,61,,81620,2,,,1,32,,81589,2,,,1,69,,81599,2,,,1,31,,81607,2,,,1,70,,81614,2,,,1,30,,81597,2,,,1,68,,81605,2,,,1,32,,81606,2,,,1,70,,81586,2,,,1,85,,81588,2,,,1
3801,'Semaine-12',612,,81655,2,,,1,28,,81627,2,,,1,69,,81654,2,,,1,19,,81665,2,,,1,18,,81661,2,,,1,63,,81643,2,,,1,30,,81663,2,,,1,70,,81650,2,,,1,21,,81633,2,,,1,20,,81659,2,,,1,60,,81644,2,,,1,20,,81636,2,,,1,20,,81651,2,,,1,60,,81634,2,,,1,20,,81658,2,,,1,20,,81664,2,,,1,60,,81637,2,,,1,20,,81666,2,,,1,20,,81652,2,,,1,60,,81657,2,,,1,20,,81645,2,,,1,20,,81638,2,,,1,60,,81653,2,,,1,20,,81667,2,,,1,19,,81640,2,,,1,60,,81646,2,,,1,30,,81660,2,,,1,70,,81635,2,,,1,31,,81642,2,,,1,69,,81632,2,,,1,30,,81668,2,,,1,20,,81629,2,,,1,61,,81662,2,,,1,32,,81631,2,,,1,69,,81641,2,,,1,31,,81649,2,,,1,70,,81656,2,,,1,30,,81639,2,,,1,68,,81647,2,,,1,32,,81648,2,,,1,70,,81628,2,,,1,85,,81630,2,,,1
3901,'Samedi-1',608,,81789,2,,,1,100,,81791,2,,,1,100,,81795,2,,,1,100,,81794,2,,,1,100,,81797,2,,,1,100,,81796,2,,,1,100,,81792,2,,,1,30,,81790,2,,,1,70,,81798,2,,,1,30,,81793,2,,,1,70,,81799,2,,,1,30,,81800,2,,,1,70,,81801,2,,,1,30,,81802,2,,,1,70,,81803,2,,,1,30,,81804,2,,,1,70,,81805,2,,,1,30,,81806,2,,,1,70,,81807,2,,,1,30,,81808,2,,,1,100,,81809,2,,,1,100,,81810,2,,,1,100,,81811,2,,,1,100,,81812,2,,,1
3901,'Samedi-10',608,,69456,2,,,1,100,,69458,2,,,1,100,,69462,2,,,1,100,,69461,2,,,1,100,,69464,2,,,1,100,,69463,2,,,1,100,,69459,2,,,1,30,,69457,2,,,1,70,,69465,2,,,1,30,,69460,2,,,1,70,,69466,2,,,1,30,,69467,2,,,1,70,,69468,2,,,1,30,,69469,2,,,1,70,,69470,2,,,1,30,,69471,2,,,1,70,,69472,2,,,1,30,,69473,2,,,1,70,,69474,2,,,1,30,,69475,2,,,1,100,,69476,2,,,1,100,,69477,2,,,1,100,,69478,2,,,1,100,,69479,2,,,1
3901,'Dimanche-1',608,,81813,2,,,1,100,,81820,2,,,1,100,,81823,2,,,1,100,,81816,2,,,1,100,,81818,2,,,1,100,,81819,2,,,1,100,,81822,2,,,1,30,,81815,2,,,1,70,,81817,2,,,1,30,,81824,2,,,1,70,,81814,2,,,1,30,,81826,2,,,1,70,,81821,2,,,1,30,,81828,2,,,1,70,,81831,2,,,1,30,,81833,2,,,1,70,,81829,2,,,1,30,,81830,2,,,1,70,,81832,2,,,1,30,,81825,2,,,1,100,,81827,2,,,1,100,,81834,2,,,1,100,,81835,2,,,1,100,,81836,2,,,1
3901,'Semaine-1',627,,81859,2,,,1,26,,81848,2,,,1,78,,81849,2,,,1,73,,81845,2,,,1,32,,81851,2,,,1,70,,81853,2,,,2,30,,81860,2,,,1,70,,81871,2,,,1,30,,81866,2,,,2,70,,81861,2,,,1,30,,81846,2,,,1,69,,81855,2,,,1,31,,81862,2,,,1,70,,81847,2,,,2,30,,81844,2,,,1,72,,81863,2,,,1,29,,81856,2,,,1,70,,81837,2,,,1,31,,81864,2,,,2,68,,81842,2,,,1,31,,81839,2,,,1,71,,81867,2,,,1,28,,81852,2,,,1,72,,81858,2,,,2,32,,81843,2,,,2,72,,81865,2,,,1,25,,81838,2,,,2,66,,81868,2,,,1,30,,81841,2,,,1,70,,81857,2,,,1,32,,81869,2,,,1,70,,81840,2,,,1,32,,81850,2,,,1,71,,81870,2,,,1,30,,81854,2,,,1
3901,'Semaine-12',627,,81894,2,,,1,26,,81883,2,,,1,78,,81884,2,,,1,73,,81880,2,,,1,32,,81886,2,,,1,70,,81888,2,,,2,30,,81895,2,,,1,70,,81906,2,,,1,30,,81901,2,,,2,70,,81896,2,,,1,30,,81881,2,,,1,69,,81890,2,,,1,31,,81897,2,,,1,70,,81882,2,,,2,30,,81879,2,,,1,72,,81898,2,,,1,29,,81891,2,,,1,70,,81872,2,,,1,31,,81899,2,,,2,68,,81877,2,,,1,31,,81874,2,,,1,71,,81902,2,,,1,28,,81887,2,,,1,72,,81893,2,,,2,32,,81878,2,,,2,72,,81900,2,,,1,25,,81873,2,,,2,66,,81903,2,,,1,30,,81876,2,,,1,70,,81892,2,,,1,32,,81904,2,,,1,70,,81875,2,,,1,32,,81885,2,,,1,71,,81905,2,,,1,30,,81889,2,,,1
6400,'Samedi-1',754,,83307,32,,,1,100,,83309,32,,,1,100,,83312,32,,,1,100,,83310,32,,,1,100,,83313,32,,,1,100,,83308,32,,,1,100,,83311,32,,,1,100,,83314,32,,,1,99,,83315,32,,,1,100,,83316,32,,,1,100,,83317,32,,,1,100,,83318,32,,,1
6400,'Samedi-10',754,,72456,32,,,1,100,,72458,32,,,1,100,,72461,32,,,1,100,,72459,32,,,1,100,,72462,32,,,1,100,,72457,32,,,1,100,,72460,32,,,1,100,,72463,32,,,1,99,,72464,32,,,1,100,,72465,32,,,1,100,,72466,32,,,1,100,,72467,32,,,1
6400,'Dimanche-1',754,,83320,32,,,1,100,,83321,32,,,1,100,,83326,32,,,1,100,,83324,32,,,1,100,,83319,32,,,1,100,,83322,32,,,1,100,,83323,32,,,1,100,,83327,32,,,1,99,,83325,32,,,1,100,,83329,32,,,1,100,,83330,32,,,1,100,,83328,32,,,1
6400,'Semaine-1',706,,83339,32,,,1,34,,83336,32,,,1,70,,83331,32,,,1,30,,83335,32,,,1,100,,83337,32,,,1,100,,83342,32,,,1,100,,83341,32,,,1,100,,83334,32,,,1,100,,83347,32,,,1,100,,83343,32,,,1,95,,83344,32,,,1,85,,83349,32,,,1,87,,83348,32,,,1,100,,83345,32,,,1,95,,83346,32,,,1,100,,83338,32,,,2,99,,83332,32,,,2,100,,83340,32,,,1,100,,83333,32,,,1
6400,'Semaine-12',706,,83358,32,,,1,34,,83355,32,,,1,70,,83350,32,,,1,30,,83354,32,,,1,100,,83356,32,,,1,100,,83361,32,,,1,100,,83360,32,,,1,100,,83353,32,,,1,100,,83366,32,,,1,100,,83362,32,,,1,95,,83363,32,,,1,85,,83368,32,,,1,87,,83367,32,,,1,100,,83364,32,,,1,95,,83365,32,,,1,100,,83357,32,,,2,99,,83351,32,,,2,100,,83359,32,,,1,100,,83352,32,,,1
32500,'Semaine-1',1619,,85896,6,0,7 8,1
32500,'Semaine-12',1619,,85898,6,0,7 8,1
32600,'Semaine-1',1619,,85903,6,0,7 8,1
32600,'Semaine-12',1619,,85904,6,0,7 8,1
32901,'Semaine-1',1619,,85909,6,0,7 8,1
32901,'Semaine-12',1619,,85910,6,0,7 8,1
82701,'Semaine-1',759,,87130,18,0,9 12 13,2
82701,'Semaine-12',759,,87131,18,0,9 12 13,2
