3601,'Semaine-1',835,,81179,2,,,1,91,,81177,2,,,1,100,,81180,2,,,1,100,,81178,2,,,1,99,,81183,2,,,1,100,,81182,2,,,1,101,,81181,2,,,1
3601,'Semaine-12',835,,81186,2,,,1,91,,81184,2,,,1,100,,81187,2,,,1,100,,81185,2,,,1,99,,81190,2,,,1,100,,81189,2,,,1,101,,81188,2,,,1
3701,'Samedi-1',642,,81286,2,,,1,100,,81291,2,,,1,100,,81285,2,,,1,100,,81290,2,,,1,100,,81287,2,,,1,100,,81288,2,,,1,100,,81292,2,,,1,99,,81289,2,,,1,100,,81293,2,,,1,100,,81294,2,,,1,100,,81295,2,,,1,102,,81296,2,,,1,100,,81297,2,,,1,100,,81298,2,,,1,100,,81299,2,,,1,101,,81300,2,,,1,101,,81301,2,,,1
3701,'Samedi-10',642,,68373,2,,,1,100,,68378,2,,,1,100,,68372,2,,,1,100,,68377,2,,,1,100,,68374,2,,,1,100,,68375,2,,,1,100,,68379,2,,,1,99,,68376,2,,,1,100,,68380,2,,,1,100,,68381,2,,,1,100,,68382,2,,,1,102,,68383,2,,,1,100,,68384,2,,,1,100,,68385,2,,,1,100,,68386,2,,,1,101,,68387,2,,,1,101,,68388,2,,,1
3701,'Dimanche-1',642,,81303,2,,,1,100,,81304,2,,,1,100,,81306,2,,,1,100,,81307,2,,,1,100,,81315,2,,,1,100,,81302,2,,,1,100,,81308,2,,,1,99,,81305,2,,,1,100,,81310,2,,,1,100,,81311,2,,,1,100,,81313,2,,,1,102,,81312,2,,,1,100,,81309,2,,,1,100,,81314,2,,,1,100,,81316,2,,,1,101,,81317,2,,,1,101,,81318,2,,,1
3701,'Semaine-1',509,,81332,2,,,1,29,,81330,2,,,1,75,,81334,2,,,1,30,,81324,2,,,1,71,,81341,2,,,1,16,,81321,2,,,1,14,,81342,2,,,1,69,,81323,2,,,1,99,,81340,2,,,1,100,,81328,2,,,1,100,,81322,2,,,1,100,,81320,2,,,1,100,,81325,2,,,1,100,,81336,2,,,1,98,,81319,2,,,1,30,,81335,2,,,1,71,,81338,2,,,1,29,,81333,2,,,1,72,,81339,2,,,1,30,,81343,2,,,1,85,,81327,2,,,1,101,,81337,2,,,1,100,,81329,2,,,1,101,,81326,2,,,1,97,,81331,2,,,1
3701,'Semaine-12',509,,81357,2,,,1,29,,81355,2,,,1,75,,81359,2,,,1,30,,81349,2,,,1,71,,81366,2,,,1,16,,81346,2,,,1,14,,81367,2,,,1,69,,81348,2,,,1,99,,81365,2,,,1,100,,81353,2,,,1,100,,81347,2,,,1,100,,81345,2,,,1,100,,81350,2,,,1,100,,81361,2,,,1,98,,81344,2,,,1,30,,81360,2,,,1,71,,81363,2,,,1,29,,81358,2,,,1,72,,81364,2,,,1,30,,81368,2,,,1,85,,81352,2,,,1,101,,81362,2,,,1,100,,81354,2,,,1,101,,81351,2,,,1,97,,81356,2,,,1
6401,'Samedi-1',711,,83372,2,,,1,100,,83369,2,,,1,100,,83371,2,,,1,100,,83374,2,,,1,100,,83370,2,,,1,100,,83375,2,,,1,100,,83373,2,,,1,100,,83376,2,,,1,100,,83377,2,,,1,100,,83378,2,,,1,100,,83379,2,,,1
6401,'Samedi-10',711,,72587,2,,,1,100,,72584,2,,,1,100,,72586,2,,,1,100,,72589,2,,,1,100,,72585,2,,,1,100,,72590,2,,,1,100,,72588,2,,,1,100,,72591,2,,,1,100,,72592,2,,,1,100,,72593,2,,,1,100,,72594,2,,,1
6401,'Dimanche-1',711,,83384,2,,,1,100,,83381,2,,,1,100,,83387,2,,,1,100,,83388,2,,,1,100,,83385,2,,,1,100,,83380,2,,,1,100,,83382,2,,,1,100,,83383,2,,,1,100,,83389,2,,,1,100,,83386,2,,,1,100,,83390,2,,,1
6401,'Semaine-1',510,,83391,2,,,2,108,,83401,2,,,2,100,,83403,2,,,1,100,,83400,2,,,1,93,,83408,2,,,1,100,,83395,2,,,1,100,,83394,2,,,1,100,,83406,2,,,1,100,,83402,2,,,2,99,,83404,2,,,1,100,,83405,2,,,1,102,,83396,2,,,1,98,,83392,2,,,1,100,,83393,2,,,1,100,,83399,2,,,1,100,,83397,2,,,1,100,,83398,2,,,1,100,,83407,2,,,1
6401,'Semaine-12',510,,83409,2,,,2,108,,83419,2,,,2,100,,83421,2,,,1,100,,83418,2,,,1,93,,83426,2,,,1,100,,83413,2,,,1,100,,83412,2,,,1,100,,83424,2,,,1,100,,83420,2,,,2,99,,83422,2,,,1,100,,83423,2,,,1,102,,83414,2,,,1,98,,83410,2,,,1,100,,83411,2,,,1,100,,83417,2,,,1,100,,83415,2,,,1,100,,83416,2,,,1,100,,83425,2,,,1
6800,'Semaine-1',600,,84102,2,,,1,30,,84112,2,,,1,29,,84110,2,,,1,71,,84119,2,,,1,70,,84116,2,,,1,30,,84093,2,,,1,70,,84117,2,,,1,30,,84094,2,,,1,70,,84099,2,,,1,30,,84118,2,,,1,70,,84104,2,,,1,30,,84097,2,,,1,75,,84114,2,,,1,32,,84095,2,0,17,1,3,,84105,2,,,1,70,,84113,2,,,1,30,,84106,2,,,1,70,,84100,2,,,1,29,,84103,2,,,1,18,,84111,2,,,1,60,,84121,2,,,1,24,,84107,2,,,1,60,,84115,2,,,1,20,,84109,2,,,1,20,,84123,2,,,1,59,,84120,2,,,1,10,,84108,2,,,1,10,,84122,2,,,1,20,,84096,2,,,1,70,,84101,2,,,1,30,,84098,2,,,1
6800,'Semaine-12',600,,84133,2,,,1,30,,84143,2,,,1,29,,84141,2,,,1,71,,84150,2,,,1,70,,84147,2,,,1,30,,84124,2,,,1,70,,84148,2,,,1,30,,84125,2,,,1,70,,84130,2,,,1,30,,84149,2,,,1,70,,84135,2,,,1,30,,84128,2,,,1,75,,84145,2,,,1,32,,84126,2,0,17,1,3,,84136,2,,,1,70,,84144,2,,,1,30,,84137,2,,,1,70,,84131,2,,,1,29,,84134,2,,,1,18,,84142,2,,,1,60,,84152,2,,,1,24,,84138,2,,,1,60,,84146,2,,,1,20,,84140,2,,,1,20,,84154,2,,,1,59,,84151,2,,,1,10,,84139,2,,,1,10,,84153,2,,,1,20,,84127,2,,,1,70,,84132,2,,,1,30,,84129,2,,,1
33101,'Semaine-1',1640,,85913,32,0,7 8,1
33101,'Semaine-12',1640,,85914,32,0,7 8,1
37101,'Samedi-1',711,,86004,2,,,1,100,,86003,2,,,1,98,,86007,2,,,1,100,,86006,2,,,1,101,,86008,2,,,1,99,,86005,2,,,1,99,,86009,2,,,1,98,,86010,2,,,1,103,,86011,2,,,1,100,,86012,2,,,1,100,,86013,2,,,1,105,,86014,2,,,1,95,,86015,2,,,1,101,,86016,2,,,1,100,,86017,2,,,1,102,,86018,2,,,1,100,,86019,2,,,1
37101,'Samedi-10',711,,77625,2,,,1,100,,77624,2,,,1,98,,77628,2,,,1,100,,77627,2,,,1,101,,77629,2,,,1,99,,77626,2,,,1,99,,77630,2,,,1,98,,77631,2,,,1,103,,77632,2,,,1,100,,77633,2,,,1,100,,77634,2,,,1,105,,77635,2,,,1,95,,77636,2,,,1,101,,77637,2,,,1,100,,77638,2,,,1,102,,77639,2,,,1,100,,77640,2,,,1
37101,'Dimanche-1',711,,86033,2,,,1,100,,86022,2,,,1,98,,86023,2,,,1,100,,86020,2,,,1,101,,86025,2,,,1,99,,86021,2,,,1,99,,86024,2,,,1,98,,86027,2,,,1,103,,86026,2,,,1,100,,86028,2,,,1,100,,86032,2,,,1,105,,86031,2,,,1,95,,86029,2,,,1,101,,86030,2,,,1,100,,86034,2,,,1,102,,86035,2,,,1,100,,86036,2,,,1
37101,'Semaine-1',519,,86053,2,,,1,31,,86056,2,,,1,70,,86049,2,,,1,28,,86051,2,,,1,71,,86061,2,,,1,30,,86060,2,,,1,70,,86055,2,,,1,32,,86039,2,,,1,99,,86046,2,,,1,100,,86044,2,,,1,98,,86045,2,,,1,100,,86059,2,,,1,100,,86042,2,,,1,102,,86043,2,,,1,68,,86040,2,,,1,30,,86047,2,,,1,71,,86057,2,,,1,30,,86058,2,,,1,70,,86037,2,,,1,40,,86041,2,,,1,97,,86052,2,,,1,101,,86054,2,,,1,100,,86038,2,,,1,100,,86048,2,,,1,185,,86050,2,,,1
37101,'Semaine-12',519,,86078,2,,,1,31,,86081,2,,,1,70,,86074,2,,,1,28,,86076,2,,,1,71,,86086,2,,,1,30,,86085,2,,,1,70,,86080,2,,,1,32,,86064,2,,,1,99,,86071,2,,,1,100,,86069,2,,,1,98,,86070,2,,,1,100,,86084,2,,,1,100,,86067,2,,,1,102,,86068,2,,,1,68,,86065,2,,,1,30,,86072,2,,,1,71,,86082,2,,,1,30,,86083,2,,,1,70,,86062,2,,,1,40,,86066,2,,,1,97,,86077,2,,,1,101,,86079,2,,,1,100,,86063,2,,,1,100,,86073,2,,,1,185,,86075,2,,,1
43701,'Semaine-1',1457,,86788,2,0,9 14,1
43701,'Semaine-12',1457,,86790,2,0,9 14,1
