3600,'Semaine-1',926,,81164,40,,,1,101,,81165,40,,,1,102,,81163,40,,,1,100,,81166,40,,,1,100,,81168,40,,,1,100,,81169,40,,,1,100,,81167,40,,,1
3600,'Semaine-12',926,,81171,40,,,1,101,,81172,40,,,1,102,,81170,40,,,1,100,,81173,40,,,1,100,,81175,40,,,1,100,,81176,40,,,1,100,,81174,40,,,1
3700,'Samedi-1',743,,81191,32,,,1,100,,81192,32,,,1,100,,81194,32,,,1,103,,81195,32,,,1,100,,81193,32,,,1,101,,81196,32,,,1,100,,81197,32,,,1,100,,81198,32,,,1,100,,81199,32,,,1,100,,81200,32,,,1,100,,81201,32,,,1,100,,81202,32,,,1,97,,81203,32,,,1,100,,81204,32,,,1,100,,81205,32,,,1,100,,81206,32,,,1,98,,81207,32,,,1,100,,81208,32,,,1
3700,'Samedi-10',743,,68178,32,,,1,100,,68179,32,,,1,100,,68181,32,,,1,103,,68182,32,,,1,100,,68180,32,,,1,101,,68183,32,,,1,100,,68184,32,,,1,100,,68185,32,,,1,100,,68186,32,,,1,100,,68187,32,,,1,100,,68188,32,,,1,100,,68189,32,,,1,97,,68190,32,,,1,100,,68191,32,,,1,100,,68192,32,,,1,100,,68193,32,,,1,98,,68194,32,,,1,100,,68195,32,,,1
3700,'Dimanche-1',743,,81211,32,,,1,100,,81214,32,,,1,100,,81216,32,,,1,103,,81212,32,,,1,100,,81209,32,,,1,101,,81213,32,,,1,100,,81210,32,,,1,100,,81215,32,,,1,100,,81217,32,,,1,100,,81219,32,,,1,100,,81218,32,,,1,100,,81222,32,,,1,97,,81221,32,,,1,100,,81220,32,,,1,100,,81223,32,,,1,100,,81224,32,,,1,98,,81225,32,,,1,100,,81226,32,,,1
3700,'Semaine-1',703,,81248,32,,,1,41,,81254,32,,,1,73,,81245,32,,,1,29,,81229,32,,,1,69,,81243,32,,,1,89,,81235,32,,,1,100,,81231,32,,,1,100,,81232,32,,,1,100,,81233,32,,,1,102,,81234,32,,,1,100,,81240,32,,,1,49,,81241,32,,,1,56,,81242,32,,,1,15,,81228,32,,,1,15,,81250,32,,,1,63,,81237,32,,,1,30,,81246,32,,,1,23,,81236,32,,,1,68,,81230,32,,,1,29,,81227,32,,,1,66,,81238,32,,,1,30,,81253,32,,,1,69,,81244,32,,,1,36,,81255,32,,,1,99,,81251,32,,,1,99,,81239,32,,,1,100,,81249,32,,,1,99,,81252,32,,,1,55,,81247,32,,,1
3700,'Semaine-12',703,,81277,32,,,1,41,,81283,32,,,1,73,,81274,32,,,1,29,,81258,32,,,1,69,,81272,32,,,1,89,,81264,32,,,1,100,,81260,32,,,1,100,,81261,32,,,1,100,,81262,32,,,1,102,,81263,32,,,1,100,,81269,32,,,1,49,,81270,32,,,1,56,,81271,32,,,1,15,,81257,32,,,1,15,,81279,32,,,1,63,,81266,32,,,1,30,,81275,32,,,1,23,,81265,32,,,1,68,,81259,32,,,1,29,,81256,32,,,1,66,,81267,32,,,1,30,,81282,32,,,1,69,,81273,32,,,1,36,,81284,32,,,1,99,,81280,32,,,1,99,,81268,32,,,1,100,,81278,32,,,1,99,,81281,32,,,1,55,,81276,32,,,1
37100,'Samedi-1',813,,85916,33,,,1,101,,85920,33,,,1,100,,85915,33,,,1,102,,85921,33,,,1,100,,85917,33,,,1,100,,85918,33,,,1,100,,85919,33,,,1,103,,85922,33,,,1,100,,85923,33,,,1,100,,85924,33,,,1,99,,85925,33,,,1,98,,85926,33,,,1,100,,85927,33,,,1,98,,85928,33,,,1,100,,85929,33,,,1,100,,85930,33,,,1,98,,85931,33,,,1
37100,'Samedi-10',813,,77442,33,,,1,101,,77446,33,,,1,100,,77441,33,,,1,102,,77447,33,,,1,100,,77443,33,,,1,100,,77444,33,,,1,100,,77445,33,,,1,103,,77448,33,,,1,100,,77449,33,,,1,100,,77450,33,,,1,99,,77451,33,,,1,98,,77452,33,,,1,100,,77453,33,,,1,98,,77454,33,,,1,100,,77455,33,,,1,100,,77456,33,,,1,98,,77457,33,,,1
37100,'Dimanche-1',813,,85932,33,,,1,101,,85934,33,,,1,100,,85936,33,,,1,102,,85937,33,,,1,100,,85944,33,,,1,100,,85933,33,,,1,100,,85938,33,,,1,103,,85935,33,,,1,100,,85940,33,,,1,100,,85942,33,,,1,99,,85943,33,,,1,98,,85941,33,,,1,100,,85939,33,,,1,98,,85945,33,,,1,100,,85946,33,,,1,100,,85947,33,,,1,98,,85948,33,,,1
37100,'Semaine-1',724,,85962,33,,,1,32,,85959,33,,,1,70,,85955,33,,,1,29,,85950,33,,,1,90,,85969,33,,,1,97,,85954,33,,,1,102,,85956,33,,,1,100,,85968,33,,,1,100,,85963,33,,,1,103,,85952,33,,,1,95,,85964,33,,,1,59,,85973,33,,,1,16,,85953,33,,,1,15,,85974,33,,,1,25,,85949,33,,,1,60,,85958,33,,,1,26,,85965,33,,,1,65,,85971,33,,,1,27,,85970,33,,,1,70,,85960,33,,,1,28,,85972,33,,,1,70,,85975,33,,,1,30,,85961,33,,,1,95,,85957,33,,,1,100,,85967,33,,,1,100,,85966,33,,,1,97,,85951,33,,,1
37100,'Semaine-12',724,,85989,33,,,1,32,,85986,33,,,1,70,,85982,33,,,1,29,,85977,33,,,1,90,,85996,33,,,1,97,,85981,33,,,1,102,,85983,33,,,1,100,,85995,33,,,1,100,,85990,33,,,1,103,,85979,33,,,1,95,,85991,33,,,1,59,,86000,33,,,1,16,,85980,33,,,1,15,,86001,33,,,1,25,,85976,33,,,1,60,,85985,33,,,1,26,,85992,33,,,1,65,,85998,33,,,1,27,,85997,33,,,1,70,,85987,33,,,1,28,,85999,33,,,1,70,,86002,33,,,1,30,,85988,33,,,1,95,,85984,33,,,1,100,,85994,33,,,1,100,,85993,33,,,1,97,,85978,33,,,1
43700,'Semaine-1',742,,86783,28,0,9 14,1,2,,86784,24,0,9 14,2
43700,'Semaine-12',742,,86785,28,0,9 14,1,2,,86786,24,0,9 14,2
