6400,'Samedi-1',753,,83307,30,,,1,100,,83309,30,,,1,100,,83312,30,,,1,100,,83310,30,,,1,100,,83313,30,,,1,100,,83308,30,,,1,100,,83311,30,,,1,100,,83314,30,,,1,99,,83315,30,,,1,100,,83316,30,,,1,100,,83317,30,,,1,100,,83318,30,,,1
6400,'Samedi-10',753,,72456,30,,,1,100,,72458,30,,,1,100,,72461,30,,,1,100,,72459,30,,,1,100,,72462,30,,,1,100,,72457,30,,,1,100,,72460,30,,,1,100,,72463,30,,,1,99,,72464,30,,,1,100,,72465,30,,,1,100,,72466,30,,,1,100,,72467,30,,,1
6400,'Dimanche-1',753,,83320,30,,,1,100,,83321,30,,,1,100,,83326,30,,,1,100,,83324,30,,,1,100,,83319,30,,,1,100,,83322,30,,,1,100,,83323,30,,,1,100,,83327,30,,,1,99,,83325,30,,,1,100,,83329,30,,,1,100,,83330,30,,,1,100,,83328,30,,,1
6400,'Semaine-1',705,,83339,30,,,1,34,,83336,30,,,1,70,,83331,30,,,1,30,,83335,30,,,1,100,,83337,30,,,1,100,,83342,30,,,1,100,,83341,30,,,1,100,,83334,30,,,1,100,,83347,30,,,1,100,,83343,30,,,1,95,,83344,30,,,1,85,,83349,30,,,1,87,,83348,30,,,1,100,,83345,30,,,1,95,,83346,30,,,1,100,,83338,30,,,2,99,,83332,30,,,2,100,,83340,30,,,1,100,,83333,30,,,1
6400,'Semaine-12',705,,83358,30,,,1,34,,83355,30,,,1,70,,83350,30,,,1,30,,83354,30,,,1,100,,83356,30,,,1,100,,83361,30,,,1,100,,83360,30,,,1,100,,83353,30,,,1,100,,83366,30,,,1,100,,83362,30,,,1,95,,83363,30,,,1,85,,83368,30,,,1,87,,83367,30,,,1,100,,83364,30,,,1,95,,83365,30,,,1,100,,83357,30,,,2,99,,83351,30,,,2,100,,83359,30,,,1,100,,83352,30,,,1
32500,'Semaine-1',1618,,85896,4,0,7 8,1
32500,'Semaine-12',1618,,85898,4,0,7 8,1
32600,'Semaine-1',1618,,85903,4,0,7 8,1
32600,'Semaine-12',1618,,85904,4,0,7 8,1
32901,'Semaine-1',1617,,85909,4,0,7 8,1
32901,'Semaine-12',1617,,85910,4,0,7 8,1
33101,'Semaine-1',1619,,85913,4,0,7 8,1
33101,'Semaine-12',1619,,85914,4,0,7 8,1
56601,'Semaine-1',708,,86819,32,0,5 6,1
56601,'Semaine-12',708,,86820,32,0,5 6,1
