3201,'Semaine-1',508,,80478,5,,,1,20,,80477,5,,,1,20,,80469,5,,,1,61,,80479,5,,,2,10,,80459,5,,,1,8,,80480,5,,,1,11,,80460,5,,,1,10,,80461,5,,,1,8,,80453,5,,,1,49,,80456,5,,,1,8,,80482,5,,,1,8,,80462,5,,,1,8,,80457,5,,,1,9,,80470,5,,,1,8,,80452,5,,,1,7,,80463,5,,,1,48,,80481,5,,,2,8,,80451,5,,,1,10,,80450,5,,,1,10,,80455,5,,,1,10,,80458,5,,,1,10,,80464,5,,,1,62,,80438,5,,,2,30,,80448,5,,,1,70,,80441,5,,,1,30,,80444,5,,,1,70,,80437,5,,,1,30,,80447,5,,,1,70,,80442,5,,,1,30,,80449,5,,,1,70,,80431,5,,,1,30,,80436,5,,,1,70,,80443,5,,,1,30,,80454,5,,,1,70,,80471,5,,,1,30,,80472,5,,,2,70,,80473,5,,,1,30,,80474,5,,,1,70,,80475,5,,,2,30,,80476,5,,,1,70,,80434,5,,,1,30,,80432,5,,,2,71,,80445,5,,,2,30,,80440,5,,,1,69,,80435,5,,,1,31,,80433,5,,,2,70,,80446,5,,,1,30,,80439,5,,,1,68,,80466,5,,,1,32,,80465,5,,,1,70,,80467,5,,,1,30,,80468,5,,,1
3201,'Semaine-12',508,,80530,5,,,1,20,,80529,5,,,1,20,,80521,5,,,1,61,,80531,5,,,2,10,,80511,5,,,1,8,,80532,5,,,1,11,,80512,5,,,1,10,,80513,5,,,1,8,,80505,5,,,1,49,,80508,5,,,1,8,,80534,5,,,1,8,,80514,5,,,1,8,,80509,5,,,1,9,,80522,5,,,1,8,,80504,5,,,1,7,,80515,5,,,1,48,,80533,5,,,2,8,,80503,5,,,1,10,,80502,5,,,1,10,,80507,5,,,1,10,,80510,5,,,1,10,,80516,5,,,1,62,,80490,5,,,2,30,,80500,5,,,1,70,,80493,5,,,1,30,,80496,5,,,1,70,,80489,5,,,1,30,,80499,5,,,1,70,,80494,5,,,1,30,,80501,5,,,1,70,,80483,5,,,1,30,,80488,5,,,1,70,,80495,5,,,1,30,,80506,5,,,1,70,,80523,5,,,1,30,,80524,5,,,2,70,,80525,5,,,1,30,,80526,5,,,1,70,,80527,5,,,2,30,,80528,5,,,1,70,,80486,5,,,1,30,,80484,5,,,2,71,,80497,5,,,2,30,,80492,5,,,1,69,,80487,5,,,1,31,,80485,5,,,2,70,,80498,5,,,1,30,,80491,5,,,1,68,,80518,5,,,1,32,,80517,5,,,1,70,,80519,5,,,1,30,,80520,5,,,1
3401,'Samedi-1',650,,80905,12,,,1,100,,80908,12,,,1,70,,80917,12,,,1,30,,80906,12,,,1,71,,80911,12,,,1,30,,80913,12,,,1,69,,80907,12,,,1,30,,80916,12,,,1,72,,80909,12,,,1,29,,80918,12,,,1,70,,80910,12,,,1,30,,80912,12,,,1,70,,80914,12,,,1,30,,80915,12,,,1,70,,80919,12,,,1,31,,80920,12,,,1,70,,80921,12,,,1,30,,80922,12,,,1,70,,80923,12,,,1,30,,80924,12,,,1,70,,80925,12,,,1,30,,80926,12,,,1,70,,80927,12,,,1,30,,80929,12,,,1,68,,80928,12,,,1,30,,80930,12,,,1,70,,80931,12,,,1,30,,80932,12,,,1,70,,80934,12,,,1,30,,80933,12,,,1,70,,80935,12,,,1,99,,80936,12,,,1
3401,'Samedi-10',650,,67667,12,,,1,100,,67670,12,,,1,70,,67679,12,,,1,30,,67668,12,,,1,71,,67673,12,,,1,30,,67675,12,,,1,69,,67669,12,,,1,30,,67678,12,,,1,72,,67671,12,,,1,29,,67680,12,,,1,70,,67672,12,,,1,30,,67674,12,,,1,70,,67676,12,,,1,30,,67677,12,,,1,70,,67681,12,,,1,31,,67682,12,,,1,70,,67683,12,,,1,30,,67684,12,,,1,70,,67685,12,,,1,30,,67686,12,,,1,70,,67687,12,,,1,30,,67688,12,,,1,70,,67689,12,,,1,30,,67691,12,,,1,68,,67690,12,,,1,30,,67692,12,,,1,70,,67693,12,,,1,30,,67694,12,,,1,70,,67696,12,,,1,30,,67695,12,,,1,70,,67697,12,,,1,99,,67698,12,,,1
3401,'Dimanche-1',650,,80937,12,,,1,100,,80945,12,,,1,70,,80950,12,,,1,30,,80942,12,,,1,71,,80940,12,,,1,30,,80963,12,,,1,69,,80944,12,,,1,30,,80949,12,,,1,72,,80939,12,,,1,29,,80938,12,,,1,70,,80941,12,,,1,30,,80948,12,,,1,70,,80951,12,,,1,30,,80943,12,,,1,70,,80947,12,,,1,31,,80946,12,,,1,70,,80952,12,,,1,30,,80956,12,,,1,70,,80953,12,,,1,30,,80954,12,,,1,70,,80955,12,,,1,30,,80962,12,,,1,70,,80957,12,,,1,30,,80960,12,,,1,68,,80958,12,,,1,30,,80959,12,,,1,70,,80961,12,,,1,30,,80964,12,,,1,70,,80966,12,,,1,30,,80965,12,,,1,70,,80967,12,,,1,99,,80968,12,,,1
3401,'Semaine-1',856,,80994,12,,,1,70,,80974,12,,,2,30,,80978,12,,,1,70,,80998,12,,,1,30,,80971,12,,,1,70,,80975,12,,,1,30,,80979,12,,,1,70,,80969,12,,,1,30,,80972,12,,,1,70,,80976,12,,,1,29,,80980,12,,,2,71,,80973,12,,,1,30,,80995,12,,,1,69,,80970,12,,,1,33,,80996,12,,,1,67,,80997,12,,,1,30,,80991,12,,,1,70,,80987,12,,,1,30,,80977,12,,,1,71,,80984,12,,,1,30,,80993,12,,,1,70,,80981,12,,,1,30,,80983,12,,,1,70,,80985,12,,,1,30,,80989,12,,,2,70,,80982,12,,,1,30,,80988,12,,,1,70,,80986,12,,,1,30,,80990,12,,,1,70,,80992,12,,,1
3401,'Semaine-12',856,,81024,12,,,1,70,,81004,12,,,2,30,,81008,12,,,1,70,,81028,12,,,1,30,,81001,12,,,1,70,,81005,12,,,1,30,,81009,12,,,1,70,,80999,12,,,1,30,,81002,12,,,1,70,,81006,12,,,1,29,,81010,12,,,2,71,,81003,12,,,1,30,,81025,12,,,1,69,,81000,12,,,1,33,,81026,12,,,1,67,,81027,12,,,1,30,,81021,12,,,1,70,,81017,12,,,1,30,,81007,12,,,1,71,,81014,12,,,1,30,,81023,12,,,1,70,,81011,12,,,1,30,,81013,12,,,1,70,,81015,12,,,1,30,,81019,12,,,2,70,,81012,12,,,1,30,,81018,12,,,1,70,,81016,12,,,1,30,,81020,12,,,1,70,,81022,12,,,1
4900,'Samedi-1',730,,82003,28,,,1,100,,82004,28,,,1,102,,82001,28,,,1,100,,82005,28,,,1,100,,82002,28,,,1,101,,82006,28,,,1,98,,82007,28,,,1,102,,82008,28,,,1,100,,82009,28,,,1,100,,82010,28,,,1,100,,82011,28,,,1,97,,82012,28,,,1,100,,82013,28,,,1,100,,82014,28,,,1,100,,82015,28,,,1,100,,82016,28,,,1,98,,82017,28,,,1
4900,'Samedi-10',730,,69841,28,,,1,100,,69842,28,,,1,102,,69839,28,,,1,100,,69843,28,,,1,100,,69840,28,,,1,101,,69844,28,,,1,98,,69845,28,,,1,102,,69846,28,,,1,100,,69847,28,,,1,100,,69848,28,,,1,100,,69849,28,,,1,97,,69850,28,,,1,100,,69851,28,,,1,100,,69852,28,,,1,100,,69853,28,,,1,100,,69854,28,,,1,98,,69855,28,,,1
4900,'Dimanche-1',730,,82018,28,,,1,100,,82031,28,,,1,102,,82019,28,,,1,100,,82030,28,,,1,100,,82022,28,,,1,101,,82021,28,,,1,98,,82025,28,,,1,102,,82020,28,,,1,100,,82024,28,,,1,100,,82023,28,,,1,100,,82027,28,,,1,97,,82029,28,,,1,100,,82026,28,,,1,100,,82028,28,,,1,100,,82032,28,,,1,100,,82033,28,,,1,98,,82034,28,,,1
4900,'Semaine-1',644,,82062,28,,,1,14,,82057,15,,,1,43,,82069,15,,,1,4,,82045,15,,,1,6,,82068,15,,,1,4,,82073,28,,,1,2,,82072,15,,,1,4,,82071,15,,,1,5,,82070,15,,,1,21,,82065,28,,,1,66,,82066,28,,,1,1,,82061,15,,,1,33,,82060,28,,,1,72,,82055,28,,,1,29,,82047,28,,,1,71,,82067,28,,,1,33,,82063,28,,,1,70,,82058,28,,,1,30,,82035,28,,,1,70,,82056,28,,,1,30,,82037,28,,,1,70,,82042,28,,,1,30,,82044,28,,,1,70,,82048,28,,,1,30,,82064,28,,,1,75,,82046,28,,,1,30,,82049,28,,,1,70,,82040,28,,,1,30,,82052,28,,,1,70,,82043,28,,,1,28,,82041,28,,,1,70,,82059,28,,,1,27,,82053,28,,,1,98,,82036,28,,,1,99,,82054,28,,,1,101,,82051,28,,,1,97,,82038,28,,,1,98,,82050,28,,,1,100,,82039,28,,,1
4900,'Semaine-12',644,,82101,28,,,1,14,,82096,15,,,1,43,,82108,15,,,1,4,,82084,15,,,1,6,,82107,15,,,1,4,,82112,28,,,1,2,,82111,15,,,1,4,,82110,15,,,1,5,,82109,15,,,1,21,,82104,28,,,1,66,,82105,28,,,1,1,,82100,15,,,1,33,,82099,28,,,1,72,,82094,28,,,1,29,,82086,28,,,1,71,,82106,28,,,1,33,,82102,28,,,1,70,,82097,28,,,1,30,,82074,28,,,1,70,,82095,28,,,1,30,,82076,28,,,1,70,,82081,28,,,1,30,,82083,28,,,1,70,,82087,28,,,1,30,,82103,28,,,1,75,,82085,28,,,1,30,,82088,28,,,1,70,,82079,28,,,1,30,,82091,28,,,1,70,,82082,28,,,1,28,,82080,28,,,1,70,,82098,28,,,1,27,,82092,28,,,1,98,,82075,28,,,1,99,,82093,28,,,1,101,,82090,28,,,1,97,,82077,28,,,1,98,,82089,28,,,1,100,,82078,28,,,1
32601,'Semaine-1',801,,85905,3,0,7 8,1
32601,'Semaine-12',801,,85906,3,0,7 8,1
44900,'Semaine-1',713,,86791,14,0,9 14,1
44900,'Semaine-12',713,,86792,14,0,9 14,1
63900,'Semaine-1',1513,,86833,12,0,9 10,1
63900,'Semaine-12',1513,,86834,12,0,9 10,1
82601,'Semaine-1',728,,87124,3,0,9 12 13,1,1,,87125,3,0,9 12 13,1
82601,'Semaine-12',728,,87126,3,0,9 12 13,1,1,,87127,3,0,9 12 13,1
