4500,'Semaine-1',1529,,81964,39,,,1,76,,81959,39,,,1,30,,81960,39,,,1,72,,81962,39,,,1,27,,81963,39,,,1,25,,81961,39,,,2
4500,'Semaine-12',1529,,81970,39,,,1,76,,81965,39,,,1,30,,81966,39,,,1,72,,81968,39,,,1,27,,81969,39,,,1,25,,81967,39,,,2
5200,'Samedi-1',642,,82231,25,,,1,100,,82232,25,,,1,100,,82233,25,,,1,101,,82234,25,,,1,100,,82235,25,,,1,101,,82236,25,,,1,100,,82237,25,,,1,100,,82238,25,,,1,99,,82239,25,,,1,101,,82240,25,,,1,100,,82241,25,,,1,100,,82242,25,,,1,99,,82243,25,,,1,100,,82246,25,,,1,100,,82244,25,,,1,99,,82245,25,,,1,98,,82247,25,,,1,100,,82248,25,,,1
5200,'Samedi-10',642,,70287,25,,,1,100,,70288,25,,,1,100,,70289,25,,,1,101,,70290,25,,,1,100,,70291,25,,,1,101,,70292,25,,,1,100,,70293,25,,,1,100,,70294,25,,,1,99,,70295,25,,,1,101,,70296,25,,,1,100,,70297,25,,,1,100,,70298,25,,,1,99,,70299,25,,,1,100,,70302,25,,,1,100,,70300,25,,,1,99,,70301,25,,,1,98,,70303,25,,,1,100,,70304,25,,,1
5200,'Dimanche-1',642,,82250,25,,,1,100,,82249,25,,,1,100,,82251,25,,,1,101,,82254,25,,,1,100,,82252,25,,,1,101,,82253,25,,,1,100,,82257,25,,,1,100,,82256,25,,,1,99,,82258,25,,,1,101,,82255,25,,,1,100,,82259,25,,,1,100,,82261,25,,,1,99,,82262,25,,,1,100,,82260,25,,,1,100,,82263,25,,,1,99,,82264,25,,,1,98,,82265,25,,,1,100,,82266,25,,,1
5200,'Semaine-1',613,,82270,25,,,1,98,,82272,25,,,1,108,,82267,25,,,1,97,,82283,25,,,1,97,,82281,25,,,1,101,,82268,25,,,1,100,,82275,25,,,1,100,,82274,25,,,1,100,,82271,25,,,1,101,,82269,25,,,1,108,,82273,25,,,1,100,,82284,25,,,1,107,,82282,25,,,1,99,,82276,25,,,1,84,,82280,25,,,1,100,,82279,25,,,1,100,,82277,25,,,1,100,,82278,25,,,1
5200,'Semaine-12',613,,82288,25,,,1,98,,82290,25,,,1,108,,82285,25,,,1,97,,82301,25,,,1,97,,82299,25,,,1,101,,82286,25,,,1,100,,82293,25,,,1,100,,82292,25,,,1,100,,82289,25,,,1,101,,82287,25,,,1,108,,82291,25,,,1,100,,82302,25,,,1,107,,82300,25,,,1,99,,82294,25,,,1,84,,82298,25,,,1,100,,82297,25,,,1,100,,82295,25,,,1,100,,82296,25,,,1
5601,'Semaine-1',1242,,82735,36,,,1,102,,82732,36,,,1,100,,82731,36,,,1,102,,82734,36,,,2,104,,82733,36,,,1,99,,82736,36,,,1,94,,82737,36,,,1
5601,'Semaine-12',1242,,82742,36,,,1,102,,82739,36,,,1,100,,82738,36,,,1,102,,82741,36,,,2,104,,82740,36,,,1,99,,82743,36,,,1,94,,82744,36,,,1
64500,'Semaine-1',713,,86851,16,0,9 10,1
64500,'Semaine-12',713,,86852,16,0,9 10,1
75200,'Semaine-1',715,,86888,9,0,9 18,1,2,,86887,9,0,9 18,2
75200,'Semaine-12',715,,86890,9,0,9 18,1,2,,86889,9,0,9 18,2
