7901,'Semaine-1',603,,85398,26,,,1,102,,85400,26,,,1,33,,85401,26,,,1,73,,85397,26,,,1,23,,85399,26,,,1,69,,85402,26,,,1
7901,'Semaine-12',603,,85404,26,,,1,102,,85406,26,,,1,33,,85407,26,,,1,73,,85403,26,,,1,23,,85405,26,,,1,69,,85408,26,,,1
9301,'Semaine-1',618,,85514,37,,,2,20,,85512,37,,,1,21,,85511,37,,,1,73,,85515,37,,,1,70,,85513,37,,,2
9301,'Semaine-12',618,,85519,37,,,2,20,,85517,37,,,1,21,,85516,37,,,1,73,,85520,37,,,1,70,,85518,37,,,2
9501,'Semaine-1',611,,85547,50,,,1,15,,85543,50,,,1,13,,85545,50,,,1,19,,85550,50,,,1,56,,85546,50,,,2,16,,85548,50,,,2,14,,85549,50,,,2,56,,85544,50,,,2
9501,'Semaine-12',611,,85555,50,,,1,15,,85551,50,,,1,13,,85553,50,,,1,19,,85558,50,,,1,56,,85554,50,,,2,16,,85556,50,,,2,14,,85557,50,,,2,56,,85552,50,,,2
9701,'Samedi-1',814,,85635,73,,,1,100,,85638,73,,,1,101,,85636,73,,,1,100,,85639,73,,,1,100,,85633,73,,,1,100,,85634,73,,,1,101,,85637,73,,,1,100,,85640,73,,,1,100,,85641,73,,,1,100,,85642,73,,,1,100,,85643,73,,,1,100,,85644,73,,,1,100,,85648,73,,,1,100,,85645,73,,,1,99,,85646,73,,,1,100,,85647,73,,,1
9701,'Samedi-10',814,,76971,73,,,1,100,,76974,73,,,1,101,,76972,73,,,1,100,,76975,73,,,1,100,,76969,73,,,1,100,,76970,73,,,1,101,,76973,73,,,1,100,,76976,73,,,1,100,,76977,73,,,1,100,,76978,73,,,1,100,,76979,73,,,1,100,,76980,73,,,1,100,,76984,73,,,1,100,,76981,73,,,1,99,,76982,73,,,1,100,,76983,73,,,1
9701,'Dimanche-1',814,,85654,73,,,1,100,,85661,73,,,1,101,,85650,73,,,1,100,,85657,73,,,1,100,,85656,73,,,1,100,,85649,73,,,1,101,,85653,73,,,1,100,,85651,73,,,1,100,,85652,73,,,1,100,,85655,73,,,1,100,,85658,73,,,1,100,,85659,73,,,1,100,,85660,73,,,1,100,,85662,73,,,1,99,,85663,73,,,1,100,,85664,73,,,1
9701,'Semaine-1',658,,85665,73,,,2,96,,85666,73,,,1,153,,85667,73,,,1,109,,85668,73,,,1,99,,85669,73,,,1,100,,85670,73,,,1,100,,85671,73,,,1,98,,85672,73,,,1,102,,85673,73,,,1,104,,85674,73,,,1,95,,85675,73,,,1,103,,85676,73,,,1,95,,85677,73,,,1,99,,85678,73,,,1,100,,85679,73,,,1,98,,85680,73,,,1,100,,85681,73,,,1
9701,'Semaine-12',658,,85682,73,,,2,96,,85683,73,,,1,153,,85684,73,,,1,109,,85685,73,,,1,99,,85686,73,,,1,100,,85687,73,,,1,100,,85688,73,,,1,98,,85689,73,,,1,102,,85690,73,,,1,104,,85691,73,,,1,95,,85692,73,,,1,103,,85693,73,,,1,95,,85694,73,,,1,99,,85695,73,,,1,100,,85696,73,,,1,98,,85697,73,,,1,100,,85698,73,,,1
