2600,'Semaine-1',1549,,80019,9,,,1,72,,80018,9,,,1,28,,80017,9,,,2,70,,80020,9,,,1,28,,80021,9,,,2
2600,'Semaine-12',1549,,80024,9,,,1,72,,80023,9,,,1,28,,80022,9,,,2,70,,80025,9,,,1,28,,80026,9,,,2
2900,'Semaine-1',1540,,80070,9,,,2,73,,80069,9,,,1,32,,80067,9,,,2,66,,80071,9,,,1,32,,80068,9,,,1
2900,'Semaine-12',1540,,80075,9,,,2,73,,80074,9,,,1,32,,80072,9,,,2,66,,80076,9,,,1,32,,80073,9,,,1
3200,'Semaine-1',624,,80376,10,,,1,32,,80375,10,,,1,71,,80371,10,,,1,31,,80373,10,,,1,70,,80372,10,,,2,30,,80374,10,,,1,69,,80347,10,,,2,30,,80342,10,,,1,70,,80343,10,,,2,30,,80354,10,,,1,70,,80348,10,,,1,30,,80334,10,,,1,70,,80335,10,,,1,30,,80346,10,,,1,70,,80349,10,,,1,30,,80355,10,,,1,70,,80336,10,,,1,30,,80381,10,,,1,54,,80333,10,,,2,15,,80363,10,,,1,10,,80353,10,,,1,11,,80359,10,,,2,10,,80360,10,,,1,50,,80378,10,,,1,10,,80379,10,,,1,10,,80380,10,,,2,13,,80377,10,,,2,7,,80350,10,,,1,10,,80361,10,,,1,50,,80369,10,,,2,10,,80362,10,,,2,9,,80339,10,,,1,10,,80370,10,,,1,10,,80356,10,,,2,8,,80358,10,,,1,50,,80357,10,,,1,20,,80351,10,,,2,24,,80345,10,,,1,71,,80340,10,,,1,30,,80337,10,,,2,69,,80352,10,,,2,30,,80344,10,,,1,73,,80341,10,,,1,27,,80338,10,,,2,70,,80364,10,,,1,30,,80365,10,,,1,68,,80366,10,,,1,30,,80367,10,,,1,70,,80368,10,,,1
3200,'Semaine-12',624,,80425,10,,,1,32,,80424,10,,,1,71,,80420,10,,,1,31,,80422,10,,,1,70,,80421,10,,,2,30,,80423,10,,,1,69,,80396,10,,,2,30,,80391,10,,,1,70,,80392,10,,,2,30,,80403,10,,,1,70,,80397,10,,,1,30,,80383,10,,,1,70,,80384,10,,,1,30,,80395,10,,,1,70,,80398,10,,,1,30,,80404,10,,,1,70,,80385,10,,,1,30,,80430,10,,,1,54,,80382,10,,,2,15,,80412,10,,,1,10,,80402,10,,,1,11,,80408,10,,,2,10,,80409,10,,,1,50,,80427,10,,,1,10,,80428,10,,,1,10,,80429,10,,,2,13,,80426,10,,,2,7,,80399,10,,,1,10,,80410,10,,,1,50,,80418,10,,,2,10,,80411,10,,,2,9,,80388,10,,,1,10,,80419,10,,,1,10,,80405,10,,,2,8,,80407,10,,,1,50,,80406,10,,,1,20,,80400,10,,,2,24,,80394,10,,,1,71,,80389,10,,,1,30,,80386,10,,,2,69,,80401,10,,,2,30,,80393,10,,,1,73,,80390,10,,,1,27,,80387,10,,,2,70,,80413,10,,,1,30,,80414,10,,,1,68,,80415,10,,,1,30,,80416,10,,,1,70,,80417,10,,,1
3400,'Samedi-1',732,,80773,10,,,1,100,,80778,10,,,1,70,,80774,10,,,1,31,,80780,10,,,1,70,,80781,10,,,1,30,,80775,10,,,1,70,,80776,10,,,1,30,,80777,10,,,1,70,,80779,10,,,1,30,,80782,10,,,1,70,,80784,10,,,1,30,,80783,10,,,1,70,,80785,10,,,1,30,,80786,10,,,1,70,,80787,10,,,1,30,,80788,10,,,1,70,,80789,10,,,1,30,,80790,10,,,1,70,,80791,10,,,1,30,,80792,10,,,1,70,,80793,10,,,1,30,,80794,10,,,1,70,,80795,10,,,1,29,,80796,10,,,1,71,,80797,10,,,1,30,,80798,10,,,1,70,,80799,10,,,1,30,,80800,10,,,1,70,,80801,10,,,1,30,,80803,10,,,1,70,,80802,10,,,1,30,,80805,10,,,1,70,,80804,10,,,1,27,,80806,10,,,1
3400,'Samedi-10',732,,67369,10,,,1,100,,67374,10,,,1,70,,67370,10,,,1,31,,67376,10,,,1,70,,67377,10,,,1,30,,67371,10,,,1,70,,67372,10,,,1,30,,67373,10,,,1,70,,67375,10,,,1,30,,67378,10,,,1,70,,67380,10,,,1,30,,67379,10,,,1,70,,67381,10,,,1,30,,67382,10,,,1,70,,67383,10,,,1,30,,67384,10,,,1,70,,67385,10,,,1,30,,67386,10,,,1,70,,67387,10,,,1,30,,67388,10,,,1,70,,67389,10,,,1,30,,67390,10,,,1,70,,67391,10,,,1,29,,67392,10,,,1,71,,67393,10,,,1,30,,67394,10,,,1,70,,67395,10,,,1,30,,67396,10,,,1,70,,67397,10,,,1,30,,67399,10,,,1,70,,67398,10,,,1,30,,67401,10,,,1,70,,67400,10,,,1,27,,67402,10,,,1
3400,'Dimanche-1',732,,80811,10,,,1,100,,80831,10,,,1,70,,80813,10,,,1,31,,80817,10,,,1,70,,80810,10,,,1,30,,80818,10,,,1,70,,80809,10,,,1,30,,80808,10,,,1,70,,80821,10,,,1,30,,80812,10,,,1,70,,80815,10,,,1,30,,80814,10,,,1,70,,80807,10,,,1,30,,80823,10,,,1,70,,80819,10,,,1,30,,80820,10,,,1,70,,80816,10,,,1,30,,80827,10,,,1,70,,80826,10,,,1,30,,80824,10,,,1,70,,80822,10,,,1,30,,80825,10,,,1,70,,80830,10,,,1,29,,80828,10,,,1,71,,80829,10,,,1,30,,80832,10,,,1,70,,80833,10,,,1,30,,80834,10,,,1,70,,80835,10,,,1,30,,80836,10,,,1,70,,80837,10,,,1,30,,80839,10,,,1,70,,80838,10,,,1,27,,80840,10,,,1
3400,'Semaine-1',609,,80871,10,,,1,29,,80856,10,,,1,71,,80850,10,,,1,34,,80854,10,,,1,71,,80845,10,,,2,30,,80865,10,,,1,70,,80851,10,,,1,28,,80841,10,,,1,70,,80846,10,,,1,30,,80847,10,,,1,70,,80852,10,,,1,30,,80842,10,,,1,70,,80872,10,,,1,30,,80848,10,,,1,70,,80853,10,,,1,30,,80843,10,,,1,70,,80869,10,,,1,31,,80844,10,,,1,65,,80870,10,,,1,306,,80868,10,,,1,20,,80857,10,,,1,69,,80849,10,,,1,30,,80861,10,,,1,70,,80867,10,,,1,31,,80858,10,,,1,69,,80860,10,,,1,30,,80862,10,,,1,70,,80855,10,,,1,30,,80864,10,,,1,70,,80859,10,,,1,29,,80863,10,,,1,70,,80866,10,,,1
3400,'Semaine-12',609,,80903,10,,,1,29,,80888,10,,,1,71,,80882,10,,,1,34,,80886,10,,,1,71,,80877,10,,,2,30,,80897,10,,,1,70,,80883,10,,,1,28,,80873,10,,,1,70,,80878,10,,,1,30,,80879,10,,,1,70,,80884,10,,,1,30,,80874,10,,,1,70,,80904,10,,,1,30,,80880,10,,,1,70,,80885,10,,,1,30,,80875,10,,,1,70,,80901,10,,,1,31,,80876,10,,,1,65,,80902,10,,,1,306,,80900,10,,,1,20,,80889,10,,,1,69,,80881,10,,,1,30,,80893,10,,,1,70,,80899,10,,,1,31,,80890,10,,,1,69,,80892,10,,,1,30,,80894,10,,,1,70,,80887,10,,,1,30,,80896,10,,,1,70,,80891,10,,,1,29,,80895,10,,,1,70,,80898,10,,,1
3600,'Semaine-1',903,,81164,10,,,1,99,,81165,10,,,1,101,,81163,10,,,1,100,,81166,10,,,1,100,,81168,10,,,1,100,,81169,10,,,1,99,,81167,10,,,1
3600,'Semaine-12',903,,81171,10,,,1,99,,81172,10,,,1,101,,81170,10,,,1,100,,81173,10,,,1,100,,81175,10,,,1,100,,81176,10,,,1,99,,81174,10,,,1
3700,'Samedi-1',726,,81191,10,,,1,100,,81192,10,,,1,100,,81194,10,,,1,101,,81195,10,,,1,100,,81193,10,,,1,100,,81196,10,,,1,100,,81197,10,,,1,100,,81198,10,,,1,100,,81199,10,,,1,100,,81200,10,,,1,100,,81201,10,,,1,100,,81202,10,,,1,99,,81203,10,,,1,100,,81204,10,,,1,100,,81205,10,,,1,100,,81206,10,,,1,100,,81207,10,,,1,100,,81208,10,,,1
3700,'Samedi-10',726,,68178,10,,,1,100,,68179,10,,,1,100,,68181,10,,,1,101,,68182,10,,,1,100,,68180,10,,,1,100,,68183,10,,,1,100,,68184,10,,,1,100,,68185,10,,,1,100,,68186,10,,,1,100,,68187,10,,,1,100,,68188,10,,,1,100,,68189,10,,,1,99,,68190,10,,,1,100,,68191,10,,,1,100,,68192,10,,,1,100,,68193,10,,,1,100,,68194,10,,,1,100,,68195,10,,,1
3700,'Dimanche-1',726,,81211,10,,,1,100,,81214,10,,,1,100,,81216,10,,,1,101,,81212,10,,,1,100,,81209,10,,,1,100,,81213,10,,,1,100,,81210,10,,,1,100,,81215,10,,,1,100,,81217,10,,,1,100,,81219,10,,,1,100,,81218,10,,,1,100,,81222,10,,,1,99,,81221,10,,,1,100,,81220,10,,,1,100,,81223,10,,,1,100,,81224,10,,,1,100,,81225,10,,,1,100,,81226,10,,,1
3700,'Semaine-1',643,,81248,10,,,1,81,,81254,10,,,1,34,,81245,10,,,1,68,,81229,10,,,1,29,,81243,10,,,1,89,,81235,10,,,1,100,,81231,10,,,1,100,,81232,10,,,1,100,,81233,10,,,1,100,,81234,10,,,1,100,,81240,10,,,1,87,,81241,10,,,1,16,,81242,10,,,1,55,,81228,10,,,1,15,,81250,10,,,1,25,,81237,10,,,1,70,,81246,10,,,1,23,,81236,10,,,1,68,,81230,10,,,1,30,,81227,10,,,1,69,,81238,10,,,1,29,,81253,10,,,1,69,,81244,10,,,1,36,,81255,10,,,1,100,,81251,10,,,1,100,,81239,10,,,1,100,,81249,10,,,1,100,,81252,10,,,1,15,,81247,10,,,1
3700,'Semaine-12',643,,81277,10,,,1,81,,81283,10,,,1,34,,81274,10,,,1,68,,81258,10,,,1,29,,81272,10,,,1,89,,81264,10,,,1,100,,81260,10,,,1,100,,81261,10,,,1,100,,81262,10,,,1,100,,81263,10,,,1,100,,81269,10,,,1,87,,81270,10,,,1,16,,81271,10,,,1,55,,81257,10,,,1,15,,81279,10,,,1,25,,81266,10,,,1,70,,81275,10,,,1,23,,81265,10,,,1,68,,81259,10,,,1,30,,81256,10,,,1,69,,81267,10,,,1,29,,81282,10,,,1,69,,81273,10,,,1,36,,81284,10,,,1,100,,81280,10,,,1,100,,81268,10,,,1,100,,81278,10,,,1,100,,81281,10,,,1,15,,81276,10,,,1
4000,'Semaine-1',1519,,81911,9,,,1,30,,81907,9,,,2,74,,81910,9,,,1,27,,81909,9,,,1,70,,81908,9,,,1,29,,81912,9,,,1
4000,'Semaine-12',1519,,81917,9,,,1,30,,81913,9,,,2,74,,81916,9,,,1,27,,81915,9,,,1,70,,81914,9,,,1,29,,81918,9,,,1
4100,'Semaine-1',1531,,81932,9,,,1,70,,81934,9,,,1,33,,81933,9,,,2,66,,81931,9,,,1,29,,81935,9,,,1
4100,'Semaine-12',1531,,81937,9,,,1,70,,81939,9,,,1,33,,81938,9,,,2,66,,81936,9,,,1,29,,81940,9,,,1
4500,'Semaine-1',1505,,81964,9,,,1,35,,81959,9,,,1,70,,81960,9,,,1,31,,81962,9,,,1,67,,81963,9,,,1,28,,81961,9,,,2
4500,'Semaine-12',1505,,81970,9,,,1,35,,81965,9,,,1,70,,81966,9,,,1,31,,81968,9,,,1,67,,81969,9,,,1,28,,81967,9,,,2
4700,'Semaine-1',1526,,81983,9,,,1,101,,81984,9,,,1,97,,81985,9,,,2
4700,'Semaine-12',1526,,81986,9,,,1,101,,81987,9,,,1,97,,81988,9,,,2
5500,'Samedi-1',700,,82390,10,,,1,30,,82387,10,,,1,70,,82388,10,,,1,30,,82391,10,,,1,70,,82389,10,,,1,30,,82396,10,,,1,71,,82393,10,,,1,29,,82394,10,,,1,70,,82399,10,,,1,31,,82398,10,,,1,70,,82392,10,,,1,30,,82395,10,,,1,70,,82397,10,,,1,30,,82400,10,,,1,70,,82401,10,,,1,30,,82402,10,,,1,70,,82403,10,,,1,29,,82404,10,,,1,70,,82405,10,,,1,31,,82406,10,,,1,70,,82407,10,,,1,30,,82408,10,,,1,70,,82409,10,,,1,30,,82410,10,,,1,69,,82412,10,,,1,30,,82411,10,,,1,70,,82413,10,,,1,30,,82415,10,,,1,70,,82414,10,,,1,30,,82416,10,,,1,70,,82417,10,,,1,30,,82420,10,,,1,70,,82422,10,,,1,30,,82419,10,,,1,70,,82418,10,,,1,28,,82421,10,,,1
5500,'Samedi-10',700,,70650,10,,,1,30,,70647,10,,,1,70,,70648,10,,,1,30,,70651,10,,,1,70,,70649,10,,,1,30,,70656,10,,,1,71,,70653,10,,,1,29,,70654,10,,,1,70,,70659,10,,,1,31,,70658,10,,,1,70,,70652,10,,,1,30,,70655,10,,,1,70,,70657,10,,,1,30,,70660,10,,,1,70,,70661,10,,,1,30,,70662,10,,,1,70,,70663,10,,,1,29,,70664,10,,,1,70,,70665,10,,,1,31,,70666,10,,,1,70,,70667,10,,,1,30,,70668,10,,,1,70,,70669,10,,,1,30,,70670,10,,,1,69,,70672,10,,,1,30,,70671,10,,,1,70,,70673,10,,,1,30,,70675,10,,,1,70,,70674,10,,,1,30,,70676,10,,,1,70,,70677,10,,,1,30,,70680,10,,,1,70,,70682,10,,,1,30,,70679,10,,,1,70,,70678,10,,,1,28,,70681,10,,,1
5500,'Dimanche-1',700,,82427,10,,,1,30,,82432,10,,,1,70,,82424,10,,,1,30,,82429,10,,,1,70,,82426,10,,,1,30,,82423,10,,,1,71,,82434,10,,,1,29,,82428,10,,,1,70,,82425,10,,,1,31,,82437,10,,,1,70,,82433,10,,,1,30,,82438,10,,,1,70,,82431,10,,,1,30,,82430,10,,,1,70,,82436,10,,,1,30,,82441,10,,,1,70,,82435,10,,,1,29,,82440,10,,,1,70,,82443,10,,,1,31,,82447,10,,,1,70,,82442,10,,,1,30,,82448,10,,,1,70,,82439,10,,,1,30,,82445,10,,,1,69,,82446,10,,,1,30,,82449,10,,,1,70,,82444,10,,,1,30,,82450,10,,,1,70,,82452,10,,,1,30,,82451,10,,,1,70,,82453,10,,,1,30,,82455,10,,,1,70,,82456,10,,,1,30,,82454,10,,,1,70,,82457,10,,,1,28,,82458,10,,,1
5500,'Semaine-1',632,,82461,10,,,1,100,,82477,10,,,1,69,,82460,10,,,1,100,,82496,10,,,1,28,,82497,10,,,1,30,,82466,10,,,1,69,,82476,10,,,1,30,,82480,10,,,1,71,,82502,10,,,1,30,,82462,10,,,1,71,,82501,10,,,1,29,,82479,10,,,1,70,,82494,10,,,1,30,,82488,10,,,1,63,,82495,10,,,1,15,,82481,10,,,1,14,,82459,10,,,1,56,,82500,10,,,1,17,,82470,10,,,1,15,,82503,10,,,1,13,,82491,10,,,1,50,,82463,10,,,1,13,,82474,10,,,1,18,,82506,10,,,1,9,,82499,10,,,1,11,,82465,10,,,1,51,,82482,10,,,1,10,,82475,10,,,1,11,,82504,10,,,1,13,,82489,10,,,1,9,,82469,10,,,1,12,,82464,10,,,1,50,,82505,10,,,1,11,,82473,10,,,1,12,,82468,10,,,1,10,,82478,10,,,1,70,,82493,10,,,1,29,,82498,10,,,1,70,,82485,10,,,1,30,,82471,10,,,1,70,,82492,10,,,1,29,,82483,10,,,1,70,,82486,10,,,1,30,,82472,10,,,1,70,,82487,10,,,1,30,,82484,10,,,1,69,,82467,10,,,1,30,,82490,10,,,1
5500,'Semaine-12',632,,82509,10,,,1,100,,82525,10,,,1,69,,82508,10,,,1,100,,82544,10,,,1,28,,82545,10,,,1,30,,82514,10,,,1,69,,82524,10,,,1,30,,82528,10,,,1,71,,82550,10,,,1,30,,82510,10,,,1,71,,82549,10,,,1,29,,82527,10,,,1,70,,82542,10,,,1,30,,82536,10,,,1,63,,82543,10,,,1,15,,82529,10,,,1,14,,82507,10,,,1,56,,82548,10,,,1,17,,82518,10,,,1,15,,82551,10,,,1,13,,82539,10,,,1,50,,82511,10,,,1,13,,82522,10,,,1,18,,82554,10,,,1,9,,82547,10,,,1,11,,82513,10,,,1,51,,82530,10,,,1,10,,82523,10,,,1,11,,82552,10,,,1,13,,82537,10,,,1,9,,82517,10,,,1,12,,82512,10,,,1,50,,82553,10,,,1,11,,82521,10,,,1,12,,82516,10,,,1,10,,82526,10,,,1,70,,82541,10,,,1,29,,82546,10,,,1,70,,82533,10,,,1,30,,82519,10,,,1,70,,82540,10,,,1,29,,82531,10,,,1,70,,82534,10,,,1,30,,82520,10,,,1,70,,82535,10,,,1,30,,82532,10,,,1,69,,82515,10,,,1,30,,82538,10,,,1
5900,'Samedi-1',715,,82779,10,,,1,30,,82782,10,,,1,70,,82775,10,,,1,30,,82781,10,,,1,70,,82778,10,,,1,30,,82783,10,,,1,70,,82787,10,,,1,30,,82788,10,,,1,70,,82777,10,,,1,30,,82776,10,,,1,70,,82786,10,,,1,30,,82780,10,,,1,70,,82784,10,,,1,30,,82789,10,,,1,70,,82785,10,,,1,30,,82790,10,,,1,70,,82791,10,,,1,30,,82792,10,,,1,70,,82793,10,,,1,32,,82794,10,,,1,69,,82795,10,,,1,30,,82796,10,,,1,69,,82797,10,,,1,30,,82798,10,,,1,70,,82799,10,,,1,30,,82801,10,,,1,70,,82800,10,,,1,30,,82803,10,,,1,70,,82802,10,,,1,29,,82804,10,,,1,71,,82805,10,,,1,30,,82807,10,,,1,70,,82806,10,,,1,30,,82808,10,,,1
5900,'Samedi-10',715,,71438,10,,,1,30,,71441,10,,,1,70,,71434,10,,,1,30,,71440,10,,,1,70,,71437,10,,,1,30,,71442,10,,,1,70,,71446,10,,,1,30,,71447,10,,,1,70,,71436,10,,,1,30,,71435,10,,,1,70,,71445,10,,,1,30,,71439,10,,,1,70,,71443,10,,,1,30,,71448,10,,,1,70,,71444,10,,,1,30,,71449,10,,,1,70,,71450,10,,,1,30,,71451,10,,,1,70,,71452,10,,,1,32,,71453,10,,,1,69,,71454,10,,,1,30,,71455,10,,,1,69,,71456,10,,,1,30,,71457,10,,,1,70,,71458,10,,,1,30,,71460,10,,,1,70,,71459,10,,,1,30,,71462,10,,,1,70,,71461,10,,,1,29,,71463,10,,,1,71,,71464,10,,,1,30,,71466,10,,,1,70,,71465,10,,,1,30,,71467,10,,,1
5900,'Dimanche-1',715,,82814,10,,,1,30,,82813,10,,,1,70,,82809,10,,,1,30,,82818,10,,,1,70,,82824,10,,,1,30,,82815,10,,,1,70,,82822,10,,,1,30,,82817,10,,,1,70,,82823,10,,,1,30,,82810,10,,,1,70,,82821,10,,,1,30,,82811,10,,,1,70,,82819,10,,,1,30,,82825,10,,,1,70,,82812,10,,,1,30,,82816,10,,,1,70,,82820,10,,,1,30,,82829,10,,,1,70,,82830,10,,,1,32,,82827,10,,,1,69,,82832,10,,,1,30,,82828,10,,,1,69,,82834,10,,,1,30,,82826,10,,,1,70,,82831,10,,,1,30,,82835,10,,,1,70,,82833,10,,,1,30,,82836,10,,,1,70,,82837,10,,,1,29,,82838,10,,,1,71,,82839,10,,,1,30,,82841,10,,,1,70,,82840,10,,,1,30,,82842,10,,,1
5900,'Semaine-1',601,,82850,10,,,1,57,,82885,10,,,1,86,,82890,10,,,1,88,,82866,10,,,1,84,,82862,10,,,1,29,,82883,10,,,1,70,,82859,10,,,1,30,,82882,10,,,1,70,,82873,10,,,1,30,,82867,10,,,1,71,,82875,10,,,1,30,,82858,10,,,1,70,,82886,10,,,1,30,,82849,10,,,1,70,,82880,10,,,1,14,,82851,10,,,1,17,,82884,10,,,1,71,,82844,10,,,1,14,,82888,10,,,1,15,,82843,10,,,1,8,,82878,10,,,1,54,,82874,10,,,1,7,,82887,5,,,1,6,,82861,10,,,1,13,,82845,10,,,1,6,,82889,5,,,1,6,,82846,10,,,1,12,,82854,10,,,1,52,,82881,10,,,1,12,,82870,10,,,1,11,,82857,10,,,1,10,,82879,10,,,1,12,,82865,10,,,1,52,,82877,10,,,1,9,,82847,10,,,1,10,,82852,10,,,1,31,,82872,10,,,1,70,,82863,10,,,1,30,,82868,10,,,1,69,,82856,10,,,1,30,,82864,10,,,1,70,,82869,10,,,1,30,,82876,10,,,1,70,,82853,10,,,1,30,,82871,10,,,1,69,,82860,10,,,1,30,,82848,10,,,1,69,,82855,10,,,1
5900,'Semaine-12',601,,82898,10,,,1,57,,82933,10,,,1,86,,82938,10,,,1,88,,82914,10,,,1,84,,82910,10,,,1,29,,82931,10,,,1,70,,82907,10,,,1,30,,82930,10,,,1,70,,82921,10,,,1,30,,82915,10,,,1,71,,82923,10,,,1,30,,82906,10,,,1,70,,82934,10,,,1,30,,82897,10,,,1,70,,82928,10,,,1,14,,82899,10,,,1,17,,82932,10,,,1,71,,82892,10,,,1,14,,82936,10,,,1,15,,82891,10,,,1,8,,82926,10,,,1,54,,82922,10,,,1,7,,82935,5,,,1,6,,82909,10,,,1,13,,82893,10,,,1,6,,82937,5,,,1,6,,82894,10,,,1,12,,82902,10,,,1,52,,82929,10,,,1,12,,82918,10,,,1,11,,82905,10,,,1,10,,82927,10,,,1,12,,82913,10,,,1,52,,82925,10,,,1,9,,82895,10,,,1,10,,82900,10,,,1,31,,82920,10,,,1,70,,82911,10,,,1,30,,82916,10,,,1,69,,82904,10,,,1,30,,82912,10,,,1,70,,82917,10,,,1,30,,82924,10,,,1,70,,82901,10,,,1,30,,82919,10,,,1,69,,82908,10,,,1,30,,82896,10,,,1,69,,82903,10,,,1
32900,'Semaine-1',804,,85907,2,0,7 8,1
32900,'Semaine-12',804,,85908,2,0,7 8,1
37100,'Samedi-1',756,,85916,10,,,1,100,,85920,10,,,1,100,,85915,10,,,1,101,,85921,10,,,1,100,,85917,10,,,1,100,,85918,10,,,1,100,,85919,10,,,1,100,,85922,10,,,1,100,,85923,10,,,1,100,,85924,10,,,1,100,,85925,10,,,1,100,,85926,10,,,1,100,,85927,10,,,1,99,,85928,10,,,1,100,,85929,10,,,1,100,,85930,10,,,1,100,,85931,10,,,1
37100,'Samedi-10',756,,77442,10,,,1,100,,77446,10,,,1,100,,77441,10,,,1,101,,77447,10,,,1,100,,77443,10,,,1,100,,77444,10,,,1,100,,77445,10,,,1,100,,77448,10,,,1,100,,77449,10,,,1,100,,77450,10,,,1,100,,77451,10,,,1,100,,77452,10,,,1,100,,77453,10,,,1,99,,77454,10,,,1,100,,77455,10,,,1,100,,77456,10,,,1,100,,77457,10,,,1
37100,'Dimanche-1',756,,85932,10,,,1,100,,85934,10,,,1,100,,85936,10,,,1,101,,85937,10,,,1,100,,85944,10,,,1,100,,85933,10,,,1,100,,85938,10,,,1,100,,85935,10,,,1,100,,85940,10,,,1,100,,85942,10,,,1,100,,85943,10,,,1,100,,85941,10,,,1,100,,85939,10,,,1,99,,85945,10,,,1,100,,85946,10,,,1,100,,85947,10,,,1,100,,85948,10,,,1
37100,'Semaine-1',702,,85962,10,,,1,33,,85959,10,,,1,70,,85955,10,,,1,29,,85950,10,,,1,90,,85969,10,,,1,97,,85954,10,,,1,102,,85956,10,,,1,100,,85968,10,,,1,99,,85963,10,,,1,102,,85952,10,,,1,92,,85964,10,,,1,19,,85973,10,,,1,16,,85953,10,,,1,55,,85974,10,,,1,26,,85949,10,,,1,20,,85958,10,,,1,69,,85965,10,,,1,25,,85971,10,,,1,68,,85970,10,,,1,30,,85960,10,,,1,69,,85972,10,,,1,30,,85975,10,,,1,70,,85961,10,,,1,95,,85957,10,,,1,100,,85967,10,,,1,100,,85966,10,,,1,98,,85951,10,,,1
37100,'Semaine-12',702,,85989,10,,,1,33,,85986,10,,,1,70,,85982,10,,,1,29,,85977,10,,,1,90,,85996,10,,,1,97,,85981,10,,,1,102,,85983,10,,,1,100,,85995,10,,,1,99,,85990,10,,,1,102,,85979,10,,,1,92,,85991,10,,,1,19,,86000,10,,,1,16,,85980,10,,,1,55,,86001,10,,,1,26,,85976,10,,,1,20,,85985,10,,,1,69,,85992,10,,,1,25,,85998,10,,,1,68,,85997,10,,,1,30,,85987,10,,,1,69,,85999,10,,,1,30,,86002,10,,,1,70,,85988,10,,,1,95,,85984,10,,,1,100,,85994,10,,,1,100,,85993,10,,,1,98,,85978,10,,,1
43700,'Semaine-1',722,,86783,6,0,9 14,1,2,,86784,2,0,9 14,2
43700,'Semaine-12',722,,86785,6,0,9 14,1,2,,86786,2,0,9 14,2
65500,'Semaine-1',713,,86863,3,0,9 10,1
65500,'Semaine-12',713,,86864,3,0,9 10,1
72900,'Semaine-1',1623,,86873,7,0,5 11,2
72900,'Semaine-12',1623,,86874,7,0,5 11,2
74000,'Semaine-1',1620,,86880,6,0,5 11,1
74000,'Semaine-12',1620,,86882,6,0,5 11,1
