3601,'Semaine-1',844,,81179,12,,,1,90,,81177,12,,,1,100,,81180,12,,,1,100,,81178,12,,,1,99,,81183,12,,,1,100,,81182,12,,,1,101,,81181,12,,,1
3601,'Semaine-12',844,,81186,12,,,1,90,,81184,12,,,1,100,,81187,12,,,1,100,,81185,12,,,1,99,,81190,12,,,1,100,,81189,12,,,1,101,,81188,12,,,1
3701,'Samedi-1',650,,81286,12,,,1,100,,81291,12,,,1,100,,81285,12,,,1,100,,81290,12,,,1,100,,81287,12,,,1,100,,81288,12,,,1,100,,81292,12,,,1,99,,81289,12,,,1,100,,81293,12,,,1,100,,81294,12,,,1,100,,81295,12,,,1,102,,81296,12,,,1,100,,81297,12,,,1,100,,81298,12,,,1,100,,81299,12,,,1,99,,81300,12,,,1,101,,81301,12,,,1
3701,'Samedi-10',650,,68373,12,,,1,100,,68378,12,,,1,100,,68372,12,,,1,100,,68377,12,,,1,100,,68374,12,,,1,100,,68375,12,,,1,100,,68379,12,,,1,99,,68376,12,,,1,100,,68380,12,,,1,100,,68381,12,,,1,100,,68382,12,,,1,102,,68383,12,,,1,100,,68384,12,,,1,100,,68385,12,,,1,100,,68386,12,,,1,99,,68387,12,,,1,101,,68388,12,,,1
3701,'Dimanche-1',650,,81303,12,,,1,100,,81304,12,,,1,100,,81306,12,,,1,100,,81307,12,,,1,100,,81315,12,,,1,100,,81302,12,,,1,100,,81308,12,,,1,99,,81305,12,,,1,100,,81310,12,,,1,100,,81311,12,,,1,100,,81313,12,,,1,102,,81312,12,,,1,100,,81309,12,,,1,100,,81314,12,,,1,100,,81316,12,,,1,99,,81317,12,,,1,101,,81318,12,,,1
3701,'Semaine-1',517,,81332,12,,,1,29,,81330,12,,,1,75,,81334,12,,,1,30,,81324,12,,,1,71,,81341,12,,,1,16,,81321,12,,,1,14,,81342,12,,,1,70,,81323,12,,,1,98,,81340,12,,,1,100,,81328,12,,,1,100,,81322,12,,,1,100,,81320,12,,,1,100,,81325,12,,,1,100,,81336,12,,,1,98,,81319,12,,,1,30,,81335,12,,,1,71,,81338,12,,,1,29,,81333,12,,,1,72,,81339,12,,,1,30,,81343,12,,,1,85,,81327,12,,,1,100,,81337,12,,,1,100,,81329,12,,,1,102,,81326,12,,,1,95,,81331,12,,,1
3701,'Semaine-12',517,,81357,12,,,1,29,,81355,12,,,1,75,,81359,12,,,1,30,,81349,12,,,1,71,,81366,12,,,1,16,,81346,12,,,1,14,,81367,12,,,1,70,,81348,12,,,1,98,,81365,12,,,1,100,,81353,12,,,1,100,,81347,12,,,1,100,,81345,12,,,1,100,,81350,12,,,1,100,,81361,12,,,1,98,,81344,12,,,1,30,,81360,12,,,1,71,,81363,12,,,1,29,,81358,12,,,1,72,,81364,12,,,1,30,,81368,12,,,1,85,,81352,12,,,1,100,,81362,12,,,1,100,,81354,12,,,1,102,,81351,12,,,1,95,,81356,12,,,1
37101,'Samedi-1',719,,86004,12,,,1,100,,86003,12,,,1,99,,86007,12,,,1,100,,86006,12,,,1,101,,86008,12,,,1,99,,86005,12,,,1,99,,86009,12,,,1,99,,86010,12,,,1,102,,86011,12,,,1,99,,86012,12,,,1,100,,86013,12,,,1,105,,86014,12,,,1,95,,86015,12,,,1,101,,86016,12,,,1,100,,86017,12,,,1,102,,86018,12,,,1,100,,86019,12,,,1
37101,'Samedi-10',719,,77625,12,,,1,100,,77624,12,,,1,99,,77628,12,,,1,100,,77627,12,,,1,101,,77629,12,,,1,99,,77626,12,,,1,99,,77630,12,,,1,99,,77631,12,,,1,102,,77632,12,,,1,99,,77633,12,,,1,100,,77634,12,,,1,105,,77635,12,,,1,95,,77636,12,,,1,101,,77637,12,,,1,100,,77638,12,,,1,102,,77639,12,,,1,100,,77640,12,,,1
37101,'Dimanche-1',719,,86033,12,,,1,100,,86022,12,,,1,99,,86023,12,,,1,100,,86020,12,,,1,101,,86025,12,,,1,99,,86021,12,,,1,99,,86024,12,,,1,99,,86027,12,,,1,102,,86026,12,,,1,99,,86028,12,,,1,100,,86032,12,,,1,105,,86031,12,,,1,95,,86029,12,,,1,101,,86030,12,,,1,100,,86034,12,,,1,102,,86035,12,,,1,100,,86036,12,,,1
37101,'Semaine-1',527,,86053,12,,,1,31,,86056,12,,,1,70,,86049,12,,,1,29,,86051,12,,,1,71,,86061,12,,,1,30,,86060,12,,,1,70,,86055,12,,,1,72,,86039,12,,,1,58,,86046,12,,,1,100,,86044,12,,,1,100,,86045,12,,,1,100,,86059,12,,,1,100,,86042,12,,,1,100,,86043,12,,,1,69,,86040,12,,,1,30,,86047,12,,,1,71,,86057,12,,,1,30,,86058,12,,,1,70,,86037,12,,,1,80,,86041,12,,,1,96,,86052,12,,,1,100,,86054,12,,,1,100,,86038,12,,,1,100,,86048,12,,,1,145,,86050,12,,,1
37101,'Semaine-12',527,,86078,12,,,1,31,,86081,12,,,1,70,,86074,12,,,1,29,,86076,12,,,1,71,,86086,12,,,1,30,,86085,12,,,1,70,,86080,12,,,1,72,,86064,12,,,1,58,,86071,12,,,1,100,,86069,12,,,1,100,,86070,12,,,1,100,,86084,12,,,1,100,,86067,12,,,1,100,,86068,12,,,1,69,,86065,12,,,1,30,,86072,12,,,1,71,,86082,12,,,1,30,,86083,12,,,1,70,,86062,12,,,1,80,,86066,12,,,1,96,,86077,12,,,1,100,,86079,12,,,1,100,,86063,12,,,1,100,,86073,12,,,1,145,,86075,12,,,1
43701,'Semaine-1',1506,,86788,12,0,9 14,1
43701,'Semaine-12',1506,,86790,12,0,9 14,1
