4500,'Semaine-1',1529,,81964,40,,,1,76,,81959,40,,,1,30,,81960,40,,,1,72,,81962,40,,,1,27,,81963,40,,,1,25,,81961,40,,,2
4500,'Semaine-12',1529,,81970,40,,,1,76,,81965,40,,,1,30,,81966,40,,,1,72,,81968,40,,,1,27,,81969,40,,,1,25,,81967,40,,,2
5200,'Samedi-1',643,,82231,26,,,1,100,,82232,26,,,1,100,,82233,26,,,1,101,,82234,26,,,1,100,,82235,26,,,1,101,,82236,26,,,1,100,,82237,26,,,1,100,,82238,26,,,1,99,,82239,26,,,1,101,,82240,26,,,1,100,,82241,26,,,1,100,,82242,26,,,1,99,,82243,26,,,1,100,,82246,26,,,1,100,,82244,26,,,1,99,,82245,26,,,1,98,,82247,26,,,1,100,,82248,26,,,1
5200,'Samedi-10',643,,70287,26,,,1,100,,70288,26,,,1,100,,70289,26,,,1,101,,70290,26,,,1,100,,70291,26,,,1,101,,70292,26,,,1,100,,70293,26,,,1,100,,70294,26,,,1,99,,70295,26,,,1,101,,70296,26,,,1,100,,70297,26,,,1,100,,70298,26,,,1,99,,70299,26,,,1,100,,70302,26,,,1,100,,70300,26,,,1,99,,70301,26,,,1,98,,70303,26,,,1,100,,70304,26,,,1
5200,'Dimanche-1',643,,82250,26,,,1,100,,82249,26,,,1,100,,82251,26,,,1,101,,82254,26,,,1,100,,82252,26,,,1,101,,82253,26,,,1,100,,82257,26,,,1,100,,82256,26,,,1,99,,82258,26,,,1,101,,82255,26,,,1,100,,82259,26,,,1,100,,82261,26,,,1,99,,82262,26,,,1,100,,82260,26,,,1,100,,82263,26,,,1,99,,82264,26,,,1,98,,82265,26,,,1,100,,82266,26,,,1
5200,'Semaine-1',614,,82270,26,,,1,97,,82272,26,,,1,108,,82267,26,,,1,97,,82283,26,,,1,98,,82281,26,,,1,101,,82268,26,,,1,100,,82275,26,,,1,100,,82274,26,,,1,100,,82271,26,,,1,100,,82269,26,,,1,108,,82273,26,,,1,100,,82284,26,,,1,108,,82282,26,,,1,99,,82276,26,,,1,84,,82280,26,,,1,100,,82279,26,,,1,100,,82277,26,,,1,100,,82278,26,,,1
5200,'Semaine-12',614,,82288,26,,,1,97,,82290,26,,,1,108,,82285,26,,,1,97,,82301,26,,,1,98,,82299,26,,,1,101,,82286,26,,,1,100,,82293,26,,,1,100,,82292,26,,,1,100,,82289,26,,,1,100,,82287,26,,,1,108,,82291,26,,,1,100,,82302,26,,,1,108,,82300,26,,,1,99,,82294,26,,,1,84,,82298,26,,,1,100,,82297,26,,,1,100,,82295,26,,,1,100,,82296,26,,,1
5601,'Semaine-1',1242,,82735,37,,,1,102,,82732,37,,,1,100,,82731,37,,,1,103,,82734,37,,,2,104,,82733,37,,,1,99,,82736,37,,,1,94,,82737,37,,,1
5601,'Semaine-12',1242,,82742,37,,,1,102,,82739,37,,,1,100,,82738,37,,,1,103,,82741,37,,,2,104,,82740,37,,,1,99,,82743,37,,,1,94,,82744,37,,,1
64500,'Semaine-1',714,,86851,17,0,9 10,1
64500,'Semaine-12',714,,86852,17,0,9 10,1
75200,'Semaine-1',715,,86888,10,0,9 18,1,2,,86887,10,0,9 18,2
75200,'Semaine-12',715,,86890,10,0,9 18,1,2,,86889,10,0,9 18,2
