2300,'Semaine-1',1545,,79976,13,,,1,68,,79974,13,,,1,34,,79972,13,,,1,65,,79973,13,,,2,26,,79975,13,,,2,69,,79971,13,,,1
2300,'Semaine-12',1545,,79982,13,,,1,68,,79980,13,,,1,34,,79978,13,,,1,65,,79979,13,,,2,26,,79981,13,,,2,69,,79977,13,,,1
2500,'Semaine-1',1529,,79993,12,,,1,30,,79996,12,,,1,70,,79994,12,,,1,73,,79998,12,,,1,25,,79995,12,,,2,27,,79997,12,,,2
2500,'Semaine-12',1529,,79999,12,,,1,30,,80002,12,,,1,70,,80000,12,,,1,73,,80004,12,,,1,25,,80001,12,,,2,27,,80003,12,,,2
3500,'Semaine-1',640,,81054,20,0,15 16,1,78,,81029,20,0,15 16,2,23,,81039,20,0,15 16,1,63,,81057,20,0,15 16,1,15,,81047,20,0,15 16,1,20,,81062,20,0,15 16,1,20,,81059,20,0,15 16,1,63,,81052,20,0,15 16,1,21,,81058,20,0,15 16,1,70,,81037,20,0,15 16,1,26,,81050,20,0,15 16,1,74,,81031,20,0,15 16,1,28,,81035,20,0,15 16,1,70,,81045,20,0,15 16,2,32,,81030,20,0,15 16,1,70,,81040,20,0,15 16,1,30,,81061,20,0,15 16,2,70,,81048,20,0,15 16,1,30,,81032,20,0,15 16,2,73,,81044,20,,,2,33,,81046,20,0,15 16,1,58,,81038,13,0,15 16,1,19,,81049,20,,,1,13,,81043,13,0,15 16,1,18,,81053,20,,,1,65,,81055,20,0,15 16,1,30,,81036,20,,,1,64,,81034,20,0,15 16,1,28,,81063,20,,,1,66,,81051,20,0,15 16,1,30,,81041,13,0,15 16,1,70,,81042,20,,,1,100,,81056,20,,,1,100,,81060,20,,,1,100,,81033,20,0,15 16,1
3500,'Semaine-12',640,,81089,20,0,15 16,1,78,,81064,20,0,15 16,2,23,,81074,20,0,15 16,1,63,,81092,20,0,15 16,1,15,,81082,20,0,15 16,1,20,,81097,20,0,15 16,1,20,,81094,20,0,15 16,1,63,,81087,20,0,15 16,1,21,,81093,20,0,15 16,1,70,,81072,20,0,15 16,1,26,,81085,20,0,15 16,1,74,,81066,20,0,15 16,1,28,,81070,20,0,15 16,1,70,,81080,20,0,15 16,2,32,,81065,20,0,15 16,1,70,,81075,20,0,15 16,1,30,,81096,20,0,15 16,2,70,,81083,20,0,15 16,1,30,,81067,20,0,15 16,2,73,,81079,20,,,2,33,,81081,20,0,15 16,1,58,,81073,13,0,15 16,1,19,,81084,20,,,1,13,,81078,13,0,15 16,1,18,,81088,20,,,1,65,,81090,20,0,15 16,1,30,,81071,20,,,1,64,,81069,20,0,15 16,1,28,,81098,20,,,1,66,,81086,20,0,15 16,1,30,,81076,13,0,15 16,1,70,,81077,20,,,1,100,,81091,20,,,1,100,,81095,20,,,1,100,,81068,20,0,15 16,1
72500,'Semaine-1',1622,,86867,10,0,5 11,1
72500,'Semaine-12',1622,,86868,10,0,5 11,1
82500,'Semaine-1',1525,,87113,4,0,9 12 13,1
82500,'Semaine-12',1525,,87115,4,0,9 12 13,1
