2700,'Semaine-1',1625,,80039,42,,,1,30,,80037,42,,,2,67,,80041,42,,,1,28,,80038,42,,,2,69,,80040,42,,,2
2700,'Semaine-12',1625,,80044,42,,,1,30,,80042,42,,,2,67,,80046,42,,,1,28,,80043,42,,,2,69,,80045,42,,,2
3500,'Semaine-1',1540,,81044,51,,,2,112,,81049,51,,,1,70,,81053,51,,,1,93,,81036,51,,,1,92,,81063,51,,,1,126,,81042,51,,,1,100,,81056,51,,,1,100,,81060,51,,,1
3500,'Semaine-12',1540,,81079,51,,,2,112,,81084,51,,,1,70,,81088,51,,,1,93,,81071,51,,,1,92,,81098,51,,,1,126,,81077,51,,,1,100,,81091,51,,,1,100,,81095,51,,,1
33101,'Semaine-1',1633,,85913,23,0,7 8,1
33101,'Semaine-12',1633,,85914,23,0,7 8,1
43301,'Semaine-1',737,,86781,19,0,9 14,1
43301,'Semaine-12',737,,86782,19,0,9 14,1
82700,'Semaine-1',1545,,87128,32,0,9 12 13,2
82700,'Semaine-12',1545,,87129,32,0,9 12 13,2
