1801,'Semaine-1',634,,79953,15,,,1,86,,79955,15,,,2,85,,79954,15,,,1
1801,'Semaine-12',634,,79956,15,,,1,86,,79958,15,,,2,85,,79957,15,,,1
2600,'Semaine-1',1553,,80019,12,,,1,72,,80018,12,,,1,28,,80017,12,,,2,70,,80020,12,,,1,27,,80021,12,,,2
2600,'Semaine-12',1553,,80024,12,,,1,72,,80023,12,,,1,28,,80022,12,,,2,70,,80025,12,,,1,27,,80026,12,,,2
2900,'Semaine-1',1544,,80070,12,,,2,74,,80069,12,,,1,32,,80067,12,,,2,65,,80071,12,,,1,31,,80068,12,,,1
2900,'Semaine-12',1544,,80075,12,,,2,74,,80074,12,,,1,32,,80072,12,,,2,65,,80076,12,,,1,31,,80073,12,,,1
3200,'Semaine-1',627,,80376,13,,,1,31,,80375,13,,,1,72,,80371,13,,,1,72,,80373,13,,,1,29,,80372,13,,,2,70,,80374,13,,,1,28,,80347,13,,,2,30,,80342,13,,,1,70,,80343,13,,,2,30,,80354,13,,,1,70,,80348,13,,,1,71,,80334,13,,,1,30,,80335,13,,,1,29,,80346,13,,,1,70,,80349,13,,,1,30,,80355,13,,,1,71,,80336,13,,,1,70,,80381,13,,,1,15,,80333,13,,,2,16,,80363,13,,,1,10,,80353,13,,,1,11,,80359,13,,,2,50,,80360,13,,,1,10,,80378,13,,,1,10,,80379,13,,,1,10,,80380,13,,,2,13,,80377,13,,,2,7,,80350,13,,,1,50,,80361,13,,,1,10,,80369,13,,,2,10,,80362,13,,,2,8,,80339,13,,,1,10,,80370,13,,,1,10,,80356,13,,,2,7,,80358,13,,,1,50,,80357,13,,,1,19,,80351,13,,,2,25,,80345,13,,,1,70,,80340,13,,,1,30,,80337,13,,,2,69,,80352,13,,,2,30,,80344,13,,,1,73,,80341,13,,,1,27,,80338,13,,,2,70,,80364,13,,,1,30,,80365,13,,,1,68,,80366,13,,,1,30,,80367,13,,,1,70,,80368,13,,,1
3200,'Semaine-12',627,,80425,13,,,1,31,,80424,13,,,1,72,,80420,13,,,1,72,,80422,13,,,1,29,,80421,13,,,2,70,,80423,13,,,1,28,,80396,13,,,2,30,,80391,13,,,1,70,,80392,13,,,2,30,,80403,13,,,1,70,,80397,13,,,1,71,,80383,13,,,1,30,,80384,13,,,1,29,,80395,13,,,1,70,,80398,13,,,1,30,,80404,13,,,1,71,,80385,13,,,1,70,,80430,13,,,1,15,,80382,13,,,2,16,,80412,13,,,1,10,,80402,13,,,1,11,,80408,13,,,2,50,,80409,13,,,1,10,,80427,13,,,1,10,,80428,13,,,1,10,,80429,13,,,2,13,,80426,13,,,2,7,,80399,13,,,1,50,,80410,13,,,1,10,,80418,13,,,2,10,,80411,13,,,2,8,,80388,13,,,1,10,,80419,13,,,1,10,,80405,13,,,2,7,,80407,13,,,1,50,,80406,13,,,1,19,,80400,13,,,2,25,,80394,13,,,1,70,,80389,13,,,1,30,,80386,13,,,2,69,,80401,13,,,2,30,,80393,13,,,1,73,,80390,13,,,1,27,,80387,13,,,2,70,,80413,13,,,1,30,,80414,13,,,1,68,,80415,13,,,1,30,,80416,13,,,1,70,,80417,13,,,1
3400,'Samedi-1',734,,80773,13,,,1,100,,80778,13,,,1,70,,80774,13,,,1,31,,80780,13,,,1,70,,80781,13,,,1,30,,80775,13,,,1,70,,80776,13,,,1,30,,80777,13,,,1,70,,80779,13,,,1,30,,80782,13,,,1,70,,80784,13,,,1,30,,80783,13,,,1,70,,80785,13,,,1,30,,80786,13,,,1,70,,80787,13,,,1,30,,80788,13,,,1,70,,80789,13,,,1,30,,80790,13,,,1,70,,80791,13,,,1,30,,80792,13,,,1,70,,80793,13,,,1,30,,80794,13,,,1,70,,80795,13,,,1,29,,80796,13,,,1,71,,80797,13,,,1,30,,80798,13,,,1,70,,80799,13,,,1,30,,80800,13,,,1,70,,80801,13,,,1,30,,80803,13,,,1,70,,80802,13,,,1,30,,80805,13,,,1,70,,80804,13,,,1,27,,80806,13,,,1
3400,'Samedi-10',734,,67369,13,,,1,100,,67374,13,,,1,70,,67370,13,,,1,31,,67376,13,,,1,70,,67377,13,,,1,30,,67371,13,,,1,70,,67372,13,,,1,30,,67373,13,,,1,70,,67375,13,,,1,30,,67378,13,,,1,70,,67380,13,,,1,30,,67379,13,,,1,70,,67381,13,,,1,30,,67382,13,,,1,70,,67383,13,,,1,30,,67384,13,,,1,70,,67385,13,,,1,30,,67386,13,,,1,70,,67387,13,,,1,30,,67388,13,,,1,70,,67389,13,,,1,30,,67390,13,,,1,70,,67391,13,,,1,29,,67392,13,,,1,71,,67393,13,,,1,30,,67394,13,,,1,70,,67395,13,,,1,30,,67396,13,,,1,70,,67397,13,,,1,30,,67399,13,,,1,70,,67398,13,,,1,30,,67401,13,,,1,70,,67400,13,,,1,27,,67402,13,,,1
3400,'Dimanche-1',734,,80811,13,,,1,100,,80831,13,,,1,70,,80813,13,,,1,31,,80817,13,,,1,70,,80810,13,,,1,30,,80818,13,,,1,70,,80809,13,,,1,30,,80808,13,,,1,70,,80821,13,,,1,30,,80812,13,,,1,70,,80815,13,,,1,30,,80814,13,,,1,70,,80807,13,,,1,30,,80823,13,,,1,70,,80819,13,,,1,30,,80820,13,,,1,70,,80816,13,,,1,30,,80827,13,,,1,70,,80826,13,,,1,30,,80824,13,,,1,70,,80822,13,,,1,30,,80825,13,,,1,70,,80830,13,,,1,29,,80828,13,,,1,71,,80829,13,,,1,30,,80832,13,,,1,70,,80833,13,,,1,30,,80834,13,,,1,70,,80835,13,,,1,30,,80836,13,,,1,70,,80837,13,,,1,30,,80839,13,,,1,70,,80838,13,,,1,27,,80840,13,,,1
3400,'Semaine-1',611,,80871,13,,,1,29,,80856,13,,,1,71,,80850,13,,,1,35,,80854,13,,,1,71,,80845,13,,,2,29,,80865,13,,,1,70,,80851,13,,,1,28,,80841,13,,,1,70,,80846,13,,,1,30,,80847,13,,,1,70,,80852,13,,,1,30,,80842,13,,,1,70,,80872,13,,,1,30,,80848,13,,,1,70,,80853,13,,,1,30,,80843,13,,,1,71,,80869,13,,,1,31,,80844,13,,,1,65,,80870,13,,,1,306,,80868,13,,,1,20,,80857,13,,,1,68,,80849,13,,,1,30,,80861,13,,,1,70,,80867,13,,,1,31,,80858,13,,,1,69,,80860,13,,,1,30,,80862,13,,,1,70,,80855,13,,,1,30,,80864,13,,,1,70,,80859,13,,,1,29,,80863,13,,,1,70,,80866,13,,,1
3400,'Semaine-12',611,,80903,13,,,1,29,,80888,13,,,1,71,,80882,13,,,1,35,,80886,13,,,1,71,,80877,13,,,2,29,,80897,13,,,1,70,,80883,13,,,1,28,,80873,13,,,1,70,,80878,13,,,1,30,,80879,13,,,1,70,,80884,13,,,1,30,,80874,13,,,1,70,,80904,13,,,1,30,,80880,13,,,1,70,,80885,13,,,1,30,,80875,13,,,1,71,,80901,13,,,1,31,,80876,13,,,1,65,,80902,13,,,1,306,,80900,13,,,1,20,,80889,13,,,1,68,,80881,13,,,1,30,,80893,13,,,1,70,,80899,13,,,1,31,,80890,13,,,1,69,,80892,13,,,1,30,,80894,13,,,1,70,,80887,13,,,1,30,,80896,13,,,1,70,,80891,13,,,1,29,,80895,13,,,1,70,,80898,13,,,1
4000,'Semaine-1',1523,,81911,12,,,1,30,,81907,12,,,2,74,,81910,12,,,1,27,,81909,12,,,1,69,,81908,12,,,1,29,,81912,12,,,1
4000,'Semaine-12',1523,,81917,12,,,1,30,,81913,12,,,2,74,,81916,12,,,1,27,,81915,12,,,1,69,,81914,12,,,1,29,,81918,12,,,1
4100,'Semaine-1',1534,,81932,12,,,1,71,,81934,12,,,1,34,,81933,12,,,2,65,,81931,12,,,1,29,,81935,12,,,1
4100,'Semaine-12',1534,,81937,12,,,1,71,,81939,12,,,1,34,,81938,12,,,2,65,,81936,12,,,1,29,,81940,12,,,1
4500,'Semaine-1',1508,,81964,12,,,1,35,,81959,12,,,1,70,,81960,12,,,1,32,,81962,12,,,1,67,,81963,12,,,1,27,,81961,12,,,2
4500,'Semaine-12',1508,,81970,12,,,1,35,,81965,12,,,1,70,,81966,12,,,1,32,,81968,12,,,1,67,,81969,12,,,1,27,,81967,12,,,2
4700,'Semaine-1',1530,,81983,12,,,1,102,,81984,12,,,1,96,,81985,12,,,2
4700,'Semaine-12',1530,,81986,12,,,1,102,,81987,12,,,1,96,,81988,12,,,2
5500,'Samedi-1',702,,82390,13,,,1,30,,82387,13,,,1,70,,82388,13,,,1,30,,82391,13,,,1,70,,82389,13,,,1,30,,82396,13,,,1,71,,82393,13,,,1,29,,82394,13,,,1,70,,82399,13,,,1,31,,82398,13,,,1,70,,82392,13,,,1,30,,82395,13,,,1,70,,82397,13,,,1,30,,82400,13,,,1,70,,82401,13,,,1,30,,82402,13,,,1,70,,82403,13,,,1,29,,82404,13,,,1,70,,82405,13,,,1,32,,82406,13,,,1,70,,82407,13,,,1,30,,82408,13,,,1,70,,82409,13,,,1,30,,82410,13,,,1,68,,82412,13,,,1,30,,82411,13,,,1,70,,82413,13,,,1,30,,82415,13,,,1,70,,82414,13,,,1,30,,82416,13,,,1,70,,82417,13,,,1,30,,82420,13,,,1,70,,82422,13,,,1,30,,82419,13,,,1,70,,82418,13,,,1,28,,82421,13,,,1
5500,'Samedi-10',702,,70650,13,,,1,30,,70647,13,,,1,70,,70648,13,,,1,30,,70651,13,,,1,70,,70649,13,,,1,30,,70656,13,,,1,71,,70653,13,,,1,29,,70654,13,,,1,70,,70659,13,,,1,31,,70658,13,,,1,70,,70652,13,,,1,30,,70655,13,,,1,70,,70657,13,,,1,30,,70660,13,,,1,70,,70661,13,,,1,30,,70662,13,,,1,70,,70663,13,,,1,29,,70664,13,,,1,70,,70665,13,,,1,32,,70666,13,,,1,70,,70667,13,,,1,30,,70668,13,,,1,70,,70669,13,,,1,30,,70670,13,,,1,68,,70672,13,,,1,30,,70671,13,,,1,70,,70673,13,,,1,30,,70675,13,,,1,70,,70674,13,,,1,30,,70676,13,,,1,70,,70677,13,,,1,30,,70680,13,,,1,70,,70682,13,,,1,30,,70679,13,,,1,70,,70678,13,,,1,28,,70681,13,,,1
5500,'Dimanche-1',702,,82427,13,,,1,30,,82432,13,,,1,70,,82424,13,,,1,30,,82429,13,,,1,70,,82426,13,,,1,30,,82423,13,,,1,71,,82434,13,,,1,29,,82428,13,,,1,70,,82425,13,,,1,31,,82437,13,,,1,70,,82433,13,,,1,30,,82438,13,,,1,70,,82431,13,,,1,30,,82430,13,,,1,70,,82436,13,,,1,30,,82441,13,,,1,70,,82435,13,,,1,29,,82440,13,,,1,70,,82443,13,,,1,32,,82447,13,,,1,70,,82442,13,,,1,30,,82448,13,,,1,70,,82439,13,,,1,30,,82445,13,,,1,68,,82446,13,,,1,30,,82449,13,,,1,70,,82444,13,,,1,30,,82450,13,,,1,70,,82452,13,,,1,30,,82451,13,,,1,70,,82453,13,,,1,30,,82455,13,,,1,70,,82456,13,,,1,30,,82454,13,,,1,70,,82457,13,,,1,28,,82458,13,,,1
5500,'Semaine-1',634,,82461,13,,,1,102,,82477,13,,,1,69,,82460,13,,,1,98,,82496,13,,,1,28,,82497,13,,,1,70,,82466,13,,,1,29,,82476,13,,,1,70,,82480,13,,,1,31,,82502,13,,,1,71,,82462,13,,,1,30,,82501,13,,,1,69,,82479,13,,,1,30,,82494,13,,,1,70,,82488,13,,,1,23,,82495,13,,,1,16,,82481,13,,,1,14,,82459,13,,,1,57,,82500,13,,,1,17,,82470,13,,,1,15,,82503,13,,,1,13,,82491,13,,,1,50,,82463,13,,,1,13,,82474,13,,,1,18,,82506,13,,,1,9,,82499,13,,,1,11,,82465,13,,,1,51,,82482,13,,,1,10,,82475,13,,,1,11,,82504,13,,,1,12,,82489,13,,,1,8,,82469,13,,,1,52,,82464,13,,,1,10,,82505,13,,,1,11,,82473,13,,,1,12,,82468,13,,,1,10,,82478,13,,,1,70,,82493,13,,,1,29,,82498,13,,,1,70,,82485,13,,,1,30,,82471,13,,,1,70,,82492,13,,,1,29,,82483,13,,,1,70,,82486,13,,,1,30,,82472,13,,,1,70,,82487,13,,,1,30,,82484,13,,,1,69,,82467,13,,,1,30,,82490,13,,,1
5500,'Semaine-12',634,,82509,13,,,1,102,,82525,13,,,1,69,,82508,13,,,1,98,,82544,13,,,1,28,,82545,13,,,1,70,,82514,13,,,1,29,,82524,13,,,1,70,,82528,13,,,1,31,,82550,13,,,1,71,,82510,13,,,1,30,,82549,13,,,1,69,,82527,13,,,1,30,,82542,13,,,1,70,,82536,13,,,1,23,,82543,13,,,1,16,,82529,13,,,1,14,,82507,13,,,1,57,,82548,13,,,1,17,,82518,13,,,1,15,,82551,13,,,1,13,,82539,13,,,1,50,,82511,13,,,1,13,,82522,13,,,1,18,,82554,13,,,1,9,,82547,13,,,1,11,,82513,13,,,1,51,,82530,13,,,1,10,,82523,13,,,1,11,,82552,13,,,1,12,,82537,13,,,1,8,,82517,13,,,1,52,,82512,13,,,1,10,,82553,13,,,1,11,,82521,13,,,1,12,,82516,13,,,1,10,,82526,13,,,1,70,,82541,13,,,1,29,,82546,13,,,1,70,,82533,13,,,1,30,,82519,13,,,1,70,,82540,13,,,1,29,,82531,13,,,1,70,,82534,13,,,1,30,,82520,13,,,1,70,,82535,13,,,1,30,,82532,13,,,1,69,,82515,13,,,1,30,,82538,13,,,1
5900,'Samedi-1',717,,82779,13,,,1,30,,82782,13,,,1,70,,82775,13,,,1,30,,82781,13,,,1,70,,82778,13,,,1,30,,82783,13,,,1,70,,82787,13,,,1,30,,82788,13,,,1,70,,82777,13,,,1,30,,82776,13,,,1,71,,82786,13,,,1,30,,82780,13,,,1,70,,82784,13,,,1,30,,82789,13,,,1,70,,82785,13,,,1,30,,82790,13,,,1,70,,82791,13,,,1,29,,82792,13,,,1,70,,82793,13,,,1,32,,82794,13,,,1,69,,82795,13,,,1,30,,82796,13,,,1,69,,82797,13,,,1,30,,82798,13,,,1,70,,82799,13,,,1,30,,82801,13,,,1,70,,82800,13,,,1,30,,82803,13,,,1,70,,82802,13,,,1,29,,82804,13,,,1,71,,82805,13,,,1,30,,82807,13,,,1,70,,82806,13,,,1,30,,82808,13,,,1
5900,'Samedi-10',717,,71438,13,,,1,30,,71441,13,,,1,70,,71434,13,,,1,30,,71440,13,,,1,70,,71437,13,,,1,30,,71442,13,,,1,70,,71446,13,,,1,30,,71447,13,,,1,70,,71436,13,,,1,30,,71435,13,,,1,71,,71445,13,,,1,30,,71439,13,,,1,70,,71443,13,,,1,30,,71448,13,,,1,70,,71444,13,,,1,30,,71449,13,,,1,70,,71450,13,,,1,29,,71451,13,,,1,70,,71452,13,,,1,32,,71453,13,,,1,69,,71454,13,,,1,30,,71455,13,,,1,69,,71456,13,,,1,30,,71457,13,,,1,70,,71458,13,,,1,30,,71460,13,,,1,70,,71459,13,,,1,30,,71462,13,,,1,70,,71461,13,,,1,29,,71463,13,,,1,71,,71464,13,,,1,30,,71466,13,,,1,70,,71465,13,,,1,30,,71467,13,,,1
5900,'Dimanche-1',717,,82814,13,,,1,30,,82813,13,,,1,70,,82809,13,,,1,30,,82818,13,,,1,70,,82824,13,,,1,30,,82815,13,,,1,70,,82822,13,,,1,30,,82817,13,,,1,70,,82823,13,,,1,30,,82810,13,,,1,71,,82821,13,,,1,30,,82811,13,,,1,70,,82819,13,,,1,30,,82825,13,,,1,70,,82812,13,,,1,30,,82816,13,,,1,70,,82820,13,,,1,29,,82829,13,,,1,70,,82830,13,,,1,32,,82827,13,,,1,69,,82832,13,,,1,30,,82828,13,,,1,69,,82834,13,,,1,30,,82826,13,,,1,70,,82831,13,,,1,30,,82835,13,,,1,70,,82833,13,,,1,30,,82836,13,,,1,70,,82837,13,,,1,29,,82838,13,,,1,71,,82839,13,,,1,30,,82841,13,,,1,70,,82840,13,,,1,30,,82842,13,,,1
5900,'Semaine-1',603,,82850,13,,,1,97,,82885,13,,,1,47,,82890,13,,,1,88,,82866,13,,,1,84,,82862,13,,,1,28,,82883,13,,,1,70,,82859,13,,,1,30,,82882,13,,,1,70,,82873,13,,,1,30,,82867,13,,,1,71,,82875,13,,,1,30,,82858,13,,,1,70,,82886,13,,,1,30,,82849,13,,,1,70,,82880,13,,,1,14,,82851,13,,,1,18,,82884,13,,,1,71,,82844,13,,,1,14,,82888,13,,,1,15,,82843,13,,,1,8,,82878,13,,,1,56,,82874,13,,,1,7,,82887,8,,,1,6,,82861,13,,,1,13,,82845,13,,,1,6,,82889,8,,,1,6,,82846,13,,,1,52,,82854,13,,,1,10,,82881,13,,,1,12,,82870,13,,,1,11,,82857,13,,,1,9,,82879,13,,,1,12,,82865,13,,,1,52,,82877,13,,,1,9,,82847,13,,,1,10,,82852,13,,,1,71,,82872,13,,,1,30,,82863,13,,,1,70,,82868,13,,,1,29,,82856,13,,,1,30,,82864,13,,,1,70,,82869,13,,,1,30,,82876,13,,,1,70,,82853,13,,,1,30,,82871,13,,,1,69,,82860,13,,,1,30,,82848,13,,,1,69,,82855,13,,,1
5900,'Semaine-12',603,,82898,13,,,1,97,,82933,13,,,1,47,,82938,13,,,1,88,,82914,13,,,1,84,,82910,13,,,1,28,,82931,13,,,1,70,,82907,13,,,1,30,,82930,13,,,1,70,,82921,13,,,1,30,,82915,13,,,1,71,,82923,13,,,1,30,,82906,13,,,1,70,,82934,13,,,1,30,,82897,13,,,1,70,,82928,13,,,1,14,,82899,13,,,1,18,,82932,13,,,1,71,,82892,13,,,1,14,,82936,13,,,1,15,,82891,13,,,1,8,,82926,13,,,1,56,,82922,13,,,1,7,,82935,8,,,1,6,,82909,13,,,1,13,,82893,13,,,1,6,,82937,8,,,1,6,,82894,13,,,1,52,,82902,13,,,1,10,,82929,13,,,1,12,,82918,13,,,1,11,,82905,13,,,1,9,,82927,13,,,1,12,,82913,13,,,1,52,,82925,13,,,1,9,,82895,13,,,1,10,,82900,13,,,1,71,,82920,13,,,1,30,,82911,13,,,1,70,,82916,13,,,1,29,,82904,13,,,1,30,,82912,13,,,1,70,,82917,13,,,1,30,,82924,13,,,1,70,,82901,13,,,1,30,,82919,13,,,1,69,,82908,13,,,1,30,,82896,13,,,1,69,,82903,13,,,1
32900,'Semaine-1',808,,85907,5,0,7 8,1
32900,'Semaine-12',808,,85908,5,0,7 8,1
65500,'Semaine-1',716,,86863,6,0,9 10,1
65500,'Semaine-12',716,,86864,6,0,9 10,1
72900,'Semaine-1',1627,,86873,10,0,5 11,2
72900,'Semaine-12',1627,,86874,10,0,5 11,2
74000,'Semaine-1',1624,,86880,9,0,5 11,1
74000,'Semaine-12',1624,,86882,9,0,5 11,1
80001,'Samedi-1',626,,87007,15,,,1,101,,87009,15,,,1,101,,87010,15,,,1,100,,87013,15,,,1,100,,87008,15,,,1,100,,87011,15,,,1,101,,87014,15,,,1,100,,87012,15,,,1,100,,87015,15,,,1,100,,87016,15,,,1,100,,87017,15,,,2,102,,87018,15,,,1,98,,87021,15,,,1,99,,87019,15,,,1,100,,87020,15,,,1,100,,87022,15,,,1,99,,87023,15,,,1
80001,'Samedi-10',626,,79670,15,,,1,101,,79672,15,,,1,101,,79673,15,,,1,100,,79676,15,,,1,100,,79671,15,,,1,100,,79674,15,,,1,101,,79677,15,,,1,100,,79675,15,,,1,100,,79678,15,,,1,100,,79679,15,,,1,100,,79680,15,,,2,102,,79681,15,,,1,98,,79684,15,,,1,99,,79682,15,,,1,100,,79683,15,,,1,100,,79685,15,,,1,99,,79686,15,,,1
80001,'Dimanche-1',626,,87024,15,,,1,101,,87026,15,,,1,101,,87028,15,,,1,100,,87025,15,,,1,100,,87027,15,,,1,100,,87029,15,,,1,101,,87030,15,,,1,100,,87031,15,,,1,100,,87034,15,,,1,100,,87032,15,,,1,100,,87033,15,,,2,102,,87036,15,,,1,98,,87037,15,,,1,99,,87035,15,,,1,100,,87038,15,,,1,100,,87039,15,,,1,99,,87040,15,,,1
80001,'Semaine-1',618,,87062,15,,,1,28,,87055,15,,,1,71,,87063,15,,,1,29,,87047,15,,,1,75,,87045,15,,,1,29,,87052,15,,,1,66,,87058,15,,,1,30,,87070,15,,,1,70,,87061,15,,,2,30,,87053,15,,,1,70,,87067,15,,,1,30,,87041,15,,,1,70,,87075,15,,,1,29,,87073,15,,,1,74,,87043,15,,,1,30,,87066,15,,,1,70,,87057,15,,,1,30,,87064,15,,,1,73,,87074,15,,,1,29,,87059,15,,,1,57,,87069,15,,,1,22,,87071,15,,,1,24,,87068,15,,,1,67,,87060,15,,,1,30,,87050,15,,,1,68,,87048,15,,,1,28,,87042,15,,,1,69,,87072,15,,,1,32,,87054,15,,,1,67,,87051,15,,,1,30,,87056,15,,,1,69,,87044,15,,,1,30,,87065,15,,,1,74,,87046,15,,,1,32,,87049,15,,,1
80001,'Semaine-12',618,,87097,15,,,1,28,,87090,15,,,1,71,,87098,15,,,1,29,,87082,15,,,1,75,,87080,15,,,1,29,,87087,15,,,1,66,,87093,15,,,1,30,,87105,15,,,1,70,,87096,15,,,2,30,,87088,15,,,1,70,,87102,15,,,1,30,,87076,15,,,1,70,,87110,15,,,1,29,,87108,15,,,1,74,,87078,15,,,1,30,,87101,15,,,1,70,,87092,15,,,1,30,,87099,15,,,1,73,,87109,15,,,1,29,,87094,15,,,1,57,,87104,15,,,1,22,,87106,15,,,1,24,,87103,15,,,1,67,,87095,15,,,1,30,,87085,15,,,1,68,,87083,15,,,1,28,,87077,15,,,1,69,,87107,15,,,1,32,,87089,15,,,1,67,,87086,15,,,1,30,,87091,15,,,1,69,,87079,15,,,1,30,,87100,15,,,1,74,,87081,15,,,1,32,,87084,15,,,1
82900,'Semaine-1',1533,,87134,10,0,9 12 13,1
82900,'Semaine-12',1533,,87137,10,0,9 12 13,1
