4500,'Semaine-1',1531,,81964,41,,,1,76,,81959,41,,,1,30,,81960,41,,,1,72,,81962,41,,,1,27,,81963,41,,,1,65,,81961,41,,,2
4500,'Semaine-12',1531,,81970,41,,,1,76,,81965,41,,,1,30,,81966,41,,,1,72,,81968,41,,,1,27,,81969,41,,,1,65,,81967,41,,,2
4700,'Semaine-1',1552,,81983,36,,,1,102,,81984,36,,,1,96,,81985,36,,,2
4700,'Semaine-12',1552,,81986,36,,,1,102,,81987,36,,,1,96,,81988,36,,,2
5200,'Samedi-1',644,,82231,27,,,1,100,,82232,27,,,1,100,,82233,27,,,1,101,,82234,27,,,1,100,,82235,27,,,1,101,,82236,27,,,1,100,,82237,27,,,1,100,,82238,27,,,1,99,,82239,27,,,1,101,,82240,27,,,1,100,,82241,27,,,1,100,,82242,27,,,1,99,,82243,27,,,1,100,,82246,27,,,1,100,,82244,27,,,1,99,,82245,27,,,1,98,,82247,27,,,1,100,,82248,27,,,1
5200,'Samedi-10',644,,70287,27,,,1,100,,70288,27,,,1,100,,70289,27,,,1,101,,70290,27,,,1,100,,70291,27,,,1,101,,70292,27,,,1,100,,70293,27,,,1,100,,70294,27,,,1,99,,70295,27,,,1,101,,70296,27,,,1,100,,70297,27,,,1,100,,70298,27,,,1,99,,70299,27,,,1,100,,70302,27,,,1,100,,70300,27,,,1,99,,70301,27,,,1,98,,70303,27,,,1,100,,70304,27,,,1
5200,'Dimanche-1',644,,82250,27,,,1,100,,82249,27,,,1,100,,82251,27,,,1,101,,82254,27,,,1,100,,82252,27,,,1,101,,82253,27,,,1,100,,82257,27,,,1,100,,82256,27,,,1,99,,82258,27,,,1,101,,82255,27,,,1,100,,82259,27,,,1,100,,82261,27,,,1,99,,82262,27,,,1,100,,82260,27,,,1,100,,82263,27,,,1,99,,82264,27,,,1,98,,82265,27,,,1,100,,82266,27,,,1
5200,'Semaine-1',615,,82270,27,,,1,98,,82272,27,,,1,108,,82267,27,,,1,97,,82283,27,,,1,97,,82281,27,,,1,101,,82268,27,,,1,100,,82275,27,,,1,100,,82274,27,,,1,100,,82271,27,,,1,101,,82269,27,,,1,108,,82273,27,,,1,100,,82284,27,,,1,107,,82282,27,,,1,99,,82276,27,,,1,84,,82280,27,,,1,100,,82279,27,,,1,100,,82277,27,,,1,100,,82278,27,,,1
5200,'Semaine-12',615,,82288,27,,,1,98,,82290,27,,,1,108,,82285,27,,,1,97,,82301,27,,,1,97,,82299,27,,,1,101,,82286,27,,,1,100,,82293,27,,,1,100,,82292,27,,,1,100,,82289,27,,,1,101,,82287,27,,,1,108,,82291,27,,,1,100,,82302,27,,,1,107,,82300,27,,,1,99,,82294,27,,,1,84,,82298,27,,,1,100,,82297,27,,,1,100,,82295,27,,,1,100,,82296,27,,,1
5601,'Semaine-1',1244,,82735,38,,,1,102,,82732,38,,,1,100,,82731,38,,,1,103,,82734,38,,,2,104,,82733,38,,,1,99,,82736,38,,,1,94,,82737,38,,,1
5601,'Semaine-12',1244,,82742,38,,,1,102,,82739,38,,,1,100,,82738,38,,,1,103,,82741,38,,,2,104,,82740,38,,,1,99,,82743,38,,,1,94,,82744,38,,,1
64500,'Semaine-1',716,,86851,18,0,9 10,1
64500,'Semaine-12',716,,86852,18,0,9 10,1
64700,'Semaine-1',718,,86855,13,0,9 10,1
64700,'Semaine-12',718,,86856,13,0,9 10,1
75200,'Semaine-1',717,,86888,11,0,9 18,1,2,,86887,11,0,9 18,2
75200,'Semaine-12',717,,86890,11,0,9 18,1,2,,86889,11,0,9 18,2
