3100,'Samedi-1',706,,80085,10,,,1,105,,80086,10,,,1,101,,80087,10,,,1,101,,80088,10,,,1,102,,80089,10,,,1,100,,80090,10,,,1,101,,80091,10,,,1,100,,80092,10,,,1,100,,80093,10,,,1,102,,80094,10,,,1,100,,80095,10,,,1,100,,80096,10,,,1,95,,80097,10,,,1,100,,80098,10,,,1,100,,80099,10,,,1,100,,80100,10,,,1,101,,80101,10,,,1,101,,80102,10,,,1,100,,80103,10,,,1
3100,'Samedi-10',706,,66103,10,,,1,105,,66104,10,,,1,101,,66105,10,,,1,101,,66106,10,,,1,102,,66107,10,,,1,100,,66108,10,,,1,101,,66109,10,,,1,100,,66110,10,,,1,100,,66111,10,,,1,102,,66112,10,,,1,100,,66113,10,,,1,100,,66114,10,,,1,95,,66115,10,,,1,100,,66116,10,,,1,100,,66117,10,,,1,100,,66118,10,,,1,101,,66119,10,,,1,101,,66120,10,,,1,100,,66121,10,,,1
3100,'Dimanche-1',706,,80108,10,,,1,105,,80110,10,,,1,101,,80109,10,,,1,101,,80117,10,,,1,102,,80112,10,,,1,100,,80104,10,,,1,101,,80107,10,,,1,100,,80106,10,,,1,100,,80105,10,,,1,102,,80111,10,,,1,100,,80113,10,,,1,100,,80114,10,,,1,95,,80116,10,,,1,100,,80115,10,,,1,100,,80118,10,,,1,100,,80119,10,,,1,101,,80120,10,,,1,101,,80121,10,,,1,100,,80122,10,,,1
3100,'Semaine-1',614,,80127,10,,,1,42,,80160,10,,,1,61,,80140,10,,,1,21,,80128,10,,,1,15,,80165,10,,,1,61,,80162,10,,,1,21,,80124,10,,,1,18,,80137,10,,,1,63,,80138,10,,,1,9,,80129,10,,,1,24,,80131,10,,,1,60,,80148,10,,,1,27,,80149,10,,,1,71,,80130,10,,,1,30,,80135,10,,,1,70,,80154,10,,,1,30,,80151,10,,,1,17,,80132,10,,,1,53,,80125,10,,,1,19,,80159,10,,,1,20,,80163,10,,,1,58,,80150,10,,,1,29,,80133,10,,,1,21,,80153,10,,,1,49,,80155,10,,,1,35,,80161,10,,,1,64,,80152,10,,,1,18,,80134,10,,,1,19,,80145,10,,,1,63,,80147,10,,,1,22,,80136,10,,,1,17,,80123,10,,,1,15,,80126,10,,,1,50,,80157,10,,,1,29,,80164,10,,,1,12,,80142,10,,,1,60,,80158,10,,,1,106,,80143,10,,,1,100,,80139,10,,,1,100,,80144,10,,,1,100,,80146,10,,,1,100,,80156,10,,,1,100,,80141,10,,,1
3100,'Semaine-12',614,,80170,10,,,1,42,,80203,10,,,1,61,,80183,10,,,1,21,,80171,10,,,1,15,,80208,10,,,1,61,,80205,10,,,1,21,,80167,10,,,1,18,,80180,10,,,1,63,,80181,10,,,1,9,,80172,10,,,1,24,,80174,10,,,1,60,,80191,10,,,1,27,,80192,10,,,1,71,,80173,10,,,1,30,,80178,10,,,1,70,,80197,10,,,1,30,,80194,10,,,1,17,,80175,10,,,1,53,,80168,10,,,1,19,,80202,10,,,1,20,,80206,10,,,1,58,,80193,10,,,1,29,,80176,10,,,1,21,,80196,10,,,1,49,,80198,10,,,1,35,,80204,10,,,1,64,,80195,10,,,1,18,,80177,10,,,1,19,,80188,10,,,1,63,,80190,10,,,1,22,,80179,10,,,1,17,,80166,10,,,1,15,,80169,10,,,1,50,,80200,10,,,1,29,,80207,10,,,1,12,,80185,10,,,1,60,,80201,10,,,1,106,,80186,10,,,1,100,,80182,10,,,1,100,,80187,10,,,1,100,,80189,10,,,1,100,,80199,10,,,1,100,,80184,10,,,1
3501,'Semaine-1',603,,81121,31,,,1,40,,81099,32,,,2,61,,81129,32,,,1,24,,81130,43,,,1,14,,81118,32,,,1,61,,81123,43,,,1,19,,81102,32,,,1,24,,81119,32,,,1,62,,81124,32,,,1,30,,81106,31,,,1,67,,81108,31,,,1,33,,81101,31,,,1,68,,81105,31,,,1,30,,81114,31,,,2,72,,81100,31,,,1,30,,81112,31,,,1,70,,81113,31,,,2,30,,81116,31,,,1,70,,81104,31,,,2,30,,81125,31,,,2,70,,81115,31,,,1,36,,81103,31,,,1,71,,81127,31,,,1,28,,81122,31,,,1,71,,81107,31,,,1,26,,81110,31,,,1,68,,81128,31,,,1,28,,81117,31,,,1,100,,81111,31,,,1,100,,81109,31,,,1,100,,81126,31,,,1,100,,81120,31,,,1
3501,'Semaine-12',603,,81153,31,,,1,40,,81131,32,,,2,61,,81161,32,,,1,24,,81162,43,,,1,14,,81150,32,,,1,61,,81155,43,,,1,19,,81134,32,,,1,24,,81151,32,,,1,62,,81156,32,,,1,30,,81138,31,,,1,67,,81140,31,,,1,33,,81133,31,,,1,68,,81137,31,,,1,30,,81146,31,,,2,72,,81132,31,,,1,30,,81144,31,,,1,70,,81145,31,,,2,30,,81148,31,,,1,70,,81136,31,,,2,30,,81157,31,,,2,70,,81147,31,,,1,36,,81135,31,,,1,71,,81159,31,,,1,28,,81154,31,,,1,71,,81139,31,,,1,26,,81142,31,,,1,68,,81160,31,,,1,28,,81149,31,,,1,100,,81143,31,,,1,100,,81141,31,,,1,100,,81158,31,,,1,100,,81152,31,,,1
6700,'Samedi-1',714,,83839,10,,,1,101,,83838,10,,,1,100,,83837,10,,,1,30,,83833,10,,,1,70,,83841,10,,,1,30,,83834,10,,,1,70,,83835,10,,,1,31,,83840,10,,,1,70,,83845,10,,,1,30,,83836,10,,,1,69,,83844,10,,,1,31,,83842,10,,,1,70,,83843,10,,,1,30,,83846,10,,,1,71,,83847,10,,,1,30,,83848,10,,,1,70,,83849,10,,,1,29,,83850,10,,,1,70,,83851,10,,,1,30,,83852,10,,,1,70,,83853,10,,,1,29,,83854,10,,,1,70,,83855,10,,,1,30,,83856,10,,,1,100,,83860,10,,,1,100,,83857,10,,,1,100,,83858,10,,,1,99,,83859,10,,,1
6700,'Samedi-10',714,,73543,10,,,1,101,,73542,10,,,1,100,,73541,10,,,1,30,,73537,10,,,1,70,,73545,10,,,1,30,,73538,10,,,1,70,,73539,10,,,1,31,,73544,10,,,1,70,,73549,10,,,1,30,,73540,10,,,1,69,,73548,10,,,1,31,,73546,10,,,1,70,,73547,10,,,1,30,,73550,10,,,1,71,,73551,10,,,1,30,,73552,10,,,1,70,,73553,10,,,1,29,,73554,10,,,1,70,,73555,10,,,1,30,,73556,10,,,1,70,,73557,10,,,1,29,,73558,10,,,1,70,,73559,10,,,1,30,,73560,10,,,1,100,,73564,10,,,1,100,,73561,10,,,1,100,,73562,10,,,1,99,,73563,10,,,1
6700,'Dimanche-1',714,,83867,10,,,1,101,,83863,10,,,1,100,,83862,10,,,1,30,,83868,10,,,1,70,,83871,10,,,1,30,,83873,10,,,1,70,,83877,10,,,1,31,,83876,10,,,1,70,,83861,10,,,1,30,,83865,10,,,1,69,,83864,10,,,1,31,,83869,10,,,1,70,,83874,10,,,1,30,,83875,10,,,1,71,,83870,10,,,1,30,,83866,10,,,1,70,,83872,10,,,1,29,,83881,10,,,1,70,,83878,10,,,1,30,,83883,10,,,1,70,,83884,10,,,1,29,,83879,10,,,1,70,,83882,10,,,1,30,,83880,10,,,1,100,,83885,10,,,1,100,,83886,10,,,1,100,,83887,10,,,1,99,,83888,10,,,1
6700,'Semaine-1',613,,83897,10,,,1,31,,83891,10,,,1,70,,83899,10,,,1,23,,83908,10,,,1,21,,83892,10,,,1,58,,83917,10,,,1,29,,83902,10,,,1,70,,83910,10,,,1,20,,83900,10,,,1,18,,83920,10,,,1,60,,83918,10,,,1,21,,83905,10,,,2,20,,83921,10,,,1,60,,83911,10,,,1,20,,83914,10,,,1,20,,83922,10,,,1,60,,83919,10,,,1,20,,83906,10,,,1,20,,83923,10,,,1,60,,83912,10,,,1,20,,83915,10,,,1,20,,83924,10,,,1,60,,83904,10,,,1,20,,83907,10,,,1,21,,83925,10,,,1,365,,83927,10,,,1,15,,83901,10,,,1,19,,83926,10,,,1,59,,83909,10,,,1,30,,83889,10,,,1,72,,83913,10,,,1,28,,83893,10,,,2,70,,83916,10,,,2,30,,83890,10,,,1,70,,83898,10,,,1,30,,83894,10,,,2,72,,83903,10,,,1,27,,83896,10,,,1,70,,83895,10,,,2
6700,'Semaine-12',613,,83936,10,,,1,31,,83930,10,,,1,70,,83938,10,,,1,23,,83947,10,,,1,21,,83931,10,,,1,58,,83956,10,,,1,29,,83941,10,,,1,70,,83949,10,,,1,20,,83939,10,,,1,18,,83959,10,,,1,60,,83957,10,,,1,21,,83944,10,,,2,20,,83960,10,,,1,60,,83950,10,,,1,20,,83953,10,,,1,20,,83961,10,,,1,60,,83958,10,,,1,20,,83945,10,,,1,20,,83962,10,,,1,60,,83951,10,,,1,20,,83954,10,,,1,20,,83963,10,,,1,60,,83943,10,,,1,20,,83946,10,,,1,21,,83964,10,,,1,365,,83966,10,,,1,15,,83940,10,,,1,19,,83965,10,,,1,59,,83948,10,,,1,30,,83928,10,,,1,72,,83952,10,,,1,28,,83932,10,,,2,70,,83955,10,,,2,30,,83929,10,,,1,70,,83937,10,,,1,30,,83933,10,,,2,72,,83942,10,,,1,27,,83935,10,,,1,70,,83934,10,,,2
43701,'Semaine-1',1529,,86788,40,0,9 14,1
43701,'Semaine-12',1529,,86790,40,0,9 14,1
