4500,'Semaine-1',1532,,81964,42,,,1,76,,81959,42,,,1,30,,81960,42,,,1,72,,81962,42,,,1,27,,81963,42,,,1,65,,81961,42,,,2
4500,'Semaine-12',1532,,81970,42,,,1,76,,81965,42,,,1,30,,81966,42,,,1,72,,81968,42,,,1,27,,81969,42,,,1,65,,81967,42,,,2
5200,'Samedi-1',645,,82231,28,,,1,100,,82232,28,,,1,100,,82233,28,,,1,101,,82234,28,,,1,100,,82235,28,,,1,101,,82236,28,,,1,100,,82237,28,,,1,100,,82238,28,,,1,99,,82239,28,,,1,101,,82240,28,,,1,100,,82241,28,,,1,100,,82242,28,,,1,99,,82243,28,,,1,100,,82246,28,,,1,100,,82244,28,,,1,99,,82245,28,,,1,98,,82247,28,,,1,100,,82248,28,,,1
5200,'Samedi-10',645,,70287,28,,,1,100,,70288,28,,,1,100,,70289,28,,,1,101,,70290,28,,,1,100,,70291,28,,,1,101,,70292,28,,,1,100,,70293,28,,,1,100,,70294,28,,,1,99,,70295,28,,,1,101,,70296,28,,,1,100,,70297,28,,,1,100,,70298,28,,,1,99,,70299,28,,,1,100,,70302,28,,,1,100,,70300,28,,,1,99,,70301,28,,,1,98,,70303,28,,,1,100,,70304,28,,,1
5200,'Dimanche-1',645,,82250,28,,,1,100,,82249,28,,,1,100,,82251,28,,,1,101,,82254,28,,,1,100,,82252,28,,,1,101,,82253,28,,,1,100,,82257,28,,,1,100,,82256,28,,,1,99,,82258,28,,,1,101,,82255,28,,,1,100,,82259,28,,,1,100,,82261,28,,,1,99,,82262,28,,,1,100,,82260,28,,,1,100,,82263,28,,,1,99,,82264,28,,,1,98,,82265,28,,,1,100,,82266,28,,,1
5200,'Semaine-1',616,,82270,28,,,1,98,,82272,28,,,1,108,,82267,28,,,1,97,,82283,28,,,1,97,,82281,28,,,1,101,,82268,28,,,1,100,,82275,28,,,1,100,,82274,28,,,1,100,,82271,28,,,1,101,,82269,28,,,1,108,,82273,28,,,1,100,,82284,28,,,1,107,,82282,28,,,1,99,,82276,28,,,1,84,,82280,28,,,1,100,,82279,28,,,1,100,,82277,28,,,1,100,,82278,28,,,1
5200,'Semaine-12',616,,82288,28,,,1,98,,82290,28,,,1,108,,82285,28,,,1,97,,82301,28,,,1,97,,82299,28,,,1,101,,82286,28,,,1,100,,82293,28,,,1,100,,82292,28,,,1,100,,82289,28,,,1,101,,82287,28,,,1,108,,82291,28,,,1,100,,82302,28,,,1,107,,82300,28,,,1,99,,82294,28,,,1,84,,82298,28,,,1,100,,82297,28,,,1,100,,82295,28,,,1,100,,82296,28,,,1
5601,'Semaine-1',1245,,82735,39,,,1,102,,82732,39,,,1,100,,82731,39,,,1,103,,82734,39,,,2,104,,82733,39,,,1,99,,82736,39,,,1,94,,82737,39,,,1
5601,'Semaine-12',1245,,82742,39,,,1,102,,82739,39,,,1,100,,82738,39,,,1,103,,82741,39,,,2,104,,82740,39,,,1,99,,82743,39,,,1,94,,82744,39,,,1
64500,'Semaine-1',717,,86851,19,0,9 10,1
64500,'Semaine-12',717,,86852,19,0,9 10,1
75200,'Semaine-1',718,,86888,12,0,9 18,1,2,,86887,12,0,9 18,2
75200,'Semaine-12',718,,86890,12,0,9 18,1,2,,86889,12,0,9 18,2
