6400,'Samedi-1',743,,83307,20,,,1,100,,83309,20,,,1,100,,83312,20,,,1,100,,83310,20,,,1,100,,83313,20,,,1,100,,83308,20,,,1,100,,83311,20,,,1,100,,83314,20,,,1,99,,83315,20,,,1,100,,83316,20,,,1,100,,83317,20,,,1,100,,83318,20,,,1
6400,'Samedi-10',743,,72456,20,,,1,100,,72458,20,,,1,100,,72461,20,,,1,100,,72459,20,,,1,100,,72462,20,,,1,100,,72457,20,,,1,100,,72460,20,,,1,100,,72463,20,,,1,99,,72464,20,,,1,100,,72465,20,,,1,100,,72466,20,,,1,100,,72467,20,,,1
6400,'Dimanche-1',743,,83320,20,,,1,100,,83321,20,,,1,100,,83326,20,,,1,100,,83324,20,,,1,100,,83319,20,,,1,100,,83322,20,,,1,100,,83323,20,,,1,100,,83327,20,,,1,99,,83325,20,,,1,100,,83329,20,,,1,100,,83330,20,,,1,100,,83328,20,,,1
6400,'Semaine-1',655,,83339,20,,,1,74,,83336,20,,,1,30,,83331,20,,,1,70,,83335,20,,,1,100,,83337,20,,,1,100,,83342,20,,,1,100,,83341,20,,,1,100,,83334,20,,,1,100,,83347,20,,,1,100,,83343,20,,,1,95,,83344,20,,,1,85,,83349,20,,,1,47,,83348,20,,,1,101,,83345,20,,,1,95,,83346,20,,,1,100,,83338,20,,,2,100,,83332,20,,,2,100,,83340,20,,,1,100,,83333,20,,,1
6400,'Semaine-12',655,,83358,20,,,1,74,,83355,20,,,1,30,,83350,20,,,1,70,,83354,20,,,1,100,,83356,20,,,1,100,,83361,20,,,1,100,,83360,20,,,1,100,,83353,20,,,1,100,,83366,20,,,1,100,,83362,20,,,1,95,,83363,20,,,1,85,,83368,20,,,1,47,,83367,20,,,1,101,,83364,20,,,1,95,,83365,20,,,1,100,,83357,20,,,2,100,,83351,20,,,2,100,,83359,20,,,1,100,,83352,20,,,1
6600,'Samedi-1',723,,83633,19,,,1,100,,83636,19,,,1,100,,83634,19,,,1,100,,83637,19,,,1,100,,83631,19,,,1,100,,83632,19,,,1,100,,83635,19,,,1,100,,83638,19,,,1,100,,83639,19,,,1,100,,83640,19,,,1,100,,83641,19,,,1,100,,83642,19,,,1,100,,83644,19,,,1,100,,83643,19,,,1,100,,83645,19,,,1,100,,83646,19,,,1,100,,83647,19,,,1
6600,'Samedi-10',723,,73120,19,,,1,100,,73123,19,,,1,100,,73121,19,,,1,100,,73124,19,,,1,100,,73118,19,,,1,100,,73119,19,,,1,100,,73122,19,,,1,100,,73125,19,,,1,100,,73126,19,,,1,100,,73127,19,,,1,100,,73128,19,,,1,100,,73129,19,,,1,100,,73131,19,,,1,100,,73130,19,,,1,100,,73132,19,,,1,100,,73133,19,,,1,100,,73134,19,,,1
6600,'Dimanche-1',723,,83652,19,,,1,100,,83653,19,,,1,100,,83654,19,,,1,100,,83648,19,,,1,100,,83649,19,,,1,100,,83650,19,,,1,100,,83651,19,,,1,100,,83656,19,,,1,100,,83655,19,,,1,100,,83659,19,,,1,100,,83657,19,,,1,100,,83661,19,,,1,100,,83658,19,,,1,100,,83660,19,,,1,100,,83662,19,,,1,100,,83663,19,,,1,100,,83664,19,,,1
6600,'Semaine-1',609,,83675,19,,,2,20,,83681,19,,,2,20,,83676,19,,,1,63,,83668,19,,,2,19,,83680,19,,,1,19,,83673,19,,,1,61,,83687,19,,,1,18,,83667,19,,,1,18,,83678,19,,,1,60,,83688,19,,,1,100,,83677,19,,,1,100,,83669,19,,,1,100,,83692,19,,,1,100,,83693,19,,,1,101,,83679,19,,,2,100,,83689,19,,,1,23,,83682,19,,,1,22,,83665,19,,,1,60,,83684,19,,,1,18,,83690,19,,,1,20,,83695,19,,,1,59,,83666,19,,,2,24,,83685,19,,,2,20,,83683,19,,,1,58,,83671,19,,,1,22,,83691,19,,,2,94,,83672,19,,,2,100,,83670,19,,,1,97,,83674,19,,,1,100,,83686,19,,,1,100,,83694,19,,,1
6600,'Semaine-12',609,,83706,19,,,2,20,,83712,19,,,2,20,,83707,19,,,1,63,,83699,19,,,2,19,,83711,19,,,1,19,,83704,19,,,1,61,,83718,19,,,1,18,,83698,19,,,1,18,,83709,19,,,1,60,,83719,19,,,1,100,,83708,19,,,1,100,,83700,19,,,1,100,,83723,19,,,1,100,,83724,19,,,1,101,,83710,19,,,2,100,,83720,19,,,1,23,,83713,19,,,1,22,,83696,19,,,1,60,,83715,19,,,1,18,,83721,19,,,1,20,,83726,19,,,1,59,,83697,19,,,2,24,,83716,19,,,2,20,,83714,19,,,1,58,,83702,19,,,1,22,,83722,19,,,2,94,,83703,19,,,2,100,,83701,19,,,1,97,,83705,19,,,1,100,,83717,19,,,1,100,,83725,19,,,1
56600,'Semaine-1',1602,,86817,57,0,5 6,1
56600,'Semaine-12',1602,,86818,57,0,5 6,1
