1501,'Semaine-1',708,,79943,16,4,,1
1501,'Semaine-12',708,,79944,16,4,,1
6401,'Samedi-1',741,,83372,44,4,,1,100,,83369,44,4,,1,100,,83371,44,4,,1,100,,83374,44,4,,1,100,,83370,44,4,,1,100,,83375,44,4,,1,100,,83373,44,4,,1,100,,83376,44,4,,1,100,,83377,44,4,,1,100,,83378,44,4,,1,100,,83379,44,4,,1
6401,'Samedi-10',741,,72587,44,4,,1,100,,72584,44,4,,1,100,,72586,44,4,,1,100,,72589,44,4,,1,100,,72585,44,4,,1,100,,72590,44,4,,1,100,,72588,44,4,,1,100,,72591,44,4,,1,100,,72592,44,4,,1,100,,72593,44,4,,1,100,,72594,44,4,,1
6401,'Dimanche-1',741,,83384,44,4,,1,100,,83381,44,4,,1,100,,83387,44,4,,1,100,,83388,44,4,,1,100,,83385,44,4,,1,100,,83380,44,4,,1,100,,83382,44,4,,1,100,,83383,44,4,,1,100,,83389,44,4,,1,100,,83386,44,4,,1,100,,83390,44,4,,1
6401,'Semaine-1',540,,83391,44,4,,2,108,,83401,44,4,,2,100,,83403,44,4,,1,100,,83400,44,4,,1,97,,83408,44,4,,1,100,,83395,44,4,,1,100,,83394,44,4,,1,100,,83406,44,4,,1,100,,83402,44,4,,2,100,,83404,44,4,,1,100,,83405,44,4,,1,102,,83396,44,4,,1,98,,83392,44,4,,1,100,,83393,44,4,,1,97,,83399,44,4,,1,100,,83397,44,4,,1,100,,83398,44,4,,1,100,,83407,44,4,,1
6401,'Semaine-12',540,,83409,44,4,,2,108,,83419,44,4,,2,100,,83421,44,4,,1,100,,83418,44,4,,1,97,,83426,44,4,,1,100,,83413,44,4,,1,100,,83412,44,4,,1,100,,83424,44,4,,1,100,,83420,44,4,,2,100,,83422,44,4,,1,100,,83423,44,4,,1,102,,83414,44,4,,1,98,,83410,44,4,,1,100,,83411,44,4,,1,97,,83417,44,4,,1,100,,83415,44,4,,1,100,,83416,44,4,,1,100,,83425,44,4,,1
6601,'Samedi-1',707,,83727,45,4,,1,100,,83729,45,4,,1,100,,83733,45,4,,1,100,,83730,45,4,,1,100,,83734,45,4,,1,100,,83728,45,4,,1,100,,83731,45,4,,1,100,,83732,45,4,,1,100,,83735,45,4,,1,100,,83736,45,4,,1,100,,83737,45,4,,1,100,,83738,45,4,,1,100,,83739,45,4,,1,100,,83741,45,4,,1,100,,83740,45,4,,1,100,,83742,45,4,,1,100,,83743,45,4,,1,100,,83744,45,4,,1
6601,'Samedi-10',707,,73314,45,4,,1,100,,73316,45,4,,1,100,,73320,45,4,,1,100,,73317,45,4,,1,100,,73321,45,4,,1,100,,73315,45,4,,1,100,,73318,45,4,,1,100,,73319,45,4,,1,100,,73322,45,4,,1,100,,73323,45,4,,1,100,,73324,45,4,,1,100,,73325,45,4,,1,100,,73326,45,4,,1,100,,73328,45,4,,1,100,,73327,45,4,,1,100,,73329,45,4,,1,100,,73330,45,4,,1,100,,73331,45,4,,1
6601,'Dimanche-1',707,,83746,45,4,,1,100,,83750,45,4,,1,100,,83751,45,4,,1,100,,83752,45,4,,1,100,,83745,45,4,,1,100,,83747,45,4,,1,100,,83748,45,4,,1,100,,83749,45,4,,1,100,,83754,45,4,,1,100,,83753,45,4,,1,100,,83757,45,4,,1,100,,83755,45,4,,1,100,,83758,45,4,,1,100,,83756,45,4,,1,100,,83759,45,4,,1,100,,83760,45,4,,1,100,,83761,45,4,,1,100,,83762,45,4,,1
6601,'Semaine-1',558,,83772,45,4,,2,60,,83765,45,4,,1,18,,83774,45,4,,1,21,,83780,45,4,,2,60,,83775,45,4,,2,21,,83766,45,4,,1,63,,83778,45,4,,2,19,,83771,45,4,,1,18,,83787,45,4,,1,21,,83764,45,4,,1,59,,83777,45,4,,1,18,,83788,45,4,,1,20,,83796,45,4,,1,102,,83776,45,4,,1,100,,83768,45,4,,1,100,,83792,45,4,,1,100,,83793,45,4,,1,100,,83779,45,4,,2,62,,83767,45,4,,1,19,,83784,45,4,,2,19,,83781,45,4,,1,64,,83794,45,4,,1,22,,83763,45,4,,1,59,,83789,45,4,,1,20,,83782,45,4,,1,20,,83795,45,4,,1,58,,83785,45,4,,2,24,,83790,45,4,,2,20,,83783,45,4,,1,58,,83791,45,4,,1,19,,83797,45,4,,2,94,,83770,45,4,,2,100,,83769,45,4,,1,95,,83773,45,4,,1,100,,83786,45,4,,1
6601,'Semaine-12',558,,83807,45,4,,2,60,,83800,45,4,,1,18,,83809,45,4,,1,21,,83815,45,4,,2,60,,83810,45,4,,2,21,,83801,45,4,,1,63,,83813,45,4,,2,19,,83806,45,4,,1,18,,83822,45,4,,1,21,,83799,45,4,,1,59,,83812,45,4,,1,18,,83823,45,4,,1,20,,83831,45,4,,1,102,,83811,45,4,,1,100,,83803,45,4,,1,100,,83827,45,4,,1,100,,83828,45,4,,1,100,,83814,45,4,,2,62,,83802,45,4,,1,19,,83819,45,4,,2,19,,83816,45,4,,1,64,,83829,45,4,,1,22,,83798,45,4,,1,59,,83824,45,4,,1,20,,83817,45,4,,1,20,,83830,45,4,,1,58,,83820,45,4,,2,24,,83825,45,4,,2,20,,83818,45,4,,1,58,,83826,45,4,,1,19,,83832,45,4,,2,94,,83805,45,4,,2,100,,83804,45,4,,1,95,,83808,45,4,,1,100,,83821,45,4,,1
6901,'Samedi-1',824,,84287,25,4,,1,100,,84288,25,4,,1,100,,84289,25,4,,1,100,,84290,25,4,,1,100,,84292,25,4,,1,100,,84291,25,4,,1,100,,84293,25,4,,1,100,,84294,25,4,,1,100,,84295,25,4,,1,100,,84296,25,4,,1,100,,84297,25,4,,1,100,,84298,25,4,,1,100,,84299,25,4,,1,100,,84300,25,4,,1,100,,84301,25,4,,1
6901,'Samedi-10',824,,74415,25,4,,1,100,,74416,25,4,,1,100,,74417,25,4,,1,100,,74418,25,4,,1,100,,74420,25,4,,1,100,,74419,25,4,,1,100,,74421,25,4,,1,100,,74422,25,4,,1,100,,74423,25,4,,1,100,,74424,25,4,,1,100,,74425,25,4,,1,100,,74426,25,4,,1,100,,74427,25,4,,1,100,,74428,25,4,,1,100,,74429,25,4,,1
6901,'Dimanche-1',824,,84306,25,4,,1,100,,84307,25,4,,1,100,,84308,25,4,,1,100,,84309,25,4,,1,100,,84302,25,4,,1,100,,84305,25,4,,1,100,,84303,25,4,,1,100,,84304,25,4,,1,100,,84312,25,4,,1,100,,84313,25,4,,1,100,,84310,25,4,,1,100,,84311,25,4,,1,100,,84314,25,4,,1,100,,84315,25,4,,1,100,,84316,25,4,,1
6901,'Semaine-1',556,,84317,25,4,,1,70,,84318,25,4,,1,30,,84319,25,4,,2,70,,84320,25,4,,1,76,,84321,25,4,,1,20,,84322,25,4,,1,28,,84323,25,4,,1,58,,84324,25,4,,1,103,,84325,25,4,,1,99,,84326,25,4,,2,101,,84327,25,4,,2,95,,84328,25,4,,2,104,,84329,25,4,,1,101,,84330,25,4,,1,99,,84331,25,4,,2,103,,84332,25,4,,2,101,,84333,25,4,,1,37,,84334,25,4,,1,100,,84335,25,4,,1,100,,84336,25,4,,2,100,,84337,25,4,,2,100,,84338,25,4,,2
6901,'Semaine-12',556,,84339,25,4,,1,70,,84340,25,4,,1,30,,84341,25,4,,2,70,,84342,25,4,,1,76,,84343,25,4,,1,20,,84344,25,4,,1,28,,84345,25,4,,1,58,,84346,25,4,,1,103,,84347,25,4,,1,99,,84348,25,4,,2,101,,84349,25,4,,2,95,,84350,25,4,,2,104,,84351,25,4,,1,101,,84352,25,4,,1,99,,84353,25,4,,2,103,,84354,25,4,,2,101,,84355,25,4,,1,37,,84356,25,4,,1,100,,84357,25,4,,1,100,,84358,25,4,,2,100,,84359,25,4,,2,100,,84360,25,4,,2
56901,'Semaine-1',711,,86823,24,4,,1
56901,'Semaine-12',711,,86824,24,4,,1
