2700,'Semaine-1',1626,,80039,43,,,1,30,,80037,43,,,2,67,,80041,43,,,1,28,,80038,43,,,2,69,,80040,43,,,2
2700,'Semaine-12',1626,,80044,43,,,1,30,,80042,43,,,2,67,,80046,43,,,1,28,,80043,43,,,2,69,,80045,43,,,2
3500,'Semaine-1',1540,,81044,52,,,2,112,,81049,52,,,1,70,,81053,52,,,1,93,,81036,52,,,1,92,,81063,52,,,1,126,,81042,52,,,1,100,,81056,52,,,1,100,,81060,52,,,1
3500,'Semaine-12',1540,,81079,52,,,2,112,,81084,52,,,1,70,,81088,52,,,1,93,,81071,52,,,1,92,,81098,52,,,1,126,,81077,52,,,1,100,,81091,52,,,1,100,,81095,52,,,1
33101,'Semaine-1',1633,,85913,24,0,7 8,1
33101,'Semaine-12',1633,,85914,24,0,7 8,1
43301,'Semaine-1',737,,86781,20,0,9 14,1
43301,'Semaine-12',737,,86782,20,0,9 14,1
82700,'Semaine-1',1546,,87128,33,0,9 12 13,2
82700,'Semaine-12',1546,,87129,33,0,9 12 13,2
