3601,'Semaine-1',836,,81179,3,,,1,91,,81177,3,,,1,100,,81180,3,,,1,100,,81178,3,,,1,99,,81183,3,,,1,100,,81182,3,,,1,101,,81181,3,,,1
3601,'Semaine-12',836,,81186,3,,,1,91,,81184,3,,,1,100,,81187,3,,,1,100,,81185,3,,,1,99,,81190,3,,,1,100,,81189,3,,,1,101,,81188,3,,,1
3701,'Samedi-1',643,,81286,3,,,1,100,,81291,3,,,1,100,,81285,3,,,1,100,,81290,3,,,1,100,,81287,3,,,1,100,,81288,3,,,1,100,,81292,3,,,1,99,,81289,3,,,1,100,,81293,3,,,1,100,,81294,3,,,1,100,,81295,3,,,1,102,,81296,3,,,1,100,,81297,3,,,1,100,,81298,3,,,1,100,,81299,3,,,1,100,,81300,3,,,1,101,,81301,3,,,1
3701,'Samedi-10',643,,68373,3,,,1,100,,68378,3,,,1,100,,68372,3,,,1,100,,68377,3,,,1,100,,68374,3,,,1,100,,68375,3,,,1,100,,68379,3,,,1,99,,68376,3,,,1,100,,68380,3,,,1,100,,68381,3,,,1,100,,68382,3,,,1,102,,68383,3,,,1,100,,68384,3,,,1,100,,68385,3,,,1,100,,68386,3,,,1,100,,68387,3,,,1,101,,68388,3,,,1
3701,'Dimanche-1',643,,81303,3,,,1,100,,81304,3,,,1,100,,81306,3,,,1,100,,81307,3,,,1,100,,81315,3,,,1,100,,81302,3,,,1,100,,81308,3,,,1,99,,81305,3,,,1,100,,81310,3,,,1,100,,81311,3,,,1,100,,81313,3,,,1,102,,81312,3,,,1,100,,81309,3,,,1,100,,81314,3,,,1,100,,81316,3,,,1,100,,81317,3,,,1,101,,81318,3,,,1
3701,'Semaine-1',510,,81332,3,,,1,29,,81330,3,,,1,75,,81334,3,,,1,30,,81324,3,,,1,71,,81341,3,,,1,16,,81321,3,,,1,14,,81342,3,,,1,69,,81323,3,,,1,99,,81340,3,,,1,100,,81328,3,,,1,100,,81322,3,,,1,100,,81320,3,,,1,100,,81325,3,,,1,100,,81336,3,,,1,98,,81319,3,,,1,30,,81335,3,,,1,71,,81338,3,,,1,29,,81333,3,,,1,72,,81339,3,,,1,30,,81343,3,,,1,85,,81327,3,,,1,100,,81337,3,,,1,100,,81329,3,,,1,102,,81326,3,,,1,96,,81331,3,,,1
3701,'Semaine-12',510,,81357,3,,,1,29,,81355,3,,,1,75,,81359,3,,,1,30,,81349,3,,,1,71,,81366,3,,,1,16,,81346,3,,,1,14,,81367,3,,,1,69,,81348,3,,,1,99,,81365,3,,,1,100,,81353,3,,,1,100,,81347,3,,,1,100,,81345,3,,,1,100,,81350,3,,,1,100,,81361,3,,,1,98,,81344,3,,,1,30,,81360,3,,,1,71,,81363,3,,,1,29,,81358,3,,,1,72,,81364,3,,,1,30,,81368,3,,,1,85,,81352,3,,,1,100,,81362,3,,,1,100,,81354,3,,,1,102,,81351,3,,,1,96,,81356,3,,,1
6401,'Samedi-1',712,,83372,3,,,1,100,,83369,3,,,1,100,,83371,3,,,1,100,,83374,3,,,1,100,,83370,3,,,1,100,,83375,3,,,1,100,,83373,3,,,1,100,,83376,3,,,1,100,,83377,3,,,1,100,,83378,3,,,1,100,,83379,3,,,1
6401,'Samedi-10',712,,72587,3,,,1,100,,72584,3,,,1,100,,72586,3,,,1,100,,72589,3,,,1,100,,72585,3,,,1,100,,72590,3,,,1,100,,72588,3,,,1,100,,72591,3,,,1,100,,72592,3,,,1,100,,72593,3,,,1,100,,72594,3,,,1
6401,'Dimanche-1',712,,83384,3,,,1,100,,83381,3,,,1,100,,83387,3,,,1,100,,83388,3,,,1,100,,83385,3,,,1,100,,83380,3,,,1,100,,83382,3,,,1,100,,83383,3,,,1,100,,83389,3,,,1,100,,83386,3,,,1,100,,83390,3,,,1
6401,'Semaine-1',511,,83391,3,,,2,108,,83401,3,,,2,100,,83403,3,,,1,100,,83400,3,,,1,93,,83408,3,,,1,100,,83395,3,,,1,100,,83394,3,,,1,100,,83406,3,,,1,100,,83402,3,,,2,99,,83404,3,,,1,100,,83405,3,,,1,102,,83396,3,,,1,98,,83392,3,,,1,100,,83393,3,,,1,100,,83399,3,,,1,100,,83397,3,,,1,100,,83398,3,,,1,100,,83407,3,,,1
6401,'Semaine-12',511,,83409,3,,,2,108,,83419,3,,,2,100,,83421,3,,,1,100,,83418,3,,,1,93,,83426,3,,,1,100,,83413,3,,,1,100,,83412,3,,,1,100,,83424,3,,,1,100,,83420,3,,,2,99,,83422,3,,,1,100,,83423,3,,,1,102,,83414,3,,,1,98,,83410,3,,,1,100,,83411,3,,,1,100,,83417,3,,,1,100,,83415,3,,,1,100,,83416,3,,,1,100,,83425,3,,,1
6800,'Semaine-1',601,,84102,3,,,1,30,,84112,3,,,1,69,,84110,3,,,1,31,,84119,3,,,1,70,,84116,3,,,1,30,,84093,3,,,1,70,,84117,3,,,1,30,,84094,3,,,1,70,,84099,3,,,1,30,,84118,3,,,1,70,,84104,3,,,1,30,,84097,3,,,1,75,,84114,3,,,1,32,,84095,3,0,17,1,3,,84105,3,,,1,70,,84113,3,,,1,30,,84106,3,,,1,70,,84100,3,,,1,29,,84103,3,,,1,18,,84111,3,,,1,60,,84121,3,,,1,24,,84107,3,,,1,60,,84115,3,,,1,20,,84109,3,,,1,20,,84123,3,,,1,59,,84120,3,,,1,10,,84108,3,,,1,10,,84122,3,,,1,20,,84096,3,,,1,70,,84101,3,,,1,30,,84098,3,,,1
6800,'Semaine-12',601,,84133,3,,,1,30,,84143,3,,,1,69,,84141,3,,,1,31,,84150,3,,,1,70,,84147,3,,,1,30,,84124,3,,,1,70,,84148,3,,,1,30,,84125,3,,,1,70,,84130,3,,,1,30,,84149,3,,,1,70,,84135,3,,,1,30,,84128,3,,,1,75,,84145,3,,,1,32,,84126,3,0,17,1,3,,84136,3,,,1,70,,84144,3,,,1,30,,84137,3,,,1,70,,84131,3,,,1,29,,84134,3,,,1,18,,84142,3,,,1,60,,84152,3,,,1,24,,84138,3,,,1,60,,84146,3,,,1,20,,84140,3,,,1,20,,84154,3,,,1,59,,84151,3,,,1,10,,84139,3,,,1,10,,84153,3,,,1,20,,84127,3,,,1,70,,84132,3,,,1,30,,84129,3,,,1
33101,'Semaine-1',1641,,85913,33,0,7 8,1
33101,'Semaine-12',1641,,85914,33,0,7 8,1
37101,'Samedi-1',712,,86004,3,,,1,100,,86003,3,,,1,98,,86007,3,,,1,100,,86006,3,,,1,101,,86008,3,,,1,99,,86005,3,,,1,99,,86009,3,,,1,98,,86010,3,,,1,103,,86011,3,,,1,100,,86012,3,,,1,100,,86013,3,,,1,105,,86014,3,,,1,95,,86015,3,,,1,101,,86016,3,,,1,100,,86017,3,,,1,102,,86018,3,,,1,100,,86019,3,,,1
37101,'Samedi-10',712,,77625,3,,,1,100,,77624,3,,,1,98,,77628,3,,,1,100,,77627,3,,,1,101,,77629,3,,,1,99,,77626,3,,,1,99,,77630,3,,,1,98,,77631,3,,,1,103,,77632,3,,,1,100,,77633,3,,,1,100,,77634,3,,,1,105,,77635,3,,,1,95,,77636,3,,,1,101,,77637,3,,,1,100,,77638,3,,,1,102,,77639,3,,,1,100,,77640,3,,,1
37101,'Dimanche-1',712,,86033,3,,,1,100,,86022,3,,,1,98,,86023,3,,,1,100,,86020,3,,,1,101,,86025,3,,,1,99,,86021,3,,,1,99,,86024,3,,,1,98,,86027,3,,,1,103,,86026,3,,,1,100,,86028,3,,,1,100,,86032,3,,,1,105,,86031,3,,,1,95,,86029,3,,,1,101,,86030,3,,,1,100,,86034,3,,,1,102,,86035,3,,,1,100,,86036,3,,,1
37101,'Semaine-1',520,,86053,3,,,1,31,,86056,3,,,1,70,,86049,3,,,1,28,,86051,3,,,1,71,,86061,3,,,1,30,,86060,3,,,1,70,,86055,3,,,1,32,,86039,3,,,1,99,,86046,3,,,1,100,,86044,3,,,1,98,,86045,3,,,1,100,,86059,3,,,1,100,,86042,3,,,1,102,,86043,3,,,1,68,,86040,3,,,1,30,,86047,3,,,1,71,,86057,3,,,1,30,,86058,3,,,1,70,,86037,3,,,1,80,,86041,3,,,1,57,,86052,3,,,1,100,,86054,3,,,1,100,,86038,3,,,1,100,,86048,3,,,1,185,,86050,3,,,1
37101,'Semaine-12',520,,86078,3,,,1,31,,86081,3,,,1,70,,86074,3,,,1,28,,86076,3,,,1,71,,86086,3,,,1,30,,86085,3,,,1,70,,86080,3,,,1,32,,86064,3,,,1,99,,86071,3,,,1,100,,86069,3,,,1,98,,86070,3,,,1,100,,86084,3,,,1,100,,86067,3,,,1,102,,86068,3,,,1,68,,86065,3,,,1,30,,86072,3,,,1,71,,86082,3,,,1,30,,86083,3,,,1,70,,86062,3,,,1,80,,86066,3,,,1,57,,86077,3,,,1,100,,86079,3,,,1,100,,86063,3,,,1,100,,86073,3,,,1,185,,86075,3,,,1
43701,'Semaine-1',1458,,86788,3,0,9 14,1
43701,'Semaine-12',1458,,86790,3,0,9 14,1
