2501,'Semaine-1',551,,80009,2,,,2,69,,80008,2,,,1,30,,80006,2,,,1,70,,80007,2,,,2,31,,80010,2,,,1,69,,80005,2,,,2
2501,'Semaine-12',551,,80015,2,,,2,69,,80014,2,,,1,30,,80012,2,,,1,70,,80013,2,,,2,31,,80016,2,,,1,69,,80011,2,,,2
3900,'Samedi-1',642,,81669,11,,,1,101,,81670,11,,,1,100,,81674,11,,,1,101,,81673,11,,,1,100,,81676,11,,,1,100,,81675,11,,,1,102,,81671,11,,,1,70,,81672,11,,,1,30,,81677,11,,,1,71,,81678,11,,,1,30,,81679,11,,,1,70,,81680,11,,,1,31,,81681,11,,,1,70,,81682,11,,,1,30,,81683,11,,,1,70,,81684,11,,,1,30,,81685,11,,,1,69,,81686,11,,,1,29,,81687,11,,,1,69,,81688,11,,,1,100,,81689,11,,,1,100,,81690,11,,,1,100,,81691,11,,,1,100,,81692,11,,,1
3900,'Samedi-10',642,,69204,11,,,1,101,,69205,11,,,1,100,,69209,11,,,1,101,,69208,11,,,1,100,,69211,11,,,1,100,,69210,11,,,1,102,,69206,11,,,1,70,,69207,11,,,1,30,,69212,11,,,1,71,,69213,11,,,1,30,,69214,11,,,1,70,,69215,11,,,1,31,,69216,11,,,1,70,,69217,11,,,1,30,,69218,11,,,1,70,,69219,11,,,1,30,,69220,11,,,1,69,,69221,11,,,1,29,,69222,11,,,1,69,,69223,11,,,1,100,,69224,11,,,1,100,,69225,11,,,1,100,,69226,11,,,1,100,,69227,11,,,1
3900,'Dimanche-1',642,,81693,11,,,1,101,,81700,11,,,1,100,,81703,11,,,1,101,,81696,11,,,1,100,,81698,11,,,1,100,,81699,11,,,1,102,,81702,11,,,1,70,,81695,11,,,1,30,,81697,11,,,1,71,,81704,11,,,1,30,,81694,11,,,1,70,,81705,11,,,1,31,,81701,11,,,1,70,,81708,11,,,1,30,,81711,11,,,1,70,,81713,11,,,1,30,,81707,11,,,1,69,,81710,11,,,1,29,,81712,11,,,1,69,,81706,11,,,1,100,,81709,11,,,1,100,,81714,11,,,1,100,,81715,11,,,1,100,,81716,11,,,1
3900,'Semaine-1',618,,81734,11,,,1,22,,81720,11,,,1,70,,81739,11,,,1,29,,81732,11,,,1,75,,81733,11,,,1,33,,81731,11,,,1,72,,81728,11,,,1,30,,81745,11,,,2,70,,81740,11,,,1,30,,81752,11,,,1,70,,81737,11,,,2,30,,81741,11,,,1,70,,81729,11,,,1,31,,81727,11,,,1,70,,81742,11,,,1,29,,81730,11,,,2,70,,81717,11,,,1,34,,81743,11,,,1,73,,81724,11,,,1,29,,81726,11,,,1,72,,81744,11,,,2,32,,81723,11,,,1,68,,81718,11,,,1,29,,81746,11,,,1,67,,81725,11,,,1,31,,81719,11,,,2,69,,81747,11,,,2,32,,81722,11,,,1,65,,81738,11,,,2,26,,81748,11,,,1,70,,81721,11,,,1,30,,81736,11,,,1,69,,81749,11,,,1,30,,81735,11,,,1,72,,81751,11,,,1,28,,81750,11,,,1
3900,'Semaine-12',618,,81770,11,,,1,22,,81756,11,,,1,70,,81775,11,,,1,29,,81768,11,,,1,75,,81769,11,,,1,33,,81767,11,,,1,72,,81764,11,,,1,30,,81781,11,,,2,70,,81776,11,,,1,30,,81788,11,,,1,70,,81773,11,,,2,30,,81777,11,,,1,70,,81765,11,,,1,31,,81763,11,,,1,70,,81778,11,,,1,29,,81766,11,,,2,70,,81753,11,,,1,34,,81779,11,,,1,73,,81760,11,,,1,29,,81762,11,,,1,72,,81780,11,,,2,32,,81759,11,,,1,68,,81754,11,,,1,29,,81782,11,,,1,67,,81761,11,,,1,31,,81755,11,,,2,69,,81783,11,,,2,32,,81758,11,,,1,65,,81774,11,,,2,26,,81784,11,,,1,70,,81757,11,,,1,30,,81772,11,,,1,69,,81785,11,,,1,30,,81771,11,,,1,72,,81787,11,,,1,28,,81786,11,,,1
5000,'Semaine-1',653,,82216,27,,,1,62,,82214,27,,,1,7,,82215,6,,,2,25,,82217,27,,,2,70,,82213,27,,,1,107,,82218,27,,,1
5000,'Semaine-12',653,,82222,27,,,1,62,,82220,27,,,1,7,,82221,6,,,2,25,,82223,27,,,2,70,,82219,27,,,1,107,,82224,27,,,1
32501,'Semaine-1',804,,85899,2,0,7 8,1,3,,85900,2,0,7 8,1
32501,'Semaine-12',804,,85901,2,0,7 8,1,3,,85902,2,0,7 8,1
42500,'Semaine-1',654,,86753,2,0,9 14,1,2,,86754,2,0,9 14,2
42500,'Semaine-12',654,,86755,2,0,9 14,1,2,,86756,2,0,9 14,2
55000,'Semaine-1',707,,86799,27,0,5 6,1,2,,86800,27,0,5 6,1
55000,'Semaine-12',707,,86801,27,0,5 6,1,2,,86802,27,0,5 6,1
63901,'Semaine-1',713,,86835,28,0,9 10,1
63901,'Semaine-12',713,,86836,28,0,9 10,1
72501,'Semaine-1',801,,86869,2,0,5 11,2
72501,'Semaine-12',801,,86870,2,0,5 11,2
82501,'Semaine-1',734,,87116,2,0,9 12 13,1,1,,87117,2,0,9 12 13,1
82501,'Semaine-12',734,,87118,2,0,9 12 13,1,1,,87119,2,0,9 12 13,1
