5401,'Semaine-0',649,,70603,2,,,2,96,,70602,2,,,1,104,,70604,2,,,1
5401,'Semaine-10',649,,70606,2,,,2,96,,70605,2,,,1,104,,70607,2,,,1
5401,'Semaine-11',649,,70609,2,,,2,96,,70608,2,,,1,104,,70610,2,,,1
55400,'Semaine-0',645,,79306,2,0,5 6,2
55400,'Semaine-10',645,,79308,2,0,5 6,2
55400,'Semaine-11',645,,79310,2,0,5 6,2
55401,'Semaine-0',1552,,79312,29,0,5 6,1
55401,'Semaine-10',1552,,79314,29,0,5 6,1
55401,'Semaine-11',1552,,79316,29,0,5 6,1
65401,'Semaine-0',702,,79383,2,0,9 10,1
65401,'Semaine-10',702,,79384,2,0,9 10,1
65401,'Semaine-11',702,,79385,2,0,9 10,1
75401,'Semaine-0',703,,79440,2,0,9 18,1
75401,'Semaine-10',703,,79441,2,0,9 18,1
75401,'Semaine-11',703,,79442,2,0,9 18,1
