6701,'Samedi-1',641,,83967,22,,,1,100,,83973,22,,,1,101,,83969,22,,,1,101,,83968,22,,,1,70,,83971,22,,,1,30,,83976,22,,,1,71,,83977,22,,,1,30,,83970,22,,,1,70,,83972,22,,,1,30,,83975,22,,,1,70,,83978,22,,,1,30,,83979,22,,,1,70,,83974,22,,,1,30,,83980,22,,,1,71,,83981,22,,,1,30,,83982,22,,,1,70,,83983,22,,,1,28,,83984,22,,,1,72,,83985,22,,,1,29,,83986,22,,,1,70,,83987,22,,,1,28,,83988,22,,,1,71,,83989,22,,,1,100,,83990,22,,,1,100,,83991,22,,,1,100,,83993,22,,,1,98,,83992,22,,,1
6701,'Samedi-10',641,,73821,22,,,1,100,,73827,22,,,1,101,,73823,22,,,1,101,,73822,22,,,1,70,,73825,22,,,1,30,,73830,22,,,1,71,,73831,22,,,1,30,,73824,22,,,1,70,,73826,22,,,1,30,,73829,22,,,1,70,,73832,22,,,1,30,,73833,22,,,1,70,,73828,22,,,1,30,,73834,22,,,1,71,,73835,22,,,1,30,,73836,22,,,1,70,,73837,22,,,1,28,,73838,22,,,1,72,,73839,22,,,1,29,,73840,22,,,1,70,,73841,22,,,1,28,,73842,22,,,1,71,,73843,22,,,1,100,,73844,22,,,1,100,,73845,22,,,1,100,,73847,22,,,1,98,,73846,22,,,1
6701,'Dimanche-1',641,,83994,22,,,1,100,,83997,22,,,1,101,,83999,22,,,1,101,,84002,22,,,1,70,,84008,22,,,1,30,,83996,22,,,1,71,,84009,22,,,1,30,,84000,22,,,1,70,,84003,22,,,1,30,,84001,22,,,1,70,,83995,22,,,1,30,,84005,22,,,1,70,,84006,22,,,1,30,,83998,22,,,1,71,,84004,22,,,1,30,,84011,22,,,1,70,,84007,22,,,1,28,,84014,22,,,1,72,,84015,22,,,1,29,,84012,22,,,1,70,,84017,22,,,1,28,,84010,22,,,1,71,,84016,22,,,1,100,,84013,22,,,1,100,,84018,22,,,1,100,,84019,22,,,1,98,,84020,22,,,1
6701,'Semaine-1',919,,84041,22,,,1,20,,84030,22,,,1,20,,84048,22,,,1,60,,84034,22,,,1,20,,84028,22,,,1,20,,84049,22,,,1,60,,84042,22,,,1,20,,84031,22,,,1,20,,84050,22,,,1,60,,84035,22,,,1,20,,84038,22,,,1,20,,84051,22,,,1,60,,84037,22,,,1,20,,84032,22,,,1,20,,84052,22,,,1,60,,84043,22,,,1,20,,84045,22,,,1,20,,84047,22,,,1,60,,84039,22,,,1,33,,84023,22,,,1,70,,84046,22,,,1,29,,84026,22,,,1,70,,84044,22,,,1,30,,84040,22,,,1,69,,84033,22,,,1,30,,84021,22,,,1,68,,84036,22,,,1,30,,84024,22,,,2,70,,84053,22,,,2,30,,84022,22,,,1,70,,84055,22,,,1,29,,84025,22,,,2,70,,84056,22,,,1,29,,84027,22,,,1,69,,84054,22,,,1,30,,84029,22,,,2
6701,'Semaine-12',919,,84077,22,,,1,20,,84066,22,,,1,20,,84084,22,,,1,60,,84070,22,,,1,20,,84064,22,,,1,20,,84085,22,,,1,60,,84078,22,,,1,20,,84067,22,,,1,20,,84086,22,,,1,60,,84071,22,,,1,20,,84074,22,,,1,20,,84087,22,,,1,60,,84073,22,,,1,20,,84068,22,,,1,20,,84088,22,,,1,60,,84079,22,,,1,20,,84081,22,,,1,20,,84083,22,,,1,60,,84075,22,,,1,33,,84059,22,,,1,70,,84082,22,,,1,29,,84062,22,,,1,70,,84080,22,,,1,30,,84076,22,,,1,69,,84069,22,,,1,30,,84057,22,,,1,68,,84072,22,,,1,30,,84060,22,,,2,70,,84089,22,,,2,30,,84058,22,,,1,70,,84091,22,,,1,29,,84061,22,,,2,70,,84092,22,,,1,29,,84063,22,,,1,69,,84090,22,,,1,30,,84065,22,,,2
8501,'Semaine-1',539,,85431,26,,,1,70,,85433,26,,,1,26,,85436,26,,,1,15,,85435,26,,,1,58,,85440,26,,,1,14,,85432,26,,,2,16,,85438,26,,,1,16,,85434,26,,,2,54,,85439,26,,,1,20,,85437,26,,,1
8501,'Semaine-12',539,,85441,26,,,1,70,,85443,26,,,1,26,,85446,26,,,1,15,,85445,26,,,1,58,,85450,26,,,1,14,,85442,26,,,2,16,,85448,26,,,1,16,,85444,26,,,2,54,,85449,26,,,1,20,,85447,26,,,1
8701,'Semaine-1',523,,85481,22,,,1,30,,85474,22,,,1,70,,85479,22,,,1,19,,85477,22,,,1,14,,85475,22,,,1,56,,85484,22,,,1,17,,85480,22,,,1,15,,85476,22,,,1,56,,85483,22,,,1,18,,85482,22,,,2,20,,85478,22,,,1,20,,85473,22,,,1
8701,'Semaine-12',523,,85493,22,,,1,30,,85486,22,,,1,70,,85491,22,,,1,19,,85489,22,,,1,14,,85487,22,,,1,56,,85496,22,,,1,17,,85492,22,,,1,15,,85488,22,,,1,56,,85495,22,,,1,18,,85494,22,,,2,20,,85490,22,,,1,20,,85485,22,,,1
57101,'Semaine-1',713,,86827,49,0,5 6,2
57101,'Semaine-12',713,,86828,49,0,5 6,2
