3600,'Semaine-1',924,,81164,37,,,1,101,,81165,37,,,1,102,,81163,37,,,1,100,,81166,37,,,1,100,,81168,37,,,1,100,,81169,37,,,1,100,,81167,37,,,1
3600,'Semaine-12',924,,81171,37,,,1,101,,81172,37,,,1,102,,81170,37,,,1,100,,81173,37,,,1,100,,81175,37,,,1,100,,81176,37,,,1,100,,81174,37,,,1
3700,'Samedi-1',741,,81191,29,,,1,100,,81192,29,,,1,100,,81194,29,,,1,103,,81195,29,,,1,100,,81193,29,,,1,101,,81196,29,,,1,100,,81197,29,,,1,100,,81198,29,,,1,100,,81199,29,,,1,100,,81200,29,,,1,100,,81201,29,,,1,100,,81202,29,,,1,97,,81203,29,,,1,100,,81204,29,,,1,100,,81205,29,,,1,100,,81206,29,,,1,98,,81207,29,,,1,100,,81208,29,,,1
3700,'Samedi-10',741,,68178,29,,,1,100,,68179,29,,,1,100,,68181,29,,,1,103,,68182,29,,,1,100,,68180,29,,,1,101,,68183,29,,,1,100,,68184,29,,,1,100,,68185,29,,,1,100,,68186,29,,,1,100,,68187,29,,,1,100,,68188,29,,,1,100,,68189,29,,,1,97,,68190,29,,,1,100,,68191,29,,,1,100,,68192,29,,,1,100,,68193,29,,,1,98,,68194,29,,,1,100,,68195,29,,,1
3700,'Dimanche-1',741,,81211,29,,,1,100,,81214,29,,,1,100,,81216,29,,,1,103,,81212,29,,,1,100,,81209,29,,,1,101,,81213,29,,,1,100,,81210,29,,,1,100,,81215,29,,,1,100,,81217,29,,,1,100,,81219,29,,,1,100,,81218,29,,,1,100,,81222,29,,,1,97,,81221,29,,,1,100,,81220,29,,,1,100,,81223,29,,,1,100,,81224,29,,,1,98,,81225,29,,,1,100,,81226,29,,,1
3700,'Semaine-1',701,,81248,29,,,1,41,,81254,29,,,1,73,,81245,29,,,1,29,,81229,29,,,1,69,,81243,29,,,1,89,,81235,29,,,1,100,,81231,29,,,1,100,,81232,29,,,1,100,,81233,29,,,1,102,,81234,29,,,1,100,,81240,29,,,1,49,,81241,29,,,1,56,,81242,29,,,1,15,,81228,29,,,1,15,,81250,29,,,1,63,,81237,29,,,1,30,,81246,29,,,1,23,,81236,29,,,1,68,,81230,29,,,1,29,,81227,29,,,1,66,,81238,29,,,1,30,,81253,29,,,1,69,,81244,29,,,1,36,,81255,29,,,1,99,,81251,29,,,1,99,,81239,29,,,1,100,,81249,29,,,1,99,,81252,29,,,1,55,,81247,29,,,1
3700,'Semaine-12',701,,81277,29,,,1,41,,81283,29,,,1,73,,81274,29,,,1,29,,81258,29,,,1,69,,81272,29,,,1,89,,81264,29,,,1,100,,81260,29,,,1,100,,81261,29,,,1,100,,81262,29,,,1,102,,81263,29,,,1,100,,81269,29,,,1,49,,81270,29,,,1,56,,81271,29,,,1,15,,81257,29,,,1,15,,81279,29,,,1,63,,81266,29,,,1,30,,81275,29,,,1,23,,81265,29,,,1,68,,81259,29,,,1,29,,81256,29,,,1,66,,81267,29,,,1,30,,81282,29,,,1,69,,81273,29,,,1,36,,81284,29,,,1,99,,81280,29,,,1,99,,81268,29,,,1,100,,81278,29,,,1,99,,81281,29,,,1,55,,81276,29,,,1
37100,'Samedi-1',811,,85916,30,,,1,101,,85920,30,,,1,100,,85915,30,,,1,102,,85921,30,,,1,100,,85917,30,,,1,100,,85918,30,,,1,100,,85919,30,,,1,103,,85922,30,,,1,100,,85923,30,,,1,100,,85924,30,,,1,99,,85925,30,,,1,98,,85926,30,,,1,100,,85927,30,,,1,98,,85928,30,,,1,100,,85929,30,,,1,100,,85930,30,,,1,98,,85931,30,,,1
37100,'Samedi-10',811,,77442,30,,,1,101,,77446,30,,,1,100,,77441,30,,,1,102,,77447,30,,,1,100,,77443,30,,,1,100,,77444,30,,,1,100,,77445,30,,,1,103,,77448,30,,,1,100,,77449,30,,,1,100,,77450,30,,,1,99,,77451,30,,,1,98,,77452,30,,,1,100,,77453,30,,,1,98,,77454,30,,,1,100,,77455,30,,,1,100,,77456,30,,,1,98,,77457,30,,,1
37100,'Dimanche-1',811,,85932,30,,,1,101,,85934,30,,,1,100,,85936,30,,,1,102,,85937,30,,,1,100,,85944,30,,,1,100,,85933,30,,,1,100,,85938,30,,,1,103,,85935,30,,,1,100,,85940,30,,,1,100,,85942,30,,,1,99,,85943,30,,,1,98,,85941,30,,,1,100,,85939,30,,,1,98,,85945,30,,,1,100,,85946,30,,,1,100,,85947,30,,,1,98,,85948,30,,,1
37100,'Semaine-1',721,,85962,30,,,1,33,,85959,30,,,1,70,,85955,30,,,1,29,,85950,30,,,1,90,,85969,30,,,1,97,,85954,30,,,1,102,,85956,30,,,1,100,,85968,30,,,1,100,,85963,30,,,1,103,,85952,30,,,1,93,,85964,30,,,1,19,,85973,30,,,1,56,,85953,30,,,1,15,,85974,30,,,1,25,,85949,30,,,1,60,,85958,30,,,1,28,,85965,30,,,1,65,,85971,30,,,1,27,,85970,30,,,1,70,,85960,30,,,1,28,,85972,30,,,1,70,,85975,30,,,1,30,,85961,30,,,1,95,,85957,30,,,1,100,,85967,30,,,1,100,,85966,30,,,1,97,,85951,30,,,1
37100,'Semaine-12',721,,85989,30,,,1,33,,85986,30,,,1,70,,85982,30,,,1,29,,85977,30,,,1,90,,85996,30,,,1,97,,85981,30,,,1,102,,85983,30,,,1,100,,85995,30,,,1,100,,85990,30,,,1,103,,85979,30,,,1,93,,85991,30,,,1,19,,86000,30,,,1,56,,85980,30,,,1,15,,86001,30,,,1,25,,85976,30,,,1,60,,85985,30,,,1,28,,85992,30,,,1,65,,85998,30,,,1,27,,85997,30,,,1,70,,85987,30,,,1,28,,85999,30,,,1,70,,86002,30,,,1,30,,85988,30,,,1,95,,85984,30,,,1,100,,85994,30,,,1,100,,85993,30,,,1,97,,85978,30,,,1
43700,'Semaine-1',740,,86783,25,0,9 14,1,2,,86784,21,0,9 14,2
43700,'Semaine-12',740,,86785,25,0,9 14,1,2,,86786,21,0,9 14,2
