2001,'Semaine-1',1547,,79965,16,,,1,100,,79967,16,,,1,100,,79966,16,,,1
2001,'Semaine-12',1547,,79968,16,,,1,100,,79970,16,,,1,100,,79969,16,,,1
3501,'Semaine-1',553,,81121,23,,,1,80,,81099,23,,,2,21,,81129,23,,,1,63,,81130,34,,,1,15,,81118,23,,,1,20,,81123,34,,,1,60,,81102,23,,,1,24,,81119,23,,,1,22,,81124,23,,,1,70,,81106,23,,,1,30,,81108,23,,,1,70,,81101,23,,,1,28,,81105,23,,,1,70,,81114,23,,,2,32,,81100,23,,,1,70,,81112,23,,,1,30,,81113,23,,,2,70,,81116,23,,,1,30,,81104,23,,,2,71,,81125,23,,,2,29,,81115,23,,,1,74,,81103,23,,,1,72,,81127,23,,,1,28,,81122,23,,,1,70,,81107,23,,,1,27,,81110,23,,,1,30,,81128,23,,,1,68,,81117,23,,,1,100,,81111,23,,,1,100,,81109,23,,,1,100,,81126,23,,,1,100,,81120,23,,,1
3501,'Semaine-12',553,,81153,23,,,1,80,,81131,23,,,2,21,,81161,23,,,1,63,,81162,34,,,1,15,,81150,23,,,1,20,,81155,34,,,1,60,,81134,23,,,1,24,,81151,23,,,1,22,,81156,23,,,1,70,,81138,23,,,1,30,,81140,23,,,1,70,,81133,23,,,1,28,,81137,23,,,1,70,,81146,23,,,2,32,,81132,23,,,1,70,,81144,23,,,1,30,,81145,23,,,2,70,,81148,23,,,1,30,,81136,23,,,2,71,,81157,23,,,2,29,,81147,23,,,1,74,,81135,23,,,1,72,,81159,23,,,1,28,,81154,23,,,1,70,,81139,23,,,1,27,,81142,23,,,1,30,,81160,23,,,1,68,,81149,23,,,1,100,,81143,23,,,1,100,,81141,23,,,1,100,,81158,23,,,1,100,,81152,23,,,1
3801,'Samedi-1',720,,81523,19,,,1,30,,81519,19,,,1,70,,81531,19,,,1,30,,81524,19,,,1,70,,81520,19,,,1,31,,81532,19,,,1,68,,81525,19,,,1,32,,81529,19,,,1,70,,81521,19,,,1,30,,81526,19,,,1,70,,81530,19,,,1,30,,81522,19,,,1,71,,81527,19,,,1,30,,81528,19,,,1,70,,81533,19,,,1,30,,81534,19,,,1,71,,81535,19,,,1,30,,81536,19,,,1,69,,81537,19,,,1,30,,81538,19,,,1,70,,81539,19,,,1,30,,81540,19,,,1,67,,81541,19,,,1,32,,81543,19,,,1,70,,81542,19,,,1,30,,81545,19,,,1,70,,81544,19,,,1,30,,81546,19,,,1,69,,81547,19,,,1,30,,81551,19,,,1,70,,81548,19,,,1,30,,81549,19,,,1,70,,81550,19,,,1
3801,'Samedi-10',720,,68893,19,,,1,30,,68889,19,,,1,70,,68901,19,,,1,30,,68894,19,,,1,70,,68890,19,,,1,31,,68902,19,,,1,68,,68895,19,,,1,32,,68899,19,,,1,70,,68891,19,,,1,30,,68896,19,,,1,70,,68900,19,,,1,30,,68892,19,,,1,71,,68897,19,,,1,30,,68898,19,,,1,70,,68903,19,,,1,30,,68904,19,,,1,71,,68905,19,,,1,30,,68906,19,,,1,69,,68907,19,,,1,30,,68908,19,,,1,70,,68909,19,,,1,30,,68910,19,,,1,67,,68911,19,,,1,32,,68913,19,,,1,70,,68912,19,,,1,30,,68915,19,,,1,70,,68914,19,,,1,30,,68916,19,,,1,69,,68917,19,,,1,30,,68921,19,,,1,70,,68918,19,,,1,30,,68919,19,,,1,70,,68920,19,,,1
3801,'Dimanche-1',720,,81560,19,,,1,30,,81562,19,,,1,70,,81555,19,,,1,30,,81554,19,,,1,70,,81576,19,,,1,31,,81565,19,,,1,68,,81556,19,,,1,32,,81578,19,,,1,70,,81575,19,,,1,30,,81557,19,,,1,70,,81577,19,,,1,30,,81564,19,,,1,71,,81558,19,,,1,30,,81561,19,,,1,70,,81563,19,,,1,30,,81553,19,,,1,71,,81559,19,,,1,30,,81552,19,,,1,69,,81569,19,,,1,30,,81570,19,,,1,70,,81572,19,,,1,30,,81568,19,,,1,67,,81574,19,,,1,32,,81571,19,,,1,70,,81566,19,,,1,30,,81573,19,,,1,70,,81567,19,,,1,30,,81579,19,,,1,69,,81580,19,,,1,30,,81581,19,,,1,70,,81582,19,,,1,30,,81583,19,,,1,70,,81584,19,,,1
3801,'Semaine-1',626,,81613,19,,,1,30,,81585,19,,,1,70,,81612,19,,,1,20,,81623,19,,,1,58,,81619,19,,,1,23,,81601,19,,,1,30,,81621,19,,,1,70,,81608,19,,,1,19,,81591,19,,,1,60,,81617,19,,,1,20,,81602,19,,,1,20,,81594,19,,,1,61,,81609,19,,,1,20,,81592,19,,,1,20,,81616,19,,,1,60,,81622,19,,,1,22,,81595,19,,,1,20,,81624,19,,,1,60,,81610,19,,,1,20,,81615,19,,,1,18,,81603,19,,,1,60,,81596,19,,,1,20,,81611,19,,,1,21,,81625,19,,,1,62,,81598,19,,,1,20,,81604,19,,,1,70,,81618,19,,,1,30,,81593,19,,,1,71,,81600,19,,,1,27,,81590,19,,,1,29,,81626,19,,,1,60,,81587,19,,,1,21,,81620,19,,,1,69,,81589,19,,,1,29,,81599,19,,,1,71,,81607,19,,,1,30,,81614,19,,,1,70,,81597,19,,,1,28,,81605,19,,,1,71,,81606,19,,,1,29,,81586,19,,,1,85,,81588,19,,,1
3801,'Semaine-12',626,,81655,19,,,1,30,,81627,19,,,1,70,,81654,19,,,1,20,,81665,19,,,1,58,,81661,19,,,1,23,,81643,19,,,1,30,,81663,19,,,1,70,,81650,19,,,1,19,,81633,19,,,1,60,,81659,19,,,1,20,,81644,19,,,1,20,,81636,19,,,1,61,,81651,19,,,1,20,,81634,19,,,1,20,,81658,19,,,1,60,,81664,19,,,1,22,,81637,19,,,1,20,,81666,19,,,1,60,,81652,19,,,1,20,,81657,19,,,1,18,,81645,19,,,1,60,,81638,19,,,1,20,,81653,19,,,1,21,,81667,19,,,1,62,,81640,19,,,1,20,,81646,19,,,1,70,,81660,19,,,1,30,,81635,19,,,1,71,,81642,19,,,1,27,,81632,19,,,1,29,,81668,19,,,1,60,,81629,19,,,1,21,,81662,19,,,1,69,,81631,19,,,1,29,,81641,19,,,1,71,,81649,19,,,1,30,,81656,19,,,1,70,,81639,19,,,1,28,,81647,19,,,1,71,,81648,19,,,1,29,,81628,19,,,1,85,,81630,19,,,1
40001,'Samedi-1',640,,86419,11,,,1,15,,86422,11,,,1,55,,86424,11,,,1,15,,86420,11,,,1,15,,86421,11,,,1,15,,86423,11,,,1,55,,86429,11,,,1,15,,86436,11,,,1,15,,86427,11,,,1,15,,86447,11,,,1,55,,86425,11,,,1,16,,86426,11,,,1,15,,86435,11,,,1,15,,86428,11,,,1,55,,86430,11,,,1,15,,86438,11,,,1,15,,86439,11,,,1,15,,86440,11,,,1,55,,86446,11,,,1,15,,86445,11,,,1,15,,86449,11,,,1,15,,86432,11,,,1,56,,86431,11,,,1,15,,86434,11,,,1,15,,86437,11,,,1,15,,86433,11,,,1,55,,86442,11,,,1,15,,86444,11,,,1,15,,86450,11,,,1,15,,86441,11,,,1,55,,86443,11,,,1,15,,86448,11,,,1,15,,86451,11,,,1,15,,86452,11,,,1,55,,86453,11,,,1,15,,86454,11,,,1,15,,86455,11,,,1,15,,86456,11,,,1,55,,86457,11,,,1,15,,86458,11,,,1,16,,86459,11,,,1,14,,86460,11,,,1,55,,86461,11,,,1,15,,86462,11,,,1,15,,86463,11,,,1,15,,86464,11,,,1,55,,86465,11,,,1,15,,86468,11,,,1,13,,86466,11,,,1,16,,86467,11,,,1,56,,86470,11,,,1,15,,86469,11,,,1,15,,86474,11,,,1,15,,86472,11,,,1,54,,86473,11,,,1,15,,86471,11,,,1,15,,86475,11,,,1,15,,86477,11,,,1,55,,86478,11,,,1,15,,86479,11,,,1,15,,86476,11,,,1,15,,86482,11,,,1,55,,86481,11,,,1,15,,86480,11,,,1,15,,86483,11,,,1,15,,86484,11,,,1,55,,86485,11,,,1,15,,86486,11,,,1,15,,86488,11,,,1,15,,86487,11,,,1,55,,86490,11,,,1,15,,86489,11,,,1,15,,86491,11,,,1
40001,'Samedi-10',640,,78574,11,,,1,15,,78577,11,,,1,55,,78579,11,,,1,15,,78575,11,,,1,15,,78576,11,,,1,15,,78578,11,,,1,55,,78584,11,,,1,15,,78591,11,,,1,15,,78582,11,,,1,15,,78602,11,,,1,55,,78580,11,,,1,16,,78581,11,,,1,15,,78590,11,,,1,15,,78583,11,,,1,55,,78585,11,,,1,15,,78593,11,,,1,15,,78594,11,,,1,15,,78595,11,,,1,55,,78601,11,,,1,15,,78600,11,,,1,15,,78604,11,,,1,15,,78587,11,,,1,56,,78586,11,,,1,15,,78589,11,,,1,15,,78592,11,,,1,15,,78588,11,,,1,55,,78597,11,,,1,15,,78599,11,,,1,15,,78605,11,,,1,15,,78596,11,,,1,55,,78598,11,,,1,15,,78603,11,,,1,15,,78606,11,,,1,15,,78607,11,,,1,55,,78608,11,,,1,15,,78609,11,,,1,15,,78610,11,,,1,15,,78611,11,,,1,55,,78612,11,,,1,15,,78613,11,,,1,16,,78614,11,,,1,14,,78615,11,,,1,55,,78616,11,,,1,15,,78617,11,,,1,15,,78618,11,,,1,15,,78619,11,,,1,55,,78620,11,,,1,15,,78623,11,,,1,13,,78621,11,,,1,16,,78622,11,,,1,56,,78625,11,,,1,15,,78624,11,,,1,15,,78629,11,,,1,15,,78627,11,,,1,54,,78628,11,,,1,15,,78626,11,,,1,15,,78630,11,,,1,15,,78632,11,,,1,55,,78633,11,,,1,15,,78634,11,,,1,15,,78631,11,,,1,15,,78637,11,,,1,55,,78636,11,,,1,15,,78635,11,,,1,15,,78638,11,,,1,15,,78639,11,,,1,55,,78640,11,,,1,15,,78641,11,,,1,15,,78643,11,,,1,15,,78642,11,,,1,55,,78645,11,,,1,15,,78644,11,,,1,15,,78646,11,,,1
40001,'Dimanche-1',640,,86492,11,,,1,15,,86499,11,,,1,55,,86500,11,,,1,15,,86494,11,,,1,15,,86493,11,,,1,15,,86498,11,,,1,55,,86509,11,,,1,15,,86512,11,,,1,15,,86495,11,,,1,15,,86504,11,,,1,55,,86501,11,,,1,16,,86518,11,,,1,15,,86521,11,,,1,15,,86502,11,,,1,55,,86510,11,,,1,15,,86525,11,,,1,15,,86514,11,,,1,15,,86530,11,,,1,55,,86503,11,,,1,15,,86519,11,,,1,15,,86520,11,,,1,15,,86515,11,,,1,56,,86531,11,,,1,15,,86524,11,,,1,15,,86505,11,,,1,15,,86513,11,,,1,55,,86507,11,,,1,15,,86517,11,,,1,15,,86526,11,,,1,15,,86511,11,,,1,55,,86506,11,,,1,15,,86523,11,,,1,15,,86496,11,,,1,15,,86528,11,,,1,55,,86497,11,,,1,15,,86516,11,,,1,15,,86527,11,,,1,15,,86508,11,,,1,55,,86536,11,,,1,15,,86522,11,,,1,16,,86539,11,,,1,14,,86529,11,,,1,55,,86543,11,,,1,15,,86537,11,,,1,15,,86545,11,,,1,15,,86541,11,,,1,55,,86547,11,,,1,15,,86532,11,,,1,13,,86538,11,,,1,16,,86533,11,,,1,56,,86542,11,,,1,15,,86535,11,,,1,15,,86544,11,,,1,15,,86540,11,,,1,54,,86546,11,,,1,15,,86534,11,,,1,15,,86548,11,,,1,15,,86550,11,,,1,55,,86549,11,,,1,15,,86552,11,,,1,15,,86551,11,,,1,15,,86553,11,,,1,55,,86554,11,,,1,15,,86555,11,,,1,15,,86556,11,,,1,15,,86557,11,,,1,55,,86558,11,,,1,15,,86559,11,,,1,15,,86560,11,,,1,15,,86561,11,,,1,55,,86562,11,,,1,15,,86563,11,,,1,15,,86564,11,,,1
40001,'Semaine-1',511,,86635,11,,,1,10,,86636,11,,,1,10,,86637,11,,,1,10,,86638,11,,,1,10,,86639,11,,,1,51,,86640,11,,,1,5,,86641,11,,,1,5,,86642,11,,,1,4,,86643,11,,,1,6,,86649,11,,,1,230,,86644,11,,,1,49,,86645,9,,,1,6,,86646,11,,,1,12,,86647,11,,,1,11,,86648,11,,,1,10,,86594,11,,,1,9,,86579,11,,,1,51,,86604,11,,,1,11,,86605,11,,,1,9,,86651,11,,,1,10,,86569,11,,,1,10,,86652,11,,,1,10,,86567,11,,,1,50,,86601,11,,,1,10,,86621,11,,,1,10,,86588,11,,,1,10,,86596,11,,,1,10,,86593,11,,,1,10,,86571,11,,,1,50,,86632,11,,,1,10,,86606,11,,,1,10,,86618,11,,,1,10,,86570,11,,,1,10,,86580,11,,,1,10,,86573,11,,,1,50,,86589,11,,,1,10,,86622,11,,,1,10,,86603,11,,,1,10,,86597,11,,,1,10,,86592,11,,,1,10,,86585,11,,,1,50,,86628,11,,,1,10,,86607,11,,,1,10,,86619,11,,,1,10,,86634,11,,,1,11,,86582,11,,,1,10,,86565,11,,,1,50,,86624,11,,,1,10,,86623,11,,,1,10,,86608,11,,,1,9,,86598,11,,,1,6,,86590,7,,,1,6,,86575,11,,,1,12,,86626,11,,,1,53,,86633,11,,,1,7,,86650,7,,,1,5,,86620,11,,,1,14,,86655,11,,,1,10,,86600,11,,,1,12,,86629,11,,,1,52,,86653,11,,,1,12,,86613,11,,,1,13,,86591,11,,,1,11,,86576,11,,,1,12,,86581,11,,,1,52,,86654,11,,,1,12,,86583,11,,,1,12,,86609,11,,,1,11,,86599,11,,,1,12,,86630,11,,,1,51,,86616,11,,,1,12,,86595,11,,,1,10,,86577,11,,,1,13,,86617,11,,,1,12,,86657,11,,,1,51,,86656,11,,,1,12,,86584,11,,,1,12,,86610,11,,,1,12,,86587,11,,,1,12,,86631,11,,,1,52,,86614,11,,,1,15,,86572,11,,,1,13,,86658,11,,,1,17,,86578,11,,,1,55,,86574,11,,,1,15,,86625,11,,,1,12,,86611,11,,,1,15,,86586,11,,,1,55,,86615,11,,,1,15,,86627,11,,,1,15,,86568,11,,,1,15,,86566,11,,,1,55,,86602,11,,,1,30,,86612,11,,,1
40001,'Semaine-12',511,,86729,11,,,1,10,,86730,11,,,1,10,,86731,11,,,1,10,,86732,11,,,1,10,,86733,11,,,1,51,,86734,11,,,1,5,,86735,11,,,1,5,,86736,11,,,1,4,,86737,11,,,1,6,,86743,11,,,1,230,,86738,11,,,1,49,,86739,9,,,1,6,,86740,11,,,1,12,,86741,11,,,1,11,,86742,11,,,1,10,,86688,11,,,1,9,,86673,11,,,1,51,,86698,11,,,1,11,,86699,11,,,1,9,,86745,11,,,1,10,,86663,11,,,1,10,,86746,11,,,1,10,,86661,11,,,1,50,,86695,11,,,1,10,,86715,11,,,1,10,,86682,11,,,1,10,,86690,11,,,1,10,,86687,11,,,1,10,,86665,11,,,1,50,,86726,11,,,1,10,,86700,11,,,1,10,,86712,11,,,1,10,,86664,11,,,1,10,,86674,11,,,1,10,,86667,11,,,1,50,,86683,11,,,1,10,,86716,11,,,1,10,,86697,11,,,1,10,,86691,11,,,1,10,,86686,11,,,1,10,,86679,11,,,1,50,,86722,11,,,1,10,,86701,11,,,1,10,,86713,11,,,1,10,,86728,11,,,1,11,,86676,11,,,1,10,,86659,11,,,1,50,,86718,11,,,1,10,,86717,11,,,1,10,,86702,11,,,1,9,,86692,11,,,1,6,,86684,7,,,1,6,,86669,11,,,1,12,,86720,11,,,1,53,,86727,11,,,1,7,,86744,7,,,1,5,,86714,11,,,1,14,,86749,11,,,1,10,,86694,11,,,1,12,,86723,11,,,1,52,,86747,11,,,1,12,,86707,11,,,1,13,,86685,11,,,1,11,,86670,11,,,1,12,,86675,11,,,1,52,,86748,11,,,1,12,,86677,11,,,1,12,,86703,11,,,1,11,,86693,11,,,1,12,,86724,11,,,1,51,,86710,11,,,1,12,,86689,11,,,1,10,,86671,11,,,1,13,,86711,11,,,1,12,,86751,11,,,1,51,,86750,11,,,1,12,,86678,11,,,1,12,,86704,11,,,1,12,,86681,11,,,1,12,,86725,11,,,1,52,,86708,11,,,1,15,,86666,11,,,1,13,,86752,11,,,1,17,,86672,11,,,1,55,,86668,11,,,1,15,,86719,11,,,1,12,,86705,11,,,1,15,,86680,11,,,1,55,,86709,11,,,1,15,,86721,11,,,1,15,,86662,11,,,1,15,,86660,11,,,1,55,,86696,11,,,1,30,,86706,11,,,1
