6400,'Samedi-1',738,,83307,11,,,1,100,,83309,11,,,1,100,,83312,11,,,1,100,,83310,11,,,1,100,,83313,11,,,1,100,,83308,11,,,1,100,,83311,11,,,1,100,,83314,11,,,1,99,,83315,11,,,1,100,,83316,11,,,1,100,,83317,11,,,1,100,,83318,11,,,1
6400,'Samedi-10',738,,72456,11,,,1,100,,72458,11,,,1,100,,72461,11,,,1,100,,72459,11,,,1,100,,72462,11,,,1,100,,72457,11,,,1,100,,72460,11,,,1,100,,72463,11,,,1,99,,72464,11,,,1,100,,72465,11,,,1,100,,72466,11,,,1,100,,72467,11,,,1
6400,'Dimanche-1',738,,83320,11,,,1,100,,83321,11,,,1,100,,83326,11,,,1,100,,83324,11,,,1,100,,83319,11,,,1,100,,83322,11,,,1,100,,83323,11,,,1,100,,83327,11,,,1,99,,83325,11,,,1,100,,83329,11,,,1,100,,83330,11,,,1,100,,83328,11,,,1
6400,'Semaine-1',648,,83339,11,,,1,74,,83336,11,,,1,30,,83331,11,,,1,70,,83335,11,,,1,100,,83337,11,,,1,100,,83342,11,,,1,100,,83341,11,,,1,100,,83334,11,,,1,100,,83347,11,,,1,100,,83343,11,,,1,95,,83344,11,,,1,85,,83349,11,,,1,47,,83348,11,,,1,103,,83345,11,,,1,95,,83346,11,,,1,100,,83338,11,,,2,100,,83332,11,,,2,100,,83340,11,,,1,100,,83333,11,,,1
6400,'Semaine-12',648,,83358,11,,,1,74,,83355,11,,,1,30,,83350,11,,,1,70,,83354,11,,,1,100,,83356,11,,,1,100,,83361,11,,,1,100,,83360,11,,,1,100,,83353,11,,,1,100,,83366,11,,,1,100,,83362,11,,,1,95,,83363,11,,,1,85,,83368,11,,,1,47,,83367,11,,,1,103,,83364,11,,,1,95,,83365,11,,,1,100,,83357,11,,,2,100,,83351,11,,,2,100,,83359,11,,,1,100,,83352,11,,,1
6600,'Samedi-1',716,,83633,10,,,1,100,,83636,10,,,1,100,,83634,10,,,1,100,,83637,10,,,1,100,,83631,10,,,1,100,,83632,10,,,1,100,,83635,10,,,1,100,,83638,10,,,1,100,,83639,10,,,1,100,,83640,10,,,1,100,,83641,10,,,1,100,,83642,10,,,1,100,,83644,10,,,1,100,,83643,10,,,1,100,,83645,10,,,1,100,,83646,10,,,1,100,,83647,10,,,1
6600,'Samedi-10',716,,73120,10,,,1,100,,73123,10,,,1,100,,73121,10,,,1,100,,73124,10,,,1,100,,73118,10,,,1,100,,73119,10,,,1,100,,73122,10,,,1,100,,73125,10,,,1,100,,73126,10,,,1,100,,73127,10,,,1,100,,73128,10,,,1,100,,73129,10,,,1,100,,73131,10,,,1,100,,73130,10,,,1,100,,73132,10,,,1,100,,73133,10,,,1,100,,73134,10,,,1
6600,'Dimanche-1',716,,83652,10,,,1,100,,83653,10,,,1,100,,83654,10,,,1,100,,83648,10,,,1,100,,83649,10,,,1,100,,83650,10,,,1,100,,83651,10,,,1,100,,83656,10,,,1,100,,83655,10,,,1,100,,83659,10,,,1,100,,83657,10,,,1,100,,83661,10,,,1,100,,83658,10,,,1,100,,83660,10,,,1,100,,83662,10,,,1,100,,83663,10,,,1,100,,83664,10,,,1
6600,'Semaine-1',602,,83675,10,,,2,20,,83681,10,,,2,20,,83676,10,,,1,63,,83668,10,,,2,19,,83680,10,,,1,19,,83673,10,,,1,61,,83687,10,,,1,18,,83667,10,,,1,18,,83678,10,,,1,60,,83688,10,,,1,100,,83677,10,,,1,100,,83669,10,,,1,100,,83692,10,,,1,100,,83693,10,,,1,101,,83679,10,,,2,100,,83689,10,,,1,23,,83682,10,,,1,22,,83665,10,,,1,60,,83684,10,,,1,18,,83690,10,,,1,20,,83695,10,,,1,59,,83666,10,,,2,24,,83685,10,,,2,20,,83683,10,,,1,58,,83671,10,,,1,22,,83691,10,,,2,94,,83672,10,,,2,100,,83670,10,,,1,99,,83674,10,,,1,100,,83686,10,,,1,100,,83694,10,,,1
6600,'Semaine-12',602,,83706,10,,,2,20,,83712,10,,,2,20,,83707,10,,,1,63,,83699,10,,,2,19,,83711,10,,,1,19,,83704,10,,,1,61,,83718,10,,,1,18,,83698,10,,,1,18,,83709,10,,,1,60,,83719,10,,,1,100,,83708,10,,,1,100,,83700,10,,,1,100,,83723,10,,,1,100,,83724,10,,,1,101,,83710,10,,,2,100,,83720,10,,,1,23,,83713,10,,,1,22,,83696,10,,,1,60,,83715,10,,,1,18,,83721,10,,,1,20,,83726,10,,,1,59,,83697,10,,,2,24,,83716,10,,,2,20,,83714,10,,,1,58,,83702,10,,,1,22,,83722,10,,,2,94,,83703,10,,,2,100,,83701,10,,,1,99,,83705,10,,,1,100,,83717,10,,,1,100,,83725,10,,,1
