4500,'Semaine-1',1523,,81964,32,,,1,36,,81959,32,,,1,70,,81960,32,,,1,72,,81962,32,,,1,27,,81963,32,,,1,25,,81961,32,,,2
4500,'Semaine-12',1523,,81970,32,,,1,36,,81965,32,,,1,70,,81966,32,,,1,72,,81968,32,,,1,27,,81969,32,,,1,25,,81967,32,,,2
5200,'Samedi-1',638,,82231,18,,,1,100,,82232,18,,,1,100,,82233,18,,,1,101,,82234,18,,,1,100,,82235,18,,,1,101,,82236,18,,,1,101,,82237,18,,,1,100,,82238,18,,,1,99,,82239,18,,,1,100,,82240,18,,,1,100,,82241,18,,,1,100,,82242,18,,,1,99,,82243,18,,,1,100,,82246,18,,,1,100,,82244,18,,,1,100,,82245,18,,,1,98,,82247,18,,,1,100,,82248,18,,,1
5200,'Samedi-10',638,,70287,18,,,1,100,,70288,18,,,1,100,,70289,18,,,1,101,,70290,18,,,1,100,,70291,18,,,1,101,,70292,18,,,1,101,,70293,18,,,1,100,,70294,18,,,1,99,,70295,18,,,1,100,,70296,18,,,1,100,,70297,18,,,1,100,,70298,18,,,1,99,,70299,18,,,1,100,,70302,18,,,1,100,,70300,18,,,1,100,,70301,18,,,1,98,,70303,18,,,1,100,,70304,18,,,1
5200,'Dimanche-1',638,,82250,18,,,1,100,,82249,18,,,1,100,,82251,18,,,1,101,,82254,18,,,1,100,,82252,18,,,1,101,,82253,18,,,1,101,,82257,18,,,1,100,,82256,18,,,1,99,,82258,18,,,1,100,,82255,18,,,1,100,,82259,18,,,1,100,,82261,18,,,1,99,,82262,18,,,1,100,,82260,18,,,1,100,,82263,18,,,1,100,,82264,18,,,1,98,,82265,18,,,1,100,,82266,18,,,1
5200,'Semaine-1',609,,82270,18,,,1,98,,82272,18,,,1,107,,82267,18,,,1,98,,82283,18,,,1,97,,82281,18,,,1,101,,82268,18,,,1,100,,82275,18,,,1,100,,82274,18,,,1,100,,82271,18,,,1,101,,82269,18,,,1,108,,82273,18,,,1,100,,82284,18,,,1,107,,82282,18,,,1,99,,82276,18,,,1,84,,82280,18,,,1,100,,82279,18,,,1,100,,82277,18,,,1,100,,82278,18,,,1
5200,'Semaine-12',609,,82288,18,,,1,98,,82290,18,,,1,107,,82285,18,,,1,98,,82301,18,,,1,97,,82299,18,,,1,101,,82286,18,,,1,100,,82293,18,,,1,100,,82292,18,,,1,100,,82289,18,,,1,101,,82287,18,,,1,108,,82291,18,,,1,100,,82302,18,,,1,107,,82300,18,,,1,99,,82294,18,,,1,84,,82298,18,,,1,100,,82297,18,,,1,100,,82295,18,,,1,100,,82296,18,,,1
5601,'Semaine-1',1241,,82735,35,,,1,102,,82732,35,,,1,100,,82731,35,,,1,102,,82734,35,,,2,104,,82733,35,,,1,99,,82736,35,,,1,94,,82737,35,,,1
5601,'Semaine-12',1241,,82742,35,,,1,102,,82739,35,,,1,100,,82738,35,,,1,102,,82741,35,,,2,104,,82740,35,,,1,99,,82743,35,,,1,94,,82744,35,,,1
64500,'Semaine-1',708,,86851,9,0,9 10,1
64500,'Semaine-12',708,,86852,9,0,9 10,1
