2701,'Semaine-1',616,,80049,11,,,1,43,,80050,11,,,1,91,,80047,11,,,1,66,,80048,11,,,2
2701,'Semaine-12',616,,80053,11,,,1,43,,80054,11,,,1,91,,80051,11,,,1,66,,80052,11,,,2
3300,'Samedi-1',811,,80535,42,,,1,101,,80536,42,,,1,101,,80537,42,,,1,100,,80538,42,,,1,102,,80539,42,,,1,100,,80540,42,,,1,101,,80541,42,,,1,100,,80542,42,,,1,100,,80543,42,,,1,100,,80544,42,,,1,100,,80545,42,,,1,97,,80546,42,,,1,99,,80547,42,,,1,100,,80548,42,,,1,100,,80549,42,,,1,100,,80550,42,,,1,99,,80551,42,,,1,99,,80552,42,,,1
3300,'Samedi-10',811,,66888,42,,,1,101,,66889,42,,,1,101,,66890,42,,,1,100,,66891,42,,,1,102,,66892,42,,,1,100,,66893,42,,,1,101,,66894,42,,,1,100,,66895,42,,,1,100,,66896,42,,,1,100,,66897,42,,,1,100,,66898,42,,,1,97,,66899,42,,,1,99,,66900,42,,,1,100,,66901,42,,,1,100,,66902,42,,,1,100,,66903,42,,,1,99,,66904,42,,,1,99,,66905,42,,,1
3300,'Dimanche-1',811,,80554,42,,,1,101,,80559,42,,,1,101,,80565,42,,,1,100,,80556,42,,,1,102,,80558,42,,,1,100,,80555,42,,,1,101,,80557,42,,,1,100,,80553,42,,,1,100,,80561,42,,,1,100,,80560,42,,,1,100,,80563,42,,,1,97,,80562,42,,,1,99,,80564,42,,,1,100,,80566,42,,,1,100,,80567,42,,,1,100,,80568,42,,,1,99,,80569,42,,,1,99,,80570,42,,,1
3300,'Semaine-1',655,,80596,42,,,1,60,,80595,42,,,1,19,,80602,42,,,1,74,,80575,42,,,1,13,,80589,42,,,1,19,,80597,42,,,1,16,,80610,42,,,1,56,,80603,42,,,1,27,,80587,42,,,1,66,,80605,42,,,1,31,,80590,42,,,1,78,,80580,42,,,1,21,,80599,42,,,1,20,,80585,42,,,1,60,,80592,42,,,1,20,,80581,42,,,1,22,,80607,42,,,1,58,,80588,42,,,1,20,,80609,42,,,1,72,,80594,42,,,1,31,,80582,42,,,1,20,,80604,42,,,1,60,,80600,42,,,1,22,,80593,42,,,1,63,,80572,42,,,1,21,,80584,42,,,1,12,,80591,42,,,1,13,,80608,42,,,1,56,,80606,42,,,1,25,,80601,42,,,1,20,,80579,42,,,1,59,,80578,42,,,1,15,,80583,42,,,1,18,,80571,42,,,1,58,,80576,42,,,1,41,,80611,42,,,1,73,,80586,42,,,1,98,,80577,42,,,1,102,,80573,42,,,1,100,,80598,42,,,2,100,,80612,42,,,1,102,,80574,42,,,1
3300,'Semaine-12',655,,80638,42,,,1,60,,80637,42,,,1,19,,80644,42,,,1,74,,80617,42,,,1,13,,80631,42,,,1,19,,80639,42,,,1,16,,80652,42,,,1,56,,80645,42,,,1,27,,80629,42,,,1,66,,80647,42,,,1,31,,80632,42,,,1,78,,80622,42,,,1,21,,80641,42,,,1,20,,80627,42,,,1,60,,80634,42,,,1,20,,80623,42,,,1,22,,80649,42,,,1,58,,80630,42,,,1,20,,80651,42,,,1,72,,80636,42,,,1,31,,80624,42,,,1,20,,80646,42,,,1,60,,80642,42,,,1,22,,80635,42,,,1,63,,80614,42,,,1,21,,80626,42,,,1,12,,80633,42,,,1,13,,80650,42,,,1,56,,80648,42,,,1,25,,80643,42,,,1,20,,80621,42,,,1,59,,80620,42,,,1,15,,80625,42,,,1,18,,80613,42,,,1,58,,80618,42,,,1,41,,80653,42,,,1,73,,80628,42,,,1,98,,80619,42,,,1,102,,80615,42,,,1,100,,80640,42,,,2,100,,80654,42,,,1,102,,80616,42,,,1
33100,'Semaine-1',835,,85911,33,0,7 8,1
33100,'Semaine-12',835,,85912,33,0,7 8,1
43300,'Semaine-1',1509,,86778,20,0,9 14,2
43300,'Semaine-12',1509,,86780,20,0,9 14,2
56600,'Semaine-1',1535,,86817,21,0,5 6,1
56600,'Semaine-12',1535,,86818,21,0,5 6,1
73300,'Semaine-1',1647,,86877,38,,,1
73300,'Semaine-12',1647,,86878,38,,,1
82701,'Semaine-1',753,,87130,11,0,9 12 13,2
82701,'Semaine-12',753,,87131,11,0,9 12 13,2
