5501,'Samedi-1',653,,82555,17,,,1,70,,82558,17,,,1,31,,82557,17,,,1,70,,82567,17,,,1,29,,82556,17,,,1,71,,82559,17,,,1,31,,82560,17,,,1,69,,82566,17,,,1,29,,82562,17,,,1,70,,82563,17,,,1,30,,82561,17,,,1,70,,82569,17,,,1,30,,82568,17,,,1,70,,82564,17,,,1,30,,82565,17,,,1,72,,82570,17,,,1,28,,82571,17,,,1,72,,82572,17,,,1,28,,82573,17,,,1,72,,82574,17,,,1,28,,82575,17,,,1,72,,82576,17,,,1,28,,82577,17,,,1,71,,82578,17,,,1,30,,82579,17,,,1,70,,82580,17,,,1,30,,82581,17,,,1,71,,82582,17,,,1,30,,82583,17,,,1,70,,82585,17,,,1,30,,82584,17,,,1,70,,82587,17,,,1,30,,82586,17,,,1
5501,'Samedi-10',653,,71004,17,,,1,70,,71007,17,,,1,31,,71006,17,,,1,70,,71016,17,,,1,29,,71005,17,,,1,71,,71008,17,,,1,31,,71009,17,,,1,69,,71015,17,,,1,29,,71011,17,,,1,70,,71012,17,,,1,30,,71010,17,,,1,70,,71018,17,,,1,30,,71017,17,,,1,70,,71013,17,,,1,30,,71014,17,,,1,72,,71019,17,,,1,28,,71020,17,,,1,72,,71021,17,,,1,28,,71022,17,,,1,72,,71023,17,,,1,28,,71024,17,,,1,72,,71025,17,,,1,28,,71026,17,,,1,71,,71027,17,,,1,30,,71028,17,,,1,70,,71029,17,,,1,30,,71030,17,,,1,71,,71031,17,,,1,30,,71032,17,,,1,70,,71034,17,,,1,30,,71033,17,,,1,70,,71036,17,,,1,30,,71035,17,,,1
5501,'Dimanche-1',653,,82589,17,,,1,70,,82593,17,,,1,31,,82591,17,,,1,70,,82596,17,,,1,29,,82598,17,,,1,71,,82592,17,,,1,31,,82588,17,,,1,69,,82602,17,,,1,29,,82597,17,,,1,70,,82604,17,,,1,30,,82595,17,,,1,70,,82594,17,,,1,30,,82600,17,,,1,70,,82590,17,,,1,30,,82599,17,,,1,72,,82603,17,,,1,28,,82608,17,,,1,72,,82601,17,,,1,28,,82607,17,,,1,72,,82610,17,,,1,28,,82605,17,,,1,72,,82606,17,,,1,28,,82612,17,,,1,71,,82614,17,,,1,30,,82611,17,,,1,70,,82609,17,,,1,30,,82613,17,,,1,71,,82615,17,,,1,30,,82616,17,,,1,70,,82617,17,,,1,30,,82618,17,,,1,70,,82619,17,,,1,30,,82620,17,,,1
5501,'Semaine-1',514,,82634,17,,,1,14,,82641,17,,,1,14,,82640,17,,,1,16,,82624,17,,,1,55,,82662,17,,,1,21,,82661,17,,,1,8,,82621,17,,,1,12,,82666,17,,,1,55,,82647,17,,,1,13,,82655,17,,,1,16,,82625,17,,,1,9,,82629,17,,,1,53,,82627,17,,,1,9,,82656,17,,,1,6,,82658,17,,,1,13,,82635,17,,,1,29,,82639,17,,,1,52,,82626,17,,,1,11,,82660,17,,,1,29,,82653,17,,,1,71,,82657,17,,,1,28,,82623,17,,,1,70,,82630,17,,,1,30,,82643,17,,,1,70,,82654,17,,,1,29,,82650,17,,,1,70,,82631,17,,,1,30,,82663,17,,,1,70,,82622,17,,,1,30,,82628,17,,,1,88,,82632,17,,,1,102,,82637,17,,,1,100,,82642,17,,,1,101,,82659,17,,,1,21,,82648,17,,,1,70,,82636,17,,,1,72,,82652,17,,,1,29,,82645,17,,,1,70,,82664,17,,,1,30,,82638,17,,,1,29,,82644,17,,,1,74,,82646,17,,,1,70,,82633,17,,,1,30,,82651,17,,,1,70,,82649,17,,,1
5501,'Semaine-12',514,,82680,17,,,1,14,,82687,17,,,1,14,,82686,17,,,1,16,,82670,17,,,1,55,,82708,17,,,1,21,,82707,17,,,1,8,,82667,17,,,1,12,,82712,17,,,1,55,,82693,17,,,1,13,,82701,17,,,1,16,,82671,17,,,1,9,,82675,17,,,1,53,,82673,17,,,1,9,,82702,17,,,1,6,,82704,17,,,1,13,,82681,17,,,1,29,,82685,17,,,1,52,,82672,17,,,1,11,,82706,17,,,1,29,,82699,17,,,1,71,,82703,17,,,1,28,,82669,17,,,1,70,,82676,17,,,1,30,,82689,17,,,1,70,,82700,17,,,1,29,,82696,17,,,1,70,,82677,17,,,1,30,,82709,17,,,1,70,,82668,17,,,1,30,,82674,17,,,1,88,,82678,17,,,1,102,,82683,17,,,1,100,,82688,17,,,1,101,,82705,17,,,1,21,,82694,17,,,1,70,,82682,17,,,1,72,,82698,17,,,1,29,,82691,17,,,1,70,,82710,17,,,1,30,,82684,17,,,1,29,,82690,17,,,1,74,,82692,17,,,1,70,,82679,17,,,1,30,,82697,17,,,1,70,,82695,17,,,1
5801,'Semaine-1',551,,82763,5,,,1,70,,82767,5,,,1,30,,82765,5,,,1,70,,82764,5,,,1,30,,82761,5,,,1,70,,82766,5,,,1,800,,82762,5,,,1
5801,'Semaine-12',551,,82770,5,,,1,70,,82774,5,,,1,30,,82772,5,,,1,70,,82771,5,,,1,30,,82768,5,,,1,70,,82773,5,,,1,800,,82769,5,,,1
64501,'Semaine-1',1504,,86853,5,0,9 10,1
64501,'Semaine-12',1504,,86854,5,0,9 10,1
64701,'Semaine-1',1506,,86857,5,0,9 10,1
64701,'Semaine-12',1506,,86858,5,0,9 10,1
65501,'Semaine-1',1504,,86865,5,0,9 10,1
65501,'Semaine-12',1504,,86866,5,0,9 10,1
