3100,'Samedi-1',719,,80085,26,,,1,105,,80086,26,,,1,102,,80087,26,,,1,100,,80088,26,,,1,102,,80089,26,,,1,102,,80090,26,,,1,101,,80091,26,,,1,100,,80092,26,,,1,100,,80093,26,,,1,102,,80094,26,,,1,100,,80095,26,,,1,100,,80096,26,,,1,93,,80097,26,,,1,100,,80098,26,,,1,100,,80099,26,,,1,100,,80100,26,,,1,101,,80101,26,,,1,100,,80102,26,,,1,100,,80103,26,,,1
3100,'Samedi-10',719,,66103,26,,,1,105,,66104,26,,,1,102,,66105,26,,,1,100,,66106,26,,,1,102,,66107,26,,,1,102,,66108,26,,,1,101,,66109,26,,,1,100,,66110,26,,,1,100,,66111,26,,,1,102,,66112,26,,,1,100,,66113,26,,,1,100,,66114,26,,,1,93,,66115,26,,,1,100,,66116,26,,,1,100,,66117,26,,,1,100,,66118,26,,,1,101,,66119,26,,,1,100,,66120,26,,,1,100,,66121,26,,,1
3100,'Dimanche-1',719,,80108,26,,,1,105,,80110,26,,,1,102,,80109,26,,,1,100,,80117,26,,,1,102,,80112,26,,,1,102,,80104,26,,,1,101,,80107,26,,,1,100,,80106,26,,,1,100,,80105,26,,,1,102,,80111,26,,,1,100,,80113,26,,,1,100,,80114,26,,,1,93,,80116,26,,,1,100,,80115,26,,,1,100,,80118,26,,,1,100,,80119,26,,,1,101,,80120,26,,,1,100,,80121,26,,,1,100,,80122,26,,,1
3100,'Semaine-1',627,,80127,26,,,1,84,,80160,26,,,1,21,,80140,26,,,1,21,,80128,26,,,1,55,,80165,26,,,1,21,,80162,26,,,1,21,,80124,26,,,1,58,,80137,26,,,1,23,,80138,26,,,1,9,,80129,26,,,1,64,,80131,26,,,1,20,,80148,26,,,1,27,,80149,26,,,1,71,,80130,26,,,1,30,,80135,26,,,1,70,,80154,26,,,1,30,,80151,26,,,1,57,,80132,26,,,1,13,,80125,26,,,1,19,,80159,26,,,1,60,,80163,26,,,1,18,,80150,26,,,1,29,,80133,26,,,1,63,,80153,26,,,1,10,,80155,26,,,1,35,,80161,26,,,1,64,,80152,26,,,1,18,,80134,26,,,1,19,,80145,26,,,1,63,,80147,26,,,1,19,,80136,26,,,1,17,,80123,26,,,1,55,,80126,26,,,1,10,,80157,26,,,1,29,,80164,26,,,1,52,,80142,26,,,1,20,,80158,26,,,1,106,,80143,26,,,1,99,,80139,26,,,1,100,,80144,26,,,1,100,,80146,26,,,1,100,,80156,26,,,1,100,,80141,26,,,1
3100,'Semaine-12',627,,80170,26,,,1,84,,80203,26,,,1,21,,80183,26,,,1,21,,80171,26,,,1,55,,80208,26,,,1,21,,80205,26,,,1,21,,80167,26,,,1,58,,80180,26,,,1,23,,80181,26,,,1,9,,80172,26,,,1,64,,80174,26,,,1,20,,80191,26,,,1,27,,80192,26,,,1,71,,80173,26,,,1,30,,80178,26,,,1,70,,80197,26,,,1,30,,80194,26,,,1,57,,80175,26,,,1,13,,80168,26,,,1,19,,80202,26,,,1,60,,80206,26,,,1,18,,80193,26,,,1,29,,80176,26,,,1,63,,80196,26,,,1,10,,80198,26,,,1,35,,80204,26,,,1,64,,80195,26,,,1,18,,80177,26,,,1,19,,80188,26,,,1,63,,80190,26,,,1,19,,80179,26,,,1,17,,80166,26,,,1,55,,80169,26,,,1,10,,80200,26,,,1,29,,80207,26,,,1,52,,80185,26,,,1,20,,80201,26,,,1,106,,80186,26,,,1,99,,80182,26,,,1,100,,80187,26,,,1,100,,80189,26,,,1,100,,80199,26,,,1,100,,80184,26,,,1
3300,'Samedi-1',758,,80535,22,,,1,101,,80536,22,,,1,141,,80537,22,,,1,100,,80538,22,,,1,101,,80539,22,,,1,100,,80540,22,,,1,100,,80541,22,,,1,100,,80542,22,,,1,100,,80543,22,,,1,100,,80544,22,,,1,100,,80545,22,,,1,58,,80546,22,,,1,99,,80547,22,,,1,100,,80548,22,,,1,100,,80549,22,,,1,100,,80550,22,,,1,100,,80551,22,,,1,99,,80552,22,,,1
3300,'Samedi-10',758,,66888,22,,,1,101,,66889,22,,,1,141,,66890,22,,,1,100,,66891,22,,,1,101,,66892,22,,,1,100,,66893,22,,,1,100,,66894,22,,,1,100,,66895,22,,,1,100,,66896,22,,,1,100,,66897,22,,,1,100,,66898,22,,,1,58,,66899,22,,,1,99,,66900,22,,,1,100,,66901,22,,,1,100,,66902,22,,,1,100,,66903,22,,,1,100,,66904,22,,,1,99,,66905,22,,,1
3300,'Dimanche-1',758,,80554,22,,,1,101,,80559,22,,,1,141,,80565,22,,,1,100,,80556,22,,,1,101,,80558,22,,,1,100,,80555,22,,,1,100,,80557,22,,,1,100,,80553,22,,,1,100,,80561,22,,,1,100,,80560,22,,,1,100,,80563,22,,,1,58,,80562,22,,,1,99,,80564,22,,,1,100,,80566,22,,,1,100,,80567,22,,,1,100,,80568,22,,,1,100,,80569,22,,,1,99,,80570,22,,,1
3300,'Semaine-1',633,,80596,22,,,1,20,,80595,22,,,1,59,,80602,22,,,1,34,,80575,22,,,1,13,,80589,22,,,1,61,,80597,22,,,1,16,,80610,22,,,1,17,,80603,22,,,1,68,,80587,22,,,1,28,,80605,22,,,1,72,,80590,22,,,1,38,,80580,22,,,1,61,,80599,22,,,1,20,,80585,22,,,1,60,,80592,22,,,1,20,,80581,22,,,1,22,,80607,22,,,1,58,,80588,22,,,1,20,,80609,22,,,1,32,,80594,22,,,1,69,,80582,22,,,1,20,,80604,22,,,1,60,,80600,22,,,1,20,,80593,22,,,1,23,,80572,22,,,1,61,,80584,22,,,1,12,,80591,22,,,1,15,,80608,22,,,1,17,,80606,22,,,1,65,,80601,22,,,1,20,,80579,22,,,1,19,,80578,22,,,1,55,,80583,22,,,1,18,,80571,22,,,1,18,,80576,22,,,1,81,,80611,22,,,1,33,,80586,22,,,1,98,,80577,22,,,1,102,,80573,22,,,1,100,,80598,22,,,2,100,,80612,22,,,1,143,,80574,22,,,1
3300,'Semaine-12',633,,80638,22,,,1,20,,80637,22,,,1,59,,80644,22,,,1,34,,80617,22,,,1,13,,80631,22,,,1,61,,80639,22,,,1,16,,80652,22,,,1,17,,80645,22,,,1,68,,80629,22,,,1,28,,80647,22,,,1,72,,80632,22,,,1,38,,80622,22,,,1,61,,80641,22,,,1,20,,80627,22,,,1,60,,80634,22,,,1,20,,80623,22,,,1,22,,80649,22,,,1,58,,80630,22,,,1,20,,80651,22,,,1,32,,80636,22,,,1,69,,80624,22,,,1,20,,80646,22,,,1,60,,80642,22,,,1,20,,80635,22,,,1,23,,80614,22,,,1,61,,80626,22,,,1,12,,80633,22,,,1,15,,80650,22,,,1,17,,80648,22,,,1,65,,80643,22,,,1,20,,80621,22,,,1,19,,80620,22,,,1,55,,80625,22,,,1,18,,80613,22,,,1,18,,80618,22,,,1,81,,80653,22,,,1,33,,80628,22,,,1,98,,80619,22,,,1,102,,80615,22,,,1,100,,80640,22,,,2,100,,80654,22,,,1,143,,80616,22,,,1
3500,'Semaine-1',647,,81054,30,0,15 16,1,78,,81029,30,0,15 16,2,23,,81039,30,0,15 16,1,63,,81057,30,0,15 16,1,15,,81047,30,0,15 16,1,20,,81062,30,0,15 16,1,60,,81059,30,0,15 16,1,23,,81052,30,0,15 16,1,21,,81058,30,0,15 16,1,70,,81037,30,0,15 16,1,26,,81050,30,0,15 16,1,74,,81031,30,0,15 16,1,28,,81035,30,0,15 16,1,70,,81045,30,0,15 16,2,32,,81030,30,0,15 16,1,70,,81040,30,0,15 16,1,30,,81061,30,0,15 16,2,70,,81048,30,0,15 16,1,30,,81032,30,0,15 16,2,74,,81044,30,,,2,33,,81046,30,0,15 16,1,58,,81038,23,0,15 16,1,19,,81049,30,,,1,13,,81043,23,0,15 16,1,58,,81053,30,,,1,25,,81055,30,0,15 16,1,29,,81036,30,,,1,64,,81034,30,0,15 16,1,28,,81063,30,,,1,66,,81051,30,0,15 16,1,30,,81041,23,0,15 16,1,70,,81042,30,,,1,100,,81056,30,,,1,100,,81060,30,,,1,100,,81033,30,0,15 16,1
3500,'Semaine-12',647,,81089,30,0,15 16,1,78,,81064,30,0,15 16,2,23,,81074,30,0,15 16,1,63,,81092,30,0,15 16,1,15,,81082,30,0,15 16,1,20,,81097,30,0,15 16,1,60,,81094,30,0,15 16,1,23,,81087,30,0,15 16,1,21,,81093,30,0,15 16,1,70,,81072,30,0,15 16,1,26,,81085,30,0,15 16,1,74,,81066,30,0,15 16,1,28,,81070,30,0,15 16,1,70,,81080,30,0,15 16,2,32,,81065,30,0,15 16,1,70,,81075,30,0,15 16,1,30,,81096,30,0,15 16,2,70,,81083,30,0,15 16,1,30,,81067,30,0,15 16,2,74,,81079,30,,,2,33,,81081,30,0,15 16,1,58,,81073,23,0,15 16,1,19,,81084,30,,,1,13,,81078,23,0,15 16,1,58,,81088,30,,,1,25,,81090,30,0,15 16,1,29,,81071,30,,,1,64,,81069,30,0,15 16,1,28,,81098,30,,,1,66,,81086,30,0,15 16,1,30,,81076,23,0,15 16,1,70,,81077,30,,,1,100,,81091,30,,,1,100,,81095,30,,,1,100,,81068,30,0,15 16,1
3600,'Semaine-1',914,,81164,24,,,1,100,,81165,24,,,1,102,,81163,24,,,1,100,,81166,24,,,1,100,,81168,24,,,1,100,,81169,24,,,1,99,,81167,24,,,1
3600,'Semaine-12',914,,81171,24,,,1,100,,81172,24,,,1,102,,81170,24,,,1,100,,81173,24,,,1,100,,81175,24,,,1,100,,81176,24,,,1,99,,81174,24,,,1
3901,'Samedi-1',620,,81789,23,,,1,100,,81791,23,,,1,100,,81795,23,,,1,101,,81794,23,,,1,100,,81797,23,,,1,100,,81796,23,,,1,100,,81792,23,,,1,30,,81790,23,,,1,70,,81798,23,,,1,30,,81793,23,,,1,71,,81799,23,,,1,30,,81800,23,,,1,70,,81801,23,,,1,30,,81802,23,,,1,70,,81803,23,,,1,30,,81804,23,,,1,70,,81805,23,,,1,30,,81806,23,,,1,70,,81807,23,,,1,29,,81808,23,,,1,100,,81809,23,,,1,100,,81810,23,,,1,100,,81811,23,,,1,100,,81812,23,,,1
3901,'Samedi-10',620,,69456,23,,,1,100,,69458,23,,,1,100,,69462,23,,,1,101,,69461,23,,,1,100,,69464,23,,,1,100,,69463,23,,,1,100,,69459,23,,,1,30,,69457,23,,,1,70,,69465,23,,,1,30,,69460,23,,,1,71,,69466,23,,,1,30,,69467,23,,,1,70,,69468,23,,,1,30,,69469,23,,,1,70,,69470,23,,,1,30,,69471,23,,,1,70,,69472,23,,,1,30,,69473,23,,,1,70,,69474,23,,,1,29,,69475,23,,,1,100,,69476,23,,,1,100,,69477,23,,,1,100,,69478,23,,,1,100,,69479,23,,,1
3901,'Dimanche-1',620,,81813,23,,,1,100,,81820,23,,,1,100,,81823,23,,,1,101,,81816,23,,,1,100,,81818,23,,,1,100,,81819,23,,,1,100,,81822,23,,,1,30,,81815,23,,,1,70,,81817,23,,,1,30,,81824,23,,,1,71,,81814,23,,,1,30,,81826,23,,,1,70,,81821,23,,,1,30,,81828,23,,,1,70,,81831,23,,,1,30,,81833,23,,,1,70,,81829,23,,,1,30,,81830,23,,,1,70,,81832,23,,,1,29,,81825,23,,,1,100,,81827,23,,,1,100,,81834,23,,,1,100,,81835,23,,,1,100,,81836,23,,,1
3901,'Semaine-1',642,,81859,23,,,1,66,,81848,23,,,1,37,,81849,23,,,1,73,,81845,23,,,1,32,,81851,23,,,1,70,,81853,23,,,2,30,,81860,23,,,1,70,,81871,23,,,1,30,,81866,23,,,2,70,,81861,23,,,1,30,,81846,23,,,1,71,,81855,23,,,1,31,,81862,23,,,1,69,,81847,23,,,2,30,,81844,23,,,1,74,,81863,23,,,1,29,,81856,23,,,1,71,,81837,23,,,1,31,,81864,23,,,2,69,,81842,23,,,1,31,,81839,23,,,1,70,,81867,23,,,1,27,,81852,23,,,1,72,,81858,23,,,2,30,,81843,23,,,2,72,,81865,23,,,1,25,,81838,23,,,2,66,,81868,23,,,1,30,,81841,23,,,1,70,,81857,23,,,1,32,,81869,23,,,1,70,,81840,23,,,1,32,,81850,23,,,1,70,,81870,23,,,1,30,,81854,23,,,1
3901,'Semaine-12',642,,81894,23,,,1,66,,81883,23,,,1,37,,81884,23,,,1,73,,81880,23,,,1,32,,81886,23,,,1,70,,81888,23,,,2,30,,81895,23,,,1,70,,81906,23,,,1,30,,81901,23,,,2,70,,81896,23,,,1,30,,81881,23,,,1,71,,81890,23,,,1,31,,81897,23,,,1,69,,81882,23,,,2,30,,81879,23,,,1,74,,81898,23,,,1,29,,81891,23,,,1,71,,81872,23,,,1,31,,81899,23,,,2,69,,81877,23,,,1,31,,81874,23,,,1,70,,81902,23,,,1,27,,81887,23,,,1,72,,81893,23,,,2,30,,81878,23,,,2,72,,81900,23,,,1,25,,81873,23,,,2,66,,81903,23,,,1,30,,81876,23,,,1,70,,81892,23,,,1,32,,81904,23,,,1,70,,81875,23,,,1,32,,81885,23,,,1,70,,81905,23,,,1,30,,81889,23,,,1
4900,'Samedi-1',747,,82003,51,,,1,100,,82004,51,,,1,102,,82001,51,,,1,100,,82005,51,,,1,100,,82002,51,,,1,101,,82006,51,,,1,98,,82007,51,,,1,102,,82008,51,,,1,100,,82009,51,,,1,100,,82010,51,,,1,100,,82011,51,,,1,97,,82012,51,,,1,100,,82013,51,,,1,100,,82014,51,,,1,100,,82015,51,,,1,100,,82016,51,,,1,98,,82017,51,,,1
4900,'Samedi-10',747,,69841,51,,,1,100,,69842,51,,,1,102,,69839,51,,,1,100,,69843,51,,,1,100,,69840,51,,,1,101,,69844,51,,,1,98,,69845,51,,,1,102,,69846,51,,,1,100,,69847,51,,,1,100,,69848,51,,,1,100,,69849,51,,,1,97,,69850,51,,,1,100,,69851,51,,,1,100,,69852,51,,,1,100,,69853,51,,,1,100,,69854,51,,,1,98,,69855,51,,,1
4900,'Dimanche-1',747,,82018,51,,,1,100,,82031,51,,,1,102,,82019,51,,,1,100,,82030,51,,,1,100,,82022,51,,,1,101,,82021,51,,,1,98,,82025,51,,,1,102,,82020,51,,,1,100,,82024,51,,,1,100,,82023,51,,,1,100,,82027,51,,,1,97,,82029,51,,,1,100,,82026,51,,,1,100,,82028,51,,,1,100,,82032,51,,,1,100,,82033,51,,,1,98,,82034,51,,,1
4900,'Semaine-1',703,,82062,51,,,1,17,,82057,38,,,1,3,,82069,38,,,1,4,,82045,38,,,1,6,,82068,38,,,1,4,,82073,51,,,1,3,,82072,38,,,1,4,,82071,38,,,1,5,,82070,38,,,1,61,,82065,51,,,1,26,,82061,38,,,1,1,,82066,51,,,1,72,,82060,51,,,1,30,,82055,51,,,1,68,,82047,51,,,1,31,,82067,51,,,1,73,,82063,51,,,1,30,,82058,51,,,1,70,,82035,51,,,1,30,,82056,51,,,1,70,,82037,51,,,1,30,,82042,51,,,1,70,,82044,51,,,1,30,,82048,51,,,1,70,,82064,51,,,1,37,,82046,51,,,1,70,,82049,51,,,1,30,,82040,51,,,1,70,,82052,51,,,1,30,,82043,51,,,1,67,,82041,51,,,1,30,,82059,51,,,1,66,,82053,51,,,1,96,,82036,51,,,1,99,,82054,51,,,1,101,,82051,51,,,1,97,,82038,51,,,1,97,,82050,51,,,1,100,,82039,51,,,1
4900,'Semaine-12',703,,82101,51,,,1,17,,82096,38,,,1,3,,82108,38,,,1,4,,82084,38,,,1,6,,82107,38,,,1,4,,82112,51,,,1,3,,82111,38,,,1,4,,82110,38,,,1,5,,82109,38,,,1,61,,82104,51,,,1,26,,82100,38,,,1,1,,82105,51,,,1,72,,82099,51,,,1,30,,82094,51,,,1,68,,82086,51,,,1,31,,82106,51,,,1,73,,82102,51,,,1,30,,82097,51,,,1,70,,82074,51,,,1,30,,82095,51,,,1,70,,82076,51,,,1,30,,82081,51,,,1,70,,82083,51,,,1,30,,82087,51,,,1,70,,82103,51,,,1,37,,82085,51,,,1,70,,82088,51,,,1,30,,82079,51,,,1,70,,82091,51,,,1,30,,82082,51,,,1,67,,82080,51,,,1,30,,82098,51,,,1,66,,82092,51,,,1,96,,82075,51,,,1,99,,82093,51,,,1,101,,82090,51,,,1,97,,82077,51,,,1,97,,82089,51,,,1,100,,82078,51,,,1
32901,'Semaine-1',1636,,85909,24,0,7 8,1
32901,'Semaine-12',1636,,85910,24,0,7 8,1
43101,'Semaine-1',730,,86775,1,0,9 14,1
43101,'Semaine-12',730,,86776,1,0,9 14,1
56600,'Semaine-1',1518,,86817,2,0,5 6,1
56600,'Semaine-12',1518,,86818,2,0,5 6,1
56900,'Semaine-1',1518,,86821,2,0,5 6,2
56900,'Semaine-12',1518,,86822,2,0,5 6,2
57600,'Semaine-1',1518,,86829,2,0,5 6,1
57600,'Semaine-12',1518,,86830,2,0,5 6,1
73300,'Semaine-1',1630,,86877,19,,,1
73300,'Semaine-12',1630,,86878,19,,,1
82600,'Semaine-1',1529,,87121,10,0,9 12 13,1
82600,'Semaine-12',1529,,87123,10,0,9 12 13,1
83100,'Semaine-1',1530,,87145,10,0,9 12 13,1
83100,'Semaine-12',1530,,87147,10,0,9 12 13,1
83300,'Semaine-1',1532,,87153,9,0,9 12 13,1
83300,'Semaine-12',1532,,87155,9,0,9 12 13,1
