2300,'Semaine-1',1522,,79976,1,,,1,28,,79974,1,,,1,74,,79972,1,,,1,26,,79973,1,,,2,68,,79975,1,,,2,32,,79971,1,,,1
2300,'Semaine-12',1522,,79982,1,,,1,28,,79980,1,,,1,74,,79978,1,,,1,26,,79979,1,,,2,68,,79981,1,,,2,32,,79977,1,,,1
2500,'Semaine-1',1505,,79993,1,,,1,30,,79996,1,,,1,70,,79994,1,,,1,33,,79998,1,,,1,67,,79995,1,,,2,30,,79997,1,,,2
2500,'Semaine-12',1505,,79999,1,,,1,30,,80002,1,,,1,70,,80000,1,,,1,33,,80004,1,,,1,67,,80001,1,,,2,30,,80003,1,,,2
2600,'Semaine-1',1528,,80019,1,,,1,30,,80018,1,,,1,70,,80017,1,,,2,30,,80020,1,,,1,70,,80021,1,,,2
2600,'Semaine-12',1528,,80024,1,,,1,30,,80023,1,,,1,70,,80022,1,,,2,30,,80025,1,,,1,70,,80026,1,,,2
2900,'Semaine-1',1519,,80070,1,,,2,33,,80069,1,,,1,72,,80067,1,,,2,28,,80071,1,,,1,73,,80068,1,,,1
2900,'Semaine-12',1519,,80075,1,,,2,33,,80074,1,,,1,72,,80072,1,,,2,28,,80076,1,,,1,73,,80073,1,,,1
3101,'Samedi-1',716,,80209,37,,,1,100,,80210,37,,,1,100,,80211,37,,,1,102,,80212,37,,,1,101,,80213,37,,,1,100,,80214,37,,,1,100,,80215,37,,,1,100,,80216,37,,,1,100,,80217,37,,,1,100,,80218,37,,,1,100,,80219,37,,,1,99,,80220,37,,,1,99,,80221,37,,,1,97,,80222,37,,,1,100,,80223,37,,,1,100,,80224,37,,,1,100,,80225,37,,,1,100,,80226,37,,,1
3101,'Samedi-10',716,,66345,37,,,1,100,,66346,37,,,1,100,,66347,37,,,1,102,,66348,37,,,1,101,,66349,37,,,1,100,,66350,37,,,1,100,,66351,37,,,1,100,,66352,37,,,1,100,,66353,37,,,1,100,,66354,37,,,1,100,,66355,37,,,1,99,,66356,37,,,1,99,,66357,37,,,1,97,,66358,37,,,1,100,,66359,37,,,1,100,,66360,37,,,1,100,,66361,37,,,1,100,,66362,37,,,1
3101,'Dimanche-1',716,,80228,37,,,1,100,,80233,37,,,1,100,,80240,37,,,1,102,,80230,37,,,1,101,,80232,37,,,1,100,,80229,37,,,1,100,,80231,37,,,1,100,,80227,37,,,1,100,,80234,37,,,1,100,,80237,37,,,1,100,,80236,37,,,1,99,,80235,37,,,1,99,,80239,37,,,1,97,,80238,37,,,1,100,,80241,37,,,1,100,,80242,37,,,1,100,,80243,37,,,1,100,,80244,37,,,1
3101,'Semaine-1',558,,80248,37,,,1,76,,80282,37,,,1,74,,80262,37,,,1,33,,80249,37,,,1,16,,80285,37,,,1,57,,80245,37,,,1,15,,80287,37,,,1,11,,80259,37,,,1,15,,80260,37,,,1,54,,80279,37,,,1,15,,80250,37,,,1,19,,80252,37,,,1,60,,80277,37,,,1,19,,80269,37,,,1,21,,80278,37,,,1,60,,80251,37,,,1,20,,80253,37,,,1,20,,80273,37,,,1,60,,80283,37,,,1,20,,80272,37,,,1,20,,80254,37,,,1,60,,80246,37,,,1,20,,80276,37,,,1,20,,80286,37,,,1,60,,80271,37,,,1,20,,80255,37,,,1,17,,80274,37,,,1,63,,80275,37,,,1,21,,80284,37,,,1,25,,80270,37,,,1,59,,80256,37,,,1,23,,80267,37,,,1,20,,80268,37,,,1,60,,80257,37,,,1,18,,80263,37,,,1,19,,80247,37,,,1,58,,80280,37,,,1,18,,80288,37,,,1,23,,80258,37,,,1,97,,80281,37,,,1,100,,80264,37,,,1,100,,80261,37,,,1,97,,80265,37,,,1,100,,80266,37,,,1
3101,'Semaine-12',558,,80292,37,,,1,76,,80326,37,,,1,74,,80306,37,,,1,33,,80293,37,,,1,16,,80329,37,,,1,57,,80289,37,,,1,15,,80331,37,,,1,11,,80303,37,,,1,15,,80304,37,,,1,54,,80323,37,,,1,15,,80294,37,,,1,19,,80296,37,,,1,60,,80321,37,,,1,19,,80313,37,,,1,21,,80322,37,,,1,60,,80295,37,,,1,20,,80297,37,,,1,20,,80317,37,,,1,60,,80327,37,,,1,20,,80316,37,,,1,20,,80298,37,,,1,60,,80290,37,,,1,20,,80320,37,,,1,20,,80330,37,,,1,60,,80315,37,,,1,20,,80299,37,,,1,17,,80318,37,,,1,63,,80319,37,,,1,21,,80328,37,,,1,25,,80314,37,,,1,59,,80300,37,,,1,23,,80311,37,,,1,20,,80312,37,,,1,60,,80301,37,,,1,18,,80307,37,,,1,19,,80291,37,,,1,58,,80324,37,,,1,18,,80332,37,,,1,23,,80302,37,,,1,97,,80325,37,,,1,100,,80308,37,,,1,100,,80305,37,,,1,97,,80309,37,,,1,100,,80310,37,,,1
3201,'Semaine-1',543,,80478,36,,,1,60,,80477,36,,,1,20,,80469,36,,,1,21,,80479,36,,,2,10,,80459,36,,,1,48,,80480,36,,,1,12,,80460,36,,,1,12,,80461,36,,,1,8,,80453,36,,,1,11,,80456,36,,,1,8,,80482,36,,,1,49,,80462,36,,,1,8,,80457,36,,,1,9,,80470,36,,,1,8,,80452,36,,,1,9,,80463,36,,,1,8,,80481,36,,,2,8,,80451,36,,,1,50,,80450,36,,,1,10,,80455,36,,,1,8,,80458,36,,,1,8,,80464,36,,,1,22,,80438,36,,,2,68,,80448,37,,,1,29,,80441,37,,,1,70,,80444,37,,,1,30,,80437,37,,,1,70,,80447,37,,,1,30,,80442,37,,,1,70,,80449,37,,,1,30,,80431,37,,,1,70,,80436,37,,,1,30,,80443,37,,,1,73,,80454,37,,,1,33,,80471,37,,,1,71,,80472,37,,,2,29,,80473,37,,,1,69,,80474,37,,,1,27,,80475,37,,,2,69,,80476,37,,,1,30,,80434,37,,,1,68,,80432,37,,,2,28,,80445,37,,,2,70,,80440,37,,,1,29,,80435,37,,,1,71,,80433,37,,,2,30,,80446,37,,,1,69,,80439,37,,,1,28,,80466,37,,,1,72,,80465,37,,,1,28,,80467,37,,,1,70,,80468,37,,,1
3201,'Semaine-12',543,,80530,36,,,1,60,,80529,36,,,1,20,,80521,36,,,1,21,,80531,36,,,2,10,,80511,36,,,1,48,,80532,36,,,1,12,,80512,36,,,1,12,,80513,36,,,1,8,,80505,36,,,1,11,,80508,36,,,1,8,,80534,36,,,1,49,,80514,36,,,1,8,,80509,36,,,1,9,,80522,36,,,1,8,,80504,36,,,1,9,,80515,36,,,1,8,,80533,36,,,2,8,,80503,36,,,1,50,,80502,36,,,1,10,,80507,36,,,1,8,,80510,36,,,1,8,,80516,36,,,1,22,,80490,36,,,2,68,,80500,37,,,1,29,,80493,37,,,1,70,,80496,37,,,1,30,,80489,37,,,1,70,,80499,37,,,1,30,,80494,37,,,1,70,,80501,37,,,1,30,,80483,37,,,1,70,,80488,37,,,1,30,,80495,37,,,1,73,,80506,37,,,1,33,,80523,37,,,1,71,,80524,37,,,2,29,,80525,37,,,1,69,,80526,37,,,1,27,,80527,37,,,2,69,,80528,37,,,1,30,,80486,37,,,1,68,,80484,37,,,2,28,,80497,37,,,2,70,,80492,37,,,1,29,,80487,37,,,1,71,,80485,37,,,2,30,,80498,37,,,1,69,,80491,37,,,1,28,,80518,37,,,1,72,,80517,37,,,1,28,,80519,37,,,1,70,,80520,37,,,1
3301,'Samedi-1',747,,80655,45,,,1,100,,80656,45,,,1,100,,80657,45,,,1,100,,80658,45,,,1,101,,80659,45,,,1,101,,80660,45,,,1,100,,80661,45,,,1,100,,80662,45,,,1,102,,80663,45,,,1,98,,80664,45,,,1,100,,80665,45,,,1,96,,80666,45,,,1,100,,80667,45,,,1,100,,80668,45,,,1,100,,80669,45,,,1,100,,80670,45,,,1,100,,80671,45,,,1,100,,80672,45,,,1
3301,'Samedi-10',747,,67122,45,,,1,100,,67123,45,,,1,100,,67124,45,,,1,100,,67125,45,,,1,101,,67126,45,,,1,101,,67127,45,,,1,100,,67128,45,,,1,100,,67129,45,,,1,102,,67130,45,,,1,98,,67131,45,,,1,100,,67132,45,,,1,96,,67133,45,,,1,100,,67134,45,,,1,100,,67135,45,,,1,100,,67136,45,,,1,100,,67137,45,,,1,100,,67138,45,,,1,100,,67139,45,,,1
3301,'Dimanche-1',747,,80677,45,,,1,100,,80678,45,,,1,100,,80686,45,,,1,100,,80679,45,,,1,101,,80674,45,,,1,101,,80675,45,,,1,100,,80673,45,,,1,100,,80676,45,,,1,102,,80680,45,,,1,98,,80681,45,,,1,100,,80683,45,,,1,96,,80685,45,,,1,100,,80684,45,,,1,100,,80682,45,,,1,100,,80687,45,,,1,100,,80688,45,,,1,100,,80689,45,,,1,100,,80690,45,,,1
3301,'Semaine-1',634,,80714,45,,,1,20,,80722,45,,,1,60,,80699,45,,,1,15,,80719,45,,,1,21,,80715,45,,,1,50,,80710,45,,,1,11,,80730,45,,,1,13,,80728,45,,,1,15,,80717,45,,,1,12,,80705,45,,,1,50,,80721,45,,,1,14,,80695,45,,,1,30,,80707,45,,,1,69,,80713,45,,,1,30,,80703,45,,,1,70,,80724,45,,,1,30,,80708,45,,,1,70,,80700,45,,,1,30,,80702,45,,,1,56,,80720,45,,,1,15,,80729,45,,,1,26,,80711,45,,,1,69,,80701,45,,,1,30,,80706,45,,,1,73,,80709,45,,,1,24,,80731,45,,,1,19,,80712,45,,,1,58,,80716,45,,,1,23,,80697,45,,,1,20,,80727,45,,,1,59,,80704,45,,,1,27,,80694,45,,,1,69,,80691,45,,,1,32,,80725,45,,,1,70,,80698,45,,,1,30,,80693,45,,,1,98,,80696,45,,,1,74,,80718,45,,,1,100,,80723,45,,,2,100,,80692,45,,,1,100,,80726,45,,,1
3301,'Semaine-12',634,,80755,45,,,1,20,,80763,45,,,1,60,,80740,45,,,1,15,,80760,45,,,1,21,,80756,45,,,1,50,,80751,45,,,1,11,,80771,45,,,1,13,,80769,45,,,1,15,,80758,45,,,1,12,,80746,45,,,1,50,,80762,45,,,1,14,,80736,45,,,1,30,,80748,45,,,1,69,,80754,45,,,1,30,,80744,45,,,1,70,,80765,45,,,1,30,,80749,45,,,1,70,,80741,45,,,1,30,,80743,45,,,1,56,,80761,45,,,1,15,,80770,45,,,1,26,,80752,45,,,1,69,,80742,45,,,1,30,,80747,45,,,1,73,,80750,45,,,1,24,,80772,45,,,1,19,,80753,45,,,1,58,,80757,45,,,1,23,,80738,45,,,1,20,,80768,45,,,1,59,,80745,45,,,1,27,,80735,45,,,1,69,,80732,45,,,1,32,,80766,45,,,1,70,,80739,45,,,1,30,,80734,45,,,1,98,,80737,45,,,1,74,,80759,45,,,1,100,,80764,45,,,2,100,,80733,45,,,1,100,,80767,45,,,1
3401,'Samedi-1',732,,80905,58,,,1,100,,80908,58,,,1,70,,80917,58,,,1,30,,80906,58,,,1,74,,80911,58,,,1,30,,80913,58,,,1,67,,80907,58,,,1,30,,80916,58,,,1,74,,80909,58,,,1,29,,80918,58,,,1,72,,80910,58,,,1,30,,80912,58,,,1,70,,80914,58,,,1,30,,80915,58,,,1,70,,80919,58,,,1,32,,80920,58,,,1,70,,80921,58,,,1,30,,80922,58,,,1,69,,80923,58,,,1,28,,80924,58,,,1,70,,80925,58,,,1,28,,80926,58,,,1,70,,80927,58,,,1,30,,80929,58,,,1,67,,80928,58,,,1,30,,80930,58,,,1,70,,80931,58,,,1,30,,80932,58,,,1,70,,80934,58,,,1,30,,80933,58,,,1,70,,80935,58,,,1,55,,80936,58,,,1
3401,'Samedi-10',732,,67667,58,,,1,100,,67670,58,,,1,70,,67679,58,,,1,30,,67668,58,,,1,74,,67673,58,,,1,30,,67675,58,,,1,67,,67669,58,,,1,30,,67678,58,,,1,74,,67671,58,,,1,29,,67680,58,,,1,72,,67672,58,,,1,30,,67674,58,,,1,70,,67676,58,,,1,30,,67677,58,,,1,70,,67681,58,,,1,32,,67682,58,,,1,70,,67683,58,,,1,30,,67684,58,,,1,69,,67685,58,,,1,28,,67686,58,,,1,70,,67687,58,,,1,28,,67688,58,,,1,70,,67689,58,,,1,30,,67691,58,,,1,67,,67690,58,,,1,30,,67692,58,,,1,70,,67693,58,,,1,30,,67694,58,,,1,70,,67696,58,,,1,30,,67695,58,,,1,70,,67697,58,,,1,55,,67698,58,,,1
3401,'Dimanche-1',732,,80937,58,,,1,100,,80945,58,,,1,70,,80950,58,,,1,30,,80942,58,,,1,74,,80940,58,,,1,30,,80963,58,,,1,67,,80944,58,,,1,30,,80949,58,,,1,74,,80939,58,,,1,29,,80938,58,,,1,72,,80941,58,,,1,30,,80948,58,,,1,70,,80951,58,,,1,30,,80943,58,,,1,70,,80947,58,,,1,32,,80946,58,,,1,70,,80952,58,,,1,30,,80956,58,,,1,69,,80953,58,,,1,28,,80954,58,,,1,70,,80955,58,,,1,28,,80962,58,,,1,70,,80957,58,,,1,30,,80960,58,,,1,67,,80958,58,,,1,30,,80959,58,,,1,70,,80961,58,,,1,30,,80964,58,,,1,70,,80966,58,,,1,30,,80965,58,,,1,70,,80967,58,,,1,55,,80968,58,,,1
3401,'Semaine-1',941,,80994,57,,,1,70,,80974,57,,,2,30,,80978,58,,,1,70,,80998,58,,,1,30,,80971,58,,,1,70,,80975,58,,,1,30,,80979,58,,,1,70,,80969,58,,,1,30,,80972,58,,,1,70,,80976,58,,,1,32,,80980,58,,,2,71,,80973,58,,,1,32,,80995,58,,,1,72,,80970,58,,,1,35,,80996,58,,,1,67,,80997,58,,,1,28,,80991,58,,,1,66,,80987,58,,,1,27,,80977,58,,,1,69,,80984,58,,,1,29,,80993,58,,,1,69,,80981,58,,,1,30,,80983,58,,,1,70,,80985,58,,,1,30,,80989,58,,,2,70,,80982,58,,,1,30,,80988,58,,,1,68,,80986,58,,,1,30,,80990,58,,,1,70,,80992,58,,,1
3401,'Semaine-12',941,,81024,57,,,1,70,,81004,57,,,2,30,,81008,58,,,1,70,,81028,58,,,1,30,,81001,58,,,1,70,,81005,58,,,1,30,,81009,58,,,1,70,,80999,58,,,1,30,,81002,58,,,1,70,,81006,58,,,1,32,,81010,58,,,2,71,,81003,58,,,1,32,,81025,58,,,1,72,,81000,58,,,1,35,,81026,58,,,1,67,,81027,58,,,1,28,,81021,58,,,1,66,,81017,58,,,1,27,,81007,58,,,1,69,,81014,58,,,1,29,,81023,58,,,1,69,,81011,58,,,1,30,,81013,58,,,1,70,,81015,58,,,1,30,,81019,58,,,2,70,,81012,58,,,1,30,,81018,58,,,1,68,,81016,58,,,1,30,,81020,58,,,1,70,,81022,58,,,1
3601,'Semaine-1',923,,81179,45,,,1,90,,81177,46,,,1,99,,81180,46,,,1,102,,81178,46,,,1,99,,81183,46,,,1,100,,81182,46,,,1,101,,81181,46,,,1
3601,'Semaine-12',923,,81186,45,,,1,90,,81184,46,,,1,99,,81187,46,,,1,102,,81185,46,,,1,99,,81190,46,,,1,100,,81189,46,,,1,101,,81188,46,,,1
3701,'Samedi-1',719,,81286,39,,,1,100,,81291,39,,,1,100,,81285,39,,,1,103,,81290,39,,,1,100,,81287,39,,,1,100,,81288,39,,,1,100,,81292,39,,,1,102,,81289,39,,,1,100,,81293,39,,,1,100,,81294,39,,,1,100,,81295,39,,,1,98,,81296,39,,,1,100,,81297,39,,,1,100,,81298,39,,,1,100,,81299,39,,,1,97,,81300,39,,,1,99,,81301,39,,,1
3701,'Samedi-10',719,,68373,39,,,1,100,,68378,39,,,1,100,,68372,39,,,1,103,,68377,39,,,1,100,,68374,39,,,1,100,,68375,39,,,1,100,,68379,39,,,1,102,,68376,39,,,1,100,,68380,39,,,1,100,,68381,39,,,1,100,,68382,39,,,1,98,,68383,39,,,1,100,,68384,39,,,1,100,,68385,39,,,1,100,,68386,39,,,1,97,,68387,39,,,1,99,,68388,39,,,1
3701,'Dimanche-1',719,,81303,39,,,1,100,,81304,39,,,1,100,,81306,39,,,1,103,,81307,39,,,1,100,,81315,39,,,1,100,,81302,39,,,1,100,,81308,39,,,1,102,,81305,39,,,1,100,,81310,39,,,1,100,,81311,39,,,1,100,,81313,39,,,1,98,,81312,39,,,1,100,,81309,39,,,1,100,,81314,39,,,1,100,,81316,39,,,1,97,,81317,39,,,1,99,,81318,39,,,1
3701,'Semaine-1',545,,81332,38,,,1,72,,81330,38,,,1,35,,81334,38,,,1,70,,81324,38,,,1,37,,81341,38,,,1,57,,81321,38,,,1,14,,81342,38,,,1,28,,81323,38,,,1,96,,81340,38,,,1,100,,81328,39,,,1,100,,81322,39,,,1,100,,81320,39,,,1,100,,81325,39,,,1,102,,81336,39,,,1,102,,81319,39,,,1,71,,81335,39,,,1,71,,81338,39,,,1,28,,81333,39,,,1,28,,81339,39,,,1,67,,81343,39,,,1,85,,81327,39,,,1,98,,81337,39,,,1,100,,81329,39,,,1,102,,81326,39,,,1,48,,81331,39,,,1
3701,'Semaine-12',545,,81357,38,,,1,72,,81355,38,,,1,35,,81359,38,,,1,70,,81349,38,,,1,37,,81366,38,,,1,57,,81346,38,,,1,14,,81367,38,,,1,28,,81348,38,,,1,96,,81365,38,,,1,100,,81353,39,,,1,100,,81347,39,,,1,100,,81345,39,,,1,100,,81350,39,,,1,102,,81361,39,,,1,102,,81344,39,,,1,71,,81360,39,,,1,71,,81363,39,,,1,28,,81358,39,,,1,28,,81364,39,,,1,67,,81368,39,,,1,85,,81352,39,,,1,98,,81362,39,,,1,100,,81354,39,,,1,102,,81351,39,,,1,48,,81356,39,,,1
3801,'Samedi-1',733,,81523,26,,,1,70,,81519,26,,,1,30,,81531,26,,,1,70,,81524,26,,,1,30,,81520,26,,,1,71,,81532,26,,,1,28,,81525,26,,,1,72,,81529,26,,,1,30,,81521,26,,,1,70,,81526,26,,,1,30,,81530,26,,,1,70,,81522,26,,,1,31,,81527,26,,,1,70,,81528,26,,,1,30,,81533,26,,,1,70,,81534,26,,,1,31,,81535,26,,,1,70,,81536,26,,,1,29,,81537,26,,,1,70,,81538,26,,,1,30,,81539,26,,,1,70,,81540,26,,,1,27,,81541,26,,,1,72,,81543,26,,,1,30,,81542,26,,,1,70,,81545,26,,,1,30,,81544,26,,,1,70,,81546,26,,,1,29,,81547,26,,,1,70,,81551,26,,,1,30,,81548,26,,,1,70,,81549,26,,,1,29,,81550,26,,,1
3801,'Samedi-10',733,,68893,26,,,1,70,,68889,26,,,1,30,,68901,26,,,1,70,,68894,26,,,1,30,,68890,26,,,1,71,,68902,26,,,1,28,,68895,26,,,1,72,,68899,26,,,1,30,,68891,26,,,1,70,,68896,26,,,1,30,,68900,26,,,1,70,,68892,26,,,1,31,,68897,26,,,1,70,,68898,26,,,1,30,,68903,26,,,1,70,,68904,26,,,1,31,,68905,26,,,1,70,,68906,26,,,1,29,,68907,26,,,1,70,,68908,26,,,1,30,,68909,26,,,1,70,,68910,26,,,1,27,,68911,26,,,1,72,,68913,26,,,1,30,,68912,26,,,1,70,,68915,26,,,1,30,,68914,26,,,1,70,,68916,26,,,1,29,,68917,26,,,1,70,,68921,26,,,1,30,,68918,26,,,1,70,,68919,26,,,1,29,,68920,26,,,1
3801,'Dimanche-1',733,,81560,26,,,1,70,,81562,26,,,1,30,,81555,26,,,1,70,,81554,26,,,1,30,,81576,26,,,1,71,,81565,26,,,1,28,,81556,26,,,1,72,,81578,26,,,1,30,,81575,26,,,1,70,,81557,26,,,1,30,,81577,26,,,1,70,,81564,26,,,1,31,,81558,26,,,1,70,,81561,26,,,1,30,,81563,26,,,1,70,,81553,26,,,1,31,,81559,26,,,1,70,,81552,26,,,1,29,,81569,26,,,1,70,,81570,26,,,1,30,,81572,26,,,1,70,,81568,26,,,1,27,,81574,26,,,1,72,,81571,26,,,1,30,,81566,26,,,1,70,,81573,26,,,1,30,,81567,26,,,1,70,,81579,26,,,1,29,,81580,26,,,1,70,,81581,26,,,1,30,,81582,26,,,1,70,,81583,26,,,1,29,,81584,26,,,1
3801,'Semaine-1',640,,81613,27,,,1,71,,81585,27,,,1,30,,81612,27,,,1,62,,81623,27,,,1,18,,81619,27,,,1,23,,81601,27,,,1,70,,81621,27,,,1,29,,81608,26,,,1,59,,81591,26,,,1,20,,81617,26,,,1,20,,81602,26,,,1,60,,81594,26,,,1,22,,81609,26,,,1,20,,81592,26,,,1,60,,81616,26,,,1,21,,81622,26,,,1,22,,81595,26,,,1,60,,81624,26,,,1,20,,81610,26,,,1,20,,81615,26,,,1,58,,81603,26,,,1,20,,81596,26,,,1,19,,81611,26,,,1,61,,81625,26,,,1,22,,81598,26,,,1,22,,81604,26,,,1,70,,81618,26,,,1,30,,81593,26,,,1,71,,81600,26,,,1,27,,81590,26,,,1,69,,81626,26,,,1,20,,81587,26,,,1,19,,81620,26,,,1,69,,81589,26,,,1,29,,81599,26,,,1,71,,81607,26,,,1,30,,81614,26,,,1,70,,81597,26,,,1,28,,81605,26,,,1,71,,81606,26,,,1,29,,81586,26,,,1,85,,81588,26,,,1
3801,'Semaine-12',640,,81655,27,,,1,71,,81627,27,,,1,30,,81654,27,,,1,62,,81665,27,,,1,18,,81661,27,,,1,23,,81643,27,,,1,70,,81663,27,,,1,29,,81650,26,,,1,59,,81633,26,,,1,20,,81659,26,,,1,20,,81644,26,,,1,60,,81636,26,,,1,22,,81651,26,,,1,20,,81634,26,,,1,60,,81658,26,,,1,21,,81664,26,,,1,22,,81637,26,,,1,60,,81666,26,,,1,20,,81652,26,,,1,20,,81657,26,,,1,58,,81645,26,,,1,20,,81638,26,,,1,19,,81653,26,,,1,61,,81667,26,,,1,22,,81640,26,,,1,22,,81646,26,,,1,70,,81660,26,,,1,30,,81635,26,,,1,71,,81642,26,,,1,27,,81632,26,,,1,69,,81668,26,,,1,20,,81629,26,,,1,19,,81662,26,,,1,69,,81631,26,,,1,29,,81641,26,,,1,71,,81649,26,,,1,30,,81656,26,,,1,70,,81639,26,,,1,28,,81647,26,,,1,71,,81648,26,,,1,29,,81628,26,,,1,85,,81630,26,,,1
4000,'Semaine-1',1500,,81911,1,,,1,30,,81907,1,,,2,70,,81910,1,,,1,30,,81909,1,,,1,70,,81908,1,,,1,33,,81912,1,,,1
4000,'Semaine-12',1500,,81917,1,,,1,30,,81913,1,,,2,70,,81916,1,,,1,30,,81915,1,,,1,70,,81914,1,,,1,33,,81918,1,,,1
4100,'Semaine-1',1510,,81932,1,,,1,30,,81934,1,,,1,72,,81933,1,,,2,28,,81931,1,,,1,70,,81935,1,,,1
4100,'Semaine-12',1510,,81937,1,,,1,30,,81939,1,,,1,72,,81938,1,,,2,28,,81936,1,,,1,70,,81940,1,,,1
4500,'Semaine-1',1449,,81964,1,,,1,71,,81959,1,,,1,30,,81960,1,,,1,73,,81962,1,,,1,27,,81963,1,,,1,70,,81961,1,,,2
4500,'Semaine-12',1449,,81970,1,,,1,71,,81965,1,,,1,30,,81966,1,,,1,73,,81968,1,,,1,27,,81969,1,,,1,70,,81967,1,,,2
4700,'Semaine-1',1505,,81983,1,,,1,100,,81984,1,,,1,100,,81985,1,,,2
4700,'Semaine-12',1505,,81986,1,,,1,100,,81987,1,,,1,100,,81988,1,,,2
4800,'Semaine-1',1658,,81997,1,,,1
4800,'Semaine-12',1658,,81998,1,,,1
5501,'Samedi-1',728,,82555,56,,,1,30,,82558,56,,,1,71,,82557,56,,,1,30,,82567,56,,,1,69,,82556,56,,,1,72,,82559,56,,,1,31,,82560,56,,,1,69,,82566,56,,,1,31,,82562,56,,,1,70,,82563,56,,,1,30,,82561,56,,,1,70,,82569,56,,,1,30,,82568,56,,,1,70,,82564,56,,,1,30,,82565,56,,,1,72,,82570,56,,,1,28,,82571,56,,,1,72,,82572,56,,,1,28,,82573,56,,,1,72,,82574,56,,,1,28,,82575,56,,,1,72,,82576,56,,,1,28,,82577,56,,,1,69,,82578,56,,,1,30,,82579,56,,,1,70,,82580,56,,,1,30,,82581,56,,,1,28,,82582,56,,,1,70,,82583,56,,,1,30,,82585,56,,,1,69,,82584,56,,,1,30,,82587,56,,,1,70,,82586,56,,,1
5501,'Samedi-10',728,,71004,56,,,1,30,,71007,56,,,1,71,,71006,56,,,1,30,,71016,56,,,1,69,,71005,56,,,1,72,,71008,56,,,1,31,,71009,56,,,1,69,,71015,56,,,1,31,,71011,56,,,1,70,,71012,56,,,1,30,,71010,56,,,1,70,,71018,56,,,1,30,,71017,56,,,1,70,,71013,56,,,1,30,,71014,56,,,1,72,,71019,56,,,1,28,,71020,56,,,1,72,,71021,56,,,1,28,,71022,56,,,1,72,,71023,56,,,1,28,,71024,56,,,1,72,,71025,56,,,1,28,,71026,56,,,1,69,,71027,56,,,1,30,,71028,56,,,1,70,,71029,56,,,1,30,,71030,56,,,1,28,,71031,56,,,1,70,,71032,56,,,1,30,,71034,56,,,1,69,,71033,56,,,1,30,,71036,56,,,1,70,,71035,56,,,1
5501,'Dimanche-1',728,,82589,56,,,1,30,,82593,56,,,1,71,,82591,56,,,1,30,,82596,56,,,1,69,,82598,56,,,1,72,,82592,56,,,1,31,,82588,56,,,1,69,,82602,56,,,1,31,,82597,56,,,1,70,,82604,56,,,1,30,,82595,56,,,1,70,,82594,56,,,1,30,,82600,56,,,1,70,,82590,56,,,1,30,,82599,56,,,1,72,,82603,56,,,1,28,,82608,56,,,1,72,,82601,56,,,1,28,,82607,56,,,1,72,,82610,56,,,1,28,,82605,56,,,1,72,,82606,56,,,1,28,,82612,56,,,1,69,,82614,56,,,1,30,,82611,56,,,1,70,,82609,56,,,1,30,,82613,56,,,1,28,,82615,56,,,1,70,,82616,56,,,1,30,,82617,56,,,1,69,,82618,56,,,1,30,,82619,56,,,1,70,,82620,56,,,1
5501,'Semaine-1',546,,82634,56,,,1,55,,82641,56,,,1,14,,82640,54,,,1,18,,82624,54,,,1,16,,82662,54,,,1,62,,82661,54,,,1,8,,82621,54,,,1,17,,82666,54,,,1,15,,82647,54,,,1,56,,82655,54,,,1,16,,82625,54,,,1,8,,82629,54,,,1,12,,82627,54,,,1,9,,82656,54,,,1,3,,82658,54,,,1,54,,82635,54,,,1,25,,82639,54,,,1,12,,82626,54,,,1,11,,82660,54,,,1,71,,82653,56,,,1,23,,82665,23,,,1,8,,82657,56,,,1,69,,82623,56,,,1,27,,82630,56,,,1,70,,82643,56,,,1,30,,82654,56,,,1,71,,82650,56,,,1,30,,82631,56,,,1,70,,82663,56,,,1,30,,82622,56,,,1,75,,82628,56,,,1,93,,82632,56,,,1,96,,82637,56,,,1,99,,82642,56,,,1,96,,82659,56,,,1,20,,82648,56,,,1,70,,82636,56,,,1,30,,82652,56,,,1,70,,82645,56,,,1,30,,82664,56,,,1,70,,82638,56,,,1,29,,82644,56,,,1,68,,82646,56,,,1,30,,82633,56,,,1,68,,82651,56,,,1,30,,82649,56,,,1
5501,'Semaine-12',546,,82680,56,,,1,55,,82687,56,,,1,14,,82686,54,,,1,18,,82670,54,,,1,16,,82708,54,,,1,62,,82707,54,,,1,8,,82667,54,,,1,17,,82712,54,,,1,15,,82693,54,,,1,56,,82701,54,,,1,16,,82671,54,,,1,8,,82675,54,,,1,12,,82673,54,,,1,9,,82702,54,,,1,3,,82704,54,,,1,54,,82681,54,,,1,25,,82685,54,,,1,12,,82672,54,,,1,11,,82706,54,,,1,71,,82699,56,,,1,23,,82711,23,,,1,8,,82703,56,,,1,69,,82669,56,,,1,27,,82676,56,,,1,70,,82689,56,,,1,30,,82700,56,,,1,71,,82696,56,,,1,30,,82677,56,,,1,70,,82709,56,,,1,30,,82668,56,,,1,75,,82674,56,,,1,93,,82678,56,,,1,96,,82683,56,,,1,99,,82688,56,,,1,96,,82705,56,,,1,20,,82694,56,,,1,70,,82682,56,,,1,30,,82698,56,,,1,70,,82691,56,,,1,30,,82710,56,,,1,70,,82684,56,,,1,29,,82690,56,,,1,68,,82692,56,,,1,30,,82679,56,,,1,68,,82697,56,,,1,30,,82695,56,,,1
5901,'Samedi-1',743,,82939,45,,,1,70,,82946,45,,,1,30,,82943,45,,,1,70,,82948,45,,,1,31,,82940,45,,,1,70,,82945,45,,,1,31,,82944,45,,,1,70,,82947,45,,,1,30,,82951,45,,,1,71,,82952,45,,,1,30,,82941,45,,,1,70,,82942,45,,,1,30,,82950,45,,,1,70,,82949,45,,,1,30,,82953,45,,,1,70,,82954,45,,,1,30,,82955,45,,,1,70,,82956,45,,,1,30,,82957,45,,,1,70,,82958,45,,,1,30,,82959,45,,,1,70,,82960,45,,,1,30,,82961,45,,,1,67,,82962,45,,,1,31,,82963,45,,,1,71,,82965,45,,,1,30,,82964,45,,,1,68,,82966,45,,,1,30,,82967,45,,,1,70,,82968,45,,,1,30,,82970,45,,,1,69,,82969,45,,,1
5901,'Samedi-10',743,,71780,45,,,1,70,,71787,45,,,1,30,,71784,45,,,1,70,,71789,45,,,1,31,,71781,45,,,1,70,,71786,45,,,1,31,,71785,45,,,1,70,,71788,45,,,1,30,,71792,45,,,1,71,,71793,45,,,1,30,,71782,45,,,1,70,,71783,45,,,1,30,,71791,45,,,1,70,,71790,45,,,1,30,,71794,45,,,1,70,,71795,45,,,1,30,,71796,45,,,1,70,,71797,45,,,1,30,,71798,45,,,1,70,,71799,45,,,1,30,,71800,45,,,1,70,,71801,45,,,1,30,,71802,45,,,1,67,,71803,45,,,1,31,,71804,45,,,1,71,,71806,45,,,1,30,,71805,45,,,1,68,,71807,45,,,1,30,,71808,45,,,1,70,,71809,45,,,1,30,,71811,45,,,1,69,,71810,45,,,1
5901,'Dimanche-1',743,,82971,45,,,1,70,,82983,45,,,1,30,,82977,45,,,1,70,,82978,45,,,1,31,,82985,45,,,1,70,,82982,45,,,1,31,,82987,45,,,1,70,,82974,45,,,1,30,,82986,45,,,1,71,,82972,45,,,1,30,,82981,45,,,1,70,,82973,45,,,1,30,,82976,45,,,1,70,,82979,45,,,1,30,,82980,45,,,1,70,,82988,45,,,1,30,,82975,45,,,1,70,,82991,45,,,1,30,,82984,45,,,1,70,,82993,45,,,1,30,,82994,45,,,1,70,,82990,45,,,1,30,,82995,45,,,1,67,,82992,45,,,1,31,,82996,45,,,1,71,,82989,45,,,1,30,,82997,45,,,1,68,,82998,45,,,1,30,,82999,45,,,1,70,,83000,45,,,1,30,,83001,45,,,1,69,,83002,45,,,1
5901,'Semaine-1',541,,83007,45,,,1,15,,83043,45,,,1,55,,83016,45,,,1,15,,83037,43,,,1,18,,83017,43,,,1,14,,83006,43,,,1,53,,83008,43,,,1,17,,83011,43,,,1,13,,83046,21,,,1,6,,83014,43,,,1,9,,83047,21,,,1,48,,83015,43,,,1,7,,83048,21,,,1,11,,83010,43,,,1,7,,83004,21,,,1,5,,83039,43,,,1,19,,83025,43,,,1,51,,83030,43,,,1,13,,83020,43,,,1,11,,83005,43,,,1,16,,83023,43,,,1,67,,83049,43,,,1,29,,83044,45,,,1,70,,83031,45,,,1,30,,83013,45,,,1,71,,83024,45,,,1,30,,83027,45,,,1,70,,83012,45,,,1,30,,83041,45,,,1,70,,83003,45,,,1,30,,83045,45,,,1,70,,83035,45,,,1,42,,83038,45,,,1,100,,83042,45,,,1,97,,83022,45,,,1,97,,83029,45,,,1,72,,83034,45,,,1,30,,83021,45,,,1,70,,83028,45,,,1,30,,83033,45,,,1,69,,83040,45,,,1,30,,83018,45,,,1,70,,83036,45,,,1,29,,83026,45,,,1,70,,83009,45,,,1,30,,83019,45,,,1,70,,83032,45,,,1
5901,'Semaine-12',541,,83054,45,,,1,15,,83090,45,,,1,55,,83063,45,,,1,15,,83084,43,,,1,18,,83064,43,,,1,14,,83053,43,,,1,53,,83055,43,,,1,17,,83058,43,,,1,13,,83093,21,,,1,6,,83061,43,,,1,9,,83094,21,,,1,48,,83062,43,,,1,7,,83095,21,,,1,11,,83057,43,,,1,7,,83051,21,,,1,5,,83086,43,,,1,19,,83072,43,,,1,51,,83077,43,,,1,13,,83067,43,,,1,11,,83052,43,,,1,16,,83070,43,,,1,67,,83096,43,,,1,29,,83091,45,,,1,70,,83078,45,,,1,30,,83060,45,,,1,71,,83071,45,,,1,30,,83074,45,,,1,70,,83059,45,,,1,30,,83088,45,,,1,70,,83050,45,,,1,30,,83092,45,,,1,70,,83082,45,,,1,42,,83085,45,,,1,100,,83089,45,,,1,97,,83069,45,,,1,97,,83076,45,,,1,72,,83081,45,,,1,30,,83068,45,,,1,70,,83075,45,,,1,30,,83080,45,,,1,69,,83087,45,,,1,30,,83065,45,,,1,70,,83083,45,,,1,29,,83073,45,,,1,70,,83056,45,,,1,30,,83066,45,,,1,70,,83079,45,,,1
6701,'Samedi-1',658,,83967,33,,,1,100,,83973,33,,,1,101,,83969,33,,,1,141,,83968,33,,,1,30,,83971,33,,,1,72,,83976,33,,,1,30,,83977,33,,,1,70,,83970,33,,,1,30,,83972,33,,,1,70,,83975,33,,,1,30,,83978,33,,,1,70,,83979,33,,,1,30,,83974,33,,,1,71,,83980,33,,,1,30,,83981,33,,,1,70,,83982,33,,,1,31,,83983,33,,,1,67,,83984,33,,,1,33,,83985,33,,,1,69,,83986,33,,,1,30,,83987,33,,,1,26,,83988,33,,,1,71,,83989,33,,,1,100,,83990,33,,,1,100,,83991,33,,,1,100,,83993,33,,,1,98,,83992,33,,,1
6701,'Samedi-10',658,,73821,33,,,1,100,,73827,33,,,1,101,,73823,33,,,1,141,,73822,33,,,1,30,,73825,33,,,1,72,,73830,33,,,1,30,,73831,33,,,1,70,,73824,33,,,1,30,,73826,33,,,1,70,,73829,33,,,1,30,,73832,33,,,1,70,,73833,33,,,1,30,,73828,33,,,1,71,,73834,33,,,1,30,,73835,33,,,1,70,,73836,33,,,1,31,,73837,33,,,1,67,,73838,33,,,1,33,,73839,33,,,1,69,,73840,33,,,1,30,,73841,33,,,1,26,,73842,33,,,1,71,,73843,33,,,1,100,,73844,33,,,1,100,,73845,33,,,1,100,,73847,33,,,1,98,,73846,33,,,1
6701,'Dimanche-1',658,,83994,33,,,1,100,,83997,33,,,1,101,,83999,33,,,1,141,,84002,33,,,1,30,,84008,33,,,1,72,,83996,33,,,1,30,,84009,33,,,1,70,,84000,33,,,1,30,,84003,33,,,1,70,,84001,33,,,1,30,,83995,33,,,1,70,,84005,33,,,1,30,,84006,33,,,1,71,,83998,33,,,1,30,,84004,33,,,1,70,,84011,33,,,1,31,,84007,33,,,1,67,,84014,33,,,1,33,,84015,33,,,1,69,,84012,33,,,1,30,,84017,33,,,1,26,,84010,33,,,1,71,,84016,33,,,1,100,,84013,33,,,1,100,,84018,33,,,1,100,,84019,33,,,1,98,,84020,33,,,1
6701,'Semaine-1',938,,84041,33,,,1,19,,84030,33,,,1,60,,84048,33,,,1,20,,84034,33,,,1,20,,84028,33,,,1,60,,84049,33,,,1,20,,84042,33,,,1,20,,84031,33,,,1,60,,84050,33,,,1,20,,84035,33,,,1,19,,84038,33,,,1,60,,84051,33,,,1,20,,84037,33,,,1,20,,84032,33,,,1,61,,84052,33,,,1,20,,84043,33,,,1,20,,84045,33,,,1,63,,84047,33,,,1,20,,84039,33,,,1,74,,84023,33,,,1,30,,84046,33,,,1,67,,84026,33,,,1,30,,84044,33,,,1,69,,84040,33,,,1,28,,84033,33,,,1,69,,84021,33,,,1,28,,84036,33,,,1,69,,84024,33,,,2,30,,84053,33,,,2,70,,84022,33,,,1,30,,84055,33,,,1,69,,84025,33,,,2,30,,84056,33,,,1,69,,84027,33,,,1,29,,84054,33,,,1,70,,84029,33,,,2
6701,'Semaine-12',938,,84077,33,,,1,19,,84066,33,,,1,60,,84084,33,,,1,20,,84070,33,,,1,20,,84064,33,,,1,60,,84085,33,,,1,20,,84078,33,,,1,20,,84067,33,,,1,60,,84086,33,,,1,20,,84071,33,,,1,19,,84074,33,,,1,60,,84087,33,,,1,20,,84073,33,,,1,20,,84068,33,,,1,61,,84088,33,,,1,20,,84079,33,,,1,20,,84081,33,,,1,63,,84083,33,,,1,20,,84075,33,,,1,74,,84059,33,,,1,30,,84082,33,,,1,67,,84062,33,,,1,30,,84080,33,,,1,69,,84076,33,,,1,28,,84069,33,,,1,69,,84057,33,,,1,28,,84072,33,,,1,69,,84060,33,,,2,30,,84089,33,,,2,70,,84058,33,,,1,30,,84091,33,,,1,69,,84061,33,,,2,30,,84092,33,,,1,69,,84063,33,,,1,29,,84090,33,,,1,70,,84065,33,,,2
8501,'Semaine-1',553,,85431,35,,,1,71,,85433,35,,,1,27,,85436,35,,,1,55,,85435,35,,,1,18,,85440,35,,,1,15,,85432,35,,,2,17,,85438,35,,,1,56,,85434,35,,,2,14,,85439,35,,,1,20,,85437,35,,,1
8501,'Semaine-12',553,,85441,35,,,1,71,,85443,35,,,1,27,,85446,35,,,1,55,,85445,35,,,1,18,,85450,35,,,1,15,,85442,35,,,2,17,,85448,35,,,1,56,,85444,35,,,2,14,,85449,35,,,1,20,,85447,35,,,1
8701,'Semaine-1',538,,85481,31,,,1,70,,85474,31,,,1,30,,85479,31,,,1,19,,85477,31,,,1,55,,85475,31,,,1,16,,85484,31,,,1,17,,85480,31,,,1,57,,85476,31,,,1,16,,85483,31,,,1,17,,85482,31,,,2,20,,85478,31,,,1,60,,85473,31,,,1
8701,'Semaine-12',538,,85493,31,,,1,70,,85486,31,,,1,30,,85491,31,,,1,19,,85489,31,,,1,55,,85487,31,,,1,16,,85496,31,,,1,17,,85492,31,,,1,57,,85488,31,,,1,16,,85495,31,,,1,17,,85494,31,,,2,20,,85490,31,,,1,60,,85485,31,,,1
20001,'Semaine-1',641,,85828,11,,,1,6,,85829,13,,,1,6,,85830,11,,,1,6,,85831,13,,,1,43,,85832,11,,,1,5,,85854,13,,,1,9,,85833,11,,,1,2,,85834,13,,,1,7,,85851,11,,,1,5,,85835,13,,,1,8,,85850,11,,,1,5,,85837,13,,,1,5,,85846,11,,,1,3,,85836,11,,,1,3,,85827,13,,,1,3,,85853,11,,,1,43,,85842,11,,,1,3,,85838,13,,,1,3,,85840,11,,,1,3,,85852,11,,,1,5,,85839,13,,,1,7,,85843,11,,,1,3,,85841,13,,,1,2,,85845,11,,,1,7,,85844,13,,,1,8,,85855,11,,,1,6,,85847,13,,,1,5,,85848,11,,,1,5,,85849,13,,,1,46,,85856,11,,,1
20001,'Semaine-12',641,,85858,11,,,1,6,,85859,13,,,1,6,,85860,11,,,1,6,,85861,13,,,1,43,,85862,11,,,1,5,,85884,13,,,1,9,,85863,11,,,1,2,,85864,13,,,1,7,,85881,11,,,1,5,,85865,13,,,1,8,,85880,11,,,1,5,,85867,13,,,1,5,,85876,11,,,1,3,,85866,11,,,1,3,,85857,13,,,1,3,,85883,11,,,1,43,,85872,11,,,1,3,,85868,13,,,1,3,,85870,11,,,1,3,,85882,11,,,1,5,,85869,13,,,1,7,,85873,11,,,1,3,,85871,13,,,1,2,,85875,11,,,1,7,,85874,13,,,1,8,,85885,11,,,1,6,,85877,13,,,1,5,,85878,11,,,1,5,,85879,13,,,1,46,,85886,11,,,1
37101,'Samedi-1',748,,86004,39,,,1,100,,86003,39,,,1,102,,86007,39,,,1,100,,86006,39,,,1,100,,86008,39,,,1,101,,86005,39,,,1,101,,86009,39,,,1,98,,86010,39,,,1,100,,86011,39,,,1,100,,86012,39,,,1,99,,86013,39,,,1,105,,86014,39,,,1,94,,86015,39,,,1,99,,86016,39,,,1,100,,86017,39,,,1,99,,86018,39,,,1,100,,86019,39,,,1
37101,'Samedi-10',748,,77625,39,,,1,100,,77624,39,,,1,102,,77628,39,,,1,100,,77627,39,,,1,100,,77629,39,,,1,101,,77626,39,,,1,101,,77630,39,,,1,98,,77631,39,,,1,100,,77632,39,,,1,100,,77633,39,,,1,99,,77634,39,,,1,105,,77635,39,,,1,94,,77636,39,,,1,99,,77637,39,,,1,100,,77638,39,,,1,99,,77639,39,,,1,100,,77640,39,,,1
37101,'Dimanche-1',748,,86033,39,,,1,100,,86022,39,,,1,102,,86023,39,,,1,100,,86020,39,,,1,100,,86025,39,,,1,101,,86021,39,,,1,101,,86024,39,,,1,98,,86027,39,,,1,100,,86026,39,,,1,100,,86028,39,,,1,99,,86032,39,,,1,105,,86031,39,,,1,94,,86029,39,,,1,99,,86030,39,,,1,100,,86034,39,,,1,99,,86035,39,,,1,100,,86036,39,,,1
37101,'Semaine-1',557,,86053,39,,,1,73,,86056,38,,,1,73,,86049,38,,,1,29,,86051,38,,,1,74,,86061,38,,,1,30,,86060,38,,,1,67,,86055,38,,,1,32,,86039,38,,,1,98,,86046,39,,,1,100,,86044,39,,,1,101,,86045,39,,,1,100,,86059,39,,,1,100,,86042,39,,,1,106,,86043,39,,,1,71,,86040,39,,,1,30,,86047,39,,,1,67,,86057,39,,,1,28,,86058,39,,,1,70,,86037,39,,,1,40,,86041,39,,,1,92,,86052,39,,,1,100,,86054,39,,,1,100,,86038,39,,,1,97,,86048,39,,,1,183,,86050,39,,,1
37101,'Semaine-12',557,,86078,39,,,1,73,,86081,38,,,1,73,,86074,38,,,1,29,,86076,38,,,1,74,,86086,38,,,1,30,,86085,38,,,1,67,,86080,38,,,1,32,,86064,38,,,1,98,,86071,39,,,1,100,,86069,39,,,1,101,,86070,39,,,1,100,,86084,39,,,1,100,,86067,39,,,1,106,,86068,39,,,1,71,,86065,39,,,1,30,,86072,39,,,1,67,,86082,39,,,1,28,,86083,39,,,1,70,,86062,39,,,1,40,,86066,39,,,1,92,,86077,39,,,1,100,,86079,39,,,1,100,,86063,39,,,1,97,,86073,39,,,1,183,,86075,39,,,1
40001,'Samedi-1',652,,86419,18,,,1,55,,86422,18,,,1,15,,86424,18,,,1,15,,86420,18,,,1,15,,86421,18,,,1,55,,86423,18,,,1,15,,86429,18,,,1,15,,86436,18,,,1,15,,86427,18,,,1,56,,86447,18,,,1,15,,86425,18,,,1,16,,86426,18,,,1,15,,86435,18,,,1,55,,86428,18,,,1,15,,86430,18,,,1,15,,86438,18,,,1,15,,86439,18,,,1,55,,86440,18,,,1,15,,86446,18,,,1,15,,86445,18,,,1,15,,86449,18,,,1,55,,86432,18,,,1,17,,86431,18,,,1,15,,86434,18,,,1,15,,86437,18,,,1,55,,86433,18,,,1,15,,86442,18,,,1,15,,86444,18,,,1,15,,86450,18,,,1,55,,86441,18,,,1,15,,86443,18,,,1,15,,86448,18,,,1,15,,86451,18,,,1,55,,86452,18,,,1,15,,86453,18,,,1,15,,86454,18,,,1,15,,86455,18,,,1,55,,86456,18,,,1,15,,86457,18,,,1,15,,86458,18,,,1,16,,86459,18,,,1,54,,86460,18,,,1,15,,86461,18,,,1,15,,86462,18,,,1,15,,86463,18,,,1,55,,86464,18,,,1,15,,86465,18,,,1,14,,86468,18,,,1,13,,86466,18,,,1,56,,86467,18,,,1,16,,86470,18,,,1,15,,86469,18,,,1,15,,86474,18,,,1,55,,86472,18,,,1,14,,86473,18,,,1,15,,86471,18,,,1,15,,86475,18,,,1,55,,86477,18,,,1,15,,86478,18,,,1,15,,86479,18,,,1,15,,86476,18,,,1,55,,86482,18,,,1,15,,86481,18,,,1,15,,86480,18,,,1,15,,86483,18,,,1,55,,86484,18,,,1,15,,86485,18,,,1,15,,86486,18,,,1,15,,86488,18,,,1,55,,86487,18,,,1,15,,86490,18,,,1,15,,86489,18,,,1,15,,86491,18,,,1
40001,'Samedi-10',652,,78574,18,,,1,55,,78577,18,,,1,15,,78579,18,,,1,15,,78575,18,,,1,15,,78576,18,,,1,55,,78578,18,,,1,15,,78584,18,,,1,15,,78591,18,,,1,15,,78582,18,,,1,56,,78602,18,,,1,15,,78580,18,,,1,16,,78581,18,,,1,15,,78590,18,,,1,55,,78583,18,,,1,15,,78585,18,,,1,15,,78593,18,,,1,15,,78594,18,,,1,55,,78595,18,,,1,15,,78601,18,,,1,15,,78600,18,,,1,15,,78604,18,,,1,55,,78587,18,,,1,17,,78586,18,,,1,15,,78589,18,,,1,15,,78592,18,,,1,55,,78588,18,,,1,15,,78597,18,,,1,15,,78599,18,,,1,15,,78605,18,,,1,55,,78596,18,,,1,15,,78598,18,,,1,15,,78603,18,,,1,15,,78606,18,,,1,55,,78607,18,,,1,15,,78608,18,,,1,15,,78609,18,,,1,15,,78610,18,,,1,55,,78611,18,,,1,15,,78612,18,,,1,15,,78613,18,,,1,16,,78614,18,,,1,54,,78615,18,,,1,15,,78616,18,,,1,15,,78617,18,,,1,15,,78618,18,,,1,55,,78619,18,,,1,15,,78620,18,,,1,14,,78623,18,,,1,13,,78621,18,,,1,56,,78622,18,,,1,16,,78625,18,,,1,15,,78624,18,,,1,15,,78629,18,,,1,55,,78627,18,,,1,14,,78628,18,,,1,15,,78626,18,,,1,15,,78630,18,,,1,55,,78632,18,,,1,15,,78633,18,,,1,15,,78634,18,,,1,15,,78631,18,,,1,55,,78637,18,,,1,15,,78636,18,,,1,15,,78635,18,,,1,15,,78638,18,,,1,55,,78639,18,,,1,15,,78640,18,,,1,15,,78641,18,,,1,15,,78643,18,,,1,55,,78642,18,,,1,15,,78645,18,,,1,15,,78644,18,,,1,15,,78646,18,,,1
40001,'Dimanche-1',652,,86492,18,,,1,55,,86499,18,,,1,15,,86500,18,,,1,15,,86494,18,,,1,15,,86493,18,,,1,55,,86498,18,,,1,15,,86509,18,,,1,15,,86512,18,,,1,15,,86495,18,,,1,56,,86504,18,,,1,15,,86501,18,,,1,16,,86518,18,,,1,15,,86521,18,,,1,55,,86502,18,,,1,15,,86510,18,,,1,15,,86525,18,,,1,15,,86514,18,,,1,55,,86530,18,,,1,15,,86503,18,,,1,15,,86519,18,,,1,15,,86520,18,,,1,55,,86515,18,,,1,17,,86531,18,,,1,15,,86524,18,,,1,15,,86505,18,,,1,55,,86513,18,,,1,15,,86507,18,,,1,15,,86517,18,,,1,15,,86526,18,,,1,55,,86511,18,,,1,15,,86506,18,,,1,15,,86523,18,,,1,15,,86496,18,,,1,55,,86528,18,,,1,15,,86497,18,,,1,15,,86516,18,,,1,15,,86527,18,,,1,55,,86508,18,,,1,15,,86536,18,,,1,15,,86522,18,,,1,16,,86539,18,,,1,54,,86529,18,,,1,15,,86543,18,,,1,15,,86537,18,,,1,15,,86545,18,,,1,55,,86541,18,,,1,15,,86547,18,,,1,14,,86532,18,,,1,13,,86538,18,,,1,56,,86533,18,,,1,16,,86542,18,,,1,15,,86535,18,,,1,15,,86544,18,,,1,55,,86540,18,,,1,14,,86546,18,,,1,15,,86534,18,,,1,15,,86548,18,,,1,55,,86550,18,,,1,15,,86549,18,,,1,15,,86552,18,,,1,15,,86551,18,,,1,55,,86553,18,,,1,15,,86554,18,,,1,15,,86555,18,,,1,15,,86556,18,,,1,55,,86557,18,,,1,15,,86558,18,,,1,15,,86559,18,,,1,15,,86560,18,,,1,55,,86561,18,,,1,15,,86562,18,,,1,15,,86563,18,,,1,15,,86564,18,,,1
40001,'Semaine-1',524,,86635,18,,,1,10,,86636,18,,,1,10,,86637,18,,,1,10,,86638,18,,,1,50,,86639,18,,,1,12,,86640,18,,,1,5,,86641,18,,,1,5,,86642,18,,,1,4,,86643,18,,,1,6,,86649,18,,,1,272,,86644,18,,,1,9,,86645,16,,,1,6,,86646,18,,,1,10,,86647,18,,,1,11,,86648,18,,,1,10,,86594,18,,,1,49,,86579,18,,,1,11,,86604,18,,,1,11,,86605,18,,,1,9,,86651,18,,,1,10,,86569,18,,,1,10,,86652,18,,,1,50,,86567,18,,,1,10,,86601,18,,,1,10,,86621,18,,,1,10,,86588,18,,,1,10,,86596,18,,,1,10,,86593,18,,,1,50,,86571,18,,,1,10,,86632,18,,,1,10,,86606,18,,,1,10,,86618,18,,,1,10,,86570,18,,,1,10,,86580,18,,,1,50,,86573,18,,,1,10,,86589,18,,,1,10,,86622,18,,,1,10,,86603,18,,,1,10,,86597,18,,,1,10,,86592,18,,,1,50,,86585,18,,,1,10,,86628,18,,,1,10,,86607,18,,,1,10,,86619,18,,,1,10,,86634,18,,,1,11,,86582,18,,,1,51,,86565,18,,,1,10,,86624,18,,,1,11,,86623,18,,,1,10,,86608,18,,,1,10,,86598,18,,,1,6,,86590,14,,,1,6,,86575,18,,,1,52,,86626,18,,,1,13,,86633,18,,,1,7,,86650,14,,,1,5,,86620,18,,,1,13,,86655,18,,,1,10,,86600,18,,,1,52,,86629,18,,,1,12,,86653,18,,,1,12,,86613,18,,,1,12,,86591,18,,,1,10,,86576,18,,,1,52,,86581,18,,,1,12,,86654,18,,,1,12,,86583,18,,,1,12,,86609,18,,,1,10,,86599,18,,,1,52,,86630,18,,,1,10,,86616,18,,,1,12,,86595,18,,,1,9,,86577,18,,,1,13,,86617,18,,,1,52,,86657,18,,,1,12,,86656,18,,,1,12,,86584,18,,,1,12,,86610,18,,,1,12,,86587,18,,,1,52,,86631,18,,,1,12,,86614,18,,,1,15,,86572,18,,,1,13,,86658,18,,,1,57,,86578,18,,,1,15,,86574,18,,,1,15,,86625,18,,,1,11,,86611,18,,,1,15,,86586,18,,,1,55,,86615,18,,,1,15,,86627,18,,,1,15,,86568,18,,,1,15,,86566,18,,,1,55,,86602,18,,,1,30,,86612,18,,,1
40001,'Semaine-12',524,,86729,18,,,1,10,,86730,18,,,1,10,,86731,18,,,1,10,,86732,18,,,1,50,,86733,18,,,1,12,,86734,18,,,1,5,,86735,18,,,1,5,,86736,18,,,1,4,,86737,18,,,1,6,,86743,18,,,1,272,,86738,18,,,1,9,,86739,16,,,1,6,,86740,18,,,1,10,,86741,18,,,1,11,,86742,18,,,1,10,,86688,18,,,1,49,,86673,18,,,1,11,,86698,18,,,1,11,,86699,18,,,1,9,,86745,18,,,1,10,,86663,18,,,1,10,,86746,18,,,1,50,,86661,18,,,1,10,,86695,18,,,1,10,,86715,18,,,1,10,,86682,18,,,1,10,,86690,18,,,1,10,,86687,18,,,1,50,,86665,18,,,1,10,,86726,18,,,1,10,,86700,18,,,1,10,,86712,18,,,1,10,,86664,18,,,1,10,,86674,18,,,1,50,,86667,18,,,1,10,,86683,18,,,1,10,,86716,18,,,1,10,,86697,18,,,1,10,,86691,18,,,1,10,,86686,18,,,1,50,,86679,18,,,1,10,,86722,18,,,1,10,,86701,18,,,1,10,,86713,18,,,1,10,,86728,18,,,1,11,,86676,18,,,1,51,,86659,18,,,1,10,,86718,18,,,1,11,,86717,18,,,1,10,,86702,18,,,1,10,,86692,18,,,1,6,,86684,14,,,1,6,,86669,18,,,1,52,,86720,18,,,1,13,,86727,18,,,1,7,,86744,14,,,1,5,,86714,18,,,1,13,,86749,18,,,1,10,,86694,18,,,1,52,,86723,18,,,1,12,,86747,18,,,1,12,,86707,18,,,1,12,,86685,18,,,1,10,,86670,18,,,1,52,,86675,18,,,1,12,,86748,18,,,1,12,,86677,18,,,1,12,,86703,18,,,1,10,,86693,18,,,1,52,,86724,18,,,1,10,,86710,18,,,1,12,,86689,18,,,1,9,,86671,18,,,1,13,,86711,18,,,1,52,,86751,18,,,1,12,,86750,18,,,1,12,,86678,18,,,1,12,,86704,18,,,1,12,,86681,18,,,1,52,,86725,18,,,1,12,,86708,18,,,1,15,,86666,18,,,1,13,,86752,18,,,1,57,,86672,18,,,1,15,,86668,18,,,1,15,,86719,18,,,1,11,,86705,18,,,1,15,,86680,18,,,1,55,,86709,18,,,1,15,,86721,18,,,1,15,,86662,18,,,1,15,,86660,18,,,1,55,,86696,18,,,1,30,,86706,18,,,1
