2300,'Semaine-1',1605,,79976,30,,,1,28,,79974,30,,,1,74,,79972,30,,,1,25,,79973,30,,,2,23,,79975,30,,,2,68,,79971,30,,,1
2300,'Semaine-12',1605,,79982,30,,,1,28,,79980,30,,,1,74,,79978,30,,,1,25,,79979,30,,,2,23,,79981,30,,,2,68,,79977,30,,,1
3200,'Semaine-1',644,,80376,33,,,1,71,,80375,33,,,1,32,,80371,33,,,1,73,,80373,33,,,1,28,,80372,33,,,2,70,,80374,33,,,1,28,,80347,33,,,2,70,,80342,33,,,1,30,,80343,33,,,2,70,,80354,33,,,1,30,,80348,33,,,1,72,,80334,33,,,1,30,,80335,33,,,1,69,,80346,33,,,1,30,,80349,33,,,1,70,,80355,33,,,1,31,,80336,33,,,1,70,,80381,33,,,1,15,,80333,33,,,2,16,,80363,33,,,1,10,,80353,33,,,1,51,,80359,33,,,2,10,,80360,33,,,1,10,,80378,33,,,1,10,,80379,33,,,1,10,,80380,33,,,2,53,,80377,33,,,2,7,,80350,33,,,1,10,,80361,33,,,1,10,,80369,33,,,2,10,,80362,33,,,2,7,,80339,33,,,1,10,,80370,33,,,1,50,,80356,33,,,2,8,,80358,33,,,1,10,,80357,33,,,1,19,,80351,33,,,2,65,,80345,33,,,1,30,,80340,33,,,1,70,,80337,33,,,2,29,,80352,33,,,2,70,,80344,33,,,1,33,,80341,33,,,1,66,,80338,33,,,2,30,,80364,33,,,1,68,,80365,33,,,1,28,,80366,33,,,1,70,,80367,33,,,1,30,,80368,33,,,1
3200,'Semaine-12',644,,80425,33,,,1,71,,80424,33,,,1,32,,80420,33,,,1,73,,80422,33,,,1,28,,80421,33,,,2,70,,80423,33,,,1,28,,80396,33,,,2,70,,80391,33,,,1,30,,80392,33,,,2,70,,80403,33,,,1,30,,80397,33,,,1,72,,80383,33,,,1,30,,80384,33,,,1,69,,80395,33,,,1,30,,80398,33,,,1,70,,80404,33,,,1,31,,80385,33,,,1,70,,80430,33,,,1,15,,80382,33,,,2,16,,80412,33,,,1,10,,80402,33,,,1,51,,80408,33,,,2,10,,80409,33,,,1,10,,80427,33,,,1,10,,80428,33,,,1,10,,80429,33,,,2,53,,80426,33,,,2,7,,80399,33,,,1,10,,80410,33,,,1,10,,80418,33,,,2,10,,80411,33,,,2,7,,80388,33,,,1,10,,80419,33,,,1,50,,80405,33,,,2,8,,80407,33,,,1,10,,80406,33,,,1,19,,80400,33,,,2,65,,80394,33,,,1,30,,80389,33,,,1,70,,80386,33,,,2,29,,80401,33,,,2,70,,80393,33,,,1,33,,80390,33,,,1,66,,80387,33,,,2,30,,80413,33,,,1,68,,80414,33,,,1,28,,80415,33,,,1,70,,80416,33,,,1,30,,80417,33,,,1
3400,'Samedi-1',759,,80773,47,,,1,100,,80778,47,,,1,70,,80774,47,,,1,71,,80780,47,,,1,30,,80781,47,,,1,71,,80775,47,,,1,30,,80776,47,,,1,70,,80777,47,,,1,30,,80779,47,,,1,72,,80782,47,,,1,30,,80784,47,,,1,70,,80783,47,,,1,30,,80785,47,,,1,70,,80786,47,,,1,30,,80787,47,,,1,70,,80788,47,,,1,30,,80789,47,,,1,71,,80790,47,,,1,30,,80791,47,,,1,70,,80792,47,,,1,30,,80793,47,,,1,68,,80794,47,,,1,28,,80795,47,,,1,29,,80796,47,,,1,71,,80797,47,,,1,70,,80798,47,,,1,30,,80799,47,,,1,70,,80800,47,,,1,30,,80801,47,,,1,70,,80803,47,,,1,30,,80802,47,,,1,29,,80805,47,,,1,70,,80804,47,,,1,26,,80806,47,,,1
3400,'Samedi-10',759,,67369,47,,,1,100,,67374,47,,,1,70,,67370,47,,,1,71,,67376,47,,,1,30,,67377,47,,,1,71,,67371,47,,,1,30,,67372,47,,,1,70,,67373,47,,,1,30,,67375,47,,,1,72,,67378,47,,,1,30,,67380,47,,,1,70,,67379,47,,,1,30,,67381,47,,,1,70,,67382,47,,,1,30,,67383,47,,,1,70,,67384,47,,,1,30,,67385,47,,,1,71,,67386,47,,,1,30,,67387,47,,,1,70,,67388,47,,,1,30,,67389,47,,,1,68,,67390,47,,,1,28,,67391,47,,,1,29,,67392,47,,,1,71,,67393,47,,,1,70,,67394,47,,,1,30,,67395,47,,,1,70,,67396,47,,,1,30,,67397,47,,,1,70,,67399,47,,,1,30,,67398,47,,,1,29,,67401,47,,,1,70,,67400,47,,,1,26,,67402,47,,,1
3400,'Dimanche-1',759,,80811,47,,,1,100,,80831,47,,,1,70,,80813,47,,,1,71,,80817,47,,,1,30,,80810,47,,,1,71,,80818,47,,,1,30,,80809,47,,,1,70,,80808,47,,,1,30,,80821,47,,,1,72,,80812,47,,,1,30,,80815,47,,,1,70,,80814,47,,,1,30,,80807,47,,,1,70,,80823,47,,,1,30,,80819,47,,,1,70,,80820,47,,,1,30,,80816,47,,,1,71,,80827,47,,,1,30,,80826,47,,,1,70,,80824,47,,,1,30,,80822,47,,,1,68,,80825,47,,,1,28,,80830,47,,,1,29,,80828,47,,,1,71,,80829,47,,,1,70,,80832,47,,,1,30,,80833,47,,,1,70,,80834,47,,,1,30,,80835,47,,,1,70,,80836,47,,,1,30,,80837,47,,,1,29,,80839,47,,,1,70,,80838,47,,,1,26,,80840,47,,,1
3400,'Semaine-1',637,,80871,47,,,1,68,,80856,47,,,1,33,,80850,47,,,1,75,,80854,47,,,1,30,,80845,47,,,2,69,,80865,47,,,1,30,,80851,47,,,1,67,,80841,47,,,1,30,,80846,47,,,1,70,,80847,47,,,1,30,,80852,47,,,1,70,,80842,47,,,1,31,,80872,47,,,1,70,,80848,47,,,1,30,,80853,47,,,1,70,,80843,47,,,1,33,,80869,47,,,1,70,,80844,47,,,1,26,,80870,47,,,1,305,,80868,47,,,1,60,,80857,47,,,1,27,,80849,47,,,1,70,,80861,47,,,1,30,,80867,47,,,1,71,,80858,47,,,1,28,,80860,47,,,1,70,,80862,47,,,1,30,,80855,47,,,1,70,,80864,47,,,1,28,,80859,47,,,1,29,,80863,47,,,1,70,,80866,47,,,1
3400,'Semaine-12',637,,80903,47,,,1,68,,80888,47,,,1,33,,80882,47,,,1,75,,80886,47,,,1,30,,80877,47,,,2,69,,80897,47,,,1,30,,80883,47,,,1,67,,80873,47,,,1,30,,80878,47,,,1,70,,80879,47,,,1,30,,80884,47,,,1,70,,80874,47,,,1,31,,80904,47,,,1,70,,80880,47,,,1,30,,80885,47,,,1,70,,80875,47,,,1,33,,80901,47,,,1,70,,80876,47,,,1,26,,80902,47,,,1,305,,80900,47,,,1,60,,80889,47,,,1,27,,80881,47,,,1,70,,80893,47,,,1,30,,80899,47,,,1,71,,80890,47,,,1,28,,80892,47,,,1,70,,80894,47,,,1,30,,80887,47,,,1,70,,80896,47,,,1,28,,80891,47,,,1,29,,80895,47,,,1,70,,80898,47,,,1
3901,'Samedi-1',634,,81789,41,,,1,101,,81791,41,,,1,100,,81795,41,,,1,101,,81794,41,,,1,100,,81797,41,,,1,100,,81796,41,,,1,102,,81792,41,,,1,70,,81790,41,,,1,30,,81798,41,,,1,71,,81793,41,,,1,30,,81799,41,,,1,70,,81800,41,,,1,31,,81801,41,,,1,70,,81802,41,,,1,30,,81803,41,,,1,70,,81804,41,,,1,30,,81805,41,,,1,69,,81806,41,,,1,29,,81807,41,,,1,69,,81808,41,,,1,100,,81809,41,,,1,100,,81810,41,,,1,100,,81811,41,,,1,100,,81812,41,,,1
3901,'Samedi-10',634,,69456,41,,,1,101,,69458,41,,,1,100,,69462,41,,,1,101,,69461,41,,,1,100,,69464,41,,,1,100,,69463,41,,,1,102,,69459,41,,,1,70,,69457,41,,,1,30,,69465,41,,,1,71,,69460,41,,,1,30,,69466,41,,,1,70,,69467,41,,,1,31,,69468,41,,,1,70,,69469,41,,,1,30,,69470,41,,,1,70,,69471,41,,,1,30,,69472,41,,,1,69,,69473,41,,,1,29,,69474,41,,,1,69,,69475,41,,,1,100,,69476,41,,,1,100,,69477,41,,,1,100,,69478,41,,,1,100,,69479,41,,,1
3901,'Dimanche-1',634,,81813,41,,,1,101,,81820,41,,,1,100,,81823,41,,,1,101,,81816,41,,,1,100,,81818,41,,,1,100,,81819,41,,,1,102,,81822,41,,,1,70,,81815,41,,,1,30,,81817,41,,,1,71,,81824,41,,,1,30,,81814,41,,,1,70,,81826,41,,,1,31,,81821,41,,,1,70,,81828,41,,,1,30,,81831,41,,,1,70,,81833,41,,,1,30,,81829,41,,,1,69,,81830,41,,,1,29,,81832,41,,,1,69,,81825,41,,,1,100,,81827,41,,,1,100,,81834,41,,,1,100,,81835,41,,,1,100,,81836,41,,,1
3901,'Semaine-1',701,,81859,41,,,1,27,,81848,41,,,1,77,,81849,41,,,1,33,,81845,41,,,1,71,,81851,41,,,1,30,,81853,41,,,2,70,,81860,41,,,1,30,,81871,41,,,1,70,,81866,41,,,2,30,,81861,41,,,1,70,,81846,41,,,1,31,,81855,41,,,1,70,,81862,41,,,1,29,,81847,41,,,2,70,,81844,41,,,1,34,,81863,41,,,1,73,,81856,41,,,1,30,,81837,41,,,1,71,,81864,41,,,2,32,,81842,41,,,1,68,,81839,41,,,1,30,,81867,41,,,1,66,,81852,41,,,1,32,,81858,41,,,2,69,,81843,41,,,2,32,,81865,41,,,1,65,,81838,41,,,2,26,,81868,41,,,1,70,,81841,41,,,1,30,,81857,41,,,1,71,,81869,41,,,1,30,,81840,41,,,1,72,,81850,41,,,1,28,,81870,41,,,1,70,,81854,41,,,1
3901,'Semaine-12',701,,81894,41,,,1,27,,81883,41,,,1,77,,81884,41,,,1,33,,81880,41,,,1,71,,81886,41,,,1,30,,81888,41,,,2,70,,81895,41,,,1,30,,81906,41,,,1,70,,81901,41,,,2,30,,81896,41,,,1,70,,81881,41,,,1,31,,81890,41,,,1,70,,81897,41,,,1,29,,81882,41,,,2,70,,81879,41,,,1,34,,81898,41,,,1,73,,81891,41,,,1,30,,81872,41,,,1,71,,81899,41,,,2,32,,81877,41,,,1,68,,81874,41,,,1,30,,81902,41,,,1,66,,81887,41,,,1,32,,81893,41,,,2,69,,81878,41,,,2,32,,81900,41,,,1,65,,81873,41,,,2,26,,81903,41,,,1,70,,81876,41,,,1,30,,81892,41,,,1,71,,81904,41,,,1,30,,81875,41,,,1,72,,81885,41,,,1,28,,81905,41,,,1,70,,81889,41,,,1
4901,'Samedi-1',730,,82116,27,,,1,100,,82115,27,,,1,100,,82117,27,,,1,100,,82113,27,,,1,100,,82118,27,,,1,101,,82114,27,,,1,100,,82119,27,,,1,101,,82120,27,,,1,100,,82121,27,,,1,100,,82122,27,,,1,100,,82123,27,,,1,98,,82124,27,,,1,100,,82125,27,,,1,100,,82126,27,,,1,100,,82127,27,,,1,100,,82128,27,,,1,100,,82129,27,,,1
4901,'Samedi-10',730,,70061,27,,,1,100,,70060,27,,,1,100,,70062,27,,,1,100,,70058,27,,,1,100,,70063,27,,,1,101,,70059,27,,,1,100,,70064,27,,,1,101,,70065,27,,,1,100,,70066,27,,,1,100,,70067,27,,,1,100,,70068,27,,,1,98,,70069,27,,,1,100,,70070,27,,,1,100,,70071,27,,,1,100,,70072,27,,,1,100,,70073,27,,,1,100,,70074,27,,,1
4901,'Dimanche-1',730,,82143,27,,,1,100,,82132,27,,,1,100,,82142,27,,,1,100,,82135,27,,,1,100,,82131,27,,,1,101,,82130,27,,,1,100,,82133,27,,,1,101,,82134,27,,,1,100,,82137,27,,,1,100,,82136,27,,,1,100,,82140,27,,,1,98,,82139,27,,,1,100,,82141,27,,,1,100,,82138,27,,,1,100,,82144,27,,,1,100,,82145,27,,,1,100,,82146,27,,,1
4901,'Semaine-1',614,,82153,27,,,1,88,,82158,27,,,1,31,,82174,27,,,1,71,,82170,27,,,1,28,,82168,27,,,1,68,,82178,27,,,1,30,,82160,27,,,1,70,,82176,27,,,1,28,,82172,27,,,1,72,,82147,27,,,1,30,,82169,27,,,1,70,,82148,27,,,1,30,,82154,27,,,1,70,,82156,27,,,1,30,,82161,27,,,1,29,,82177,27,,,1,71,,82159,27,,,1,72,,82179,27,,,1,22,,82175,27,,,1,11,,82162,27,,,1,15,,82149,27,,,1,55,,82165,27,,,1,30,,82155,27,,,1,67,,82157,27,,,1,29,,82173,27,,,1,69,,82167,27,,,1,30,,82171,27,,,1,94,,82150,27,,,1,80,,82166,27,,,1,101,,82164,27,,,1,98,,82151,27,,,1,100,,82163,27,,,1,98,,82152,27,,,1
4901,'Semaine-12',614,,82186,27,,,1,88,,82191,27,,,1,31,,82207,27,,,1,71,,82203,27,,,1,28,,82201,27,,,1,68,,82211,27,,,1,30,,82193,27,,,1,70,,82209,27,,,1,28,,82205,27,,,1,72,,82180,27,,,1,30,,82202,27,,,1,70,,82181,27,,,1,30,,82187,27,,,1,70,,82189,27,,,1,30,,82194,27,,,1,29,,82210,27,,,1,71,,82192,27,,,1,72,,82212,27,,,1,22,,82208,27,,,1,11,,82195,27,,,1,15,,82182,27,,,1,55,,82198,27,,,1,30,,82188,27,,,1,67,,82190,27,,,1,29,,82206,27,,,1,69,,82200,27,,,1,30,,82204,27,,,1,94,,82183,27,,,1,80,,82199,27,,,1,101,,82197,27,,,1,98,,82184,27,,,1,100,,82196,27,,,1,98,,82185,27,,,1
5001,'Semaine-1',1623,,82225,15,,,1,100,,82227,15,,,1,98,,82226,15,,,2
5001,'Semaine-12',1623,,82228,15,,,1,100,,82230,15,,,1,98,,82229,15,,,2
32600,'Semaine-1',1647,,85903,41,0,7 8,1
32600,'Semaine-12',1647,,85904,41,0,7 8,1
44901,'Semaine-1',1514,,86793,19,0,9 14,1
44901,'Semaine-12',1514,,86794,19,0,9 14,1
54901,'Semaine-1',1535,,86796,20,,,1
54901,'Semaine-12',1535,,86798,20,,,1
55001,'Semaine-1',1535,,86805,13,0,5 6,1
55001,'Semaine-12',1535,,86808,13,0,5 6,1
63901,'Semaine-1',705,,86835,16,0,9 10,1
63901,'Semaine-12',705,,86836,16,0,9 10,1
82600,'Semaine-1',1549,,87121,33,0,9 12 13,1
82600,'Semaine-12',1549,,87123,33,0,9 12 13,1
