4001,'Semaine-1',625,,81922,41,,,1,30,,81921,41,,,1,72,,81924,41,,,1,73,,81920,41,,,2,27,,81919,41,,,1,27,,81923,41,,,1
4001,'Semaine-12',625,,81928,41,,,1,30,,81927,41,,,1,72,,81930,41,,,1,73,,81926,41,,,2,27,,81925,41,,,1,27,,81929,41,,,1
4101,'Semaine-1',647,,81943,32,,,1,73,,81944,32,,,1,35,,81945,32,,,1,65,,81942,32,,,2,29,,81941,32,,,1
4101,'Semaine-12',647,,81948,32,,,1,73,,81949,32,,,1,35,,81950,32,,,1,65,,81947,32,,,2,29,,81946,32,,,1
4501,'Semaine-1',614,,81972,35,,,1,30,,81971,35,,,1,72,,81975,35,,,2,30,,81974,35,,,1,73,,81973,35,,,1,28,,81976,35,,,1
4501,'Semaine-12',614,,81978,35,,,1,30,,81977,35,,,1,72,,81981,35,,,2,30,,81980,35,,,1,73,,81979,35,,,1,28,,81982,35,,,1
4701,'Semaine-1',626,,81991,28,,,2,86,,81990,28,,,1,89,,81989,28,,,1,27,,81992,28,,,1
4701,'Semaine-12',626,,81995,28,,,2,86,,81994,28,,,1,89,,81993,28,,,1,27,,81996,28,,,1
5501,'Samedi-1',710,,82555,39,,,1,30,,82558,39,,,1,71,,82557,39,,,1,30,,82567,39,,,1,69,,82556,39,,,1,30,,82559,39,,,1,71,,82560,39,,,1,29,,82566,39,,,1,70,,82562,39,,,1,30,,82563,39,,,1,70,,82561,39,,,1,30,,82569,39,,,1,70,,82568,39,,,1,30,,82564,39,,,1,70,,82565,39,,,1,32,,82570,39,,,1,68,,82571,39,,,1,32,,82572,39,,,1,68,,82573,39,,,1,32,,82574,39,,,1,68,,82575,39,,,1,32,,82576,39,,,1,68,,82577,39,,,1,30,,82578,39,,,1,70,,82579,39,,,1,30,,82580,39,,,1,70,,82581,39,,,1,30,,82582,39,,,1,70,,82583,39,,,1,30,,82585,39,,,1,69,,82584,39,,,1,30,,82587,39,,,1,70,,82586,39,,,1
5501,'Samedi-10',710,,71004,39,,,1,30,,71007,39,,,1,71,,71006,39,,,1,30,,71016,39,,,1,69,,71005,39,,,1,30,,71008,39,,,1,71,,71009,39,,,1,29,,71015,39,,,1,70,,71011,39,,,1,30,,71012,39,,,1,70,,71010,39,,,1,30,,71018,39,,,1,70,,71017,39,,,1,30,,71013,39,,,1,70,,71014,39,,,1,32,,71019,39,,,1,68,,71020,39,,,1,32,,71021,39,,,1,68,,71022,39,,,1,32,,71023,39,,,1,68,,71024,39,,,1,32,,71025,39,,,1,68,,71026,39,,,1,30,,71027,39,,,1,70,,71028,39,,,1,30,,71029,39,,,1,70,,71030,39,,,1,30,,71031,39,,,1,70,,71032,39,,,1,30,,71034,39,,,1,69,,71033,39,,,1,30,,71036,39,,,1,70,,71035,39,,,1
5501,'Dimanche-1',710,,82589,39,,,1,30,,82593,39,,,1,71,,82591,39,,,1,30,,82596,39,,,1,69,,82598,39,,,1,30,,82592,39,,,1,71,,82588,39,,,1,29,,82602,39,,,1,70,,82597,39,,,1,30,,82604,39,,,1,70,,82595,39,,,1,30,,82594,39,,,1,70,,82600,39,,,1,30,,82590,39,,,1,70,,82599,39,,,1,32,,82603,39,,,1,68,,82608,39,,,1,32,,82601,39,,,1,68,,82607,39,,,1,32,,82610,39,,,1,68,,82605,39,,,1,32,,82606,39,,,1,68,,82612,39,,,1,30,,82614,39,,,1,70,,82611,39,,,1,30,,82609,39,,,1,70,,82613,39,,,1,30,,82615,39,,,1,70,,82616,39,,,1,30,,82617,39,,,1,69,,82618,39,,,1,30,,82619,39,,,1,70,,82620,39,,,1
5501,'Semaine-1',528,,82634,39,,,1,14,,82641,39,,,1,14,,82640,39,,,1,58,,82624,39,,,1,15,,82662,39,,,1,22,,82661,39,,,1,8,,82621,39,,,1,53,,82666,39,,,1,15,,82647,39,,,1,14,,82655,39,,,1,16,,82625,39,,,1,48,,82629,39,,,1,12,,82627,39,,,1,9,,82656,39,,,1,6,,82658,39,,,1,14,,82635,39,,,1,68,,82639,39,,,1,12,,82626,39,,,1,11,,82660,39,,,1,69,,82653,39,,,1,23,,82665,6,,,1,8,,82657,39,,,1,69,,82623,39,,,1,29,,82630,39,,,1,70,,82643,39,,,1,30,,82654,39,,,1,70,,82650,39,,,1,30,,82631,39,,,1,70,,82663,39,,,1,31,,82622,39,,,1,70,,82628,39,,,1,50,,82632,39,,,1,100,,82637,39,,,1,100,,82642,39,,,1,100,,82659,39,,,1,60,,82648,39,,,1,30,,82636,39,,,1,70,,82652,39,,,1,30,,82645,39,,,1,70,,82664,39,,,1,30,,82638,39,,,1,69,,82644,39,,,1,31,,82646,39,,,1,70,,82633,39,,,1,29,,82651,39,,,1,70,,82649,39,,,1
5501,'Semaine-12',528,,82680,39,,,1,14,,82687,39,,,1,14,,82686,39,,,1,58,,82670,39,,,1,15,,82708,39,,,1,22,,82707,39,,,1,8,,82667,39,,,1,53,,82712,39,,,1,15,,82693,39,,,1,14,,82701,39,,,1,16,,82671,39,,,1,48,,82675,39,,,1,12,,82673,39,,,1,9,,82702,39,,,1,6,,82704,39,,,1,14,,82681,39,,,1,68,,82685,39,,,1,12,,82672,39,,,1,11,,82706,39,,,1,69,,82699,39,,,1,23,,82711,6,,,1,8,,82703,39,,,1,69,,82669,39,,,1,29,,82676,39,,,1,70,,82689,39,,,1,30,,82700,39,,,1,70,,82696,39,,,1,30,,82677,39,,,1,70,,82709,39,,,1,31,,82668,39,,,1,70,,82674,39,,,1,50,,82678,39,,,1,100,,82683,39,,,1,100,,82688,39,,,1,100,,82705,39,,,1,60,,82694,39,,,1,30,,82682,39,,,1,70,,82698,39,,,1,30,,82691,39,,,1,70,,82710,39,,,1,30,,82684,39,,,1,69,,82690,39,,,1,31,,82692,39,,,1,70,,82679,39,,,1,29,,82697,39,,,1,70,,82695,39,,,1
5600,'Semaine-1',642,,82719,26,,,1,64,,82717,26,,,1,6,,82721,26,,,1,31,,82720,26,,,1,71,,82714,26,,,1,100,,82713,26,,,1,109,,82715,26,,,1,98,,82718,26,,,2,100,,82716,26,,,1
5600,'Semaine-12',642,,82728,26,,,1,64,,82726,26,,,1,6,,82730,26,,,1,31,,82729,26,,,1,71,,82723,26,,,1,100,,82722,26,,,1,109,,82724,26,,,1,98,,82727,26,,,2,100,,82725,26,,,1
5801,'Semaine-1',606,,82763,27,,,1,32,,82767,27,,,1,71,,82765,27,,,1,31,,82764,27,,,1,70,,82761,27,,,1,30,,82766,27,,,1,800,,82762,27,,,1
5801,'Semaine-12',606,,82770,27,,,1,32,,82774,27,,,1,71,,82772,27,,,1,31,,82771,27,,,1,70,,82768,27,,,1,30,,82773,27,,,1,800,,82769,27,,,1
5901,'Samedi-1',724,,82939,28,,,1,30,,82946,28,,,1,70,,82943,28,,,1,30,,82948,28,,,1,70,,82940,28,,,1,30,,82945,28,,,1,71,,82944,28,,,1,30,,82947,28,,,1,70,,82951,28,,,1,30,,82952,28,,,1,70,,82941,28,,,1,30,,82942,28,,,1,70,,82950,28,,,1,30,,82949,28,,,1,70,,82953,28,,,1,30,,82954,28,,,1,70,,82955,28,,,1,30,,82956,28,,,1,70,,82957,28,,,1,30,,82958,28,,,1,70,,82959,28,,,1,30,,82960,28,,,1,70,,82961,28,,,1,30,,82962,28,,,1,70,,82963,28,,,1,30,,82965,28,,,1,70,,82964,28,,,1,29,,82966,28,,,1,70,,82967,28,,,1,30,,82968,28,,,1,70,,82970,28,,,1,30,,82969,28,,,1
5901,'Samedi-10',724,,71780,28,,,1,30,,71787,28,,,1,70,,71784,28,,,1,30,,71789,28,,,1,70,,71781,28,,,1,30,,71786,28,,,1,71,,71785,28,,,1,30,,71788,28,,,1,70,,71792,28,,,1,30,,71793,28,,,1,70,,71782,28,,,1,30,,71783,28,,,1,70,,71791,28,,,1,30,,71790,28,,,1,70,,71794,28,,,1,30,,71795,28,,,1,70,,71796,28,,,1,30,,71797,28,,,1,70,,71798,28,,,1,30,,71799,28,,,1,70,,71800,28,,,1,30,,71801,28,,,1,70,,71802,28,,,1,30,,71803,28,,,1,70,,71804,28,,,1,30,,71806,28,,,1,70,,71805,28,,,1,29,,71807,28,,,1,70,,71808,28,,,1,30,,71809,28,,,1,70,,71811,28,,,1,30,,71810,28,,,1
5901,'Dimanche-1',724,,82971,28,,,1,30,,82983,28,,,1,70,,82977,28,,,1,30,,82978,28,,,1,70,,82985,28,,,1,30,,82982,28,,,1,71,,82987,28,,,1,30,,82974,28,,,1,70,,82986,28,,,1,30,,82972,28,,,1,70,,82981,28,,,1,30,,82973,28,,,1,70,,82976,28,,,1,30,,82979,28,,,1,70,,82980,28,,,1,30,,82988,28,,,1,70,,82975,28,,,1,30,,82991,28,,,1,70,,82984,28,,,1,30,,82993,28,,,1,70,,82994,28,,,1,30,,82990,28,,,1,70,,82995,28,,,1,30,,82992,28,,,1,70,,82996,28,,,1,30,,82989,28,,,1,70,,82997,28,,,1,29,,82998,28,,,1,70,,82999,28,,,1,30,,83000,28,,,1,70,,83001,28,,,1,30,,83002,28,,,1
5901,'Semaine-1',523,,83007,28,,,1,15,,83043,28,,,1,15,,83016,28,,,1,55,,83037,28,,,1,15,,83017,28,,,1,14,,83006,28,,,1,13,,83008,28,,,1,55,,83011,28,,,1,10,,83046,6,,,1,8,,83014,28,,,1,7,,83047,6,,,1,8,,83015,28,,,1,7,,83048,6,,,1,11,,83010,28,,,1,47,,83004,6,,,1,5,,83039,28,,,1,19,,83025,28,,,1,13,,83030,28,,,1,13,,83020,28,,,1,55,,83005,28,,,1,16,,83023,28,,,1,27,,83049,28,,,1,70,,83044,28,,,1,30,,83031,28,,,1,70,,83013,28,,,1,30,,83024,28,,,1,70,,83027,28,,,1,30,,83012,28,,,1,70,,83041,28,,,1,30,,83003,28,,,1,70,,83045,28,,,1,30,,83035,28,,,1,75,,83038,28,,,1,100,,83042,28,,,1,100,,83022,28,,,1,100,,83029,28,,,1,75,,83034,28,,,1,30,,83021,28,,,1,70,,83028,28,,,1,30,,83033,28,,,1,70,,83040,28,,,1,30,,83018,28,,,1,70,,83036,28,,,1,29,,83026,28,,,1,70,,83009,28,,,1,30,,83019,28,,,1,70,,83032,28,,,1
5901,'Semaine-12',523,,83054,28,,,1,15,,83090,28,,,1,15,,83063,28,,,1,55,,83084,28,,,1,15,,83064,28,,,1,14,,83053,28,,,1,13,,83055,28,,,1,55,,83058,28,,,1,10,,83093,6,,,1,8,,83061,28,,,1,7,,83094,6,,,1,8,,83062,28,,,1,7,,83095,6,,,1,11,,83057,28,,,1,47,,83051,6,,,1,5,,83086,28,,,1,19,,83072,28,,,1,13,,83077,28,,,1,13,,83067,28,,,1,55,,83052,28,,,1,16,,83070,28,,,1,27,,83096,28,,,1,70,,83091,28,,,1,30,,83078,28,,,1,70,,83060,28,,,1,30,,83071,28,,,1,70,,83074,28,,,1,30,,83059,28,,,1,70,,83088,28,,,1,30,,83050,28,,,1,70,,83092,28,,,1,30,,83082,28,,,1,75,,83085,28,,,1,100,,83089,28,,,1,100,,83069,28,,,1,100,,83076,28,,,1,75,,83081,28,,,1,30,,83068,28,,,1,70,,83075,28,,,1,30,,83080,28,,,1,70,,83087,28,,,1,30,,83065,28,,,1,70,,83083,28,,,1,29,,83073,28,,,1,70,,83056,28,,,1,30,,83066,28,,,1,70,,83079,28,,,1
55400,'Semaine-1',705,,86810,16,0,5 6,2
55400,'Semaine-12',705,,86812,16,0,5 6,2
65501,'Semaine-1',1522,,86865,27,0,9 10,1
65501,'Semaine-12',1522,,86866,27,0,9 10,1
74001,'Semaine-1',829,,86883,42,0,5 11,2,2,,86884,42,0,5 11,1
74001,'Semaine-12',829,,86885,42,0,5 11,2,2,,86886,42,0,5 11,1
80000,'Samedi-1',729,,86901,32,,,1,102,,86902,32,,,1,98,,86903,32,,,1,101,,86905,32,,,1,100,,86906,32,,,1,100,,86904,32,,,1,100,,86907,32,,,1,100,,86908,32,,,1,100,,86909,32,,,1,100,,86910,32,,,1,100,,86911,32,,,2,100,,86912,32,,,1,100,,86915,32,,,1,99,,86913,32,,,1,100,,86914,32,,,1,98,,86916,32,,,1,100,,86917,32,,,1
80000,'Samedi-10',729,,79460,32,,,1,102,,79461,32,,,1,98,,79462,32,,,1,101,,79464,32,,,1,100,,79465,32,,,1,100,,79463,32,,,1,100,,79466,32,,,1,100,,79467,32,,,1,100,,79468,32,,,1,100,,79469,32,,,1,100,,79470,32,,,2,100,,79471,32,,,1,100,,79474,32,,,1,99,,79472,32,,,1,100,,79473,32,,,1,98,,79475,32,,,1,100,,79476,32,,,1
80000,'Dimanche-1',729,,86920,32,,,1,102,,86919,32,,,1,98,,86925,32,,,1,101,,86918,32,,,1,100,,86922,32,,,1,100,,86921,32,,,1,100,,86923,32,,,1,100,,86924,32,,,1,100,,86928,32,,,1,100,,86926,32,,,1,100,,86927,32,,,2,100,,86931,32,,,1,100,,86930,32,,,1,99,,86929,32,,,1,100,,86932,32,,,1,98,,86933,32,,,1,100,,86934,32,,,1
80000,'Semaine-1',605,,86967,32,,,1,31,,86953,32,,,1,71,,86943,32,,,1,15,,86942,32,,,1,15,,86963,32,,,1,71,,86954,32,,,1,18,,86940,32,,,1,30,,86959,32,,,1,70,,86944,32,,,1,30,,86961,32,,,1,70,,86956,32,,,1,29,,86970,32,,,1,70,,86937,32,,,1,30,,86958,32,,,1,70,,86948,32,,,1,31,,86964,32,,,1,69,,86957,32,,,1,30,,86968,32,,,1,71,,86947,32,,,1,29,,86962,32,,,1,73,,86960,32,,,1,30,,86949,32,,,1,72,,86965,32,,,1,28,,86938,32,,,1,70,,86955,32,,,1,30,,86952,32,,,1,69,,86966,32,,,1,29,,86951,32,,,1,71,,86945,32,,,1,28,,86939,32,,,1,71,,86969,32,,,1,28,,86950,32,,,1,68,,86946,32,,,1,30,,86936,32,,,1,69,,86941,32,,,1,30,,86935,32,,,1
80000,'Semaine-12',605,,87003,32,,,1,31,,86989,32,,,1,71,,86979,32,,,1,15,,86978,32,,,1,15,,86999,32,,,1,71,,86990,32,,,1,18,,86976,32,,,1,30,,86995,32,,,1,70,,86980,32,,,1,30,,86997,32,,,1,70,,86992,32,,,1,29,,87006,32,,,1,70,,86973,32,,,1,30,,86994,32,,,1,70,,86984,32,,,1,31,,87000,32,,,1,69,,86993,32,,,1,30,,87004,32,,,1,71,,86983,32,,,1,29,,86998,32,,,1,73,,86996,32,,,1,30,,86985,32,,,1,72,,87001,32,,,1,28,,86974,32,,,1,70,,86991,32,,,1,30,,86988,32,,,1,69,,87002,32,,,1,29,,86987,32,,,1,71,,86981,32,,,1,28,,86975,32,,,1,71,,87005,32,,,1,28,,86986,32,,,1,68,,86982,32,,,1,30,,86972,32,,,1,69,,86977,32,,,1,30,,86971,32,,,1
