2800,'Semaine-1',1557,,80055,15,,,1,82,,80056,15,,,1,91,,80057,15,,,1
2800,'Semaine-12',1557,,80058,15,,,1,82,,80059,15,,,1,91,,80060,15,,,1
2900,'Semaine-1',1551,,80070,20,,,2,75,,80069,20,,,1,32,,80067,20,,,2,65,,80071,20,,,1,29,,80068,20,,,1
2900,'Semaine-12',1551,,80075,20,,,2,75,,80074,20,,,1,32,,80072,20,,,2,65,,80076,20,,,1,29,,80073,20,,,1
3400,'Samedi-1',740,,80773,21,,,1,100,,80778,21,,,1,70,,80774,21,,,1,31,,80780,21,,,1,70,,80781,21,,,1,30,,80775,21,,,1,70,,80776,21,,,1,30,,80777,21,,,1,70,,80779,21,,,1,30,,80782,21,,,1,70,,80784,21,,,1,30,,80783,21,,,1,70,,80785,21,,,1,30,,80786,21,,,1,70,,80787,21,,,1,30,,80788,21,,,1,70,,80789,21,,,1,30,,80790,21,,,1,70,,80791,21,,,1,30,,80792,21,,,1,70,,80793,21,,,1,30,,80794,21,,,1,70,,80795,21,,,1,29,,80796,21,,,1,71,,80797,21,,,1,30,,80798,21,,,1,70,,80799,21,,,1,30,,80800,21,,,1,70,,80801,21,,,1,30,,80803,21,,,1,70,,80802,21,,,1,29,,80805,21,,,1,70,,80804,21,,,1,27,,80806,21,,,1
3400,'Samedi-10',740,,67369,21,,,1,100,,67374,21,,,1,70,,67370,21,,,1,31,,67376,21,,,1,70,,67377,21,,,1,30,,67371,21,,,1,70,,67372,21,,,1,30,,67373,21,,,1,70,,67375,21,,,1,30,,67378,21,,,1,70,,67380,21,,,1,30,,67379,21,,,1,70,,67381,21,,,1,30,,67382,21,,,1,70,,67383,21,,,1,30,,67384,21,,,1,70,,67385,21,,,1,30,,67386,21,,,1,70,,67387,21,,,1,30,,67388,21,,,1,70,,67389,21,,,1,30,,67390,21,,,1,70,,67391,21,,,1,29,,67392,21,,,1,71,,67393,21,,,1,30,,67394,21,,,1,70,,67395,21,,,1,30,,67396,21,,,1,70,,67397,21,,,1,30,,67399,21,,,1,70,,67398,21,,,1,29,,67401,21,,,1,70,,67400,21,,,1,27,,67402,21,,,1
3400,'Dimanche-1',740,,80811,21,,,1,100,,80831,21,,,1,70,,80813,21,,,1,31,,80817,21,,,1,70,,80810,21,,,1,30,,80818,21,,,1,70,,80809,21,,,1,30,,80808,21,,,1,70,,80821,21,,,1,30,,80812,21,,,1,70,,80815,21,,,1,30,,80814,21,,,1,70,,80807,21,,,1,30,,80823,21,,,1,70,,80819,21,,,1,30,,80820,21,,,1,70,,80816,21,,,1,30,,80827,21,,,1,70,,80826,21,,,1,30,,80824,21,,,1,70,,80822,21,,,1,30,,80825,21,,,1,70,,80830,21,,,1,29,,80828,21,,,1,71,,80829,21,,,1,30,,80832,21,,,1,70,,80833,21,,,1,30,,80834,21,,,1,70,,80835,21,,,1,30,,80836,21,,,1,70,,80837,21,,,1,29,,80839,21,,,1,70,,80838,21,,,1,27,,80840,21,,,1
3400,'Semaine-1',617,,80871,21,,,1,29,,80856,21,,,1,71,,80850,21,,,1,35,,80854,21,,,1,71,,80845,21,,,2,29,,80865,21,,,1,70,,80851,21,,,1,28,,80841,21,,,1,70,,80846,21,,,1,30,,80847,21,,,1,70,,80852,21,,,1,30,,80842,21,,,1,70,,80872,21,,,1,30,,80848,21,,,1,70,,80853,21,,,1,30,,80843,21,,,1,72,,80869,21,,,1,30,,80844,21,,,1,65,,80870,21,,,1,306,,80868,21,,,1,20,,80857,21,,,1,68,,80849,21,,,1,30,,80861,21,,,1,70,,80867,21,,,1,31,,80858,21,,,1,69,,80860,21,,,1,30,,80862,21,,,1,70,,80855,21,,,1,30,,80864,21,,,1,69,,80859,21,,,1,29,,80863,21,,,1,70,,80866,21,,,1
3400,'Semaine-12',617,,80903,21,,,1,29,,80888,21,,,1,71,,80882,21,,,1,35,,80886,21,,,1,71,,80877,21,,,2,29,,80897,21,,,1,70,,80883,21,,,1,28,,80873,21,,,1,70,,80878,21,,,1,30,,80879,21,,,1,70,,80884,21,,,1,30,,80874,21,,,1,70,,80904,21,,,1,30,,80880,21,,,1,70,,80885,21,,,1,30,,80875,21,,,1,72,,80901,21,,,1,30,,80876,21,,,1,65,,80902,21,,,1,306,,80900,21,,,1,20,,80889,21,,,1,68,,80881,21,,,1,30,,80893,21,,,1,70,,80899,21,,,1,31,,80890,21,,,1,69,,80892,21,,,1,30,,80894,21,,,1,70,,80887,21,,,1,30,,80896,21,,,1,69,,80891,21,,,1,29,,80895,21,,,1,70,,80898,21,,,1
5600,'Semaine-1',648,,82719,33,,,1,64,,82717,33,,,1,6,,82721,33,,,1,31,,82720,33,,,1,72,,82714,33,,,1,100,,82713,33,,,1,107,,82715,33,,,1,98,,82718,33,,,2,102,,82716,33,,,1
5600,'Semaine-12',648,,82728,33,,,1,64,,82726,33,,,1,6,,82730,33,,,1,31,,82729,33,,,1,72,,82723,33,,,1,100,,82722,33,,,1,107,,82724,33,,,1,98,,82727,33,,,2,102,,82725,33,,,1
32900,'Semaine-1',814,,85907,13,0,7 8,1
32900,'Semaine-12',814,,85908,13,0,7 8,1
42900,'Semaine-1',715,,86765,6,0,9 14,1,2,,86766,6,0,9 14,2
42900,'Semaine-12',715,,86767,6,0,9 14,1,2,,86768,6,0,9 14,2
55400,'Semaine-1',712,,86810,23,0,5 6,2
55400,'Semaine-12',712,,86812,23,0,5 6,2
72900,'Semaine-1',1633,,86873,18,0,5 11,2
72900,'Semaine-12',1633,,86874,18,0,5 11,2
82900,'Semaine-1',1539,,87134,18,0,9 12 13,1
82900,'Semaine-12',1539,,87137,18,0,9 12 13,1
