4500,'Semaine-1',1528,,81964,38,,,1,75,,81959,38,,,1,30,,81960,38,,,1,72,,81962,38,,,1,27,,81963,38,,,1,26,,81961,38,,,2
4500,'Semaine-12',1528,,81970,38,,,1,75,,81965,38,,,1,30,,81966,38,,,1,72,,81968,38,,,1,27,,81969,38,,,1,26,,81967,38,,,2
5200,'Samedi-1',641,,82231,24,,,1,100,,82232,24,,,1,100,,82233,24,,,1,101,,82234,24,,,1,100,,82235,24,,,1,101,,82236,24,,,1,101,,82237,24,,,1,100,,82238,24,,,1,99,,82239,24,,,1,100,,82240,24,,,1,100,,82241,24,,,1,100,,82242,24,,,1,99,,82243,24,,,1,100,,82246,24,,,1,100,,82244,24,,,1,100,,82245,24,,,1,98,,82247,24,,,1,100,,82248,24,,,1
5200,'Samedi-10',641,,70287,24,,,1,100,,70288,24,,,1,100,,70289,24,,,1,101,,70290,24,,,1,100,,70291,24,,,1,101,,70292,24,,,1,101,,70293,24,,,1,100,,70294,24,,,1,99,,70295,24,,,1,100,,70296,24,,,1,100,,70297,24,,,1,100,,70298,24,,,1,99,,70299,24,,,1,100,,70302,24,,,1,100,,70300,24,,,1,100,,70301,24,,,1,98,,70303,24,,,1,100,,70304,24,,,1
5200,'Dimanche-1',641,,82250,24,,,1,100,,82249,24,,,1,100,,82251,24,,,1,101,,82254,24,,,1,100,,82252,24,,,1,101,,82253,24,,,1,101,,82257,24,,,1,100,,82256,24,,,1,99,,82258,24,,,1,100,,82255,24,,,1,100,,82259,24,,,1,100,,82261,24,,,1,99,,82262,24,,,1,100,,82260,24,,,1,100,,82263,24,,,1,100,,82264,24,,,1,98,,82265,24,,,1,100,,82266,24,,,1
5200,'Semaine-1',612,,82270,24,,,1,98,,82272,24,,,1,108,,82267,24,,,1,97,,82283,24,,,1,97,,82281,24,,,1,101,,82268,24,,,1,100,,82275,24,,,1,100,,82274,24,,,1,100,,82271,24,,,1,101,,82269,24,,,1,108,,82273,24,,,1,100,,82284,24,,,1,107,,82282,24,,,1,99,,82276,24,,,1,84,,82280,24,,,1,100,,82279,24,,,1,100,,82277,24,,,1,100,,82278,24,,,1
5200,'Semaine-12',612,,82288,24,,,1,98,,82290,24,,,1,108,,82285,24,,,1,97,,82301,24,,,1,97,,82299,24,,,1,101,,82286,24,,,1,100,,82293,24,,,1,100,,82292,24,,,1,100,,82289,24,,,1,101,,82287,24,,,1,108,,82291,24,,,1,100,,82302,24,,,1,107,,82300,24,,,1,99,,82294,24,,,1,84,,82298,24,,,1,100,,82297,24,,,1,100,,82295,24,,,1,100,,82296,24,,,1
64501,'Semaine-1',1523,,86853,30,0,9 10,1
64501,'Semaine-12',1523,,86854,30,0,9 10,1
75201,'Semaine-1',1516,,86892,16,0,9 18,1
75201,'Semaine-12',1516,,86894,16,0,9 18,1
