7100,'Samedi-1',820,,84363,30,,,1,100,,84364,30,,,1,100,,84366,30,,,1,104,,84361,30,,,1,100,,84365,30,,,1,100,,84362,30,,,1,100,,84367,30,,,1,100,,84368,30,,,1,100,,84369,30,,,1,100,,84370,30,,,1,100,,84371,30,,,1,97,,84372,30,,,1,100,,84373,30,,,1,100,,84374,30,,,1,100,,84375,30,,,1,100,,84376,30,,,1
7100,'Samedi-10',820,,74574,30,,,1,100,,74575,30,,,1,100,,74577,30,,,1,104,,74572,30,,,1,100,,74576,30,,,1,100,,74573,30,,,1,100,,74578,30,,,1,100,,74579,30,,,1,100,,74580,30,,,1,100,,74581,30,,,1,100,,74582,30,,,1,97,,74583,30,,,1,100,,74584,30,,,1,100,,74585,30,,,1,100,,74586,30,,,1,100,,74587,30,,,1
7100,'Dimanche-1',820,,84380,30,,,1,100,,84379,30,,,1,100,,84378,30,,,1,104,,84377,30,,,1,100,,84381,30,,,1,100,,84382,30,,,1,100,,84383,30,,,1,100,,84384,30,,,1,100,,84385,30,,,1,100,,84389,30,,,1,100,,84388,30,,,1,97,,84386,30,,,1,100,,84387,30,,,1,100,,84390,30,,,1,100,,84391,30,,,1,100,,84392,30,,,1
7100,'Semaine-1',550,,84420,30,,,2,70,,84423,30,,,1,27,,84419,30,,,2,58,,84424,30,,,1,17,,84422,30,,,1,14,,84425,30,,,1,20,,84421,30,,,1,51,,84428,30,,,1,18,,84432,30,,,1,15,,84429,30,,,2,15,,84430,30,,,2,53,,84431,30,,,1,30,,84434,30,,,1,15,,84433,30,,,2,71,,84426,30,,,1,30,,84435,30,,,1,70,,84427,30,,,1,30,,84394,30,,,1,70,,84395,30,,,1,30,,84398,30,,,1,69,,84393,30,,,2,30,,84396,30,,,1,75,,84401,30,,,2,30,,84397,30,,,1,69,,84399,30,,,1,30,,84400,30,,,1,56,,84411,30,,,1,19,,84410,30,,,1,12,,84408,30,,,2,14,,84412,30,,,1,55,,84402,30,,,1,12,,84405,30,,,2,15,,84403,30,,,1,70,,84404,30,,,1,27,,84406,30,,,2,70,,84409,30,,,1,30,,84413,30,,,1,67,,84407,30,,,2,33,,84414,30,,,2,100,,84416,30,,,1,93,,84415,30,,,2,100,,84418,30,,,2,100,,84417,30,,,1
7100,'Semaine-12',550,,84463,30,,,2,70,,84466,30,,,1,27,,84462,30,,,2,58,,84467,30,,,1,17,,84465,30,,,1,14,,84468,30,,,1,20,,84464,30,,,1,51,,84471,30,,,1,18,,84475,30,,,1,15,,84472,30,,,2,15,,84473,30,,,2,53,,84474,30,,,1,30,,84477,30,,,1,15,,84476,30,,,2,71,,84469,30,,,1,30,,84478,30,,,1,70,,84470,30,,,1,30,,84437,30,,,1,70,,84438,30,,,1,30,,84441,30,,,1,69,,84436,30,,,2,30,,84439,30,,,1,75,,84444,30,,,2,30,,84440,30,,,1,69,,84442,30,,,1,30,,84443,30,,,1,56,,84454,30,,,1,19,,84453,30,,,1,12,,84451,30,,,2,14,,84455,30,,,1,55,,84445,30,,,1,12,,84448,30,,,2,15,,84446,30,,,1,70,,84447,30,,,1,27,,84449,30,,,2,70,,84452,30,,,1,30,,84456,30,,,1,67,,84450,30,,,2,33,,84457,30,,,2,100,,84459,30,,,1,93,,84458,30,,,2,100,,84461,30,,,2,100,,84460,30,,,1
7600,'Samedi-1',747,,84976,22,,,1,100,,84979,22,,,1,100,,84978,22,,,1,100,,84981,22,,,1,100,,84980,22,,,1,101,,84975,22,,,1,99,,84977,22,,,1,100,,84982,22,,,1,100,,84983,22,,,1,100,,84984,22,,,1,100,,84985,22,,,1,100,,84986,22,,,1,100,,84987,22,,,1,100,,84988,22,,,1,100,,84989,22,,,1,100,,84990,22,,,1
7600,'Samedi-10',747,,75740,22,,,1,100,,75743,22,,,1,100,,75742,22,,,1,100,,75745,22,,,1,100,,75744,22,,,1,101,,75739,22,,,1,99,,75741,22,,,1,100,,75746,22,,,1,100,,75747,22,,,1,100,,75748,22,,,1,100,,75749,22,,,1,100,,75750,22,,,1,100,,75751,22,,,1,100,,75752,22,,,1,100,,75753,22,,,1,100,,75754,22,,,1
7600,'Dimanche-1',747,,84994,22,,,1,100,,84993,22,,,1,100,,84992,22,,,1,100,,84997,22,,,1,100,,84991,22,,,1,101,,84996,22,,,1,99,,84995,22,,,1,100,,84998,22,,,1,100,,84999,22,,,1,100,,85000,22,,,1,100,,85003,22,,,1,100,,85001,22,,,1,100,,85002,22,,,1,100,,85004,22,,,1,100,,85005,22,,,1,100,,85006,22,,,1
7600,'Semaine-1',555,,85033,22,,,1,70,,85030,22,,,1,22,,85034,22,,,1,58,,85031,22,,,1,19,,85032,22,,,2,24,,85035,22,,,1,63,,85036,22,,,1,14,,85044,22,,,1,20,,85043,22,,,1,63,,85038,22,,,1,18,,85039,22,,,2,25,,85037,22,,,1,70,,85041,22,,,1,30,,85040,22,,,1,70,,85042,22,,,2,28,,85010,22,,,1,72,,85011,22,,,1,30,,85012,22,,,1,70,,85008,22,,,1,30,,85015,22,,,1,70,,85009,22,,,1,33,,85013,22,,,1,70,,85014,22,,,1,34,,85007,22,,,1,56,,85022,22,,,1,17,,85016,22,,,1,23,,85019,22,,,2,60,,85023,22,,,1,13,,85020,22,,,2,20,,85024,22,,,1,70,,85025,22,,,1,30,,85021,22,,,1,70,,85026,22,,,1,86,,85017,22,,,1,98,,85027,22,,,2,100,,85028,22,,,2,100,,85018,22,,,2,100,,85029,22,,,1
7600,'Semaine-12',555,,85071,22,,,1,70,,85068,22,,,1,22,,85072,22,,,1,58,,85069,22,,,1,19,,85070,22,,,2,24,,85073,22,,,1,63,,85074,22,,,1,14,,85082,22,,,1,20,,85081,22,,,1,63,,85076,22,,,1,18,,85077,22,,,2,25,,85075,22,,,1,70,,85079,22,,,1,30,,85078,22,,,1,70,,85080,22,,,2,28,,85048,22,,,1,72,,85049,22,,,1,30,,85050,22,,,1,70,,85046,22,,,1,30,,85053,22,,,1,70,,85047,22,,,1,33,,85051,22,,,1,70,,85052,22,,,1,34,,85045,22,,,1,56,,85060,22,,,1,17,,85054,22,,,1,23,,85057,22,,,2,60,,85061,22,,,1,13,,85058,22,,,2,20,,85062,22,,,1,70,,85063,22,,,1,30,,85059,22,,,1,70,,85064,22,,,1,86,,85055,22,,,1,98,,85065,22,,,2,100,,85066,22,,,2,100,,85056,22,,,2,100,,85067,22,,,1
7900,'Semaine-1',1216,,85377,8,,,1,33,,85380,27,,,1,100,,85381,27,,,1,175,,85378,27,,,1,30,,85379,27,,,1,72,,85382,27,,,1,29,,85375,27,,,1,67,,85383,27,,,1,29,,85376,27,,,2,85,,85384,27,,,1,85,,85385,27,,,1
7900,'Semaine-12',1216,,85388,8,,,1,33,,85391,27,,,1,100,,85392,27,,,1,175,,85389,27,,,1,30,,85390,27,,,1,72,,85393,27,,,1,29,,85386,27,,,1,67,,85394,27,,,1,29,,85387,27,,,2,85,,85395,27,,,1,85,,85396,27,,,1
57100,'Semaine-1',1612,,86825,67,0,5 6,1
57100,'Semaine-12',1612,,86826,67,0,5 6,1
57600,'Semaine-1',1555,,86829,30,0,5 6,1
57600,'Semaine-12',1555,,86830,30,0,5 6,1
