7700,'Samedi-1',743,,85181,2,,,1,100,,85180,2,,,1,100,,85179,2,,,1,100,,85184,2,,,1,100,,85182,2,,,1,100,,85183,2,,,1,100,,85185,2,,,1,100,,85186,2,,,2,100,,85187,2,,,1,100,,85188,2,,,1,100,,85189,2,,,1,100,,85190,2,,,1,100,,85191,2,,,1,100,,85194,2,,,1,100,,85192,2,,,1,100,,85193,2,,,1
7700,'Samedi-10',743,,76143,2,,,1,100,,76142,2,,,1,100,,76141,2,,,1,100,,76146,2,,,1,100,,76144,2,,,1,100,,76145,2,,,1,100,,76147,2,,,1,100,,76148,2,,,2,100,,76149,2,,,1,100,,76150,2,,,1,100,,76151,2,,,1,100,,76152,2,,,1,100,,76153,2,,,1,100,,76156,2,,,1,100,,76154,2,,,1,100,,76155,2,,,1
7700,'Dimanche-1',743,,85197,2,,,1,100,,85198,2,,,1,100,,85195,2,,,1,100,,85207,2,,,1,100,,85196,2,,,1,100,,85201,2,,,1,100,,85199,2,,,1,100,,85200,2,,,2,100,,85202,2,,,1,100,,85205,2,,,1,100,,85203,2,,,1,100,,85204,2,,,1,100,,85206,2,,,1,100,,85208,2,,,1,100,,85209,2,,,1,100,,85210,2,,,1
7700,'Semaine-1',522,,85236,2,,,1,29,,85221,2,,,1,70,,85223,2,,,1,30,,85213,2,,,1,70,,85224,2,,,1,34,,85235,2,,,2,66,,85220,2,,,2,26,,85225,2,,,2,70,,85240,2,,,2,30,,85226,2,,,1,70,,85241,2,,,1,30,,85227,2,,,1,70,,85242,2,,,1,30,,85228,2,,,1,70,,85239,2,,,1,30,,85229,2,,,1,70,,85238,2,,,1,30,,85230,2,,,1,70,,85237,2,,,1,30,,85212,2,,,1,71,,85232,2,,,1,30,,85217,2,,,1,70,,85231,2,,,1,30,,85215,2,,,1,70,,85233,2,,,1,29,,85216,2,,,1,70,,85222,2,,,1,30,,85234,2,,,1,100,,85218,2,,,1,100,,85219,2,,,1,100,,85214,2,,,1,100,,85211,2,,,1
7700,'Semaine-12',522,,85268,2,,,1,29,,85253,2,,,1,70,,85255,2,,,1,30,,85245,2,,,1,70,,85256,2,,,1,34,,85267,2,,,2,66,,85252,2,,,2,26,,85257,2,,,2,70,,85272,2,,,2,30,,85258,2,,,1,70,,85273,2,,,1,30,,85259,2,,,1,70,,85274,2,,,1,30,,85260,2,,,1,70,,85271,2,,,1,30,,85261,2,,,1,70,,85270,2,,,1,30,,85262,2,,,1,70,,85269,2,,,1,30,,85244,2,,,1,71,,85264,2,,,1,30,,85249,2,,,1,70,,85263,2,,,1,30,,85247,2,,,1,70,,85265,2,,,1,29,,85248,2,,,1,70,,85254,2,,,1,30,,85266,2,,,1,100,,85250,2,,,1,100,,85251,2,,,1,100,,85246,2,,,1,100,,85243,2,,,1
7800,'Samedi-1',814,,85278,2,,,1,100,,85277,2,,,1,100,,85275,2,,,1,100,,85280,2,,,1,100,,85276,2,,,1,100,,85279,2,,,1,100,,85281,2,,,1,100,,85282,2,,,2,100,,85283,2,,,1,100,,85284,2,,,1,100,,85285,2,,,1,100,,85286,2,,,1,100,,85287,2,,,1,100,,85288,2,,,1,100,,85289,2,,,1,100,,85290,2,,,1
7800,'Samedi-10',814,,76336,2,,,1,100,,76335,2,,,1,100,,76333,2,,,1,100,,76338,2,,,1,100,,76334,2,,,1,100,,76337,2,,,1,100,,76339,2,,,1,100,,76340,2,,,2,100,,76341,2,,,1,100,,76342,2,,,1,100,,76343,2,,,1,100,,76344,2,,,1,100,,76345,2,,,1,100,,76346,2,,,1,100,,76347,2,,,1,100,,76348,2,,,1
7800,'Dimanche-1',814,,85293,2,,,1,100,,85294,2,,,1,100,,85291,2,,,1,100,,85302,2,,,1,100,,85292,2,,,1,100,,85297,2,,,1,100,,85295,2,,,1,100,,85296,2,,,2,100,,85298,2,,,1,100,,85301,2,,,1,100,,85299,2,,,1,100,,85300,2,,,1,100,,85303,2,,,1,100,,85304,2,,,1,100,,85305,2,,,1,100,,85306,2,,,1
7800,'Semaine-1',445,,85319,2,,,1,60,,85320,2,,,1,30,,85309,2,,,1,71,,85321,2,,,1,30,,85307,2,,,1,67,,85322,2,,,2,37,,85331,2,,,2,67,,85312,2,,,1,26,,85323,2,,,2,70,,85324,2,,,1,30,,85335,2,,,1,70,,85325,2,,,1,30,,85336,2,,,1,70,,85326,2,,,1,30,,85337,2,,,1,70,,85327,2,,,1,30,,85338,2,,,1,70,,85328,2,,,1,30,,85339,2,,,1,70,,85329,2,,,1,30,,85314,2,,,1,70,,85330,2,,,1,30,,85308,2,,,1,72,,85317,2,,,1,28,,85332,2,,,1,70,,85316,2,,,1,30,,85340,2,,,1,70,,85333,2,,,1,30,,85310,2,,,1,85,,85334,2,,,1,100,,85315,2,,,1,100,,85318,2,,,1,100,,85311,2,,,1,100,,85313,2,,,1
7800,'Semaine-12',445,,85353,2,,,1,60,,85354,2,,,1,30,,85343,2,,,1,71,,85355,2,,,1,30,,85341,2,,,1,67,,85356,2,,,2,37,,85365,2,,,2,67,,85346,2,,,1,26,,85357,2,,,2,70,,85358,2,,,1,30,,85369,2,,,1,70,,85359,2,,,1,30,,85370,2,,,1,70,,85360,2,,,1,30,,85371,2,,,1,70,,85361,2,,,1,30,,85372,2,,,1,70,,85362,2,,,1,30,,85373,2,,,1,70,,85363,2,,,1,30,,85348,2,,,1,70,,85364,2,,,1,30,,85342,2,,,1,72,,85351,2,,,1,28,,85366,2,,,1,70,,85350,2,,,1,30,,85374,2,,,1,70,,85367,2,,,1,30,,85344,2,,,1,85,,85368,2,,,1,100,,85349,2,,,1,100,,85352,2,,,1,100,,85345,2,,,1,100,,85347,2,,,1
