2701,'Semaine-1',619,,80049,15,,,1,83,,80050,15,,,1,51,,80047,15,,,1,66,,80048,15,,,2
2701,'Semaine-12',619,,80053,15,,,1,83,,80054,15,,,1,51,,80051,15,,,1,66,,80052,15,,,2
3300,'Samedi-1',814,,80535,46,,,1,100,,80536,46,,,1,101,,80537,46,,,1,100,,80538,46,,,1,103,,80539,46,,,1,100,,80540,46,,,1,101,,80541,46,,,1,100,,80542,46,,,1,100,,80543,46,,,1,100,,80544,46,,,1,100,,80545,46,,,1,97,,80546,46,,,1,99,,80547,46,,,1,100,,80548,46,,,1,100,,80549,46,,,1,100,,80550,46,,,1,99,,80551,46,,,1,98,,80552,46,,,1
3300,'Samedi-10',814,,66888,46,,,1,100,,66889,46,,,1,101,,66890,46,,,1,100,,66891,46,,,1,103,,66892,46,,,1,100,,66893,46,,,1,101,,66894,46,,,1,100,,66895,46,,,1,100,,66896,46,,,1,100,,66897,46,,,1,100,,66898,46,,,1,97,,66899,46,,,1,99,,66900,46,,,1,100,,66901,46,,,1,100,,66902,46,,,1,100,,66903,46,,,1,99,,66904,46,,,1,98,,66905,46,,,1
3300,'Dimanche-1',814,,80554,46,,,1,100,,80559,46,,,1,101,,80565,46,,,1,100,,80556,46,,,1,103,,80558,46,,,1,100,,80555,46,,,1,101,,80557,46,,,1,100,,80553,46,,,1,100,,80561,46,,,1,100,,80560,46,,,1,100,,80563,46,,,1,97,,80562,46,,,1,99,,80564,46,,,1,100,,80566,46,,,1,100,,80567,46,,,1,100,,80568,46,,,1,99,,80569,46,,,1,98,,80570,46,,,1
3300,'Semaine-1',658,,80596,46,,,1,60,,80595,46,,,1,19,,80602,46,,,1,74,,80575,46,,,1,13,,80589,46,,,1,19,,80597,46,,,1,16,,80610,46,,,1,56,,80603,46,,,1,27,,80587,46,,,1,66,,80605,46,,,1,31,,80590,46,,,1,78,,80580,46,,,1,21,,80599,46,,,1,20,,80585,46,,,1,60,,80592,46,,,1,20,,80581,46,,,1,62,,80607,46,,,1,18,,80588,46,,,1,20,,80609,46,,,1,72,,80594,46,,,1,30,,80582,46,,,1,60,,80604,46,,,1,20,,80600,46,,,1,22,,80593,46,,,1,63,,80572,46,,,1,21,,80584,46,,,1,12,,80591,46,,,1,13,,80608,46,,,1,57,,80606,46,,,1,25,,80601,46,,,1,20,,80579,46,,,1,59,,80578,46,,,1,15,,80583,46,,,1,18,,80571,46,,,1,58,,80576,46,,,1,41,,80611,46,,,1,73,,80586,46,,,1,98,,80577,46,,,1,102,,80573,46,,,1,100,,80598,46,,,2,100,,80612,46,,,1,102,,80574,46,,,1
3300,'Semaine-12',658,,80638,46,,,1,60,,80637,46,,,1,19,,80644,46,,,1,74,,80617,46,,,1,13,,80631,46,,,1,19,,80639,46,,,1,16,,80652,46,,,1,56,,80645,46,,,1,27,,80629,46,,,1,66,,80647,46,,,1,31,,80632,46,,,1,78,,80622,46,,,1,21,,80641,46,,,1,20,,80627,46,,,1,60,,80634,46,,,1,20,,80623,46,,,1,62,,80649,46,,,1,18,,80630,46,,,1,20,,80651,46,,,1,72,,80636,46,,,1,30,,80624,46,,,1,60,,80646,46,,,1,20,,80642,46,,,1,22,,80635,46,,,1,63,,80614,46,,,1,21,,80626,46,,,1,12,,80633,46,,,1,13,,80650,46,,,1,57,,80648,46,,,1,25,,80643,46,,,1,20,,80621,46,,,1,59,,80620,46,,,1,15,,80625,46,,,1,18,,80613,46,,,1,58,,80618,46,,,1,41,,80653,46,,,1,73,,80628,46,,,1,98,,80619,46,,,1,102,,80615,46,,,1,100,,80640,46,,,2,100,,80654,46,,,1,102,,80616,46,,,1
33100,'Semaine-1',837,,85911,37,0,7 8,1
33100,'Semaine-12',837,,85912,37,0,7 8,1
43300,'Semaine-1',1511,,86778,24,0,9 14,2
43300,'Semaine-12',1511,,86780,24,0,9 14,2
56600,'Semaine-1',1537,,86817,25,0,5 6,1
56600,'Semaine-12',1537,,86818,25,0,5 6,1
73300,'Semaine-1',1649,,86877,42,,,1
73300,'Semaine-12',1649,,86878,42,,,1
82701,'Semaine-1',755,,87130,15,0,9 12 13,2
82701,'Semaine-12',755,,87131,15,0,9 12 13,2
