6900,'Samedi-0',900,,74251,27,,,1,100,,74250,27,,,1,100,,74252,27,,,1,100,,74254,27,,,1,100,,74253,27,,,1,100,,74255,27,,,1,100,,74256,27,,,1,100,,74257,27,,,1,100,,74258,27,,,1,100,,74259,27,,,1,100,,74260,27,,,1,100,,74261,27,,,1,100,,74262,27,,,1,100,,74263,27,,,1,100,,74264,27,,,1
6900,'Samedi-10',900,,74266,27,,,1,100,,74265,27,,,1,100,,74267,27,,,1,100,,74269,27,,,1,100,,74268,27,,,1,100,,74270,27,,,1,100,,74271,27,,,1,100,,74272,27,,,1,100,,74273,27,,,1,100,,74274,27,,,1,100,,74275,27,,,1,100,,74276,27,,,1,100,,74277,27,,,1,100,,74278,27,,,1,100,,74279,27,,,1
6900,'Samedi-11',900,,74281,27,,,1,100,,74280,27,,,1,100,,74282,27,,,1,100,,74284,27,,,1,100,,74283,27,,,1,100,,74285,27,,,1,100,,74286,27,,,1,100,,74287,27,,,1,100,,74288,27,,,1,100,,74289,27,,,1,100,,74290,27,,,1,100,,74291,27,,,1,100,,74292,27,,,1,100,,74293,27,,,1,100,,74294,27,,,1
6900,'Dimanche-0',900,,74299,27,,,1,100,,74300,27,,,1,100,,74301,27,,,1,100,,74295,27,,,1,100,,74297,27,,,1,100,,74298,27,,,1,100,,74296,27,,,1,100,,74304,27,,,1,100,,74305,27,,,1,100,,74302,27,,,1,100,,74303,27,,,1,100,,74306,27,,,1,100,,74307,27,,,1,100,,74308,27,,,1,100,,74309,27,,,1
6900,'Dimanche-10',900,,74314,27,,,1,100,,74315,27,,,1,100,,74316,27,,,1,100,,74310,27,,,1,100,,74312,27,,,1,100,,74313,27,,,1,100,,74311,27,,,1,100,,74319,27,,,1,100,,74320,27,,,1,100,,74317,27,,,1,100,,74318,27,,,1,100,,74321,27,,,1,100,,74322,27,,,1,100,,74323,27,,,1,100,,74324,27,,,1
6900,'Dimanche-11',900,,74329,27,,,1,100,,74330,27,,,1,100,,74331,27,,,1,100,,74325,27,,,1,100,,74327,27,,,1,100,,74328,27,,,1,100,,74326,27,,,1,100,,74334,27,,,1,100,,74335,27,,,1,100,,74332,27,,,1,100,,74333,27,,,1,100,,74336,27,,,1,100,,74337,27,,,1,100,,74338,27,,,1,100,,74339,27,,,1
6900,'Semaine-0',847,,74340,27,,,1,103,,74341,27,,,1,99,,74342,27,,,2,101,,74343,27,,,2,95,,74344,27,,,2,104,,74345,27,,,1,101,,74346,27,,,1,70,,74347,27,,,1,30,,74348,27,,,2,73,,74349,27,,,1,29,,74350,27,,,2,68,,74351,27,,,1,33,,74352,27,,,1,67,,74353,27,,,1,28,,74354,27,,,1,82,,74355,27,,,1,100,,74356,27,,,2,100,,74357,27,,,2,100,,74358,27,,,2,100,,74359,27,,,2
6900,'Semaine-10',847,,74360,27,,,1,103,,74361,27,,,1,99,,74362,27,,,2,101,,74363,27,,,2,95,,74364,27,,,2,104,,74365,27,,,1,101,,74366,27,,,1,70,,74367,27,,,1,30,,74368,27,,,2,73,,74369,27,,,1,29,,74370,27,,,2,68,,74371,27,,,1,33,,74372,27,,,1,67,,74373,27,,,1,28,,74374,27,,,1,82,,74375,27,,,1,100,,74376,27,,,2,100,,74377,27,,,2,100,,74378,27,,,2,100,,74379,27,,,2
6900,'Semaine-11',847,,74380,27,,,1,103,,74381,27,,,1,99,,74382,27,,,2,101,,74383,27,,,2,95,,74384,27,,,2,104,,74385,27,,,1,101,,74386,27,,,1,70,,74387,27,,,1,30,,74388,27,,,2,73,,74389,27,,,1,29,,74390,27,,,2,68,,74391,27,,,1,33,,74392,27,,,1,67,,74393,27,,,1,28,,74394,27,,,1,82,,74395,27,,,1,100,,74396,27,,,2,100,,74397,27,,,2,100,,74398,27,,,2,100,,74399,27,,,2
56900,'Semaine-0',1558,,79323,31,0,5 6,2
56900,'Semaine-10',1558,,79324,31,0,5 6,2
56900,'Semaine-11',1558,,79325,31,0,5 6,2
