3600,'Semaine-1',929,,81164,46,,,1,102,,81165,46,,,1,101,,81163,46,,,1,100,,81166,46,,,1,100,,81168,46,,,1,100,,81169,46,,,1,100,,81167,46,,,1
3600,'Semaine-12',929,,81171,46,,,1,102,,81172,46,,,1,101,,81170,46,,,1,100,,81173,46,,,1,100,,81175,46,,,1,100,,81176,46,,,1,100,,81174,46,,,1
3700,'Samedi-1',746,,81191,38,,,1,100,,81192,38,,,1,100,,81194,38,,,1,103,,81195,38,,,1,100,,81193,38,,,1,102,,81196,38,,,1,100,,81197,38,,,1,100,,81198,38,,,1,100,,81199,38,,,1,100,,81200,38,,,1,100,,81201,38,,,1,100,,81202,38,,,1,97,,81203,38,,,1,100,,81204,38,,,1,100,,81205,38,,,1,100,,81206,38,,,1,97,,81207,38,,,1,100,,81208,38,,,1
3700,'Samedi-10',746,,68178,38,,,1,100,,68179,38,,,1,100,,68181,38,,,1,103,,68182,38,,,1,100,,68180,38,,,1,102,,68183,38,,,1,100,,68184,38,,,1,100,,68185,38,,,1,100,,68186,38,,,1,100,,68187,38,,,1,100,,68188,38,,,1,100,,68189,38,,,1,97,,68190,38,,,1,100,,68191,38,,,1,100,,68192,38,,,1,100,,68193,38,,,1,97,,68194,38,,,1,100,,68195,38,,,1
3700,'Dimanche-1',746,,81211,38,,,1,100,,81214,38,,,1,100,,81216,38,,,1,103,,81212,38,,,1,100,,81209,38,,,1,102,,81213,38,,,1,100,,81210,38,,,1,100,,81215,38,,,1,100,,81217,38,,,1,100,,81219,38,,,1,100,,81218,38,,,1,100,,81222,38,,,1,97,,81221,38,,,1,100,,81220,38,,,1,100,,81223,38,,,1,100,,81224,38,,,1,97,,81225,38,,,1,100,,81226,38,,,1
3700,'Semaine-1',707,,81248,38,,,1,43,,81254,38,,,1,72,,81245,38,,,1,27,,81229,38,,,1,69,,81243,38,,,1,89,,81235,38,,,1,100,,81231,38,,,1,100,,81232,38,,,1,100,,81233,38,,,1,103,,81234,38,,,1,100,,81240,38,,,1,90,,81241,38,,,1,16,,81242,38,,,1,15,,81228,38,,,1,15,,81250,38,,,1,63,,81237,38,,,1,30,,81246,38,,,1,63,,81236,38,,,1,27,,81230,38,,,1,29,,81227,38,,,1,66,,81238,38,,,1,30,,81253,38,,,1,69,,81244,38,,,1,36,,81255,38,,,1,99,,81251,38,,,1,98,,81239,38,,,1,100,,81249,38,,,1,99,,81252,38,,,1,55,,81247,38,,,1
3700,'Semaine-12',707,,81277,38,,,1,43,,81283,38,,,1,72,,81274,38,,,1,27,,81258,38,,,1,69,,81272,38,,,1,89,,81264,38,,,1,100,,81260,38,,,1,100,,81261,38,,,1,100,,81262,38,,,1,103,,81263,38,,,1,100,,81269,38,,,1,90,,81270,38,,,1,16,,81271,38,,,1,15,,81257,38,,,1,15,,81279,38,,,1,63,,81266,38,,,1,30,,81275,38,,,1,63,,81265,38,,,1,27,,81259,38,,,1,29,,81256,38,,,1,66,,81267,38,,,1,30,,81282,38,,,1,69,,81273,38,,,1,36,,81284,38,,,1,99,,81280,38,,,1,98,,81268,38,,,1,100,,81278,38,,,1,99,,81281,38,,,1,55,,81276,38,,,1
6400,'Samedi-1',758,,83307,38,,,1,100,,83309,38,,,1,100,,83312,38,,,1,100,,83310,38,,,1,100,,83313,38,,,1,100,,83308,38,,,1,100,,83311,38,,,1,100,,83314,38,,,1,98,,83315,38,,,1,100,,83316,38,,,1,100,,83317,38,,,1,100,,83318,38,,,1
6400,'Samedi-10',758,,72456,38,,,1,100,,72458,38,,,1,100,,72461,38,,,1,100,,72459,38,,,1,100,,72462,38,,,1,100,,72457,38,,,1,100,,72460,38,,,1,100,,72463,38,,,1,98,,72464,38,,,1,100,,72465,38,,,1,100,,72466,38,,,1,100,,72467,38,,,1
6400,'Dimanche-1',758,,83320,38,,,1,100,,83321,38,,,1,100,,83326,38,,,1,100,,83324,38,,,1,100,,83319,38,,,1,100,,83322,38,,,1,100,,83323,38,,,1,100,,83327,38,,,1,98,,83325,38,,,1,100,,83329,38,,,1,100,,83330,38,,,1,100,,83328,38,,,1
6400,'Semaine-1',712,,83339,38,,,1,34,,83336,38,,,1,70,,83331,38,,,1,30,,83335,38,,,1,100,,83337,38,,,1,100,,83342,38,,,1,100,,83341,38,,,1,100,,83334,38,,,1,100,,83347,38,,,1,100,,83343,38,,,1,95,,83344,38,,,1,85,,83349,38,,,1,87,,83348,38,,,1,99,,83345,38,,,1,95,,83346,38,,,1,100,,83338,38,,,2,99,,83332,38,,,2,100,,83340,38,,,1,100,,83333,38,,,1
6400,'Semaine-12',712,,83358,38,,,1,34,,83355,38,,,1,70,,83350,38,,,1,30,,83354,38,,,1,100,,83356,38,,,1,100,,83361,38,,,1,100,,83360,38,,,1,100,,83353,38,,,1,100,,83366,38,,,1,100,,83362,38,,,1,95,,83363,38,,,1,85,,83368,38,,,1,87,,83367,38,,,1,99,,83364,38,,,1,95,,83365,38,,,1,100,,83357,38,,,2,99,,83351,38,,,2,100,,83359,38,,,1,100,,83352,38,,,1
6801,'Semaine-1',629,,84171,16,,,1,20,,84184,16,,,1,58,,84155,16,,,1,19,,84168,16,,,1,6,,84182,16,,,1,7,,84162,16,,,1,6,,84167,16,,,1,62,,84173,16,,,1,18,,84185,16,,,1,20,,84161,16,,,1,60,,84180,16,,,1,19,,84178,16,,,1,20,,84183,16,,,1,68,,84156,16,,,1,30,,84176,16,,,1,70,,84157,16,,,1,30,,84159,16,,,1,70,,84179,16,,,1,30,,84163,16,,,1,70,,84181,16,,,1,32,,84175,16,,,1,70,,84164,16,,,1,30,,84174,16,,,1,69,,84165,16,,,1,34,,84160,16,,,1,71,,84158,16,,,1,26,,84172,16,,,1,70,,84166,16,,,1,28,,84177,16,,,1,70,,84170,16,,,1,30,,84169,16,,,1
6801,'Semaine-12',629,,84202,16,,,1,20,,84215,16,,,1,58,,84186,16,,,1,19,,84199,16,,,1,6,,84213,16,,,1,7,,84193,16,,,1,6,,84198,16,,,1,62,,84204,16,,,1,18,,84216,16,,,1,20,,84192,16,,,1,60,,84211,16,,,1,19,,84209,16,,,1,20,,84214,16,,,1,68,,84187,16,,,1,30,,84207,16,,,1,70,,84188,16,,,1,30,,84190,16,,,1,70,,84210,16,,,1,30,,84194,16,,,1,70,,84212,16,,,1,32,,84206,16,,,1,70,,84195,16,,,1,30,,84205,16,,,1,69,,84196,16,,,1,34,,84191,16,,,1,71,,84189,16,,,1,26,,84203,16,,,1,70,,84197,16,,,1,28,,84208,16,,,1,70,,84201,16,,,1,30,,84200,16,,,1
33100,'Semaine-1',816,,85911,10,0,7 8,1
33100,'Semaine-12',816,,85912,10,0,7 8,1
37100,'Samedi-1',817,,85916,39,,,1,101,,85920,39,,,1,100,,85915,39,,,1,103,,85921,39,,,1,100,,85917,39,,,1,100,,85918,39,,,1,100,,85919,39,,,1,104,,85922,39,,,1,100,,85923,39,,,1,100,,85924,39,,,1,98,,85925,39,,,1,98,,85926,39,,,1,100,,85927,39,,,1,98,,85928,39,,,1,100,,85929,39,,,1,99,,85930,39,,,1,98,,85931,39,,,1
37100,'Samedi-10',817,,77442,39,,,1,101,,77446,39,,,1,100,,77441,39,,,1,103,,77447,39,,,1,100,,77443,39,,,1,100,,77444,39,,,1,100,,77445,39,,,1,104,,77448,39,,,1,100,,77449,39,,,1,100,,77450,39,,,1,98,,77451,39,,,1,98,,77452,39,,,1,100,,77453,39,,,1,98,,77454,39,,,1,100,,77455,39,,,1,99,,77456,39,,,1,98,,77457,39,,,1
37100,'Dimanche-1',817,,85932,39,,,1,101,,85934,39,,,1,100,,85936,39,,,1,103,,85937,39,,,1,100,,85944,39,,,1,100,,85933,39,,,1,100,,85938,39,,,1,104,,85935,39,,,1,100,,85940,39,,,1,100,,85942,39,,,1,98,,85943,39,,,1,98,,85941,39,,,1,100,,85939,39,,,1,98,,85945,39,,,1,100,,85946,39,,,1,99,,85947,39,,,1,98,,85948,39,,,1
37100,'Semaine-1',727,,85962,39,,,1,74,,85959,39,,,1,30,,85955,39,,,1,28,,85950,39,,,1,90,,85969,39,,,1,97,,85954,39,,,1,102,,85956,39,,,1,100,,85968,39,,,1,100,,85963,39,,,1,103,,85952,39,,,1,95,,85964,39,,,1,59,,85973,39,,,1,16,,85953,39,,,1,15,,85974,39,,,1,65,,85949,39,,,1,20,,85958,39,,,1,27,,85965,39,,,1,65,,85971,39,,,1,26,,85970,39,,,1,70,,85960,39,,,1,28,,85972,39,,,1,70,,85975,39,,,1,30,,85961,39,,,1,95,,85957,39,,,1,100,,85967,39,,,1,100,,85966,39,,,1,97,,85951,39,,,1
37100,'Semaine-12',727,,85989,39,,,1,74,,85986,39,,,1,30,,85982,39,,,1,28,,85977,39,,,1,90,,85996,39,,,1,97,,85981,39,,,1,102,,85983,39,,,1,100,,85995,39,,,1,100,,85990,39,,,1,103,,85979,39,,,1,95,,85991,39,,,1,59,,86000,39,,,1,16,,85980,39,,,1,15,,86001,39,,,1,65,,85976,39,,,1,20,,85985,39,,,1,27,,85992,39,,,1,65,,85998,39,,,1,26,,85997,39,,,1,70,,85987,39,,,1,28,,85999,39,,,1,70,,86002,39,,,1,30,,85988,39,,,1,95,,85984,39,,,1,100,,85994,39,,,1,100,,85993,39,,,1,97,,85978,39,,,1
43700,'Semaine-1',746,,86783,34,0,9 14,1,2,,86784,30,0,9 14,2
43700,'Semaine-12',746,,86785,34,0,9 14,1,2,,86786,30,0,9 14,2
