4000,'Semaine-1',1533,,81911,26,,,1,70,,81907,26,,,2,35,,81910,26,,,1,67,,81909,26,,,1,28,,81908,26,,,1,69,,81912,26,,,1
4000,'Semaine-12',1533,,81917,26,,,1,70,,81913,26,,,2,35,,81916,26,,,1,67,,81915,26,,,1,28,,81914,26,,,1,69,,81918,26,,,1
4100,'Semaine-1',1544,,81932,26,,,1,71,,81934,26,,,1,35,,81933,26,,,2,64,,81931,26,,,1,29,,81935,26,,,1
4100,'Semaine-12',1544,,81937,26,,,1,71,,81939,26,,,1,35,,81938,26,,,2,64,,81936,26,,,1,29,,81940,26,,,1
4500,'Semaine-1',1519,,81964,26,,,1,35,,81959,26,,,1,70,,81960,26,,,1,32,,81962,26,,,1,67,,81963,26,,,1,26,,81961,26,,,2
4500,'Semaine-12',1519,,81970,26,,,1,35,,81965,26,,,1,70,,81966,26,,,1,32,,81968,26,,,1,67,,81969,26,,,1,26,,81967,26,,,2
4700,'Semaine-1',1541,,81983,26,,,1,102,,81984,26,,,1,96,,81985,26,,,2
4700,'Semaine-12',1541,,81986,26,,,1,102,,81987,26,,,1,96,,81988,26,,,2
5200,'Samedi-1',635,,82231,12,,,1,100,,82232,12,,,1,100,,82233,12,,,1,101,,82234,12,,,1,100,,82235,12,,,1,101,,82236,12,,,1,101,,82237,12,,,1,100,,82238,12,,,1,99,,82239,12,,,1,100,,82240,12,,,1,100,,82241,12,,,1,100,,82242,12,,,1,99,,82243,12,,,1,100,,82246,12,,,1,100,,82244,12,,,1,100,,82245,12,,,1,98,,82247,12,,,1,100,,82248,12,,,1
5200,'Samedi-10',635,,70287,12,,,1,100,,70288,12,,,1,100,,70289,12,,,1,101,,70290,12,,,1,100,,70291,12,,,1,101,,70292,12,,,1,101,,70293,12,,,1,100,,70294,12,,,1,99,,70295,12,,,1,100,,70296,12,,,1,100,,70297,12,,,1,100,,70298,12,,,1,99,,70299,12,,,1,100,,70302,12,,,1,100,,70300,12,,,1,100,,70301,12,,,1,98,,70303,12,,,1,100,,70304,12,,,1
5200,'Dimanche-1',635,,82250,12,,,1,100,,82249,12,,,1,100,,82251,12,,,1,101,,82254,12,,,1,100,,82252,12,,,1,101,,82253,12,,,1,101,,82257,12,,,1,100,,82256,12,,,1,99,,82258,12,,,1,100,,82255,12,,,1,100,,82259,12,,,1,100,,82261,12,,,1,99,,82262,12,,,1,100,,82260,12,,,1,100,,82263,12,,,1,100,,82264,12,,,1,98,,82265,12,,,1,100,,82266,12,,,1
5200,'Semaine-1',606,,82270,12,,,1,97,,82272,12,,,1,107,,82267,12,,,1,98,,82283,12,,,1,98,,82281,12,,,1,101,,82268,12,,,1,100,,82275,12,,,1,100,,82274,12,,,1,100,,82271,12,,,1,100,,82269,12,,,1,108,,82273,12,,,1,100,,82284,12,,,1,108,,82282,12,,,1,99,,82276,12,,,1,84,,82280,12,,,1,100,,82279,12,,,1,100,,82277,12,,,1,100,,82278,12,,,1
5200,'Semaine-12',606,,82288,12,,,1,97,,82290,12,,,1,107,,82285,12,,,1,98,,82301,12,,,1,98,,82299,12,,,1,101,,82286,12,,,1,100,,82293,12,,,1,100,,82292,12,,,1,100,,82289,12,,,1,100,,82287,12,,,1,108,,82291,12,,,1,100,,82302,12,,,1,108,,82300,12,,,1,99,,82294,12,,,1,84,,82298,12,,,1,100,,82297,12,,,1,100,,82295,12,,,1,100,,82296,12,,,1
5500,'Samedi-1',712,,82390,27,,,1,30,,82387,27,,,1,70,,82388,27,,,1,30,,82391,27,,,1,70,,82389,27,,,1,30,,82396,27,,,1,72,,82393,27,,,1,30,,82394,27,,,1,70,,82399,27,,,1,30,,82398,27,,,1,70,,82392,27,,,1,30,,82395,27,,,1,70,,82397,27,,,1,30,,82400,27,,,1,70,,82401,27,,,1,30,,82402,27,,,1,70,,82403,27,,,1,30,,82404,27,,,1,70,,82405,27,,,1,31,,82406,27,,,1,70,,82407,27,,,1,30,,82408,27,,,1,70,,82409,27,,,1,30,,82410,27,,,1,68,,82412,27,,,1,30,,82411,27,,,1,70,,82413,27,,,1,30,,82415,27,,,1,70,,82414,27,,,1,30,,82416,27,,,1,70,,82417,27,,,1,30,,82420,27,,,1,70,,82422,27,,,1,30,,82419,27,,,1,70,,82418,27,,,1,28,,82421,27,,,1
5500,'Samedi-10',712,,70650,27,,,1,30,,70647,27,,,1,70,,70648,27,,,1,30,,70651,27,,,1,70,,70649,27,,,1,30,,70656,27,,,1,72,,70653,27,,,1,30,,70654,27,,,1,70,,70659,27,,,1,30,,70658,27,,,1,70,,70652,27,,,1,30,,70655,27,,,1,70,,70657,27,,,1,30,,70660,27,,,1,70,,70661,27,,,1,30,,70662,27,,,1,70,,70663,27,,,1,30,,70664,27,,,1,70,,70665,27,,,1,31,,70666,27,,,1,70,,70667,27,,,1,30,,70668,27,,,1,70,,70669,27,,,1,30,,70670,27,,,1,68,,70672,27,,,1,30,,70671,27,,,1,70,,70673,27,,,1,30,,70675,27,,,1,70,,70674,27,,,1,30,,70676,27,,,1,70,,70677,27,,,1,30,,70680,27,,,1,70,,70682,27,,,1,30,,70679,27,,,1,70,,70678,27,,,1,28,,70681,27,,,1
5500,'Dimanche-1',712,,82427,27,,,1,30,,82432,27,,,1,70,,82424,27,,,1,30,,82429,27,,,1,70,,82426,27,,,1,30,,82423,27,,,1,72,,82434,27,,,1,30,,82428,27,,,1,70,,82425,27,,,1,30,,82437,27,,,1,70,,82433,27,,,1,30,,82438,27,,,1,70,,82431,27,,,1,30,,82430,27,,,1,70,,82436,27,,,1,30,,82441,27,,,1,70,,82435,27,,,1,30,,82440,27,,,1,70,,82443,27,,,1,31,,82447,27,,,1,70,,82442,27,,,1,30,,82448,27,,,1,70,,82439,27,,,1,30,,82445,27,,,1,68,,82446,27,,,1,30,,82449,27,,,1,70,,82444,27,,,1,30,,82450,27,,,1,70,,82452,27,,,1,30,,82451,27,,,1,70,,82453,27,,,1,30,,82455,27,,,1,70,,82456,27,,,1,30,,82454,27,,,1,70,,82457,27,,,1,28,,82458,27,,,1
5500,'Semaine-1',646,,82461,27,,,1,102,,82477,27,,,1,69,,82460,27,,,1,98,,82496,27,,,1,28,,82497,27,,,1,69,,82466,27,,,1,30,,82476,27,,,1,69,,82480,27,,,1,32,,82502,27,,,1,70,,82462,27,,,1,30,,82501,27,,,1,69,,82479,27,,,1,30,,82494,27,,,1,70,,82488,27,,,1,25,,82495,27,,,1,16,,82481,27,,,1,54,,82459,27,,,1,17,,82500,27,,,1,17,,82470,27,,,1,15,,82503,27,,,1,53,,82491,27,,,1,10,,82463,27,,,1,13,,82474,27,,,1,18,,82506,27,,,1,9,,82499,27,,,1,51,,82465,27,,,1,11,,82482,27,,,1,10,,82475,27,,,1,11,,82504,27,,,1,12,,82489,27,,,1,48,,82469,27,,,1,12,,82464,27,,,1,10,,82505,27,,,1,11,,82473,27,,,1,11,,82468,27,,,1,10,,82478,27,,,1,70,,82493,27,,,1,29,,82498,27,,,1,70,,82485,27,,,1,30,,82471,27,,,1,70,,82492,27,,,1,28,,82483,27,,,1,70,,82486,27,,,1,29,,82472,27,,,1,70,,82487,27,,,1,30,,82484,27,,,1,69,,82467,27,,,1,30,,82490,27,,,1
5500,'Semaine-12',646,,82509,27,,,1,102,,82525,27,,,1,69,,82508,27,,,1,98,,82544,27,,,1,28,,82545,27,,,1,69,,82514,27,,,1,30,,82524,27,,,1,69,,82528,27,,,1,32,,82550,27,,,1,70,,82510,27,,,1,30,,82549,27,,,1,69,,82527,27,,,1,30,,82542,27,,,1,70,,82536,27,,,1,25,,82543,27,,,1,16,,82529,27,,,1,54,,82507,27,,,1,17,,82548,27,,,1,17,,82518,27,,,1,15,,82551,27,,,1,53,,82539,27,,,1,10,,82511,27,,,1,13,,82522,27,,,1,18,,82554,27,,,1,9,,82547,27,,,1,51,,82513,27,,,1,11,,82530,27,,,1,10,,82523,27,,,1,11,,82552,27,,,1,12,,82537,27,,,1,48,,82517,27,,,1,12,,82512,27,,,1,10,,82553,27,,,1,11,,82521,27,,,1,11,,82516,27,,,1,10,,82526,27,,,1,70,,82541,27,,,1,29,,82546,27,,,1,70,,82533,27,,,1,30,,82519,27,,,1,70,,82540,27,,,1,28,,82531,27,,,1,70,,82534,27,,,1,29,,82520,27,,,1,70,,82535,27,,,1,30,,82532,27,,,1,69,,82515,27,,,1,30,,82538,27,,,1
5601,'Semaine-1',1237,,82735,29,,,1,102,,82732,29,,,1,100,,82731,29,,,1,101,,82734,29,,,2,104,,82733,29,,,1,99,,82736,29,,,1,95,,82737,29,,,1
5601,'Semaine-12',1237,,82742,29,,,1,102,,82739,29,,,1,100,,82738,29,,,1,101,,82741,29,,,2,104,,82740,29,,,1,99,,82743,29,,,1,95,,82744,29,,,1
5800,'Semaine-1',828,,82749,14,,,1,399,,82750,14,,,1,300,,82752,14,,,1,31,,82747,14,,,1,71,,82748,14,,,1,29,,82751,14,,,1,69,,82746,14,,,2,29,,82745,14,,,1
5800,'Semaine-12',828,,82757,14,,,1,399,,82758,14,,,1,300,,82760,14,,,1,31,,82755,14,,,1,71,,82756,14,,,1,29,,82759,14,,,1,69,,82754,14,,,2,29,,82753,14,,,1
5900,'Samedi-1',728,,82779,27,,,1,30,,82782,27,,,1,70,,82775,27,,,1,30,,82781,27,,,1,70,,82778,27,,,1,30,,82783,27,,,1,70,,82787,27,,,1,30,,82788,27,,,1,70,,82777,27,,,1,30,,82776,27,,,1,71,,82786,27,,,1,30,,82780,27,,,1,70,,82784,27,,,1,71,,82789,27,,,1,30,,82785,27,,,1,70,,82790,27,,,1,30,,82791,27,,,1,29,,82792,27,,,1,70,,82793,27,,,1,73,,82794,27,,,1,28,,82795,27,,,1,70,,82796,27,,,1,29,,82797,27,,,1,30,,82798,27,,,1,70,,82799,27,,,1,29,,82801,27,,,1,70,,82800,27,,,1,30,,82803,27,,,1,70,,82802,27,,,1,29,,82804,27,,,1,71,,82805,27,,,1,30,,82807,27,,,1,70,,82806,27,,,1,30,,82808,27,,,1
5900,'Samedi-10',728,,71438,27,,,1,30,,71441,27,,,1,70,,71434,27,,,1,30,,71440,27,,,1,70,,71437,27,,,1,30,,71442,27,,,1,70,,71446,27,,,1,30,,71447,27,,,1,70,,71436,27,,,1,30,,71435,27,,,1,71,,71445,27,,,1,30,,71439,27,,,1,70,,71443,27,,,1,71,,71448,27,,,1,30,,71444,27,,,1,70,,71449,27,,,1,30,,71450,27,,,1,29,,71451,27,,,1,70,,71452,27,,,1,73,,71453,27,,,1,28,,71454,27,,,1,70,,71455,27,,,1,29,,71456,27,,,1,30,,71457,27,,,1,70,,71458,27,,,1,29,,71460,27,,,1,70,,71459,27,,,1,30,,71462,27,,,1,70,,71461,27,,,1,29,,71463,27,,,1,71,,71464,27,,,1,30,,71466,27,,,1,70,,71465,27,,,1,30,,71467,27,,,1
5900,'Dimanche-1',728,,82814,27,,,1,30,,82813,27,,,1,70,,82809,27,,,1,30,,82818,27,,,1,70,,82824,27,,,1,30,,82815,27,,,1,70,,82822,27,,,1,30,,82817,27,,,1,70,,82823,27,,,1,30,,82810,27,,,1,71,,82821,27,,,1,30,,82811,27,,,1,70,,82819,27,,,1,71,,82825,27,,,1,30,,82812,27,,,1,70,,82816,27,,,1,30,,82820,27,,,1,29,,82829,27,,,1,70,,82830,27,,,1,73,,82827,27,,,1,28,,82832,27,,,1,70,,82828,27,,,1,29,,82834,27,,,1,30,,82826,27,,,1,70,,82831,27,,,1,29,,82835,27,,,1,70,,82833,27,,,1,30,,82836,27,,,1,70,,82837,27,,,1,29,,82838,27,,,1,71,,82839,27,,,1,30,,82841,27,,,1,70,,82840,27,,,1,30,,82842,27,,,1
5900,'Semaine-1',614,,82850,27,,,1,98,,82885,27,,,1,47,,82890,27,,,1,88,,82866,27,,,1,82,,82862,27,,,1,28,,82883,27,,,1,70,,82859,27,,,1,30,,82882,27,,,1,70,,82873,27,,,1,30,,82867,27,,,1,72,,82875,27,,,1,30,,82858,27,,,1,70,,82886,27,,,1,30,,82849,27,,,1,71,,82880,27,,,1,14,,82851,27,,,1,58,,82884,27,,,1,31,,82844,27,,,1,14,,82888,27,,,1,55,,82843,27,,,1,8,,82878,27,,,1,17,,82874,27,,,1,7,,82887,22,,,1,6,,82861,27,,,1,13,,82845,27,,,1,6,,82889,22,,,1,46,,82846,27,,,1,12,,82854,27,,,1,9,,82881,27,,,1,12,,82870,27,,,1,11,,82857,27,,,1,9,,82879,27,,,1,52,,82865,27,,,1,12,,82877,27,,,1,9,,82847,27,,,1,10,,82852,27,,,1,71,,82872,27,,,1,29,,82863,27,,,1,70,,82868,27,,,1,29,,82856,27,,,1,70,,82864,27,,,1,30,,82869,27,,,1,70,,82876,27,,,1,30,,82853,27,,,1,70,,82871,27,,,1,29,,82860,27,,,1,70,,82848,27,,,1,28,,82855,27,,,1
5900,'Semaine-12',614,,82898,27,,,1,98,,82933,27,,,1,47,,82938,27,,,1,88,,82914,27,,,1,82,,82910,27,,,1,28,,82931,27,,,1,70,,82907,27,,,1,30,,82930,27,,,1,70,,82921,27,,,1,30,,82915,27,,,1,72,,82923,27,,,1,30,,82906,27,,,1,70,,82934,27,,,1,30,,82897,27,,,1,71,,82928,27,,,1,14,,82899,27,,,1,58,,82932,27,,,1,31,,82892,27,,,1,14,,82936,27,,,1,55,,82891,27,,,1,8,,82926,27,,,1,17,,82922,27,,,1,7,,82935,22,,,1,6,,82909,27,,,1,13,,82893,27,,,1,6,,82937,22,,,1,46,,82894,27,,,1,12,,82902,27,,,1,9,,82929,27,,,1,12,,82918,27,,,1,11,,82905,27,,,1,9,,82927,27,,,1,52,,82913,27,,,1,12,,82925,27,,,1,9,,82895,27,,,1,10,,82900,27,,,1,71,,82920,27,,,1,29,,82911,27,,,1,70,,82916,27,,,1,29,,82904,27,,,1,70,,82912,27,,,1,30,,82917,27,,,1,70,,82924,27,,,1,30,,82901,27,,,1,70,,82919,27,,,1,29,,82908,27,,,1,70,,82896,27,,,1,28,,82903,27,,,1
64500,'Semaine-1',704,,86851,3,0,9 10,1
64500,'Semaine-12',704,,86852,3,0,9 10,1
64700,'Semaine-1',710,,86855,3,0,9 10,1
64700,'Semaine-12',710,,86856,3,0,9 10,1
65500,'Semaine-1',728,,86863,20,0,9 10,1
65500,'Semaine-12',728,,86864,20,0,9 10,1
74000,'Semaine-1',1638,,86880,23,0,5 11,1
74000,'Semaine-12',1638,,86882,23,0,5 11,1
80001,'Samedi-1',636,,87007,29,,,1,101,,87009,29,,,1,101,,87010,29,,,1,100,,87013,29,,,1,101,,87008,29,,,1,100,,87011,29,,,1,101,,87014,29,,,1,100,,87012,29,,,1,100,,87015,29,,,1,100,,87016,29,,,1,100,,87017,29,,,2,102,,87018,29,,,1,97,,87021,29,,,1,99,,87019,29,,,1,100,,87020,29,,,1,100,,87022,29,,,1,99,,87023,29,,,1
80001,'Samedi-10',636,,79670,29,,,1,101,,79672,29,,,1,101,,79673,29,,,1,100,,79676,29,,,1,101,,79671,29,,,1,100,,79674,29,,,1,101,,79677,29,,,1,100,,79675,29,,,1,100,,79678,29,,,1,100,,79679,29,,,1,100,,79680,29,,,2,102,,79681,29,,,1,97,,79684,29,,,1,99,,79682,29,,,1,100,,79683,29,,,1,100,,79685,29,,,1,99,,79686,29,,,1
80001,'Dimanche-1',636,,87024,29,,,1,101,,87026,29,,,1,101,,87028,29,,,1,100,,87025,29,,,1,101,,87027,29,,,1,100,,87029,29,,,1,101,,87030,29,,,1,100,,87031,29,,,1,100,,87034,29,,,1,100,,87032,29,,,1,100,,87033,29,,,2,102,,87036,29,,,1,97,,87037,29,,,1,99,,87035,29,,,1,100,,87038,29,,,1,100,,87039,29,,,1,99,,87040,29,,,1
80001,'Semaine-1',629,,87062,29,,,1,28,,87055,29,,,1,73,,87063,29,,,1,70,,87047,29,,,1,33,,87045,29,,,1,68,,87052,29,,,1,26,,87058,29,,,1,30,,87070,29,,,1,70,,87061,29,,,2,30,,87053,29,,,1,70,,87067,29,,,1,30,,87041,29,,,1,71,,87075,29,,,1,29,,87073,29,,,1,74,,87043,29,,,1,70,,87066,29,,,1,30,,87057,29,,,1,70,,87064,29,,,1,33,,87074,29,,,1,69,,87059,29,,,1,17,,87069,29,,,1,22,,87071,29,,,1,64,,87068,29,,,1,27,,87060,29,,,1,70,,87050,29,,,1,28,,87048,29,,,1,27,,87042,29,,,1,69,,87072,29,,,1,32,,87054,29,,,1,67,,87051,29,,,1,30,,87056,29,,,1,69,,87044,29,,,1,30,,87065,29,,,1,74,,87046,29,,,1,30,,87049,29,,,1
80001,'Semaine-12',629,,87097,29,,,1,28,,87090,29,,,1,73,,87098,29,,,1,70,,87082,29,,,1,33,,87080,29,,,1,68,,87087,29,,,1,26,,87093,29,,,1,30,,87105,29,,,1,70,,87096,29,,,2,30,,87088,29,,,1,70,,87102,29,,,1,30,,87076,29,,,1,71,,87110,29,,,1,29,,87108,29,,,1,74,,87078,29,,,1,70,,87101,29,,,1,30,,87092,29,,,1,70,,87099,29,,,1,33,,87109,29,,,1,69,,87094,29,,,1,17,,87104,29,,,1,22,,87106,29,,,1,64,,87103,29,,,1,27,,87095,29,,,1,70,,87085,29,,,1,28,,87083,29,,,1,27,,87077,29,,,1,69,,87107,29,,,1,32,,87089,29,,,1,67,,87086,29,,,1,30,,87091,29,,,1,69,,87079,29,,,1,30,,87100,29,,,1,74,,87081,29,,,1,30,,87084,29,,,1
