4200,'Semaine-1',611,,81951,2,,,1,101,,81952,2,,,1,901,,81953,2,,,1,99,,81954,2,,,1
4200,'Semaine-12',611,,81955,2,,,1,101,,81956,2,,,1,901,,81957,2,,,1,99,,81958,2,,,1
5201,'Samedi-1',706,,82303,55,,,1,100,,82304,55,,,1,100,,82305,55,,,1,100,,82306,55,,,1,102,,82308,55,,,1,100,,82307,55,,,1,100,,82309,55,,,1,100,,82310,55,,,1,101,,82311,55,,,1,99,,82312,55,,,1,100,,82313,55,,,1,100,,82314,55,,,1,99,,82317,55,,,1,100,,82315,55,,,1,96,,82319,55,,,1,101,,82316,55,,,1,100,,82318,55,,,1,101,,82320,55,,,1
5201,'Samedi-10',706,,70449,55,,,1,100,,70450,55,,,1,100,,70451,55,,,1,100,,70452,55,,,1,102,,70454,55,,,1,100,,70453,55,,,1,100,,70455,55,,,1,100,,70456,55,,,1,101,,70457,55,,,1,99,,70458,55,,,1,100,,70459,55,,,1,100,,70460,55,,,1,99,,70463,55,,,1,100,,70461,55,,,1,96,,70465,55,,,1,101,,70462,55,,,1,100,,70464,55,,,1,101,,70466,55,,,1
5201,'Dimanche-1',706,,82321,55,,,1,100,,82322,55,,,1,100,,82323,55,,,1,100,,82326,55,,,1,102,,82324,55,,,1,100,,82328,55,,,1,100,,82325,55,,,1,100,,82330,55,,,1,101,,82327,55,,,1,99,,82329,55,,,1,100,,82332,55,,,1,100,,82334,55,,,1,99,,82331,55,,,1,100,,82333,55,,,1,96,,82335,55,,,1,101,,82336,55,,,1,100,,82337,55,,,1,101,,82338,55,,,1
5201,'Semaine-1',637,,82354,55,,,1,104,,82356,55,,,1,102,,82355,55,,,1,97,,82339,55,,,1,102,,82345,55,,,1,99,,82342,55,,,1,100,,82349,55,,,1,100,,82340,55,,,1,100,,82344,55,,,1,102,,82343,55,,,1,100,,82353,55,,,1,99,,82352,55,,,1,98,,82346,55,,,1,96,,82347,55,,,1,100,,82351,55,,,1,100,,82348,55,,,1,100,,82350,55,,,1,100,,82341,55,,,2
5201,'Semaine-12',637,,82372,55,,,1,104,,82374,55,,,1,102,,82373,55,,,1,97,,82357,55,,,1,102,,82363,55,,,1,99,,82360,55,,,1,100,,82367,55,,,1,100,,82358,55,,,1,100,,82362,55,,,1,102,,82361,55,,,1,100,,82371,55,,,1,99,,82370,55,,,1,98,,82364,55,,,1,96,,82365,55,,,1,100,,82369,55,,,1,100,,82366,55,,,1,100,,82368,55,,,1,100,,82359,55,,,2
44900,'Semaine-1',702,,86791,2,0,9 14,1
44900,'Semaine-12',702,,86792,2,0,9 14,1
55401,'Semaine-1',1543,,86814,26,0,5 6,1
55401,'Semaine-12',1543,,86816,26,0,5 6,1
65400,'Semaine-1',1515,,86859,14,0,9 10,2
65400,'Semaine-12',1515,,86860,14,0,9 10,2
75400,'Semaine-1',1514,,86896,12,0,9 18,1
75400,'Semaine-12',1514,,86898,12,0,9 18,1
