6700,'Samedi-1',718,,83839,18,,,1,101,,83838,18,,,1,100,,83837,18,,,1,30,,83833,18,,,1,70,,83841,18,,,1,30,,83834,18,,,1,70,,83835,18,,,1,31,,83840,18,,,1,70,,83845,18,,,1,30,,83836,18,,,1,69,,83844,18,,,1,31,,83842,18,,,1,70,,83843,18,,,1,31,,83846,18,,,1,70,,83847,18,,,1,30,,83848,18,,,1,70,,83849,18,,,1,29,,83850,18,,,1,70,,83851,18,,,1,30,,83852,18,,,1,70,,83853,18,,,1,29,,83854,18,,,1,70,,83855,18,,,1,30,,83856,18,,,1,100,,83860,18,,,1,100,,83857,18,,,1,100,,83858,18,,,1,99,,83859,18,,,1
6700,'Samedi-10',718,,73543,18,,,1,101,,73542,18,,,1,100,,73541,18,,,1,30,,73537,18,,,1,70,,73545,18,,,1,30,,73538,18,,,1,70,,73539,18,,,1,31,,73544,18,,,1,70,,73549,18,,,1,30,,73540,18,,,1,69,,73548,18,,,1,31,,73546,18,,,1,70,,73547,18,,,1,31,,73550,18,,,1,70,,73551,18,,,1,30,,73552,18,,,1,70,,73553,18,,,1,29,,73554,18,,,1,70,,73555,18,,,1,30,,73556,18,,,1,70,,73557,18,,,1,29,,73558,18,,,1,70,,73559,18,,,1,30,,73560,18,,,1,100,,73564,18,,,1,100,,73561,18,,,1,100,,73562,18,,,1,99,,73563,18,,,1
6700,'Dimanche-1',718,,83867,18,,,1,101,,83863,18,,,1,100,,83862,18,,,1,30,,83868,18,,,1,70,,83871,18,,,1,30,,83873,18,,,1,70,,83877,18,,,1,31,,83876,18,,,1,70,,83861,18,,,1,30,,83865,18,,,1,69,,83864,18,,,1,31,,83869,18,,,1,70,,83874,18,,,1,31,,83875,18,,,1,70,,83870,18,,,1,30,,83866,18,,,1,70,,83872,18,,,1,29,,83881,18,,,1,70,,83878,18,,,1,30,,83883,18,,,1,70,,83884,18,,,1,29,,83879,18,,,1,70,,83882,18,,,1,30,,83880,18,,,1,100,,83885,18,,,1,100,,83886,18,,,1,100,,83887,18,,,1,99,,83888,18,,,1
6700,'Semaine-1',618,,83897,18,,,1,30,,83891,18,,,1,71,,83899,18,,,1,23,,83908,18,,,1,61,,83892,18,,,1,18,,83917,18,,,1,29,,83902,18,,,1,69,,83910,18,,,1,20,,83900,18,,,1,18,,83920,18,,,1,60,,83918,18,,,1,21,,83905,18,,,2,20,,83921,18,,,1,60,,83911,18,,,1,20,,83914,18,,,1,20,,83922,18,,,1,60,,83919,18,,,1,20,,83906,18,,,1,20,,83923,18,,,1,60,,83912,18,,,1,20,,83915,18,,,1,20,,83924,18,,,1,61,,83904,18,,,1,20,,83907,18,,,1,61,,83925,18,,,1,325,,83927,18,,,1,15,,83901,18,,,1,18,,83926,18,,,1,59,,83909,18,,,1,30,,83889,18,,,1,72,,83913,18,,,1,28,,83893,18,,,2,70,,83916,18,,,2,30,,83890,18,,,1,70,,83898,18,,,1,30,,83894,18,,,2,72,,83903,18,,,1,27,,83896,18,,,1,69,,83895,18,,,2
6700,'Semaine-12',618,,83936,18,,,1,30,,83930,18,,,1,71,,83938,18,,,1,23,,83947,18,,,1,61,,83931,18,,,1,18,,83956,18,,,1,29,,83941,18,,,1,69,,83949,18,,,1,20,,83939,18,,,1,18,,83959,18,,,1,60,,83957,18,,,1,21,,83944,18,,,2,20,,83960,18,,,1,60,,83950,18,,,1,20,,83953,18,,,1,20,,83961,18,,,1,60,,83958,18,,,1,20,,83945,18,,,1,20,,83962,18,,,1,60,,83951,18,,,1,20,,83954,18,,,1,20,,83963,18,,,1,61,,83943,18,,,1,20,,83946,18,,,1,61,,83964,18,,,1,325,,83966,18,,,1,15,,83940,18,,,1,18,,83965,18,,,1,59,,83948,18,,,1,30,,83928,18,,,1,72,,83952,18,,,1,28,,83932,18,,,2,70,,83955,18,,,2,30,,83929,18,,,1,70,,83937,18,,,1,30,,83933,18,,,2,72,,83942,18,,,1,27,,83935,18,,,1,69,,83934,18,,,2
8500,'Semaine-1',1525,,85418,12,,,1,16,,85413,12,,,2,15,,85410,12,,,1,56,,85419,12,,,2,16,,85409,12,,,1,15,,85412,12,,,1,16,,85417,12,,,1,54,,85415,12,,,1,18,,85414,12,,,2,21,,85411,12,,,1,57,,85416,12,,,2
8500,'Semaine-12',1525,,85429,12,,,1,16,,85424,12,,,2,15,,85421,12,,,1,56,,85430,12,,,2,16,,85420,12,,,1,15,,85423,12,,,1,16,,85428,12,,,1,54,,85426,12,,,1,18,,85425,12,,,2,21,,85422,12,,,1,57,,85427,12,,,2
8700,'Semaine-1',1518,,85460,16,,,1,16,,85459,16,,,2,15,,85452,16,,,1,55,,85454,16,,,2,16,,85451,16,,,1,18,,85461,16,,,1,12,,85457,16,,,1,54,,85458,16,,,2,19,,85453,16,,,1,19,,85456,16,,,1,59,,85455,16,,,1
8700,'Semaine-12',1518,,85471,16,,,1,16,,85470,16,,,2,15,,85463,16,,,1,55,,85465,16,,,2,16,,85462,16,,,1,18,,85472,16,,,1,12,,85468,16,,,1,54,,85469,16,,,2,19,,85464,16,,,1,19,,85467,16,,,1,59,,85466,16,,,1
57100,'Semaine-1',1530,,86825,16,0,5 6,1
57100,'Semaine-12',1530,,86826,16,0,5 6,1
