3200,'Semaine-1',641,,80376,30,,,1,71,,80375,30,,,1,32,,80371,30,,,1,73,,80373,30,,,1,28,,80372,30,,,2,70,,80374,30,,,1,28,,80347,30,,,2,70,,80342,30,,,1,30,,80343,30,,,2,70,,80354,30,,,1,30,,80348,30,,,1,72,,80334,30,,,1,30,,80335,30,,,1,69,,80346,30,,,1,30,,80349,30,,,1,70,,80355,30,,,1,31,,80336,30,,,1,70,,80381,30,,,1,15,,80333,30,,,2,16,,80363,30,,,1,10,,80353,30,,,1,51,,80359,30,,,2,10,,80360,30,,,1,10,,80378,30,,,1,10,,80379,30,,,1,10,,80380,30,,,2,53,,80377,30,,,2,7,,80350,30,,,1,10,,80361,30,,,1,10,,80369,30,,,2,10,,80362,30,,,2,7,,80339,30,,,1,10,,80370,30,,,1,50,,80356,30,,,2,8,,80358,30,,,1,10,,80357,30,,,1,19,,80351,30,,,2,65,,80345,30,,,1,30,,80340,30,,,1,70,,80337,30,,,2,29,,80352,30,,,2,70,,80344,30,,,1,33,,80341,30,,,1,66,,80338,30,,,2,30,,80364,30,,,1,68,,80365,30,,,1,28,,80366,30,,,1,70,,80367,30,,,1,30,,80368,30,,,1
3200,'Semaine-12',641,,80425,30,,,1,71,,80424,30,,,1,32,,80420,30,,,1,73,,80422,30,,,1,28,,80421,30,,,2,70,,80423,30,,,1,28,,80396,30,,,2,70,,80391,30,,,1,30,,80392,30,,,2,70,,80403,30,,,1,30,,80397,30,,,1,72,,80383,30,,,1,30,,80384,30,,,1,69,,80395,30,,,1,30,,80398,30,,,1,70,,80404,30,,,1,31,,80385,30,,,1,70,,80430,30,,,1,15,,80382,30,,,2,16,,80412,30,,,1,10,,80402,30,,,1,51,,80408,30,,,2,10,,80409,30,,,1,10,,80427,30,,,1,10,,80428,30,,,1,10,,80429,30,,,2,53,,80426,30,,,2,7,,80399,30,,,1,10,,80410,30,,,1,10,,80418,30,,,2,10,,80411,30,,,2,7,,80388,30,,,1,10,,80419,30,,,1,50,,80405,30,,,2,8,,80407,30,,,1,10,,80406,30,,,1,19,,80400,30,,,2,65,,80394,30,,,1,30,,80389,30,,,1,70,,80386,30,,,2,29,,80401,30,,,2,70,,80393,30,,,1,33,,80390,30,,,1,66,,80387,30,,,2,30,,80413,30,,,1,68,,80414,30,,,1,28,,80415,30,,,1,70,,80416,30,,,1,30,,80417,30,,,1
3400,'Samedi-1',757,,80773,44,,,1,100,,80778,44,,,1,70,,80774,44,,,1,31,,80780,44,,,1,70,,80781,44,,,1,31,,80775,44,,,1,70,,80776,44,,,1,30,,80777,44,,,1,70,,80779,44,,,1,71,,80782,44,,,1,30,,80784,44,,,1,70,,80783,44,,,1,30,,80785,44,,,1,70,,80786,44,,,1,30,,80787,44,,,1,70,,80788,44,,,1,30,,80789,44,,,1,71,,80790,44,,,1,30,,80791,44,,,1,70,,80792,44,,,1,30,,80793,44,,,1,28,,80794,44,,,1,68,,80795,44,,,1,29,,80796,44,,,1,71,,80797,44,,,1,30,,80798,44,,,1,70,,80799,44,,,1,30,,80800,44,,,1,70,,80801,44,,,1,30,,80803,44,,,1,70,,80802,44,,,1,29,,80805,44,,,1,70,,80804,44,,,1,27,,80806,44,,,1
3400,'Samedi-10',757,,67369,44,,,1,100,,67374,44,,,1,70,,67370,44,,,1,31,,67376,44,,,1,70,,67377,44,,,1,31,,67371,44,,,1,70,,67372,44,,,1,30,,67373,44,,,1,70,,67375,44,,,1,71,,67378,44,,,1,30,,67380,44,,,1,70,,67379,44,,,1,30,,67381,44,,,1,70,,67382,44,,,1,30,,67383,44,,,1,70,,67384,44,,,1,30,,67385,44,,,1,71,,67386,44,,,1,30,,67387,44,,,1,70,,67388,44,,,1,30,,67389,44,,,1,28,,67390,44,,,1,68,,67391,44,,,1,29,,67392,44,,,1,71,,67393,44,,,1,30,,67394,44,,,1,70,,67395,44,,,1,30,,67396,44,,,1,70,,67397,44,,,1,30,,67399,44,,,1,70,,67398,44,,,1,29,,67401,44,,,1,70,,67400,44,,,1,27,,67402,44,,,1
3400,'Dimanche-1',757,,80811,44,,,1,100,,80831,44,,,1,70,,80813,44,,,1,31,,80817,44,,,1,70,,80810,44,,,1,31,,80818,44,,,1,70,,80809,44,,,1,30,,80808,44,,,1,70,,80821,44,,,1,71,,80812,44,,,1,30,,80815,44,,,1,70,,80814,44,,,1,30,,80807,44,,,1,70,,80823,44,,,1,30,,80819,44,,,1,70,,80820,44,,,1,30,,80816,44,,,1,71,,80827,44,,,1,30,,80826,44,,,1,70,,80824,44,,,1,30,,80822,44,,,1,28,,80825,44,,,1,68,,80830,44,,,1,29,,80828,44,,,1,71,,80829,44,,,1,30,,80832,44,,,1,70,,80833,44,,,1,30,,80834,44,,,1,70,,80835,44,,,1,30,,80836,44,,,1,70,,80837,44,,,1,29,,80839,44,,,1,70,,80838,44,,,1,27,,80840,44,,,1
3400,'Semaine-1',634,,80871,44,,,1,68,,80856,44,,,1,33,,80850,44,,,1,75,,80854,44,,,1,30,,80845,44,,,2,69,,80865,44,,,1,30,,80851,44,,,1,67,,80841,44,,,1,30,,80846,44,,,1,70,,80847,44,,,1,30,,80852,44,,,1,70,,80842,44,,,1,31,,80872,44,,,1,70,,80848,44,,,1,30,,80853,44,,,1,70,,80843,44,,,1,33,,80869,44,,,1,70,,80844,44,,,1,26,,80870,44,,,1,305,,80868,44,,,1,60,,80857,44,,,1,27,,80849,44,,,1,30,,80861,44,,,1,70,,80867,44,,,1,31,,80858,44,,,1,68,,80860,44,,,1,30,,80862,44,,,1,70,,80855,44,,,1,30,,80864,44,,,1,68,,80859,44,,,1,29,,80863,44,,,1,70,,80866,44,,,1
3400,'Semaine-12',634,,80903,44,,,1,68,,80888,44,,,1,33,,80882,44,,,1,75,,80886,44,,,1,30,,80877,44,,,2,69,,80897,44,,,1,30,,80883,44,,,1,67,,80873,44,,,1,30,,80878,44,,,1,70,,80879,44,,,1,30,,80884,44,,,1,70,,80874,44,,,1,31,,80904,44,,,1,70,,80880,44,,,1,30,,80885,44,,,1,70,,80875,44,,,1,33,,80901,44,,,1,70,,80876,44,,,1,26,,80902,44,,,1,305,,80900,44,,,1,60,,80889,44,,,1,27,,80881,44,,,1,30,,80893,44,,,1,70,,80899,44,,,1,31,,80890,44,,,1,68,,80892,44,,,1,30,,80894,44,,,1,70,,80887,44,,,1,30,,80896,44,,,1,68,,80891,44,,,1,29,,80895,44,,,1,70,,80898,44,,,1
32600,'Semaine-1',1645,,85903,38,0,7 8,1
32600,'Semaine-12',1645,,85904,38,0,7 8,1
44901,'Semaine-1',1512,,86793,16,0,9 14,1
44901,'Semaine-12',1512,,86794,16,0,9 14,1
82600,'Semaine-1',1547,,87121,30,0,9 12 13,1
82600,'Semaine-12',1547,,87123,30,0,9 12 13,1
