3601,'Semaine-1',848,,81179,17,,,1,90,,81177,17,,,1,100,,81180,17,,,1,100,,81178,17,,,1,99,,81183,17,,,1,100,,81182,17,,,1,101,,81181,17,,,1
3601,'Semaine-12',848,,81186,17,,,1,90,,81184,17,,,1,100,,81187,17,,,1,100,,81185,17,,,1,99,,81190,17,,,1,100,,81189,17,,,1,101,,81188,17,,,1
3701,'Samedi-1',653,,81286,17,,,1,100,,81291,17,,,1,100,,81285,17,,,1,100,,81290,17,,,1,100,,81287,17,,,1,100,,81288,17,,,1,100,,81292,17,,,1,99,,81289,17,,,1,100,,81293,17,,,1,100,,81294,17,,,1,100,,81295,17,,,1,102,,81296,17,,,1,100,,81297,17,,,1,100,,81298,17,,,1,100,,81299,17,,,1,99,,81300,17,,,1,101,,81301,17,,,1
3701,'Samedi-10',653,,68373,17,,,1,100,,68378,17,,,1,100,,68372,17,,,1,100,,68377,17,,,1,100,,68374,17,,,1,100,,68375,17,,,1,100,,68379,17,,,1,99,,68376,17,,,1,100,,68380,17,,,1,100,,68381,17,,,1,100,,68382,17,,,1,102,,68383,17,,,1,100,,68384,17,,,1,100,,68385,17,,,1,100,,68386,17,,,1,99,,68387,17,,,1,101,,68388,17,,,1
3701,'Dimanche-1',653,,81303,17,,,1,100,,81304,17,,,1,100,,81306,17,,,1,100,,81307,17,,,1,100,,81315,17,,,1,100,,81302,17,,,1,100,,81308,17,,,1,99,,81305,17,,,1,100,,81310,17,,,1,100,,81311,17,,,1,100,,81313,17,,,1,102,,81312,17,,,1,100,,81309,17,,,1,100,,81314,17,,,1,100,,81316,17,,,1,99,,81317,17,,,1,101,,81318,17,,,1
3701,'Semaine-1',520,,81332,17,,,1,29,,81330,17,,,1,75,,81334,17,,,1,30,,81324,17,,,1,72,,81341,17,,,1,16,,81321,17,,,1,14,,81342,17,,,1,70,,81323,17,,,1,97,,81340,17,,,1,100,,81328,17,,,1,100,,81322,17,,,1,100,,81320,17,,,1,100,,81325,17,,,1,100,,81336,17,,,1,99,,81319,17,,,1,30,,81335,17,,,1,71,,81338,17,,,1,29,,81333,17,,,1,71,,81339,17,,,1,30,,81343,17,,,1,85,,81327,17,,,1,100,,81337,17,,,1,100,,81329,17,,,1,102,,81326,17,,,1,95,,81331,17,,,1
3701,'Semaine-12',520,,81357,17,,,1,29,,81355,17,,,1,75,,81359,17,,,1,30,,81349,17,,,1,72,,81366,17,,,1,16,,81346,17,,,1,14,,81367,17,,,1,70,,81348,17,,,1,97,,81365,17,,,1,100,,81353,17,,,1,100,,81347,17,,,1,100,,81345,17,,,1,100,,81350,17,,,1,100,,81361,17,,,1,99,,81344,17,,,1,30,,81360,17,,,1,71,,81363,17,,,1,29,,81358,17,,,1,71,,81364,17,,,1,30,,81368,17,,,1,85,,81352,17,,,1,100,,81362,17,,,1,100,,81354,17,,,1,102,,81351,17,,,1,95,,81356,17,,,1
3801,'Samedi-1',709,,81523,6,,,1,30,,81519,6,,,1,70,,81531,6,,,1,30,,81524,6,,,1,70,,81520,6,,,1,30,,81532,6,,,1,67,,81525,6,,,1,32,,81529,6,,,1,70,,81521,6,,,1,30,,81526,6,,,1,70,,81530,6,,,1,30,,81522,6,,,1,69,,81527,6,,,1,30,,81528,6,,,1,70,,81533,6,,,1,30,,81534,6,,,1,71,,81535,6,,,1,30,,81536,6,,,1,70,,81537,6,,,1,30,,81538,6,,,1,70,,81539,6,,,1,31,,81540,6,,,1,68,,81541,6,,,1,33,,81543,6,,,1,70,,81542,6,,,1,30,,81545,6,,,1,70,,81544,6,,,1,30,,81546,6,,,1,70,,81547,6,,,1,30,,81551,6,,,1,70,,81548,6,,,1,30,,81549,6,,,1,70,,81550,6,,,1
3801,'Samedi-10',709,,68893,6,,,1,30,,68889,6,,,1,70,,68901,6,,,1,30,,68894,6,,,1,70,,68890,6,,,1,30,,68902,6,,,1,67,,68895,6,,,1,32,,68899,6,,,1,70,,68891,6,,,1,30,,68896,6,,,1,70,,68900,6,,,1,30,,68892,6,,,1,69,,68897,6,,,1,30,,68898,6,,,1,70,,68903,6,,,1,30,,68904,6,,,1,71,,68905,6,,,1,30,,68906,6,,,1,70,,68907,6,,,1,30,,68908,6,,,1,70,,68909,6,,,1,31,,68910,6,,,1,68,,68911,6,,,1,33,,68913,6,,,1,70,,68912,6,,,1,30,,68915,6,,,1,70,,68914,6,,,1,30,,68916,6,,,1,70,,68917,6,,,1,30,,68921,6,,,1,70,,68918,6,,,1,30,,68919,6,,,1,70,,68920,6,,,1
3801,'Dimanche-1',709,,81560,6,,,1,30,,81562,6,,,1,70,,81555,6,,,1,30,,81554,6,,,1,70,,81576,6,,,1,30,,81565,6,,,1,67,,81556,6,,,1,32,,81578,6,,,1,70,,81575,6,,,1,30,,81557,6,,,1,70,,81577,6,,,1,30,,81564,6,,,1,69,,81558,6,,,1,30,,81561,6,,,1,70,,81563,6,,,1,30,,81553,6,,,1,71,,81559,6,,,1,30,,81552,6,,,1,70,,81569,6,,,1,30,,81570,6,,,1,70,,81572,6,,,1,31,,81568,6,,,1,68,,81574,6,,,1,33,,81571,6,,,1,70,,81566,6,,,1,30,,81573,6,,,1,70,,81567,6,,,1,30,,81579,6,,,1,70,,81580,6,,,1,30,,81581,6,,,1,70,,81582,6,,,1,30,,81583,6,,,1,70,,81584,6,,,1
3801,'Semaine-1',615,,81613,6,,,1,28,,81585,6,,,1,70,,81612,6,,,1,19,,81623,6,,,1,18,,81619,6,,,1,63,,81601,6,,,1,30,,81621,6,,,1,70,,81608,6,,,1,21,,81591,6,,,1,20,,81617,6,,,1,60,,81602,6,,,1,20,,81594,6,,,1,20,,81609,6,,,1,60,,81592,6,,,1,20,,81616,6,,,1,20,,81622,6,,,1,60,,81595,6,,,1,20,,81624,6,,,1,20,,81610,6,,,1,60,,81615,6,,,1,20,,81603,6,,,1,20,,81596,6,,,1,60,,81611,6,,,1,20,,81625,6,,,1,19,,81598,6,,,1,60,,81604,6,,,1,30,,81618,6,,,1,70,,81593,6,,,1,31,,81600,6,,,1,69,,81590,6,,,1,30,,81626,6,,,1,60,,81587,6,,,1,21,,81620,6,,,1,32,,81589,6,,,1,69,,81599,6,,,1,31,,81607,6,,,1,70,,81614,6,,,1,30,,81597,6,,,1,68,,81605,6,,,1,32,,81606,6,,,1,70,,81586,6,,,1,85,,81588,6,,,1
3801,'Semaine-12',615,,81655,6,,,1,28,,81627,6,,,1,70,,81654,6,,,1,19,,81665,6,,,1,18,,81661,6,,,1,63,,81643,6,,,1,30,,81663,6,,,1,70,,81650,6,,,1,21,,81633,6,,,1,20,,81659,6,,,1,60,,81644,6,,,1,20,,81636,6,,,1,20,,81651,6,,,1,60,,81634,6,,,1,20,,81658,6,,,1,20,,81664,6,,,1,60,,81637,6,,,1,20,,81666,6,,,1,20,,81652,6,,,1,60,,81657,6,,,1,20,,81645,6,,,1,20,,81638,6,,,1,60,,81653,6,,,1,20,,81667,6,,,1,19,,81640,6,,,1,60,,81646,6,,,1,30,,81660,6,,,1,70,,81635,6,,,1,31,,81642,6,,,1,69,,81632,6,,,1,30,,81668,6,,,1,60,,81629,6,,,1,21,,81662,6,,,1,32,,81631,6,,,1,69,,81641,6,,,1,31,,81649,6,,,1,70,,81656,6,,,1,30,,81639,6,,,1,68,,81647,6,,,1,32,,81648,6,,,1,70,,81628,6,,,1,85,,81630,6,,,1
32500,'Semaine-1',1622,,85896,10,0,7 8,1
32500,'Semaine-12',1622,,85898,10,0,7 8,1
32600,'Semaine-1',1622,,85903,10,0,7 8,1
32600,'Semaine-12',1622,,85904,10,0,7 8,1
32901,'Semaine-1',1623,,85909,10,0,7 8,1
32901,'Semaine-12',1623,,85910,10,0,7 8,1
43701,'Semaine-1',1509,,86788,17,0,9 14,1
43701,'Semaine-12',1509,,86790,17,0,9 14,1
