3401,'Samedi-1',638,,80905,1,,,1,100,,80908,1,,,1,70,,80917,1,,,1,30,,80906,1,,,1,70,,80911,1,,,1,30,,80913,1,,,1,69,,80907,1,,,1,30,,80916,1,,,1,72,,80909,1,,,1,29,,80918,1,,,1,70,,80910,1,,,1,30,,80912,1,,,1,70,,80914,1,,,1,30,,80915,1,,,1,70,,80919,1,,,1,30,,80920,1,,,1,70,,80921,1,,,1,30,,80922,1,,,1,70,,80923,1,,,1,30,,80924,1,,,1,70,,80925,1,,,1,30,,80926,1,,,1,70,,80927,1,,,1,30,,80929,1,,,1,70,,80928,1,,,1,30,,80930,1,,,1,70,,80931,1,,,1,30,,80932,1,,,1,70,,80934,1,,,1,30,,80933,1,,,1,70,,80935,1,,,1,100,,80936,1,,,1
3401,'Samedi-10',638,,67667,1,,,1,100,,67670,1,,,1,70,,67679,1,,,1,30,,67668,1,,,1,70,,67673,1,,,1,30,,67675,1,,,1,69,,67669,1,,,1,30,,67678,1,,,1,72,,67671,1,,,1,29,,67680,1,,,1,70,,67672,1,,,1,30,,67674,1,,,1,70,,67676,1,,,1,30,,67677,1,,,1,70,,67681,1,,,1,30,,67682,1,,,1,70,,67683,1,,,1,30,,67684,1,,,1,70,,67685,1,,,1,30,,67686,1,,,1,70,,67687,1,,,1,30,,67688,1,,,1,70,,67689,1,,,1,30,,67691,1,,,1,70,,67690,1,,,1,30,,67692,1,,,1,70,,67693,1,,,1,30,,67694,1,,,1,70,,67696,1,,,1,30,,67695,1,,,1,70,,67697,1,,,1,100,,67698,1,,,1
3401,'Dimanche-1',638,,80937,1,,,1,100,,80945,1,,,1,70,,80950,1,,,1,30,,80942,1,,,1,70,,80940,1,,,1,30,,80963,1,,,1,69,,80944,1,,,1,30,,80949,1,,,1,72,,80939,1,,,1,29,,80938,1,,,1,70,,80941,1,,,1,30,,80948,1,,,1,70,,80951,1,,,1,30,,80943,1,,,1,70,,80947,1,,,1,30,,80946,1,,,1,70,,80952,1,,,1,30,,80956,1,,,1,70,,80953,1,,,1,30,,80954,1,,,1,70,,80955,1,,,1,30,,80962,1,,,1,70,,80957,1,,,1,30,,80960,1,,,1,70,,80958,1,,,1,30,,80959,1,,,1,70,,80961,1,,,1,30,,80964,1,,,1,70,,80966,1,,,1,30,,80965,1,,,1,70,,80967,1,,,1,100,,80968,1,,,1
3401,'Semaine-1',840,,80994,1,,,1,73,,80974,1,,,2,30,,80978,1,,,1,70,,80998,1,,,1,30,,80971,1,,,1,70,,80975,1,,,1,30,,80979,1,,,1,70,,80969,1,,,1,30,,80972,1,,,1,70,,80976,1,,,1,29,,80980,1,,,2,71,,80973,1,,,1,27,,80995,1,,,1,69,,80970,1,,,1,33,,80996,1,,,1,67,,80997,1,,,1,30,,80991,1,,,1,70,,80987,1,,,1,30,,80977,1,,,1,73,,80984,1,,,1,30,,80993,1,,,1,72,,80981,1,,,1,30,,80983,1,,,1,70,,80985,1,,,1,30,,80989,1,,,2,71,,80982,1,,,1,30,,80988,1,,,1,71,,80986,1,,,1,30,,80990,1,,,1,70,,80992,1,,,1
3401,'Semaine-12',840,,81024,1,,,1,73,,81004,1,,,2,30,,81008,1,,,1,70,,81028,1,,,1,30,,81001,1,,,1,70,,81005,1,,,1,30,,81009,1,,,1,70,,80999,1,,,1,30,,81002,1,,,1,70,,81006,1,,,1,29,,81010,1,,,2,71,,81003,1,,,1,27,,81025,1,,,1,69,,81000,1,,,1,33,,81026,1,,,1,67,,81027,1,,,1,30,,81021,1,,,1,70,,81017,1,,,1,30,,81007,1,,,1,73,,81014,1,,,1,30,,81023,1,,,1,72,,81011,1,,,1,30,,81013,1,,,1,70,,81015,1,,,1,30,,81019,1,,,2,71,,81012,1,,,1,30,,81018,1,,,1,71,,81016,1,,,1,30,,81020,1,,,1,70,,81022,1,,,1
5201,'Samedi-1',630,,82303,1,,,1,100,,82304,1,,,1,100,,82305,1,,,1,100,,82306,1,,,1,100,,82308,1,,,1,100,,82307,1,,,1,100,,82309,1,,,1,100,,82310,1,,,1,100,,82311,1,,,1,100,,82312,1,,,1,100,,82313,1,,,1,100,,82314,1,,,1,100,,82317,1,,,1,100,,82315,1,,,1,100,,82319,1,,,1,100,,82316,1,,,1,100,,82318,1,,,1,101,,82320,1,,,1
5201,'Samedi-10',630,,70449,1,,,1,100,,70450,1,,,1,100,,70451,1,,,1,100,,70452,1,,,1,100,,70454,1,,,1,100,,70453,1,,,1,100,,70455,1,,,1,100,,70456,1,,,1,100,,70457,1,,,1,100,,70458,1,,,1,100,,70459,1,,,1,100,,70460,1,,,1,100,,70463,1,,,1,100,,70461,1,,,1,100,,70465,1,,,1,100,,70462,1,,,1,100,,70464,1,,,1,101,,70466,1,,,1
5201,'Dimanche-1',630,,82321,1,,,1,100,,82322,1,,,1,100,,82323,1,,,1,100,,82326,1,,,1,100,,82324,1,,,1,100,,82328,1,,,1,100,,82325,1,,,1,100,,82330,1,,,1,100,,82327,1,,,1,100,,82329,1,,,1,100,,82332,1,,,1,100,,82334,1,,,1,100,,82331,1,,,1,100,,82333,1,,,1,100,,82335,1,,,1,100,,82336,1,,,1,100,,82337,1,,,1,101,,82338,1,,,1
5201,'Semaine-1',600,,82354,1,,,1,100,,82356,1,,,1,103,,82355,1,,,1,97,,82339,1,,,1,101,,82345,1,,,1,99,,82342,1,,,1,100,,82349,1,,,1,100,,82340,1,,,1,100,,82344,1,,,1,100,,82343,1,,,1,100,,82353,1,,,1,100,,82352,1,,,1,100,,82346,1,,,1,100,,82347,1,,,1,100,,82351,1,,,1,100,,82348,1,,,1,100,,82350,1,,,1,100,,82341,1,,,2
5201,'Semaine-12',600,,82372,1,,,1,100,,82374,1,,,1,103,,82373,1,,,1,97,,82357,1,,,1,101,,82363,1,,,1,99,,82360,1,,,1,100,,82367,1,,,1,100,,82358,1,,,1,100,,82362,1,,,1,100,,82361,1,,,1,100,,82371,1,,,1,100,,82370,1,,,1,100,,82364,1,,,1,100,,82365,1,,,1,100,,82369,1,,,1,100,,82366,1,,,1,100,,82368,1,,,1,100,,82359,1,,,2
5501,'Samedi-1',641,,82555,1,,,1,70,,82558,1,,,1,31,,82557,1,,,1,70,,82567,1,,,1,29,,82556,1,,,1,70,,82559,1,,,1,31,,82560,1,,,1,69,,82566,1,,,1,29,,82562,1,,,1,70,,82563,1,,,1,30,,82561,1,,,1,70,,82569,1,,,1,30,,82568,1,,,1,70,,82564,1,,,1,30,,82565,1,,,1,72,,82570,1,,,1,28,,82571,1,,,1,72,,82572,1,,,1,28,,82573,1,,,1,72,,82574,1,,,1,28,,82575,1,,,1,72,,82576,1,,,1,28,,82577,1,,,1,72,,82578,1,,,1,30,,82579,1,,,1,70,,82580,1,,,1,30,,82581,1,,,1,71,,82582,1,,,1,30,,82583,1,,,1,70,,82585,1,,,1,31,,82584,1,,,1,70,,82587,1,,,1,30,,82586,1,,,1
5501,'Samedi-10',641,,71004,1,,,1,70,,71007,1,,,1,31,,71006,1,,,1,70,,71016,1,,,1,29,,71005,1,,,1,70,,71008,1,,,1,31,,71009,1,,,1,69,,71015,1,,,1,29,,71011,1,,,1,70,,71012,1,,,1,30,,71010,1,,,1,70,,71018,1,,,1,30,,71017,1,,,1,70,,71013,1,,,1,30,,71014,1,,,1,72,,71019,1,,,1,28,,71020,1,,,1,72,,71021,1,,,1,28,,71022,1,,,1,72,,71023,1,,,1,28,,71024,1,,,1,72,,71025,1,,,1,28,,71026,1,,,1,72,,71027,1,,,1,30,,71028,1,,,1,70,,71029,1,,,1,30,,71030,1,,,1,71,,71031,1,,,1,30,,71032,1,,,1,70,,71034,1,,,1,31,,71033,1,,,1,70,,71036,1,,,1,30,,71035,1,,,1
5501,'Dimanche-1',641,,82589,1,,,1,70,,82593,1,,,1,31,,82591,1,,,1,70,,82596,1,,,1,29,,82598,1,,,1,70,,82592,1,,,1,31,,82588,1,,,1,69,,82602,1,,,1,29,,82597,1,,,1,70,,82604,1,,,1,30,,82595,1,,,1,70,,82594,1,,,1,30,,82600,1,,,1,70,,82590,1,,,1,30,,82599,1,,,1,72,,82603,1,,,1,28,,82608,1,,,1,72,,82601,1,,,1,28,,82607,1,,,1,72,,82610,1,,,1,28,,82605,1,,,1,72,,82606,1,,,1,28,,82612,1,,,1,72,,82614,1,,,1,30,,82611,1,,,1,70,,82609,1,,,1,30,,82613,1,,,1,71,,82615,1,,,1,30,,82616,1,,,1,70,,82617,1,,,1,31,,82618,1,,,1,70,,82619,1,,,1,30,,82620,1,,,1
5501,'Semaine-1',501,,82634,1,,,1,15,,82641,1,,,1,13,,82640,1,,,1,15,,82624,1,,,1,14,,82662,1,,,1,61,,82661,1,,,1,8,,82621,1,,,1,12,,82666,1,,,1,15,,82647,1,,,1,53,,82655,1,,,1,16,,82625,1,,,1,8,,82629,1,,,1,12,,82627,1,,,1,9,,82656,1,,,1,6,,82658,1,,,1,56,,82635,1,,,1,28,,82639,1,,,1,12,,82626,1,,,1,51,,82660,1,,,1,29,,82653,1,,,1,71,,82657,1,,,1,29,,82623,1,,,1,70,,82630,1,,,1,30,,82643,1,,,1,70,,82654,1,,,1,29,,82650,1,,,1,70,,82631,1,,,1,30,,82663,1,,,1,70,,82622,1,,,1,30,,82628,1,,,1,86,,82632,1,,,1,102,,82637,1,,,1,100,,82642,1,,,1,103,,82659,1,,,1,22,,82648,1,,,1,70,,82636,1,,,1,32,,82652,1,,,1,70,,82645,1,,,1,30,,82664,1,,,1,70,,82638,1,,,1,29,,82644,1,,,1,74,,82646,1,,,1,30,,82633,1,,,1,70,,82651,1,,,1,30,,82649,1,,,1
5501,'Semaine-12',501,,82680,1,,,1,15,,82687,1,,,1,13,,82686,1,,,1,15,,82670,1,,,1,14,,82708,1,,,1,61,,82707,1,,,1,8,,82667,1,,,1,12,,82712,1,,,1,15,,82693,1,,,1,53,,82701,1,,,1,16,,82671,1,,,1,8,,82675,1,,,1,12,,82673,1,,,1,9,,82702,1,,,1,6,,82704,1,,,1,56,,82681,1,,,1,28,,82685,1,,,1,12,,82672,1,,,1,51,,82706,1,,,1,29,,82699,1,,,1,71,,82703,1,,,1,29,,82669,1,,,1,70,,82676,1,,,1,30,,82689,1,,,1,70,,82700,1,,,1,29,,82696,1,,,1,70,,82677,1,,,1,30,,82709,1,,,1,70,,82668,1,,,1,30,,82674,1,,,1,86,,82678,1,,,1,102,,82683,1,,,1,100,,82688,1,,,1,103,,82705,1,,,1,22,,82694,1,,,1,70,,82682,1,,,1,32,,82698,1,,,1,70,,82691,1,,,1,30,,82710,1,,,1,70,,82684,1,,,1,29,,82690,1,,,1,74,,82692,1,,,1,30,,82679,1,,,1,70,,82697,1,,,1,30,,82695,1,,,1
