6401,'Samedi-1',733,,83372,30,,,1,100,,83369,30,,,1,100,,83371,30,,,1,100,,83374,30,,,1,100,,83370,30,,,1,100,,83375,30,,,1,100,,83373,30,,,1,100,,83376,30,,,1,100,,83377,30,,,1,100,,83378,30,,,1,100,,83379,30,,,1
6401,'Samedi-10',733,,72587,30,,,1,100,,72584,30,,,1,100,,72586,30,,,1,100,,72589,30,,,1,100,,72585,30,,,1,100,,72590,30,,,1,100,,72588,30,,,1,100,,72591,30,,,1,100,,72592,30,,,1,100,,72593,30,,,1,100,,72594,30,,,1
6401,'Dimanche-1',733,,83384,30,,,1,100,,83381,30,,,1,100,,83387,30,,,1,100,,83388,30,,,1,100,,83385,30,,,1,100,,83380,30,,,1,100,,83382,30,,,1,100,,83383,30,,,1,100,,83389,30,,,1,100,,83386,30,,,1,100,,83390,30,,,1
6401,'Semaine-1',533,,83391,30,,,2,108,,83401,30,,,2,100,,83403,30,,,1,100,,83400,30,,,1,95,,83408,30,,,1,100,,83395,30,,,1,100,,83394,30,,,1,100,,83406,30,,,1,100,,83402,30,,,2,100,,83404,30,,,1,100,,83405,30,,,1,102,,83396,30,,,1,98,,83392,30,,,1,100,,83393,30,,,1,98,,83399,30,,,1,100,,83397,30,,,1,100,,83398,30,,,1,100,,83407,30,,,1
6401,'Semaine-12',533,,83409,30,,,2,108,,83419,30,,,2,100,,83421,30,,,1,100,,83418,30,,,1,95,,83426,30,,,1,100,,83413,30,,,1,100,,83412,30,,,1,100,,83424,30,,,1,100,,83420,30,,,2,100,,83422,30,,,1,100,,83423,30,,,1,102,,83414,30,,,1,98,,83410,30,,,1,100,,83411,30,,,1,98,,83417,30,,,1,100,,83415,30,,,1,100,,83416,30,,,1,100,,83425,30,,,1
6601,'Samedi-1',700,,83727,33,,,1,100,,83729,33,,,1,100,,83733,33,,,1,100,,83730,33,,,1,100,,83734,33,,,1,100,,83728,33,,,1,100,,83731,33,,,1,100,,83732,33,,,1,100,,83735,33,,,1,100,,83736,33,,,1,100,,83737,33,,,1,100,,83738,33,,,1,100,,83739,33,,,1,100,,83741,33,,,1,100,,83740,33,,,1,100,,83742,33,,,1,100,,83743,33,,,1,100,,83744,33,,,1
6601,'Samedi-10',700,,73314,33,,,1,100,,73316,33,,,1,100,,73320,33,,,1,100,,73317,33,,,1,100,,73321,33,,,1,100,,73315,33,,,1,100,,73318,33,,,1,100,,73319,33,,,1,100,,73322,33,,,1,100,,73323,33,,,1,100,,73324,33,,,1,100,,73325,33,,,1,100,,73326,33,,,1,100,,73328,33,,,1,100,,73327,33,,,1,100,,73329,33,,,1,100,,73330,33,,,1,100,,73331,33,,,1
6601,'Dimanche-1',700,,83746,33,,,1,100,,83750,33,,,1,100,,83751,33,,,1,100,,83752,33,,,1,100,,83745,33,,,1,100,,83747,33,,,1,100,,83748,33,,,1,100,,83749,33,,,1,100,,83754,33,,,1,100,,83753,33,,,1,100,,83757,33,,,1,100,,83755,33,,,1,100,,83758,33,,,1,100,,83756,33,,,1,100,,83759,33,,,1,100,,83760,33,,,1,100,,83761,33,,,1,100,,83762,33,,,1
6601,'Semaine-1',551,,83772,33,,,2,60,,83765,33,,,1,18,,83774,33,,,1,21,,83780,33,,,2,60,,83775,33,,,2,21,,83766,33,,,1,23,,83778,33,,,2,59,,83771,33,,,1,18,,83787,33,,,1,21,,83764,33,,,1,59,,83777,33,,,1,18,,83788,33,,,1,20,,83796,33,,,1,102,,83776,33,,,1,100,,83768,33,,,1,100,,83792,33,,,1,100,,83793,33,,,1,100,,83779,33,,,2,62,,83767,33,,,1,19,,83784,33,,,2,19,,83781,33,,,1,64,,83794,33,,,1,22,,83763,33,,,1,19,,83789,33,,,1,60,,83782,33,,,1,20,,83795,33,,,1,18,,83785,33,,,2,64,,83790,33,,,2,20,,83783,33,,,1,18,,83791,33,,,1,60,,83797,33,,,2,94,,83770,33,,,2,100,,83769,33,,,1,95,,83773,33,,,1,100,,83786,33,,,1
6601,'Semaine-12',551,,83807,33,,,2,60,,83800,33,,,1,18,,83809,33,,,1,21,,83815,33,,,2,60,,83810,33,,,2,21,,83801,33,,,1,23,,83813,33,,,2,59,,83806,33,,,1,18,,83822,33,,,1,21,,83799,33,,,1,59,,83812,33,,,1,18,,83823,33,,,1,20,,83831,33,,,1,102,,83811,33,,,1,100,,83803,33,,,1,100,,83827,33,,,1,100,,83828,33,,,1,100,,83814,33,,,2,62,,83802,33,,,1,19,,83819,33,,,2,19,,83816,33,,,1,64,,83829,33,,,1,22,,83798,33,,,1,19,,83824,33,,,1,60,,83817,33,,,1,20,,83830,33,,,1,18,,83820,33,,,2,64,,83825,33,,,2,20,,83818,33,,,1,18,,83826,33,,,1,60,,83832,33,,,2,94,,83805,33,,,2,100,,83804,33,,,1,95,,83808,33,,,1,100,,83821,33,,,1
56601,'Semaine-1',645,,86819,8,0,5 6,1
56601,'Semaine-12',645,,86820,8,0,5 6,1
