4200,'Semaine-1',610,,81951,1,,,1,100,,81952,1,,,1,901,,81953,1,,,1,99,,81954,1,,,1
4200,'Semaine-12',610,,81955,1,,,1,100,,81956,1,,,1,901,,81957,1,,,1,99,,81958,1,,,1
5200,'Samedi-1',632,,82231,10,,,1,100,,82232,10,,,1,100,,82233,10,,,1,100,,82234,10,,,1,100,,82235,10,,,1,101,,82236,10,,,1,101,,82237,10,,,1,100,,82238,10,,,1,99,,82239,10,,,1,100,,82240,10,,,1,100,,82241,10,,,1,100,,82242,10,,,1,99,,82243,10,,,1,100,,82246,10,,,1,100,,82244,10,,,1,100,,82245,10,,,1,99,,82247,10,,,1,100,,82248,10,,,1
5200,'Samedi-10',632,,70287,10,,,1,100,,70288,10,,,1,100,,70289,10,,,1,100,,70290,10,,,1,100,,70291,10,,,1,101,,70292,10,,,1,101,,70293,10,,,1,100,,70294,10,,,1,99,,70295,10,,,1,100,,70296,10,,,1,100,,70297,10,,,1,100,,70298,10,,,1,99,,70299,10,,,1,100,,70302,10,,,1,100,,70300,10,,,1,100,,70301,10,,,1,99,,70303,10,,,1,100,,70304,10,,,1
5200,'Dimanche-1',632,,82250,10,,,1,100,,82249,10,,,1,100,,82251,10,,,1,100,,82254,10,,,1,100,,82252,10,,,1,101,,82253,10,,,1,101,,82257,10,,,1,100,,82256,10,,,1,99,,82258,10,,,1,100,,82255,10,,,1,100,,82259,10,,,1,100,,82261,10,,,1,99,,82262,10,,,1,100,,82260,10,,,1,100,,82263,10,,,1,100,,82264,10,,,1,99,,82265,10,,,1,100,,82266,10,,,1
5200,'Semaine-1',602,,82270,10,,,1,57,,82272,10,,,1,147,,82267,10,,,1,98,,82283,10,,,1,98,,82281,10,,,1,101,,82268,10,,,1,100,,82275,10,,,1,100,,82274,10,,,1,100,,82271,10,,,1,100,,82269,10,,,1,107,,82273,10,,,1,100,,82284,10,,,1,109,,82282,10,,,1,99,,82276,10,,,1,84,,82280,10,,,1,100,,82279,10,,,1,100,,82277,10,,,1,100,,82278,10,,,1
5200,'Semaine-12',602,,82288,10,,,1,57,,82290,10,,,1,147,,82285,10,,,1,98,,82301,10,,,1,98,,82299,10,,,1,101,,82286,10,,,1,100,,82293,10,,,1,100,,82292,10,,,1,100,,82289,10,,,1,100,,82287,10,,,1,107,,82291,10,,,1,100,,82302,10,,,1,109,,82300,10,,,1,99,,82294,10,,,1,84,,82298,10,,,1,100,,82297,10,,,1,100,,82295,10,,,1,100,,82296,10,,,1
5400,'Semaine-1',1546,,82375,1,,,1,100,,82376,1,,,1,100,,82377,1,,,1
5400,'Semaine-12',1546,,82378,1,,,1,100,,82379,1,,,1,100,,82380,1,,,1
5500,'Samedi-1',710,,82390,25,,,1,30,,82387,25,,,1,70,,82388,25,,,1,30,,82391,25,,,1,70,,82389,25,,,1,30,,82396,25,,,1,72,,82393,25,,,1,29,,82394,25,,,1,70,,82399,25,,,1,30,,82398,25,,,1,70,,82392,25,,,1,30,,82395,25,,,1,70,,82397,25,,,1,30,,82400,25,,,1,70,,82401,25,,,1,30,,82402,25,,,1,70,,82403,25,,,1,30,,82404,25,,,1,70,,82405,25,,,1,31,,82406,25,,,1,70,,82407,25,,,1,30,,82408,25,,,1,70,,82409,25,,,1,30,,82410,25,,,1,68,,82412,25,,,1,30,,82411,25,,,1,70,,82413,25,,,1,30,,82415,25,,,1,70,,82414,25,,,1,30,,82416,25,,,1,70,,82417,25,,,1,30,,82420,25,,,1,70,,82422,25,,,1,30,,82419,25,,,1,70,,82418,25,,,1,28,,82421,25,,,1
5500,'Samedi-10',710,,70650,25,,,1,30,,70647,25,,,1,70,,70648,25,,,1,30,,70651,25,,,1,70,,70649,25,,,1,30,,70656,25,,,1,72,,70653,25,,,1,29,,70654,25,,,1,70,,70659,25,,,1,30,,70658,25,,,1,70,,70652,25,,,1,30,,70655,25,,,1,70,,70657,25,,,1,30,,70660,25,,,1,70,,70661,25,,,1,30,,70662,25,,,1,70,,70663,25,,,1,30,,70664,25,,,1,70,,70665,25,,,1,31,,70666,25,,,1,70,,70667,25,,,1,30,,70668,25,,,1,70,,70669,25,,,1,30,,70670,25,,,1,68,,70672,25,,,1,30,,70671,25,,,1,70,,70673,25,,,1,30,,70675,25,,,1,70,,70674,25,,,1,30,,70676,25,,,1,70,,70677,25,,,1,30,,70680,25,,,1,70,,70682,25,,,1,30,,70679,25,,,1,70,,70678,25,,,1,28,,70681,25,,,1
5500,'Dimanche-1',710,,82427,25,,,1,30,,82432,25,,,1,70,,82424,25,,,1,30,,82429,25,,,1,70,,82426,25,,,1,30,,82423,25,,,1,72,,82434,25,,,1,29,,82428,25,,,1,70,,82425,25,,,1,30,,82437,25,,,1,70,,82433,25,,,1,30,,82438,25,,,1,70,,82431,25,,,1,30,,82430,25,,,1,70,,82436,25,,,1,30,,82441,25,,,1,70,,82435,25,,,1,30,,82440,25,,,1,70,,82443,25,,,1,31,,82447,25,,,1,70,,82442,25,,,1,30,,82448,25,,,1,70,,82439,25,,,1,30,,82445,25,,,1,68,,82446,25,,,1,30,,82449,25,,,1,70,,82444,25,,,1,30,,82450,25,,,1,70,,82452,25,,,1,30,,82451,25,,,1,70,,82453,25,,,1,30,,82455,25,,,1,70,,82456,25,,,1,30,,82454,25,,,1,70,,82457,25,,,1,28,,82458,25,,,1
5500,'Semaine-1',643,,82461,25,,,1,102,,82477,25,,,1,69,,82460,25,,,1,98,,82496,25,,,1,28,,82497,25,,,1,69,,82466,25,,,1,30,,82476,25,,,1,69,,82480,25,,,1,32,,82502,25,,,1,70,,82462,25,,,1,30,,82501,25,,,1,69,,82479,25,,,1,30,,82494,25,,,1,70,,82488,25,,,1,24,,82495,25,,,1,16,,82481,25,,,1,54,,82459,25,,,1,17,,82500,25,,,1,17,,82470,25,,,1,15,,82503,25,,,1,53,,82491,25,,,1,10,,82463,25,,,1,13,,82474,25,,,1,18,,82506,25,,,1,9,,82499,25,,,1,51,,82465,25,,,1,11,,82482,25,,,1,10,,82475,25,,,1,11,,82504,25,,,1,12,,82489,25,,,1,8,,82469,25,,,1,52,,82464,25,,,1,10,,82505,25,,,1,11,,82473,25,,,1,12,,82468,25,,,1,10,,82478,25,,,1,70,,82493,25,,,1,29,,82498,25,,,1,70,,82485,25,,,1,30,,82471,25,,,1,70,,82492,25,,,1,28,,82483,25,,,1,70,,82486,25,,,1,30,,82472,25,,,1,70,,82487,25,,,1,30,,82484,25,,,1,69,,82467,25,,,1,30,,82490,25,,,1
5500,'Semaine-12',643,,82509,25,,,1,102,,82525,25,,,1,69,,82508,25,,,1,98,,82544,25,,,1,28,,82545,25,,,1,69,,82514,25,,,1,30,,82524,25,,,1,69,,82528,25,,,1,32,,82550,25,,,1,70,,82510,25,,,1,30,,82549,25,,,1,69,,82527,25,,,1,30,,82542,25,,,1,70,,82536,25,,,1,24,,82543,25,,,1,16,,82529,25,,,1,54,,82507,25,,,1,17,,82548,25,,,1,17,,82518,25,,,1,15,,82551,25,,,1,53,,82539,25,,,1,10,,82511,25,,,1,13,,82522,25,,,1,18,,82554,25,,,1,9,,82547,25,,,1,51,,82513,25,,,1,11,,82530,25,,,1,10,,82523,25,,,1,11,,82552,25,,,1,12,,82537,25,,,1,8,,82517,25,,,1,52,,82512,25,,,1,10,,82553,25,,,1,11,,82521,25,,,1,12,,82516,25,,,1,10,,82526,25,,,1,70,,82541,25,,,1,29,,82546,25,,,1,70,,82533,25,,,1,30,,82519,25,,,1,70,,82540,25,,,1,28,,82531,25,,,1,70,,82534,25,,,1,30,,82520,25,,,1,70,,82535,25,,,1,30,,82532,25,,,1,69,,82515,25,,,1,30,,82538,25,,,1
5601,'Semaine-1',1234,,82735,27,,,1,102,,82732,27,,,1,100,,82731,27,,,1,101,,82734,27,,,2,104,,82733,27,,,1,99,,82736,27,,,1,95,,82737,27,,,1
5601,'Semaine-12',1234,,82742,27,,,1,102,,82739,27,,,1,100,,82738,27,,,1,101,,82741,27,,,2,104,,82740,27,,,1,99,,82743,27,,,1,95,,82744,27,,,1
5800,'Semaine-1',826,,82749,12,,,1,398,,82750,12,,,1,300,,82752,12,,,1,31,,82747,12,,,1,71,,82748,12,,,1,29,,82751,12,,,1,69,,82746,12,,,2,30,,82745,12,,,1
5800,'Semaine-12',826,,82757,12,,,1,398,,82758,12,,,1,300,,82760,12,,,1,31,,82755,12,,,1,71,,82756,12,,,1,29,,82759,12,,,1,69,,82754,12,,,2,30,,82753,12,,,1
5900,'Samedi-1',725,,82779,25,,,1,30,,82782,25,,,1,70,,82775,25,,,1,30,,82781,25,,,1,70,,82778,25,,,1,30,,82783,25,,,1,70,,82787,25,,,1,30,,82788,25,,,1,70,,82777,25,,,1,30,,82776,25,,,1,71,,82786,25,,,1,30,,82780,25,,,1,70,,82784,25,,,1,31,,82789,25,,,1,70,,82785,25,,,1,30,,82790,25,,,1,70,,82791,25,,,1,29,,82792,25,,,1,70,,82793,25,,,1,32,,82794,25,,,1,69,,82795,25,,,1,30,,82796,25,,,1,69,,82797,25,,,1,30,,82798,25,,,1,70,,82799,25,,,1,29,,82801,25,,,1,70,,82800,25,,,1,30,,82803,25,,,1,70,,82802,25,,,1,29,,82804,25,,,1,71,,82805,25,,,1,30,,82807,25,,,1,70,,82806,25,,,1,31,,82808,25,,,1
5900,'Samedi-10',725,,71438,25,,,1,30,,71441,25,,,1,70,,71434,25,,,1,30,,71440,25,,,1,70,,71437,25,,,1,30,,71442,25,,,1,70,,71446,25,,,1,30,,71447,25,,,1,70,,71436,25,,,1,30,,71435,25,,,1,71,,71445,25,,,1,30,,71439,25,,,1,70,,71443,25,,,1,31,,71448,25,,,1,70,,71444,25,,,1,30,,71449,25,,,1,70,,71450,25,,,1,29,,71451,25,,,1,70,,71452,25,,,1,32,,71453,25,,,1,69,,71454,25,,,1,30,,71455,25,,,1,69,,71456,25,,,1,30,,71457,25,,,1,70,,71458,25,,,1,29,,71460,25,,,1,70,,71459,25,,,1,30,,71462,25,,,1,70,,71461,25,,,1,29,,71463,25,,,1,71,,71464,25,,,1,30,,71466,25,,,1,70,,71465,25,,,1,31,,71467,25,,,1
5900,'Dimanche-1',725,,82814,25,,,1,30,,82813,25,,,1,70,,82809,25,,,1,30,,82818,25,,,1,70,,82824,25,,,1,30,,82815,25,,,1,70,,82822,25,,,1,30,,82817,25,,,1,70,,82823,25,,,1,30,,82810,25,,,1,71,,82821,25,,,1,30,,82811,25,,,1,70,,82819,25,,,1,31,,82825,25,,,1,70,,82812,25,,,1,30,,82816,25,,,1,70,,82820,25,,,1,29,,82829,25,,,1,70,,82830,25,,,1,32,,82827,25,,,1,69,,82832,25,,,1,30,,82828,25,,,1,69,,82834,25,,,1,30,,82826,25,,,1,70,,82831,25,,,1,29,,82835,25,,,1,70,,82833,25,,,1,30,,82836,25,,,1,70,,82837,25,,,1,29,,82838,25,,,1,71,,82839,25,,,1,30,,82841,25,,,1,70,,82840,25,,,1,31,,82842,25,,,1
5900,'Semaine-1',611,,82850,25,,,1,98,,82885,25,,,1,47,,82890,25,,,1,88,,82866,25,,,1,82,,82862,25,,,1,29,,82883,25,,,1,70,,82859,25,,,1,30,,82882,25,,,1,70,,82873,25,,,1,30,,82867,25,,,1,71,,82875,25,,,1,30,,82858,25,,,1,70,,82886,25,,,1,30,,82849,25,,,1,71,,82880,25,,,1,14,,82851,25,,,1,18,,82884,25,,,1,71,,82844,25,,,1,14,,82888,25,,,1,15,,82843,25,,,1,48,,82878,25,,,1,17,,82874,25,,,1,7,,82887,20,,,1,6,,82861,25,,,1,13,,82845,25,,,1,6,,82889,20,,,1,46,,82846,25,,,1,12,,82854,25,,,1,9,,82881,25,,,1,12,,82870,25,,,1,11,,82857,25,,,1,9,,82879,25,,,1,52,,82865,25,,,1,12,,82877,25,,,1,9,,82847,25,,,1,10,,82852,25,,,1,71,,82872,25,,,1,29,,82863,25,,,1,70,,82868,25,,,1,29,,82856,25,,,1,70,,82864,25,,,1,30,,82869,25,,,1,70,,82876,25,,,1,30,,82853,25,,,1,70,,82871,25,,,1,29,,82860,25,,,1,70,,82848,25,,,1,28,,82855,25,,,1
5900,'Semaine-12',611,,82898,25,,,1,98,,82933,25,,,1,47,,82938,25,,,1,88,,82914,25,,,1,82,,82910,25,,,1,29,,82931,25,,,1,70,,82907,25,,,1,30,,82930,25,,,1,70,,82921,25,,,1,30,,82915,25,,,1,71,,82923,25,,,1,30,,82906,25,,,1,70,,82934,25,,,1,30,,82897,25,,,1,71,,82928,25,,,1,14,,82899,25,,,1,18,,82932,25,,,1,71,,82892,25,,,1,14,,82936,25,,,1,15,,82891,25,,,1,48,,82926,25,,,1,17,,82922,25,,,1,7,,82935,20,,,1,6,,82909,25,,,1,13,,82893,25,,,1,6,,82937,20,,,1,46,,82894,25,,,1,12,,82902,25,,,1,9,,82929,25,,,1,12,,82918,25,,,1,11,,82905,25,,,1,9,,82927,25,,,1,52,,82913,25,,,1,12,,82925,25,,,1,9,,82895,25,,,1,10,,82900,25,,,1,71,,82920,25,,,1,29,,82911,25,,,1,70,,82916,25,,,1,29,,82904,25,,,1,70,,82912,25,,,1,30,,82917,25,,,1,70,,82924,25,,,1,30,,82901,25,,,1,70,,82919,25,,,1,29,,82908,25,,,1,70,,82896,25,,,1,28,,82903,25,,,1
44900,'Semaine-1',700,,86791,1,0,9 14,1
44900,'Semaine-12',700,,86792,1,0,9 14,1
55401,'Semaine-1',1541,,86814,25,0,5 6,1
55401,'Semaine-12',1541,,86816,25,0,5 6,1
64500,'Semaine-1',659,,86851,1,0,9 10,1
64500,'Semaine-12',659,,86852,1,0,9 10,1
64700,'Semaine-1',708,,86855,1,0,9 10,1
64700,'Semaine-12',708,,86856,1,0,9 10,1
65500,'Semaine-1',725,,86863,18,0,9 10,1
65500,'Semaine-12',725,,86864,18,0,9 10,1
74000,'Semaine-1',1635,,86880,21,0,5 11,1
74000,'Semaine-12',1635,,86882,21,0,5 11,1
75200,'Semaine-1',704,,86888,1,0,9 18,1,2,,86887,1,0,9 18,2
75200,'Semaine-12',704,,86890,1,0,9 18,1,2,,86889,1,0,9 18,2
80001,'Samedi-1',633,,87007,27,,,1,101,,87009,27,,,1,101,,87010,27,,,1,100,,87013,27,,,1,101,,87008,27,,,1,100,,87011,27,,,1,101,,87014,27,,,1,100,,87012,27,,,1,100,,87015,27,,,1,100,,87016,27,,,1,100,,87017,27,,,2,102,,87018,27,,,1,97,,87021,27,,,1,99,,87019,27,,,1,100,,87020,27,,,1,100,,87022,27,,,1,99,,87023,27,,,1
80001,'Samedi-10',633,,79670,27,,,1,101,,79672,27,,,1,101,,79673,27,,,1,100,,79676,27,,,1,101,,79671,27,,,1,100,,79674,27,,,1,101,,79677,27,,,1,100,,79675,27,,,1,100,,79678,27,,,1,100,,79679,27,,,1,100,,79680,27,,,2,102,,79681,27,,,1,97,,79684,27,,,1,99,,79682,27,,,1,100,,79683,27,,,1,100,,79685,27,,,1,99,,79686,27,,,1
80001,'Dimanche-1',633,,87024,27,,,1,101,,87026,27,,,1,101,,87028,27,,,1,100,,87025,27,,,1,101,,87027,27,,,1,100,,87029,27,,,1,101,,87030,27,,,1,100,,87031,27,,,1,100,,87034,27,,,1,100,,87032,27,,,1,100,,87033,27,,,2,102,,87036,27,,,1,97,,87037,27,,,1,99,,87035,27,,,1,100,,87038,27,,,1,100,,87039,27,,,1,99,,87040,27,,,1
80001,'Semaine-1',626,,87062,27,,,1,28,,87055,27,,,1,72,,87063,27,,,1,30,,87047,27,,,1,74,,87045,27,,,1,28,,87052,27,,,1,66,,87058,27,,,1,30,,87070,27,,,1,70,,87061,27,,,2,30,,87053,27,,,1,70,,87067,27,,,1,30,,87041,27,,,1,71,,87075,27,,,1,29,,87073,27,,,1,74,,87043,27,,,1,30,,87066,27,,,1,70,,87057,27,,,1,30,,87064,27,,,1,73,,87074,27,,,1,69,,87059,27,,,1,17,,87069,27,,,1,22,,87071,27,,,1,64,,87068,27,,,1,27,,87060,27,,,1,70,,87050,27,,,1,28,,87048,27,,,1,27,,87042,27,,,1,69,,87072,27,,,1,32,,87054,27,,,1,67,,87051,27,,,1,30,,87056,27,,,1,69,,87044,27,,,1,30,,87065,27,,,1,74,,87046,27,,,1,30,,87049,27,,,1
80001,'Semaine-12',626,,87097,27,,,1,28,,87090,27,,,1,72,,87098,27,,,1,30,,87082,27,,,1,74,,87080,27,,,1,28,,87087,27,,,1,66,,87093,27,,,1,30,,87105,27,,,1,70,,87096,27,,,2,30,,87088,27,,,1,70,,87102,27,,,1,30,,87076,27,,,1,71,,87110,27,,,1,29,,87108,27,,,1,74,,87078,27,,,1,30,,87101,27,,,1,70,,87092,27,,,1,30,,87099,27,,,1,73,,87109,27,,,1,69,,87094,27,,,1,17,,87104,27,,,1,22,,87106,27,,,1,64,,87103,27,,,1,27,,87095,27,,,1,70,,87085,27,,,1,28,,87083,27,,,1,27,,87077,27,,,1,69,,87107,27,,,1,32,,87089,27,,,1,67,,87086,27,,,1,30,,87091,27,,,1,69,,87079,27,,,1,30,,87100,27,,,1,74,,87081,27,,,1,30,,87084,27,,,1
