82500,'Semaine-1',1520,,87113,1,4,,1
82500,'Semaine-12',1520,,87115,1,4,,1
82600,'Semaine-1',1520,,87121,1,4,,1
82600,'Semaine-12',1520,,87123,1,4,,1
82700,'Semaine-1',1520,,87128,1,4,,2
82700,'Semaine-12',1520,,87129,1,4,,2
82900,'Semaine-1',1520,,87134,1,4,,1
82900,'Semaine-12',1520,,87137,1,4,,1
83100,'Semaine-1',1520,,87145,1,4,,1
83100,'Semaine-12',1520,,87147,1,4,,1
83300,'Semaine-1',1520,,87153,1,4,,1
83300,'Semaine-12',1520,,87155,1,4,,1
86700,'Semaine-1',1520,,87159,1,4,,1
86700,'Semaine-12',1520,,87160,1,4,,1
