2800,'Semaine-1',1600,,80055,18,,,1,42,,80056,18,,,1,91,,80057,18,,,1
2800,'Semaine-12',1600,,80058,18,,,1,42,,80059,18,,,1,91,,80060,18,,,1
2900,'Semaine-1',1553,,80070,23,,,2,75,,80069,23,,,1,72,,80067,23,,,2,25,,80071,23,,,1,29,,80068,23,,,1
2900,'Semaine-12',1553,,80075,23,,,2,75,,80074,23,,,1,72,,80072,23,,,2,25,,80076,23,,,1,29,,80073,23,,,1
3400,'Samedi-1',741,,80773,24,,,1,100,,80778,24,,,1,70,,80774,24,,,1,31,,80780,24,,,1,70,,80781,24,,,1,31,,80775,24,,,1,70,,80776,24,,,1,30,,80777,24,,,1,70,,80779,24,,,1,30,,80782,24,,,1,70,,80784,24,,,1,30,,80783,24,,,1,70,,80785,24,,,1,30,,80786,24,,,1,70,,80787,24,,,1,30,,80788,24,,,1,70,,80789,24,,,1,31,,80790,24,,,1,70,,80791,24,,,1,30,,80792,24,,,1,70,,80793,24,,,1,29,,80794,24,,,1,69,,80795,24,,,1,29,,80796,24,,,1,71,,80797,24,,,1,30,,80798,24,,,1,70,,80799,24,,,1,30,,80800,24,,,1,70,,80801,24,,,1,30,,80803,24,,,1,70,,80802,24,,,1,29,,80805,24,,,1,70,,80804,24,,,1,27,,80806,24,,,1
3400,'Samedi-10',741,,67369,24,,,1,100,,67374,24,,,1,70,,67370,24,,,1,31,,67376,24,,,1,70,,67377,24,,,1,31,,67371,24,,,1,70,,67372,24,,,1,30,,67373,24,,,1,70,,67375,24,,,1,30,,67378,24,,,1,70,,67380,24,,,1,30,,67379,24,,,1,70,,67381,24,,,1,30,,67382,24,,,1,70,,67383,24,,,1,30,,67384,24,,,1,70,,67385,24,,,1,31,,67386,24,,,1,70,,67387,24,,,1,30,,67388,24,,,1,70,,67389,24,,,1,29,,67390,24,,,1,69,,67391,24,,,1,29,,67392,24,,,1,71,,67393,24,,,1,30,,67394,24,,,1,70,,67395,24,,,1,30,,67396,24,,,1,70,,67397,24,,,1,30,,67399,24,,,1,70,,67398,24,,,1,29,,67401,24,,,1,70,,67400,24,,,1,27,,67402,24,,,1
3400,'Dimanche-1',741,,80811,24,,,1,100,,80831,24,,,1,70,,80813,24,,,1,31,,80817,24,,,1,70,,80810,24,,,1,31,,80818,24,,,1,70,,80809,24,,,1,30,,80808,24,,,1,70,,80821,24,,,1,30,,80812,24,,,1,70,,80815,24,,,1,30,,80814,24,,,1,70,,80807,24,,,1,30,,80823,24,,,1,70,,80819,24,,,1,30,,80820,24,,,1,70,,80816,24,,,1,31,,80827,24,,,1,70,,80826,24,,,1,30,,80824,24,,,1,70,,80822,24,,,1,29,,80825,24,,,1,69,,80830,24,,,1,29,,80828,24,,,1,71,,80829,24,,,1,30,,80832,24,,,1,70,,80833,24,,,1,30,,80834,24,,,1,70,,80835,24,,,1,30,,80836,24,,,1,70,,80837,24,,,1,29,,80839,24,,,1,70,,80838,24,,,1,27,,80840,24,,,1
3400,'Semaine-1',619,,80871,24,,,1,28,,80856,24,,,1,72,,80850,24,,,1,35,,80854,24,,,1,71,,80845,24,,,2,29,,80865,24,,,1,70,,80851,24,,,1,27,,80841,24,,,1,70,,80846,24,,,1,30,,80847,24,,,1,70,,80852,24,,,1,30,,80842,24,,,1,71,,80872,24,,,1,30,,80848,24,,,1,70,,80853,24,,,1,30,,80843,24,,,1,72,,80869,24,,,1,30,,80844,24,,,1,65,,80870,24,,,1,306,,80868,24,,,1,20,,80857,24,,,1,68,,80849,24,,,1,30,,80861,24,,,1,70,,80867,24,,,1,31,,80858,24,,,1,68,,80860,24,,,1,30,,80862,24,,,1,70,,80855,24,,,1,30,,80864,24,,,1,69,,80859,24,,,1,29,,80863,24,,,1,70,,80866,24,,,1
3400,'Semaine-12',619,,80903,24,,,1,28,,80888,24,,,1,72,,80882,24,,,1,35,,80886,24,,,1,71,,80877,24,,,2,29,,80897,24,,,1,70,,80883,24,,,1,27,,80873,24,,,1,70,,80878,24,,,1,30,,80879,24,,,1,70,,80884,24,,,1,30,,80874,24,,,1,71,,80904,24,,,1,30,,80880,24,,,1,70,,80885,24,,,1,30,,80875,24,,,1,72,,80901,24,,,1,30,,80876,24,,,1,65,,80902,24,,,1,306,,80900,24,,,1,20,,80889,24,,,1,68,,80881,24,,,1,30,,80893,24,,,1,70,,80899,24,,,1,31,,80890,24,,,1,68,,80892,24,,,1,30,,80894,24,,,1,70,,80887,24,,,1,30,,80896,24,,,1,69,,80891,24,,,1,29,,80895,24,,,1,70,,80898,24,,,1
5600,'Semaine-1',651,,82719,36,,,1,64,,82717,36,,,1,6,,82721,36,,,1,30,,82720,36,,,1,73,,82714,36,,,1,100,,82713,36,,,1,107,,82715,36,,,1,98,,82718,36,,,2,101,,82716,36,,,1
5600,'Semaine-12',651,,82728,36,,,1,64,,82726,36,,,1,6,,82730,36,,,1,30,,82729,36,,,1,73,,82723,36,,,1,100,,82722,36,,,1,107,,82724,36,,,1,98,,82727,36,,,2,101,,82725,36,,,1
32900,'Semaine-1',816,,85907,16,0,7 8,1
32900,'Semaine-12',816,,85908,16,0,7 8,1
42900,'Semaine-1',718,,86765,9,0,9 14,1,2,,86766,9,0,9 14,2
42900,'Semaine-12',718,,86767,9,0,9 14,1,2,,86768,9,0,9 14,2
55400,'Semaine-1',714,,86810,26,0,5 6,2
55400,'Semaine-12',714,,86812,26,0,5 6,2
72900,'Semaine-1',1636,,86873,21,0,5 11,2
72900,'Semaine-12',1636,,86874,21,0,5 11,2
82900,'Semaine-1',1541,,87134,21,0,9 12 13,1
82900,'Semaine-12',1541,,87137,21,0,9 12 13,1
