3600,'Semaine-1',922,,81164,32,,,1,100,,81165,32,,,1,102,,81163,32,,,1,100,,81166,32,,,1,100,,81168,32,,,1,99,,81169,32,,,1,100,,81167,32,,,1
3600,'Semaine-12',922,,81171,32,,,1,100,,81172,32,,,1,102,,81170,32,,,1,100,,81173,32,,,1,100,,81175,32,,,1,99,,81176,32,,,1,100,,81174,32,,,1
3700,'Samedi-1',737,,81191,24,,,1,100,,81192,24,,,1,100,,81194,24,,,1,102,,81195,24,,,1,100,,81193,24,,,1,101,,81196,24,,,1,100,,81197,24,,,1,100,,81198,24,,,1,100,,81199,24,,,1,100,,81200,24,,,1,100,,81201,24,,,1,100,,81202,24,,,1,98,,81203,24,,,1,100,,81204,24,,,1,100,,81205,24,,,1,100,,81206,24,,,1,98,,81207,24,,,1,100,,81208,24,,,1
3700,'Samedi-10',737,,68178,24,,,1,100,,68179,24,,,1,100,,68181,24,,,1,102,,68182,24,,,1,100,,68180,24,,,1,101,,68183,24,,,1,100,,68184,24,,,1,100,,68185,24,,,1,100,,68186,24,,,1,100,,68187,24,,,1,100,,68188,24,,,1,100,,68189,24,,,1,98,,68190,24,,,1,100,,68191,24,,,1,100,,68192,24,,,1,100,,68193,24,,,1,98,,68194,24,,,1,100,,68195,24,,,1
3700,'Dimanche-1',737,,81211,24,,,1,100,,81214,24,,,1,100,,81216,24,,,1,102,,81212,24,,,1,100,,81209,24,,,1,101,,81213,24,,,1,100,,81210,24,,,1,100,,81215,24,,,1,100,,81217,24,,,1,100,,81219,24,,,1,100,,81218,24,,,1,100,,81222,24,,,1,98,,81221,24,,,1,100,,81220,24,,,1,100,,81223,24,,,1,100,,81224,24,,,1,98,,81225,24,,,1,100,,81226,24,,,1
3700,'Semaine-1',657,,81248,24,,,1,81,,81254,24,,,1,73,,81245,24,,,1,29,,81229,24,,,1,69,,81243,24,,,1,49,,81235,24,,,1,100,,81231,24,,,1,100,,81232,24,,,1,100,,81233,24,,,1,101,,81234,24,,,1,100,,81240,24,,,1,89,,81241,24,,,1,56,,81242,24,,,1,15,,81228,24,,,1,15,,81250,24,,,1,23,,81237,24,,,1,70,,81246,24,,,1,23,,81236,24,,,1,68,,81230,24,,,1,29,,81227,24,,,1,66,,81238,24,,,1,30,,81253,24,,,1,69,,81244,24,,,1,36,,81255,24,,,1,99,,81251,24,,,1,99,,81239,24,,,1,100,,81249,24,,,1,99,,81252,24,,,1,55,,81247,24,,,1
3700,'Semaine-12',657,,81277,24,,,1,81,,81283,24,,,1,73,,81274,24,,,1,29,,81258,24,,,1,69,,81272,24,,,1,49,,81264,24,,,1,100,,81260,24,,,1,100,,81261,24,,,1,100,,81262,24,,,1,101,,81263,24,,,1,100,,81269,24,,,1,89,,81270,24,,,1,56,,81271,24,,,1,15,,81257,24,,,1,15,,81279,24,,,1,23,,81266,24,,,1,70,,81275,24,,,1,23,,81265,24,,,1,68,,81259,24,,,1,29,,81256,24,,,1,66,,81267,24,,,1,30,,81282,24,,,1,69,,81273,24,,,1,36,,81284,24,,,1,99,,81280,24,,,1,99,,81268,24,,,1,100,,81278,24,,,1,99,,81281,24,,,1,55,,81276,24,,,1
3800,'Samedi-1',748,,81376,22,,,1,72,,81369,22,,,1,20,,81370,22,,,1,80,,81381,22,,,1,29,,81373,22,,,1,71,,81371,22,,,1,29,,81382,22,,,1,72,,81374,22,,,1,30,,81380,22,,,1,71,,81372,22,,,1,27,,81375,22,,,1,74,,81379,22,,,1,26,,81377,22,,,1,74,,81378,22,,,1,30,,81383,22,,,1,71,,81384,22,,,1,30,,81385,22,,,1,69,,81386,22,,,1,21,,81387,22,,,1,78,,81388,22,,,1,30,,81389,22,,,1,70,,81390,22,,,1,30,,81391,22,,,1,70,,81392,22,,,1,29,,81393,22,,,1,69,,81394,22,,,1,30,,81396,22,,,1,70,,81395,22,,,1,29,,81398,22,,,1,70,,81397,22,,,1,30,,81399,22,,,1,70,,81400,22,,,1,30,,81401,22,,,1
3800,'Samedi-10',748,,68572,22,,,1,72,,68565,22,,,1,20,,68566,22,,,1,80,,68577,22,,,1,29,,68569,22,,,1,71,,68567,22,,,1,29,,68578,22,,,1,72,,68570,22,,,1,30,,68576,22,,,1,71,,68568,22,,,1,27,,68571,22,,,1,74,,68575,22,,,1,26,,68573,22,,,1,74,,68574,22,,,1,30,,68579,22,,,1,71,,68580,22,,,1,30,,68581,22,,,1,69,,68582,22,,,1,21,,68583,22,,,1,78,,68584,22,,,1,30,,68585,22,,,1,70,,68586,22,,,1,30,,68587,22,,,1,70,,68588,22,,,1,29,,68589,22,,,1,69,,68590,22,,,1,30,,68592,22,,,1,70,,68591,22,,,1,29,,68594,22,,,1,70,,68593,22,,,1,30,,68595,22,,,1,70,,68596,22,,,1,30,,68597,22,,,1
3800,'Dimanche-1',748,,81405,22,,,1,72,,81410,22,,,1,20,,81413,22,,,1,80,,81411,22,,,1,29,,81404,22,,,1,71,,81426,22,,,1,29,,81403,22,,,1,72,,81406,22,,,1,30,,81427,22,,,1,71,,81425,22,,,1,27,,81407,22,,,1,74,,81417,22,,,1,26,,81414,22,,,1,74,,81408,22,,,1,30,,81412,22,,,1,71,,81419,22,,,1,30,,81402,22,,,1,69,,81409,22,,,1,21,,81416,22,,,1,78,,81421,22,,,1,30,,81415,22,,,1,70,,81423,22,,,1,30,,81420,22,,,1,70,,81424,22,,,1,29,,81422,22,,,1,69,,81418,22,,,1,30,,81428,22,,,1,70,,81429,22,,,1,29,,81430,22,,,1,70,,81431,22,,,1,30,,81432,22,,,1,70,,81433,22,,,1,30,,81434,22,,,1
3800,'Semaine-1',702,,81451,22,,,1,19,,81467,22,,,1,32,,81462,22,,,1,70,,81475,22,,,1,30,,81472,22,,,1,70,,81448,22,,,1,20,,81444,22,,,1,60,,81455,22,,,1,20,,81440,22,,,1,20,,81464,22,,,1,60,,81449,22,,,1,22,,81445,22,,,1,20,,81456,22,,,1,60,,81441,22,,,1,20,,81463,22,,,1,20,,81474,22,,,1,60,,81446,22,,,1,20,,81457,22,,,1,20,,81465,22,,,1,60,,81476,22,,,1,20,,81450,22,,,1,21,,81447,22,,,1,62,,81458,22,,,1,30,,81471,22,,,1,72,,81436,22,,,1,31,,81460,22,,,1,73,,81469,22,,,1,24,,81459,22,,,1,67,,81473,22,,,1,28,,81439,22,,,1,69,,81470,22,,,1,29,,81453,22,,,1,71,,81461,22,,,1,30,,81466,22,,,1,68,,81468,22,,,1,30,,81452,22,,,1,70,,81438,22,,,1,30,,81454,22,,,1,70,,81442,22,,,1,30,,81437,22,,,1,70,,81435,22,,,1,27,,81443,22,,,1
3800,'Semaine-12',702,,81493,22,,,1,19,,81509,22,,,1,32,,81504,22,,,1,70,,81517,22,,,1,30,,81514,22,,,1,70,,81490,22,,,1,20,,81486,22,,,1,60,,81497,22,,,1,20,,81482,22,,,1,20,,81506,22,,,1,60,,81491,22,,,1,22,,81487,22,,,1,20,,81498,22,,,1,60,,81483,22,,,1,20,,81505,22,,,1,20,,81516,22,,,1,60,,81488,22,,,1,20,,81499,22,,,1,20,,81507,22,,,1,60,,81518,22,,,1,20,,81492,22,,,1,21,,81489,22,,,1,62,,81500,22,,,1,30,,81513,22,,,1,72,,81478,22,,,1,31,,81502,22,,,1,73,,81511,22,,,1,24,,81501,22,,,1,67,,81515,22,,,1,28,,81481,22,,,1,69,,81512,22,,,1,29,,81495,22,,,1,71,,81503,22,,,1,30,,81508,22,,,1,68,,81510,22,,,1,30,,81494,22,,,1,70,,81480,22,,,1,30,,81496,22,,,1,70,,81484,22,,,1,30,,81479,22,,,1,70,,81477,22,,,1,27,,81485,22,,,1
32501,'Semaine-1',838,,85899,37,0,7 8,1,3,,85900,37,0,7 8,1
32501,'Semaine-12',838,,85901,37,0,7 8,1,3,,85902,37,0,7 8,1
32601,'Semaine-1',834,,85905,34,0,7 8,1
32601,'Semaine-12',834,,85906,34,0,7 8,1
32900,'Semaine-1',839,,85907,37,0,7 8,1
32900,'Semaine-12',839,,85908,37,0,7 8,1
43700,'Semaine-1',736,,86783,20,0,9 14,1,2,,86784,16,0,9 14,2
43700,'Semaine-12',736,,86785,20,0,9 14,1,2,,86786,16,0,9 14,2
