4500,'Semaine-1',1544,,81964,54,4,,1,76,,81959,54,4,,1,30,,81960,54,4,,1,72,,81962,54,4,,1,27,,81963,54,4,,1,62,,81961,54,4,,2
4500,'Semaine-12',1544,,81970,54,4,,1,76,,81965,54,4,,1,30,,81966,54,4,,1,72,,81968,54,4,,1,27,,81969,54,4,,1,62,,81967,54,4,,2
4700,'Semaine-1',1601,,81983,48,4,,1,102,,81984,48,4,,1,56,,81985,48,4,,2
4700,'Semaine-12',1601,,81986,48,4,,1,102,,81987,48,4,,1,56,,81988,48,4,,2
5500,'Samedi-1',720,,82390,39,,,1,30,,82387,39,,,1,70,,82388,39,,,1,30,,82391,39,,,1,70,,82389,39,,,1,30,,82396,39,,,1,73,,82393,39,,,1,30,,82394,39,,,1,67,,82399,39,,,1,33,,82398,39,,,1,70,,82392,39,,,1,30,,82395,39,,,1,70,,82397,39,,,1,30,,82400,39,,,1,70,,82401,39,,,1,30,,82402,39,,,1,70,,82403,39,,,1,30,,82404,39,,,1,70,,82405,39,,,1,32,,82406,39,,,1,70,,82407,39,,,1,30,,82408,39,,,1,70,,82409,39,,,1,30,,82410,39,,,1,67,,82412,39,,,1,30,,82411,39,,,1,70,,82413,39,,,1,30,,82415,39,,,1,70,,82414,39,,,1,30,,82416,39,,,1,68,,82417,39,,,1,30,,82420,39,,,1,70,,82422,39,,,1,30,,82419,39,,,1,69,,82418,39,,,1,27,,82421,39,,,1
5500,'Samedi-10',720,,70650,39,,,1,30,,70647,39,,,1,70,,70648,39,,,1,30,,70651,39,,,1,70,,70649,39,,,1,30,,70656,39,,,1,73,,70653,39,,,1,30,,70654,39,,,1,67,,70659,39,,,1,33,,70658,39,,,1,70,,70652,39,,,1,30,,70655,39,,,1,70,,70657,39,,,1,30,,70660,39,,,1,70,,70661,39,,,1,30,,70662,39,,,1,70,,70663,39,,,1,30,,70664,39,,,1,70,,70665,39,,,1,32,,70666,39,,,1,70,,70667,39,,,1,30,,70668,39,,,1,70,,70669,39,,,1,30,,70670,39,,,1,67,,70672,39,,,1,30,,70671,39,,,1,70,,70673,39,,,1,30,,70675,39,,,1,70,,70674,39,,,1,30,,70676,39,,,1,68,,70677,39,,,1,30,,70680,39,,,1,70,,70682,39,,,1,30,,70679,39,,,1,69,,70678,39,,,1,27,,70681,39,,,1
5500,'Dimanche-1',720,,82427,39,,,1,30,,82432,39,,,1,70,,82424,39,,,1,30,,82429,39,,,1,70,,82426,39,,,1,30,,82423,39,,,1,73,,82434,39,,,1,30,,82428,39,,,1,67,,82425,39,,,1,33,,82437,39,,,1,70,,82433,39,,,1,30,,82438,39,,,1,70,,82431,39,,,1,30,,82430,39,,,1,70,,82436,39,,,1,30,,82441,39,,,1,70,,82435,39,,,1,30,,82440,39,,,1,70,,82443,39,,,1,32,,82447,39,,,1,70,,82442,39,,,1,30,,82448,39,,,1,70,,82439,39,,,1,30,,82445,39,,,1,67,,82446,39,,,1,30,,82449,39,,,1,70,,82444,39,,,1,30,,82450,39,,,1,70,,82452,39,,,1,30,,82451,39,,,1,68,,82453,39,,,1,30,,82455,39,,,1,70,,82456,39,,,1,30,,82454,39,,,1,69,,82457,39,,,1,27,,82458,39,,,1
5500,'Semaine-1',654,,82461,39,,,1,104,,82477,39,,,1,69,,82460,39,,,1,96,,82496,39,,,1,28,,82497,39,,,1,70,,82466,39,,,1,30,,82476,39,,,1,69,,82480,39,,,1,33,,82502,39,,,1,70,,82462,39,,,1,30,,82501,39,,,1,69,,82479,39,,,1,30,,82494,39,,,1,70,,82488,39,,,1,25,,82495,39,,,1,56,,82481,39,,,1,14,,82459,39,,,1,17,,82500,39,,,1,17,,82470,39,,,1,55,,82503,39,,,1,13,,82491,39,,,1,10,,82463,39,,,1,13,,82474,39,,,1,58,,82506,39,,,1,9,,82499,39,,,1,11,,82465,39,,,1,11,,82482,39,,,1,10,,82475,39,,,1,11,,82504,39,,,1,52,,82489,39,,,1,7,,82469,39,,,1,12,,82464,39,,,1,10,,82505,39,,,1,11,,82473,39,,,1,11,,82468,39,,,1,50,,82478,39,,,1,30,,82493,39,,,1,69,,82498,39,,,1,30,,82485,39,,,1,70,,82471,39,,,1,30,,82492,39,,,1,68,,82483,39,,,1,28,,82486,39,,,1,29,,82472,39,,,1,70,,82487,39,,,1,29,,82484,39,,,1,69,,82467,39,,,1,30,,82490,39,,,1
5500,'Semaine-12',654,,82509,39,,,1,104,,82525,39,,,1,69,,82508,39,,,1,96,,82544,39,,,1,28,,82545,39,,,1,70,,82514,39,,,1,30,,82524,39,,,1,69,,82528,39,,,1,33,,82550,39,,,1,70,,82510,39,,,1,30,,82549,39,,,1,69,,82527,39,,,1,30,,82542,39,,,1,70,,82536,39,,,1,25,,82543,39,,,1,56,,82529,39,,,1,14,,82507,39,,,1,17,,82548,39,,,1,17,,82518,39,,,1,55,,82551,39,,,1,13,,82539,39,,,1,10,,82511,39,,,1,13,,82522,39,,,1,58,,82554,39,,,1,9,,82547,39,,,1,11,,82513,39,,,1,11,,82530,39,,,1,10,,82523,39,,,1,11,,82552,39,,,1,52,,82537,39,,,1,7,,82517,39,,,1,12,,82512,39,,,1,10,,82553,39,,,1,11,,82521,39,,,1,11,,82516,39,,,1,50,,82526,39,,,1,30,,82541,39,,,1,69,,82546,39,,,1,30,,82533,39,,,1,70,,82519,39,,,1,30,,82540,39,,,1,68,,82531,39,,,1,28,,82534,39,,,1,29,,82520,39,,,1,70,,82535,39,,,1,29,,82532,39,,,1,69,,82515,39,,,1,30,,82538,39,,,1
5601,'Semaine-1',1251,,82735,46,4,,1,101,,82732,46,4,,1,101,,82731,46,4,,1,104,,82734,46,4,,2,144,,82733,46,4,,1,99,,82736,46,4,,1,54,,82737,46,4,,1
5601,'Semaine-12',1251,,82742,46,4,,1,101,,82739,46,4,,1,101,,82738,46,4,,1,104,,82741,46,4,,2,144,,82740,46,4,,1,99,,82743,46,4,,1,54,,82744,46,4,,1
5800,'Semaine-1',838,,82749,26,,,1,398,,82750,26,,,1,302,,82752,26,,,1,71,,82747,26,,,1,31,,82748,26,,,1,69,,82751,26,,,1,29,,82746,26,,,2,68,,82745,26,,,1
5800,'Semaine-12',838,,82757,26,,,1,398,,82758,26,,,1,302,,82760,26,,,1,71,,82755,26,,,1,31,,82756,26,,,1,69,,82759,26,,,1,29,,82754,26,,,2,68,,82753,26,,,1
54901,'Semaine-1',1557,,86796,39,4,,1
54901,'Semaine-12',1557,,86798,39,4,,1
64500,'Semaine-1',726,,86851,31,0,9 10,1
64500,'Semaine-12',726,,86852,31,0,9 10,1
64700,'Semaine-1',726,,86855,25,0,9 10,1
64700,'Semaine-12',726,,86856,25,0,9 10,1
65500,'Semaine-1',737,,86863,32,0,9 10,1
65500,'Semaine-12',737,,86864,32,0,9 10,1
