1801,'Semaine-1',613,,79953,6,,,1,46,,79955,6,,,2,85,,79954,6,,,1
1801,'Semaine-12',613,,79956,6,,,1,46,,79958,6,,,2,85,,79957,6,,,1
6801,'Semaine-1',614,,84171,6,,,1,20,,84184,6,,,1,18,,84155,6,,,1,59,,84168,6,,,1,6,,84182,6,,,1,7,,84162,6,,,1,6,,84167,6,,,1,22,,84173,6,,,1,58,,84185,6,,,1,20,,84161,6,,,1,20,,84180,6,,,1,59,,84178,6,,,1,20,,84183,6,,,1,28,,84156,6,,,1,72,,84176,6,,,1,30,,84157,6,,,1,70,,84159,6,,,1,30,,84179,6,,,1,70,,84163,6,,,1,30,,84181,6,,,1,70,,84175,6,,,1,30,,84164,6,,,1,70,,84174,6,,,1,29,,84165,6,,,1,74,,84160,6,,,1,71,,84158,6,,,1,26,,84172,6,,,1,30,,84166,6,,,1,70,,84177,6,,,1,30,,84170,6,,,1,70,,84169,6,,,1
6801,'Semaine-12',614,,84202,6,,,1,20,,84215,6,,,1,18,,84186,6,,,1,59,,84199,6,,,1,6,,84213,6,,,1,7,,84193,6,,,1,6,,84198,6,,,1,22,,84204,6,,,1,58,,84216,6,,,1,20,,84192,6,,,1,20,,84211,6,,,1,59,,84209,6,,,1,20,,84214,6,,,1,28,,84187,6,,,1,72,,84207,6,,,1,30,,84188,6,,,1,70,,84190,6,,,1,30,,84210,6,,,1,70,,84194,6,,,1,30,,84212,6,,,1,70,,84206,6,,,1,30,,84195,6,,,1,70,,84205,6,,,1,29,,84196,6,,,1,74,,84191,6,,,1,71,,84189,6,,,1,26,,84203,6,,,1,30,,84197,6,,,1,70,,84208,6,,,1,30,,84201,6,,,1,70,,84200,6,,,1
9301,'Semaine-1',630,,85514,44,,,2,20,,85512,44,,,1,62,,85511,44,,,1,34,,85515,44,,,1,70,,85513,44,,,2
9301,'Semaine-12',630,,85519,44,,,2,20,,85517,44,,,1,62,,85516,44,,,1,34,,85520,44,,,1,70,,85518,44,,,2
9501,'Semaine-1',623,,85547,57,,,1,15,,85543,57,,,1,13,,85545,57,,,1,60,,85550,57,,,1,17,,85546,57,,,2,16,,85548,57,,,2,14,,85549,57,,,2,56,,85544,57,,,2
9501,'Semaine-12',623,,85555,57,,,1,15,,85551,57,,,1,13,,85553,57,,,1,60,,85558,57,,,1,17,,85554,57,,,2,16,,85556,57,,,2,14,,85557,57,,,2,56,,85552,57,,,2
10001,'Semaine-1',614,,85741,6,,,1,10,,85739,6,,,1,10,,85738,6,,,1,11,,85737,6,,,1,9,,85740,6,,,1,51,,85742,6,,,1,10,,85743,6,,,1,10,,85744,6,,,1,9,,85745,6,,,1,11,,85746,6,,,1,14,,85747,6,,,1,49,,85748,6,,,1,10,,85749,6,,,1,8,,85750,6,,,1,10,,85751,6,,,1
10001,'Semaine-12',614,,85756,6,,,1,10,,85754,6,,,1,10,,85753,6,,,1,11,,85752,6,,,1,9,,85755,6,,,1,51,,85757,6,,,1,10,,85758,6,,,1,10,,85759,6,,,1,9,,85760,6,,,1,11,,85761,6,,,1,14,,85762,6,,,1,49,,85763,6,,,1,10,,85764,6,,,1,8,,85765,6,,,1,10,,85766,6,,,1
20001,'Semaine-1',615,,85828,4,,,1,6,,85829,6,,,1,6,,85830,4,,,1,6,,85831,6,,,1,3,,85832,4,,,1,5,,85854,6,,,1,9,,85833,4,,,1,2,,85834,6,,,1,7,,85851,4,,,1,45,,85835,6,,,1,7,,85850,4,,,1,5,,85837,6,,,1,5,,85846,4,,,1,3,,85836,4,,,1,3,,85827,6,,,1,3,,85853,4,,,1,3,,85842,4,,,1,3,,85838,6,,,1,3,,85840,4,,,1,3,,85852,4,,,1,5,,85839,6,,,1,7,,85843,4,,,1,3,,85841,6,,,1,2,,85845,4,,,1,47,,85844,6,,,1,9,,85855,4,,,1,6,,85847,6,,,1,5,,85848,4,,,1,5,,85849,6,,,1,6,,85856,4,,,1
20001,'Semaine-12',615,,85858,4,,,1,6,,85859,6,,,1,6,,85860,4,,,1,6,,85861,6,,,1,3,,85862,4,,,1,5,,85884,6,,,1,9,,85863,4,,,1,2,,85864,6,,,1,7,,85881,4,,,1,45,,85865,6,,,1,7,,85880,4,,,1,5,,85867,6,,,1,5,,85876,4,,,1,3,,85866,4,,,1,3,,85857,6,,,1,3,,85883,4,,,1,3,,85872,4,,,1,3,,85868,6,,,1,3,,85870,4,,,1,3,,85882,4,,,1,5,,85869,6,,,1,7,,85873,4,,,1,3,,85871,6,,,1,2,,85875,4,,,1,47,,85874,6,,,1,9,,85885,4,,,1,6,,85877,6,,,1,5,,85878,4,,,1,5,,85879,6,,,1,6,,85886,4,,,1
40001,'Samedi-1',625,,86419,6,,,1,15,,86422,6,,,1,15,,86424,6,,,1,55,,86420,6,,,1,15,,86421,6,,,1,15,,86423,6,,,1,15,,86429,6,,,1,55,,86436,6,,,1,15,,86427,6,,,1,14,,86447,6,,,1,15,,86425,6,,,1,55,,86426,6,,,1,15,,86435,6,,,1,15,,86428,6,,,1,15,,86430,6,,,1,55,,86438,6,,,1,15,,86439,6,,,1,15,,86440,6,,,1,15,,86446,6,,,1,55,,86445,6,,,1,15,,86449,6,,,1,15,,86432,6,,,1,15,,86431,6,,,1,56,,86434,6,,,1,15,,86437,6,,,1,15,,86433,6,,,1,15,,86442,6,,,1,55,,86444,6,,,1,15,,86450,6,,,1,15,,86441,6,,,1,15,,86443,6,,,1,55,,86448,6,,,1,15,,86451,6,,,1,15,,86452,6,,,1,15,,86453,6,,,1,55,,86454,6,,,1,15,,86455,6,,,1,15,,86456,6,,,1,15,,86457,6,,,1,55,,86458,6,,,1,16,,86459,6,,,1,14,,86460,6,,,1,15,,86461,6,,,1,55,,86462,6,,,1,15,,86463,6,,,1,15,,86464,6,,,1,15,,86465,6,,,1,55,,86468,6,,,1,14,,86466,6,,,1,16,,86467,6,,,1,16,,86470,6,,,1,55,,86469,6,,,1,15,,86474,6,,,1,15,,86472,6,,,1,14,,86473,6,,,1,55,,86471,6,,,1,15,,86475,6,,,1,15,,86477,6,,,1,15,,86478,6,,,1,55,,86479,6,,,1,15,,86476,6,,,1,15,,86482,6,,,1,15,,86481,6,,,1,55,,86480,6,,,1,15,,86483,6,,,1,15,,86484,6,,,1,15,,86485,6,,,1,55,,86486,6,,,1,15,,86488,6,,,1,15,,86487,6,,,1,15,,86490,6,,,1,55,,86489,6,,,1,15,,86491,6,,,1
40001,'Samedi-10',625,,78574,6,,,1,15,,78577,6,,,1,15,,78579,6,,,1,55,,78575,6,,,1,15,,78576,6,,,1,15,,78578,6,,,1,15,,78584,6,,,1,55,,78591,6,,,1,15,,78582,6,,,1,14,,78602,6,,,1,15,,78580,6,,,1,55,,78581,6,,,1,15,,78590,6,,,1,15,,78583,6,,,1,15,,78585,6,,,1,55,,78593,6,,,1,15,,78594,6,,,1,15,,78595,6,,,1,15,,78601,6,,,1,55,,78600,6,,,1,15,,78604,6,,,1,15,,78587,6,,,1,15,,78586,6,,,1,56,,78589,6,,,1,15,,78592,6,,,1,15,,78588,6,,,1,15,,78597,6,,,1,55,,78599,6,,,1,15,,78605,6,,,1,15,,78596,6,,,1,15,,78598,6,,,1,55,,78603,6,,,1,15,,78606,6,,,1,15,,78607,6,,,1,15,,78608,6,,,1,55,,78609,6,,,1,15,,78610,6,,,1,15,,78611,6,,,1,15,,78612,6,,,1,55,,78613,6,,,1,16,,78614,6,,,1,14,,78615,6,,,1,15,,78616,6,,,1,55,,78617,6,,,1,15,,78618,6,,,1,15,,78619,6,,,1,15,,78620,6,,,1,55,,78623,6,,,1,14,,78621,6,,,1,16,,78622,6,,,1,16,,78625,6,,,1,55,,78624,6,,,1,15,,78629,6,,,1,15,,78627,6,,,1,14,,78628,6,,,1,55,,78626,6,,,1,15,,78630,6,,,1,15,,78632,6,,,1,15,,78633,6,,,1,55,,78634,6,,,1,15,,78631,6,,,1,15,,78637,6,,,1,15,,78636,6,,,1,55,,78635,6,,,1,15,,78638,6,,,1,15,,78639,6,,,1,15,,78640,6,,,1,55,,78641,6,,,1,15,,78643,6,,,1,15,,78642,6,,,1,15,,78645,6,,,1,55,,78644,6,,,1,15,,78646,6,,,1
40001,'Dimanche-1',625,,86492,6,,,1,15,,86499,6,,,1,15,,86500,6,,,1,55,,86494,6,,,1,15,,86493,6,,,1,15,,86498,6,,,1,15,,86509,6,,,1,55,,86512,6,,,1,15,,86495,6,,,1,14,,86504,6,,,1,15,,86501,6,,,1,55,,86518,6,,,1,15,,86521,6,,,1,15,,86502,6,,,1,15,,86510,6,,,1,55,,86525,6,,,1,15,,86514,6,,,1,15,,86530,6,,,1,15,,86503,6,,,1,55,,86519,6,,,1,15,,86520,6,,,1,15,,86515,6,,,1,15,,86531,6,,,1,56,,86524,6,,,1,15,,86505,6,,,1,15,,86513,6,,,1,15,,86507,6,,,1,55,,86517,6,,,1,15,,86526,6,,,1,15,,86511,6,,,1,15,,86506,6,,,1,55,,86523,6,,,1,15,,86496,6,,,1,15,,86528,6,,,1,15,,86497,6,,,1,55,,86516,6,,,1,15,,86527,6,,,1,15,,86508,6,,,1,15,,86536,6,,,1,55,,86522,6,,,1,16,,86539,6,,,1,14,,86529,6,,,1,15,,86543,6,,,1,55,,86537,6,,,1,15,,86545,6,,,1,15,,86541,6,,,1,15,,86547,6,,,1,55,,86532,6,,,1,14,,86538,6,,,1,16,,86533,6,,,1,16,,86542,6,,,1,55,,86535,6,,,1,15,,86544,6,,,1,15,,86540,6,,,1,14,,86546,6,,,1,55,,86534,6,,,1,15,,86548,6,,,1,15,,86550,6,,,1,15,,86549,6,,,1,55,,86552,6,,,1,15,,86551,6,,,1,15,,86553,6,,,1,15,,86554,6,,,1,55,,86555,6,,,1,15,,86556,6,,,1,15,,86557,6,,,1,15,,86558,6,,,1,55,,86559,6,,,1,15,,86560,6,,,1,15,,86561,6,,,1,15,,86562,6,,,1,55,,86563,6,,,1,15,,86564,6,,,1
40001,'Semaine-1',458,,86635,6,,,1,50,,86636,6,,,1,10,,86637,6,,,1,10,,86638,6,,,1,10,,86639,6,,,1,10,,86640,6,,,1,5,,86641,6,,,1,5,,86642,6,,,1,44,,86643,6,,,1,6,,86649,6,,,1,230,,86644,6,,,1,9,,86645,4,,,1,6,,86646,6,,,1,51,,86647,6,,,1,11,,86648,6,,,1,10,,86594,6,,,1,9,,86579,6,,,1,11,,86604,6,,,1,11,,86605,6,,,1,49,,86651,6,,,1,10,,86569,6,,,1,10,,86652,6,,,1,10,,86567,6,,,1,10,,86601,6,,,1,10,,86621,6,,,1,50,,86588,6,,,1,10,,86596,6,,,1,10,,86593,6,,,1,10,,86571,6,,,1,10,,86632,6,,,1,10,,86606,6,,,1,50,,86618,6,,,1,10,,86570,6,,,1,11,,86580,6,,,1,10,,86573,6,,,1,10,,86589,6,,,1,10,,86622,6,,,1,50,,86603,6,,,1,10,,86597,6,,,1,10,,86592,6,,,1,10,,86585,6,,,1,9,,86628,6,,,1,10,,86607,6,,,1,50,,86619,6,,,1,10,,86634,6,,,1,10,,86582,6,,,1,10,,86565,6,,,1,10,,86624,6,,,1,10,,86623,6,,,1,50,,86608,6,,,1,9,,86598,6,,,1,6,,86590,2,,,1,6,,86575,6,,,1,12,,86626,6,,,1,13,,86633,6,,,1,7,,86650,2,,,1,45,,86620,6,,,1,13,,86655,6,,,1,10,,86600,6,,,1,12,,86629,6,,,1,12,,86653,6,,,1,52,,86613,6,,,1,13,,86591,6,,,1,11,,86576,6,,,1,12,,86581,6,,,1,12,,86654,6,,,1,52,,86583,6,,,1,12,,86609,6,,,1,12,,86599,6,,,1,12,,86630,6,,,1,12,,86616,6,,,1,52,,86595,6,,,1,10,,86577,6,,,1,14,,86617,6,,,1,12,,86657,6,,,1,11,,86656,6,,,1,52,,86584,6,,,1,12,,86610,6,,,1,12,,86587,6,,,1,12,,86631,6,,,1,12,,86614,6,,,1,55,,86572,6,,,1,13,,86658,6,,,1,17,,86578,6,,,1,15,,86574,6,,,1,55,,86625,6,,,1,12,,86611,6,,,1,15,,86586,6,,,1,15,,86615,6,,,1,55,,86627,6,,,1,15,,86568,6,,,1,15,,86566,6,,,1,15,,86602,6,,,1,70,,86612,6,,,1
40001,'Semaine-12',458,,86729,6,,,1,50,,86730,6,,,1,10,,86731,6,,,1,10,,86732,6,,,1,10,,86733,6,,,1,10,,86734,6,,,1,5,,86735,6,,,1,5,,86736,6,,,1,44,,86737,6,,,1,6,,86743,6,,,1,230,,86738,6,,,1,9,,86739,4,,,1,6,,86740,6,,,1,51,,86741,6,,,1,11,,86742,6,,,1,10,,86688,6,,,1,9,,86673,6,,,1,11,,86698,6,,,1,11,,86699,6,,,1,49,,86745,6,,,1,10,,86663,6,,,1,10,,86746,6,,,1,10,,86661,6,,,1,10,,86695,6,,,1,10,,86715,6,,,1,50,,86682,6,,,1,10,,86690,6,,,1,10,,86687,6,,,1,10,,86665,6,,,1,10,,86726,6,,,1,10,,86700,6,,,1,50,,86712,6,,,1,10,,86664,6,,,1,11,,86674,6,,,1,10,,86667,6,,,1,10,,86683,6,,,1,10,,86716,6,,,1,50,,86697,6,,,1,10,,86691,6,,,1,10,,86686,6,,,1,10,,86679,6,,,1,9,,86722,6,,,1,10,,86701,6,,,1,50,,86713,6,,,1,10,,86728,6,,,1,10,,86676,6,,,1,10,,86659,6,,,1,10,,86718,6,,,1,10,,86717,6,,,1,50,,86702,6,,,1,9,,86692,6,,,1,6,,86684,2,,,1,6,,86669,6,,,1,12,,86720,6,,,1,13,,86727,6,,,1,7,,86744,2,,,1,45,,86714,6,,,1,13,,86749,6,,,1,10,,86694,6,,,1,12,,86723,6,,,1,12,,86747,6,,,1,52,,86707,6,,,1,13,,86685,6,,,1,11,,86670,6,,,1,12,,86675,6,,,1,12,,86748,6,,,1,52,,86677,6,,,1,12,,86703,6,,,1,12,,86693,6,,,1,12,,86724,6,,,1,12,,86710,6,,,1,52,,86689,6,,,1,10,,86671,6,,,1,14,,86711,6,,,1,12,,86751,6,,,1,11,,86750,6,,,1,52,,86678,6,,,1,12,,86704,6,,,1,12,,86681,6,,,1,12,,86725,6,,,1,12,,86708,6,,,1,55,,86666,6,,,1,13,,86752,6,,,1,17,,86672,6,,,1,15,,86668,6,,,1,55,,86719,6,,,1,12,,86705,6,,,1,15,,86680,6,,,1,15,,86709,6,,,1,55,,86721,6,,,1,15,,86662,6,,,1,15,,86660,6,,,1,15,,86696,6,,,1,70,,86706,6,,,1
57601,'Semaine-1',718,,86831,23,0,5 6,1
57601,'Semaine-12',718,,86832,23,0,5 6,1
80001,'Samedi-1',608,,87007,6,,,1,101,,87009,6,,,1,101,,87010,6,,,1,100,,87013,6,,,1,100,,87008,6,,,1,100,,87011,6,,,1,101,,87014,6,,,1,100,,87012,6,,,1,100,,87015,6,,,1,100,,87016,6,,,1,100,,87017,6,,,2,101,,87018,6,,,1,99,,87021,6,,,1,99,,87019,6,,,1,100,,87020,6,,,1,100,,87022,6,,,1,100,,87023,6,,,1
80001,'Samedi-10',608,,79670,6,,,1,101,,79672,6,,,1,101,,79673,6,,,1,100,,79676,6,,,1,100,,79671,6,,,1,100,,79674,6,,,1,101,,79677,6,,,1,100,,79675,6,,,1,100,,79678,6,,,1,100,,79679,6,,,1,100,,79680,6,,,2,101,,79681,6,,,1,99,,79684,6,,,1,99,,79682,6,,,1,100,,79683,6,,,1,100,,79685,6,,,1,100,,79686,6,,,1
80001,'Dimanche-1',608,,87024,6,,,1,101,,87026,6,,,1,101,,87028,6,,,1,100,,87025,6,,,1,100,,87027,6,,,1,100,,87029,6,,,1,101,,87030,6,,,1,100,,87031,6,,,1,100,,87034,6,,,1,100,,87032,6,,,1,100,,87033,6,,,2,101,,87036,6,,,1,99,,87037,6,,,1,99,,87035,6,,,1,100,,87038,6,,,1,100,,87039,6,,,1,100,,87040,6,,,1
80001,'Semaine-1',558,,87062,6,,,1,68,,87055,6,,,1,31,,87063,6,,,1,68,,87047,6,,,1,75,,87045,6,,,1,30,,87052,6,,,1,27,,87058,6,,,1,70,,87070,6,,,1,30,,87061,6,,,2,70,,87053,6,,,1,30,,87067,6,,,1,70,,87041,6,,,1,30,,87075,6,,,1,69,,87073,6,,,1,74,,87043,6,,,1,30,,87066,6,,,1,29,,87057,6,,,1,70,,87064,6,,,1,72,,87074,6,,,1,27,,87059,6,,,1,17,,87069,6,,,1,62,,87071,6,,,1,24,,87068,6,,,1,26,,87060,6,,,1,71,,87050,6,,,1,31,,87048,6,,,1,68,,87042,6,,,1,29,,87072,6,,,1,74,,87054,6,,,1,26,,87051,6,,,1,70,,87056,6,,,1,29,,87044,6,,,1,70,,87065,6,,,1,34,,87046,6,,,1,72,,87049,6,,,1
80001,'Semaine-12',558,,87097,6,,,1,68,,87090,6,,,1,31,,87098,6,,,1,68,,87082,6,,,1,75,,87080,6,,,1,30,,87087,6,,,1,27,,87093,6,,,1,70,,87105,6,,,1,30,,87096,6,,,2,70,,87088,6,,,1,30,,87102,6,,,1,70,,87076,6,,,1,30,,87110,6,,,1,69,,87108,6,,,1,74,,87078,6,,,1,30,,87101,6,,,1,29,,87092,6,,,1,70,,87099,6,,,1,72,,87109,6,,,1,27,,87094,6,,,1,17,,87104,6,,,1,62,,87106,6,,,1,24,,87103,6,,,1,26,,87095,6,,,1,71,,87085,6,,,1,31,,87083,6,,,1,68,,87077,6,,,1,29,,87107,6,,,1,74,,87089,6,,,1,26,,87086,6,,,1,70,,87091,6,,,1,29,,87079,6,,,1,70,,87100,6,,,1,34,,87081,6,,,1,72,,87084,6,,,1
80401,'Semaine-12',1711,,87111,5,,,1
