2801,'Semaine-1',655,,80062,27,,,1,73,,80063,27,,,2,99,,80061,27,,,2
2801,'Semaine-12',655,,80065,27,,,1,73,,80066,27,,,2,99,,80064,27,,,2
2901,'Semaine-1',711,,80077,3,,,2,30,,80080,3,,,1,70,,80078,3,,,1,33,,80079,3,,,2
2901,'Semaine-12',711,,80081,3,,,2,30,,80084,3,,,1,70,,80082,3,,,1,33,,80083,3,,,2
3401,'Samedi-1',707,,80905,36,,,1,100,,80908,36,,,1,30,,80917,36,,,1,70,,80906,36,,,1,32,,80911,36,,,1,70,,80913,36,,,1,29,,80907,36,,,1,70,,80916,36,,,1,32,,80909,36,,,1,69,,80918,36,,,1,31,,80910,36,,,1,70,,80912,36,,,1,30,,80914,36,,,1,70,,80915,36,,,1,30,,80919,36,,,1,72,,80920,36,,,1,30,,80921,36,,,1,70,,80922,36,,,1,30,,80923,36,,,1,67,,80924,36,,,1,30,,80925,36,,,1,70,,80926,36,,,1,30,,80927,36,,,1,70,,80929,36,,,1,28,,80928,36,,,1,70,,80930,36,,,1,30,,80931,36,,,1,70,,80932,36,,,1,30,,80934,36,,,1,70,,80933,36,,,1,30,,80935,36,,,1,96,,80936,36,,,1
3401,'Samedi-10',707,,67667,36,,,1,100,,67670,36,,,1,30,,67679,36,,,1,70,,67668,36,,,1,32,,67673,36,,,1,70,,67675,36,,,1,29,,67669,36,,,1,70,,67678,36,,,1,32,,67671,36,,,1,69,,67680,36,,,1,31,,67672,36,,,1,70,,67674,36,,,1,30,,67676,36,,,1,70,,67677,36,,,1,30,,67681,36,,,1,72,,67682,36,,,1,30,,67683,36,,,1,70,,67684,36,,,1,30,,67685,36,,,1,67,,67686,36,,,1,30,,67687,36,,,1,70,,67688,36,,,1,30,,67689,36,,,1,70,,67691,36,,,1,28,,67690,36,,,1,70,,67692,36,,,1,30,,67693,36,,,1,70,,67694,36,,,1,30,,67696,36,,,1,70,,67695,36,,,1,30,,67697,36,,,1,96,,67698,36,,,1
3401,'Dimanche-1',707,,80937,36,,,1,100,,80945,36,,,1,30,,80950,36,,,1,70,,80942,36,,,1,32,,80940,36,,,1,70,,80963,36,,,1,29,,80944,36,,,1,70,,80949,36,,,1,32,,80939,36,,,1,69,,80938,36,,,1,31,,80941,36,,,1,70,,80948,36,,,1,30,,80951,36,,,1,70,,80943,36,,,1,30,,80947,36,,,1,72,,80946,36,,,1,30,,80952,36,,,1,70,,80956,36,,,1,30,,80953,36,,,1,67,,80954,36,,,1,30,,80955,36,,,1,70,,80962,36,,,1,30,,80957,36,,,1,70,,80960,36,,,1,28,,80958,36,,,1,70,,80959,36,,,1,30,,80961,36,,,1,70,,80964,36,,,1,30,,80966,36,,,1,70,,80965,36,,,1,30,,80967,36,,,1,96,,80968,36,,,1
3401,'Semaine-1',913,,80994,36,,,1,31,,80974,36,,,2,70,,80978,36,,,1,30,,80998,36,,,1,70,,80971,36,,,1,30,,80975,36,,,1,70,,80979,36,,,1,30,,80969,36,,,1,70,,80972,36,,,1,30,,80976,36,,,1,69,,80980,36,,,2,31,,80973,36,,,1,70,,80995,36,,,1,31,,80970,36,,,1,75,,80996,36,,,1,27,,80997,36,,,1,70,,80991,36,,,1,27,,80987,36,,,1,70,,80977,36,,,1,29,,80984,36,,,1,70,,80993,36,,,1,30,,80981,36,,,1,70,,80983,36,,,1,30,,80985,36,,,1,70,,80989,36,,,2,30,,80982,36,,,1,70,,80988,36,,,1,29,,80986,36,,,1,70,,80990,36,,,1,30,,80992,36,,,1
3401,'Semaine-12',913,,81024,36,,,1,31,,81004,36,,,2,70,,81008,36,,,1,30,,81028,36,,,1,70,,81001,36,,,1,30,,81005,36,,,1,70,,81009,36,,,1,30,,80999,36,,,1,70,,81002,36,,,1,30,,81006,36,,,1,69,,81010,36,,,2,31,,81003,36,,,1,70,,81025,36,,,1,31,,81000,36,,,1,75,,81026,36,,,1,27,,81027,36,,,1,70,,81021,36,,,1,27,,81017,36,,,1,70,,81007,36,,,1,29,,81014,36,,,1,70,,81023,36,,,1,30,,81011,36,,,1,70,,81013,36,,,1,30,,81015,36,,,1,70,,81019,36,,,2,30,,81012,36,,,1,70,,81018,36,,,1,29,,81016,36,,,1,70,,81020,36,,,1,30,,81022,36,,,1
5601,'Semaine-1',1220,,82735,10,,,1,102,,82732,10,,,1,100,,82731,10,,,1,100,,82734,10,,,2,104,,82733,10,,,1,98,,82736,10,,,1,97,,82737,10,,,1
5601,'Semaine-12',1220,,82742,10,,,1,102,,82739,10,,,1,100,,82738,10,,,1,100,,82741,10,,,2,104,,82740,10,,,1,98,,82743,10,,,1,97,,82744,10,,,1
32901,'Semaine-1',1645,,85909,29,0,7 8,1
32901,'Semaine-12',1645,,85910,29,0,7 8,1
42901,'Semaine-1',1508,,86769,11,0,9 14,1
42901,'Semaine-12',1508,,86770,11,0,9 14,1
55401,'Semaine-1',1528,,86814,8,0,5 6,1
55401,'Semaine-12',1528,,86816,8,0,5 6,1
72901,'Semaine-1',814,,86875,15,0,5 11,2
72901,'Semaine-12',814,,86876,15,0,5 11,2
82901,'Semaine-1',748,,87138,3,0,9 12 13,1,1,,87139,3,0,9 12 13,1,1,,87140,3,0,9 12 13,2
82901,'Semaine-12',748,,87141,3,0,9 12 13,1,1,,87142,3,0,9 12 13,1,1,,87143,3,0,9 12 13,2
