2600,'Semaine-1',1611,,80019,33,,,1,32,,80018,33,,,1,68,,80017,33,,,2,30,,80020,33,,,1,67,,80021,33,,,2
2600,'Semaine-12',1611,,80024,33,,,1,32,,80023,33,,,1,68,,80022,33,,,2,30,,80025,33,,,1,67,,80026,33,,,2
32600,'Semaine-1',1637,,85903,22,0,7 8,1
32600,'Semaine-12',1637,,85904,22,0,7 8,1
42601,'Semaine-1',1512,,86763,10,0,9 14,1
42601,'Semaine-12',1512,,86764,10,0,9 14,1
72601,'Semaine-1',1528,,86871,13,,,1
72601,'Semaine-12',1528,,86872,13,,,1
72900,'Semaine-1',1647,,86873,31,0,5 11,2
72900,'Semaine-12',1647,,86874,31,0,5 11,2
82600,'Semaine-1',1538,,87121,14,0,9 12 13,1
82600,'Semaine-12',1538,,87123,14,0,9 12 13,1
