6400,'Samedi-0',751,,72444,30,,,1,100,,72446,30,,,1,100,,72449,30,,,1,100,,72447,30,,,1,100,,72450,30,,,1,100,,72445,30,,,1,100,,72448,30,,,1,100,,72451,30,,,1,99,,72452,30,,,1,100,,72453,30,,,1,100,,72454,30,,,1,100,,72455,30,,,1
6400,'Samedi-10',751,,72456,30,,,1,100,,72458,30,,,1,100,,72461,30,,,1,100,,72459,30,,,1,100,,72462,30,,,1,100,,72457,30,,,1,100,,72460,30,,,1,100,,72463,30,,,1,99,,72464,30,,,1,100,,72465,30,,,1,100,,72466,30,,,1,100,,72467,30,,,1
6400,'Samedi-11',751,,72468,30,,,1,100,,72470,30,,,1,100,,72473,30,,,1,100,,72471,30,,,1,100,,72474,30,,,1,100,,72469,30,,,1,100,,72472,30,,,1,100,,72475,30,,,1,99,,72476,30,,,1,100,,72477,30,,,1,100,,72478,30,,,1,100,,72479,30,,,1
6400,'Dimanche-0',751,,72481,30,,,1,100,,72482,30,,,1,100,,72487,30,,,1,100,,72485,30,,,1,100,,72480,30,,,1,100,,72483,30,,,1,100,,72484,30,,,1,100,,72488,30,,,1,99,,72486,30,,,1,100,,72490,30,,,1,100,,72491,30,,,1,100,,72489,30,,,1
6400,'Dimanche-10',751,,72493,30,,,1,100,,72494,30,,,1,100,,72499,30,,,1,100,,72497,30,,,1,100,,72492,30,,,1,100,,72495,30,,,1,100,,72496,30,,,1,100,,72500,30,,,1,99,,72498,30,,,1,100,,72502,30,,,1,100,,72503,30,,,1,100,,72501,30,,,1
6400,'Semaine-0',703,,72524,30,,,1,34,,72521,30,,,1,70,,72516,30,,,1,30,,72520,30,,,1,100,,72522,30,,,1,100,,72527,30,,,1,100,,72526,30,,,1,100,,72519,30,,,1,100,,72532,30,,,1,100,,72528,30,,,1,95,,72529,30,,,1,85,,72534,30,,,1,87,,72533,30,,,1,100,,72530,30,,,1,55,,72531,30,,,1,100,,72523,30,,,2,99,,72517,30,,,2,100,,72525,30,,,1,100,,72518,30,,,1
6400,'Semaine-10',703,,72543,30,,,1,34,,72540,30,,,1,70,,72535,30,,,1,30,,72539,30,,,1,100,,72541,30,,,1,100,,72546,30,,,1,100,,72545,30,,,1,100,,72538,30,,,1,100,,72551,30,,,1,100,,72547,30,,,1,95,,72548,30,,,1,85,,72553,30,,,1,87,,72552,30,,,1,100,,72549,30,,,1,55,,72550,30,,,1,100,,72542,30,,,2,99,,72536,30,,,2,100,,72544,30,,,1,100,,72537,30,,,1
6400,'Semaine-11',703,,72562,30,,,1,34,,72559,30,,,1,70,,72554,30,,,1,30,,72558,30,,,1,100,,72560,30,,,1,100,,72565,30,,,1,100,,72564,30,,,1,100,,72557,30,,,1,100,,72570,30,,,1,100,,72566,30,,,1,95,,72567,30,,,1,85,,72572,30,,,1,87,,72571,30,,,1,100,,72568,30,,,1,55,,72569,30,,,1,100,,72561,30,,,2,99,,72555,30,,,2,100,,72563,30,,,1,100,,72556,30,,,1
32500,'Semaine-0',1615,,77395,4,0,7 8,1
32500,'Semaine-10',1615,,77397,4,0,7 8,1
32500,'Semaine-11',1615,,77399,4,0,7 8,1
32600,'Semaine-0',1615,,77406,4,0,7 8,1
32600,'Semaine-10',1615,,77407,4,0,7 8,1
32600,'Semaine-11',1615,,77408,4,0,7 8,1
32901,'Semaine-0',1615,,77415,4,0,7 8,1
32901,'Semaine-10',1615,,77416,4,0,7 8,1
32901,'Semaine-11',1615,,77417,4,0,7 8,1
33101,'Semaine-0',1616,,77421,4,0,7 8,1
33101,'Semaine-10',1616,,77422,4,0,7 8,1
33101,'Semaine-11',1616,,77423,4,0,7 8,1
56601,'Semaine-0',705,,79320,32,0,5 6,1
56601,'Semaine-10',705,,79321,32,0,5 6,1
56601,'Semaine-11',705,,79322,32,0,5 6,1
