2501,'Semaine-1',600,,80009,13,,,2,29,,80008,13,,,1,30,,80006,13,,,1,70,,80007,13,,,2,71,,80010,13,,,1,29,,80005,13,,,2
2501,'Semaine-12',600,,80015,13,,,2,29,,80014,13,,,1,30,,80012,13,,,1,70,,80013,13,,,2,71,,80016,13,,,1,29,,80011,13,,,2
2801,'Semaine-1',642,,80062,9,,,1,74,,80063,9,,,2,99,,80061,9,,,2
2801,'Semaine-12',642,,80065,9,,,1,74,,80066,9,,,2,99,,80064,9,,,2
3901,'Samedi-1',633,,81789,39,,,1,101,,81791,39,,,1,100,,81795,39,,,1,101,,81794,39,,,1,100,,81797,39,,,1,100,,81796,39,,,1,102,,81792,39,,,1,70,,81790,39,,,1,30,,81798,39,,,1,71,,81793,39,,,1,30,,81799,39,,,1,70,,81800,39,,,1,31,,81801,39,,,1,70,,81802,39,,,1,30,,81803,39,,,1,70,,81804,39,,,1,30,,81805,39,,,1,69,,81806,39,,,1,29,,81807,39,,,1,69,,81808,39,,,1,100,,81809,39,,,1,100,,81810,39,,,1,100,,81811,39,,,1,100,,81812,39,,,1
3901,'Samedi-10',633,,69456,39,,,1,101,,69458,39,,,1,100,,69462,39,,,1,101,,69461,39,,,1,100,,69464,39,,,1,100,,69463,39,,,1,102,,69459,39,,,1,70,,69457,39,,,1,30,,69465,39,,,1,71,,69460,39,,,1,30,,69466,39,,,1,70,,69467,39,,,1,31,,69468,39,,,1,70,,69469,39,,,1,30,,69470,39,,,1,70,,69471,39,,,1,30,,69472,39,,,1,69,,69473,39,,,1,29,,69474,39,,,1,69,,69475,39,,,1,100,,69476,39,,,1,100,,69477,39,,,1,100,,69478,39,,,1,100,,69479,39,,,1
3901,'Dimanche-1',633,,81813,39,,,1,101,,81820,39,,,1,100,,81823,39,,,1,101,,81816,39,,,1,100,,81818,39,,,1,100,,81819,39,,,1,102,,81822,39,,,1,70,,81815,39,,,1,30,,81817,39,,,1,71,,81824,39,,,1,30,,81814,39,,,1,70,,81826,39,,,1,31,,81821,39,,,1,70,,81828,39,,,1,30,,81831,39,,,1,70,,81833,39,,,1,30,,81829,39,,,1,69,,81830,39,,,1,29,,81832,39,,,1,69,,81825,39,,,1,100,,81827,39,,,1,100,,81834,39,,,1,100,,81835,39,,,1,100,,81836,39,,,1
3901,'Semaine-1',658,,81859,39,,,1,68,,81848,39,,,1,77,,81849,39,,,1,33,,81845,39,,,1,70,,81851,39,,,1,30,,81853,39,,,2,70,,81860,39,,,1,30,,81871,39,,,1,70,,81866,39,,,2,30,,81861,39,,,1,70,,81846,39,,,1,32,,81855,39,,,1,70,,81862,39,,,1,29,,81847,39,,,2,70,,81844,39,,,1,34,,81863,39,,,1,71,,81856,39,,,1,32,,81837,39,,,1,71,,81864,39,,,2,31,,81842,39,,,1,69,,81839,39,,,1,29,,81867,39,,,1,67,,81852,39,,,1,32,,81858,39,,,2,69,,81843,39,,,2,31,,81865,39,,,1,65,,81838,39,,,2,26,,81868,39,,,1,70,,81841,39,,,1,30,,81857,39,,,1,72,,81869,39,,,1,30,,81840,39,,,1,72,,81850,39,,,1,28,,81870,39,,,1,70,,81854,39,,,1
3901,'Semaine-12',658,,81894,39,,,1,68,,81883,39,,,1,77,,81884,39,,,1,33,,81880,39,,,1,70,,81886,39,,,1,30,,81888,39,,,2,70,,81895,39,,,1,30,,81906,39,,,1,70,,81901,39,,,2,30,,81896,39,,,1,70,,81881,39,,,1,32,,81890,39,,,1,70,,81897,39,,,1,29,,81882,39,,,2,70,,81879,39,,,1,34,,81898,39,,,1,71,,81891,39,,,1,32,,81872,39,,,1,71,,81899,39,,,2,31,,81877,39,,,1,69,,81874,39,,,1,29,,81902,39,,,1,67,,81887,39,,,1,32,,81893,39,,,2,69,,81878,39,,,2,31,,81900,39,,,1,65,,81873,39,,,2,26,,81903,39,,,1,70,,81876,39,,,1,30,,81892,39,,,1,72,,81904,39,,,1,30,,81875,39,,,1,72,,81885,39,,,1,28,,81905,39,,,1,70,,81889,39,,,1
5001,'Semaine-1',1621,,82225,13,,,1,101,,82227,13,,,1,98,,82226,13,,,2
5001,'Semaine-12',1621,,82228,13,,,1,101,,82230,13,,,1,98,,82229,13,,,2
32501,'Semaine-1',815,,85899,13,0,7 8,1,3,,85900,13,0,7 8,1
32501,'Semaine-12',815,,85901,13,0,7 8,1,3,,85902,13,0,7 8,1
42500,'Semaine-1',702,,86753,13,0,9 14,1,2,,86754,13,0,9 14,2
42500,'Semaine-12',702,,86755,13,0,9 14,1,2,,86756,13,0,9 14,2
55001,'Semaine-1',1534,,86805,11,0,5 6,1
55001,'Semaine-12',1534,,86808,11,0,5 6,1
63901,'Semaine-1',704,,86835,14,0,9 10,1
63901,'Semaine-12',704,,86836,14,0,9 10,1
72501,'Semaine-1',810,,86869,13,0,5 11,2
72501,'Semaine-12',810,,86870,13,0,5 11,2
82501,'Semaine-1',743,,87116,13,0,9 12 13,1,1,,87117,13,0,9 12 13,1
82501,'Semaine-12',743,,87118,13,0,9 12 13,1,1,,87119,13,0,9 12 13,1
