4000,'Semaine-1',1527,,81911,18,,,1,30,,81907,18,,,2,75,,81910,18,,,1,27,,81909,18,,,1,68,,81908,18,,,1,29,,81912,18,,,1
4000,'Semaine-12',1527,,81917,18,,,1,30,,81913,18,,,2,75,,81916,18,,,1,27,,81915,18,,,1,68,,81914,18,,,1,29,,81918,18,,,1
4100,'Semaine-1',1538,,81932,18,,,1,71,,81934,18,,,1,35,,81933,18,,,2,64,,81931,18,,,1,29,,81935,18,,,1
4100,'Semaine-12',1538,,81937,18,,,1,71,,81939,18,,,1,35,,81938,18,,,2,64,,81936,18,,,1,29,,81940,18,,,1
4500,'Semaine-1',1512,,81964,18,,,1,35,,81959,18,,,1,70,,81960,18,,,1,32,,81962,18,,,1,67,,81963,18,,,1,27,,81961,18,,,2
4500,'Semaine-12',1512,,81970,18,,,1,35,,81965,18,,,1,70,,81966,18,,,1,32,,81968,18,,,1,67,,81969,18,,,1,27,,81967,18,,,2
4700,'Semaine-1',1534,,81983,18,,,1,103,,81984,18,,,1,96,,81985,18,,,2
4700,'Semaine-12',1534,,81986,18,,,1,103,,81987,18,,,1,96,,81988,18,,,2
5500,'Samedi-1',706,,82390,19,,,1,30,,82387,19,,,1,70,,82388,19,,,1,30,,82391,19,,,1,70,,82389,19,,,1,30,,82396,19,,,1,71,,82393,19,,,1,29,,82394,19,,,1,70,,82399,19,,,1,31,,82398,19,,,1,70,,82392,19,,,1,30,,82395,19,,,1,70,,82397,19,,,1,30,,82400,19,,,1,70,,82401,19,,,1,30,,82402,19,,,1,70,,82403,19,,,1,29,,82404,19,,,1,70,,82405,19,,,1,32,,82406,19,,,1,70,,82407,19,,,1,30,,82408,19,,,1,70,,82409,19,,,1,30,,82410,19,,,1,68,,82412,19,,,1,30,,82411,19,,,1,70,,82413,19,,,1,30,,82415,19,,,1,70,,82414,19,,,1,30,,82416,19,,,1,70,,82417,19,,,1,30,,82420,19,,,1,70,,82422,19,,,1,30,,82419,19,,,1,70,,82418,19,,,1,28,,82421,19,,,1
5500,'Samedi-10',706,,70650,19,,,1,30,,70647,19,,,1,70,,70648,19,,,1,30,,70651,19,,,1,70,,70649,19,,,1,30,,70656,19,,,1,71,,70653,19,,,1,29,,70654,19,,,1,70,,70659,19,,,1,31,,70658,19,,,1,70,,70652,19,,,1,30,,70655,19,,,1,70,,70657,19,,,1,30,,70660,19,,,1,70,,70661,19,,,1,30,,70662,19,,,1,70,,70663,19,,,1,29,,70664,19,,,1,70,,70665,19,,,1,32,,70666,19,,,1,70,,70667,19,,,1,30,,70668,19,,,1,70,,70669,19,,,1,30,,70670,19,,,1,68,,70672,19,,,1,30,,70671,19,,,1,70,,70673,19,,,1,30,,70675,19,,,1,70,,70674,19,,,1,30,,70676,19,,,1,70,,70677,19,,,1,30,,70680,19,,,1,70,,70682,19,,,1,30,,70679,19,,,1,70,,70678,19,,,1,28,,70681,19,,,1
5500,'Dimanche-1',706,,82427,19,,,1,30,,82432,19,,,1,70,,82424,19,,,1,30,,82429,19,,,1,70,,82426,19,,,1,30,,82423,19,,,1,71,,82434,19,,,1,29,,82428,19,,,1,70,,82425,19,,,1,31,,82437,19,,,1,70,,82433,19,,,1,30,,82438,19,,,1,70,,82431,19,,,1,30,,82430,19,,,1,70,,82436,19,,,1,30,,82441,19,,,1,70,,82435,19,,,1,29,,82440,19,,,1,70,,82443,19,,,1,32,,82447,19,,,1,70,,82442,19,,,1,30,,82448,19,,,1,70,,82439,19,,,1,30,,82445,19,,,1,68,,82446,19,,,1,30,,82449,19,,,1,70,,82444,19,,,1,30,,82450,19,,,1,70,,82452,19,,,1,30,,82451,19,,,1,70,,82453,19,,,1,30,,82455,19,,,1,70,,82456,19,,,1,30,,82454,19,,,1,70,,82457,19,,,1,28,,82458,19,,,1
5500,'Semaine-1',638,,82461,19,,,1,103,,82477,19,,,1,69,,82460,19,,,1,97,,82496,19,,,1,28,,82497,19,,,1,69,,82466,19,,,1,30,,82476,19,,,1,70,,82480,19,,,1,31,,82502,19,,,1,71,,82462,19,,,1,30,,82501,19,,,1,69,,82479,19,,,1,30,,82494,19,,,1,70,,82488,19,,,1,23,,82495,19,,,1,16,,82481,19,,,1,14,,82459,19,,,1,57,,82500,19,,,1,17,,82470,19,,,1,15,,82503,19,,,1,53,,82491,19,,,1,10,,82463,19,,,1,13,,82474,19,,,1,18,,82506,19,,,1,9,,82499,19,,,1,51,,82465,19,,,1,11,,82482,19,,,1,10,,82475,19,,,1,11,,82504,19,,,1,12,,82489,19,,,1,8,,82469,19,,,1,52,,82464,19,,,1,10,,82505,19,,,1,11,,82473,19,,,1,12,,82468,19,,,1,10,,82478,19,,,1,70,,82493,19,,,1,29,,82498,19,,,1,70,,82485,19,,,1,30,,82471,19,,,1,70,,82492,19,,,1,29,,82483,19,,,1,70,,82486,19,,,1,30,,82472,19,,,1,70,,82487,19,,,1,30,,82484,19,,,1,69,,82467,19,,,1,30,,82490,19,,,1
5500,'Semaine-12',638,,82509,19,,,1,103,,82525,19,,,1,69,,82508,19,,,1,97,,82544,19,,,1,28,,82545,19,,,1,69,,82514,19,,,1,30,,82524,19,,,1,70,,82528,19,,,1,31,,82550,19,,,1,71,,82510,19,,,1,30,,82549,19,,,1,69,,82527,19,,,1,30,,82542,19,,,1,70,,82536,19,,,1,23,,82543,19,,,1,16,,82529,19,,,1,14,,82507,19,,,1,57,,82548,19,,,1,17,,82518,19,,,1,15,,82551,19,,,1,53,,82539,19,,,1,10,,82511,19,,,1,13,,82522,19,,,1,18,,82554,19,,,1,9,,82547,19,,,1,51,,82513,19,,,1,11,,82530,19,,,1,10,,82523,19,,,1,11,,82552,19,,,1,12,,82537,19,,,1,8,,82517,19,,,1,52,,82512,19,,,1,10,,82553,19,,,1,11,,82521,19,,,1,12,,82516,19,,,1,10,,82526,19,,,1,70,,82541,19,,,1,29,,82546,19,,,1,70,,82533,19,,,1,30,,82519,19,,,1,70,,82540,19,,,1,29,,82531,19,,,1,70,,82534,19,,,1,30,,82520,19,,,1,70,,82535,19,,,1,30,,82532,19,,,1,69,,82515,19,,,1,30,,82538,19,,,1
5601,'Semaine-1',1229,,82735,21,,,1,103,,82732,21,,,1,100,,82731,21,,,1,101,,82734,21,,,2,104,,82733,21,,,1,97,,82736,21,,,1,96,,82737,21,,,1
5601,'Semaine-12',1229,,82742,21,,,1,103,,82739,21,,,1,100,,82738,21,,,1,101,,82741,21,,,2,104,,82740,21,,,1,97,,82743,21,,,1,96,,82744,21,,,1
5900,'Samedi-1',721,,82779,19,,,1,30,,82782,19,,,1,70,,82775,19,,,1,30,,82781,19,,,1,70,,82778,19,,,1,30,,82783,19,,,1,70,,82787,19,,,1,30,,82788,19,,,1,70,,82777,19,,,1,30,,82776,19,,,1,71,,82786,19,,,1,30,,82780,19,,,1,70,,82784,19,,,1,30,,82789,19,,,1,70,,82785,19,,,1,30,,82790,19,,,1,70,,82791,19,,,1,29,,82792,19,,,1,70,,82793,19,,,1,32,,82794,19,,,1,69,,82795,19,,,1,30,,82796,19,,,1,69,,82797,19,,,1,30,,82798,19,,,1,70,,82799,19,,,1,30,,82801,19,,,1,70,,82800,19,,,1,30,,82803,19,,,1,70,,82802,19,,,1,29,,82804,19,,,1,71,,82805,19,,,1,30,,82807,19,,,1,70,,82806,19,,,1,30,,82808,19,,,1
5900,'Samedi-10',721,,71438,19,,,1,30,,71441,19,,,1,70,,71434,19,,,1,30,,71440,19,,,1,70,,71437,19,,,1,30,,71442,19,,,1,70,,71446,19,,,1,30,,71447,19,,,1,70,,71436,19,,,1,30,,71435,19,,,1,71,,71445,19,,,1,30,,71439,19,,,1,70,,71443,19,,,1,30,,71448,19,,,1,70,,71444,19,,,1,30,,71449,19,,,1,70,,71450,19,,,1,29,,71451,19,,,1,70,,71452,19,,,1,32,,71453,19,,,1,69,,71454,19,,,1,30,,71455,19,,,1,69,,71456,19,,,1,30,,71457,19,,,1,70,,71458,19,,,1,30,,71460,19,,,1,70,,71459,19,,,1,30,,71462,19,,,1,70,,71461,19,,,1,29,,71463,19,,,1,71,,71464,19,,,1,30,,71466,19,,,1,70,,71465,19,,,1,30,,71467,19,,,1
5900,'Dimanche-1',721,,82814,19,,,1,30,,82813,19,,,1,70,,82809,19,,,1,30,,82818,19,,,1,70,,82824,19,,,1,30,,82815,19,,,1,70,,82822,19,,,1,30,,82817,19,,,1,70,,82823,19,,,1,30,,82810,19,,,1,71,,82821,19,,,1,30,,82811,19,,,1,70,,82819,19,,,1,30,,82825,19,,,1,70,,82812,19,,,1,30,,82816,19,,,1,70,,82820,19,,,1,29,,82829,19,,,1,70,,82830,19,,,1,32,,82827,19,,,1,69,,82832,19,,,1,30,,82828,19,,,1,69,,82834,19,,,1,30,,82826,19,,,1,70,,82831,19,,,1,30,,82835,19,,,1,70,,82833,19,,,1,30,,82836,19,,,1,70,,82837,19,,,1,29,,82838,19,,,1,71,,82839,19,,,1,30,,82841,19,,,1,70,,82840,19,,,1,30,,82842,19,,,1
5900,'Semaine-1',607,,82850,19,,,1,97,,82885,19,,,1,47,,82890,19,,,1,88,,82866,19,,,1,84,,82862,19,,,1,28,,82883,19,,,1,70,,82859,19,,,1,30,,82882,19,,,1,70,,82873,19,,,1,30,,82867,19,,,1,71,,82875,19,,,1,30,,82858,19,,,1,70,,82886,19,,,1,30,,82849,19,,,1,70,,82880,19,,,1,14,,82851,19,,,1,18,,82884,19,,,1,71,,82844,19,,,1,14,,82888,19,,,1,15,,82843,19,,,1,48,,82878,19,,,1,17,,82874,19,,,1,7,,82887,14,,,1,6,,82861,19,,,1,13,,82845,19,,,1,6,,82889,14,,,1,6,,82846,19,,,1,52,,82854,19,,,1,9,,82881,19,,,1,12,,82870,19,,,1,11,,82857,19,,,1,9,,82879,19,,,1,52,,82865,19,,,1,12,,82877,19,,,1,9,,82847,19,,,1,10,,82852,19,,,1,71,,82872,19,,,1,30,,82863,19,,,1,70,,82868,19,,,1,29,,82856,19,,,1,70,,82864,19,,,1,30,,82869,19,,,1,70,,82876,19,,,1,30,,82853,19,,,1,70,,82871,19,,,1,29,,82860,19,,,1,70,,82848,19,,,1,29,,82855,19,,,1
5900,'Semaine-12',607,,82898,19,,,1,97,,82933,19,,,1,47,,82938,19,,,1,88,,82914,19,,,1,84,,82910,19,,,1,28,,82931,19,,,1,70,,82907,19,,,1,30,,82930,19,,,1,70,,82921,19,,,1,30,,82915,19,,,1,71,,82923,19,,,1,30,,82906,19,,,1,70,,82934,19,,,1,30,,82897,19,,,1,70,,82928,19,,,1,14,,82899,19,,,1,18,,82932,19,,,1,71,,82892,19,,,1,14,,82936,19,,,1,15,,82891,19,,,1,48,,82926,19,,,1,17,,82922,19,,,1,7,,82935,14,,,1,6,,82909,19,,,1,13,,82893,19,,,1,6,,82937,14,,,1,6,,82894,19,,,1,52,,82902,19,,,1,9,,82929,19,,,1,12,,82918,19,,,1,11,,82905,19,,,1,9,,82927,19,,,1,52,,82913,19,,,1,12,,82925,19,,,1,9,,82895,19,,,1,10,,82900,19,,,1,71,,82920,19,,,1,30,,82911,19,,,1,70,,82916,19,,,1,29,,82904,19,,,1,70,,82912,19,,,1,30,,82917,19,,,1,70,,82924,19,,,1,30,,82901,19,,,1,70,,82919,19,,,1,29,,82908,19,,,1,70,,82896,19,,,1,29,,82903,19,,,1
55401,'Semaine-1',1537,,86814,19,0,5 6,1
55401,'Semaine-12',1537,,86816,19,0,5 6,1
65500,'Semaine-1',720,,86863,12,0,9 10,1
65500,'Semaine-12',720,,86864,12,0,9 10,1
74000,'Semaine-1',1629,,86880,15,0,5 11,1
74000,'Semaine-12',1629,,86882,15,0,5 11,1
80001,'Samedi-1',629,,87007,21,,,1,101,,87009,21,,,1,101,,87010,21,,,1,100,,87013,21,,,1,100,,87008,21,,,1,100,,87011,21,,,1,102,,87014,21,,,1,100,,87012,21,,,1,100,,87015,21,,,1,100,,87016,21,,,1,100,,87017,21,,,2,102,,87018,21,,,1,97,,87021,21,,,1,99,,87019,21,,,1,100,,87020,21,,,1,100,,87022,21,,,1,99,,87023,21,,,1
80001,'Samedi-10',629,,79670,21,,,1,101,,79672,21,,,1,101,,79673,21,,,1,100,,79676,21,,,1,100,,79671,21,,,1,100,,79674,21,,,1,102,,79677,21,,,1,100,,79675,21,,,1,100,,79678,21,,,1,100,,79679,21,,,1,100,,79680,21,,,2,102,,79681,21,,,1,97,,79684,21,,,1,99,,79682,21,,,1,100,,79683,21,,,1,100,,79685,21,,,1,99,,79686,21,,,1
80001,'Dimanche-1',629,,87024,21,,,1,101,,87026,21,,,1,101,,87028,21,,,1,100,,87025,21,,,1,100,,87027,21,,,1,100,,87029,21,,,1,102,,87030,21,,,1,100,,87031,21,,,1,100,,87034,21,,,1,100,,87032,21,,,1,100,,87033,21,,,2,102,,87036,21,,,1,97,,87037,21,,,1,99,,87035,21,,,1,100,,87038,21,,,1,100,,87039,21,,,1,99,,87040,21,,,1
80001,'Semaine-1',621,,87062,21,,,1,28,,87055,21,,,1,72,,87063,21,,,1,30,,87047,21,,,1,75,,87045,21,,,1,28,,87052,21,,,1,66,,87058,21,,,1,30,,87070,21,,,1,70,,87061,21,,,2,30,,87053,21,,,1,70,,87067,21,,,1,30,,87041,21,,,1,70,,87075,21,,,1,29,,87073,21,,,1,74,,87043,21,,,1,30,,87066,21,,,1,70,,87057,21,,,1,30,,87064,21,,,1,73,,87074,21,,,1,29,,87059,21,,,1,57,,87069,21,,,1,22,,87071,21,,,1,24,,87068,21,,,1,67,,87060,21,,,1,30,,87050,21,,,1,68,,87048,21,,,1,28,,87042,21,,,1,69,,87072,21,,,1,32,,87054,21,,,1,67,,87051,21,,,1,30,,87056,21,,,1,69,,87044,21,,,1,30,,87065,21,,,1,74,,87046,21,,,1,31,,87049,21,,,1
80001,'Semaine-12',621,,87097,21,,,1,28,,87090,21,,,1,72,,87098,21,,,1,30,,87082,21,,,1,75,,87080,21,,,1,28,,87087,21,,,1,66,,87093,21,,,1,30,,87105,21,,,1,70,,87096,21,,,2,30,,87088,21,,,1,70,,87102,21,,,1,30,,87076,21,,,1,70,,87110,21,,,1,29,,87108,21,,,1,74,,87078,21,,,1,30,,87101,21,,,1,70,,87092,21,,,1,30,,87099,21,,,1,73,,87109,21,,,1,29,,87094,21,,,1,57,,87104,21,,,1,22,,87106,21,,,1,24,,87103,21,,,1,67,,87095,21,,,1,30,,87085,21,,,1,68,,87083,21,,,1,28,,87077,21,,,1,69,,87107,21,,,1,32,,87089,21,,,1,67,,87086,21,,,1,30,,87091,21,,,1,69,,87079,21,,,1,30,,87100,21,,,1,74,,87081,21,,,1,31,,87084,21,,,1
