2000,'Semaine-1',652,,79961,21,,,1,151,,79960,21,,,1,97,,79959,21,,,1
2000,'Semaine-12',652,,79964,21,,,1,151,,79963,21,,,1,97,,79962,21,,,1
2700,'Semaine-1',1609,,80039,23,,,1,30,,80037,23,,,2,67,,80041,23,,,1,30,,80038,23,,,2,69,,80040,23,,,2
2700,'Semaine-12',1609,,80044,23,,,1,30,,80042,23,,,2,67,,80046,23,,,1,30,,80043,23,,,2,69,,80045,23,,,2
3900,'Samedi-1',714,,81669,52,,,1,101,,81670,52,,,1,100,,81674,52,,,1,102,,81673,52,,,1,100,,81676,52,,,1,98,,81675,52,,,1,104,,81671,52,,,1,30,,81672,52,,,1,70,,81677,52,,,1,31,,81678,52,,,1,70,,81679,52,,,1,30,,81680,52,,,1,71,,81681,52,,,1,30,,81682,52,,,1,70,,81683,52,,,1,30,,81684,52,,,1,66,,81685,52,,,1,29,,81686,52,,,1,69,,81687,52,,,1,31,,81688,52,,,1,100,,81689,52,,,1,100,,81690,52,,,1,100,,81691,52,,,1,97,,81692,52,,,1
3900,'Samedi-10',714,,69204,52,,,1,101,,69205,52,,,1,100,,69209,52,,,1,102,,69208,52,,,1,100,,69211,52,,,1,98,,69210,52,,,1,104,,69206,52,,,1,30,,69207,52,,,1,70,,69212,52,,,1,31,,69213,52,,,1,70,,69214,52,,,1,30,,69215,52,,,1,71,,69216,52,,,1,30,,69217,52,,,1,70,,69218,52,,,1,30,,69219,52,,,1,66,,69220,52,,,1,29,,69221,52,,,1,69,,69222,52,,,1,31,,69223,52,,,1,100,,69224,52,,,1,100,,69225,52,,,1,100,,69226,52,,,1,97,,69227,52,,,1
3900,'Dimanche-1',714,,81693,52,,,1,101,,81700,52,,,1,100,,81703,52,,,1,102,,81696,52,,,1,100,,81698,52,,,1,98,,81699,52,,,1,104,,81702,52,,,1,30,,81695,52,,,1,70,,81697,52,,,1,31,,81704,52,,,1,70,,81694,52,,,1,30,,81705,52,,,1,71,,81701,52,,,1,30,,81708,52,,,1,70,,81711,52,,,1,30,,81713,52,,,1,66,,81707,52,,,1,29,,81710,52,,,1,69,,81712,52,,,1,31,,81706,52,,,1,100,,81709,52,,,1,100,,81714,52,,,1,100,,81715,52,,,1,97,,81716,52,,,1
3900,'Semaine-1',653,,81734,52,,,1,64,,81720,52,,,1,36,,81739,52,,,1,69,,81732,52,,,1,31,,81733,52,,,1,68,,81731,52,,,1,32,,81728,52,,,1,70,,81745,52,,,2,30,,81740,52,,,1,71,,81752,52,,,1,30,,81737,52,,,2,70,,81741,52,,,1,30,,81729,52,,,1,71,,81727,52,,,1,30,,81742,52,,,1,69,,81730,52,,,2,30,,81717,52,,,1,76,,81743,52,,,1,72,,81724,52,,,1,30,,81726,52,,,1,71,,81744,52,,,2,32,,81723,52,,,1,68,,81718,52,,,1,29,,81746,52,,,1,24,,81725,52,,,1,71,,81719,52,,,2,29,,81747,52,,,2,72,,81722,52,,,1,25,,81738,52,,,2,66,,81748,52,,,1,30,,81721,52,,,1,70,,81736,52,,,1,29,,81749,52,,,1,70,,81735,52,,,1,32,,81751,52,,,1,67,,81750,52,,,1
3900,'Semaine-12',653,,81770,52,,,1,64,,81756,52,,,1,36,,81775,52,,,1,69,,81768,52,,,1,31,,81769,52,,,1,68,,81767,52,,,1,32,,81764,52,,,1,70,,81781,52,,,2,30,,81776,52,,,1,71,,81788,52,,,1,30,,81773,52,,,2,70,,81777,52,,,1,30,,81765,52,,,1,71,,81763,52,,,1,30,,81778,52,,,1,69,,81766,52,,,2,30,,81753,52,,,1,76,,81779,52,,,1,72,,81760,52,,,1,30,,81762,52,,,1,71,,81780,52,,,2,32,,81759,52,,,1,68,,81754,52,,,1,29,,81782,52,,,1,24,,81761,52,,,1,71,,81755,52,,,2,29,,81783,52,,,2,72,,81758,52,,,1,25,,81774,52,,,2,66,,81784,52,,,1,30,,81757,52,,,1,70,,81772,52,,,1,29,,81785,52,,,1,70,,81771,52,,,1,32,,81787,52,,,1,67,,81786,52,,,1
6801,'Semaine-1',624,,84171,11,,,1,20,,84184,11,,,1,58,,84155,11,,,1,19,,84168,11,,,1,6,,84182,11,,,1,6,,84162,11,,,1,6,,84167,11,,,1,62,,84173,11,,,1,18,,84185,11,,,1,20,,84161,11,,,1,20,,84180,11,,,1,59,,84178,11,,,1,20,,84183,11,,,1,68,,84156,11,,,1,31,,84176,11,,,1,70,,84157,11,,,1,30,,84159,11,,,1,70,,84179,11,,,1,30,,84163,11,,,1,70,,84181,11,,,1,32,,84175,11,,,1,70,,84164,11,,,1,30,,84174,11,,,1,69,,84165,11,,,1,34,,84160,11,,,1,71,,84158,11,,,1,26,,84172,11,,,1,70,,84166,11,,,1,28,,84177,11,,,1,70,,84170,11,,,1,30,,84169,11,,,1
6801,'Semaine-12',624,,84202,11,,,1,20,,84215,11,,,1,58,,84186,11,,,1,19,,84199,11,,,1,6,,84213,11,,,1,6,,84193,11,,,1,6,,84198,11,,,1,62,,84204,11,,,1,18,,84216,11,,,1,20,,84192,11,,,1,20,,84211,11,,,1,59,,84209,11,,,1,20,,84214,11,,,1,68,,84187,11,,,1,31,,84207,11,,,1,70,,84188,11,,,1,30,,84190,11,,,1,70,,84210,11,,,1,30,,84194,11,,,1,70,,84212,11,,,1,32,,84206,11,,,1,70,,84195,11,,,1,30,,84205,11,,,1,69,,84196,11,,,1,34,,84191,11,,,1,71,,84189,11,,,1,26,,84203,11,,,1,70,,84197,11,,,1,28,,84208,11,,,1,70,,84201,11,,,1,30,,84200,11,,,1
82700,'Semaine-1',1531,,87128,13,0,9 12 13,2
82700,'Semaine-12',1531,,87129,13,0,9 12 13,2
