6501,'Samedi-0',747,,72906,16,,,1,100,,72904,16,,,1,100,,72903,16,,,1,100,,72901,16,,,1,100,,72900,16,,,1,100,,72902,16,,,1,100,,72905,16,,,1,100,,72907,16,,,1,100,,72908,16,,,1,100,,72909,16,,,1,100,,72910,16,,,1,100,,72914,16,,,1,100,,72911,16,,,1,100,,72912,16,,,1,100,,72913,16,,,1,100,,72915,16,,,1,100,,72916,16,,,1
6501,'Samedi-10',747,,72923,16,,,1,100,,72921,16,,,1,100,,72920,16,,,1,100,,72918,16,,,1,100,,72917,16,,,1,100,,72919,16,,,1,100,,72922,16,,,1,100,,72924,16,,,1,100,,72925,16,,,1,100,,72926,16,,,1,100,,72927,16,,,1,100,,72931,16,,,1,100,,72928,16,,,1,100,,72929,16,,,1,100,,72930,16,,,1,100,,72932,16,,,1,100,,72933,16,,,1
6501,'Samedi-11',747,,72940,16,,,1,100,,72938,16,,,1,100,,72937,16,,,1,100,,72935,16,,,1,100,,72934,16,,,1,100,,72936,16,,,1,100,,72939,16,,,1,100,,72941,16,,,1,100,,72942,16,,,1,100,,72943,16,,,1,100,,72944,16,,,1,100,,72948,16,,,1,100,,72945,16,,,1,100,,72946,16,,,1,100,,72947,16,,,1,100,,72949,16,,,1,100,,72950,16,,,1
6501,'Dimanche-0',747,,72954,16,,,1,100,,72955,16,,,1,100,,72951,16,,,1,100,,72952,16,,,1,100,,72953,16,,,1,100,,72956,16,,,1,100,,72958,16,,,1,100,,72957,16,,,1,100,,72962,16,,,1,100,,72959,16,,,1,100,,72961,16,,,1,100,,72963,16,,,1,100,,72960,16,,,1,100,,72964,16,,,1,100,,72965,16,,,1,100,,72966,16,,,1,100,,72967,16,,,1
6501,'Dimanche-10',747,,72971,16,,,1,100,,72972,16,,,1,100,,72968,16,,,1,100,,72969,16,,,1,100,,72970,16,,,1,100,,72973,16,,,1,100,,72975,16,,,1,100,,72974,16,,,1,100,,72979,16,,,1,100,,72976,16,,,1,100,,72978,16,,,1,100,,72980,16,,,1,100,,72977,16,,,1,100,,72981,16,,,1,100,,72982,16,,,1,100,,72983,16,,,1,100,,72984,16,,,1
6501,'Semaine-0',543,,73014,16,,,1,70,,73027,16,,,1,32,,73031,16,,,1,60,,73016,16,,,1,19,,73017,16,,,1,21,,73030,16,,,1,62,,73015,16,,,2,19,,73013,16,,,1,19,,73024,16,,,2,60,,73003,16,,,2,20,,73019,16,,,1,26,,73010,16,,,1,70,,73012,16,,,1,100,,73020,16,,,1,102,,73007,16,,,1,100,,73022,16,,,1,100,,73004,16,,,1,100,,73008,16,,,1,33,,73021,16,,,2,61,,73006,16,,,1,14,,73028,16,,,2,22,,73025,16,,,1,60,,73009,16,,,2,14,,73002,16,,,1,20,,73023,16,,,2,60,,73026,16,,,2,18,,73011,16,,,1,20,,73005,16,,,2,60,,73033,16,,,2,97,,73029,16,,,1,100,,73032,16,,,1,100,,73034,16,,,1,100,,73018,16,,,1
6501,'Semaine-10',543,,73047,16,,,1,70,,73060,16,,,1,32,,73064,16,,,1,60,,73049,16,,,1,19,,73050,16,,,1,21,,73063,16,,,1,62,,73048,16,,,2,19,,73046,16,,,1,19,,73057,16,,,2,60,,73036,16,,,2,20,,73052,16,,,1,26,,73043,16,,,1,70,,73045,16,,,1,100,,73053,16,,,1,102,,73040,16,,,1,100,,73055,16,,,1,100,,73037,16,,,1,100,,73041,16,,,1,33,,73054,16,,,2,61,,73039,16,,,1,14,,73061,16,,,2,22,,73058,16,,,1,60,,73042,16,,,2,14,,73035,16,,,1,20,,73056,16,,,2,60,,73059,16,,,2,18,,73044,16,,,1,20,,73038,16,,,2,60,,73066,16,,,2,97,,73062,16,,,1,100,,73065,16,,,1,100,,73067,16,,,1,100,,73051,16,,,1
6501,'Semaine-11',543,,73080,16,,,1,70,,73093,16,,,1,32,,73097,16,,,1,60,,73082,16,,,1,19,,73083,16,,,1,21,,73096,16,,,1,62,,73081,16,,,2,19,,73079,16,,,1,19,,73090,16,,,2,60,,73069,16,,,2,20,,73085,16,,,1,26,,73076,16,,,1,70,,73078,16,,,1,100,,73086,16,,,1,102,,73073,16,,,1,100,,73088,16,,,1,100,,73070,16,,,1,100,,73074,16,,,1,33,,73087,16,,,2,61,,73072,16,,,1,14,,73094,16,,,2,22,,73091,16,,,1,60,,73075,16,,,2,14,,73068,16,,,1,20,,73089,16,,,2,60,,73092,16,,,2,18,,73077,16,,,1,20,,73071,16,,,2,60,,73099,16,,,2,97,,73095,16,,,1,100,,73098,16,,,1,100,,73100,16,,,1,100,,73084,16,,,1
8501,'Semaine-0',530,,76599,12,,,1,29,,76601,12,,,1,64,,76604,12,,,1,15,,76603,12,,,1,16,,76608,12,,,1,54,,76600,12,,,2,16,,76606,12,,,1,16,,76602,12,,,2,14,,76607,12,,,1,60,,76605,12,,,1
8501,'Semaine-10',530,,76609,12,,,1,29,,76611,12,,,1,64,,76614,12,,,1,15,,76613,12,,,1,16,,76618,12,,,1,54,,76610,12,,,2,16,,76616,12,,,1,16,,76612,12,,,2,14,,76617,12,,,1,60,,76615,12,,,1
8501,'Semaine-11',530,,76619,12,,,1,29,,76621,12,,,1,64,,76624,12,,,1,15,,76623,12,,,1,16,,76628,12,,,1,54,,76620,12,,,2,16,,76626,12,,,1,16,,76622,12,,,2,14,,76627,12,,,1,60,,76625,12,,,1
57101,'Semaine-0',702,,79332,36,0,5 6,2
57101,'Semaine-10',702,,79333,36,0,5 6,2
57101,'Semaine-11',702,,79334,36,0,5 6,2
