3601,'Semaine-1',853,,81179,23,,,1,90,,81177,23,,,1,100,,81180,23,,,1,100,,81178,23,,,1,100,,81183,23,,,1,100,,81182,23,,,1,100,,81181,23,,,1
3601,'Semaine-12',853,,81186,23,,,1,90,,81184,23,,,1,100,,81187,23,,,1,100,,81185,23,,,1,100,,81190,23,,,1,100,,81189,23,,,1,100,,81188,23,,,1
4800,'Semaine-1',1720,,81997,11,,,1
4800,'Semaine-12',1720,,81998,11,,,1
32500,'Semaine-1',1626,,85896,16,0,7 8,1
32500,'Semaine-12',1626,,85898,16,0,7 8,1
32600,'Semaine-1',1626,,85903,16,0,7 8,1
32600,'Semaine-12',1626,,85904,16,0,7 8,1
56901,'Semaine-1',727,,86823,33,0,5 6,1
56901,'Semaine-12',727,,86824,33,0,5 6,1
57101,'Semaine-1',725,,86827,56,0,5 6,2
57101,'Semaine-12',725,,86828,56,0,5 6,2
57601,'Semaine-1',735,,86831,32,0,5 6,1
57601,'Semaine-12',735,,86832,32,0,5 6,1
