2301,'Semaine-1',614,,79986,6,,,1,30,,79983,6,,,2,70,,79987,6,,,1,34,,79985,6,,,2,67,,79984,6,,,1
2301,'Semaine-12',614,,79991,6,,,1,30,,79988,6,,,2,70,,79992,6,,,1,34,,79990,6,,,2,67,,79989,6,,,1
3201,'Semaine-1',511,,80478,9,,,1,20,,80477,9,,,1,20,,80469,9,,,1,61,,80479,9,,,2,10,,80459,9,,,1,8,,80480,9,,,1,11,,80460,9,,,1,10,,80461,9,,,1,8,,80453,9,,,1,49,,80456,9,,,1,8,,80482,9,,,1,8,,80462,9,,,1,8,,80457,9,,,1,9,,80470,9,,,1,8,,80452,9,,,1,7,,80463,9,,,1,48,,80481,9,,,2,8,,80451,9,,,1,10,,80450,9,,,1,10,,80455,9,,,1,10,,80458,9,,,1,10,,80464,9,,,1,62,,80438,9,,,2,30,,80448,9,,,1,70,,80441,9,,,1,30,,80444,9,,,1,70,,80437,9,,,1,30,,80447,9,,,1,70,,80442,9,,,1,30,,80449,9,,,1,70,,80431,9,,,1,30,,80436,9,,,1,70,,80443,9,,,1,30,,80454,9,,,1,70,,80471,9,,,1,30,,80472,9,,,2,70,,80473,9,,,1,30,,80474,9,,,1,70,,80475,9,,,2,30,,80476,9,,,1,70,,80434,9,,,1,30,,80432,9,,,2,70,,80445,9,,,2,30,,80440,9,,,1,69,,80435,9,,,1,31,,80433,9,,,2,70,,80446,9,,,1,30,,80439,9,,,1,68,,80466,9,,,1,32,,80465,9,,,1,70,,80467,9,,,1,30,,80468,9,,,1
3201,'Semaine-12',511,,80530,9,,,1,20,,80529,9,,,1,20,,80521,9,,,1,61,,80531,9,,,2,10,,80511,9,,,1,8,,80532,9,,,1,11,,80512,9,,,1,10,,80513,9,,,1,8,,80505,9,,,1,49,,80508,9,,,1,8,,80534,9,,,1,8,,80514,9,,,1,8,,80509,9,,,1,9,,80522,9,,,1,8,,80504,9,,,1,7,,80515,9,,,1,48,,80533,9,,,2,8,,80503,9,,,1,10,,80502,9,,,1,10,,80507,9,,,1,10,,80510,9,,,1,10,,80516,9,,,1,62,,80490,9,,,2,30,,80500,9,,,1,70,,80493,9,,,1,30,,80496,9,,,1,70,,80489,9,,,1,30,,80499,9,,,1,70,,80494,9,,,1,30,,80501,9,,,1,70,,80483,9,,,1,30,,80488,9,,,1,70,,80495,9,,,1,30,,80506,9,,,1,70,,80523,9,,,1,30,,80524,9,,,2,70,,80525,9,,,1,30,,80526,9,,,1,70,,80527,9,,,2,30,,80528,9,,,1,70,,80486,9,,,1,30,,80484,9,,,2,70,,80497,9,,,2,30,,80492,9,,,1,69,,80487,9,,,1,31,,80485,9,,,2,70,,80498,9,,,1,30,,80491,9,,,1,68,,80518,9,,,1,32,,80517,9,,,1,70,,80519,9,,,1,30,,80520,9,,,1
3401,'Samedi-1',653,,80905,16,,,1,100,,80908,16,,,1,70,,80917,16,,,1,30,,80906,16,,,1,71,,80911,16,,,1,30,,80913,16,,,1,69,,80907,16,,,1,30,,80916,16,,,1,72,,80909,16,,,1,29,,80918,16,,,1,70,,80910,16,,,1,30,,80912,16,,,1,70,,80914,16,,,1,30,,80915,16,,,1,70,,80919,16,,,1,31,,80920,16,,,1,70,,80921,16,,,1,30,,80922,16,,,1,70,,80923,16,,,1,30,,80924,16,,,1,70,,80925,16,,,1,30,,80926,16,,,1,70,,80927,16,,,1,30,,80929,16,,,1,68,,80928,16,,,1,30,,80930,16,,,1,70,,80931,16,,,1,30,,80932,16,,,1,70,,80934,16,,,1,30,,80933,16,,,1,70,,80935,16,,,1,99,,80936,16,,,1
3401,'Samedi-10',653,,67667,16,,,1,100,,67670,16,,,1,70,,67679,16,,,1,30,,67668,16,,,1,71,,67673,16,,,1,30,,67675,16,,,1,69,,67669,16,,,1,30,,67678,16,,,1,72,,67671,16,,,1,29,,67680,16,,,1,70,,67672,16,,,1,30,,67674,16,,,1,70,,67676,16,,,1,30,,67677,16,,,1,70,,67681,16,,,1,31,,67682,16,,,1,70,,67683,16,,,1,30,,67684,16,,,1,70,,67685,16,,,1,30,,67686,16,,,1,70,,67687,16,,,1,30,,67688,16,,,1,70,,67689,16,,,1,30,,67691,16,,,1,68,,67690,16,,,1,30,,67692,16,,,1,70,,67693,16,,,1,30,,67694,16,,,1,70,,67696,16,,,1,30,,67695,16,,,1,70,,67697,16,,,1,99,,67698,16,,,1
3401,'Dimanche-1',653,,80937,16,,,1,100,,80945,16,,,1,70,,80950,16,,,1,30,,80942,16,,,1,71,,80940,16,,,1,30,,80963,16,,,1,69,,80944,16,,,1,30,,80949,16,,,1,72,,80939,16,,,1,29,,80938,16,,,1,70,,80941,16,,,1,30,,80948,16,,,1,70,,80951,16,,,1,30,,80943,16,,,1,70,,80947,16,,,1,31,,80946,16,,,1,70,,80952,16,,,1,30,,80956,16,,,1,70,,80953,16,,,1,30,,80954,16,,,1,70,,80955,16,,,1,30,,80962,16,,,1,70,,80957,16,,,1,30,,80960,16,,,1,68,,80958,16,,,1,30,,80959,16,,,1,70,,80961,16,,,1,30,,80964,16,,,1,70,,80966,16,,,1,30,,80965,16,,,1,70,,80967,16,,,1,99,,80968,16,,,1
3401,'Semaine-1',859,,80994,16,,,1,70,,80974,16,,,2,30,,80978,16,,,1,70,,80998,16,,,1,30,,80971,16,,,1,70,,80975,16,,,1,30,,80979,16,,,1,70,,80969,16,,,1,30,,80972,16,,,1,70,,80976,16,,,1,29,,80980,16,,,2,71,,80973,16,,,1,30,,80995,16,,,1,69,,80970,16,,,1,73,,80996,16,,,1,27,,80997,16,,,1,30,,80991,16,,,1,70,,80987,16,,,1,30,,80977,16,,,1,71,,80984,16,,,1,30,,80993,16,,,1,70,,80981,16,,,1,30,,80983,16,,,1,70,,80985,16,,,1,30,,80989,16,,,2,70,,80982,16,,,1,30,,80988,16,,,1,70,,80986,16,,,1,30,,80990,16,,,1,70,,80992,16,,,1
3401,'Semaine-12',859,,81024,16,,,1,70,,81004,16,,,2,30,,81008,16,,,1,70,,81028,16,,,1,30,,81001,16,,,1,70,,81005,16,,,1,30,,81009,16,,,1,70,,80999,16,,,1,30,,81002,16,,,1,70,,81006,16,,,1,29,,81010,16,,,2,71,,81003,16,,,1,30,,81025,16,,,1,69,,81000,16,,,1,73,,81026,16,,,1,27,,81027,16,,,1,30,,81021,16,,,1,70,,81017,16,,,1,30,,81007,16,,,1,71,,81014,16,,,1,30,,81023,16,,,1,70,,81011,16,,,1,30,,81013,16,,,1,70,,81015,16,,,1,30,,81019,16,,,2,70,,81012,16,,,1,30,,81018,16,,,1,70,,81016,16,,,1,30,,81020,16,,,1,70,,81022,16,,,1
3900,'Samedi-1',644,,81669,15,,,1,101,,81670,15,,,1,100,,81674,15,,,1,101,,81673,15,,,1,100,,81676,15,,,1,101,,81675,15,,,1,102,,81671,15,,,1,70,,81672,15,,,1,30,,81677,15,,,1,71,,81678,15,,,1,30,,81679,15,,,1,70,,81680,15,,,1,31,,81681,15,,,1,70,,81682,15,,,1,30,,81683,15,,,1,70,,81684,15,,,1,30,,81685,15,,,1,69,,81686,15,,,1,29,,81687,15,,,1,68,,81688,15,,,1,100,,81689,15,,,1,100,,81690,15,,,1,100,,81691,15,,,1,100,,81692,15,,,1
3900,'Samedi-10',644,,69204,15,,,1,101,,69205,15,,,1,100,,69209,15,,,1,101,,69208,15,,,1,100,,69211,15,,,1,101,,69210,15,,,1,102,,69206,15,,,1,70,,69207,15,,,1,30,,69212,15,,,1,71,,69213,15,,,1,30,,69214,15,,,1,70,,69215,15,,,1,31,,69216,15,,,1,70,,69217,15,,,1,30,,69218,15,,,1,70,,69219,15,,,1,30,,69220,15,,,1,69,,69221,15,,,1,29,,69222,15,,,1,68,,69223,15,,,1,100,,69224,15,,,1,100,,69225,15,,,1,100,,69226,15,,,1,100,,69227,15,,,1
3900,'Dimanche-1',644,,81693,15,,,1,101,,81700,15,,,1,100,,81703,15,,,1,101,,81696,15,,,1,100,,81698,15,,,1,101,,81699,15,,,1,102,,81702,15,,,1,70,,81695,15,,,1,30,,81697,15,,,1,71,,81704,15,,,1,30,,81694,15,,,1,70,,81705,15,,,1,31,,81701,15,,,1,70,,81708,15,,,1,30,,81711,15,,,1,70,,81713,15,,,1,30,,81707,15,,,1,69,,81710,15,,,1,29,,81712,15,,,1,68,,81706,15,,,1,100,,81709,15,,,1,100,,81714,15,,,1,100,,81715,15,,,1,100,,81716,15,,,1
3900,'Semaine-1',620,,81734,15,,,1,22,,81720,15,,,1,71,,81739,15,,,1,28,,81732,15,,,1,76,,81733,15,,,1,32,,81731,15,,,1,72,,81728,15,,,1,30,,81745,15,,,2,70,,81740,15,,,1,30,,81752,15,,,1,70,,81737,15,,,2,30,,81741,15,,,1,70,,81729,15,,,1,31,,81727,15,,,1,70,,81742,15,,,1,29,,81730,15,,,2,70,,81717,15,,,1,34,,81743,15,,,1,73,,81724,15,,,1,29,,81726,15,,,1,72,,81744,15,,,2,72,,81723,15,,,1,28,,81718,15,,,1,29,,81746,15,,,1,67,,81725,15,,,1,31,,81719,15,,,2,69,,81747,15,,,2,32,,81722,15,,,1,65,,81738,15,,,2,26,,81748,15,,,1,70,,81721,15,,,1,30,,81736,15,,,1,69,,81749,15,,,1,30,,81735,15,,,1,72,,81751,15,,,1,28,,81750,15,,,1
3900,'Semaine-12',620,,81770,15,,,1,22,,81756,15,,,1,71,,81775,15,,,1,28,,81768,15,,,1,76,,81769,15,,,1,32,,81767,15,,,1,72,,81764,15,,,1,30,,81781,15,,,2,70,,81776,15,,,1,30,,81788,15,,,1,70,,81773,15,,,2,30,,81777,15,,,1,70,,81765,15,,,1,31,,81763,15,,,1,70,,81778,15,,,1,29,,81766,15,,,2,70,,81753,15,,,1,34,,81779,15,,,1,73,,81760,15,,,1,29,,81762,15,,,1,72,,81780,15,,,2,72,,81759,15,,,1,28,,81754,15,,,1,29,,81782,15,,,1,67,,81761,15,,,1,31,,81755,15,,,2,69,,81783,15,,,2,32,,81758,15,,,1,65,,81774,15,,,2,26,,81784,15,,,1,70,,81757,15,,,1,30,,81772,15,,,1,69,,81785,15,,,1,30,,81771,15,,,1,72,,81787,15,,,1,28,,81786,15,,,1
4900,'Samedi-1',732,,82003,32,,,1,100,,82004,32,,,1,102,,82001,32,,,1,100,,82005,32,,,1,100,,82002,32,,,1,101,,82006,32,,,1,98,,82007,32,,,1,102,,82008,32,,,1,100,,82009,32,,,1,100,,82010,32,,,1,100,,82011,32,,,1,97,,82012,32,,,1,100,,82013,32,,,1,100,,82014,32,,,1,100,,82015,32,,,1,100,,82016,32,,,1,98,,82017,32,,,1
4900,'Samedi-10',732,,69841,32,,,1,100,,69842,32,,,1,102,,69839,32,,,1,100,,69843,32,,,1,100,,69840,32,,,1,101,,69844,32,,,1,98,,69845,32,,,1,102,,69846,32,,,1,100,,69847,32,,,1,100,,69848,32,,,1,100,,69849,32,,,1,97,,69850,32,,,1,100,,69851,32,,,1,100,,69852,32,,,1,100,,69853,32,,,1,100,,69854,32,,,1,98,,69855,32,,,1
4900,'Dimanche-1',732,,82018,32,,,1,100,,82031,32,,,1,102,,82019,32,,,1,100,,82030,32,,,1,100,,82022,32,,,1,101,,82021,32,,,1,98,,82025,32,,,1,102,,82020,32,,,1,100,,82024,32,,,1,100,,82023,32,,,1,100,,82027,32,,,1,97,,82029,32,,,1,100,,82026,32,,,1,100,,82028,32,,,1,100,,82032,32,,,1,100,,82033,32,,,1,98,,82034,32,,,1
4900,'Semaine-1',646,,82062,32,,,1,55,,82057,19,,,1,3,,82069,19,,,1,4,,82045,19,,,1,6,,82068,19,,,1,4,,82073,32,,,1,3,,82072,19,,,1,4,,82071,19,,,1,5,,82070,19,,,1,21,,82065,32,,,1,66,,82066,32,,,1,1,,82061,19,,,1,33,,82060,32,,,1,71,,82055,32,,,1,28,,82047,32,,,1,71,,82067,32,,,1,33,,82063,32,,,1,70,,82058,32,,,1,30,,82035,32,,,1,70,,82056,32,,,1,30,,82037,32,,,1,70,,82042,32,,,1,30,,82044,32,,,1,70,,82048,32,,,1,30,,82064,32,,,1,77,,82046,32,,,1,70,,82049,32,,,1,30,,82040,32,,,1,70,,82052,32,,,1,30,,82043,32,,,1,27,,82041,32,,,1,70,,82059,32,,,1,27,,82053,32,,,1,97,,82036,32,,,1,99,,82054,32,,,1,101,,82051,32,,,1,97,,82038,32,,,1,98,,82050,32,,,1,100,,82039,32,,,1
4900,'Semaine-12',646,,82101,32,,,1,55,,82096,19,,,1,3,,82108,19,,,1,4,,82084,19,,,1,6,,82107,19,,,1,4,,82112,32,,,1,3,,82111,19,,,1,4,,82110,19,,,1,5,,82109,19,,,1,21,,82104,32,,,1,66,,82105,32,,,1,1,,82100,19,,,1,33,,82099,32,,,1,71,,82094,32,,,1,28,,82086,32,,,1,71,,82106,32,,,1,33,,82102,32,,,1,70,,82097,32,,,1,30,,82074,32,,,1,70,,82095,32,,,1,30,,82076,32,,,1,70,,82081,32,,,1,30,,82083,32,,,1,70,,82087,32,,,1,30,,82103,32,,,1,77,,82085,32,,,1,70,,82088,32,,,1,30,,82079,32,,,1,70,,82091,32,,,1,30,,82082,32,,,1,27,,82080,32,,,1,70,,82098,32,,,1,27,,82092,32,,,1,97,,82075,32,,,1,99,,82093,32,,,1,101,,82090,32,,,1,97,,82077,32,,,1,98,,82089,32,,,1,100,,82078,32,,,1
5000,'Semaine-1',655,,82216,31,,,1,62,,82214,31,,,1,8,,82215,10,,,2,25,,82217,31,,,2,70,,82213,31,,,1,106,,82218,31,,,1
5000,'Semaine-12',655,,82222,31,,,1,62,,82220,31,,,1,8,,82221,10,,,2,25,,82223,31,,,2,70,,82219,31,,,1,106,,82224,31,,,1
32601,'Semaine-1',806,,85905,7,0,7 8,1
32601,'Semaine-12',806,,85906,7,0,7 8,1
44900,'Semaine-1',716,,86791,18,0,9 14,1
44900,'Semaine-12',716,,86792,18,0,9 14,1
55000,'Semaine-1',711,,86799,31,0,5 6,1,2,,86800,31,0,5 6,1
55000,'Semaine-12',711,,86801,31,0,5 6,1,2,,86802,31,0,5 6,1
63900,'Semaine-1',1523,,86833,28,0,9 10,1
63900,'Semaine-12',1523,,86834,28,0,9 10,1
72601,'Semaine-1',1515,,86871,1,,,1
72601,'Semaine-12',1515,,86872,1,,,1
82601,'Semaine-1',732,,87124,7,0,9 12 13,1,1,,87125,7,0,9 12 13,1
82601,'Semaine-12',732,,87126,7,0,9 12 13,1,1,,87127,7,0,9 12 13,1
