3601,'Semaine-1',906,,81179,35,,,1,50,,81177,35,,,1,100,,81180,35,,,1,100,,81178,35,,,1,100,,81183,35,,,1,100,,81182,35,,,1,100,,81181,35,,,1
3601,'Semaine-12',906,,81186,35,,,1,50,,81184,35,,,1,100,,81187,35,,,1,100,,81185,35,,,1,100,,81190,35,,,1,100,,81189,35,,,1,100,,81188,35,,,1
3701,'Samedi-1',704,,81286,28,,,1,100,,81291,28,,,1,100,,81285,28,,,1,102,,81290,28,,,1,100,,81287,28,,,1,100,,81288,28,,,1,100,,81292,28,,,1,101,,81289,28,,,1,100,,81293,28,,,1,100,,81294,28,,,1,100,,81295,28,,,1,99,,81296,28,,,1,100,,81297,28,,,1,100,,81298,28,,,1,100,,81299,28,,,1,97,,81300,28,,,1,100,,81301,28,,,1
3701,'Samedi-10',704,,68373,28,,,1,100,,68378,28,,,1,100,,68372,28,,,1,102,,68377,28,,,1,100,,68374,28,,,1,100,,68375,28,,,1,100,,68379,28,,,1,101,,68376,28,,,1,100,,68380,28,,,1,100,,68381,28,,,1,100,,68382,28,,,1,99,,68383,28,,,1,100,,68384,28,,,1,100,,68385,28,,,1,100,,68386,28,,,1,97,,68387,28,,,1,100,,68388,28,,,1
3701,'Dimanche-1',704,,81303,28,,,1,100,,81304,28,,,1,100,,81306,28,,,1,102,,81307,28,,,1,100,,81315,28,,,1,100,,81302,28,,,1,100,,81308,28,,,1,101,,81305,28,,,1,100,,81310,28,,,1,100,,81311,28,,,1,100,,81313,28,,,1,99,,81312,28,,,1,100,,81309,28,,,1,100,,81314,28,,,1,100,,81316,28,,,1,97,,81317,28,,,1,100,,81318,28,,,1
3701,'Semaine-1',531,,81332,28,,,1,70,,81330,28,,,1,35,,81334,28,,,1,70,,81324,28,,,1,34,,81341,28,,,1,16,,81321,28,,,1,54,,81342,28,,,1,29,,81323,28,,,1,98,,81340,28,,,1,100,,81328,28,,,1,100,,81322,28,,,1,100,,81320,28,,,1,100,,81325,28,,,1,101,,81336,28,,,1,100,,81319,28,,,1,70,,81335,28,,,1,31,,81338,28,,,1,69,,81333,28,,,1,29,,81339,28,,,1,70,,81343,28,,,1,45,,81327,28,,,1,100,,81337,28,,,1,100,,81329,28,,,1,102,,81326,28,,,1,90,,81331,28,,,1
3701,'Semaine-12',531,,81357,28,,,1,70,,81355,28,,,1,35,,81359,28,,,1,70,,81349,28,,,1,34,,81366,28,,,1,16,,81346,28,,,1,54,,81367,28,,,1,29,,81348,28,,,1,98,,81365,28,,,1,100,,81353,28,,,1,100,,81347,28,,,1,100,,81345,28,,,1,100,,81350,28,,,1,101,,81361,28,,,1,100,,81344,28,,,1,70,,81360,28,,,1,31,,81363,28,,,1,69,,81358,28,,,1,29,,81364,28,,,1,70,,81368,28,,,1,45,,81352,28,,,1,100,,81362,28,,,1,100,,81354,28,,,1,102,,81351,28,,,1,90,,81356,28,,,1
3801,'Samedi-1',718,,81523,17,,,1,30,,81519,17,,,1,70,,81531,17,,,1,30,,81524,17,,,1,70,,81520,17,,,1,31,,81532,17,,,1,68,,81525,17,,,1,32,,81529,17,,,1,70,,81521,17,,,1,30,,81526,17,,,1,70,,81530,17,,,1,30,,81522,17,,,1,70,,81527,17,,,1,30,,81528,17,,,1,70,,81533,17,,,1,30,,81534,17,,,1,71,,81535,17,,,1,30,,81536,17,,,1,69,,81537,17,,,1,30,,81538,17,,,1,70,,81539,17,,,1,30,,81540,17,,,1,68,,81541,17,,,1,32,,81543,17,,,1,70,,81542,17,,,1,30,,81545,17,,,1,70,,81544,17,,,1,30,,81546,17,,,1,69,,81547,17,,,1,30,,81551,17,,,1,70,,81548,17,,,1,30,,81549,17,,,1,70,,81550,17,,,1
3801,'Samedi-10',718,,68893,17,,,1,30,,68889,17,,,1,70,,68901,17,,,1,30,,68894,17,,,1,70,,68890,17,,,1,31,,68902,17,,,1,68,,68895,17,,,1,32,,68899,17,,,1,70,,68891,17,,,1,30,,68896,17,,,1,70,,68900,17,,,1,30,,68892,17,,,1,70,,68897,17,,,1,30,,68898,17,,,1,70,,68903,17,,,1,30,,68904,17,,,1,71,,68905,17,,,1,30,,68906,17,,,1,69,,68907,17,,,1,30,,68908,17,,,1,70,,68909,17,,,1,30,,68910,17,,,1,68,,68911,17,,,1,32,,68913,17,,,1,70,,68912,17,,,1,30,,68915,17,,,1,70,,68914,17,,,1,30,,68916,17,,,1,69,,68917,17,,,1,30,,68921,17,,,1,70,,68918,17,,,1,30,,68919,17,,,1,70,,68920,17,,,1
3801,'Dimanche-1',718,,81560,17,,,1,30,,81562,17,,,1,70,,81555,17,,,1,30,,81554,17,,,1,70,,81576,17,,,1,31,,81565,17,,,1,68,,81556,17,,,1,32,,81578,17,,,1,70,,81575,17,,,1,30,,81557,17,,,1,70,,81577,17,,,1,30,,81564,17,,,1,70,,81558,17,,,1,30,,81561,17,,,1,70,,81563,17,,,1,30,,81553,17,,,1,71,,81559,17,,,1,30,,81552,17,,,1,69,,81569,17,,,1,30,,81570,17,,,1,70,,81572,17,,,1,30,,81568,17,,,1,68,,81574,17,,,1,32,,81571,17,,,1,70,,81566,17,,,1,30,,81573,17,,,1,70,,81567,17,,,1,30,,81579,17,,,1,69,,81580,17,,,1,30,,81581,17,,,1,70,,81582,17,,,1,30,,81583,17,,,1,70,,81584,17,,,1
3801,'Semaine-1',623,,81613,17,,,1,30,,81585,17,,,1,70,,81612,17,,,1,20,,81623,17,,,1,58,,81619,17,,,1,23,,81601,17,,,1,30,,81621,17,,,1,70,,81608,17,,,1,19,,81591,17,,,1,60,,81617,17,,,1,20,,81602,17,,,1,20,,81594,17,,,1,61,,81609,17,,,1,20,,81592,17,,,1,20,,81616,17,,,1,60,,81622,17,,,1,22,,81595,17,,,1,20,,81624,17,,,1,60,,81610,17,,,1,20,,81615,17,,,1,19,,81603,17,,,1,60,,81596,17,,,1,20,,81611,17,,,1,20,,81625,17,,,1,61,,81598,17,,,1,20,,81604,17,,,1,30,,81618,17,,,1,70,,81593,17,,,1,31,,81600,17,,,1,67,,81590,17,,,1,30,,81626,17,,,1,60,,81587,17,,,1,21,,81620,17,,,1,70,,81589,17,,,1,29,,81599,17,,,1,71,,81607,17,,,1,30,,81614,17,,,1,70,,81597,17,,,1,28,,81605,17,,,1,71,,81606,17,,,1,29,,81586,17,,,1,85,,81588,17,,,1
3801,'Semaine-12',623,,81655,17,,,1,30,,81627,17,,,1,70,,81654,17,,,1,20,,81665,17,,,1,58,,81661,17,,,1,23,,81643,17,,,1,30,,81663,17,,,1,70,,81650,17,,,1,19,,81633,17,,,1,60,,81659,17,,,1,20,,81644,17,,,1,20,,81636,17,,,1,61,,81651,17,,,1,20,,81634,17,,,1,20,,81658,17,,,1,60,,81664,17,,,1,22,,81637,17,,,1,20,,81666,17,,,1,60,,81652,17,,,1,20,,81657,17,,,1,19,,81645,17,,,1,60,,81638,17,,,1,20,,81653,17,,,1,20,,81667,17,,,1,61,,81640,17,,,1,20,,81646,17,,,1,30,,81660,17,,,1,70,,81635,17,,,1,31,,81642,17,,,1,67,,81632,17,,,1,30,,81668,17,,,1,60,,81629,17,,,1,21,,81662,17,,,1,70,,81631,17,,,1,29,,81641,17,,,1,71,,81649,17,,,1,30,,81656,17,,,1,70,,81639,17,,,1,28,,81647,17,,,1,71,,81648,17,,,1,29,,81628,17,,,1,85,,81630,17,,,1
37101,'Samedi-1',734,,86004,28,,,1,100,,86003,28,,,1,101,,86007,28,,,1,100,,86006,28,,,1,100,,86008,28,,,1,101,,86005,28,,,1,100,,86009,28,,,1,98,,86010,28,,,1,101,,86011,28,,,1,100,,86012,28,,,1,98,,86013,28,,,1,105,,86014,28,,,1,95,,86015,28,,,1,99,,86016,28,,,1,100,,86017,28,,,1,100,,86018,28,,,1,100,,86019,28,,,1
37101,'Samedi-10',734,,77625,28,,,1,100,,77624,28,,,1,101,,77628,28,,,1,100,,77627,28,,,1,100,,77629,28,,,1,101,,77626,28,,,1,100,,77630,28,,,1,98,,77631,28,,,1,101,,77632,28,,,1,100,,77633,28,,,1,98,,77634,28,,,1,105,,77635,28,,,1,95,,77636,28,,,1,99,,77637,28,,,1,100,,77638,28,,,1,100,,77639,28,,,1,100,,77640,28,,,1
37101,'Dimanche-1',734,,86033,28,,,1,100,,86022,28,,,1,101,,86023,28,,,1,100,,86020,28,,,1,100,,86025,28,,,1,101,,86021,28,,,1,100,,86024,28,,,1,98,,86027,28,,,1,101,,86026,28,,,1,100,,86028,28,,,1,98,,86032,28,,,1,105,,86031,28,,,1,95,,86029,28,,,1,99,,86030,28,,,1,100,,86034,28,,,1,100,,86035,28,,,1,100,,86036,28,,,1
37101,'Semaine-1',542,,86053,28,,,1,72,,86056,28,,,1,32,,86049,28,,,1,69,,86051,28,,,1,32,,86061,28,,,1,70,,86060,28,,,1,29,,86055,28,,,1,72,,86039,28,,,1,98,,86046,28,,,1,100,,86044,28,,,1,101,,86045,28,,,1,100,,86059,28,,,1,100,,86042,28,,,1,100,,86043,28,,,1,31,,86040,28,,,1,70,,86047,28,,,1,30,,86057,28,,,1,69,,86058,28,,,1,30,,86037,28,,,1,80,,86041,28,,,1,94,,86052,28,,,1,100,,86054,28,,,1,100,,86038,28,,,1,100,,86048,28,,,1,183,,86050,28,,,1
37101,'Semaine-12',542,,86078,28,,,1,72,,86081,28,,,1,32,,86074,28,,,1,69,,86076,28,,,1,32,,86086,28,,,1,70,,86085,28,,,1,29,,86080,28,,,1,72,,86064,28,,,1,98,,86071,28,,,1,100,,86069,28,,,1,101,,86070,28,,,1,100,,86084,28,,,1,100,,86067,28,,,1,100,,86068,28,,,1,31,,86065,28,,,1,70,,86072,28,,,1,30,,86082,28,,,1,69,,86083,28,,,1,30,,86062,28,,,1,80,,86066,28,,,1,94,,86077,28,,,1,100,,86079,28,,,1,100,,86063,28,,,1,100,,86073,28,,,1,183,,86075,28,,,1
43701,'Semaine-1',1517,,86788,28,0,9 14,1
43701,'Semaine-12',1517,,86790,28,0,9 14,1
