2601,'Semaine-1',548,,80028,4,,,1,71,,80030,4,,,2,30,,80031,4,,,2,70,,80029,4,,,1,30,,80027,4,,,2
2601,'Semaine-12',548,,80033,4,,,1,71,,80035,4,,,2,30,,80036,4,,,2,70,,80034,4,,,1,30,,80032,4,,,2
32601,'Semaine-1',817,,85905,20,0,7 8,1
32601,'Semaine-12',817,,85906,20,0,7 8,1
42600,'Semaine-1',720,,86759,4,0,9 14,1,1,,86760,4,0,9 14,1
42600,'Semaine-12',720,,86761,4,0,9 14,1,1,,86762,4,0,9 14,1
72901,'Semaine-1',804,,86875,4,0,5 11,2
72901,'Semaine-12',804,,86876,4,0,5 11,2
82601,'Semaine-1',741,,87124,20,0,9 12 13,1,1,,87125,20,0,9 12 13,1
82601,'Semaine-12',741,,87126,20,0,9 12 13,1,1,,87127,20,0,9 12 13,1
