4501,'Semaine-1',608,,81972,26,,,1,30,,81971,26,,,1,72,,81975,26,,,2,30,,81974,26,,,1,73,,81973,26,,,1,28,,81976,26,,,1
4501,'Semaine-12',608,,81978,26,,,1,30,,81977,26,,,1,72,,81981,26,,,2,30,,81980,26,,,1,73,,81979,26,,,1,28,,81982,26,,,1
5201,'Samedi-1',702,,82303,50,,,1,100,,82304,50,,,1,101,,82305,50,,,1,100,,82306,50,,,1,102,,82308,50,,,1,100,,82307,50,,,1,100,,82309,50,,,1,100,,82310,50,,,1,101,,82311,50,,,1,99,,82312,50,,,1,100,,82313,50,,,1,100,,82314,50,,,1,99,,82317,50,,,1,100,,82315,50,,,1,97,,82319,50,,,1,101,,82316,50,,,1,100,,82318,50,,,1,101,,82320,50,,,1
5201,'Samedi-10',702,,70449,50,,,1,100,,70450,50,,,1,101,,70451,50,,,1,100,,70452,50,,,1,102,,70454,50,,,1,100,,70453,50,,,1,100,,70455,50,,,1,100,,70456,50,,,1,101,,70457,50,,,1,99,,70458,50,,,1,100,,70459,50,,,1,100,,70460,50,,,1,99,,70463,50,,,1,100,,70461,50,,,1,97,,70465,50,,,1,101,,70462,50,,,1,100,,70464,50,,,1,101,,70466,50,,,1
5201,'Dimanche-1',702,,82321,50,,,1,100,,82322,50,,,1,101,,82323,50,,,1,100,,82326,50,,,1,102,,82324,50,,,1,100,,82328,50,,,1,100,,82325,50,,,1,100,,82330,50,,,1,101,,82327,50,,,1,99,,82329,50,,,1,100,,82332,50,,,1,100,,82334,50,,,1,99,,82331,50,,,1,100,,82333,50,,,1,97,,82335,50,,,1,101,,82336,50,,,1,100,,82337,50,,,1,101,,82338,50,,,1
5201,'Semaine-1',634,,82354,50,,,1,102,,82356,50,,,1,102,,82355,50,,,1,97,,82339,50,,,1,102,,82345,50,,,1,99,,82342,50,,,1,100,,82349,50,,,1,100,,82340,50,,,1,100,,82344,50,,,1,102,,82343,50,,,1,100,,82353,50,,,1,100,,82352,50,,,1,98,,82346,50,,,1,96,,82347,50,,,1,100,,82351,50,,,1,100,,82348,50,,,1,100,,82350,50,,,1,100,,82341,50,,,2
5201,'Semaine-12',634,,82372,50,,,1,102,,82374,50,,,1,102,,82373,50,,,1,97,,82357,50,,,1,102,,82363,50,,,1,99,,82360,50,,,1,100,,82367,50,,,1,100,,82358,50,,,1,100,,82362,50,,,1,102,,82361,50,,,1,100,,82371,50,,,1,100,,82370,50,,,1,98,,82364,50,,,1,96,,82365,50,,,1,100,,82369,50,,,1,100,,82366,50,,,1,100,,82368,50,,,1,100,,82359,50,,,2
5600,'Semaine-1',636,,82719,17,,,1,64,,82717,17,,,1,6,,82721,17,,,1,31,,82720,17,,,1,71,,82714,17,,,1,100,,82713,17,,,1,109,,82715,17,,,1,98,,82718,17,,,2,100,,82716,17,,,1
5600,'Semaine-12',636,,82728,17,,,1,64,,82726,17,,,1,6,,82730,17,,,1,31,,82729,17,,,1,71,,82723,17,,,1,100,,82722,17,,,1,109,,82724,17,,,1,98,,82727,17,,,2,100,,82725,17,,,1
64501,'Semaine-1',1526,,86853,35,0,9 10,1
64501,'Semaine-12',1526,,86854,35,0,9 10,1
