4901,'Samedi-1',755,,82116,55,,,1,100,,82115,55,,,1,100,,82117,55,,,1,102,,82113,55,,,1,100,,82118,55,,,1,102,,82114,55,,,1,141,,82119,55,,,1,100,,82120,55,,,1,100,,82121,55,,,1,100,,82122,55,,,1,100,,82123,55,,,1,56,,82124,55,,,1,100,,82125,55,,,1,100,,82126,55,,,1,100,,82127,55,,,1,98,,82128,55,,,1,100,,82129,55,,,1
4901,'Samedi-10',755,,70061,55,,,1,100,,70060,55,,,1,100,,70062,55,,,1,102,,70058,55,,,1,100,,70063,55,,,1,102,,70059,55,,,1,141,,70064,55,,,1,100,,70065,55,,,1,100,,70066,55,,,1,100,,70067,55,,,1,100,,70068,55,,,1,56,,70069,55,,,1,100,,70070,55,,,1,100,,70071,55,,,1,100,,70072,55,,,1,98,,70073,55,,,1,100,,70074,55,,,1
4901,'Dimanche-1',755,,82143,55,,,1,100,,82132,55,,,1,100,,82142,55,,,1,102,,82135,55,,,1,100,,82131,55,,,1,102,,82130,55,,,1,141,,82133,55,,,1,100,,82134,55,,,1,100,,82137,55,,,1,100,,82136,55,,,1,100,,82140,55,,,1,56,,82139,55,,,1,100,,82141,55,,,1,100,,82138,55,,,1,100,,82144,55,,,1,98,,82145,55,,,1,100,,82146,55,,,1
4901,'Semaine-1',642,,82153,55,,,1,89,,82158,55,,,1,71,,82174,55,,,1,33,,82170,55,,,1,70,,82168,55,,,1,26,,82178,55,,,1,28,,82160,55,,,1,69,,82176,55,,,1,30,,82172,55,,,1,71,,82147,55,,,1,30,,82169,55,,,1,70,,82148,55,,,1,30,,82154,55,,,1,70,,82156,55,,,1,30,,82161,55,,,1,69,,82177,55,,,1,72,,82159,55,,,1,32,,82179,55,,,1,25,,82175,55,,,1,52,,82162,55,,,1,15,,82149,55,,,1,15,,82165,55,,,1,70,,82155,55,,,1,26,,82157,55,,,1,68,,82173,55,,,1,26,,82167,55,,,1,30,,82171,55,,,1,94,,82150,55,,,1,80,,82166,55,,,1,101,,82164,55,,,1,95,,82151,55,,,1,100,,82163,55,,,1,95,,82152,55,,,1
4901,'Semaine-12',642,,82186,55,,,1,89,,82191,55,,,1,71,,82207,55,,,1,33,,82203,55,,,1,70,,82201,55,,,1,26,,82211,55,,,1,28,,82193,55,,,1,69,,82209,55,,,1,30,,82205,55,,,1,71,,82180,55,,,1,30,,82202,55,,,1,70,,82181,55,,,1,30,,82187,55,,,1,70,,82189,55,,,1,30,,82194,55,,,1,69,,82210,55,,,1,72,,82192,55,,,1,32,,82212,55,,,1,25,,82208,55,,,1,52,,82195,55,,,1,15,,82182,55,,,1,15,,82198,55,,,1,70,,82188,55,,,1,26,,82190,55,,,1,68,,82206,55,,,1,26,,82200,55,,,1,30,,82204,55,,,1,94,,82183,55,,,1,80,,82199,55,,,1,101,,82197,55,,,1,95,,82184,55,,,1,100,,82196,55,,,1,95,,82185,55,,,1
5500,'Samedi-1',731,,82390,58,,,1,70,,82387,58,,,1,30,,82388,58,,,1,70,,82391,58,,,1,30,,82389,58,,,1,71,,82396,58,,,1,33,,82393,58,,,1,70,,82394,58,,,1,26,,82399,58,,,1,75,,82398,58,,,1,30,,82392,58,,,1,70,,82395,58,,,1,30,,82397,58,,,1,70,,82400,58,,,1,30,,82401,58,,,1,70,,82402,58,,,1,30,,82403,58,,,1,70,,82404,58,,,1,30,,82405,58,,,1,72,,82406,58,,,1,30,,82407,58,,,1,70,,82408,58,,,1,30,,82409,58,,,1,70,,82410,58,,,1,27,,82412,58,,,1,69,,82411,58,,,1,31,,82413,58,,,1,70,,82415,58,,,1,30,,82414,58,,,1,69,,82416,58,,,1,28,,82417,58,,,1,70,,82420,58,,,1,30,,82422,58,,,1,70,,82419,58,,,1,29,,82418,58,,,1,27,,82421,58,,,1
5500,'Samedi-10',731,,70650,58,,,1,70,,70647,58,,,1,30,,70648,58,,,1,70,,70651,58,,,1,30,,70649,58,,,1,71,,70656,58,,,1,33,,70653,58,,,1,70,,70654,58,,,1,26,,70659,58,,,1,75,,70658,58,,,1,30,,70652,58,,,1,70,,70655,58,,,1,30,,70657,58,,,1,70,,70660,58,,,1,30,,70661,58,,,1,70,,70662,58,,,1,30,,70663,58,,,1,70,,70664,58,,,1,30,,70665,58,,,1,72,,70666,58,,,1,30,,70667,58,,,1,70,,70668,58,,,1,30,,70669,58,,,1,70,,70670,58,,,1,27,,70672,58,,,1,69,,70671,58,,,1,31,,70673,58,,,1,70,,70675,58,,,1,30,,70674,58,,,1,69,,70676,58,,,1,28,,70677,58,,,1,70,,70680,58,,,1,30,,70682,58,,,1,70,,70679,58,,,1,29,,70678,58,,,1,27,,70681,58,,,1
5500,'Dimanche-1',731,,82427,58,,,1,70,,82432,58,,,1,30,,82424,58,,,1,70,,82429,58,,,1,30,,82426,58,,,1,71,,82423,58,,,1,33,,82434,58,,,1,70,,82428,58,,,1,26,,82425,58,,,1,75,,82437,58,,,1,30,,82433,58,,,1,70,,82438,58,,,1,30,,82431,58,,,1,70,,82430,58,,,1,30,,82436,58,,,1,70,,82441,58,,,1,30,,82435,58,,,1,70,,82440,58,,,1,30,,82443,58,,,1,72,,82447,58,,,1,30,,82442,58,,,1,70,,82448,58,,,1,30,,82439,58,,,1,70,,82445,58,,,1,27,,82446,58,,,1,69,,82449,58,,,1,31,,82444,58,,,1,70,,82450,58,,,1,30,,82452,58,,,1,69,,82451,58,,,1,28,,82453,58,,,1,70,,82455,58,,,1,30,,82456,58,,,1,70,,82454,58,,,1,29,,82457,58,,,1,27,,82458,58,,,1
5500,'Semaine-1',706,,82461,58,,,1,105,,82477,58,,,1,29,,82460,58,,,1,95,,82496,58,,,1,68,,82497,58,,,1,30,,82466,58,,,1,70,,82476,58,,,1,30,,82480,58,,,1,72,,82502,58,,,1,30,,82462,58,,,1,70,,82501,58,,,1,30,,82479,58,,,1,70,,82494,58,,,1,30,,82488,58,,,1,67,,82495,58,,,1,16,,82481,58,,,1,14,,82459,58,,,1,17,,82500,58,,,1,58,,82470,58,,,1,15,,82503,58,,,1,13,,82491,58,,,1,10,,82463,58,,,1,13,,82474,58,,,1,58,,82506,58,,,1,9,,82499,58,,,1,11,,82465,58,,,1,11,,82482,58,,,1,9,,82475,58,,,1,51,,82504,58,,,1,11,,82489,58,,,1,6,,82469,58,,,1,12,,82464,58,,,1,10,,82505,58,,,1,11,,82473,58,,,1,52,,82468,58,,,1,10,,82478,58,,,1,30,,82493,58,,,1,69,,82498,58,,,1,30,,82485,58,,,1,70,,82471,58,,,1,30,,82492,58,,,1,67,,82483,58,,,1,27,,82486,58,,,1,70,,82472,58,,,1,30,,82487,58,,,1,67,,82484,58,,,1,29,,82467,58,,,1,70,,82490,58,,,1
5500,'Semaine-12',706,,82509,58,,,1,105,,82525,58,,,1,29,,82508,58,,,1,95,,82544,58,,,1,68,,82545,58,,,1,30,,82514,58,,,1,70,,82524,58,,,1,30,,82528,58,,,1,72,,82550,58,,,1,30,,82510,58,,,1,70,,82549,58,,,1,30,,82527,58,,,1,70,,82542,58,,,1,30,,82536,58,,,1,67,,82543,58,,,1,16,,82529,58,,,1,14,,82507,58,,,1,17,,82548,58,,,1,58,,82518,58,,,1,15,,82551,58,,,1,13,,82539,58,,,1,10,,82511,58,,,1,13,,82522,58,,,1,58,,82554,58,,,1,9,,82547,58,,,1,11,,82513,58,,,1,11,,82530,58,,,1,9,,82523,58,,,1,51,,82552,58,,,1,11,,82537,58,,,1,6,,82517,58,,,1,12,,82512,58,,,1,10,,82553,58,,,1,11,,82521,58,,,1,52,,82516,58,,,1,10,,82526,58,,,1,30,,82541,58,,,1,69,,82546,58,,,1,30,,82533,58,,,1,70,,82519,58,,,1,30,,82540,58,,,1,67,,82531,58,,,1,27,,82534,58,,,1,70,,82520,58,,,1,30,,82535,58,,,1,67,,82532,58,,,1,29,,82515,58,,,1,70,,82538,58,,,1
