6401,'Samedi-1',731,,83372,27,,,1,100,,83369,27,,,1,100,,83371,27,,,1,100,,83374,27,,,1,100,,83370,27,,,1,100,,83375,27,,,1,100,,83373,27,,,1,100,,83376,27,,,1,100,,83377,27,,,1,100,,83378,27,,,1,100,,83379,27,,,1
6401,'Samedi-10',731,,72587,27,,,1,100,,72584,27,,,1,100,,72586,27,,,1,100,,72589,27,,,1,100,,72585,27,,,1,100,,72590,27,,,1,100,,72588,27,,,1,100,,72591,27,,,1,100,,72592,27,,,1,100,,72593,27,,,1,100,,72594,27,,,1
6401,'Dimanche-1',731,,83384,27,,,1,100,,83381,27,,,1,100,,83387,27,,,1,100,,83388,27,,,1,100,,83385,27,,,1,100,,83380,27,,,1,100,,83382,27,,,1,100,,83383,27,,,1,100,,83389,27,,,1,100,,83386,27,,,1,100,,83390,27,,,1
6401,'Semaine-1',531,,83391,27,,,2,108,,83401,27,,,2,100,,83403,27,,,1,100,,83400,27,,,1,95,,83408,27,,,1,100,,83395,27,,,1,100,,83394,27,,,1,100,,83406,27,,,1,100,,83402,27,,,2,100,,83404,27,,,1,100,,83405,27,,,1,102,,83396,27,,,1,98,,83392,27,,,1,100,,83393,27,,,1,98,,83399,27,,,1,100,,83397,27,,,1,100,,83398,27,,,1,100,,83407,27,,,1
6401,'Semaine-12',531,,83409,27,,,2,108,,83419,27,,,2,100,,83421,27,,,1,100,,83418,27,,,1,95,,83426,27,,,1,100,,83413,27,,,1,100,,83412,27,,,1,100,,83424,27,,,1,100,,83420,27,,,2,100,,83422,27,,,1,100,,83423,27,,,1,102,,83414,27,,,1,98,,83410,27,,,1,100,,83411,27,,,1,98,,83417,27,,,1,100,,83415,27,,,1,100,,83416,27,,,1,100,,83425,27,,,1
6601,'Samedi-1',658,,83727,30,,,1,100,,83729,30,,,1,100,,83733,30,,,1,100,,83730,30,,,1,100,,83734,30,,,1,100,,83728,30,,,1,100,,83731,30,,,1,100,,83732,30,,,1,100,,83735,30,,,1,100,,83736,30,,,1,100,,83737,30,,,1,100,,83738,30,,,1,100,,83739,30,,,1,100,,83741,30,,,1,100,,83740,30,,,1,100,,83742,30,,,1,100,,83743,30,,,1,100,,83744,30,,,1
6601,'Samedi-10',658,,73314,30,,,1,100,,73316,30,,,1,100,,73320,30,,,1,100,,73317,30,,,1,100,,73321,30,,,1,100,,73315,30,,,1,100,,73318,30,,,1,100,,73319,30,,,1,100,,73322,30,,,1,100,,73323,30,,,1,100,,73324,30,,,1,100,,73325,30,,,1,100,,73326,30,,,1,100,,73328,30,,,1,100,,73327,30,,,1,100,,73329,30,,,1,100,,73330,30,,,1,100,,73331,30,,,1
6601,'Dimanche-1',658,,83746,30,,,1,100,,83750,30,,,1,100,,83751,30,,,1,100,,83752,30,,,1,100,,83745,30,,,1,100,,83747,30,,,1,100,,83748,30,,,1,100,,83749,30,,,1,100,,83754,30,,,1,100,,83753,30,,,1,100,,83757,30,,,1,100,,83755,30,,,1,100,,83758,30,,,1,100,,83756,30,,,1,100,,83759,30,,,1,100,,83760,30,,,1,100,,83761,30,,,1,100,,83762,30,,,1
6601,'Semaine-1',549,,83772,30,,,2,60,,83765,30,,,1,18,,83774,30,,,1,21,,83780,30,,,2,60,,83775,30,,,2,21,,83766,30,,,1,23,,83778,30,,,2,59,,83771,30,,,1,18,,83787,30,,,1,21,,83764,30,,,1,59,,83777,30,,,1,18,,83788,30,,,1,20,,83796,30,,,1,102,,83776,30,,,1,100,,83768,30,,,1,100,,83792,30,,,1,100,,83793,30,,,1,100,,83779,30,,,2,62,,83767,30,,,1,19,,83784,30,,,2,19,,83781,30,,,1,64,,83794,30,,,1,22,,83763,30,,,1,19,,83789,30,,,1,60,,83782,30,,,1,20,,83795,30,,,1,18,,83785,30,,,2,64,,83790,30,,,2,20,,83783,30,,,1,18,,83791,30,,,1,60,,83797,30,,,2,94,,83770,30,,,2,100,,83769,30,,,1,95,,83773,30,,,1,100,,83786,30,,,1
6601,'Semaine-12',549,,83807,30,,,2,60,,83800,30,,,1,18,,83809,30,,,1,21,,83815,30,,,2,60,,83810,30,,,2,21,,83801,30,,,1,23,,83813,30,,,2,59,,83806,30,,,1,18,,83822,30,,,1,21,,83799,30,,,1,59,,83812,30,,,1,18,,83823,30,,,1,20,,83831,30,,,1,102,,83811,30,,,1,100,,83803,30,,,1,100,,83827,30,,,1,100,,83828,30,,,1,100,,83814,30,,,2,62,,83802,30,,,1,19,,83819,30,,,2,19,,83816,30,,,1,64,,83829,30,,,1,22,,83798,30,,,1,19,,83824,30,,,1,60,,83817,30,,,1,20,,83830,30,,,1,18,,83820,30,,,2,64,,83825,30,,,2,20,,83818,30,,,1,18,,83826,30,,,1,60,,83832,30,,,2,94,,83805,30,,,2,100,,83804,30,,,1,95,,83808,30,,,1,100,,83821,30,,,1
56601,'Semaine-1',644,,86819,5,0,5 6,1
56601,'Semaine-12',644,,86820,5,0,5 6,1
