3101,'Samedi-1',717,,80209,39,,,1,100,,80210,39,,,1,100,,80211,39,,,1,103,,80212,39,,,1,101,,80213,39,,,1,100,,80214,39,,,1,100,,80215,39,,,1,100,,80216,39,,,1,100,,80217,39,,,1,100,,80218,39,,,1,100,,80219,39,,,1,99,,80220,39,,,1,99,,80221,39,,,1,97,,80222,39,,,1,100,,80223,39,,,1,100,,80224,39,,,1,100,,80225,39,,,1,100,,80226,39,,,1
3101,'Samedi-10',717,,66345,39,,,1,100,,66346,39,,,1,100,,66347,39,,,1,103,,66348,39,,,1,101,,66349,39,,,1,100,,66350,39,,,1,100,,66351,39,,,1,100,,66352,39,,,1,100,,66353,39,,,1,100,,66354,39,,,1,100,,66355,39,,,1,99,,66356,39,,,1,99,,66357,39,,,1,97,,66358,39,,,1,100,,66359,39,,,1,100,,66360,39,,,1,100,,66361,39,,,1,100,,66362,39,,,1
3101,'Dimanche-1',717,,80228,39,,,1,100,,80233,39,,,1,100,,80240,39,,,1,103,,80230,39,,,1,101,,80232,39,,,1,100,,80229,39,,,1,100,,80231,39,,,1,100,,80227,39,,,1,100,,80234,39,,,1,100,,80237,39,,,1,100,,80236,39,,,1,99,,80235,39,,,1,99,,80239,39,,,1,97,,80238,39,,,1,100,,80241,39,,,1,100,,80242,39,,,1,100,,80243,39,,,1,100,,80244,39,,,1
3101,'Semaine-1',600,,80248,39,,,1,36,,80282,39,,,1,74,,80262,39,,,1,33,,80249,39,,,1,16,,80285,39,,,1,57,,80245,39,,,1,15,,80287,39,,,1,11,,80259,39,,,1,15,,80260,39,,,1,54,,80279,39,,,1,15,,80250,39,,,1,19,,80252,39,,,1,60,,80277,39,,,1,19,,80269,39,,,1,21,,80278,39,,,1,60,,80251,39,,,1,20,,80253,39,,,1,20,,80273,39,,,1,60,,80283,39,,,1,20,,80272,39,,,1,20,,80254,39,,,1,60,,80246,39,,,1,20,,80276,39,,,1,20,,80286,39,,,1,60,,80271,39,,,1,20,,80255,39,,,1,17,,80274,39,,,1,63,,80275,39,,,1,21,,80284,39,,,1,26,,80270,39,,,1,59,,80256,39,,,1,23,,80267,39,,,1,20,,80268,39,,,1,60,,80257,39,,,1,17,,80263,39,,,1,19,,80247,39,,,1,59,,80280,39,,,1,18,,80288,39,,,1,23,,80258,39,,,1,96,,80281,39,,,1,100,,80264,39,,,1,100,,80261,39,,,1,97,,80265,39,,,1,100,,80266,39,,,1
3101,'Semaine-12',600,,80292,39,,,1,36,,80326,39,,,1,74,,80306,39,,,1,33,,80293,39,,,1,16,,80329,39,,,1,57,,80289,39,,,1,15,,80331,39,,,1,11,,80303,39,,,1,15,,80304,39,,,1,54,,80323,39,,,1,15,,80294,39,,,1,19,,80296,39,,,1,60,,80321,39,,,1,19,,80313,39,,,1,21,,80322,39,,,1,60,,80295,39,,,1,20,,80297,39,,,1,20,,80317,39,,,1,60,,80327,39,,,1,20,,80316,39,,,1,20,,80298,39,,,1,60,,80290,39,,,1,20,,80320,39,,,1,20,,80330,39,,,1,60,,80315,39,,,1,20,,80299,39,,,1,17,,80318,39,,,1,63,,80319,39,,,1,21,,80328,39,,,1,26,,80314,39,,,1,59,,80300,39,,,1,23,,80311,39,,,1,20,,80312,39,,,1,60,,80301,39,,,1,17,,80307,39,,,1,19,,80291,39,,,1,59,,80324,39,,,1,18,,80332,39,,,1,23,,80302,39,,,1,96,,80325,39,,,1,100,,80308,39,,,1,100,,80305,39,,,1,97,,80309,39,,,1,100,,80310,39,,,1
3201,'Semaine-1',545,,80478,38,,,1,60,,80477,38,,,1,20,,80469,38,,,1,22,,80479,38,,,2,10,,80459,38,,,1,48,,80480,38,,,1,12,,80460,38,,,1,12,,80461,38,,,1,8,,80453,38,,,1,11,,80456,38,,,1,8,,80482,38,,,1,49,,80462,38,,,1,8,,80457,38,,,1,9,,80470,38,,,1,8,,80452,38,,,1,9,,80463,38,,,1,8,,80481,38,,,2,8,,80451,38,,,1,50,,80450,38,,,1,10,,80455,38,,,1,8,,80458,38,,,1,7,,80464,38,,,1,22,,80438,38,,,2,68,,80448,39,,,1,29,,80441,39,,,1,70,,80444,39,,,1,30,,80437,39,,,1,71,,80447,39,,,1,30,,80442,39,,,1,70,,80449,39,,,1,30,,80431,39,,,1,70,,80436,39,,,1,30,,80443,39,,,1,73,,80454,39,,,1,33,,80471,39,,,1,72,,80472,39,,,2,28,,80473,39,,,1,69,,80474,39,,,1,26,,80475,39,,,2,69,,80476,39,,,1,30,,80434,39,,,1,68,,80432,39,,,2,28,,80445,39,,,2,70,,80440,39,,,1,29,,80435,39,,,1,71,,80433,39,,,2,30,,80446,39,,,1,68,,80439,39,,,1,28,,80466,39,,,1,72,,80465,39,,,1,28,,80467,39,,,1,70,,80468,39,,,1
3201,'Semaine-12',545,,80530,38,,,1,60,,80529,38,,,1,20,,80521,38,,,1,22,,80531,38,,,2,10,,80511,38,,,1,48,,80532,38,,,1,12,,80512,38,,,1,12,,80513,38,,,1,8,,80505,38,,,1,11,,80508,38,,,1,8,,80534,38,,,1,49,,80514,38,,,1,8,,80509,38,,,1,9,,80522,38,,,1,8,,80504,38,,,1,9,,80515,38,,,1,8,,80533,38,,,2,8,,80503,38,,,1,50,,80502,38,,,1,10,,80507,38,,,1,8,,80510,38,,,1,7,,80516,38,,,1,22,,80490,38,,,2,68,,80500,39,,,1,29,,80493,39,,,1,70,,80496,39,,,1,30,,80489,39,,,1,71,,80499,39,,,1,30,,80494,39,,,1,70,,80501,39,,,1,30,,80483,39,,,1,70,,80488,39,,,1,30,,80495,39,,,1,73,,80506,39,,,1,33,,80523,39,,,1,72,,80524,39,,,2,28,,80525,39,,,1,69,,80526,39,,,1,26,,80527,39,,,2,69,,80528,39,,,1,30,,80486,39,,,1,68,,80484,39,,,2,28,,80497,39,,,2,70,,80492,39,,,1,29,,80487,39,,,1,71,,80485,39,,,2,30,,80498,39,,,1,68,,80491,39,,,1,28,,80518,39,,,1,72,,80517,39,,,1,28,,80519,39,,,1,70,,80520,39,,,1
3301,'Samedi-1',749,,80655,47,,,1,100,,80656,47,,,1,100,,80657,47,,,1,100,,80658,47,,,1,101,,80659,47,,,1,101,,80660,47,,,1,100,,80661,47,,,1,100,,80662,47,,,1,102,,80663,47,,,1,99,,80664,47,,,1,100,,80665,47,,,1,95,,80666,47,,,1,100,,80667,47,,,1,100,,80668,47,,,1,100,,80669,47,,,1,100,,80670,47,,,1,100,,80671,47,,,1,100,,80672,47,,,1
3301,'Samedi-10',749,,67122,47,,,1,100,,67123,47,,,1,100,,67124,47,,,1,100,,67125,47,,,1,101,,67126,47,,,1,101,,67127,47,,,1,100,,67128,47,,,1,100,,67129,47,,,1,102,,67130,47,,,1,99,,67131,47,,,1,100,,67132,47,,,1,95,,67133,47,,,1,100,,67134,47,,,1,100,,67135,47,,,1,100,,67136,47,,,1,100,,67137,47,,,1,100,,67138,47,,,1,100,,67139,47,,,1
3301,'Dimanche-1',749,,80677,47,,,1,100,,80678,47,,,1,100,,80686,47,,,1,100,,80679,47,,,1,101,,80674,47,,,1,101,,80675,47,,,1,100,,80673,47,,,1,100,,80676,47,,,1,102,,80680,47,,,1,99,,80681,47,,,1,100,,80683,47,,,1,95,,80685,47,,,1,100,,80684,47,,,1,100,,80682,47,,,1,100,,80687,47,,,1,100,,80688,47,,,1,100,,80689,47,,,1,100,,80690,47,,,1
3301,'Semaine-1',636,,80714,47,,,1,20,,80722,47,,,1,60,,80699,47,,,1,15,,80719,47,,,1,21,,80715,47,,,1,50,,80710,47,,,1,11,,80730,47,,,1,13,,80728,47,,,1,15,,80717,47,,,1,12,,80705,47,,,1,50,,80721,47,,,1,14,,80695,47,,,1,30,,80707,47,,,1,69,,80713,47,,,1,30,,80703,47,,,1,70,,80724,47,,,1,30,,80708,47,,,1,70,,80700,47,,,1,30,,80702,47,,,1,56,,80720,47,,,1,15,,80729,47,,,1,26,,80711,47,,,1,69,,80701,47,,,1,30,,80706,47,,,1,73,,80709,47,,,1,25,,80731,47,,,1,19,,80712,47,,,1,58,,80716,47,,,1,23,,80697,47,,,1,60,,80727,47,,,1,19,,80704,47,,,1,27,,80694,47,,,1,69,,80691,47,,,1,32,,80725,47,,,1,69,,80698,47,,,1,30,,80693,47,,,1,98,,80696,47,,,1,73,,80718,47,,,1,100,,80723,47,,,2,100,,80692,47,,,1,100,,80726,47,,,1
3301,'Semaine-12',636,,80755,47,,,1,20,,80763,47,,,1,60,,80740,47,,,1,15,,80760,47,,,1,21,,80756,47,,,1,50,,80751,47,,,1,11,,80771,47,,,1,13,,80769,47,,,1,15,,80758,47,,,1,12,,80746,47,,,1,50,,80762,47,,,1,14,,80736,47,,,1,30,,80748,47,,,1,69,,80754,47,,,1,30,,80744,47,,,1,70,,80765,47,,,1,30,,80749,47,,,1,70,,80741,47,,,1,30,,80743,47,,,1,56,,80761,47,,,1,15,,80770,47,,,1,26,,80752,47,,,1,69,,80742,47,,,1,30,,80747,47,,,1,73,,80750,47,,,1,25,,80772,47,,,1,19,,80753,47,,,1,58,,80757,47,,,1,23,,80738,47,,,1,60,,80768,47,,,1,19,,80745,47,,,1,27,,80735,47,,,1,69,,80732,47,,,1,32,,80766,47,,,1,69,,80739,47,,,1,30,,80734,47,,,1,98,,80737,47,,,1,73,,80759,47,,,1,100,,80764,47,,,2,100,,80733,47,,,1,100,,80767,47,,,1
3401,'Samedi-1',734,,80905,60,,,1,100,,80908,60,,,1,70,,80917,60,,,1,30,,80906,60,,,1,74,,80911,60,,,1,30,,80913,60,,,1,67,,80907,60,,,1,30,,80916,60,,,1,74,,80909,60,,,1,29,,80918,60,,,1,72,,80910,60,,,1,30,,80912,60,,,1,70,,80914,60,,,1,30,,80915,60,,,1,70,,80919,60,,,1,32,,80920,60,,,1,70,,80921,60,,,1,30,,80922,60,,,1,69,,80923,60,,,1,28,,80924,60,,,1,70,,80925,60,,,1,28,,80926,60,,,1,70,,80927,60,,,1,30,,80929,60,,,1,67,,80928,60,,,1,30,,80930,60,,,1,70,,80931,60,,,1,30,,80932,60,,,1,70,,80934,60,,,1,30,,80933,60,,,1,70,,80935,60,,,1,54,,80936,60,,,1
3401,'Samedi-10',734,,67667,60,,,1,100,,67670,60,,,1,70,,67679,60,,,1,30,,67668,60,,,1,74,,67673,60,,,1,30,,67675,60,,,1,67,,67669,60,,,1,30,,67678,60,,,1,74,,67671,60,,,1,29,,67680,60,,,1,72,,67672,60,,,1,30,,67674,60,,,1,70,,67676,60,,,1,30,,67677,60,,,1,70,,67681,60,,,1,32,,67682,60,,,1,70,,67683,60,,,1,30,,67684,60,,,1,69,,67685,60,,,1,28,,67686,60,,,1,70,,67687,60,,,1,28,,67688,60,,,1,70,,67689,60,,,1,30,,67691,60,,,1,67,,67690,60,,,1,30,,67692,60,,,1,70,,67693,60,,,1,30,,67694,60,,,1,70,,67696,60,,,1,30,,67695,60,,,1,70,,67697,60,,,1,54,,67698,60,,,1
3401,'Dimanche-1',734,,80937,60,,,1,100,,80945,60,,,1,70,,80950,60,,,1,30,,80942,60,,,1,74,,80940,60,,,1,30,,80963,60,,,1,67,,80944,60,,,1,30,,80949,60,,,1,74,,80939,60,,,1,29,,80938,60,,,1,72,,80941,60,,,1,30,,80948,60,,,1,70,,80951,60,,,1,30,,80943,60,,,1,70,,80947,60,,,1,32,,80946,60,,,1,70,,80952,60,,,1,30,,80956,60,,,1,69,,80953,60,,,1,28,,80954,60,,,1,70,,80955,60,,,1,28,,80962,60,,,1,70,,80957,60,,,1,30,,80960,60,,,1,67,,80958,60,,,1,30,,80959,60,,,1,70,,80961,60,,,1,30,,80964,60,,,1,70,,80966,60,,,1,30,,80965,60,,,1,70,,80967,60,,,1,54,,80968,60,,,1
3401,'Semaine-1',944,,80994,59,,,1,69,,80974,59,,,2,30,,80978,60,,,1,70,,80998,60,,,1,30,,80971,60,,,1,70,,80975,60,,,1,30,,80979,60,,,1,70,,80969,60,,,1,30,,80972,60,,,1,70,,80976,60,,,1,32,,80980,60,,,2,71,,80973,60,,,1,32,,80995,60,,,1,73,,80970,60,,,1,35,,80996,60,,,1,67,,80997,60,,,1,27,,80991,60,,,1,67,,80987,60,,,1,26,,80977,60,,,1,69,,80984,60,,,1,29,,80993,60,,,1,69,,80981,60,,,1,30,,80983,60,,,1,70,,80985,60,,,1,30,,80989,60,,,2,70,,80982,60,,,1,30,,80988,60,,,1,68,,80986,60,,,1,30,,80990,60,,,1,70,,80992,60,,,1
3401,'Semaine-12',944,,81024,59,,,1,69,,81004,59,,,2,30,,81008,60,,,1,70,,81028,60,,,1,30,,81001,60,,,1,70,,81005,60,,,1,30,,81009,60,,,1,70,,80999,60,,,1,30,,81002,60,,,1,70,,81006,60,,,1,32,,81010,60,,,2,71,,81003,60,,,1,32,,81025,60,,,1,73,,81000,60,,,1,35,,81026,60,,,1,67,,81027,60,,,1,27,,81021,60,,,1,67,,81017,60,,,1,26,,81007,60,,,1,69,,81014,60,,,1,29,,81023,60,,,1,69,,81011,60,,,1,30,,81013,60,,,1,70,,81015,60,,,1,30,,81019,60,,,2,70,,81012,60,,,1,30,,81018,60,,,1,68,,81016,60,,,1,30,,81020,60,,,1,70,,81022,60,,,1
3601,'Semaine-1',925,,81179,47,,,1,90,,81177,48,,,1,99,,81180,48,,,1,102,,81178,48,,,1,99,,81183,48,,,1,100,,81182,48,,,1,101,,81181,48,,,1
3601,'Semaine-12',925,,81186,47,,,1,90,,81184,48,,,1,99,,81187,48,,,1,102,,81185,48,,,1,99,,81190,48,,,1,100,,81189,48,,,1,101,,81188,48,,,1
3701,'Samedi-1',721,,81286,41,,,1,100,,81291,41,,,1,100,,81285,41,,,1,103,,81290,41,,,1,100,,81287,41,,,1,100,,81288,41,,,1,100,,81292,41,,,1,103,,81289,41,,,1,100,,81293,41,,,1,100,,81294,41,,,1,100,,81295,41,,,1,97,,81296,41,,,1,100,,81297,41,,,1,100,,81298,41,,,1,100,,81299,41,,,1,97,,81300,41,,,1,99,,81301,41,,,1
3701,'Samedi-10',721,,68373,41,,,1,100,,68378,41,,,1,100,,68372,41,,,1,103,,68377,41,,,1,100,,68374,41,,,1,100,,68375,41,,,1,100,,68379,41,,,1,103,,68376,41,,,1,100,,68380,41,,,1,100,,68381,41,,,1,100,,68382,41,,,1,97,,68383,41,,,1,100,,68384,41,,,1,100,,68385,41,,,1,100,,68386,41,,,1,97,,68387,41,,,1,99,,68388,41,,,1
3701,'Dimanche-1',721,,81303,41,,,1,100,,81304,41,,,1,100,,81306,41,,,1,103,,81307,41,,,1,100,,81315,41,,,1,100,,81302,41,,,1,100,,81308,41,,,1,103,,81305,41,,,1,100,,81310,41,,,1,100,,81311,41,,,1,100,,81313,41,,,1,97,,81312,41,,,1,100,,81309,41,,,1,100,,81314,41,,,1,100,,81316,41,,,1,97,,81317,41,,,1,99,,81318,41,,,1
3701,'Semaine-1',547,,81332,40,,,1,72,,81330,40,,,1,35,,81334,40,,,1,70,,81324,40,,,1,77,,81341,40,,,1,17,,81321,40,,,1,14,,81342,40,,,1,68,,81323,40,,,1,57,,81340,40,,,1,100,,81328,41,,,1,100,,81322,41,,,1,100,,81320,41,,,1,100,,81325,41,,,1,101,,81336,41,,,1,142,,81319,41,,,1,32,,81335,41,,,1,71,,81338,41,,,1,28,,81333,41,,,1,28,,81339,41,,,1,66,,81343,41,,,1,85,,81327,41,,,1,98,,81337,41,,,1,100,,81329,41,,,1,102,,81326,41,,,1,47,,81331,41,,,1
3701,'Semaine-12',547,,81357,40,,,1,72,,81355,40,,,1,35,,81359,40,,,1,70,,81349,40,,,1,77,,81366,40,,,1,17,,81346,40,,,1,14,,81367,40,,,1,68,,81348,40,,,1,57,,81365,40,,,1,100,,81353,41,,,1,100,,81347,41,,,1,100,,81345,41,,,1,100,,81350,41,,,1,101,,81361,41,,,1,142,,81344,41,,,1,32,,81360,41,,,1,71,,81363,41,,,1,28,,81358,41,,,1,28,,81364,41,,,1,66,,81368,41,,,1,85,,81352,41,,,1,98,,81362,41,,,1,100,,81354,41,,,1,102,,81351,41,,,1,47,,81356,41,,,1
3801,'Samedi-1',734,,81523,28,,,1,70,,81519,28,,,1,30,,81531,28,,,1,70,,81524,28,,,1,30,,81520,28,,,1,71,,81532,28,,,1,28,,81525,28,,,1,72,,81529,28,,,1,31,,81521,28,,,1,70,,81526,28,,,1,30,,81530,28,,,1,70,,81522,28,,,1,31,,81527,28,,,1,70,,81528,28,,,1,30,,81533,28,,,1,70,,81534,28,,,1,31,,81535,28,,,1,70,,81536,28,,,1,29,,81537,28,,,1,70,,81538,28,,,1,30,,81539,28,,,1,70,,81540,28,,,1,27,,81541,28,,,1,71,,81543,28,,,1,30,,81542,28,,,1,70,,81545,28,,,1,30,,81544,28,,,1,70,,81546,28,,,1,29,,81547,28,,,1,70,,81551,28,,,1,30,,81548,28,,,1,70,,81549,28,,,1,30,,81550,28,,,1
3801,'Samedi-10',734,,68893,28,,,1,70,,68889,28,,,1,30,,68901,28,,,1,70,,68894,28,,,1,30,,68890,28,,,1,71,,68902,28,,,1,28,,68895,28,,,1,72,,68899,28,,,1,31,,68891,28,,,1,70,,68896,28,,,1,30,,68900,28,,,1,70,,68892,28,,,1,31,,68897,28,,,1,70,,68898,28,,,1,30,,68903,28,,,1,70,,68904,28,,,1,31,,68905,28,,,1,70,,68906,28,,,1,29,,68907,28,,,1,70,,68908,28,,,1,30,,68909,28,,,1,70,,68910,28,,,1,27,,68911,28,,,1,71,,68913,28,,,1,30,,68912,28,,,1,70,,68915,28,,,1,30,,68914,28,,,1,70,,68916,28,,,1,29,,68917,28,,,1,70,,68921,28,,,1,30,,68918,28,,,1,70,,68919,28,,,1,30,,68920,28,,,1
3801,'Dimanche-1',734,,81560,28,,,1,70,,81562,28,,,1,30,,81555,28,,,1,70,,81554,28,,,1,30,,81576,28,,,1,71,,81565,28,,,1,28,,81556,28,,,1,72,,81578,28,,,1,31,,81575,28,,,1,70,,81557,28,,,1,30,,81577,28,,,1,70,,81564,28,,,1,31,,81558,28,,,1,70,,81561,28,,,1,30,,81563,28,,,1,70,,81553,28,,,1,31,,81559,28,,,1,70,,81552,28,,,1,29,,81569,28,,,1,70,,81570,28,,,1,30,,81572,28,,,1,70,,81568,28,,,1,27,,81574,28,,,1,71,,81571,28,,,1,30,,81566,28,,,1,70,,81573,28,,,1,30,,81567,28,,,1,70,,81579,28,,,1,29,,81580,28,,,1,70,,81581,28,,,1,30,,81582,28,,,1,70,,81583,28,,,1,30,,81584,28,,,1
3801,'Semaine-1',642,,81613,29,,,1,72,,81585,29,,,1,30,,81612,29,,,1,62,,81623,29,,,1,18,,81619,29,,,1,23,,81601,29,,,1,70,,81621,29,,,1,29,,81608,28,,,1,59,,81591,28,,,1,20,,81617,28,,,1,20,,81602,28,,,1,60,,81594,28,,,1,22,,81609,28,,,1,20,,81592,28,,,1,60,,81616,28,,,1,21,,81622,28,,,1,22,,81595,28,,,1,60,,81624,28,,,1,20,,81610,28,,,1,20,,81615,28,,,1,58,,81603,28,,,1,20,,81596,28,,,1,19,,81611,28,,,1,61,,81625,28,,,1,23,,81598,28,,,1,22,,81604,28,,,1,70,,81618,28,,,1,30,,81593,28,,,1,71,,81600,28,,,1,27,,81590,28,,,1,69,,81626,28,,,1,20,,81587,28,,,1,19,,81620,28,,,1,69,,81589,28,,,1,29,,81599,28,,,1,71,,81607,28,,,1,30,,81614,28,,,1,70,,81597,28,,,1,28,,81605,28,,,1,71,,81606,28,,,1,29,,81586,28,,,1,85,,81588,28,,,1
3801,'Semaine-12',642,,81655,29,,,1,72,,81627,29,,,1,30,,81654,29,,,1,62,,81665,29,,,1,18,,81661,29,,,1,23,,81643,29,,,1,70,,81663,29,,,1,29,,81650,28,,,1,59,,81633,28,,,1,20,,81659,28,,,1,20,,81644,28,,,1,60,,81636,28,,,1,22,,81651,28,,,1,20,,81634,28,,,1,60,,81658,28,,,1,21,,81664,28,,,1,22,,81637,28,,,1,60,,81666,28,,,1,20,,81652,28,,,1,20,,81657,28,,,1,58,,81645,28,,,1,20,,81638,28,,,1,19,,81653,28,,,1,61,,81667,28,,,1,23,,81640,28,,,1,22,,81646,28,,,1,70,,81660,28,,,1,30,,81635,28,,,1,71,,81642,28,,,1,27,,81632,28,,,1,69,,81668,28,,,1,20,,81629,28,,,1,19,,81662,28,,,1,69,,81631,28,,,1,29,,81641,28,,,1,71,,81649,28,,,1,30,,81656,28,,,1,70,,81639,28,,,1,28,,81647,28,,,1,71,,81648,28,,,1,29,,81628,28,,,1,85,,81630,28,,,1
5501,'Samedi-1',730,,82555,58,,,1,70,,82558,58,,,1,31,,82557,58,,,1,70,,82567,58,,,1,29,,82556,58,,,1,72,,82559,58,,,1,31,,82560,58,,,1,69,,82566,58,,,1,31,,82562,58,,,1,70,,82563,58,,,1,30,,82561,58,,,1,70,,82569,58,,,1,30,,82568,58,,,1,70,,82564,58,,,1,30,,82565,58,,,1,72,,82570,58,,,1,28,,82571,58,,,1,72,,82572,58,,,1,28,,82573,58,,,1,72,,82574,58,,,1,28,,82575,58,,,1,72,,82576,58,,,1,28,,82577,58,,,1,69,,82578,58,,,1,30,,82579,58,,,1,70,,82580,58,,,1,30,,82581,58,,,1,27,,82582,58,,,1,70,,82583,58,,,1,30,,82585,58,,,1,69,,82584,58,,,1,30,,82587,58,,,1,70,,82586,58,,,1
5501,'Samedi-10',730,,71004,58,,,1,70,,71007,58,,,1,31,,71006,58,,,1,70,,71016,58,,,1,29,,71005,58,,,1,72,,71008,58,,,1,31,,71009,58,,,1,69,,71015,58,,,1,31,,71011,58,,,1,70,,71012,58,,,1,30,,71010,58,,,1,70,,71018,58,,,1,30,,71017,58,,,1,70,,71013,58,,,1,30,,71014,58,,,1,72,,71019,58,,,1,28,,71020,58,,,1,72,,71021,58,,,1,28,,71022,58,,,1,72,,71023,58,,,1,28,,71024,58,,,1,72,,71025,58,,,1,28,,71026,58,,,1,69,,71027,58,,,1,30,,71028,58,,,1,70,,71029,58,,,1,30,,71030,58,,,1,27,,71031,58,,,1,70,,71032,58,,,1,30,,71034,58,,,1,69,,71033,58,,,1,30,,71036,58,,,1,70,,71035,58,,,1
5501,'Dimanche-1',730,,82589,58,,,1,70,,82593,58,,,1,31,,82591,58,,,1,70,,82596,58,,,1,29,,82598,58,,,1,72,,82592,58,,,1,31,,82588,58,,,1,69,,82602,58,,,1,31,,82597,58,,,1,70,,82604,58,,,1,30,,82595,58,,,1,70,,82594,58,,,1,30,,82600,58,,,1,70,,82590,58,,,1,30,,82599,58,,,1,72,,82603,58,,,1,28,,82608,58,,,1,72,,82601,58,,,1,28,,82607,58,,,1,72,,82610,58,,,1,28,,82605,58,,,1,72,,82606,58,,,1,28,,82612,58,,,1,69,,82614,58,,,1,30,,82611,58,,,1,70,,82609,58,,,1,30,,82613,58,,,1,27,,82615,58,,,1,70,,82616,58,,,1,30,,82617,58,,,1,69,,82618,58,,,1,30,,82619,58,,,1,70,,82620,58,,,1
5501,'Semaine-1',548,,82634,58,,,1,55,,82641,58,,,1,14,,82640,56,,,1,18,,82624,56,,,1,16,,82662,56,,,1,62,,82661,56,,,1,8,,82621,56,,,1,18,,82666,56,,,1,15,,82647,56,,,1,55,,82655,56,,,1,16,,82625,56,,,1,8,,82629,56,,,1,12,,82627,56,,,1,9,,82656,56,,,1,4,,82658,56,,,1,53,,82635,56,,,1,26,,82639,56,,,1,12,,82626,56,,,1,51,,82660,56,,,1,30,,82653,58,,,1,23,,82665,25,,,1,48,,82657,58,,,1,29,,82623,58,,,1,27,,82630,58,,,1,70,,82643,58,,,1,30,,82654,58,,,1,71,,82650,58,,,1,30,,82631,58,,,1,70,,82663,58,,,1,30,,82622,58,,,1,76,,82628,58,,,1,94,,82632,58,,,1,94,,82637,58,,,1,99,,82642,58,,,1,96,,82659,58,,,1,19,,82648,58,,,1,70,,82636,58,,,1,30,,82652,58,,,1,70,,82645,58,,,1,30,,82664,58,,,1,70,,82638,58,,,1,29,,82644,58,,,1,69,,82646,58,,,1,30,,82633,58,,,1,68,,82651,58,,,1,30,,82649,58,,,1
5501,'Semaine-12',548,,82680,58,,,1,55,,82687,58,,,1,14,,82686,56,,,1,18,,82670,56,,,1,16,,82708,56,,,1,62,,82707,56,,,1,8,,82667,56,,,1,18,,82712,56,,,1,15,,82693,56,,,1,55,,82701,56,,,1,16,,82671,56,,,1,8,,82675,56,,,1,12,,82673,56,,,1,9,,82702,56,,,1,4,,82704,56,,,1,53,,82681,56,,,1,26,,82685,56,,,1,12,,82672,56,,,1,51,,82706,56,,,1,30,,82699,58,,,1,23,,82711,25,,,1,48,,82703,58,,,1,29,,82669,58,,,1,27,,82676,58,,,1,70,,82689,58,,,1,30,,82700,58,,,1,71,,82696,58,,,1,30,,82677,58,,,1,70,,82709,58,,,1,30,,82668,58,,,1,76,,82674,58,,,1,94,,82678,58,,,1,94,,82683,58,,,1,99,,82688,58,,,1,96,,82705,58,,,1,19,,82694,58,,,1,70,,82682,58,,,1,30,,82698,58,,,1,70,,82691,58,,,1,30,,82710,58,,,1,70,,82684,58,,,1,29,,82690,58,,,1,69,,82692,58,,,1,30,,82679,58,,,1,68,,82697,58,,,1,30,,82695,58,,,1
5901,'Samedi-1',744,,82939,47,,,1,70,,82946,47,,,1,31,,82943,47,,,1,70,,82948,47,,,1,31,,82940,47,,,1,70,,82945,47,,,1,31,,82944,47,,,1,70,,82947,47,,,1,30,,82951,47,,,1,71,,82952,47,,,1,30,,82941,47,,,1,70,,82942,47,,,1,30,,82950,47,,,1,70,,82949,47,,,1,30,,82953,47,,,1,70,,82954,47,,,1,30,,82955,47,,,1,70,,82956,47,,,1,30,,82957,47,,,1,70,,82958,47,,,1,30,,82959,47,,,1,70,,82960,47,,,1,30,,82961,47,,,1,67,,82962,47,,,1,31,,82963,47,,,1,71,,82965,47,,,1,30,,82964,47,,,1,68,,82966,47,,,1,30,,82967,47,,,1,70,,82968,47,,,1,30,,82970,47,,,1,69,,82969,47,,,1
5901,'Samedi-10',744,,71780,47,,,1,70,,71787,47,,,1,31,,71784,47,,,1,70,,71789,47,,,1,31,,71781,47,,,1,70,,71786,47,,,1,31,,71785,47,,,1,70,,71788,47,,,1,30,,71792,47,,,1,71,,71793,47,,,1,30,,71782,47,,,1,70,,71783,47,,,1,30,,71791,47,,,1,70,,71790,47,,,1,30,,71794,47,,,1,70,,71795,47,,,1,30,,71796,47,,,1,70,,71797,47,,,1,30,,71798,47,,,1,70,,71799,47,,,1,30,,71800,47,,,1,70,,71801,47,,,1,30,,71802,47,,,1,67,,71803,47,,,1,31,,71804,47,,,1,71,,71806,47,,,1,30,,71805,47,,,1,68,,71807,47,,,1,30,,71808,47,,,1,70,,71809,47,,,1,30,,71811,47,,,1,69,,71810,47,,,1
5901,'Dimanche-1',744,,82971,47,,,1,70,,82983,47,,,1,31,,82977,47,,,1,70,,82978,47,,,1,31,,82985,47,,,1,70,,82982,47,,,1,31,,82987,47,,,1,70,,82974,47,,,1,30,,82986,47,,,1,71,,82972,47,,,1,30,,82981,47,,,1,70,,82973,47,,,1,30,,82976,47,,,1,70,,82979,47,,,1,30,,82980,47,,,1,70,,82988,47,,,1,30,,82975,47,,,1,70,,82991,47,,,1,30,,82984,47,,,1,70,,82993,47,,,1,30,,82994,47,,,1,70,,82990,47,,,1,30,,82995,47,,,1,67,,82992,47,,,1,31,,82996,47,,,1,71,,82989,47,,,1,30,,82997,47,,,1,68,,82998,47,,,1,30,,82999,47,,,1,70,,83000,47,,,1,30,,83001,47,,,1,69,,83002,47,,,1
5901,'Semaine-1',542,,83007,47,,,1,15,,83043,47,,,1,55,,83016,47,,,1,15,,83037,45,,,1,19,,83017,45,,,1,54,,83006,45,,,1,13,,83008,45,,,1,17,,83011,45,,,1,14,,83046,23,,,1,5,,83014,45,,,1,10,,83047,23,,,1,48,,83015,45,,,1,7,,83048,23,,,1,11,,83010,45,,,1,7,,83004,23,,,1,5,,83039,45,,,1,19,,83025,45,,,1,51,,83030,45,,,1,13,,83020,45,,,1,10,,83005,45,,,1,16,,83023,45,,,1,67,,83049,45,,,1,29,,83044,47,,,1,70,,83031,47,,,1,30,,83013,47,,,1,72,,83024,47,,,1,30,,83027,47,,,1,70,,83012,47,,,1,30,,83041,47,,,1,70,,83003,47,,,1,30,,83045,47,,,1,70,,83035,47,,,1,42,,83038,47,,,1,100,,83042,47,,,1,96,,83022,47,,,1,98,,83029,47,,,1,71,,83034,47,,,1,30,,83021,47,,,1,70,,83028,47,,,1,30,,83033,47,,,1,69,,83040,47,,,1,30,,83018,47,,,1,70,,83036,47,,,1,29,,83026,47,,,1,70,,83009,47,,,1,30,,83019,47,,,1,70,,83032,47,,,1
5901,'Semaine-12',542,,83054,47,,,1,15,,83090,47,,,1,55,,83063,47,,,1,15,,83084,45,,,1,19,,83064,45,,,1,54,,83053,45,,,1,13,,83055,45,,,1,17,,83058,45,,,1,14,,83093,23,,,1,5,,83061,45,,,1,10,,83094,23,,,1,48,,83062,45,,,1,7,,83095,23,,,1,11,,83057,45,,,1,7,,83051,23,,,1,5,,83086,45,,,1,19,,83072,45,,,1,51,,83077,45,,,1,13,,83067,45,,,1,10,,83052,45,,,1,16,,83070,45,,,1,67,,83096,45,,,1,29,,83091,47,,,1,70,,83078,47,,,1,30,,83060,47,,,1,72,,83071,47,,,1,30,,83074,47,,,1,70,,83059,47,,,1,30,,83088,47,,,1,70,,83050,47,,,1,30,,83092,47,,,1,70,,83082,47,,,1,42,,83085,47,,,1,100,,83089,47,,,1,96,,83069,47,,,1,98,,83076,47,,,1,71,,83081,47,,,1,30,,83068,47,,,1,70,,83075,47,,,1,30,,83080,47,,,1,69,,83087,47,,,1,30,,83065,47,,,1,70,,83083,47,,,1,29,,83073,47,,,1,70,,83056,47,,,1,30,,83066,47,,,1,70,,83079,47,,,1
6701,'Samedi-1',659,,83967,35,,,1,100,,83973,35,,,1,142,,83969,35,,,1,101,,83968,35,,,1,30,,83971,35,,,1,72,,83976,35,,,1,30,,83977,35,,,1,70,,83970,35,,,1,30,,83972,35,,,1,70,,83975,35,,,1,30,,83978,35,,,1,70,,83979,35,,,1,30,,83974,35,,,1,71,,83980,35,,,1,30,,83981,35,,,1,71,,83982,35,,,1,31,,83983,35,,,1,66,,83984,35,,,1,33,,83985,35,,,1,69,,83986,35,,,1,30,,83987,35,,,1,65,,83988,35,,,1,32,,83989,35,,,1,100,,83990,35,,,1,100,,83991,35,,,1,100,,83993,35,,,1,98,,83992,35,,,1
6701,'Samedi-10',659,,73821,35,,,1,100,,73827,35,,,1,142,,73823,35,,,1,101,,73822,35,,,1,30,,73825,35,,,1,72,,73830,35,,,1,30,,73831,35,,,1,70,,73824,35,,,1,30,,73826,35,,,1,70,,73829,35,,,1,30,,73832,35,,,1,70,,73833,35,,,1,30,,73828,35,,,1,71,,73834,35,,,1,30,,73835,35,,,1,71,,73836,35,,,1,31,,73837,35,,,1,66,,73838,35,,,1,33,,73839,35,,,1,69,,73840,35,,,1,30,,73841,35,,,1,65,,73842,35,,,1,32,,73843,35,,,1,100,,73844,35,,,1,100,,73845,35,,,1,100,,73847,35,,,1,98,,73846,35,,,1
6701,'Dimanche-1',659,,83994,35,,,1,100,,83997,35,,,1,142,,83999,35,,,1,101,,84002,35,,,1,30,,84008,35,,,1,72,,83996,35,,,1,30,,84009,35,,,1,70,,84000,35,,,1,30,,84003,35,,,1,70,,84001,35,,,1,30,,83995,35,,,1,70,,84005,35,,,1,30,,84006,35,,,1,71,,83998,35,,,1,30,,84004,35,,,1,71,,84011,35,,,1,31,,84007,35,,,1,66,,84014,35,,,1,33,,84015,35,,,1,69,,84012,35,,,1,30,,84017,35,,,1,65,,84010,35,,,1,32,,84016,35,,,1,100,,84013,35,,,1,100,,84018,35,,,1,100,,84019,35,,,1,98,,84020,35,,,1
6701,'Semaine-1',940,,84041,35,,,1,19,,84030,35,,,1,60,,84048,35,,,1,20,,84034,35,,,1,20,,84028,35,,,1,60,,84049,35,,,1,20,,84042,35,,,1,20,,84031,35,,,1,60,,84050,35,,,1,20,,84035,35,,,1,19,,84038,35,,,1,60,,84051,35,,,1,20,,84037,35,,,1,20,,84032,35,,,1,62,,84052,35,,,1,20,,84043,35,,,1,60,,84045,35,,,1,23,,84047,35,,,1,20,,84039,35,,,1,74,,84023,35,,,1,30,,84046,35,,,1,66,,84026,35,,,1,30,,84044,35,,,1,70,,84040,35,,,1,28,,84033,35,,,1,68,,84021,35,,,1,28,,84036,35,,,1,69,,84024,35,,,2,30,,84053,35,,,2,70,,84022,35,,,1,30,,84055,35,,,1,69,,84025,35,,,2,30,,84056,35,,,1,68,,84027,35,,,1,29,,84054,35,,,1,70,,84029,35,,,2
6701,'Semaine-12',940,,84077,35,,,1,19,,84066,35,,,1,60,,84084,35,,,1,20,,84070,35,,,1,20,,84064,35,,,1,60,,84085,35,,,1,20,,84078,35,,,1,20,,84067,35,,,1,60,,84086,35,,,1,20,,84071,35,,,1,19,,84074,35,,,1,60,,84087,35,,,1,20,,84073,35,,,1,20,,84068,35,,,1,62,,84088,35,,,1,20,,84079,35,,,1,60,,84081,35,,,1,23,,84083,35,,,1,20,,84075,35,,,1,74,,84059,35,,,1,30,,84082,35,,,1,66,,84062,35,,,1,30,,84080,35,,,1,70,,84076,35,,,1,28,,84069,35,,,1,68,,84057,35,,,1,28,,84072,35,,,1,69,,84060,35,,,2,30,,84089,35,,,2,70,,84058,35,,,1,30,,84091,35,,,1,69,,84061,35,,,2,30,,84092,35,,,1,68,,84063,35,,,1,29,,84090,35,,,1,70,,84065,35,,,2
8501,'Semaine-1',555,,85431,37,,,1,71,,85433,37,,,1,27,,85436,37,,,1,55,,85435,37,,,1,19,,85440,37,,,1,14,,85432,37,,,2,18,,85438,37,,,1,56,,85434,37,,,2,14,,85439,37,,,1,20,,85437,37,,,1
8501,'Semaine-12',555,,85441,37,,,1,71,,85443,37,,,1,27,,85446,37,,,1,55,,85445,37,,,1,19,,85450,37,,,1,14,,85442,37,,,2,18,,85448,37,,,1,56,,85444,37,,,2,14,,85449,37,,,1,20,,85447,37,,,1
8701,'Semaine-1',539,,85481,33,,,1,70,,85474,33,,,1,30,,85479,33,,,1,19,,85477,33,,,1,56,,85475,33,,,1,16,,85484,33,,,1,17,,85480,33,,,1,57,,85476,33,,,1,16,,85483,33,,,1,18,,85482,33,,,2,20,,85478,33,,,1,59,,85473,33,,,1
8701,'Semaine-12',539,,85493,33,,,1,70,,85486,33,,,1,30,,85491,33,,,1,19,,85489,33,,,1,56,,85487,33,,,1,16,,85496,33,,,1,17,,85492,33,,,1,57,,85488,33,,,1,16,,85495,33,,,1,18,,85494,33,,,2,20,,85490,33,,,1,59,,85485,33,,,1
20001,'Semaine-1',642,,85828,13,,,1,6,,85829,15,,,1,6,,85830,13,,,1,46,,85831,15,,,1,3,,85832,13,,,1,5,,85854,15,,,1,9,,85833,13,,,1,2,,85834,15,,,1,8,,85851,13,,,1,5,,85835,15,,,1,8,,85850,13,,,1,5,,85837,15,,,1,5,,85846,13,,,1,3,,85836,13,,,1,3,,85827,15,,,1,3,,85853,13,,,1,43,,85842,13,,,1,3,,85838,15,,,1,3,,85840,13,,,1,3,,85852,13,,,1,5,,85839,15,,,1,7,,85843,13,,,1,3,,85841,15,,,1,2,,85845,13,,,1,7,,85844,15,,,1,8,,85855,13,,,1,6,,85847,15,,,1,5,,85848,13,,,1,5,,85849,15,,,1,46,,85856,13,,,1
20001,'Semaine-12',642,,85858,13,,,1,6,,85859,15,,,1,6,,85860,13,,,1,46,,85861,15,,,1,3,,85862,13,,,1,5,,85884,15,,,1,9,,85863,13,,,1,2,,85864,15,,,1,8,,85881,13,,,1,5,,85865,15,,,1,8,,85880,13,,,1,5,,85867,15,,,1,5,,85876,13,,,1,3,,85866,13,,,1,3,,85857,15,,,1,3,,85883,13,,,1,43,,85872,13,,,1,3,,85868,15,,,1,3,,85870,13,,,1,3,,85882,13,,,1,5,,85869,15,,,1,7,,85873,13,,,1,3,,85871,15,,,1,2,,85875,13,,,1,7,,85874,15,,,1,8,,85885,13,,,1,6,,85877,15,,,1,5,,85878,13,,,1,5,,85879,15,,,1,46,,85886,13,,,1
37101,'Samedi-1',750,,86004,41,,,1,100,,86003,41,,,1,102,,86007,41,,,1,100,,86006,41,,,1,100,,86008,41,,,1,101,,86005,41,,,1,101,,86009,41,,,1,98,,86010,41,,,1,100,,86011,41,,,1,100,,86012,41,,,1,99,,86013,41,,,1,105,,86014,41,,,1,94,,86015,41,,,1,99,,86016,41,,,1,100,,86017,41,,,1,99,,86018,41,,,1,100,,86019,41,,,1
37101,'Samedi-10',750,,77625,41,,,1,100,,77624,41,,,1,102,,77628,41,,,1,100,,77627,41,,,1,100,,77629,41,,,1,101,,77626,41,,,1,101,,77630,41,,,1,98,,77631,41,,,1,100,,77632,41,,,1,100,,77633,41,,,1,99,,77634,41,,,1,105,,77635,41,,,1,94,,77636,41,,,1,99,,77637,41,,,1,100,,77638,41,,,1,99,,77639,41,,,1,100,,77640,41,,,1
37101,'Dimanche-1',750,,86033,41,,,1,100,,86022,41,,,1,102,,86023,41,,,1,100,,86020,41,,,1,100,,86025,41,,,1,101,,86021,41,,,1,101,,86024,41,,,1,98,,86027,41,,,1,100,,86026,41,,,1,100,,86028,41,,,1,99,,86032,41,,,1,105,,86031,41,,,1,94,,86029,41,,,1,99,,86030,41,,,1,100,,86034,41,,,1,99,,86035,41,,,1,100,,86036,41,,,1
37101,'Semaine-1',559,,86053,41,,,1,73,,86056,40,,,1,73,,86049,40,,,1,30,,86051,40,,,1,74,,86061,40,,,1,30,,86060,40,,,1,67,,86055,40,,,1,32,,86039,40,,,1,98,,86046,41,,,1,100,,86044,41,,,1,100,,86045,41,,,1,100,,86059,41,,,1,100,,86042,41,,,1,108,,86043,41,,,1,71,,86040,41,,,1,30,,86047,41,,,1,67,,86057,41,,,1,27,,86058,41,,,1,70,,86037,41,,,1,40,,86041,41,,,1,91,,86052,41,,,1,100,,86054,41,,,1,100,,86038,41,,,1,97,,86048,41,,,1,183,,86050,41,,,1
37101,'Semaine-12',559,,86078,41,,,1,73,,86081,40,,,1,73,,86074,40,,,1,30,,86076,40,,,1,74,,86086,40,,,1,30,,86085,40,,,1,67,,86080,40,,,1,32,,86064,40,,,1,98,,86071,41,,,1,100,,86069,41,,,1,100,,86070,41,,,1,100,,86084,41,,,1,100,,86067,41,,,1,108,,86068,41,,,1,71,,86065,41,,,1,30,,86072,41,,,1,67,,86082,41,,,1,27,,86083,41,,,1,70,,86062,41,,,1,40,,86066,41,,,1,91,,86077,41,,,1,100,,86079,41,,,1,100,,86063,41,,,1,97,,86073,41,,,1,183,,86075,41,,,1
40001,'Samedi-1',654,,86419,20,,,1,55,,86422,20,,,1,15,,86424,20,,,1,15,,86420,20,,,1,15,,86421,20,,,1,55,,86423,20,,,1,15,,86429,20,,,1,15,,86436,20,,,1,15,,86427,20,,,1,55,,86447,20,,,1,15,,86425,20,,,1,16,,86426,20,,,1,16,,86435,20,,,1,55,,86428,20,,,1,15,,86430,20,,,1,15,,86438,20,,,1,15,,86439,20,,,1,55,,86440,20,,,1,15,,86446,20,,,1,15,,86445,20,,,1,15,,86449,20,,,1,55,,86432,20,,,1,17,,86431,20,,,1,15,,86434,20,,,1,15,,86437,20,,,1,55,,86433,20,,,1,15,,86442,20,,,1,15,,86444,20,,,1,15,,86450,20,,,1,55,,86441,20,,,1,15,,86443,20,,,1,15,,86448,20,,,1,15,,86451,20,,,1,55,,86452,20,,,1,15,,86453,20,,,1,15,,86454,20,,,1,15,,86455,20,,,1,55,,86456,20,,,1,15,,86457,20,,,1,15,,86458,20,,,1,16,,86459,20,,,1,54,,86460,20,,,1,15,,86461,20,,,1,15,,86462,20,,,1,15,,86463,20,,,1,55,,86464,20,,,1,15,,86465,20,,,1,14,,86468,20,,,1,13,,86466,20,,,1,55,,86467,20,,,1,16,,86470,20,,,1,15,,86469,20,,,1,15,,86474,20,,,1,55,,86472,20,,,1,14,,86473,20,,,1,15,,86471,20,,,1,15,,86475,20,,,1,55,,86477,20,,,1,15,,86478,20,,,1,15,,86479,20,,,1,15,,86476,20,,,1,55,,86482,20,,,1,15,,86481,20,,,1,15,,86480,20,,,1,15,,86483,20,,,1,55,,86484,20,,,1,15,,86485,20,,,1,15,,86486,20,,,1,15,,86488,20,,,1,55,,86487,20,,,1,15,,86490,20,,,1,15,,86489,20,,,1,15,,86491,20,,,1
40001,'Samedi-10',654,,78574,20,,,1,55,,78577,20,,,1,15,,78579,20,,,1,15,,78575,20,,,1,15,,78576,20,,,1,55,,78578,20,,,1,15,,78584,20,,,1,15,,78591,20,,,1,15,,78582,20,,,1,55,,78602,20,,,1,15,,78580,20,,,1,16,,78581,20,,,1,16,,78590,20,,,1,55,,78583,20,,,1,15,,78585,20,,,1,15,,78593,20,,,1,15,,78594,20,,,1,55,,78595,20,,,1,15,,78601,20,,,1,15,,78600,20,,,1,15,,78604,20,,,1,55,,78587,20,,,1,17,,78586,20,,,1,15,,78589,20,,,1,15,,78592,20,,,1,55,,78588,20,,,1,15,,78597,20,,,1,15,,78599,20,,,1,15,,78605,20,,,1,55,,78596,20,,,1,15,,78598,20,,,1,15,,78603,20,,,1,15,,78606,20,,,1,55,,78607,20,,,1,15,,78608,20,,,1,15,,78609,20,,,1,15,,78610,20,,,1,55,,78611,20,,,1,15,,78612,20,,,1,15,,78613,20,,,1,16,,78614,20,,,1,54,,78615,20,,,1,15,,78616,20,,,1,15,,78617,20,,,1,15,,78618,20,,,1,55,,78619,20,,,1,15,,78620,20,,,1,14,,78623,20,,,1,13,,78621,20,,,1,55,,78622,20,,,1,16,,78625,20,,,1,15,,78624,20,,,1,15,,78629,20,,,1,55,,78627,20,,,1,14,,78628,20,,,1,15,,78626,20,,,1,15,,78630,20,,,1,55,,78632,20,,,1,15,,78633,20,,,1,15,,78634,20,,,1,15,,78631,20,,,1,55,,78637,20,,,1,15,,78636,20,,,1,15,,78635,20,,,1,15,,78638,20,,,1,55,,78639,20,,,1,15,,78640,20,,,1,15,,78641,20,,,1,15,,78643,20,,,1,55,,78642,20,,,1,15,,78645,20,,,1,15,,78644,20,,,1,15,,78646,20,,,1
40001,'Dimanche-1',654,,86492,20,,,1,55,,86499,20,,,1,15,,86500,20,,,1,15,,86494,20,,,1,15,,86493,20,,,1,55,,86498,20,,,1,15,,86509,20,,,1,15,,86512,20,,,1,15,,86495,20,,,1,55,,86504,20,,,1,15,,86501,20,,,1,16,,86518,20,,,1,16,,86521,20,,,1,55,,86502,20,,,1,15,,86510,20,,,1,15,,86525,20,,,1,15,,86514,20,,,1,55,,86530,20,,,1,15,,86503,20,,,1,15,,86519,20,,,1,15,,86520,20,,,1,55,,86515,20,,,1,17,,86531,20,,,1,15,,86524,20,,,1,15,,86505,20,,,1,55,,86513,20,,,1,15,,86507,20,,,1,15,,86517,20,,,1,15,,86526,20,,,1,55,,86511,20,,,1,15,,86506,20,,,1,15,,86523,20,,,1,15,,86496,20,,,1,55,,86528,20,,,1,15,,86497,20,,,1,15,,86516,20,,,1,15,,86527,20,,,1,55,,86508,20,,,1,15,,86536,20,,,1,15,,86522,20,,,1,16,,86539,20,,,1,54,,86529,20,,,1,15,,86543,20,,,1,15,,86537,20,,,1,15,,86545,20,,,1,55,,86541,20,,,1,15,,86547,20,,,1,14,,86532,20,,,1,13,,86538,20,,,1,55,,86533,20,,,1,16,,86542,20,,,1,15,,86535,20,,,1,15,,86544,20,,,1,55,,86540,20,,,1,14,,86546,20,,,1,15,,86534,20,,,1,15,,86548,20,,,1,55,,86550,20,,,1,15,,86549,20,,,1,15,,86552,20,,,1,15,,86551,20,,,1,55,,86553,20,,,1,15,,86554,20,,,1,15,,86555,20,,,1,15,,86556,20,,,1,55,,86557,20,,,1,15,,86558,20,,,1,15,,86559,20,,,1,15,,86560,20,,,1,55,,86561,20,,,1,15,,86562,20,,,1,15,,86563,20,,,1,15,,86564,20,,,1
40001,'Semaine-1',526,,86635,20,,,1,10,,86636,20,,,1,10,,86637,20,,,1,10,,86638,20,,,1,50,,86639,20,,,1,12,,86640,20,,,1,5,,86641,20,,,1,5,,86642,20,,,1,4,,86643,20,,,1,6,,86649,20,,,1,272,,86644,20,,,1,9,,86645,18,,,1,6,,86646,20,,,1,10,,86647,20,,,1,11,,86648,20,,,1,10,,86594,20,,,1,49,,86579,20,,,1,11,,86604,20,,,1,11,,86605,20,,,1,9,,86651,20,,,1,10,,86569,20,,,1,10,,86652,20,,,1,50,,86567,20,,,1,10,,86601,20,,,1,10,,86621,20,,,1,10,,86588,20,,,1,10,,86596,20,,,1,10,,86593,20,,,1,50,,86571,20,,,1,10,,86632,20,,,1,10,,86606,20,,,1,10,,86618,20,,,1,10,,86570,20,,,1,10,,86580,20,,,1,50,,86573,20,,,1,10,,86589,20,,,1,10,,86622,20,,,1,10,,86603,20,,,1,10,,86597,20,,,1,10,,86592,20,,,1,50,,86585,20,,,1,10,,86628,20,,,1,10,,86607,20,,,1,10,,86619,20,,,1,10,,86634,20,,,1,11,,86582,20,,,1,52,,86565,20,,,1,10,,86624,20,,,1,11,,86623,20,,,1,10,,86608,20,,,1,10,,86598,20,,,1,6,,86590,16,,,1,46,,86575,20,,,1,12,,86626,20,,,1,13,,86633,20,,,1,7,,86650,16,,,1,5,,86620,20,,,1,13,,86655,20,,,1,50,,86600,20,,,1,12,,86629,20,,,1,12,,86653,20,,,1,12,,86613,20,,,1,12,,86591,20,,,1,9,,86576,20,,,1,52,,86581,20,,,1,12,,86654,20,,,1,12,,86583,20,,,1,12,,86609,20,,,1,10,,86599,20,,,1,52,,86630,20,,,1,10,,86616,20,,,1,12,,86595,20,,,1,9,,86577,20,,,1,13,,86617,20,,,1,52,,86657,20,,,1,11,,86656,20,,,1,12,,86584,20,,,1,12,,86610,20,,,1,12,,86587,20,,,1,52,,86631,20,,,1,12,,86614,20,,,1,15,,86572,20,,,1,13,,86658,20,,,1,57,,86578,20,,,1,15,,86574,20,,,1,15,,86625,20,,,1,12,,86611,20,,,1,15,,86586,20,,,1,55,,86615,20,,,1,15,,86627,20,,,1,15,,86568,20,,,1,15,,86566,20,,,1,55,,86602,20,,,1,30,,86612,20,,,1
40001,'Semaine-12',526,,86729,20,,,1,10,,86730,20,,,1,10,,86731,20,,,1,10,,86732,20,,,1,50,,86733,20,,,1,12,,86734,20,,,1,5,,86735,20,,,1,5,,86736,20,,,1,4,,86737,20,,,1,6,,86743,20,,,1,272,,86738,20,,,1,9,,86739,18,,,1,6,,86740,20,,,1,10,,86741,20,,,1,11,,86742,20,,,1,10,,86688,20,,,1,49,,86673,20,,,1,11,,86698,20,,,1,11,,86699,20,,,1,9,,86745,20,,,1,10,,86663,20,,,1,10,,86746,20,,,1,50,,86661,20,,,1,10,,86695,20,,,1,10,,86715,20,,,1,10,,86682,20,,,1,10,,86690,20,,,1,10,,86687,20,,,1,50,,86665,20,,,1,10,,86726,20,,,1,10,,86700,20,,,1,10,,86712,20,,,1,10,,86664,20,,,1,10,,86674,20,,,1,50,,86667,20,,,1,10,,86683,20,,,1,10,,86716,20,,,1,10,,86697,20,,,1,10,,86691,20,,,1,10,,86686,20,,,1,50,,86679,20,,,1,10,,86722,20,,,1,10,,86701,20,,,1,10,,86713,20,,,1,10,,86728,20,,,1,11,,86676,20,,,1,52,,86659,20,,,1,10,,86718,20,,,1,11,,86717,20,,,1,10,,86702,20,,,1,10,,86692,20,,,1,6,,86684,16,,,1,46,,86669,20,,,1,12,,86720,20,,,1,13,,86727,20,,,1,7,,86744,16,,,1,5,,86714,20,,,1,13,,86749,20,,,1,50,,86694,20,,,1,12,,86723,20,,,1,12,,86747,20,,,1,12,,86707,20,,,1,12,,86685,20,,,1,9,,86670,20,,,1,52,,86675,20,,,1,12,,86748,20,,,1,12,,86677,20,,,1,12,,86703,20,,,1,10,,86693,20,,,1,52,,86724,20,,,1,10,,86710,20,,,1,12,,86689,20,,,1,9,,86671,20,,,1,13,,86711,20,,,1,52,,86751,20,,,1,11,,86750,20,,,1,12,,86678,20,,,1,12,,86704,20,,,1,12,,86681,20,,,1,52,,86725,20,,,1,12,,86708,20,,,1,15,,86666,20,,,1,13,,86752,20,,,1,57,,86672,20,,,1,15,,86668,20,,,1,15,,86719,20,,,1,12,,86705,20,,,1,15,,86680,20,,,1,55,,86709,20,,,1,15,,86721,20,,,1,15,,86662,20,,,1,15,,86660,20,,,1,55,,86696,20,,,1,30,,86706,20,,,1
