3601,'Semaine-1',847,,81179,16,,,1,90,,81177,16,,,1,100,,81180,16,,,1,100,,81178,16,,,1,99,,81183,16,,,1,100,,81182,16,,,1,101,,81181,16,,,1
3601,'Semaine-12',847,,81186,16,,,1,90,,81184,16,,,1,100,,81187,16,,,1,100,,81185,16,,,1,99,,81190,16,,,1,100,,81189,16,,,1,101,,81188,16,,,1
3701,'Samedi-1',652,,81286,16,,,1,100,,81291,16,,,1,100,,81285,16,,,1,100,,81290,16,,,1,100,,81287,16,,,1,100,,81288,16,,,1,100,,81292,16,,,1,99,,81289,16,,,1,100,,81293,16,,,1,100,,81294,16,,,1,100,,81295,16,,,1,102,,81296,16,,,1,100,,81297,16,,,1,100,,81298,16,,,1,100,,81299,16,,,1,99,,81300,16,,,1,101,,81301,16,,,1
3701,'Samedi-10',652,,68373,16,,,1,100,,68378,16,,,1,100,,68372,16,,,1,100,,68377,16,,,1,100,,68374,16,,,1,100,,68375,16,,,1,100,,68379,16,,,1,99,,68376,16,,,1,100,,68380,16,,,1,100,,68381,16,,,1,100,,68382,16,,,1,102,,68383,16,,,1,100,,68384,16,,,1,100,,68385,16,,,1,100,,68386,16,,,1,99,,68387,16,,,1,101,,68388,16,,,1
3701,'Dimanche-1',652,,81303,16,,,1,100,,81304,16,,,1,100,,81306,16,,,1,100,,81307,16,,,1,100,,81315,16,,,1,100,,81302,16,,,1,100,,81308,16,,,1,99,,81305,16,,,1,100,,81310,16,,,1,100,,81311,16,,,1,100,,81313,16,,,1,102,,81312,16,,,1,100,,81309,16,,,1,100,,81314,16,,,1,100,,81316,16,,,1,99,,81317,16,,,1,101,,81318,16,,,1
3701,'Semaine-1',519,,81332,16,,,1,29,,81330,16,,,1,75,,81334,16,,,1,30,,81324,16,,,1,72,,81341,16,,,1,16,,81321,16,,,1,14,,81342,16,,,1,70,,81323,16,,,1,97,,81340,16,,,1,100,,81328,16,,,1,100,,81322,16,,,1,100,,81320,16,,,1,100,,81325,16,,,1,100,,81336,16,,,1,99,,81319,16,,,1,30,,81335,16,,,1,71,,81338,16,,,1,29,,81333,16,,,1,71,,81339,16,,,1,30,,81343,16,,,1,85,,81327,16,,,1,100,,81337,16,,,1,100,,81329,16,,,1,102,,81326,16,,,1,95,,81331,16,,,1
3701,'Semaine-12',519,,81357,16,,,1,29,,81355,16,,,1,75,,81359,16,,,1,30,,81349,16,,,1,72,,81366,16,,,1,16,,81346,16,,,1,14,,81367,16,,,1,70,,81348,16,,,1,97,,81365,16,,,1,100,,81353,16,,,1,100,,81347,16,,,1,100,,81345,16,,,1,100,,81350,16,,,1,100,,81361,16,,,1,99,,81344,16,,,1,30,,81360,16,,,1,71,,81363,16,,,1,29,,81358,16,,,1,71,,81364,16,,,1,30,,81368,16,,,1,85,,81352,16,,,1,100,,81362,16,,,1,100,,81354,16,,,1,102,,81351,16,,,1,95,,81356,16,,,1
3801,'Samedi-1',708,,81523,5,,,1,30,,81519,5,,,1,70,,81531,5,,,1,30,,81524,5,,,1,70,,81520,5,,,1,30,,81532,5,,,1,67,,81525,5,,,1,32,,81529,5,,,1,70,,81521,5,,,1,30,,81526,5,,,1,70,,81530,5,,,1,30,,81522,5,,,1,69,,81527,5,,,1,30,,81528,5,,,1,70,,81533,5,,,1,30,,81534,5,,,1,71,,81535,5,,,1,30,,81536,5,,,1,70,,81537,5,,,1,30,,81538,5,,,1,70,,81539,5,,,1,31,,81540,5,,,1,68,,81541,5,,,1,33,,81543,5,,,1,70,,81542,5,,,1,30,,81545,5,,,1,70,,81544,5,,,1,30,,81546,5,,,1,70,,81547,5,,,1,30,,81551,5,,,1,70,,81548,5,,,1,30,,81549,5,,,1,70,,81550,5,,,1
3801,'Samedi-10',708,,68893,5,,,1,30,,68889,5,,,1,70,,68901,5,,,1,30,,68894,5,,,1,70,,68890,5,,,1,30,,68902,5,,,1,67,,68895,5,,,1,32,,68899,5,,,1,70,,68891,5,,,1,30,,68896,5,,,1,70,,68900,5,,,1,30,,68892,5,,,1,69,,68897,5,,,1,30,,68898,5,,,1,70,,68903,5,,,1,30,,68904,5,,,1,71,,68905,5,,,1,30,,68906,5,,,1,70,,68907,5,,,1,30,,68908,5,,,1,70,,68909,5,,,1,31,,68910,5,,,1,68,,68911,5,,,1,33,,68913,5,,,1,70,,68912,5,,,1,30,,68915,5,,,1,70,,68914,5,,,1,30,,68916,5,,,1,70,,68917,5,,,1,30,,68921,5,,,1,70,,68918,5,,,1,30,,68919,5,,,1,70,,68920,5,,,1
3801,'Dimanche-1',708,,81560,5,,,1,30,,81562,5,,,1,70,,81555,5,,,1,30,,81554,5,,,1,70,,81576,5,,,1,30,,81565,5,,,1,67,,81556,5,,,1,32,,81578,5,,,1,70,,81575,5,,,1,30,,81557,5,,,1,70,,81577,5,,,1,30,,81564,5,,,1,69,,81558,5,,,1,30,,81561,5,,,1,70,,81563,5,,,1,30,,81553,5,,,1,71,,81559,5,,,1,30,,81552,5,,,1,70,,81569,5,,,1,30,,81570,5,,,1,70,,81572,5,,,1,31,,81568,5,,,1,68,,81574,5,,,1,33,,81571,5,,,1,70,,81566,5,,,1,30,,81573,5,,,1,70,,81567,5,,,1,30,,81579,5,,,1,70,,81580,5,,,1,30,,81581,5,,,1,70,,81582,5,,,1,30,,81583,5,,,1,70,,81584,5,,,1
3801,'Semaine-1',614,,81613,5,,,1,28,,81585,5,,,1,70,,81612,5,,,1,19,,81623,5,,,1,18,,81619,5,,,1,63,,81601,5,,,1,30,,81621,5,,,1,70,,81608,5,,,1,21,,81591,5,,,1,20,,81617,5,,,1,60,,81602,5,,,1,20,,81594,5,,,1,20,,81609,5,,,1,60,,81592,5,,,1,20,,81616,5,,,1,20,,81622,5,,,1,60,,81595,5,,,1,20,,81624,5,,,1,20,,81610,5,,,1,60,,81615,5,,,1,20,,81603,5,,,1,20,,81596,5,,,1,60,,81611,5,,,1,20,,81625,5,,,1,19,,81598,5,,,1,60,,81604,5,,,1,30,,81618,5,,,1,70,,81593,5,,,1,31,,81600,5,,,1,69,,81590,5,,,1,30,,81626,5,,,1,60,,81587,5,,,1,21,,81620,5,,,1,32,,81589,5,,,1,69,,81599,5,,,1,31,,81607,5,,,1,70,,81614,5,,,1,30,,81597,5,,,1,68,,81605,5,,,1,32,,81606,5,,,1,70,,81586,5,,,1,85,,81588,5,,,1
3801,'Semaine-12',614,,81655,5,,,1,28,,81627,5,,,1,70,,81654,5,,,1,19,,81665,5,,,1,18,,81661,5,,,1,63,,81643,5,,,1,30,,81663,5,,,1,70,,81650,5,,,1,21,,81633,5,,,1,20,,81659,5,,,1,60,,81644,5,,,1,20,,81636,5,,,1,20,,81651,5,,,1,60,,81634,5,,,1,20,,81658,5,,,1,20,,81664,5,,,1,60,,81637,5,,,1,20,,81666,5,,,1,20,,81652,5,,,1,60,,81657,5,,,1,20,,81645,5,,,1,20,,81638,5,,,1,60,,81653,5,,,1,20,,81667,5,,,1,19,,81640,5,,,1,60,,81646,5,,,1,30,,81660,5,,,1,70,,81635,5,,,1,31,,81642,5,,,1,69,,81632,5,,,1,30,,81668,5,,,1,60,,81629,5,,,1,21,,81662,5,,,1,32,,81631,5,,,1,69,,81641,5,,,1,31,,81649,5,,,1,70,,81656,5,,,1,30,,81639,5,,,1,68,,81647,5,,,1,32,,81648,5,,,1,70,,81628,5,,,1,85,,81630,5,,,1
32500,'Semaine-1',1621,,85896,9,0,7 8,1
32500,'Semaine-12',1621,,85898,9,0,7 8,1
32600,'Semaine-1',1621,,85903,9,0,7 8,1
32600,'Semaine-12',1621,,85904,9,0,7 8,1
32901,'Semaine-1',1622,,85909,9,0,7 8,1
32901,'Semaine-12',1622,,85910,9,0,7 8,1
43701,'Semaine-1',1508,,86788,16,0,9 14,1
43701,'Semaine-12',1508,,86790,16,0,9 14,1
