3600,'Semaine-1',921,,81164,30,,,1,100,,81165,30,,,1,102,,81163,30,,,1,100,,81166,30,,,1,100,,81168,30,,,1,99,,81169,30,,,1,99,,81167,30,,,1
3600,'Semaine-12',921,,81171,30,,,1,100,,81172,30,,,1,102,,81170,30,,,1,100,,81173,30,,,1,100,,81175,30,,,1,99,,81176,30,,,1,99,,81174,30,,,1
3700,'Samedi-1',736,,81191,22,,,1,100,,81192,22,,,1,100,,81194,22,,,1,102,,81195,22,,,1,100,,81193,22,,,1,101,,81196,22,,,1,100,,81197,22,,,1,100,,81198,22,,,1,100,,81199,22,,,1,100,,81200,22,,,1,100,,81201,22,,,1,100,,81202,22,,,1,98,,81203,22,,,1,100,,81204,22,,,1,100,,81205,22,,,1,100,,81206,22,,,1,98,,81207,22,,,1,100,,81208,22,,,1
3700,'Samedi-10',736,,68178,22,,,1,100,,68179,22,,,1,100,,68181,22,,,1,102,,68182,22,,,1,100,,68180,22,,,1,101,,68183,22,,,1,100,,68184,22,,,1,100,,68185,22,,,1,100,,68186,22,,,1,100,,68187,22,,,1,100,,68188,22,,,1,100,,68189,22,,,1,98,,68190,22,,,1,100,,68191,22,,,1,100,,68192,22,,,1,100,,68193,22,,,1,98,,68194,22,,,1,100,,68195,22,,,1
3700,'Dimanche-1',736,,81211,22,,,1,100,,81214,22,,,1,100,,81216,22,,,1,102,,81212,22,,,1,100,,81209,22,,,1,101,,81213,22,,,1,100,,81210,22,,,1,100,,81215,22,,,1,100,,81217,22,,,1,100,,81219,22,,,1,100,,81218,22,,,1,100,,81222,22,,,1,98,,81221,22,,,1,100,,81220,22,,,1,100,,81223,22,,,1,100,,81224,22,,,1,98,,81225,22,,,1,100,,81226,22,,,1
3700,'Semaine-1',656,,81248,22,,,1,81,,81254,22,,,1,73,,81245,22,,,1,29,,81229,22,,,1,69,,81243,22,,,1,49,,81235,22,,,1,100,,81231,22,,,1,100,,81232,22,,,1,100,,81233,22,,,1,101,,81234,22,,,1,100,,81240,22,,,1,88,,81241,22,,,1,56,,81242,22,,,1,15,,81228,22,,,1,15,,81250,22,,,1,24,,81237,22,,,1,70,,81246,22,,,1,23,,81236,22,,,1,68,,81230,22,,,1,29,,81227,22,,,1,66,,81238,22,,,1,30,,81253,22,,,1,69,,81244,22,,,1,36,,81255,22,,,1,99,,81251,22,,,1,99,,81239,22,,,1,100,,81249,22,,,1,99,,81252,22,,,1,15,,81247,22,,,1
3700,'Semaine-12',656,,81277,22,,,1,81,,81283,22,,,1,73,,81274,22,,,1,29,,81258,22,,,1,69,,81272,22,,,1,49,,81264,22,,,1,100,,81260,22,,,1,100,,81261,22,,,1,100,,81262,22,,,1,101,,81263,22,,,1,100,,81269,22,,,1,88,,81270,22,,,1,56,,81271,22,,,1,15,,81257,22,,,1,15,,81279,22,,,1,24,,81266,22,,,1,70,,81275,22,,,1,23,,81265,22,,,1,68,,81259,22,,,1,29,,81256,22,,,1,66,,81267,22,,,1,30,,81282,22,,,1,69,,81273,22,,,1,36,,81284,22,,,1,99,,81280,22,,,1,99,,81268,22,,,1,100,,81278,22,,,1,99,,81281,22,,,1,15,,81276,22,,,1
3800,'Samedi-1',747,,81376,20,,,1,72,,81369,20,,,1,20,,81370,20,,,1,80,,81381,20,,,1,29,,81373,20,,,1,71,,81371,20,,,1,29,,81382,20,,,1,72,,81374,20,,,1,30,,81380,20,,,1,71,,81372,20,,,1,27,,81375,20,,,1,74,,81379,20,,,1,26,,81377,20,,,1,74,,81378,20,,,1,30,,81383,20,,,1,71,,81384,20,,,1,30,,81385,20,,,1,69,,81386,20,,,1,21,,81387,20,,,1,78,,81388,20,,,1,30,,81389,20,,,1,70,,81390,20,,,1,30,,81391,20,,,1,70,,81392,20,,,1,29,,81393,20,,,1,69,,81394,20,,,1,30,,81396,20,,,1,70,,81395,20,,,1,29,,81398,20,,,1,70,,81397,20,,,1,30,,81399,20,,,1,70,,81400,20,,,1,30,,81401,20,,,1
3800,'Samedi-10',747,,68572,20,,,1,72,,68565,20,,,1,20,,68566,20,,,1,80,,68577,20,,,1,29,,68569,20,,,1,71,,68567,20,,,1,29,,68578,20,,,1,72,,68570,20,,,1,30,,68576,20,,,1,71,,68568,20,,,1,27,,68571,20,,,1,74,,68575,20,,,1,26,,68573,20,,,1,74,,68574,20,,,1,30,,68579,20,,,1,71,,68580,20,,,1,30,,68581,20,,,1,69,,68582,20,,,1,21,,68583,20,,,1,78,,68584,20,,,1,30,,68585,20,,,1,70,,68586,20,,,1,30,,68587,20,,,1,70,,68588,20,,,1,29,,68589,20,,,1,69,,68590,20,,,1,30,,68592,20,,,1,70,,68591,20,,,1,29,,68594,20,,,1,70,,68593,20,,,1,30,,68595,20,,,1,70,,68596,20,,,1,30,,68597,20,,,1
3800,'Dimanche-1',747,,81405,20,,,1,72,,81410,20,,,1,20,,81413,20,,,1,80,,81411,20,,,1,29,,81404,20,,,1,71,,81426,20,,,1,29,,81403,20,,,1,72,,81406,20,,,1,30,,81427,20,,,1,71,,81425,20,,,1,27,,81407,20,,,1,74,,81417,20,,,1,26,,81414,20,,,1,74,,81408,20,,,1,30,,81412,20,,,1,71,,81419,20,,,1,30,,81402,20,,,1,69,,81409,20,,,1,21,,81416,20,,,1,78,,81421,20,,,1,30,,81415,20,,,1,70,,81423,20,,,1,30,,81420,20,,,1,70,,81424,20,,,1,29,,81422,20,,,1,69,,81418,20,,,1,30,,81428,20,,,1,70,,81429,20,,,1,29,,81430,20,,,1,70,,81431,20,,,1,30,,81432,20,,,1,70,,81433,20,,,1,30,,81434,20,,,1
3800,'Semaine-1',701,,81451,20,,,1,19,,81467,20,,,1,32,,81462,20,,,1,70,,81475,20,,,1,30,,81472,20,,,1,70,,81448,20,,,1,20,,81444,20,,,1,60,,81455,20,,,1,20,,81440,20,,,1,20,,81464,20,,,1,60,,81449,20,,,1,22,,81445,20,,,1,20,,81456,20,,,1,60,,81441,20,,,1,20,,81463,20,,,1,20,,81474,20,,,1,60,,81446,20,,,1,20,,81457,20,,,1,20,,81465,20,,,1,60,,81476,20,,,1,20,,81450,20,,,1,21,,81447,20,,,1,62,,81458,20,,,1,30,,81471,20,,,1,72,,81436,20,,,1,30,,81460,20,,,1,74,,81469,20,,,1,24,,81459,20,,,1,67,,81473,20,,,1,28,,81439,20,,,1,69,,81470,20,,,1,29,,81453,20,,,1,71,,81461,20,,,1,30,,81466,20,,,1,28,,81468,20,,,1,70,,81452,20,,,1,30,,81438,20,,,1,70,,81454,20,,,1,30,,81442,20,,,1,70,,81437,20,,,1,30,,81435,20,,,1,67,,81443,20,,,1
3800,'Semaine-12',701,,81493,20,,,1,19,,81509,20,,,1,32,,81504,20,,,1,70,,81517,20,,,1,30,,81514,20,,,1,70,,81490,20,,,1,20,,81486,20,,,1,60,,81497,20,,,1,20,,81482,20,,,1,20,,81506,20,,,1,60,,81491,20,,,1,22,,81487,20,,,1,20,,81498,20,,,1,60,,81483,20,,,1,20,,81505,20,,,1,20,,81516,20,,,1,60,,81488,20,,,1,20,,81499,20,,,1,20,,81507,20,,,1,60,,81518,20,,,1,20,,81492,20,,,1,21,,81489,20,,,1,62,,81500,20,,,1,30,,81513,20,,,1,72,,81478,20,,,1,30,,81502,20,,,1,74,,81511,20,,,1,24,,81501,20,,,1,67,,81515,20,,,1,28,,81481,20,,,1,69,,81512,20,,,1,29,,81495,20,,,1,71,,81503,20,,,1,30,,81508,20,,,1,28,,81510,20,,,1,70,,81494,20,,,1,30,,81480,20,,,1,70,,81496,20,,,1,30,,81484,20,,,1,70,,81479,20,,,1,30,,81477,20,,,1,67,,81485,20,,,1
32501,'Semaine-1',837,,85899,35,0,7 8,1,3,,85900,35,0,7 8,1
32501,'Semaine-12',837,,85901,35,0,7 8,1,3,,85902,35,0,7 8,1
32601,'Semaine-1',833,,85905,32,0,7 8,1
32601,'Semaine-12',833,,85906,32,0,7 8,1
32900,'Semaine-1',837,,85907,35,0,7 8,1
32900,'Semaine-12',837,,85908,35,0,7 8,1
43700,'Semaine-1',734,,86783,18,0,9 14,1,2,,86784,14,0,9 14,2
43700,'Semaine-12',734,,86785,18,0,9 14,1,2,,86786,14,0,9 14,2
