3201,'Semaine-1',508,,80478,4,,,1,20,,80477,4,,,1,20,,80469,4,,,1,60,,80479,4,,,2,10,,80459,4,,,1,8,,80480,4,,,1,11,,80460,4,,,1,10,,80461,4,,,1,8,,80453,4,,,1,49,,80456,4,,,1,8,,80482,4,,,1,8,,80462,4,,,1,8,,80457,4,,,1,9,,80470,4,,,1,8,,80452,4,,,1,7,,80463,4,,,1,48,,80481,4,,,2,8,,80451,4,,,1,10,,80450,4,,,1,10,,80455,4,,,1,10,,80458,4,,,1,10,,80464,4,,,1,62,,80438,4,,,2,30,,80448,4,,,1,70,,80441,4,,,1,30,,80444,4,,,1,70,,80437,4,,,1,30,,80447,4,,,1,70,,80442,4,,,1,30,,80449,4,,,1,70,,80431,4,,,1,30,,80436,4,,,1,70,,80443,4,,,1,30,,80454,4,,,1,70,,80471,4,,,1,30,,80472,4,,,2,70,,80473,4,,,1,30,,80474,4,,,1,70,,80475,4,,,2,30,,80476,4,,,1,70,,80434,4,,,1,30,,80432,4,,,2,72,,80445,4,,,2,30,,80440,4,,,1,69,,80435,4,,,1,31,,80433,4,,,2,70,,80446,4,,,1,30,,80439,4,,,1,68,,80466,4,,,1,32,,80465,4,,,1,70,,80467,4,,,1,30,,80468,4,,,1
3201,'Semaine-12',508,,80530,4,,,1,20,,80529,4,,,1,20,,80521,4,,,1,60,,80531,4,,,2,10,,80511,4,,,1,8,,80532,4,,,1,11,,80512,4,,,1,10,,80513,4,,,1,8,,80505,4,,,1,49,,80508,4,,,1,8,,80534,4,,,1,8,,80514,4,,,1,8,,80509,4,,,1,9,,80522,4,,,1,8,,80504,4,,,1,7,,80515,4,,,1,48,,80533,4,,,2,8,,80503,4,,,1,10,,80502,4,,,1,10,,80507,4,,,1,10,,80510,4,,,1,10,,80516,4,,,1,62,,80490,4,,,2,30,,80500,4,,,1,70,,80493,4,,,1,30,,80496,4,,,1,70,,80489,4,,,1,30,,80499,4,,,1,70,,80494,4,,,1,30,,80501,4,,,1,70,,80483,4,,,1,30,,80488,4,,,1,70,,80495,4,,,1,30,,80506,4,,,1,70,,80523,4,,,1,30,,80524,4,,,2,70,,80525,4,,,1,30,,80526,4,,,1,70,,80527,4,,,2,30,,80528,4,,,1,70,,80486,4,,,1,30,,80484,4,,,2,72,,80497,4,,,2,30,,80492,4,,,1,69,,80487,4,,,1,31,,80485,4,,,2,70,,80498,4,,,1,30,,80491,4,,,1,68,,80518,4,,,1,32,,80517,4,,,1,70,,80519,4,,,1,30,,80520,4,,,1
3401,'Samedi-1',649,,80905,11,,,1,100,,80908,11,,,1,70,,80917,11,,,1,30,,80906,11,,,1,71,,80911,11,,,1,30,,80913,11,,,1,69,,80907,11,,,1,30,,80916,11,,,1,72,,80909,11,,,1,29,,80918,11,,,1,70,,80910,11,,,1,30,,80912,11,,,1,70,,80914,11,,,1,30,,80915,11,,,1,70,,80919,11,,,1,31,,80920,11,,,1,70,,80921,11,,,1,30,,80922,11,,,1,70,,80923,11,,,1,30,,80924,11,,,1,70,,80925,11,,,1,30,,80926,11,,,1,70,,80927,11,,,1,30,,80929,11,,,1,68,,80928,11,,,1,30,,80930,11,,,1,70,,80931,11,,,1,30,,80932,11,,,1,70,,80934,11,,,1,30,,80933,11,,,1,70,,80935,11,,,1,99,,80936,11,,,1
3401,'Samedi-10',649,,67667,11,,,1,100,,67670,11,,,1,70,,67679,11,,,1,30,,67668,11,,,1,71,,67673,11,,,1,30,,67675,11,,,1,69,,67669,11,,,1,30,,67678,11,,,1,72,,67671,11,,,1,29,,67680,11,,,1,70,,67672,11,,,1,30,,67674,11,,,1,70,,67676,11,,,1,30,,67677,11,,,1,70,,67681,11,,,1,31,,67682,11,,,1,70,,67683,11,,,1,30,,67684,11,,,1,70,,67685,11,,,1,30,,67686,11,,,1,70,,67687,11,,,1,30,,67688,11,,,1,70,,67689,11,,,1,30,,67691,11,,,1,68,,67690,11,,,1,30,,67692,11,,,1,70,,67693,11,,,1,30,,67694,11,,,1,70,,67696,11,,,1,30,,67695,11,,,1,70,,67697,11,,,1,99,,67698,11,,,1
3401,'Dimanche-1',649,,80937,11,,,1,100,,80945,11,,,1,70,,80950,11,,,1,30,,80942,11,,,1,71,,80940,11,,,1,30,,80963,11,,,1,69,,80944,11,,,1,30,,80949,11,,,1,72,,80939,11,,,1,29,,80938,11,,,1,70,,80941,11,,,1,30,,80948,11,,,1,70,,80951,11,,,1,30,,80943,11,,,1,70,,80947,11,,,1,31,,80946,11,,,1,70,,80952,11,,,1,30,,80956,11,,,1,70,,80953,11,,,1,30,,80954,11,,,1,70,,80955,11,,,1,30,,80962,11,,,1,70,,80957,11,,,1,30,,80960,11,,,1,68,,80958,11,,,1,30,,80959,11,,,1,70,,80961,11,,,1,30,,80964,11,,,1,70,,80966,11,,,1,30,,80965,11,,,1,70,,80967,11,,,1,99,,80968,11,,,1
3401,'Semaine-1',855,,80994,11,,,1,70,,80974,11,,,2,30,,80978,11,,,1,70,,80998,11,,,1,30,,80971,11,,,1,70,,80975,11,,,1,30,,80979,11,,,1,70,,80969,11,,,1,30,,80972,11,,,1,70,,80976,11,,,1,30,,80980,11,,,2,71,,80973,11,,,1,29,,80995,11,,,1,69,,80970,11,,,1,33,,80996,11,,,1,67,,80997,11,,,1,30,,80991,11,,,1,70,,80987,11,,,1,30,,80977,11,,,1,71,,80984,11,,,1,30,,80993,11,,,1,71,,80981,11,,,1,30,,80983,11,,,1,70,,80985,11,,,1,30,,80989,11,,,2,70,,80982,11,,,1,30,,80988,11,,,1,70,,80986,11,,,1,30,,80990,11,,,1,70,,80992,11,,,1
3401,'Semaine-12',855,,81024,11,,,1,70,,81004,11,,,2,30,,81008,11,,,1,70,,81028,11,,,1,30,,81001,11,,,1,70,,81005,11,,,1,30,,81009,11,,,1,70,,80999,11,,,1,30,,81002,11,,,1,70,,81006,11,,,1,30,,81010,11,,,2,71,,81003,11,,,1,29,,81025,11,,,1,69,,81000,11,,,1,33,,81026,11,,,1,67,,81027,11,,,1,30,,81021,11,,,1,70,,81017,11,,,1,30,,81007,11,,,1,71,,81014,11,,,1,30,,81023,11,,,1,71,,81011,11,,,1,30,,81013,11,,,1,70,,81015,11,,,1,30,,81019,11,,,2,70,,81012,11,,,1,30,,81018,11,,,1,70,,81016,11,,,1,30,,81020,11,,,1,70,,81022,11,,,1
4900,'Samedi-1',729,,82003,27,,,1,100,,82004,27,,,1,102,,82001,27,,,1,100,,82005,27,,,1,100,,82002,27,,,1,101,,82006,27,,,1,98,,82007,27,,,1,102,,82008,27,,,1,100,,82009,27,,,1,100,,82010,27,,,1,100,,82011,27,,,1,97,,82012,27,,,1,100,,82013,27,,,1,100,,82014,27,,,1,100,,82015,27,,,1,100,,82016,27,,,1,98,,82017,27,,,1
4900,'Samedi-10',729,,69841,27,,,1,100,,69842,27,,,1,102,,69839,27,,,1,100,,69843,27,,,1,100,,69840,27,,,1,101,,69844,27,,,1,98,,69845,27,,,1,102,,69846,27,,,1,100,,69847,27,,,1,100,,69848,27,,,1,100,,69849,27,,,1,97,,69850,27,,,1,100,,69851,27,,,1,100,,69852,27,,,1,100,,69853,27,,,1,100,,69854,27,,,1,98,,69855,27,,,1
4900,'Dimanche-1',729,,82018,27,,,1,100,,82031,27,,,1,102,,82019,27,,,1,100,,82030,27,,,1,100,,82022,27,,,1,101,,82021,27,,,1,98,,82025,27,,,1,102,,82020,27,,,1,100,,82024,27,,,1,100,,82023,27,,,1,100,,82027,27,,,1,97,,82029,27,,,1,100,,82026,27,,,1,100,,82028,27,,,1,100,,82032,27,,,1,100,,82033,27,,,1,98,,82034,27,,,1
4900,'Semaine-1',643,,82062,27,,,1,14,,82057,14,,,1,43,,82069,14,,,1,4,,82045,14,,,1,6,,82068,14,,,1,4,,82073,27,,,1,2,,82072,14,,,1,4,,82071,14,,,1,5,,82070,14,,,1,21,,82065,27,,,1,66,,82066,27,,,1,1,,82061,14,,,1,33,,82060,27,,,1,72,,82055,27,,,1,29,,82047,27,,,1,71,,82067,27,,,1,33,,82063,27,,,1,70,,82058,27,,,1,30,,82035,27,,,1,70,,82056,27,,,1,30,,82037,27,,,1,70,,82042,27,,,1,30,,82044,27,,,1,70,,82048,27,,,1,30,,82064,27,,,1,75,,82046,27,,,1,30,,82049,27,,,1,70,,82040,27,,,1,30,,82052,27,,,1,70,,82043,27,,,1,28,,82041,27,,,1,70,,82059,27,,,1,27,,82053,27,,,1,98,,82036,27,,,1,99,,82054,27,,,1,101,,82051,27,,,1,97,,82038,27,,,1,98,,82050,27,,,1,100,,82039,27,,,1
4900,'Semaine-12',643,,82101,27,,,1,14,,82096,14,,,1,43,,82108,14,,,1,4,,82084,14,,,1,6,,82107,14,,,1,4,,82112,27,,,1,2,,82111,14,,,1,4,,82110,14,,,1,5,,82109,14,,,1,21,,82104,27,,,1,66,,82105,27,,,1,1,,82100,14,,,1,33,,82099,27,,,1,72,,82094,27,,,1,29,,82086,27,,,1,71,,82106,27,,,1,33,,82102,27,,,1,70,,82097,27,,,1,30,,82074,27,,,1,70,,82095,27,,,1,30,,82076,27,,,1,70,,82081,27,,,1,30,,82083,27,,,1,70,,82087,27,,,1,30,,82103,27,,,1,75,,82085,27,,,1,30,,82088,27,,,1,70,,82079,27,,,1,30,,82091,27,,,1,70,,82082,27,,,1,28,,82080,27,,,1,70,,82098,27,,,1,27,,82092,27,,,1,98,,82075,27,,,1,99,,82093,27,,,1,101,,82090,27,,,1,97,,82077,27,,,1,98,,82089,27,,,1,100,,82078,27,,,1
32601,'Semaine-1',801,,85905,2,0,7 8,1
32601,'Semaine-12',801,,85906,2,0,7 8,1
44900,'Semaine-1',712,,86791,13,0,9 14,1
44900,'Semaine-12',712,,86792,13,0,9 14,1
63900,'Semaine-1',1512,,86833,11,0,9 10,1
63900,'Semaine-12',1512,,86834,11,0,9 10,1
82601,'Semaine-1',727,,87124,2,0,9 12 13,1,1,,87125,2,0,9 12 13,1
82601,'Semaine-12',727,,87126,2,0,9 12 13,1,1,,87127,2,0,9 12 13,1
