6501,'Samedi-1',740,,83537,2,,,1,100,,83535,2,,,1,100,,83534,2,,,1,100,,83532,2,,,1,100,,83531,2,,,1,100,,83533,2,,,1,100,,83536,2,,,1,100,,83538,2,,,1,100,,83539,2,,,1,100,,83540,2,,,1,100,,83541,2,,,1,100,,83545,2,,,1,100,,83542,2,,,1,100,,83543,2,,,1,100,,83544,2,,,1,100,,83546,2,,,1,100,,83547,2,,,1
6501,'Samedi-10',740,,72923,2,,,1,100,,72921,2,,,1,100,,72920,2,,,1,100,,72918,2,,,1,100,,72917,2,,,1,100,,72919,2,,,1,100,,72922,2,,,1,100,,72924,2,,,1,100,,72925,2,,,1,100,,72926,2,,,1,100,,72927,2,,,1,100,,72931,2,,,1,100,,72928,2,,,1,100,,72929,2,,,1,100,,72930,2,,,1,100,,72932,2,,,1,100,,72933,2,,,1
6501,'Dimanche-1',740,,83551,2,,,1,100,,83552,2,,,1,100,,83548,2,,,1,100,,83549,2,,,1,100,,83550,2,,,1,100,,83553,2,,,1,100,,83555,2,,,1,100,,83554,2,,,1,100,,83559,2,,,1,100,,83556,2,,,1,100,,83558,2,,,1,100,,83560,2,,,1,100,,83557,2,,,1,100,,83561,2,,,1,100,,83562,2,,,1,100,,83563,2,,,1,100,,83564,2,,,1
6501,'Semaine-1',535,,83577,2,,,1,70,,83590,2,,,1,32,,83594,2,,,1,20,,83579,2,,,1,59,,83580,2,,,1,21,,83593,2,,,1,22,,83578,2,,,2,59,,83576,2,,,1,19,,83587,2,,,2,20,,83566,2,,,2,60,,83582,2,,,1,26,,83573,2,,,1,70,,83575,2,,,1,100,,83583,2,,,1,100,,83570,2,,,1,100,,83585,2,,,1,100,,83567,2,,,1,100,,83571,2,,,1,33,,83584,2,,,2,61,,83569,2,,,1,14,,83591,2,,,2,22,,83588,2,,,1,60,,83572,2,,,2,14,,83565,2,,,1,20,,83586,2,,,2,20,,83589,2,,,2,60,,83574,2,,,1,20,,83568,2,,,2,20,,83596,2,,,2,97,,83592,2,,,1,100,,83595,2,,,1,100,,83597,2,,,1,100,,83581,2,,,1
6501,'Semaine-12',535,,83610,2,,,1,70,,83623,2,,,1,32,,83627,2,,,1,20,,83612,2,,,1,59,,83613,2,,,1,21,,83626,2,,,1,22,,83611,2,,,2,59,,83609,2,,,1,19,,83620,2,,,2,20,,83599,2,,,2,60,,83615,2,,,1,26,,83606,2,,,1,70,,83608,2,,,1,100,,83616,2,,,1,100,,83603,2,,,1,100,,83618,2,,,1,100,,83600,2,,,1,100,,83604,2,,,1,33,,83617,2,,,2,61,,83602,2,,,1,14,,83624,2,,,2,22,,83621,2,,,1,60,,83605,2,,,2,14,,83598,2,,,1,20,,83619,2,,,2,20,,83622,2,,,2,60,,83607,2,,,1,20,,83601,2,,,2,20,,83629,2,,,2,97,,83625,2,,,1,100,,83628,2,,,1,100,,83630,2,,,1,100,,83614,2,,,1
7600,'Samedi-1',735,,84976,2,,,1,100,,84979,2,,,1,100,,84978,2,,,1,100,,84981,2,,,1,100,,84980,2,,,1,101,,84975,2,,,1,99,,84977,2,,,1,100,,84982,2,,,1,100,,84983,2,,,1,100,,84984,2,,,1,100,,84985,2,,,1,100,,84986,2,,,1,100,,84987,2,,,1,100,,84988,2,,,1,100,,84989,2,,,1,100,,84990,2,,,1
7600,'Samedi-10',735,,75740,2,,,1,100,,75743,2,,,1,100,,75742,2,,,1,100,,75745,2,,,1,100,,75744,2,,,1,101,,75739,2,,,1,99,,75741,2,,,1,100,,75746,2,,,1,100,,75747,2,,,1,100,,75748,2,,,1,100,,75749,2,,,1,100,,75750,2,,,1,100,,75751,2,,,1,100,,75752,2,,,1,100,,75753,2,,,1,100,,75754,2,,,1
7600,'Dimanche-1',735,,84994,2,,,1,100,,84993,2,,,1,100,,84992,2,,,1,100,,84997,2,,,1,100,,84991,2,,,1,101,,84996,2,,,1,99,,84995,2,,,1,100,,84998,2,,,1,100,,84999,2,,,1,100,,85000,2,,,1,100,,85003,2,,,1,100,,85001,2,,,1,100,,85002,2,,,1,100,,85004,2,,,1,100,,85005,2,,,1,100,,85006,2,,,1
7600,'Semaine-1',540,,85033,2,,,1,70,,85030,2,,,1,22,,85034,2,,,1,18,,85031,2,,,1,59,,85032,2,,,2,24,,85035,2,,,1,23,,85036,2,,,1,54,,85044,2,,,1,20,,85043,2,,,1,23,,85038,2,,,1,60,,85039,2,,,2,25,,85037,2,,,1,70,,85041,2,,,1,30,,85040,2,,,1,70,,85042,2,,,2,28,,85010,2,,,1,72,,85011,2,,,1,30,,85012,2,,,1,70,,85008,2,,,1,30,,85015,2,,,1,70,,85009,2,,,1,30,,85013,2,,,1,70,,85014,2,,,1,34,,85007,2,,,1,16,,85022,2,,,1,57,,85016,2,,,1,23,,85019,2,,,2,20,,85023,2,,,1,55,,85020,2,,,2,20,,85024,2,,,1,70,,85025,2,,,1,30,,85021,2,,,1,70,,85026,2,,,1,46,,85017,2,,,1,98,,85027,2,,,2,100,,85028,2,,,2,100,,85018,2,,,2,100,,85029,2,,,1
7600,'Semaine-12',540,,85071,2,,,1,70,,85068,2,,,1,22,,85072,2,,,1,18,,85069,2,,,1,59,,85070,2,,,2,24,,85073,2,,,1,23,,85074,2,,,1,54,,85082,2,,,1,20,,85081,2,,,1,23,,85076,2,,,1,60,,85077,2,,,2,25,,85075,2,,,1,70,,85079,2,,,1,30,,85078,2,,,1,70,,85080,2,,,2,28,,85048,2,,,1,72,,85049,2,,,1,30,,85050,2,,,1,70,,85046,2,,,1,30,,85053,2,,,1,70,,85047,2,,,1,30,,85051,2,,,1,70,,85052,2,,,1,34,,85045,2,,,1,16,,85060,2,,,1,57,,85054,2,,,1,23,,85057,2,,,2,20,,85061,2,,,1,55,,85058,2,,,2,20,,85062,2,,,1,70,,85063,2,,,1,30,,85059,2,,,1,70,,85064,2,,,1,46,,85055,2,,,1,98,,85065,2,,,2,100,,85066,2,,,2,100,,85056,2,,,2,100,,85067,2,,,1
57600,'Semaine-1',1540,,86829,12,0,5 6,1
57600,'Semaine-12',1540,,86830,12,0,5 6,1
