2301,'Semaine-1',652,,79986,35,4,,1,70,,79983,35,4,,2,34,,79987,35,4,,1,74,,79985,35,4,,2,29,,79984,35,4,,1
2301,'Semaine-12',652,,79991,35,4,,1,70,,79988,35,4,,2,34,,79992,35,4,,1,74,,79990,35,4,,2,29,,79989,35,4,,1
2501,'Semaine-1',634,,80009,42,4,,2,69,,80008,42,4,,1,36,,80006,42,4,,1,80,,80007,42,4,,2,32,,80010,42,4,,1,62,,80005,42,4,,2
2501,'Semaine-12',634,,80015,42,4,,2,69,,80014,42,4,,1,36,,80012,42,4,,1,80,,80013,42,4,,2,32,,80016,42,4,,1,62,,80011,42,4,,2
2601,'Semaine-1',633,,80028,40,4,,1,72,,80030,40,4,,2,32,,80031,40,4,,2,70,,80029,40,4,,1,30,,80027,40,4,,2
2601,'Semaine-12',633,,80033,40,4,,1,72,,80035,40,4,,2,32,,80036,40,4,,2,70,,80034,40,4,,1,30,,80032,40,4,,2
2901,'Semaine-1',748,,80077,26,4,,2,74,,80080,26,4,,1,27,,80078,26,4,,1,69,,80079,26,4,,2
2901,'Semaine-12',748,,80081,26,4,,2,74,,80084,26,4,,1,27,,80082,26,4,,1,69,,80083,26,4,,2
4001,'Semaine-1',649,,81922,58,4,,1,70,,81921,58,4,,1,37,,81924,58,4,,1,75,,81920,58,4,,2,25,,81919,58,4,,1,67,,81923,58,4,,1
4001,'Semaine-12',649,,81928,58,4,,1,70,,81927,58,4,,1,37,,81930,58,4,,1,75,,81926,58,4,,2,25,,81925,58,4,,1,67,,81929,58,4,,1
4101,'Semaine-1',714,,81943,49,4,,1,34,,81944,49,4,,1,76,,81945,49,4,,1,26,,81942,49,4,,2,67,,81941,49,4,,1
4101,'Semaine-12',714,,81948,49,4,,1,34,,81949,49,4,,1,76,,81950,49,4,,1,26,,81947,49,4,,2,67,,81946,49,4,,1
4501,'Semaine-1',635,,81972,52,4,,1,71,,81971,52,4,,1,38,,81975,52,4,,2,70,,81974,52,4,,1,35,,81973,52,4,,1,64,,81976,52,4,,1
4501,'Semaine-12',635,,81978,52,4,,1,71,,81977,52,4,,1,38,,81981,52,4,,2,70,,81980,52,4,,1,35,,81979,52,4,,1,64,,81982,52,4,,1
4701,'Semaine-1',650,,81991,45,4,,2,87,,81990,45,4,,1,92,,81989,45,4,,1,27,,81992,45,4,,1
4701,'Semaine-12',650,,81995,45,4,,2,87,,81994,45,4,,1,92,,81993,45,4,,1,27,,81996,45,4,,1
4801,'Semaine-1',807,,81999,46,4,,1
4801,'Semaine-12',807,,82000,46,4,,1
