6500,'Samedi-1',702,,83428,25,,,1,100,,83431,25,,,1,100,,83427,25,,,1,100,,83430,25,,,1,100,,83434,25,,,1,100,,83429,25,,,1,100,,83432,25,,,1,100,,83433,25,,,1,100,,83435,25,,,1,100,,83436,25,,,1,100,,83437,25,,,1,100,,83438,25,,,1,100,,83439,25,,,1,100,,83440,25,,,1,100,,83441,25,,,1,100,,83442,25,,,1,100,,83443,25,,,1
6500,'Samedi-10',702,,72711,25,,,1,100,,72714,25,,,1,100,,72710,25,,,1,100,,72713,25,,,1,100,,72717,25,,,1,100,,72712,25,,,1,100,,72715,25,,,1,100,,72716,25,,,1,100,,72718,25,,,1,100,,72719,25,,,1,100,,72720,25,,,1,100,,72721,25,,,1,100,,72722,25,,,1,100,,72723,25,,,1,100,,72724,25,,,1,100,,72725,25,,,1,100,,72726,25,,,1
6500,'Dimanche-1',702,,83447,25,,,1,100,,83450,25,,,1,100,,83445,25,,,1,100,,83446,25,,,1,100,,83453,25,,,1,100,,83451,25,,,1,100,,83444,25,,,1,100,,83448,25,,,1,100,,83449,25,,,1,100,,83454,25,,,1,100,,83452,25,,,1,100,,83456,25,,,1,100,,83457,25,,,1,100,,83455,25,,,1,100,,83458,25,,,1,100,,83459,25,,,1,100,,83460,25,,,1
6500,'Semaine-1',527,,83475,25,,,1,30,,83471,25,,,1,70,,83462,25,,,1,20,,83488,25,,,1,60,,83461,25,,,1,18,,83465,25,,,1,23,,83487,25,,,1,62,,83493,25,,,1,17,,83470,25,,,2,21,,83469,25,,,2,59,,83463,25,,,1,20,,83466,25,,,1,30,,83468,25,,,1,100,,83464,25,,,1,100,,83467,25,,,1,101,,83495,25,,,1,100,,83480,25,,,1,100,,83494,25,,,1,68,,83481,25,,,1,19,,83479,25,,,1,64,,83478,25,,,1,19,,83485,25,,,2,18,,83483,25,,,1,62,,83477,25,,,1,20,,83482,25,,,2,19,,83476,25,,,2,61,,83473,25,,,1,17,,83491,25,,,2,20,,83472,25,,,2,70,,83492,25,,,2,30,,83490,25,,,1,100,,83484,25,,,1,100,,83474,25,,,1,100,,83486,25,,,1,100,,83489,25,,,1
6500,'Semaine-12',527,,83510,25,,,1,30,,83506,25,,,1,70,,83497,25,,,1,20,,83523,25,,,1,60,,83496,25,,,1,18,,83500,25,,,1,23,,83522,25,,,1,62,,83528,25,,,1,17,,83505,25,,,2,21,,83504,25,,,2,59,,83498,25,,,1,20,,83501,25,,,1,30,,83503,25,,,1,100,,83499,25,,,1,100,,83502,25,,,1,101,,83530,25,,,1,100,,83515,25,,,1,100,,83529,25,,,1,68,,83516,25,,,1,19,,83514,25,,,1,64,,83513,25,,,1,19,,83520,25,,,2,18,,83518,25,,,1,62,,83512,25,,,1,20,,83517,25,,,2,19,,83511,25,,,2,61,,83508,25,,,1,17,,83526,25,,,2,20,,83507,25,,,2,70,,83527,25,,,2,30,,83525,25,,,1,100,,83519,25,,,1,100,,83509,25,,,1,100,,83521,25,,,1,100,,83524,25,,,1
7601,'Samedi-1',718,,85083,20,,,1,100,,85086,20,,,1,100,,85085,20,,,1,100,,85089,20,,,1,100,,85088,20,,,1,100,,85087,20,,,1,100,,85084,20,,,1,100,,85090,20,,,1,100,,85091,20,,,1,100,,85092,20,,,1,100,,85093,20,,,1,100,,85094,20,,,1,100,,85095,20,,,1,100,,85096,20,,,1,100,,85097,20,,,1,100,,85098,20,,,1
7601,'Samedi-10',718,,75949,20,,,1,100,,75952,20,,,1,100,,75951,20,,,1,100,,75955,20,,,1,100,,75954,20,,,1,100,,75953,20,,,1,100,,75950,20,,,1,100,,75956,20,,,1,100,,75957,20,,,1,100,,75958,20,,,1,100,,75959,20,,,1,100,,75960,20,,,1,100,,75961,20,,,1,100,,75962,20,,,1,100,,75963,20,,,1,100,,75964,20,,,1
7601,'Dimanche-1',717,,85101,20,,,1,100,,85102,20,,,1,100,,85100,20,,,1,100,,85104,20,,,1,100,,85099,20,,,1,100,,85105,20,,,1,100,,85103,20,,,1,100,,85106,20,,,1,100,,85107,20,,,1,100,,85112,20,,,1,100,,85108,20,,,1,100,,85110,20,,,1,100,,85109,20,,,1,100,,85111,20,,,1,100,,85113,20,,,1,100,,85114,20,,,1
7601,'Semaine-1',636,,85115,20,,,1,18,,85119,20,,,2,59,,85116,20,,,1,22,,85117,20,,,1,16,,85118,20,,,2,61,,85120,20,,,1,22,,85121,20,,,1,70,,85123,20,,,2,30,,85122,20,,,1,70,,85124,20,,,2,30,,85125,20,,,1,70,,85126,20,,,1,30,,85132,20,,,1,70,,85127,20,,,1,30,,85128,20,,,1,70,,85134,20,,,2,30,,85133,20,,,1,69,,85129,20,,,1,30,,85130,20,,,1,68,,85135,20,,,1,33,,85136,20,,,1,25,,85137,20,,,1,72,,85138,20,,,1,26,,85131,20,,,1,65,,85139,20,,,1,25,,85140,20,,,1,65,,85141,20,,,1,29,,85142,20,,,1,83,,85145,20,,,1,102,,85143,20,,,2,100,,85144,20,,,2,100,,85146,20,,,2
7601,'Semaine-12',636,,85147,20,,,1,18,,85151,20,,,2,59,,85148,20,,,1,22,,85149,20,,,1,16,,85150,20,,,2,61,,85152,20,,,1,22,,85153,20,,,1,70,,85155,20,,,2,30,,85154,20,,,1,70,,85156,20,,,2,30,,85157,20,,,1,70,,85158,20,,,1,30,,85164,20,,,1,70,,85159,20,,,1,30,,85160,20,,,1,70,,85166,20,,,2,30,,85165,20,,,1,69,,85161,20,,,1,30,,85162,20,,,1,68,,85167,20,,,1,33,,85168,20,,,1,25,,85169,20,,,1,72,,85170,20,,,1,26,,85163,20,,,1,65,,85171,20,,,1,25,,85172,20,,,1,65,,85173,20,,,1,29,,85174,20,,,1,83,,85177,20,,,1,102,,85175,20,,,2,100,,85176,20,,,2,100,,85178,20,,,2
