3100,'Samedi-1',655,,80085,1,,,1,145,,80086,1,,,1,100,,80087,1,,,1,100,,80088,1,,,1,102,,80089,1,,,1,100,,80090,1,,,1,101,,80091,1,,,1,100,,80092,1,,,1,100,,80093,1,,,1,102,,80094,1,,,1,100,,80095,1,,,1,100,,80096,1,,,1,96,,80097,1,,,1,100,,80098,1,,,1,100,,80099,1,,,1,100,,80100,1,,,1,101,,80101,1,,,1,101,,80102,1,,,1,100,,80103,1,,,1
3100,'Samedi-10',655,,66103,1,,,1,145,,66104,1,,,1,100,,66105,1,,,1,100,,66106,1,,,1,102,,66107,1,,,1,100,,66108,1,,,1,101,,66109,1,,,1,100,,66110,1,,,1,100,,66111,1,,,1,102,,66112,1,,,1,100,,66113,1,,,1,100,,66114,1,,,1,96,,66115,1,,,1,100,,66116,1,,,1,100,,66117,1,,,1,100,,66118,1,,,1,101,,66119,1,,,1,101,,66120,1,,,1,100,,66121,1,,,1
3100,'Dimanche-1',655,,80108,1,,,1,145,,80110,1,,,1,100,,80109,1,,,1,100,,80117,1,,,1,102,,80112,1,,,1,100,,80104,1,,,1,101,,80107,1,,,1,100,,80106,1,,,1,100,,80105,1,,,1,102,,80111,1,,,1,100,,80113,1,,,1,100,,80114,1,,,1,96,,80116,1,,,1,100,,80115,1,,,1,100,,80118,1,,,1,100,,80119,1,,,1,101,,80120,1,,,1,101,,80121,1,,,1,100,,80122,1,,,1
3100,'Semaine-1',600,,80127,1,,,1,42,,80160,1,,,1,61,,80140,1,,,1,21,,80128,1,,,1,15,,80165,1,,,1,61,,80162,1,,,1,21,,80124,1,,,1,18,,80137,1,,,1,63,,80138,1,,,1,9,,80129,1,,,1,24,,80131,1,,,1,20,,80148,1,,,1,67,,80149,1,,,1,31,,80130,1,,,1,70,,80135,1,,,1,30,,80154,1,,,1,70,,80151,1,,,1,17,,80132,1,,,1,13,,80125,1,,,1,59,,80159,1,,,1,20,,80163,1,,,1,18,,80150,1,,,1,69,,80133,1,,,1,21,,80153,1,,,1,9,,80155,1,,,1,75,,80161,1,,,1,24,,80152,1,,,1,58,,80134,1,,,1,19,,80145,1,,,1,23,,80147,1,,,1,62,,80136,1,,,1,17,,80123,1,,,1,15,,80126,1,,,1,11,,80157,1,,,1,69,,80164,1,,,1,12,,80142,1,,,1,20,,80158,1,,,1,146,,80143,1,,,1,100,,80139,1,,,1,100,,80144,1,,,1,100,,80146,1,,,1,100,,80156,1,,,1,100,,80141,1,,,1
3100,'Semaine-12',600,,80170,1,,,1,42,,80203,1,,,1,61,,80183,1,,,1,21,,80171,1,,,1,15,,80208,1,,,1,61,,80205,1,,,1,21,,80167,1,,,1,18,,80180,1,,,1,63,,80181,1,,,1,9,,80172,1,,,1,24,,80174,1,,,1,20,,80191,1,,,1,67,,80192,1,,,1,31,,80173,1,,,1,70,,80178,1,,,1,30,,80197,1,,,1,70,,80194,1,,,1,17,,80175,1,,,1,13,,80168,1,,,1,59,,80202,1,,,1,20,,80206,1,,,1,18,,80193,1,,,1,69,,80176,1,,,1,21,,80196,1,,,1,9,,80198,1,,,1,75,,80204,1,,,1,24,,80195,1,,,1,58,,80177,1,,,1,19,,80188,1,,,1,23,,80190,1,,,1,62,,80179,1,,,1,17,,80166,1,,,1,15,,80169,1,,,1,11,,80200,1,,,1,69,,80207,1,,,1,12,,80185,1,,,1,20,,80201,1,,,1,146,,80186,1,,,1,100,,80182,1,,,1,100,,80187,1,,,1,100,,80189,1,,,1,100,,80199,1,,,1,100,,80184,1,,,1
3200,'Semaine-1',610,,80376,1,,,1,30,,80375,1,,,1,71,,80371,1,,,1,30,,80373,1,,,1,70,,80372,1,,,2,30,,80374,1,,,1,70,,80347,1,,,2,30,,80342,1,,,1,70,,80343,1,,,2,30,,80354,1,,,1,70,,80348,1,,,1,30,,80334,1,,,1,70,,80335,1,,,1,30,,80346,1,,,1,70,,80349,1,,,1,30,,80355,1,,,1,70,,80336,1,,,1,29,,80381,1,,,1,14,,80333,1,,,2,52,,80363,1,,,1,10,,80353,1,,,1,11,,80359,1,,,2,10,,80360,1,,,1,10,,80378,1,,,1,10,,80379,1,,,1,50,,80380,1,,,2,13,,80377,1,,,2,7,,80350,1,,,1,10,,80361,1,,,1,10,,80369,1,,,2,10,,80362,1,,,2,50,,80339,1,,,1,10,,80370,1,,,1,10,,80356,1,,,2,10,,80358,1,,,1,10,,80357,1,,,1,61,,80351,1,,,2,25,,80345,1,,,1,70,,80340,1,,,1,30,,80337,1,,,2,70,,80352,1,,,2,30,,80344,1,,,1,73,,80341,1,,,1,27,,80338,1,,,2,70,,80364,1,,,1,30,,80365,1,,,1,70,,80366,1,,,1,30,,80367,1,,,1,70,,80368,1,,,1
3200,'Semaine-12',610,,80425,1,,,1,30,,80424,1,,,1,71,,80420,1,,,1,30,,80422,1,,,1,70,,80421,1,,,2,30,,80423,1,,,1,70,,80396,1,,,2,30,,80391,1,,,1,70,,80392,1,,,2,30,,80403,1,,,1,70,,80397,1,,,1,30,,80383,1,,,1,70,,80384,1,,,1,30,,80395,1,,,1,70,,80398,1,,,1,30,,80404,1,,,1,70,,80385,1,,,1,29,,80430,1,,,1,14,,80382,1,,,2,52,,80412,1,,,1,10,,80402,1,,,1,11,,80408,1,,,2,10,,80409,1,,,1,10,,80427,1,,,1,10,,80428,1,,,1,50,,80429,1,,,2,13,,80426,1,,,2,7,,80399,1,,,1,10,,80410,1,,,1,10,,80418,1,,,2,10,,80411,1,,,2,50,,80388,1,,,1,10,,80419,1,,,1,10,,80405,1,,,2,10,,80407,1,,,1,10,,80406,1,,,1,61,,80400,1,,,2,25,,80394,1,,,1,70,,80389,1,,,1,30,,80386,1,,,2,70,,80401,1,,,2,30,,80393,1,,,1,73,,80390,1,,,1,27,,80387,1,,,2,70,,80413,1,,,1,30,,80414,1,,,1,70,,80415,1,,,1,30,,80416,1,,,1,70,,80417,1,,,1
3300,'Samedi-1',733,,80535,1,,,1,100,,80536,1,,,1,100,,80537,1,,,1,100,,80538,1,,,1,100,,80539,1,,,1,100,,80540,1,,,1,100,,80541,1,,,1,100,,80542,1,,,1,100,,80543,1,,,1,100,,80544,1,,,1,100,,80545,1,,,1,100,,80546,1,,,1,100,,80547,1,,,1,100,,80548,1,,,1,100,,80549,1,,,1,100,,80550,1,,,1,100,,80551,1,,,1,100,,80552,1,,,1
3300,'Samedi-10',733,,66888,1,,,1,100,,66889,1,,,1,100,,66890,1,,,1,100,,66891,1,,,1,100,,66892,1,,,1,100,,66893,1,,,1,100,,66894,1,,,1,100,,66895,1,,,1,100,,66896,1,,,1,100,,66897,1,,,1,100,,66898,1,,,1,100,,66899,1,,,1,100,,66900,1,,,1,100,,66901,1,,,1,100,,66902,1,,,1,100,,66903,1,,,1,100,,66904,1,,,1,100,,66905,1,,,1
3300,'Dimanche-1',733,,80554,1,,,1,100,,80559,1,,,1,100,,80565,1,,,1,100,,80556,1,,,1,100,,80558,1,,,1,100,,80555,1,,,1,100,,80557,1,,,1,100,,80553,1,,,1,100,,80561,1,,,1,100,,80560,1,,,1,100,,80563,1,,,1,100,,80562,1,,,1,100,,80564,1,,,1,100,,80566,1,,,1,100,,80567,1,,,1,100,,80568,1,,,1,100,,80569,1,,,1,100,,80570,1,,,1
3300,'Semaine-1',607,,80596,1,,,1,20,,80595,1,,,1,16,,80602,1,,,1,74,,80575,1,,,1,13,,80589,1,,,1,21,,80597,1,,,1,56,,80610,1,,,1,17,,80603,1,,,1,28,,80587,1,,,1,69,,80605,1,,,1,32,,80590,1,,,1,78,,80580,1,,,1,21,,80599,1,,,1,60,,80585,1,,,1,20,,80592,1,,,1,20,,80581,1,,,1,62,,80607,1,,,1,18,,80588,1,,,1,20,,80609,1,,,1,72,,80594,1,,,1,28,,80582,1,,,1,60,,80604,1,,,1,20,,80600,1,,,1,17,,80593,1,,,1,63,,80572,1,,,1,21,,80584,1,,,1,12,,80591,1,,,1,55,,80608,1,,,1,17,,80606,1,,,1,25,,80601,1,,,1,60,,80579,1,,,1,20,,80578,1,,,1,17,,80583,1,,,1,19,,80571,1,,,1,58,,80576,1,,,1,41,,80611,1,,,1,73,,80586,1,,,1,100,,80577,1,,,1,102,,80573,1,,,1,100,,80598,1,,,2,100,,80612,1,,,1,103,,80574,1,,,1
3300,'Semaine-12',607,,80638,1,,,1,20,,80637,1,,,1,16,,80644,1,,,1,74,,80617,1,,,1,13,,80631,1,,,1,21,,80639,1,,,1,56,,80652,1,,,1,17,,80645,1,,,1,28,,80629,1,,,1,69,,80647,1,,,1,32,,80632,1,,,1,78,,80622,1,,,1,21,,80641,1,,,1,60,,80627,1,,,1,20,,80634,1,,,1,20,,80623,1,,,1,62,,80649,1,,,1,18,,80630,1,,,1,20,,80651,1,,,1,72,,80636,1,,,1,28,,80624,1,,,1,60,,80646,1,,,1,20,,80642,1,,,1,17,,80635,1,,,1,63,,80614,1,,,1,21,,80626,1,,,1,12,,80633,1,,,1,55,,80650,1,,,1,17,,80648,1,,,1,25,,80643,1,,,1,60,,80621,1,,,1,20,,80620,1,,,1,17,,80625,1,,,1,19,,80613,1,,,1,58,,80618,1,,,1,41,,80653,1,,,1,73,,80628,1,,,1,100,,80619,1,,,1,102,,80615,1,,,1,100,,80640,1,,,2,100,,80654,1,,,1,103,,80616,1,,,1
3400,'Samedi-1',717,,80773,1,,,1,100,,80778,1,,,1,30,,80774,1,,,1,70,,80780,1,,,1,30,,80781,1,,,1,70,,80775,1,,,1,30,,80776,1,,,1,70,,80777,1,,,1,30,,80779,1,,,1,70,,80782,1,,,1,30,,80784,1,,,1,70,,80783,1,,,1,30,,80785,1,,,1,70,,80786,1,,,1,30,,80787,1,,,1,70,,80788,1,,,1,30,,80789,1,,,1,70,,80790,1,,,1,30,,80791,1,,,1,70,,80792,1,,,1,30,,80793,1,,,1,70,,80794,1,,,1,30,,80795,1,,,1,69,,80796,1,,,1,31,,80797,1,,,1,70,,80798,1,,,1,30,,80799,1,,,1,70,,80800,1,,,1,30,,80801,1,,,1,70,,80803,1,,,1,30,,80802,1,,,1,70,,80805,1,,,1,30,,80804,1,,,1,70,,80806,1,,,1
3400,'Samedi-10',717,,67369,1,,,1,100,,67374,1,,,1,30,,67370,1,,,1,70,,67376,1,,,1,30,,67377,1,,,1,70,,67371,1,,,1,30,,67372,1,,,1,70,,67373,1,,,1,30,,67375,1,,,1,70,,67378,1,,,1,30,,67380,1,,,1,70,,67379,1,,,1,30,,67381,1,,,1,70,,67382,1,,,1,30,,67383,1,,,1,70,,67384,1,,,1,30,,67385,1,,,1,70,,67386,1,,,1,30,,67387,1,,,1,70,,67388,1,,,1,30,,67389,1,,,1,70,,67390,1,,,1,30,,67391,1,,,1,69,,67392,1,,,1,31,,67393,1,,,1,70,,67394,1,,,1,30,,67395,1,,,1,70,,67396,1,,,1,30,,67397,1,,,1,70,,67399,1,,,1,30,,67398,1,,,1,70,,67401,1,,,1,30,,67400,1,,,1,70,,67402,1,,,1
3400,'Dimanche-1',717,,80811,1,,,1,100,,80831,1,,,1,30,,80813,1,,,1,70,,80817,1,,,1,30,,80810,1,,,1,70,,80818,1,,,1,30,,80809,1,,,1,70,,80808,1,,,1,30,,80821,1,,,1,70,,80812,1,,,1,30,,80815,1,,,1,70,,80814,1,,,1,30,,80807,1,,,1,70,,80823,1,,,1,30,,80819,1,,,1,70,,80820,1,,,1,30,,80816,1,,,1,70,,80827,1,,,1,30,,80826,1,,,1,70,,80824,1,,,1,30,,80822,1,,,1,70,,80825,1,,,1,30,,80830,1,,,1,69,,80828,1,,,1,31,,80829,1,,,1,70,,80832,1,,,1,30,,80833,1,,,1,70,,80834,1,,,1,30,,80835,1,,,1,70,,80836,1,,,1,30,,80837,1,,,1,70,,80839,1,,,1,30,,80838,1,,,1,70,,80840,1,,,1
3400,'Semaine-1',555,,80871,1,,,1,67,,80856,1,,,1,31,,80850,1,,,1,73,,80854,1,,,1,30,,80845,1,,,2,70,,80865,1,,,1,30,,80851,1,,,1,70,,80841,1,,,1,30,,80846,1,,,1,70,,80847,1,,,1,30,,80852,1,,,1,70,,80842,1,,,1,30,,80872,1,,,1,70,,80848,1,,,1,30,,80853,1,,,1,70,,80843,1,,,1,30,,80869,1,,,1,70,,80844,1,,,1,23,,80870,1,,,1,309,,80868,1,,,1,60,,80857,1,,,1,30,,80849,1,,,1,70,,80861,1,,,1,30,,80867,1,,,1,71,,80858,1,,,1,29,,80860,1,,,1,70,,80862,1,,,1,30,,80855,1,,,1,70,,80864,1,,,1,30,,80859,1,,,1,70,,80863,1,,,1,30,,80866,1,,,1
3400,'Semaine-12',555,,80903,1,,,1,67,,80888,1,,,1,31,,80882,1,,,1,73,,80886,1,,,1,30,,80877,1,,,2,70,,80897,1,,,1,30,,80883,1,,,1,70,,80873,1,,,1,30,,80878,1,,,1,70,,80879,1,,,1,30,,80884,1,,,1,70,,80874,1,,,1,30,,80904,1,,,1,70,,80880,1,,,1,30,,80885,1,,,1,70,,80875,1,,,1,30,,80901,1,,,1,70,,80876,1,,,1,23,,80902,1,,,1,309,,80900,1,,,1,60,,80889,1,,,1,30,,80881,1,,,1,70,,80893,1,,,1,30,,80899,1,,,1,71,,80890,1,,,1,29,,80892,1,,,1,70,,80894,1,,,1,30,,80887,1,,,1,70,,80896,1,,,1,30,,80891,1,,,1,70,,80895,1,,,1,30,,80898,1,,,1
3500,'Semaine-1',618,,81054,8,0,15 16,1,39,,81029,8,0,15 16,2,63,,81039,8,0,15 16,1,23,,81057,8,0,15 16,1,15,,81047,8,0,15 16,1,60,,81062,8,0,15 16,1,20,,81059,8,0,15 16,1,63,,81052,8,0,15 16,1,21,,81058,8,0,15 16,1,30,,81037,8,0,15 16,1,66,,81050,8,0,15 16,1,34,,81031,8,0,15 16,1,68,,81035,8,0,15 16,1,30,,81045,8,0,15 16,2,72,,81030,8,0,15 16,1,30,,81040,8,0,15 16,1,70,,81061,8,0,15 16,2,30,,81048,8,0,15 16,1,70,,81032,8,0,15 16,2,30,,81044,8,,,2,70,,81046,8,0,15 16,1,18,,81038,1,0,15 16,1,19,,81049,8,,,1,53,,81043,1,0,15 16,1,18,,81053,8,,,1,28,,81055,8,0,15 16,1,71,,81036,8,,,1,25,,81034,8,0,15 16,1,68,,81063,8,,,1,27,,81051,8,0,15 16,1,70,,81041,1,0,15 16,1,30,,81042,8,,,1,100,,81056,8,,,1,100,,81060,8,,,1,100,,81033,8,0,15 16,1
3500,'Semaine-12',618,,81089,8,0,15 16,1,39,,81064,8,0,15 16,2,63,,81074,8,0,15 16,1,23,,81092,8,0,15 16,1,15,,81082,8,0,15 16,1,60,,81097,8,0,15 16,1,20,,81094,8,0,15 16,1,63,,81087,8,0,15 16,1,21,,81093,8,0,15 16,1,30,,81072,8,0,15 16,1,66,,81085,8,0,15 16,1,34,,81066,8,0,15 16,1,68,,81070,8,0,15 16,1,30,,81080,8,0,15 16,2,72,,81065,8,0,15 16,1,30,,81075,8,0,15 16,1,70,,81096,8,0,15 16,2,30,,81083,8,0,15 16,1,70,,81067,8,0,15 16,2,30,,81079,8,,,2,70,,81081,8,0,15 16,1,18,,81073,1,0,15 16,1,19,,81084,8,,,1,53,,81078,1,0,15 16,1,18,,81088,8,,,1,28,,81090,8,0,15 16,1,71,,81071,8,,,1,25,,81069,8,0,15 16,1,68,,81098,8,,,1,27,,81086,8,0,15 16,1,70,,81076,1,0,15 16,1,30,,81077,8,,,1,100,,81091,8,,,1,100,,81095,8,,,1,100,,81068,8,0,15 16,1
3600,'Semaine-1',845,,81164,1,,,1,100,,81165,1,,,1,100,,81163,1,,,1,100,,81166,1,,,1,100,,81168,1,,,1,100,,81169,1,,,1,99,,81167,1,,,1
3600,'Semaine-12',845,,81171,1,,,1,100,,81172,1,,,1,100,,81170,1,,,1,100,,81173,1,,,1,100,,81175,1,,,1,100,,81176,1,,,1,99,,81174,1,,,1
3700,'Samedi-1',710,,81191,1,,,1,100,,81192,1,,,1,100,,81194,1,,,1,100,,81195,1,,,1,100,,81193,1,,,1,100,,81196,1,,,1,100,,81197,1,,,1,100,,81198,1,,,1,100,,81199,1,,,1,100,,81200,1,,,1,100,,81201,1,,,1,100,,81202,1,,,1,100,,81203,1,,,1,100,,81204,1,,,1,100,,81205,1,,,1,100,,81206,1,,,1,100,,81207,1,,,1,100,,81208,1,,,1
3700,'Samedi-10',710,,68178,1,,,1,100,,68179,1,,,1,100,,68181,1,,,1,100,,68182,1,,,1,100,,68180,1,,,1,100,,68183,1,,,1,100,,68184,1,,,1,100,,68185,1,,,1,100,,68186,1,,,1,100,,68187,1,,,1,100,,68188,1,,,1,100,,68189,1,,,1,100,,68190,1,,,1,100,,68191,1,,,1,100,,68192,1,,,1,100,,68193,1,,,1,100,,68194,1,,,1,100,,68195,1,,,1
3700,'Dimanche-1',710,,81211,1,,,1,100,,81214,1,,,1,100,,81216,1,,,1,100,,81212,1,,,1,100,,81209,1,,,1,100,,81213,1,,,1,100,,81210,1,,,1,100,,81215,1,,,1,100,,81217,1,,,1,100,,81219,1,,,1,100,,81218,1,,,1,100,,81222,1,,,1,100,,81221,1,,,1,100,,81220,1,,,1,100,,81223,1,,,1,100,,81224,1,,,1,100,,81225,1,,,1,100,,81226,1,,,1
3700,'Semaine-1',625,,81248,1,,,1,81,,81254,1,,,1,33,,81245,1,,,1,66,,81229,1,,,1,31,,81243,1,,,1,89,,81235,1,,,1,100,,81231,1,,,1,100,,81232,1,,,1,100,,81233,1,,,1,100,,81234,1,,,1,100,,81240,1,,,1,84,,81241,1,,,1,16,,81242,1,,,1,15,,81228,1,,,1,15,,81250,1,,,1,65,,81237,1,,,1,30,,81246,1,,,1,65,,81236,1,,,1,30,,81230,1,,,1,70,,81227,1,,,1,30,,81238,1,,,1,70,,81253,1,,,1,29,,81244,1,,,1,76,,81255,1,,,1,100,,81251,1,,,1,100,,81239,1,,,1,100,,81249,1,,,1,100,,81252,1,,,1,15,,81247,1,,,1
3700,'Semaine-12',625,,81277,1,,,1,81,,81283,1,,,1,33,,81274,1,,,1,66,,81258,1,,,1,31,,81272,1,,,1,89,,81264,1,,,1,100,,81260,1,,,1,100,,81261,1,,,1,100,,81262,1,,,1,100,,81263,1,,,1,100,,81269,1,,,1,84,,81270,1,,,1,16,,81271,1,,,1,15,,81257,1,,,1,15,,81279,1,,,1,65,,81266,1,,,1,30,,81275,1,,,1,65,,81265,1,,,1,30,,81259,1,,,1,70,,81256,1,,,1,30,,81267,1,,,1,70,,81282,1,,,1,29,,81273,1,,,1,76,,81284,1,,,1,100,,81280,1,,,1,100,,81268,1,,,1,100,,81278,1,,,1,100,,81281,1,,,1,15,,81276,1,,,1
3800,'Samedi-1',725,,81376,1,,,1,30,,81369,1,,,1,60,,81370,1,,,1,40,,81381,1,,,1,69,,81373,1,,,1,31,,81371,1,,,1,68,,81382,1,,,1,32,,81374,1,,,1,68,,81380,1,,,1,31,,81372,1,,,1,67,,81375,1,,,1,34,,81379,1,,,1,66,,81377,1,,,1,34,,81378,1,,,1,70,,81383,1,,,1,30,,81384,1,,,1,70,,81385,1,,,1,29,,81386,1,,,1,61,,81387,1,,,1,40,,81388,1,,,1,70,,81389,1,,,1,30,,81390,1,,,1,70,,81391,1,,,1,30,,81392,1,,,1,71,,81393,1,,,1,29,,81394,1,,,1,70,,81396,1,,,1,30,,81395,1,,,1,70,,81398,1,,,1,30,,81397,1,,,1,70,,81399,1,,,1,30,,81400,1,,,1,70,,81401,1,,,1
3800,'Samedi-10',725,,68572,1,,,1,30,,68565,1,,,1,60,,68566,1,,,1,40,,68577,1,,,1,69,,68569,1,,,1,31,,68567,1,,,1,68,,68578,1,,,1,32,,68570,1,,,1,68,,68576,1,,,1,31,,68568,1,,,1,67,,68571,1,,,1,34,,68575,1,,,1,66,,68573,1,,,1,34,,68574,1,,,1,70,,68579,1,,,1,30,,68580,1,,,1,70,,68581,1,,,1,29,,68582,1,,,1,61,,68583,1,,,1,40,,68584,1,,,1,70,,68585,1,,,1,30,,68586,1,,,1,70,,68587,1,,,1,30,,68588,1,,,1,71,,68589,1,,,1,29,,68590,1,,,1,70,,68592,1,,,1,30,,68591,1,,,1,70,,68594,1,,,1,30,,68593,1,,,1,70,,68595,1,,,1,30,,68596,1,,,1,70,,68597,1,,,1
3800,'Dimanche-1',725,,81405,1,,,1,30,,81410,1,,,1,60,,81413,1,,,1,40,,81411,1,,,1,69,,81404,1,,,1,31,,81426,1,,,1,68,,81403,1,,,1,32,,81406,1,,,1,68,,81427,1,,,1,31,,81425,1,,,1,67,,81407,1,,,1,34,,81417,1,,,1,66,,81414,1,,,1,34,,81408,1,,,1,70,,81412,1,,,1,30,,81419,1,,,1,70,,81402,1,,,1,29,,81409,1,,,1,61,,81416,1,,,1,40,,81421,1,,,1,70,,81415,1,,,1,30,,81423,1,,,1,70,,81420,1,,,1,30,,81424,1,,,1,71,,81422,1,,,1,29,,81418,1,,,1,70,,81428,1,,,1,30,,81429,1,,,1,70,,81430,1,,,1,30,,81431,1,,,1,70,,81432,1,,,1,30,,81433,1,,,1,70,,81434,1,,,1
3800,'Semaine-1',635,,81451,1,,,1,19,,81467,1,,,1,71,,81462,1,,,1,30,,81475,1,,,1,70,,81472,1,,,1,30,,81448,1,,,1,60,,81444,1,,,1,20,,81455,1,,,1,20,,81440,1,,,1,60,,81464,1,,,1,20,,81449,1,,,1,20,,81445,1,,,1,60,,81456,1,,,1,20,,81441,1,,,1,20,,81463,1,,,1,60,,81474,1,,,1,20,,81446,1,,,1,20,,81457,1,,,1,60,,81465,1,,,1,20,,81476,1,,,1,20,,81450,1,,,1,60,,81447,1,,,1,20,,81458,1,,,1,70,,81471,1,,,1,30,,81436,1,,,1,70,,81460,1,,,1,35,,81469,1,,,1,64,,81459,1,,,1,32,,81473,1,,,1,69,,81439,1,,,1,30,,81470,1,,,1,69,,81453,1,,,1,31,,81461,1,,,1,72,,81466,1,,,1,28,,81468,1,,,1,70,,81452,1,,,1,30,,81438,1,,,1,70,,81454,1,,,1,30,,81442,1,,,1,70,,81437,1,,,1,30,,81435,1,,,1,70,,81443,1,,,1
3800,'Semaine-12',635,,81493,1,,,1,19,,81509,1,,,1,71,,81504,1,,,1,30,,81517,1,,,1,70,,81514,1,,,1,30,,81490,1,,,1,60,,81486,1,,,1,20,,81497,1,,,1,20,,81482,1,,,1,60,,81506,1,,,1,20,,81491,1,,,1,20,,81487,1,,,1,60,,81498,1,,,1,20,,81483,1,,,1,20,,81505,1,,,1,60,,81516,1,,,1,20,,81488,1,,,1,20,,81499,1,,,1,60,,81507,1,,,1,20,,81518,1,,,1,20,,81492,1,,,1,60,,81489,1,,,1,20,,81500,1,,,1,70,,81513,1,,,1,30,,81478,1,,,1,70,,81502,1,,,1,35,,81511,1,,,1,64,,81501,1,,,1,32,,81515,1,,,1,69,,81481,1,,,1,30,,81512,1,,,1,69,,81495,1,,,1,31,,81503,1,,,1,72,,81508,1,,,1,28,,81510,1,,,1,70,,81494,1,,,1,30,,81480,1,,,1,70,,81496,1,,,1,30,,81484,1,,,1,70,,81479,1,,,1,30,,81477,1,,,1,70,,81485,1,,,1
5500,'Samedi-1',645,,82390,1,,,1,70,,82387,1,,,1,30,,82388,1,,,1,70,,82391,1,,,1,30,,82389,1,,,1,70,,82396,1,,,1,30,,82393,1,,,1,70,,82394,1,,,1,30,,82399,1,,,1,70,,82398,1,,,1,30,,82392,1,,,1,70,,82395,1,,,1,30,,82397,1,,,1,70,,82400,1,,,1,30,,82401,1,,,1,70,,82402,1,,,1,30,,82403,1,,,1,70,,82404,1,,,1,30,,82405,1,,,1,70,,82406,1,,,1,30,,82407,1,,,1,70,,82408,1,,,1,30,,82409,1,,,1,70,,82410,1,,,1,30,,82412,1,,,1,70,,82411,1,,,1,30,,82413,1,,,1,70,,82415,1,,,1,30,,82414,1,,,1,70,,82416,1,,,1,30,,82417,1,,,1,70,,82420,1,,,1,30,,82422,1,,,1,70,,82419,1,,,1,30,,82418,1,,,1,70,,82421,1,,,1
5500,'Samedi-10',645,,70650,1,,,1,70,,70647,1,,,1,30,,70648,1,,,1,70,,70651,1,,,1,30,,70649,1,,,1,70,,70656,1,,,1,30,,70653,1,,,1,70,,70654,1,,,1,30,,70659,1,,,1,70,,70658,1,,,1,30,,70652,1,,,1,70,,70655,1,,,1,30,,70657,1,,,1,70,,70660,1,,,1,30,,70661,1,,,1,70,,70662,1,,,1,30,,70663,1,,,1,70,,70664,1,,,1,30,,70665,1,,,1,70,,70666,1,,,1,30,,70667,1,,,1,70,,70668,1,,,1,30,,70669,1,,,1,70,,70670,1,,,1,30,,70672,1,,,1,70,,70671,1,,,1,30,,70673,1,,,1,70,,70675,1,,,1,30,,70674,1,,,1,70,,70676,1,,,1,30,,70677,1,,,1,70,,70680,1,,,1,30,,70682,1,,,1,70,,70679,1,,,1,30,,70678,1,,,1,70,,70681,1,,,1
5500,'Dimanche-1',645,,82427,1,,,1,70,,82432,1,,,1,30,,82424,1,,,1,70,,82429,1,,,1,30,,82426,1,,,1,70,,82423,1,,,1,30,,82434,1,,,1,70,,82428,1,,,1,30,,82425,1,,,1,70,,82437,1,,,1,30,,82433,1,,,1,70,,82438,1,,,1,30,,82431,1,,,1,70,,82430,1,,,1,30,,82436,1,,,1,70,,82441,1,,,1,30,,82435,1,,,1,70,,82440,1,,,1,30,,82443,1,,,1,70,,82447,1,,,1,30,,82442,1,,,1,70,,82448,1,,,1,30,,82439,1,,,1,70,,82445,1,,,1,30,,82446,1,,,1,70,,82449,1,,,1,30,,82444,1,,,1,70,,82450,1,,,1,30,,82452,1,,,1,70,,82451,1,,,1,30,,82453,1,,,1,70,,82455,1,,,1,30,,82456,1,,,1,70,,82454,1,,,1,30,,82457,1,,,1,70,,82458,1,,,1
5500,'Semaine-1',617,,82461,1,,,1,98,,82477,1,,,1,29,,82460,1,,,1,99,,82496,1,,,1,70,,82497,1,,,1,30,,82466,1,,,1,70,,82476,1,,,1,30,,82480,1,,,1,70,,82502,1,,,1,30,,82462,1,,,1,70,,82501,1,,,1,30,,82479,1,,,1,70,,82494,1,,,1,30,,82488,1,,,1,62,,82495,1,,,1,15,,82481,1,,,1,14,,82459,1,,,1,12,,82500,1,,,1,56,,82470,1,,,1,15,,82503,1,,,1,13,,82491,1,,,1,10,,82463,1,,,1,13,,82474,1,,,1,58,,82506,1,,,1,9,,82499,1,,,1,11,,82465,1,,,1,11,,82482,1,,,1,12,,82475,1,,,1,52,,82504,1,,,1,13,,82489,1,,,1,11,,82469,1,,,1,12,,82464,1,,,1,10,,82505,1,,,1,51,,82473,1,,,1,13,,82468,1,,,1,10,,82478,1,,,1,30,,82493,1,,,1,70,,82498,1,,,1,30,,82485,1,,,1,70,,82471,1,,,1,30,,82492,1,,,1,70,,82483,1,,,1,30,,82486,1,,,1,70,,82472,1,,,1,30,,82487,1,,,1,70,,82484,1,,,1,30,,82467,1,,,1,70,,82490,1,,,1
5500,'Semaine-12',617,,82509,1,,,1,98,,82525,1,,,1,29,,82508,1,,,1,99,,82544,1,,,1,70,,82545,1,,,1,30,,82514,1,,,1,70,,82524,1,,,1,30,,82528,1,,,1,70,,82550,1,,,1,30,,82510,1,,,1,70,,82549,1,,,1,30,,82527,1,,,1,70,,82542,1,,,1,30,,82536,1,,,1,62,,82543,1,,,1,15,,82529,1,,,1,14,,82507,1,,,1,12,,82548,1,,,1,56,,82518,1,,,1,15,,82551,1,,,1,13,,82539,1,,,1,10,,82511,1,,,1,13,,82522,1,,,1,58,,82554,1,,,1,9,,82547,1,,,1,11,,82513,1,,,1,11,,82530,1,,,1,12,,82523,1,,,1,52,,82552,1,,,1,13,,82537,1,,,1,11,,82517,1,,,1,12,,82512,1,,,1,10,,82553,1,,,1,51,,82521,1,,,1,13,,82516,1,,,1,10,,82526,1,,,1,30,,82541,1,,,1,70,,82546,1,,,1,30,,82533,1,,,1,70,,82519,1,,,1,30,,82540,1,,,1,70,,82531,1,,,1,30,,82534,1,,,1,70,,82520,1,,,1,30,,82535,1,,,1,70,,82532,1,,,1,30,,82515,1,,,1,70,,82538,1,,,1
5900,'Samedi-1',700,,82779,1,,,1,30,,82782,1,,,1,70,,82775,1,,,1,30,,82781,1,,,1,70,,82778,1,,,1,30,,82783,1,,,1,70,,82787,1,,,1,30,,82788,1,,,1,70,,82777,1,,,1,30,,82776,1,,,1,70,,82786,1,,,1,30,,82780,1,,,1,70,,82784,1,,,1,30,,82789,1,,,1,70,,82785,1,,,1,30,,82790,1,,,1,70,,82791,1,,,1,30,,82792,1,,,1,70,,82793,1,,,1,30,,82794,1,,,1,70,,82795,1,,,1,30,,82796,1,,,1,70,,82797,1,,,1,30,,82798,1,,,1,70,,82799,1,,,1,30,,82801,1,,,1,70,,82800,1,,,1,30,,82803,1,,,1,70,,82802,1,,,1,29,,82804,1,,,1,71,,82805,1,,,1,30,,82807,1,,,1,70,,82806,1,,,1,30,,82808,1,,,1
5900,'Samedi-10',700,,71438,1,,,1,30,,71441,1,,,1,70,,71434,1,,,1,30,,71440,1,,,1,70,,71437,1,,,1,30,,71442,1,,,1,70,,71446,1,,,1,30,,71447,1,,,1,70,,71436,1,,,1,30,,71435,1,,,1,70,,71445,1,,,1,30,,71439,1,,,1,70,,71443,1,,,1,30,,71448,1,,,1,70,,71444,1,,,1,30,,71449,1,,,1,70,,71450,1,,,1,30,,71451,1,,,1,70,,71452,1,,,1,30,,71453,1,,,1,70,,71454,1,,,1,30,,71455,1,,,1,70,,71456,1,,,1,30,,71457,1,,,1,70,,71458,1,,,1,30,,71460,1,,,1,70,,71459,1,,,1,30,,71462,1,,,1,70,,71461,1,,,1,29,,71463,1,,,1,71,,71464,1,,,1,30,,71466,1,,,1,70,,71465,1,,,1,30,,71467,1,,,1
5900,'Dimanche-1',700,,82814,1,,,1,30,,82813,1,,,1,70,,82809,1,,,1,30,,82818,1,,,1,70,,82824,1,,,1,30,,82815,1,,,1,70,,82822,1,,,1,30,,82817,1,,,1,70,,82823,1,,,1,30,,82810,1,,,1,70,,82821,1,,,1,30,,82811,1,,,1,70,,82819,1,,,1,30,,82825,1,,,1,70,,82812,1,,,1,30,,82816,1,,,1,70,,82820,1,,,1,30,,82829,1,,,1,70,,82830,1,,,1,30,,82827,1,,,1,70,,82832,1,,,1,30,,82828,1,,,1,70,,82834,1,,,1,30,,82826,1,,,1,70,,82831,1,,,1,30,,82835,1,,,1,70,,82833,1,,,1,30,,82836,1,,,1,70,,82837,1,,,1,29,,82838,1,,,1,71,,82839,1,,,1,30,,82841,1,,,1,70,,82840,1,,,1,30,,82842,1,,,1
5900,'Semaine-1',545,,82850,1,,,1,95,,82885,1,,,1,86,,82890,1,,,1,88,,82866,1,,,1,44,,82862,1,,,1,70,,82883,1,,,1,30,,82859,1,,,1,70,,82882,1,,,1,30,,82873,1,,,1,70,,82867,1,,,1,30,,82875,1,,,1,70,,82858,1,,,1,30,,82886,1,,,1,70,,82849,1,,,1,30,,82880,1,,,1,54,,82851,1,,,1,16,,82884,1,,,1,28,,82844,1,,,1,54,,82888,1,,,1,15,,82843,1,,,1,8,,82878,1,,,1,14,,82874,1,,,1,53,,82861,1,,,1,13,,82845,1,,,1,12,,82846,1,,,1,12,,82854,1,,,1,12,,82881,1,,,1,52,,82870,1,,,1,11,,82857,1,,,1,12,,82879,1,,,1,12,,82865,1,,,1,12,,82877,1,,,1,9,,82847,1,,,1,53,,82852,1,,,1,31,,82872,1,,,1,70,,82863,1,,,1,30,,82868,1,,,1,70,,82856,1,,,1,30,,82864,1,,,1,70,,82869,1,,,1,30,,82876,1,,,1,70,,82853,1,,,1,30,,82871,1,,,1,70,,82860,1,,,1,30,,82848,1,,,1,70,,82855,1,,,1
5900,'Semaine-12',545,,82898,1,,,1,95,,82933,1,,,1,86,,82938,1,,,1,88,,82914,1,,,1,44,,82910,1,,,1,70,,82931,1,,,1,30,,82907,1,,,1,70,,82930,1,,,1,30,,82921,1,,,1,70,,82915,1,,,1,30,,82923,1,,,1,70,,82906,1,,,1,30,,82934,1,,,1,70,,82897,1,,,1,30,,82928,1,,,1,54,,82899,1,,,1,16,,82932,1,,,1,28,,82892,1,,,1,54,,82936,1,,,1,15,,82891,1,,,1,8,,82926,1,,,1,14,,82922,1,,,1,53,,82909,1,,,1,13,,82893,1,,,1,12,,82894,1,,,1,12,,82902,1,,,1,12,,82929,1,,,1,52,,82918,1,,,1,11,,82905,1,,,1,12,,82927,1,,,1,12,,82913,1,,,1,12,,82925,1,,,1,9,,82895,1,,,1,53,,82900,1,,,1,31,,82920,1,,,1,70,,82911,1,,,1,30,,82916,1,,,1,70,,82904,1,,,1,30,,82912,1,,,1,70,,82917,1,,,1,30,,82924,1,,,1,70,,82901,1,,,1,30,,82919,1,,,1,70,,82908,1,,,1,30,,82896,1,,,1,70,,82903,1,,,1
6700,'Samedi-1',702,,83839,1,,,1,100,,83838,1,,,1,100,,83837,1,,,1,30,,83833,1,,,1,70,,83841,1,,,1,30,,83834,1,,,1,70,,83835,1,,,1,30,,83840,1,,,1,70,,83845,1,,,1,30,,83836,1,,,1,69,,83844,1,,,1,31,,83842,1,,,1,70,,83843,1,,,1,30,,83846,1,,,1,70,,83847,1,,,1,30,,83848,1,,,1,70,,83849,1,,,1,30,,83850,1,,,1,70,,83851,1,,,1,30,,83852,1,,,1,70,,83853,1,,,1,30,,83854,1,,,1,70,,83855,1,,,1,30,,83856,1,,,1,100,,83860,1,,,1,100,,83857,1,,,1,100,,83858,1,,,1,100,,83859,1,,,1
6700,'Samedi-10',702,,73543,1,,,1,100,,73542,1,,,1,100,,73541,1,,,1,30,,73537,1,,,1,70,,73545,1,,,1,30,,73538,1,,,1,70,,73539,1,,,1,30,,73544,1,,,1,70,,73549,1,,,1,30,,73540,1,,,1,69,,73548,1,,,1,31,,73546,1,,,1,70,,73547,1,,,1,30,,73550,1,,,1,70,,73551,1,,,1,30,,73552,1,,,1,70,,73553,1,,,1,30,,73554,1,,,1,70,,73555,1,,,1,30,,73556,1,,,1,70,,73557,1,,,1,30,,73558,1,,,1,70,,73559,1,,,1,30,,73560,1,,,1,100,,73564,1,,,1,100,,73561,1,,,1,100,,73562,1,,,1,100,,73563,1,,,1
6700,'Dimanche-1',702,,83867,1,,,1,100,,83863,1,,,1,100,,83862,1,,,1,30,,83868,1,,,1,70,,83871,1,,,1,30,,83873,1,,,1,70,,83877,1,,,1,30,,83876,1,,,1,70,,83861,1,,,1,30,,83865,1,,,1,69,,83864,1,,,1,31,,83869,1,,,1,70,,83874,1,,,1,30,,83875,1,,,1,70,,83870,1,,,1,30,,83866,1,,,1,70,,83872,1,,,1,30,,83881,1,,,1,70,,83878,1,,,1,30,,83883,1,,,1,70,,83884,1,,,1,30,,83879,1,,,1,70,,83882,1,,,1,30,,83880,1,,,1,100,,83885,1,,,1,100,,83886,1,,,1,100,,83887,1,,,1,100,,83888,1,,,1
6700,'Semaine-1',600,,83897,1,,,1,30,,83891,1,,,1,70,,83899,1,,,1,22,,83908,1,,,1,21,,83892,1,,,1,58,,83917,1,,,1,29,,83902,1,,,1,70,,83910,1,,,1,20,,83900,1,,,1,20,,83920,1,,,1,60,,83918,1,,,1,20,,83905,1,,,2,20,,83921,1,,,1,60,,83911,1,,,1,20,,83914,1,,,1,20,,83922,1,,,1,60,,83919,1,,,1,20,,83906,1,,,1,20,,83923,1,,,1,60,,83912,1,,,1,20,,83915,1,,,1,20,,83924,1,,,1,60,,83904,1,,,1,20,,83907,1,,,1,20,,83925,1,,,1,365,,83927,1,,,1,15,,83901,1,,,1,20,,83926,1,,,1,60,,83909,1,,,1,30,,83889,1,,,1,72,,83913,1,,,1,28,,83893,1,,,2,70,,83916,1,,,2,30,,83890,1,,,1,70,,83898,1,,,1,30,,83894,1,,,2,73,,83903,1,,,1,27,,83896,1,,,1,70,,83895,1,,,2
6700,'Semaine-12',600,,83936,1,,,1,30,,83930,1,,,1,70,,83938,1,,,1,22,,83947,1,,,1,21,,83931,1,,,1,58,,83956,1,,,1,29,,83941,1,,,1,70,,83949,1,,,1,20,,83939,1,,,1,20,,83959,1,,,1,60,,83957,1,,,1,20,,83944,1,,,2,20,,83960,1,,,1,60,,83950,1,,,1,20,,83953,1,,,1,20,,83961,1,,,1,60,,83958,1,,,1,20,,83945,1,,,1,20,,83962,1,,,1,60,,83951,1,,,1,20,,83954,1,,,1,20,,83963,1,,,1,60,,83943,1,,,1,20,,83946,1,,,1,20,,83964,1,,,1,365,,83966,1,,,1,15,,83940,1,,,1,20,,83965,1,,,1,60,,83948,1,,,1,30,,83928,1,,,1,72,,83952,1,,,1,28,,83932,1,,,2,70,,83955,1,,,2,30,,83929,1,,,1,70,,83937,1,,,1,30,,83933,1,,,2,73,,83942,1,,,1,27,,83935,1,,,1,70,,83934,1,,,2
8500,'Semaine-1',1507,,85418,1,,,1,16,,85413,1,,,2,15,,85410,1,,,1,15,,85419,1,,,2,56,,85409,1,,,1,15,,85412,1,,,1,16,,85417,1,,,1,15,,85415,1,,,1,60,,85414,1,,,2,21,,85411,1,,,1,19,,85416,1,,,2
8500,'Semaine-12',1507,,85429,1,,,1,16,,85424,1,,,2,15,,85421,1,,,1,15,,85430,1,,,2,56,,85420,1,,,1,15,,85423,1,,,1,16,,85428,1,,,1,15,,85426,1,,,1,60,,85425,1,,,2,21,,85422,1,,,1,19,,85427,1,,,2
8700,'Semaine-1',1500,,85460,5,,,1,15,,85459,5,,,2,15,,85452,5,,,1,15,,85454,5,,,2,55,,85451,5,,,1,18,,85461,5,,,1,12,,85457,5,,,1,15,,85458,5,,,2,59,,85453,5,,,1,21,,85456,5,,,1,20,,85455,5,,,1
8700,'Semaine-12',1500,,85471,5,,,1,15,,85470,5,,,2,15,,85463,5,,,1,15,,85465,5,,,2,55,,85462,5,,,1,18,,85472,5,,,1,12,,85468,5,,,1,15,,85469,5,,,2,59,,85464,5,,,1,21,,85467,5,,,1,20,,85466,5,,,1
20000,'Semaine-1',1459,,85767,1,,,1,45,,85768,1,,,1,8,,85791,1,,,1,5,,85769,1,,,1,5,,85770,1,,,1,5,,85796,1,,,1,5,,85771,1,,,1,5,,85773,1,,,1,5,,85774,1,,,1,5,,85775,1,,,1,5,,85777,1,,,1,5,,85778,1,,,1,45,,85772,1,,,1,5,,85795,1,,,1,5,,85776,1,,,1,7,,85779,1,,,1,4,,85780,1,,,1,5,,85781,1,,,1,4,,85782,1,,,1,5,,85794,1,,,1,5,,85783,1,,,1,5,,85792,1,,,1,5,,85784,1,,,1,5,,85785,1,,,1,45,,85787,1,,,1,5,,85786,1,,,1,5,,85788,1,,,1,5,,85789,1,,,1,5,,85790,1,,,1,5,,85793,1,,,1
20000,'Semaine-12',1459,,85797,1,,,1,45,,85798,1,,,1,8,,85821,1,,,1,5,,85799,1,,,1,5,,85800,1,,,1,5,,85826,1,,,1,5,,85801,1,,,1,5,,85803,1,,,1,5,,85804,1,,,1,5,,85805,1,,,1,5,,85807,1,,,1,5,,85808,1,,,1,45,,85802,1,,,1,5,,85825,1,,,1,5,,85806,1,,,1,7,,85809,1,,,1,4,,85810,1,,,1,5,,85811,1,,,1,4,,85812,1,,,1,5,,85824,1,,,1,5,,85813,1,,,1,5,,85822,1,,,1,5,,85814,1,,,1,5,,85815,1,,,1,45,,85817,1,,,1,5,,85816,1,,,1,5,,85818,1,,,1,5,,85819,1,,,1,5,,85820,1,,,1,5,,85823,1,,,1
37100,'Samedi-1',740,,85916,1,,,1,100,,85920,1,,,1,100,,85915,1,,,1,100,,85921,1,,,1,100,,85917,1,,,1,100,,85918,1,,,1,100,,85919,1,,,1,100,,85922,1,,,1,100,,85923,1,,,1,100,,85924,1,,,1,100,,85925,1,,,1,100,,85926,1,,,1,100,,85927,1,,,1,100,,85928,1,,,1,100,,85929,1,,,1,100,,85930,1,,,1,100,,85931,1,,,1
37100,'Samedi-10',740,,77442,1,,,1,100,,77446,1,,,1,100,,77441,1,,,1,100,,77447,1,,,1,100,,77443,1,,,1,100,,77444,1,,,1,100,,77445,1,,,1,100,,77448,1,,,1,100,,77449,1,,,1,100,,77450,1,,,1,100,,77451,1,,,1,100,,77452,1,,,1,100,,77453,1,,,1,100,,77454,1,,,1,100,,77455,1,,,1,100,,77456,1,,,1,100,,77457,1,,,1
37100,'Dimanche-1',740,,85932,1,,,1,100,,85934,1,,,1,100,,85936,1,,,1,100,,85937,1,,,1,100,,85944,1,,,1,100,,85933,1,,,1,100,,85938,1,,,1,100,,85935,1,,,1,100,,85940,1,,,1,100,,85942,1,,,1,100,,85943,1,,,1,100,,85941,1,,,1,100,,85939,1,,,1,100,,85945,1,,,1,100,,85946,1,,,1,100,,85947,1,,,1,100,,85948,1,,,1
37100,'Semaine-1',645,,85962,1,,,1,71,,85959,1,,,1,30,,85955,1,,,1,69,,85950,1,,,1,90,,85969,1,,,1,100,,85954,1,,,1,100,,85956,1,,,1,100,,85968,1,,,1,100,,85963,1,,,1,100,,85952,1,,,1,50,,85964,1,,,1,59,,85973,1,,,1,16,,85953,1,,,1,15,,85974,1,,,1,65,,85949,1,,,1,20,,85958,1,,,1,70,,85965,1,,,1,25,,85971,1,,,1,30,,85970,1,,,1,70,,85960,1,,,1,30,,85972,1,,,1,70,,85975,1,,,1,30,,85961,1,,,1,95,,85957,1,,,1,100,,85967,1,,,1,100,,85966,1,,,1,100,,85951,1,,,1
37100,'Semaine-12',645,,85989,1,,,1,71,,85986,1,,,1,30,,85982,1,,,1,69,,85977,1,,,1,90,,85996,1,,,1,100,,85981,1,,,1,100,,85983,1,,,1,100,,85995,1,,,1,100,,85990,1,,,1,100,,85979,1,,,1,50,,85991,1,,,1,59,,86000,1,,,1,16,,85980,1,,,1,15,,86001,1,,,1,65,,85976,1,,,1,20,,85985,1,,,1,70,,85992,1,,,1,25,,85998,1,,,1,30,,85997,1,,,1,70,,85987,1,,,1,30,,85999,1,,,1,70,,86002,1,,,1,30,,85988,1,,,1,95,,85984,1,,,1,100,,85994,1,,,1,100,,85993,1,,,1,100,,85978,1,,,1
40000,'Samedi-1',555,,86087,1,,,1,60,,86088,1,,,1,15,,86091,1,,,1,15,,86096,1,,,1,55,,86105,1,,,1,15,,86106,1,,,1,15,,86089,1,,,1,15,,86093,1,,,1,55,,86090,1,,,1,15,,86114,1,,,1,15,,86092,1,,,1,15,,86095,1,,,1,55,,86094,1,,,1,15,,86097,1,,,1,15,,86115,1,,,1,15,,86113,1,,,1,55,,86116,1,,,1,15,,86098,1,,,1,15,,86100,1,,,1,15,,86103,1,,,1,55,,86104,1,,,1,15,,86099,1,,,1,15,,86110,1,,,1,15,,86112,1,,,1,55,,86117,1,,,1,15,,86102,1,,,1,15,,86101,1,,,1,15,,86107,1,,,1,55,,86108,1,,,1,15,,86109,1,,,1,15,,86118,1,,,1,15,,86111,1,,,1,55,,86119,1,,,1,15,,86120,1,,,1,15,,86121,1,,,1,15,,86122,1,,,1,55,,86123,1,,,1,15,,86124,1,,,1,15,,86125,1,,,1,15,,86126,1,,,1,55,,86127,1,,,1,15,,86128,1,,,1,15,,86129,1,,,1,15,,86130,1,,,1,55,,86131,1,,,1,15,,86132,1,,,1,15,,86133,1,,,1,15,,86134,1,,,1,55,,86140,1,,,1,15,,86135,1,,,1,15,,86136,1,,,1,15,,86137,1,,,1,55,,86138,1,,,1,16,,86139,1,,,1,14,,86143,1,,,1,15,,86141,1,,,1,55,,86142,1,,,1,15,,86147,1,,,1,15,,86146,1,,,1,16,,86145,1,,,1,54,,86144,1,,,1,16,,86151,1,,,1,14,,86148,1,,,1,15,,86149,1,,,1,55,,86150,1,,,1,15,,86158,1,,,1,16,,86153,1,,,1,15,,86152,1,,,1,54,,86154,1,,,1,16,,86155,1,,,1,14,,86156,1,,,1,16,,86157,1,,,1,54,,86159,1,,,1
40000,'Samedi-10',555,,77857,1,,,1,60,,77858,1,,,1,15,,77861,1,,,1,15,,77866,1,,,1,55,,77875,1,,,1,15,,77876,1,,,1,15,,77859,1,,,1,15,,77863,1,,,1,55,,77860,1,,,1,15,,77884,1,,,1,15,,77862,1,,,1,15,,77865,1,,,1,55,,77864,1,,,1,15,,77867,1,,,1,15,,77885,1,,,1,15,,77883,1,,,1,55,,77886,1,,,1,15,,77868,1,,,1,15,,77870,1,,,1,15,,77873,1,,,1,55,,77874,1,,,1,15,,77869,1,,,1,15,,77880,1,,,1,15,,77882,1,,,1,55,,77887,1,,,1,15,,77872,1,,,1,15,,77871,1,,,1,15,,77877,1,,,1,55,,77878,1,,,1,15,,77879,1,,,1,15,,77888,1,,,1,15,,77881,1,,,1,55,,77889,1,,,1,15,,77890,1,,,1,15,,77891,1,,,1,15,,77892,1,,,1,55,,77893,1,,,1,15,,77894,1,,,1,15,,77895,1,,,1,15,,77896,1,,,1,55,,77897,1,,,1,15,,77898,1,,,1,15,,77899,1,,,1,15,,77900,1,,,1,55,,77901,1,,,1,15,,77902,1,,,1,15,,77903,1,,,1,15,,77904,1,,,1,55,,77910,1,,,1,15,,77905,1,,,1,15,,77906,1,,,1,15,,77907,1,,,1,55,,77908,1,,,1,16,,77909,1,,,1,14,,77913,1,,,1,15,,77911,1,,,1,55,,77912,1,,,1,15,,77917,1,,,1,15,,77916,1,,,1,16,,77915,1,,,1,54,,77914,1,,,1,16,,77921,1,,,1,14,,77918,1,,,1,15,,77919,1,,,1,55,,77920,1,,,1,15,,77928,1,,,1,16,,77923,1,,,1,15,,77922,1,,,1,54,,77924,1,,,1,16,,77925,1,,,1,14,,77926,1,,,1,16,,77927,1,,,1,54,,77929,1,,,1
40000,'Dimanche-1',555,,86160,1,,,1,60,,86161,1,,,1,15,,86169,1,,,1,15,,86181,1,,,1,55,,86183,1,,,1,15,,86164,1,,,1,15,,86171,1,,,1,15,,86170,1,,,1,55,,86162,1,,,1,15,,86163,1,,,1,15,,86172,1,,,1,15,,86180,1,,,1,55,,86182,1,,,1,15,,86165,1,,,1,15,,86175,1,,,1,15,,86174,1,,,1,55,,86189,1,,,1,15,,86190,1,,,1,15,,86186,1,,,1,15,,86201,1,,,1,55,,86194,1,,,1,15,,86185,1,,,1,15,,86200,1,,,1,15,,86173,1,,,1,55,,86188,1,,,1,15,,86191,1,,,1,15,,86179,1,,,1,15,,86202,1,,,1,55,,86195,1,,,1,15,,86176,1,,,1,15,,86184,1,,,1,15,,86177,1,,,1,55,,86187,1,,,1,15,,86196,1,,,1,15,,86178,1,,,1,15,,86166,1,,,1,55,,86192,1,,,1,15,,86167,1,,,1,15,,86199,1,,,1,15,,86168,1,,,1,55,,86208,1,,,1,15,,86197,1,,,1,15,,86212,1,,,1,15,,86206,1,,,1,55,,86193,1,,,1,15,,86210,1,,,1,15,,86198,1,,,1,15,,86214,1,,,1,55,,86207,1,,,1,15,,86215,1,,,1,15,,86211,1,,,1,15,,86216,1,,,1,55,,86203,1,,,1,16,,86209,1,,,1,14,,86204,1,,,1,15,,86213,1,,,1,55,,86205,1,,,1,15,,86217,1,,,1,15,,86218,1,,,1,16,,86220,1,,,1,54,,86219,1,,,1,16,,86222,1,,,1,14,,86221,1,,,1,15,,86223,1,,,1,55,,86224,1,,,1,15,,86229,1,,,1,16,,86225,1,,,1,15,,86227,1,,,1,54,,86226,1,,,1,16,,86228,1,,,1,14,,86231,1,,,1,16,,86230,1,,,1,54,,86232,1,,,1
40000,'Semaine-1',530,,86233,1,,,1,15,,86239,1,,,1,55,,86262,1,,,1,14,,86277,1,,,1,16,,86267,1,,,1,15,,86325,1,,,1,9,,86297,1,,,1,50,,86249,1,,,1,10,,86296,1,,,1,17,,86291,1,,,1,13,,86292,1,,,1,10,,86247,1,,,1,52,,86269,1,,,1,12,,86271,1,,,1,12,,86318,1,,,1,12,,86288,1,,,1,12,,86242,1,,,1,53,,86251,1,,,1,9,,86237,1,,,1,10,,86240,1,,,1,10,,86293,1,,,1,10,,86259,1,,,1,10,,86272,1,,,1,50,,86265,1,,,1,10,,86266,1,,,1,10,,86298,1,,,1,10,,86278,1,,,1,10,,86289,1,,,1,11,,86243,1,,,1,49,,86252,1,,,1,10,,86241,1,,,1,11,,86319,1,,,1,9,,86294,1,,,1,10,,86260,1,,,1,10,,86273,1,,,1,51,,86264,1,,,1,10,,86256,1,,,1,9,,86285,1,,,1,11,,86268,1,,,1,4,,86279,1,,,1,5,,86290,1,,,1,11,,86244,1,,,1,50,,86254,1,,,1,10,,86246,1,,,1,10,,86236,1,,,1,10,,86295,1,,,1,10,,86276,1,,,1,10,,86274,1,,,1,46,,86286,1,,,1,6,,86263,1,,,1,6,,86255,1,,,1,6,,86303,1,,,1,6,,86304,1,,,1,4,,86305,1,,,1,6,,86306,1,,,1,2,,86307,1,,,1,8,,86317,1,,,1,5,,86323,1,,,1,2,,86308,1,,,1,278,,86309,1,,,1,5,,86310,1,,,1,5,,86311,1,,,1,5,,86312,1,,,1,5,,86324,1,,,1,5,,86313,1,,,1,48,,86314,1,,,1,8,,86315,1,,,1,12,,86316,1,,,1,12,,86280,1,,,1,12,,86281,1,,,1,52,,86275,1,,,1,12,,86301,1,,,1,12,,86284,1,,,1,12,,86270,1,,,1,12,,86248,1,,,1,52,,86320,1,,,1,12,,86253,1,,,1,13,,86321,1,,,1,11,,86261,1,,,1,12,,86282,1,,,1,52,,86322,1,,,1,14,,86258,1,,,1,15,,86302,1,,,1,15,,86300,1,,,1,55,,86245,1,,,1,15,,86234,1,,,1,15,,86250,1,,,1,15,,86283,1,,,1,55,,86257,1,,,1,15,,86287,1,,,1,15,,86299,1,,,1,15,,86238,1,,,1,55,,86235,1,,,1
40000,'Semaine-12',530,,86326,1,,,1,15,,86332,1,,,1,55,,86355,1,,,1,14,,86370,1,,,1,16,,86360,1,,,1,15,,86418,1,,,1,9,,86390,1,,,1,50,,86342,1,,,1,10,,86389,1,,,1,17,,86384,1,,,1,13,,86385,1,,,1,10,,86340,1,,,1,52,,86362,1,,,1,12,,86364,1,,,1,12,,86411,1,,,1,12,,86381,1,,,1,12,,86335,1,,,1,53,,86344,1,,,1,9,,86330,1,,,1,10,,86333,1,,,1,10,,86386,1,,,1,10,,86352,1,,,1,10,,86365,1,,,1,50,,86358,1,,,1,10,,86359,1,,,1,10,,86391,1,,,1,10,,86371,1,,,1,10,,86382,1,,,1,11,,86336,1,,,1,49,,86345,1,,,1,10,,86334,1,,,1,11,,86412,1,,,1,9,,86387,1,,,1,10,,86353,1,,,1,10,,86366,1,,,1,51,,86357,1,,,1,10,,86349,1,,,1,9,,86378,1,,,1,11,,86361,1,,,1,4,,86372,1,,,1,5,,86383,1,,,1,11,,86337,1,,,1,50,,86347,1,,,1,10,,86339,1,,,1,10,,86329,1,,,1,10,,86388,1,,,1,10,,86369,1,,,1,10,,86367,1,,,1,46,,86379,1,,,1,6,,86356,1,,,1,6,,86348,1,,,1,6,,86396,1,,,1,6,,86397,1,,,1,4,,86398,1,,,1,6,,86399,1,,,1,2,,86400,1,,,1,8,,86410,1,,,1,5,,86416,1,,,1,2,,86401,1,,,1,278,,86402,1,,,1,5,,86403,1,,,1,5,,86404,1,,,1,5,,86405,1,,,1,5,,86417,1,,,1,5,,86406,1,,,1,48,,86407,1,,,1,8,,86408,1,,,1,12,,86409,1,,,1,12,,86373,1,,,1,12,,86374,1,,,1,52,,86368,1,,,1,12,,86394,1,,,1,12,,86377,1,,,1,12,,86363,1,,,1,12,,86341,1,,,1,52,,86413,1,,,1,12,,86346,1,,,1,13,,86414,1,,,1,11,,86354,1,,,1,12,,86375,1,,,1,52,,86415,1,,,1,14,,86351,1,,,1,15,,86395,1,,,1,15,,86393,1,,,1,55,,86338,1,,,1,15,,86327,1,,,1,15,,86343,1,,,1,15,,86376,1,,,1,55,,86350,1,,,1,15,,86380,1,,,1,15,,86392,1,,,1,15,,86331,1,,,1,55,,86328,1,,,1
