4000,'Semaine-1',1550,,81911,45,,,1,70,,81907,45,,,2,34,,81910,45,,,1,68,,81909,45,,,1,28,,81908,45,,,1,67,,81912,45,,,1
4000,'Semaine-12',1550,,81917,45,,,1,70,,81913,45,,,2,34,,81916,45,,,1,68,,81915,45,,,1,28,,81914,45,,,1,67,,81918,45,,,1
5001,'Semaine-1',1641,,82225,27,,,1,102,,82227,27,,,1,94,,82226,27,,,2
5001,'Semaine-12',1641,,82228,27,,,1,102,,82230,27,,,1,94,,82229,27,,,2
5200,'Samedi-1',659,,82231,45,,,1,100,,82232,45,,,1,141,,82233,45,,,1,100,,82234,45,,,1,100,,82235,45,,,1,102,,82236,45,,,1,100,,82237,45,,,1,100,,82238,45,,,1,99,,82239,45,,,1,101,,82240,45,,,1,100,,82241,45,,,1,99,,82242,45,,,1,99,,82243,45,,,1,100,,82246,45,,,1,100,,82244,45,,,1,58,,82245,45,,,1,99,,82247,45,,,1,100,,82248,45,,,1
5200,'Samedi-10',659,,70287,45,,,1,100,,70288,45,,,1,141,,70289,45,,,1,100,,70290,45,,,1,100,,70291,45,,,1,102,,70292,45,,,1,100,,70293,45,,,1,100,,70294,45,,,1,99,,70295,45,,,1,101,,70296,45,,,1,100,,70297,45,,,1,99,,70298,45,,,1,99,,70299,45,,,1,100,,70302,45,,,1,100,,70300,45,,,1,58,,70301,45,,,1,99,,70303,45,,,1,100,,70304,45,,,1
5200,'Dimanche-1',659,,82250,45,,,1,100,,82249,45,,,1,141,,82251,45,,,1,100,,82254,45,,,1,100,,82252,45,,,1,102,,82253,45,,,1,100,,82257,45,,,1,100,,82256,45,,,1,99,,82258,45,,,1,101,,82255,45,,,1,100,,82259,45,,,1,99,,82261,45,,,1,99,,82262,45,,,1,100,,82260,45,,,1,100,,82263,45,,,1,58,,82264,45,,,1,99,,82265,45,,,1,100,,82266,45,,,1
5200,'Semaine-1',629,,82270,45,,,1,99,,82272,45,,,1,110,,82267,45,,,1,95,,82283,45,,,1,98,,82281,45,,,1,101,,82268,45,,,1,100,,82275,45,,,1,100,,82274,45,,,1,100,,82271,45,,,1,103,,82269,45,,,1,108,,82273,45,,,1,98,,82284,45,,,1,106,,82282,45,,,1,100,,82276,45,,,1,83,,82280,45,,,1,100,,82279,45,,,1,99,,82277,45,,,1,99,,82278,45,,,1
5200,'Semaine-12',629,,82288,45,,,1,99,,82290,45,,,1,110,,82285,45,,,1,95,,82301,45,,,1,98,,82299,45,,,1,101,,82286,45,,,1,100,,82293,45,,,1,100,,82292,45,,,1,100,,82289,45,,,1,103,,82287,45,,,1,108,,82291,45,,,1,98,,82302,45,,,1,106,,82300,45,,,1,100,,82294,45,,,1,83,,82298,45,,,1,100,,82297,45,,,1,99,,82295,45,,,1,99,,82296,45,,,1
55001,'Semaine-1',1550,,86805,25,0,5 6,1
55001,'Semaine-12',1550,,86808,25,0,5 6,1
64000,'Semaine-1',1506,,86839,6,0,9 10,2
64000,'Semaine-12',1506,,86842,6,0,9 10,2
74000,'Semaine-1',1652,,86880,42,0,5 11,1
74000,'Semaine-12',1652,,86882,42,0,5 11,1
