2701,'Semaine-1',632,,80049,34,,,1,85,,80050,34,,,1,91,,80047,34,,,1,26,,80048,34,,,2
2701,'Semaine-12',632,,80053,34,,,1,85,,80054,34,,,1,91,,80051,34,,,1,26,,80052,34,,,2
3301,'Samedi-1',733,,80655,36,,,1,100,,80656,36,,,1,100,,80657,36,,,1,100,,80658,36,,,1,100,,80659,36,,,1,101,,80660,36,,,1,100,,80661,36,,,1,100,,80662,36,,,1,102,,80663,36,,,1,98,,80664,36,,,1,100,,80665,36,,,1,96,,80666,36,,,1,100,,80667,36,,,1,100,,80668,36,,,1,100,,80669,36,,,1,100,,80670,36,,,1,100,,80671,36,,,1,100,,80672,36,,,1
3301,'Samedi-10',733,,67122,36,,,1,100,,67123,36,,,1,100,,67124,36,,,1,100,,67125,36,,,1,100,,67126,36,,,1,101,,67127,36,,,1,100,,67128,36,,,1,100,,67129,36,,,1,102,,67130,36,,,1,98,,67131,36,,,1,100,,67132,36,,,1,96,,67133,36,,,1,100,,67134,36,,,1,100,,67135,36,,,1,100,,67136,36,,,1,100,,67137,36,,,1,100,,67138,36,,,1,100,,67139,36,,,1
3301,'Dimanche-1',733,,80677,36,,,1,100,,80678,36,,,1,100,,80686,36,,,1,100,,80679,36,,,1,100,,80674,36,,,1,101,,80675,36,,,1,100,,80673,36,,,1,100,,80676,36,,,1,102,,80680,36,,,1,98,,80681,36,,,1,100,,80683,36,,,1,96,,80685,36,,,1,100,,80684,36,,,1,100,,80682,36,,,1,100,,80687,36,,,1,100,,80688,36,,,1,100,,80689,36,,,1,100,,80690,36,,,1
3301,'Semaine-1',619,,80714,36,,,1,20,,80722,36,,,1,18,,80699,36,,,1,55,,80719,36,,,1,21,,80715,36,,,1,10,,80710,36,,,1,11,,80730,36,,,1,53,,80728,36,,,1,15,,80717,36,,,1,12,,80705,36,,,1,10,,80721,36,,,1,14,,80695,36,,,1,70,,80707,36,,,1,30,,80713,36,,,1,70,,80703,36,,,1,30,,80724,36,,,1,70,,80708,36,,,1,30,,80700,36,,,1,70,,80702,36,,,1,16,,80720,36,,,1,15,,80729,36,,,1,66,,80711,36,,,1,29,,80701,36,,,1,70,,80706,36,,,1,33,,80709,36,,,1,62,,80731,36,,,1,19,,80712,36,,,1,18,,80716,36,,,1,63,,80697,36,,,1,20,,80727,36,,,1,61,,80704,36,,,1,27,,80694,36,,,1,29,,80691,36,,,1,72,,80725,36,,,1,30,,80698,36,,,1,70,,80693,36,,,1,100,,80696,36,,,1,74,,80718,36,,,1,100,,80723,36,,,2,100,,80692,36,,,1,100,,80726,36,,,1
3301,'Semaine-12',619,,80755,36,,,1,20,,80763,36,,,1,18,,80740,36,,,1,55,,80760,36,,,1,21,,80756,36,,,1,10,,80751,36,,,1,11,,80771,36,,,1,53,,80769,36,,,1,15,,80758,36,,,1,12,,80746,36,,,1,10,,80762,36,,,1,14,,80736,36,,,1,70,,80748,36,,,1,30,,80754,36,,,1,70,,80744,36,,,1,30,,80765,36,,,1,70,,80749,36,,,1,30,,80741,36,,,1,70,,80743,36,,,1,16,,80761,36,,,1,15,,80770,36,,,1,66,,80752,36,,,1,29,,80742,36,,,1,70,,80747,36,,,1,33,,80750,36,,,1,62,,80772,36,,,1,19,,80753,36,,,1,18,,80757,36,,,1,63,,80738,36,,,1,20,,80768,36,,,1,61,,80745,36,,,1,27,,80735,36,,,1,29,,80732,36,,,1,72,,80766,36,,,1,30,,80739,36,,,1,70,,80734,36,,,1,100,,80737,36,,,1,74,,80759,36,,,1,100,,80764,36,,,2,100,,80733,36,,,1,100,,80767,36,,,1
82500,'Semaine-1',1520,,87113,2,0,9 12 13,1
82500,'Semaine-12',1520,,87115,2,0,9 12 13,1
82900,'Semaine-1',1520,,87134,2,0,9 12 13,1
82900,'Semaine-12',1520,,87137,2,0,9 12 13,1
