42500,'Semaine-1',736,,86753,38,4,,1,2,,86754,38,4,,2
42500,'Semaine-12',736,,86755,38,4,,1,2,,86756,38,4,,2
42600,'Semaine-1',739,,86759,19,4,,1,1,,86760,19,4,,1
42600,'Semaine-12',739,,86761,19,4,,1,1,,86762,19,4,,1
42900,'Semaine-1',741,,86765,25,4,,1,2,,86766,25,4,,2
42900,'Semaine-12',741,,86767,25,4,,1,2,,86768,25,4,,2
43101,'Semaine-1',744,,86775,17,4,,1
43101,'Semaine-12',744,,86776,17,4,,1
43301,'Semaine-1',744,,86781,27,4,,1
43301,'Semaine-12',744,,86782,27,4,,1
43700,'Semaine-1',750,,86783,40,4,,1,2,,86784,36,4,,2
43700,'Semaine-12',750,,86785,40,4,,1,2,,86786,36,4,,2
44900,'Semaine-1',743,,86791,39,4,,1
44900,'Semaine-12',743,,86792,39,4,,1
