2001,'Semaine-1',1535,,79965,7,,,1,100,,79967,7,,,1,100,,79966,7,,,1
2001,'Semaine-12',1535,,79968,7,,,1,100,,79970,7,,,1,100,,79969,7,,,1
2701,'Semaine-1',624,,80049,23,,,1,85,,80050,23,,,1,91,,80047,23,,,1,25,,80048,23,,,2
2701,'Semaine-12',624,,80053,23,,,1,85,,80054,23,,,1,91,,80051,23,,,1,25,,80052,23,,,2
3901,'Samedi-1',610,,81789,7,,,1,100,,81791,7,,,1,100,,81795,7,,,1,100,,81794,7,,,1,100,,81797,7,,,1,100,,81796,7,,,1,100,,81792,7,,,1,30,,81790,7,,,1,70,,81798,7,,,1,30,,81793,7,,,1,70,,81799,7,,,1,30,,81800,7,,,1,70,,81801,7,,,1,30,,81802,7,,,1,70,,81803,7,,,1,30,,81804,7,,,1,70,,81805,7,,,1,30,,81806,7,,,1,70,,81807,7,,,1,30,,81808,7,,,1,100,,81809,7,,,1,100,,81810,7,,,1,100,,81811,7,,,1,100,,81812,7,,,1
3901,'Samedi-10',610,,69456,7,,,1,100,,69458,7,,,1,100,,69462,7,,,1,100,,69461,7,,,1,100,,69464,7,,,1,100,,69463,7,,,1,100,,69459,7,,,1,30,,69457,7,,,1,70,,69465,7,,,1,30,,69460,7,,,1,70,,69466,7,,,1,30,,69467,7,,,1,70,,69468,7,,,1,30,,69469,7,,,1,70,,69470,7,,,1,30,,69471,7,,,1,70,,69472,7,,,1,30,,69473,7,,,1,70,,69474,7,,,1,30,,69475,7,,,1,100,,69476,7,,,1,100,,69477,7,,,1,100,,69478,7,,,1,100,,69479,7,,,1
3901,'Dimanche-1',610,,81813,7,,,1,100,,81820,7,,,1,100,,81823,7,,,1,100,,81816,7,,,1,100,,81818,7,,,1,100,,81819,7,,,1,100,,81822,7,,,1,30,,81815,7,,,1,70,,81817,7,,,1,30,,81824,7,,,1,70,,81814,7,,,1,30,,81826,7,,,1,70,,81821,7,,,1,30,,81828,7,,,1,70,,81831,7,,,1,30,,81833,7,,,1,70,,81829,7,,,1,30,,81830,7,,,1,70,,81832,7,,,1,30,,81825,7,,,1,100,,81827,7,,,1,100,,81834,7,,,1,100,,81835,7,,,1,100,,81836,7,,,1
3901,'Semaine-1',630,,81859,7,,,1,26,,81848,7,,,1,78,,81849,7,,,1,73,,81845,7,,,1,32,,81851,7,,,1,70,,81853,7,,,2,30,,81860,7,,,1,70,,81871,7,,,1,30,,81866,7,,,2,70,,81861,7,,,1,30,,81846,7,,,1,69,,81855,7,,,1,31,,81862,7,,,1,70,,81847,7,,,2,30,,81844,7,,,1,72,,81863,7,,,1,29,,81856,7,,,1,70,,81837,7,,,1,31,,81864,7,,,2,68,,81842,7,,,1,31,,81839,7,,,1,71,,81867,7,,,1,28,,81852,7,,,1,72,,81858,7,,,2,32,,81843,7,,,2,72,,81865,7,,,1,25,,81838,7,,,2,66,,81868,7,,,1,30,,81841,7,,,1,70,,81857,7,,,1,32,,81869,7,,,1,70,,81840,7,,,1,32,,81850,7,,,1,71,,81870,7,,,1,30,,81854,7,,,1
3901,'Semaine-12',630,,81894,7,,,1,26,,81883,7,,,1,78,,81884,7,,,1,73,,81880,7,,,1,32,,81886,7,,,1,70,,81888,7,,,2,30,,81895,7,,,1,70,,81906,7,,,1,30,,81901,7,,,2,70,,81896,7,,,1,30,,81881,7,,,1,69,,81890,7,,,1,31,,81897,7,,,1,70,,81882,7,,,2,30,,81879,7,,,1,72,,81898,7,,,1,29,,81891,7,,,1,70,,81872,7,,,1,31,,81899,7,,,2,68,,81877,7,,,1,31,,81874,7,,,1,71,,81902,7,,,1,28,,81887,7,,,1,72,,81893,7,,,2,32,,81878,7,,,2,72,,81900,7,,,1,25,,81873,7,,,2,66,,81903,7,,,1,30,,81876,7,,,1,70,,81892,7,,,1,32,,81904,7,,,1,70,,81875,7,,,1,32,,81885,7,,,1,71,,81905,7,,,1,30,,81889,7,,,1
6800,'Semaine-1',611,,84102,15,,,1,30,,84112,15,,,1,69,,84110,15,,,1,31,,84119,15,,,1,70,,84116,15,,,1,30,,84093,15,,,1,70,,84117,15,,,1,30,,84094,15,,,1,70,,84099,15,,,1,30,,84118,15,,,1,70,,84104,15,,,1,30,,84097,15,,,1,75,,84114,15,,,1,35,,84105,15,,,1,70,,84113,15,,,1,30,,84106,15,,,1,70,,84100,15,,,1,29,,84103,15,,,1,58,,84111,15,,,1,20,,84121,15,,,1,25,,84107,15,,,1,60,,84115,15,,,1,20,,84109,15,,,1,20,,84123,15,,,1,57,,84120,15,,,1,10,,84108,15,,,1,10,,84122,15,,,1,20,,84096,15,,,1,70,,84101,15,,,1,30,,84098,15,,,1
6800,'Semaine-12',611,,84133,15,,,1,30,,84143,15,,,1,69,,84141,15,,,1,31,,84150,15,,,1,70,,84147,15,,,1,30,,84124,15,,,1,70,,84148,15,,,1,30,,84125,15,,,1,70,,84130,15,,,1,30,,84149,15,,,1,70,,84135,15,,,1,30,,84128,15,,,1,75,,84145,15,,,1,35,,84136,15,,,1,70,,84144,15,,,1,30,,84137,15,,,1,70,,84131,15,,,1,29,,84134,15,,,1,58,,84142,15,,,1,20,,84152,15,,,1,25,,84138,15,,,1,60,,84146,15,,,1,20,,84140,15,,,1,20,,84154,15,,,1,57,,84151,15,,,1,10,,84139,15,,,1,10,,84153,15,,,1,20,,84127,15,,,1,70,,84132,15,,,1,30,,84129,15,,,1
82701,'Semaine-1',802,,87130,23,0,9 12 13,2
82701,'Semaine-12',802,,87131,23,0,9 12 13,2
