32501,'Semaine-0',850,,77400,49,4,,1,3,,77401,49,4,,1
32501,'Semaine-10',850,,77402,49,4,,1,3,,77403,49,4,,1
32501,'Semaine-11',850,,77404,49,4,,1,3,,77405,49,4,,1
32601,'Semaine-0',847,,77409,46,4,,1
32601,'Semaine-10',847,,77410,46,4,,1
32601,'Semaine-11',847,,77411,46,4,,1
32900,'Semaine-0',850,,77412,49,4,,1
32900,'Semaine-10',850,,77413,49,4,,1
32900,'Semaine-11',850,,77414,49,4,,1
33100,'Semaine-0',847,,77418,45,4,,1
33100,'Semaine-10',847,,77419,45,4,,1
33100,'Semaine-11',847,,77420,45,4,,1
