6701,'Samedi-1',639,,83967,20,,,1,101,,83973,20,,,1,100,,83969,20,,,1,101,,83968,20,,,1,70,,83971,20,,,1,30,,83976,20,,,1,71,,83977,20,,,1,30,,83970,20,,,1,70,,83972,20,,,1,30,,83975,20,,,1,70,,83978,20,,,1,30,,83979,20,,,1,70,,83974,20,,,1,30,,83980,20,,,1,71,,83981,20,,,1,30,,83982,20,,,1,70,,83983,20,,,1,28,,83984,20,,,1,72,,83985,20,,,1,29,,83986,20,,,1,70,,83987,20,,,1,28,,83988,20,,,1,71,,83989,20,,,1,100,,83990,20,,,1,100,,83991,20,,,1,100,,83993,20,,,1,99,,83992,20,,,1
6701,'Samedi-10',639,,73821,20,,,1,101,,73827,20,,,1,100,,73823,20,,,1,101,,73822,20,,,1,70,,73825,20,,,1,30,,73830,20,,,1,71,,73831,20,,,1,30,,73824,20,,,1,70,,73826,20,,,1,30,,73829,20,,,1,70,,73832,20,,,1,30,,73833,20,,,1,70,,73828,20,,,1,30,,73834,20,,,1,71,,73835,20,,,1,30,,73836,20,,,1,70,,73837,20,,,1,28,,73838,20,,,1,72,,73839,20,,,1,29,,73840,20,,,1,70,,73841,20,,,1,28,,73842,20,,,1,71,,73843,20,,,1,100,,73844,20,,,1,100,,73845,20,,,1,100,,73847,20,,,1,99,,73846,20,,,1
6701,'Dimanche-1',639,,83994,20,,,1,101,,83997,20,,,1,100,,83999,20,,,1,101,,84002,20,,,1,70,,84008,20,,,1,30,,83996,20,,,1,71,,84009,20,,,1,30,,84000,20,,,1,70,,84003,20,,,1,30,,84001,20,,,1,70,,83995,20,,,1,30,,84005,20,,,1,70,,84006,20,,,1,30,,83998,20,,,1,71,,84004,20,,,1,30,,84011,20,,,1,70,,84007,20,,,1,28,,84014,20,,,1,72,,84015,20,,,1,29,,84012,20,,,1,70,,84017,20,,,1,28,,84010,20,,,1,71,,84016,20,,,1,100,,84013,20,,,1,100,,84018,20,,,1,100,,84019,20,,,1,99,,84020,20,,,1
6701,'Semaine-1',917,,84041,20,,,1,20,,84030,20,,,1,20,,84048,20,,,1,60,,84034,20,,,1,20,,84028,20,,,1,20,,84049,20,,,1,60,,84042,20,,,1,20,,84031,20,,,1,20,,84050,20,,,1,60,,84035,20,,,1,20,,84038,20,,,1,20,,84051,20,,,1,60,,84037,20,,,1,20,,84032,20,,,1,20,,84052,20,,,1,60,,84043,20,,,1,20,,84045,20,,,1,20,,84047,20,,,1,60,,84039,20,,,1,33,,84023,20,,,1,70,,84046,20,,,1,29,,84026,20,,,1,70,,84044,20,,,1,30,,84040,20,,,1,69,,84033,20,,,1,30,,84021,20,,,1,68,,84036,20,,,1,30,,84024,20,,,2,70,,84053,20,,,2,30,,84022,20,,,1,70,,84055,20,,,1,29,,84025,20,,,2,70,,84056,20,,,1,29,,84027,20,,,1,69,,84054,20,,,1,30,,84029,20,,,2
6701,'Semaine-12',917,,84077,20,,,1,20,,84066,20,,,1,20,,84084,20,,,1,60,,84070,20,,,1,20,,84064,20,,,1,20,,84085,20,,,1,60,,84078,20,,,1,20,,84067,20,,,1,20,,84086,20,,,1,60,,84071,20,,,1,20,,84074,20,,,1,20,,84087,20,,,1,60,,84073,20,,,1,20,,84068,20,,,1,20,,84088,20,,,1,60,,84079,20,,,1,20,,84081,20,,,1,20,,84083,20,,,1,60,,84075,20,,,1,33,,84059,20,,,1,70,,84082,20,,,1,29,,84062,20,,,1,70,,84080,20,,,1,30,,84076,20,,,1,69,,84069,20,,,1,30,,84057,20,,,1,68,,84072,20,,,1,30,,84060,20,,,2,70,,84089,20,,,2,30,,84058,20,,,1,70,,84091,20,,,1,29,,84061,20,,,2,70,,84092,20,,,1,29,,84063,20,,,1,69,,84090,20,,,1,30,,84065,20,,,2
8501,'Semaine-1',538,,85431,24,,,1,70,,85433,24,,,1,25,,85436,24,,,1,15,,85435,24,,,1,58,,85440,24,,,1,14,,85432,24,,,2,16,,85438,24,,,1,16,,85434,24,,,2,54,,85439,24,,,1,20,,85437,24,,,1
8501,'Semaine-12',538,,85441,24,,,1,70,,85443,24,,,1,25,,85446,24,,,1,15,,85445,24,,,1,58,,85450,24,,,1,14,,85442,24,,,2,16,,85448,24,,,1,16,,85444,24,,,2,54,,85449,24,,,1,20,,85447,24,,,1
8701,'Semaine-1',522,,85481,20,,,1,30,,85474,20,,,1,70,,85479,20,,,1,19,,85477,20,,,1,13,,85475,20,,,1,56,,85484,20,,,1,17,,85480,20,,,1,15,,85476,20,,,1,16,,85483,20,,,1,58,,85482,20,,,2,20,,85478,20,,,1,20,,85473,20,,,1
8701,'Semaine-12',522,,85493,20,,,1,30,,85486,20,,,1,70,,85491,20,,,1,19,,85489,20,,,1,13,,85487,20,,,1,56,,85496,20,,,1,17,,85492,20,,,1,15,,85488,20,,,1,16,,85495,20,,,1,58,,85494,20,,,2,20,,85490,20,,,1,20,,85485,20,,,1
57101,'Semaine-1',711,,86827,47,0,5 6,2
57101,'Semaine-12',711,,86828,47,0,5 6,2
