6401,'Samedi-1',739,,83372,40,,,1,100,,83369,40,,,1,100,,83371,40,,,1,100,,83374,40,,,1,100,,83370,40,,,1,100,,83375,40,,,1,100,,83373,40,,,1,100,,83376,40,,,1,100,,83377,40,,,1,100,,83378,40,,,1,100,,83379,40,,,1
6401,'Samedi-10',739,,72587,40,,,1,100,,72584,40,,,1,100,,72586,40,,,1,100,,72589,40,,,1,100,,72585,40,,,1,100,,72590,40,,,1,100,,72588,40,,,1,100,,72591,40,,,1,100,,72592,40,,,1,100,,72593,40,,,1,100,,72594,40,,,1
6401,'Dimanche-1',739,,83384,40,,,1,100,,83381,40,,,1,100,,83387,40,,,1,100,,83388,40,,,1,100,,83385,40,,,1,100,,83380,40,,,1,100,,83382,40,,,1,100,,83383,40,,,1,100,,83389,40,,,1,100,,83386,40,,,1,100,,83390,40,,,1
6401,'Semaine-1',538,,83391,40,,,2,108,,83401,40,,,2,100,,83403,40,,,1,100,,83400,40,,,1,97,,83408,40,,,1,100,,83395,40,,,1,100,,83394,40,,,1,100,,83406,40,,,1,100,,83402,40,,,2,100,,83404,40,,,1,100,,83405,40,,,1,102,,83396,40,,,1,98,,83392,40,,,1,100,,83393,40,,,1,97,,83399,40,,,1,100,,83397,40,,,1,100,,83398,40,,,1,100,,83407,40,,,1
6401,'Semaine-12',538,,83409,40,,,2,108,,83419,40,,,2,100,,83421,40,,,1,100,,83418,40,,,1,97,,83426,40,,,1,100,,83413,40,,,1,100,,83412,40,,,1,100,,83424,40,,,1,100,,83420,40,,,2,100,,83422,40,,,1,100,,83423,40,,,1,102,,83414,40,,,1,98,,83410,40,,,1,100,,83411,40,,,1,97,,83417,40,,,1,100,,83415,40,,,1,100,,83416,40,,,1,100,,83425,40,,,1
6601,'Samedi-1',705,,83727,41,,,1,100,,83729,41,,,1,100,,83733,41,,,1,100,,83730,41,,,1,100,,83734,41,,,1,100,,83728,41,,,1,100,,83731,41,,,1,100,,83732,41,,,1,100,,83735,41,,,1,100,,83736,41,,,1,100,,83737,41,,,1,100,,83738,41,,,1,100,,83739,41,,,1,100,,83741,41,,,1,100,,83740,41,,,1,100,,83742,41,,,1,100,,83743,41,,,1,100,,83744,41,,,1
6601,'Samedi-10',705,,73314,41,,,1,100,,73316,41,,,1,100,,73320,41,,,1,100,,73317,41,,,1,100,,73321,41,,,1,100,,73315,41,,,1,100,,73318,41,,,1,100,,73319,41,,,1,100,,73322,41,,,1,100,,73323,41,,,1,100,,73324,41,,,1,100,,73325,41,,,1,100,,73326,41,,,1,100,,73328,41,,,1,100,,73327,41,,,1,100,,73329,41,,,1,100,,73330,41,,,1,100,,73331,41,,,1
6601,'Dimanche-1',705,,83746,41,,,1,100,,83750,41,,,1,100,,83751,41,,,1,100,,83752,41,,,1,100,,83745,41,,,1,100,,83747,41,,,1,100,,83748,41,,,1,100,,83749,41,,,1,100,,83754,41,,,1,100,,83753,41,,,1,100,,83757,41,,,1,100,,83755,41,,,1,100,,83758,41,,,1,100,,83756,41,,,1,100,,83759,41,,,1,100,,83760,41,,,1,100,,83761,41,,,1,100,,83762,41,,,1
6601,'Semaine-1',556,,83772,41,,,2,60,,83765,41,,,1,18,,83774,41,,,1,21,,83780,41,,,2,60,,83775,41,,,2,21,,83766,41,,,1,23,,83778,41,,,2,59,,83771,41,,,1,18,,83787,41,,,1,21,,83764,41,,,1,59,,83777,41,,,1,18,,83788,41,,,1,20,,83796,41,,,1,102,,83776,41,,,1,100,,83768,41,,,1,100,,83792,41,,,1,100,,83793,41,,,1,100,,83779,41,,,2,62,,83767,41,,,1,19,,83784,41,,,2,19,,83781,41,,,1,64,,83794,41,,,1,22,,83763,41,,,1,59,,83789,41,,,1,20,,83782,41,,,1,20,,83795,41,,,1,18,,83785,41,,,2,64,,83790,41,,,2,20,,83783,41,,,1,58,,83791,41,,,1,19,,83797,41,,,2,94,,83770,41,,,2,100,,83769,41,,,1,95,,83773,41,,,1,100,,83786,41,,,1
6601,'Semaine-12',556,,83807,41,,,2,60,,83800,41,,,1,18,,83809,41,,,1,21,,83815,41,,,2,60,,83810,41,,,2,21,,83801,41,,,1,23,,83813,41,,,2,59,,83806,41,,,1,18,,83822,41,,,1,21,,83799,41,,,1,59,,83812,41,,,1,18,,83823,41,,,1,20,,83831,41,,,1,102,,83811,41,,,1,100,,83803,41,,,1,100,,83827,41,,,1,100,,83828,41,,,1,100,,83814,41,,,2,62,,83802,41,,,1,19,,83819,41,,,2,19,,83816,41,,,1,64,,83829,41,,,1,22,,83798,41,,,1,59,,83824,41,,,1,20,,83817,41,,,1,20,,83830,41,,,1,18,,83820,41,,,2,64,,83825,41,,,2,20,,83818,41,,,1,58,,83826,41,,,1,19,,83832,41,,,2,94,,83805,41,,,2,100,,83804,41,,,1,95,,83808,41,,,1,100,,83821,41,,,1
56901,'Semaine-1',706,,86823,20,0,5 6,1
56901,'Semaine-12',706,,86824,20,0,5 6,1
