3101,'Samedi-1',650,,80209,13,,,1,100,,80210,13,,,1,100,,80211,13,,,1,100,,80212,13,,,1,100,,80213,13,,,1,100,,80214,13,,,1,100,,80215,13,,,1,100,,80216,13,,,1,100,,80217,13,,,1,100,,80218,13,,,1,100,,80219,13,,,1,100,,80220,13,,,1,100,,80221,13,,,1,99,,80222,13,,,1,100,,80223,13,,,1,100,,80224,13,,,1,100,,80225,13,,,1,100,,80226,13,,,1
3101,'Samedi-10',650,,66345,13,,,1,100,,66346,13,,,1,100,,66347,13,,,1,100,,66348,13,,,1,100,,66349,13,,,1,100,,66350,13,,,1,100,,66351,13,,,1,100,,66352,13,,,1,100,,66353,13,,,1,100,,66354,13,,,1,100,,66355,13,,,1,100,,66356,13,,,1,100,,66357,13,,,1,99,,66358,13,,,1,100,,66359,13,,,1,100,,66360,13,,,1,100,,66361,13,,,1,100,,66362,13,,,1
3101,'Dimanche-1',650,,80228,13,,,1,100,,80233,13,,,1,100,,80240,13,,,1,100,,80230,13,,,1,100,,80232,13,,,1,100,,80229,13,,,1,100,,80231,13,,,1,100,,80227,13,,,1,100,,80234,13,,,1,100,,80237,13,,,1,100,,80236,13,,,1,100,,80235,13,,,1,100,,80239,13,,,1,99,,80238,13,,,1,100,,80241,13,,,1,100,,80242,13,,,1,100,,80243,13,,,1,100,,80244,13,,,1
3101,'Semaine-1',529,,80248,13,,,1,76,,80282,13,,,1,33,,80262,13,,,1,70,,80249,13,,,1,16,,80285,13,,,1,17,,80245,13,,,1,15,,80287,13,,,1,52,,80259,13,,,1,15,,80260,13,,,1,15,,80279,13,,,1,15,,80250,13,,,1,60,,80252,13,,,1,20,,80277,13,,,1,20,,80269,13,,,1,61,,80278,13,,,1,20,,80251,13,,,1,20,,80253,13,,,1,60,,80273,13,,,1,20,,80283,13,,,1,20,,80272,13,,,1,60,,80254,13,,,1,20,,80246,13,,,1,20,,80276,13,,,1,60,,80286,13,,,1,20,,80271,13,,,1,20,,80255,13,,,1,57,,80274,13,,,1,23,,80275,13,,,1,20,,80284,13,,,1,60,,80270,13,,,1,19,,80256,13,,,1,21,,80267,13,,,1,62,,80268,13,,,1,20,,80257,13,,,1,20,,80263,13,,,1,60,,80247,13,,,1,20,,80280,13,,,1,18,,80288,13,,,1,65,,80258,13,,,1,99,,80281,13,,,1,100,,80264,13,,,1,100,,80261,13,,,1,99,,80265,13,,,1,100,,80266,13,,,1
3101,'Semaine-12',529,,80292,13,,,1,76,,80326,13,,,1,33,,80306,13,,,1,70,,80293,13,,,1,16,,80329,13,,,1,17,,80289,13,,,1,15,,80331,13,,,1,52,,80303,13,,,1,15,,80304,13,,,1,15,,80323,13,,,1,15,,80294,13,,,1,60,,80296,13,,,1,20,,80321,13,,,1,20,,80313,13,,,1,61,,80322,13,,,1,20,,80295,13,,,1,20,,80297,13,,,1,60,,80317,13,,,1,20,,80327,13,,,1,20,,80316,13,,,1,60,,80298,13,,,1,20,,80290,13,,,1,20,,80320,13,,,1,60,,80330,13,,,1,20,,80315,13,,,1,20,,80299,13,,,1,57,,80318,13,,,1,23,,80319,13,,,1,20,,80328,13,,,1,60,,80314,13,,,1,19,,80300,13,,,1,21,,80311,13,,,1,62,,80312,13,,,1,20,,80301,13,,,1,20,,80307,13,,,1,60,,80291,13,,,1,20,,80324,13,,,1,18,,80332,13,,,1,65,,80302,13,,,1,99,,80325,13,,,1,100,,80308,13,,,1,100,,80305,13,,,1,99,,80309,13,,,1,100,,80310,13,,,1
33101,'Semaine-1',1645,,85913,40,0,7 8,1
33101,'Semaine-12',1645,,85914,40,0,7 8,1
43100,'Semaine-1',1504,,86772,12,0,9 14,1
43100,'Semaine-12',1504,,86774,12,0,9 14,1
83101,'Semaine-1',802,,87148,13,0,9 12 13,2,2,,87149,13,0,9 12 13,1
83101,'Semaine-12',802,,87150,13,0,9 12 13,2,2,,87151,13,0,9 12 13,1
