2700,'Semaine-1',1618,,80039,34,,,1,30,,80037,34,,,2,67,,80041,34,,,1,29,,80038,34,,,2,69,,80040,34,,,2
2700,'Semaine-12',1618,,80044,34,,,1,30,,80042,34,,,2,67,,80046,34,,,1,29,,80043,34,,,2,69,,80045,34,,,2
3301,'Samedi-1',711,,80655,10,,,1,100,,80656,10,,,1,100,,80657,10,,,1,100,,80658,10,,,1,100,,80659,10,,,1,100,,80660,10,,,1,100,,80661,10,,,1,100,,80662,10,,,1,101,,80663,10,,,1,99,,80664,10,,,1,100,,80665,10,,,1,100,,80666,10,,,1,100,,80667,10,,,1,100,,80668,10,,,1,100,,80669,10,,,1,100,,80670,10,,,1,100,,80671,10,,,1,100,,80672,10,,,1
3301,'Samedi-10',711,,67122,10,,,1,100,,67123,10,,,1,100,,67124,10,,,1,100,,67125,10,,,1,100,,67126,10,,,1,100,,67127,10,,,1,100,,67128,10,,,1,100,,67129,10,,,1,101,,67130,10,,,1,99,,67131,10,,,1,100,,67132,10,,,1,100,,67133,10,,,1,100,,67134,10,,,1,100,,67135,10,,,1,100,,67136,10,,,1,100,,67137,10,,,1,100,,67138,10,,,1,100,,67139,10,,,1
3301,'Dimanche-1',711,,80677,10,,,1,100,,80678,10,,,1,100,,80686,10,,,1,100,,80679,10,,,1,100,,80674,10,,,1,100,,80675,10,,,1,100,,80673,10,,,1,100,,80676,10,,,1,101,,80680,10,,,1,99,,80681,10,,,1,100,,80683,10,,,1,100,,80685,10,,,1,100,,80684,10,,,1,100,,80682,10,,,1,100,,80687,10,,,1,100,,80688,10,,,1,100,,80689,10,,,1,100,,80690,10,,,1
3301,'Semaine-1',556,,80714,10,,,1,60,,80722,10,,,1,18,,80699,10,,,1,15,,80719,10,,,1,58,,80715,10,,,1,10,,80710,10,,,1,11,,80730,10,,,1,13,,80728,10,,,1,15,,80717,10,,,1,54,,80705,10,,,1,11,,80721,10,,,1,14,,80695,10,,,1,70,,80707,10,,,1,31,,80713,10,,,1,70,,80703,10,,,1,30,,80724,10,,,1,70,,80708,10,,,1,30,,80700,10,,,1,70,,80702,10,,,1,15,,80720,10,,,1,15,,80729,10,,,1,65,,80711,10,,,1,30,,80701,10,,,1,70,,80706,10,,,1,30,,80709,10,,,1,20,,80731,10,,,1,60,,80712,10,,,1,18,,80716,10,,,1,23,,80697,10,,,1,60,,80727,10,,,1,20,,80704,10,,,1,27,,80694,10,,,1,71,,80691,10,,,1,76,,80725,10,,,1,30,,80698,10,,,1,70,,80693,10,,,1,100,,80696,10,,,1,34,,80718,10,,,1,101,,80723,10,,,2,100,,80692,10,,,1,100,,80726,10,,,1
3301,'Semaine-12',556,,80755,10,,,1,60,,80763,10,,,1,18,,80740,10,,,1,15,,80760,10,,,1,58,,80756,10,,,1,10,,80751,10,,,1,11,,80771,10,,,1,13,,80769,10,,,1,15,,80758,10,,,1,54,,80746,10,,,1,11,,80762,10,,,1,14,,80736,10,,,1,70,,80748,10,,,1,31,,80754,10,,,1,70,,80744,10,,,1,30,,80765,10,,,1,70,,80749,10,,,1,30,,80741,10,,,1,70,,80743,10,,,1,15,,80761,10,,,1,15,,80770,10,,,1,65,,80752,10,,,1,30,,80742,10,,,1,70,,80747,10,,,1,30,,80750,10,,,1,20,,80772,10,,,1,60,,80753,10,,,1,18,,80757,10,,,1,23,,80738,10,,,1,60,,80768,10,,,1,20,,80745,10,,,1,27,,80735,10,,,1,71,,80732,10,,,1,76,,80766,10,,,1,30,,80739,10,,,1,70,,80734,10,,,1,100,,80737,10,,,1,34,,80759,10,,,1,101,,80764,10,,,2,100,,80733,10,,,1,100,,80767,10,,,1
33101,'Semaine-1',1626,,85913,15,0,7 8,1
33101,'Semaine-12',1626,,85914,15,0,7 8,1
43301,'Semaine-1',729,,86781,11,0,9 14,1
43301,'Semaine-12',729,,86782,11,0,9 14,1
56601,'Semaine-1',714,,86819,43,0,5 6,1
56601,'Semaine-12',714,,86820,43,0,5 6,1
82700,'Semaine-1',1539,,87128,24,0,9 12 13,2
82700,'Semaine-12',1539,,87129,24,0,9 12 13,2
