4500,'Semaine-1',1526,,81964,36,,,1,76,,81959,36,,,1,30,,81960,36,,,1,72,,81962,36,,,1,27,,81963,36,,,1,25,,81961,36,,,2
4500,'Semaine-12',1526,,81970,36,,,1,76,,81965,36,,,1,30,,81966,36,,,1,72,,81968,36,,,1,27,,81969,36,,,1,25,,81967,36,,,2
5200,'Samedi-1',640,,82231,22,,,1,100,,82232,22,,,1,100,,82233,22,,,1,101,,82234,22,,,1,100,,82235,22,,,1,101,,82236,22,,,1,101,,82237,22,,,1,100,,82238,22,,,1,99,,82239,22,,,1,100,,82240,22,,,1,100,,82241,22,,,1,100,,82242,22,,,1,99,,82243,22,,,1,100,,82246,22,,,1,100,,82244,22,,,1,100,,82245,22,,,1,98,,82247,22,,,1,100,,82248,22,,,1
5200,'Samedi-10',640,,70287,22,,,1,100,,70288,22,,,1,100,,70289,22,,,1,101,,70290,22,,,1,100,,70291,22,,,1,101,,70292,22,,,1,101,,70293,22,,,1,100,,70294,22,,,1,99,,70295,22,,,1,100,,70296,22,,,1,100,,70297,22,,,1,100,,70298,22,,,1,99,,70299,22,,,1,100,,70302,22,,,1,100,,70300,22,,,1,100,,70301,22,,,1,98,,70303,22,,,1,100,,70304,22,,,1
5200,'Dimanche-1',640,,82250,22,,,1,100,,82249,22,,,1,100,,82251,22,,,1,101,,82254,22,,,1,100,,82252,22,,,1,101,,82253,22,,,1,101,,82257,22,,,1,100,,82256,22,,,1,99,,82258,22,,,1,100,,82255,22,,,1,100,,82259,22,,,1,100,,82261,22,,,1,99,,82262,22,,,1,100,,82260,22,,,1,100,,82263,22,,,1,100,,82264,22,,,1,98,,82265,22,,,1,100,,82266,22,,,1
5200,'Semaine-1',611,,82270,22,,,1,98,,82272,22,,,1,108,,82267,22,,,1,97,,82283,22,,,1,97,,82281,22,,,1,101,,82268,22,,,1,100,,82275,22,,,1,100,,82274,22,,,1,100,,82271,22,,,1,101,,82269,22,,,1,108,,82273,22,,,1,100,,82284,22,,,1,107,,82282,22,,,1,99,,82276,22,,,1,84,,82280,22,,,1,100,,82279,22,,,1,100,,82277,22,,,1,100,,82278,22,,,1
5200,'Semaine-12',611,,82288,22,,,1,98,,82290,22,,,1,108,,82285,22,,,1,97,,82301,22,,,1,97,,82299,22,,,1,101,,82286,22,,,1,100,,82293,22,,,1,100,,82292,22,,,1,100,,82289,22,,,1,101,,82287,22,,,1,108,,82291,22,,,1,100,,82302,22,,,1,107,,82300,22,,,1,99,,82294,22,,,1,84,,82298,22,,,1,100,,82297,22,,,1,100,,82295,22,,,1,100,,82296,22,,,1
64501,'Semaine-1',1522,,86853,28,0,9 10,1
64501,'Semaine-12',1522,,86854,28,0,9 10,1
75201,'Semaine-1',1515,,86892,14,0,9 18,1
75201,'Semaine-12',1515,,86894,14,0,9 18,1
