4001,'Semaine-1',621,,81922,35,,,1,30,,81921,35,,,1,72,,81924,35,,,1,33,,81920,35,,,2,67,,81919,35,,,1,27,,81923,35,,,1
4001,'Semaine-12',621,,81928,35,,,1,30,,81927,35,,,1,72,,81930,35,,,1,33,,81926,35,,,2,67,,81925,35,,,1,27,,81929,35,,,1
4101,'Semaine-1',643,,81943,26,,,1,73,,81944,26,,,1,35,,81945,26,,,1,65,,81942,26,,,2,29,,81941,26,,,1
4101,'Semaine-12',643,,81948,26,,,1,73,,81949,26,,,1,35,,81950,26,,,1,65,,81947,26,,,2,29,,81946,26,,,1
4501,'Semaine-1',610,,81972,29,,,1,30,,81971,29,,,1,72,,81975,29,,,2,30,,81974,29,,,1,73,,81973,29,,,1,28,,81976,29,,,1
4501,'Semaine-12',610,,81978,29,,,1,30,,81977,29,,,1,72,,81981,29,,,2,30,,81980,29,,,1,73,,81979,29,,,1,28,,81982,29,,,1
4701,'Semaine-1',623,,81991,22,,,2,85,,81990,22,,,1,49,,81989,22,,,1,67,,81992,22,,,1
4701,'Semaine-12',623,,81995,22,,,2,85,,81994,22,,,1,49,,81993,22,,,1,67,,81996,22,,,1
5201,'Samedi-1',704,,82303,53,,,1,100,,82304,53,,,1,100,,82305,53,,,1,100,,82306,53,,,1,102,,82308,53,,,1,100,,82307,53,,,1,100,,82309,53,,,1,100,,82310,53,,,1,101,,82311,53,,,1,99,,82312,53,,,1,100,,82313,53,,,1,100,,82314,53,,,1,99,,82317,53,,,1,100,,82315,53,,,1,97,,82319,53,,,1,101,,82316,53,,,1,100,,82318,53,,,1,101,,82320,53,,,1
5201,'Samedi-10',704,,70449,53,,,1,100,,70450,53,,,1,100,,70451,53,,,1,100,,70452,53,,,1,102,,70454,53,,,1,100,,70453,53,,,1,100,,70455,53,,,1,100,,70456,53,,,1,101,,70457,53,,,1,99,,70458,53,,,1,100,,70459,53,,,1,100,,70460,53,,,1,99,,70463,53,,,1,100,,70461,53,,,1,97,,70465,53,,,1,101,,70462,53,,,1,100,,70464,53,,,1,101,,70466,53,,,1
5201,'Dimanche-1',704,,82321,53,,,1,100,,82322,53,,,1,100,,82323,53,,,1,100,,82326,53,,,1,102,,82324,53,,,1,100,,82328,53,,,1,100,,82325,53,,,1,100,,82330,53,,,1,101,,82327,53,,,1,99,,82329,53,,,1,100,,82332,53,,,1,100,,82334,53,,,1,99,,82331,53,,,1,100,,82333,53,,,1,97,,82335,53,,,1,101,,82336,53,,,1,100,,82337,53,,,1,101,,82338,53,,,1
5201,'Semaine-1',635,,82354,53,,,1,103,,82356,53,,,1,102,,82355,53,,,1,97,,82339,53,,,1,102,,82345,53,,,1,99,,82342,53,,,1,100,,82349,53,,,1,100,,82340,53,,,1,100,,82344,53,,,1,102,,82343,53,,,1,100,,82353,53,,,1,100,,82352,53,,,1,98,,82346,53,,,1,96,,82347,53,,,1,100,,82351,53,,,1,100,,82348,53,,,1,100,,82350,53,,,1,100,,82341,53,,,2
5201,'Semaine-12',635,,82372,53,,,1,103,,82374,53,,,1,102,,82373,53,,,1,97,,82357,53,,,1,102,,82363,53,,,1,99,,82360,53,,,1,100,,82367,53,,,1,100,,82358,53,,,1,100,,82362,53,,,1,102,,82361,53,,,1,100,,82371,53,,,1,100,,82370,53,,,1,98,,82364,53,,,1,96,,82365,53,,,1,100,,82369,53,,,1,100,,82366,53,,,1,100,,82368,53,,,1,100,,82359,53,,,2
5501,'Samedi-1',706,,82555,33,,,1,30,,82558,33,,,1,71,,82557,33,,,1,30,,82567,33,,,1,69,,82556,33,,,1,30,,82559,33,,,1,71,,82560,33,,,1,29,,82566,33,,,1,70,,82562,33,,,1,30,,82563,33,,,1,70,,82561,33,,,1,30,,82569,33,,,1,70,,82568,33,,,1,30,,82564,33,,,1,70,,82565,33,,,1,32,,82570,33,,,1,68,,82571,33,,,1,32,,82572,33,,,1,68,,82573,33,,,1,32,,82574,33,,,1,68,,82575,33,,,1,32,,82576,33,,,1,68,,82577,33,,,1,30,,82578,33,,,1,70,,82579,33,,,1,30,,82580,33,,,1,70,,82581,33,,,1,30,,82582,33,,,1,70,,82583,33,,,1,30,,82585,33,,,1,70,,82584,33,,,1,30,,82587,33,,,1,70,,82586,33,,,1
5501,'Samedi-10',706,,71004,33,,,1,30,,71007,33,,,1,71,,71006,33,,,1,30,,71016,33,,,1,69,,71005,33,,,1,30,,71008,33,,,1,71,,71009,33,,,1,29,,71015,33,,,1,70,,71011,33,,,1,30,,71012,33,,,1,70,,71010,33,,,1,30,,71018,33,,,1,70,,71017,33,,,1,30,,71013,33,,,1,70,,71014,33,,,1,32,,71019,33,,,1,68,,71020,33,,,1,32,,71021,33,,,1,68,,71022,33,,,1,32,,71023,33,,,1,68,,71024,33,,,1,32,,71025,33,,,1,68,,71026,33,,,1,30,,71027,33,,,1,70,,71028,33,,,1,30,,71029,33,,,1,70,,71030,33,,,1,30,,71031,33,,,1,70,,71032,33,,,1,30,,71034,33,,,1,70,,71033,33,,,1,30,,71036,33,,,1,70,,71035,33,,,1
5501,'Dimanche-1',706,,82589,33,,,1,30,,82593,33,,,1,71,,82591,33,,,1,30,,82596,33,,,1,69,,82598,33,,,1,30,,82592,33,,,1,71,,82588,33,,,1,29,,82602,33,,,1,70,,82597,33,,,1,30,,82604,33,,,1,70,,82595,33,,,1,30,,82594,33,,,1,70,,82600,33,,,1,30,,82590,33,,,1,70,,82599,33,,,1,32,,82603,33,,,1,68,,82608,33,,,1,32,,82601,33,,,1,68,,82607,33,,,1,32,,82610,33,,,1,68,,82605,33,,,1,32,,82606,33,,,1,68,,82612,33,,,1,30,,82614,33,,,1,70,,82611,33,,,1,30,,82609,33,,,1,70,,82613,33,,,1,30,,82615,33,,,1,70,,82616,33,,,1,30,,82617,33,,,1,70,,82618,33,,,1,30,,82619,33,,,1,70,,82620,33,,,1
5501,'Semaine-1',525,,82634,33,,,1,14,,82641,33,,,1,14,,82640,33,,,1,57,,82624,33,,,1,15,,82662,33,,,1,23,,82661,33,,,1,8,,82621,33,,,1,52,,82666,33,,,1,15,,82647,33,,,1,13,,82655,33,,,1,16,,82625,33,,,1,49,,82629,33,,,1,12,,82627,33,,,1,9,,82656,33,,,1,6,,82658,33,,,1,14,,82635,33,,,1,68,,82639,33,,,1,12,,82626,33,,,1,11,,82660,33,,,1,69,,82653,33,,,1,31,,82657,33,,,1,69,,82623,33,,,1,29,,82630,33,,,1,70,,82643,33,,,1,30,,82654,33,,,1,70,,82650,33,,,1,30,,82631,33,,,1,70,,82663,33,,,1,30,,82622,33,,,1,70,,82628,33,,,1,50,,82632,33,,,1,100,,82637,33,,,1,100,,82642,33,,,1,101,,82659,33,,,1,60,,82648,33,,,1,30,,82636,33,,,1,70,,82652,33,,,1,30,,82645,33,,,1,70,,82664,33,,,1,30,,82638,33,,,1,69,,82644,33,,,1,31,,82646,33,,,1,70,,82633,33,,,1,30,,82651,33,,,1,70,,82649,33,,,1
5501,'Semaine-12',525,,82680,33,,,1,14,,82687,33,,,1,14,,82686,33,,,1,57,,82670,33,,,1,15,,82708,33,,,1,23,,82707,33,,,1,8,,82667,33,,,1,52,,82712,33,,,1,15,,82693,33,,,1,13,,82701,33,,,1,16,,82671,33,,,1,49,,82675,33,,,1,12,,82673,33,,,1,9,,82702,33,,,1,6,,82704,33,,,1,14,,82681,33,,,1,68,,82685,33,,,1,12,,82672,33,,,1,11,,82706,33,,,1,69,,82699,33,,,1,31,,82703,33,,,1,69,,82669,33,,,1,29,,82676,33,,,1,70,,82689,33,,,1,30,,82700,33,,,1,70,,82696,33,,,1,30,,82677,33,,,1,70,,82709,33,,,1,30,,82668,33,,,1,70,,82674,33,,,1,50,,82678,33,,,1,100,,82683,33,,,1,100,,82688,33,,,1,101,,82705,33,,,1,60,,82694,33,,,1,30,,82682,33,,,1,70,,82698,33,,,1,30,,82691,33,,,1,70,,82710,33,,,1,30,,82684,33,,,1,69,,82690,33,,,1,31,,82692,33,,,1,70,,82679,33,,,1,30,,82697,33,,,1,70,,82695,33,,,1
5600,'Semaine-1',638,,82719,20,,,1,64,,82717,20,,,1,6,,82721,20,,,1,31,,82720,20,,,1,71,,82714,20,,,1,100,,82713,20,,,1,109,,82715,20,,,1,98,,82718,20,,,2,100,,82716,20,,,1
5600,'Semaine-12',638,,82728,20,,,1,64,,82726,20,,,1,6,,82730,20,,,1,31,,82729,20,,,1,71,,82723,20,,,1,100,,82722,20,,,1,109,,82724,20,,,1,98,,82727,20,,,2,100,,82725,20,,,1
5801,'Semaine-1',602,,82763,21,,,1,32,,82767,21,,,1,71,,82765,21,,,1,30,,82764,21,,,1,70,,82761,21,,,1,30,,82766,21,,,1,800,,82762,21,,,1
5801,'Semaine-12',602,,82770,21,,,1,32,,82774,21,,,1,71,,82772,21,,,1,30,,82771,21,,,1,70,,82768,21,,,1,30,,82773,21,,,1,800,,82769,21,,,1
5901,'Samedi-1',721,,82939,22,,,1,30,,82946,22,,,1,69,,82943,22,,,1,30,,82948,22,,,1,70,,82940,22,,,1,30,,82945,22,,,1,71,,82944,22,,,1,30,,82947,22,,,1,70,,82951,22,,,1,30,,82952,22,,,1,70,,82941,22,,,1,30,,82942,22,,,1,70,,82950,22,,,1,30,,82949,22,,,1,70,,82953,22,,,1,30,,82954,22,,,1,70,,82955,22,,,1,30,,82956,22,,,1,70,,82957,22,,,1,30,,82958,22,,,1,70,,82959,22,,,1,30,,82960,22,,,1,70,,82961,22,,,1,30,,82962,22,,,1,70,,82963,22,,,1,30,,82965,22,,,1,70,,82964,22,,,1,30,,82966,22,,,1,70,,82967,22,,,1,30,,82968,22,,,1,70,,82970,22,,,1,30,,82969,22,,,1
5901,'Samedi-10',721,,71780,22,,,1,30,,71787,22,,,1,69,,71784,22,,,1,30,,71789,22,,,1,70,,71781,22,,,1,30,,71786,22,,,1,71,,71785,22,,,1,30,,71788,22,,,1,70,,71792,22,,,1,30,,71793,22,,,1,70,,71782,22,,,1,30,,71783,22,,,1,70,,71791,22,,,1,30,,71790,22,,,1,70,,71794,22,,,1,30,,71795,22,,,1,70,,71796,22,,,1,30,,71797,22,,,1,70,,71798,22,,,1,30,,71799,22,,,1,70,,71800,22,,,1,30,,71801,22,,,1,70,,71802,22,,,1,30,,71803,22,,,1,70,,71804,22,,,1,30,,71806,22,,,1,70,,71805,22,,,1,30,,71807,22,,,1,70,,71808,22,,,1,30,,71809,22,,,1,70,,71811,22,,,1,30,,71810,22,,,1
5901,'Dimanche-1',721,,82971,22,,,1,30,,82983,22,,,1,69,,82977,22,,,1,30,,82978,22,,,1,70,,82985,22,,,1,30,,82982,22,,,1,71,,82987,22,,,1,30,,82974,22,,,1,70,,82986,22,,,1,30,,82972,22,,,1,70,,82981,22,,,1,30,,82973,22,,,1,70,,82976,22,,,1,30,,82979,22,,,1,70,,82980,22,,,1,30,,82988,22,,,1,70,,82975,22,,,1,30,,82991,22,,,1,70,,82984,22,,,1,30,,82993,22,,,1,70,,82994,22,,,1,30,,82990,22,,,1,70,,82995,22,,,1,30,,82992,22,,,1,70,,82996,22,,,1,30,,82989,22,,,1,70,,82997,22,,,1,30,,82998,22,,,1,70,,82999,22,,,1,30,,83000,22,,,1,70,,83001,22,,,1,30,,83002,22,,,1
5901,'Semaine-1',519,,83007,22,,,1,15,,83043,22,,,1,15,,83016,22,,,1,55,,83037,22,,,1,15,,83017,22,,,1,14,,83006,22,,,1,13,,83008,22,,,1,55,,83011,22,,,1,18,,83014,22,,,1,15,,83015,22,,,1,18,,83010,22,,,1,52,,83039,22,,,1,18,,83025,22,,,1,14,,83030,22,,,1,13,,83020,22,,,1,55,,83005,22,,,1,16,,83023,22,,,1,27,,83049,22,,,1,69,,83044,22,,,1,30,,83031,22,,,1,70,,83013,22,,,1,30,,83024,22,,,1,70,,83027,22,,,1,30,,83012,22,,,1,70,,83041,22,,,1,30,,83003,22,,,1,70,,83045,22,,,1,30,,83035,22,,,1,76,,83038,22,,,1,100,,83042,22,,,1,100,,83022,22,,,1,100,,83029,22,,,1,35,,83034,22,,,1,70,,83021,22,,,1,30,,83028,22,,,1,70,,83033,22,,,1,30,,83040,22,,,1,70,,83018,22,,,1,30,,83036,22,,,1,70,,83026,22,,,1,30,,83009,22,,,1,70,,83019,22,,,1,30,,83032,22,,,1
5901,'Semaine-12',519,,83054,22,,,1,15,,83090,22,,,1,15,,83063,22,,,1,55,,83084,22,,,1,15,,83064,22,,,1,14,,83053,22,,,1,13,,83055,22,,,1,55,,83058,22,,,1,18,,83061,22,,,1,15,,83062,22,,,1,18,,83057,22,,,1,52,,83086,22,,,1,18,,83072,22,,,1,14,,83077,22,,,1,13,,83067,22,,,1,55,,83052,22,,,1,16,,83070,22,,,1,27,,83096,22,,,1,69,,83091,22,,,1,30,,83078,22,,,1,70,,83060,22,,,1,30,,83071,22,,,1,70,,83074,22,,,1,30,,83059,22,,,1,70,,83088,22,,,1,30,,83050,22,,,1,70,,83092,22,,,1,30,,83082,22,,,1,76,,83085,22,,,1,100,,83089,22,,,1,100,,83069,22,,,1,100,,83076,22,,,1,35,,83081,22,,,1,70,,83068,22,,,1,30,,83075,22,,,1,70,,83080,22,,,1,30,,83087,22,,,1,70,,83065,22,,,1,30,,83083,22,,,1,70,,83073,22,,,1,30,,83056,22,,,1,70,,83066,22,,,1,30,,83079,22,,,1
55400,'Semaine-1',700,,86810,10,0,5 6,2
55400,'Semaine-12',700,,86812,10,0,5 6,2
64501,'Semaine-1',1527,,86853,38,0,9 10,1
64501,'Semaine-12',1527,,86854,38,0,9 10,1
64701,'Semaine-1',1526,,86857,31,0,9 10,1
64701,'Semaine-12',1526,,86858,31,0,9 10,1
65501,'Semaine-1',1518,,86865,21,0,9 10,1
65501,'Semaine-12',1518,,86866,21,0,9 10,1
74001,'Semaine-1',825,,86883,36,0,5 11,2,2,,86884,36,0,5 11,1
74001,'Semaine-12',825,,86885,36,0,5 11,2,2,,86886,36,0,5 11,1
75201,'Semaine-1',1507,,86892,8,0,9 18,1
75201,'Semaine-12',1507,,86894,8,0,9 18,1
80000,'Samedi-1',725,,86901,26,,,1,102,,86902,26,,,1,98,,86903,26,,,1,101,,86905,26,,,1,100,,86906,26,,,1,100,,86904,26,,,1,100,,86907,26,,,1,100,,86908,26,,,1,100,,86909,26,,,1,100,,86910,26,,,1,100,,86911,26,,,2,100,,86912,26,,,1,100,,86915,26,,,1,99,,86913,26,,,1,100,,86914,26,,,1,98,,86916,26,,,1,100,,86917,26,,,1
80000,'Samedi-10',725,,79460,26,,,1,102,,79461,26,,,1,98,,79462,26,,,1,101,,79464,26,,,1,100,,79465,26,,,1,100,,79463,26,,,1,100,,79466,26,,,1,100,,79467,26,,,1,100,,79468,26,,,1,100,,79469,26,,,1,100,,79470,26,,,2,100,,79471,26,,,1,100,,79474,26,,,1,99,,79472,26,,,1,100,,79473,26,,,1,98,,79475,26,,,1,100,,79476,26,,,1
80000,'Dimanche-1',725,,86920,26,,,1,102,,86919,26,,,1,98,,86925,26,,,1,101,,86918,26,,,1,100,,86922,26,,,1,100,,86921,26,,,1,100,,86923,26,,,1,100,,86924,26,,,1,100,,86928,26,,,1,100,,86926,26,,,1,100,,86927,26,,,2,100,,86931,26,,,1,100,,86930,26,,,1,99,,86929,26,,,1,100,,86932,26,,,1,98,,86933,26,,,1,100,,86934,26,,,1
80000,'Semaine-1',601,,86967,26,,,1,31,,86953,26,,,1,71,,86943,26,,,1,15,,86942,26,,,1,15,,86963,26,,,1,71,,86954,26,,,1,18,,86940,26,,,1,30,,86959,26,,,1,70,,86944,26,,,1,30,,86961,26,,,1,70,,86956,26,,,1,29,,86970,26,,,1,70,,86937,26,,,1,30,,86958,26,,,1,70,,86948,26,,,1,31,,86964,26,,,1,69,,86957,26,,,1,30,,86968,26,,,1,71,,86947,26,,,1,29,,86962,26,,,1,73,,86960,26,,,1,30,,86949,26,,,1,72,,86965,26,,,1,28,,86938,26,,,1,70,,86955,26,,,1,30,,86952,26,,,1,69,,86966,26,,,1,29,,86951,26,,,1,71,,86945,26,,,1,28,,86939,26,,,1,71,,86969,26,,,1,29,,86950,26,,,1,68,,86946,26,,,1,30,,86936,26,,,1,69,,86941,26,,,1,30,,86935,26,,,1
80000,'Semaine-12',601,,87003,26,,,1,31,,86989,26,,,1,71,,86979,26,,,1,15,,86978,26,,,1,15,,86999,26,,,1,71,,86990,26,,,1,18,,86976,26,,,1,30,,86995,26,,,1,70,,86980,26,,,1,30,,86997,26,,,1,70,,86992,26,,,1,29,,87006,26,,,1,70,,86973,26,,,1,30,,86994,26,,,1,70,,86984,26,,,1,31,,87000,26,,,1,69,,86993,26,,,1,30,,87004,26,,,1,71,,86983,26,,,1,29,,86998,26,,,1,73,,86996,26,,,1,30,,86985,26,,,1,72,,87001,26,,,1,28,,86974,26,,,1,70,,86991,26,,,1,30,,86988,26,,,1,69,,87002,26,,,1,29,,86987,26,,,1,71,,86981,26,,,1,28,,86975,26,,,1,71,,87005,26,,,1,29,,86986,26,,,1,68,,86982,26,,,1,30,,86972,26,,,1,69,,86977,26,,,1,30,,86971,26,,,1
