6700,'Samedi-1',724,,83839,25,,,1,101,,83838,25,,,1,100,,83837,25,,,1,31,,83833,25,,,1,70,,83841,25,,,1,30,,83834,25,,,1,70,,83835,25,,,1,31,,83840,25,,,1,70,,83845,25,,,1,30,,83836,25,,,1,69,,83844,25,,,1,31,,83842,25,,,1,70,,83843,25,,,1,32,,83846,25,,,1,70,,83847,25,,,1,30,,83848,25,,,1,70,,83849,25,,,1,28,,83850,25,,,1,70,,83851,25,,,1,30,,83852,25,,,1,70,,83853,25,,,1,30,,83854,25,,,1,69,,83855,25,,,1,30,,83856,25,,,1,100,,83860,25,,,1,100,,83857,25,,,1,100,,83858,25,,,1,99,,83859,25,,,1
6700,'Samedi-10',724,,73543,25,,,1,101,,73542,25,,,1,100,,73541,25,,,1,31,,73537,25,,,1,70,,73545,25,,,1,30,,73538,25,,,1,70,,73539,25,,,1,31,,73544,25,,,1,70,,73549,25,,,1,30,,73540,25,,,1,69,,73548,25,,,1,31,,73546,25,,,1,70,,73547,25,,,1,32,,73550,25,,,1,70,,73551,25,,,1,30,,73552,25,,,1,70,,73553,25,,,1,28,,73554,25,,,1,70,,73555,25,,,1,30,,73556,25,,,1,70,,73557,25,,,1,30,,73558,25,,,1,69,,73559,25,,,1,30,,73560,25,,,1,100,,73564,25,,,1,100,,73561,25,,,1,100,,73562,25,,,1,99,,73563,25,,,1
6700,'Dimanche-1',724,,83867,25,,,1,101,,83863,25,,,1,100,,83862,25,,,1,31,,83868,25,,,1,70,,83871,25,,,1,30,,83873,25,,,1,70,,83877,25,,,1,31,,83876,25,,,1,70,,83861,25,,,1,30,,83865,25,,,1,69,,83864,25,,,1,31,,83869,25,,,1,70,,83874,25,,,1,32,,83875,25,,,1,70,,83870,25,,,1,30,,83866,25,,,1,70,,83872,25,,,1,28,,83881,25,,,1,70,,83878,25,,,1,30,,83883,25,,,1,70,,83884,25,,,1,30,,83879,25,,,1,69,,83882,25,,,1,30,,83880,25,,,1,100,,83885,25,,,1,100,,83886,25,,,1,100,,83887,25,,,1,99,,83888,25,,,1
6700,'Semaine-1',625,,83897,25,,,1,30,,83891,25,,,1,72,,83899,25,,,1,22,,83908,25,,,1,61,,83892,25,,,1,18,,83917,25,,,1,29,,83902,25,,,1,68,,83910,25,,,1,20,,83900,25,,,1,59,,83920,25,,,1,20,,83918,25,,,1,21,,83905,25,,,2,60,,83921,25,,,1,20,,83911,25,,,1,20,,83914,25,,,1,60,,83922,25,,,1,20,,83919,25,,,1,20,,83906,25,,,1,60,,83923,25,,,1,20,,83912,25,,,1,20,,83915,25,,,1,60,,83924,25,,,1,22,,83904,25,,,1,20,,83907,25,,,1,62,,83925,25,,,1,325,,83927,25,,,1,15,,83901,25,,,1,56,,83926,25,,,1,19,,83909,25,,,1,30,,83889,25,,,1,72,,83913,25,,,1,28,,83893,25,,,2,70,,83916,25,,,2,30,,83890,25,,,1,70,,83898,25,,,1,30,,83894,25,,,2,71,,83903,25,,,1,26,,83896,25,,,1,69,,83895,25,,,2
6700,'Semaine-12',625,,83936,25,,,1,30,,83930,25,,,1,72,,83938,25,,,1,22,,83947,25,,,1,61,,83931,25,,,1,18,,83956,25,,,1,29,,83941,25,,,1,68,,83949,25,,,1,20,,83939,25,,,1,59,,83959,25,,,1,20,,83957,25,,,1,21,,83944,25,,,2,60,,83960,25,,,1,20,,83950,25,,,1,20,,83953,25,,,1,60,,83961,25,,,1,20,,83958,25,,,1,20,,83945,25,,,1,60,,83962,25,,,1,20,,83951,25,,,1,20,,83954,25,,,1,60,,83963,25,,,1,22,,83943,25,,,1,20,,83946,25,,,1,62,,83964,25,,,1,325,,83966,25,,,1,15,,83940,25,,,1,56,,83965,25,,,1,19,,83948,25,,,1,30,,83928,25,,,1,72,,83952,25,,,1,28,,83932,25,,,2,70,,83955,25,,,2,30,,83929,25,,,1,70,,83937,25,,,1,30,,83933,25,,,2,71,,83942,25,,,1,26,,83935,25,,,1,69,,83934,25,,,2
8500,'Semaine-1',1533,,85418,19,,,1,16,,85413,19,,,2,55,,85410,19,,,1,17,,85419,19,,,2,14,,85409,19,,,1,14,,85412,19,,,1,57,,85417,19,,,1,14,,85415,19,,,1,18,,85414,19,,,2,21,,85411,19,,,1,57,,85416,19,,,2
8500,'Semaine-12',1533,,85429,19,,,1,16,,85424,19,,,2,55,,85421,19,,,1,17,,85430,19,,,2,14,,85420,19,,,1,14,,85423,19,,,1,57,,85428,19,,,1,14,,85426,19,,,1,18,,85425,19,,,2,21,,85422,19,,,1,57,,85427,19,,,2
8700,'Semaine-1',1527,,85460,23,,,1,16,,85459,23,,,2,15,,85452,23,,,1,55,,85454,23,,,2,16,,85451,23,,,1,18,,85461,23,,,1,12,,85457,23,,,1,53,,85458,23,,,2,19,,85453,23,,,1,18,,85456,23,,,1,59,,85455,23,,,1
8700,'Semaine-12',1527,,85471,23,,,1,16,,85470,23,,,2,15,,85463,23,,,1,55,,85465,23,,,2,16,,85462,23,,,1,18,,85472,23,,,1,12,,85468,23,,,1,53,,85469,23,,,2,19,,85464,23,,,1,18,,85467,23,,,1,59,,85466,23,,,1
57100,'Semaine-1',1536,,86825,23,0,5 6,1
57100,'Semaine-12',1536,,86826,23,0,5 6,1
