2300,'Semaine-1',1527,,79976,3,,,1,28,,79974,3,,,1,74,,79972,3,,,1,26,,79973,3,,,2,68,,79975,3,,,2,30,,79971,3,,,1
2300,'Semaine-12',1527,,79982,3,,,1,28,,79980,3,,,1,74,,79978,3,,,1,26,,79979,3,,,2,68,,79981,3,,,2,30,,79977,3,,,1
2500,'Semaine-1',1508,,79993,3,,,1,30,,79996,3,,,1,70,,79994,3,,,1,33,,79998,3,,,1,67,,79995,3,,,2,30,,79997,3,,,2
2500,'Semaine-12',1508,,79999,3,,,1,30,,80002,3,,,1,70,,80000,3,,,1,33,,80004,3,,,1,67,,80001,3,,,2,30,,80003,3,,,2
2600,'Semaine-1',1531,,80019,3,,,1,71,,80018,3,,,1,29,,80017,3,,,2,71,,80020,3,,,1,29,,80021,3,,,2
2600,'Semaine-12',1531,,80024,3,,,1,71,,80023,3,,,1,29,,80022,3,,,2,71,,80025,3,,,1,29,,80026,3,,,2
2900,'Semaine-1',1522,,80070,3,,,2,33,,80069,3,,,1,72,,80067,3,,,2,28,,80071,3,,,1,73,,80068,3,,,1
2900,'Semaine-12',1522,,80075,3,,,2,33,,80074,3,,,1,72,,80072,3,,,2,28,,80076,3,,,1,73,,80073,3,,,1
4000,'Semaine-1',1503,,81911,3,,,1,30,,81907,3,,,2,70,,81910,3,,,1,30,,81909,3,,,1,70,,81908,3,,,1,33,,81912,3,,,1
4000,'Semaine-12',1503,,81917,3,,,1,30,,81913,3,,,2,70,,81916,3,,,1,30,,81915,3,,,1,70,,81914,3,,,1,33,,81918,3,,,1
4100,'Semaine-1',1513,,81932,3,,,1,30,,81934,3,,,1,72,,81933,3,,,2,28,,81931,3,,,1,70,,81935,3,,,1
4100,'Semaine-12',1513,,81937,3,,,1,30,,81939,3,,,1,72,,81938,3,,,2,28,,81936,3,,,1,70,,81940,3,,,1
4500,'Semaine-1',1452,,81964,3,,,1,71,,81959,3,,,1,30,,81960,3,,,1,73,,81962,3,,,1,27,,81963,3,,,1,70,,81961,3,,,2
4500,'Semaine-12',1452,,81970,3,,,1,71,,81965,3,,,1,30,,81966,3,,,1,73,,81968,3,,,1,27,,81969,3,,,1,70,,81967,3,,,2
4700,'Semaine-1',1508,,81983,3,,,1,100,,81984,3,,,1,100,,81985,3,,,2
4700,'Semaine-12',1508,,81986,3,,,1,100,,81987,3,,,1,100,,81988,3,,,2
4800,'Semaine-1',1701,,81997,3,,,1
4800,'Semaine-12',1701,,81998,3,,,1
