4100,'Semaine-1',1551,,81932,36,,,1,71,,81934,36,,,1,35,,81933,36,,,2,64,,81931,36,,,1,29,,81935,36,,,1
4100,'Semaine-12',1551,,81937,36,,,1,71,,81939,36,,,1,35,,81938,36,,,2,64,,81936,36,,,1,29,,81940,36,,,1
4700,'Semaine-1',1559,,81983,46,,,1,142,,81984,46,,,1,56,,81985,46,,,2
4700,'Semaine-12',1559,,81986,46,,,1,142,,81987,46,,,1,56,,81988,46,,,2
4901,'Samedi-1',750,,82116,44,,,1,100,,82115,44,,,1,100,,82117,44,,,1,102,,82113,44,,,1,100,,82118,44,,,1,102,,82114,44,,,1,100,,82119,44,,,1,100,,82120,44,,,1,100,,82121,44,,,1,100,,82122,44,,,1,100,,82123,44,,,1,97,,82124,44,,,1,100,,82125,44,,,1,100,,82126,44,,,1,100,,82127,44,,,1,98,,82128,44,,,1,100,,82129,44,,,1
4901,'Samedi-10',750,,70061,44,,,1,100,,70060,44,,,1,100,,70062,44,,,1,102,,70058,44,,,1,100,,70063,44,,,1,102,,70059,44,,,1,100,,70064,44,,,1,100,,70065,44,,,1,100,,70066,44,,,1,100,,70067,44,,,1,100,,70068,44,,,1,97,,70069,44,,,1,100,,70070,44,,,1,100,,70071,44,,,1,100,,70072,44,,,1,98,,70073,44,,,1,100,,70074,44,,,1
4901,'Dimanche-1',750,,82143,44,,,1,100,,82132,44,,,1,100,,82142,44,,,1,102,,82135,44,,,1,100,,82131,44,,,1,102,,82130,44,,,1,100,,82133,44,,,1,100,,82134,44,,,1,100,,82137,44,,,1,100,,82136,44,,,1,100,,82140,44,,,1,97,,82139,44,,,1,100,,82141,44,,,1,100,,82138,44,,,1,100,,82144,44,,,1,98,,82145,44,,,1,100,,82146,44,,,1
4901,'Semaine-1',634,,82153,44,,,1,89,,82158,44,,,1,31,,82174,44,,,1,73,,82170,44,,,1,30,,82168,44,,,1,66,,82178,44,,,1,28,,82160,44,,,1,69,,82176,44,,,1,29,,82172,44,,,1,72,,82147,44,,,1,30,,82169,44,,,1,70,,82148,44,,,1,30,,82154,44,,,1,70,,82156,44,,,1,30,,82161,44,,,1,69,,82177,44,,,1,32,,82159,44,,,1,71,,82179,44,,,1,25,,82175,44,,,1,52,,82162,44,,,1,15,,82149,44,,,1,15,,82165,44,,,1,70,,82155,44,,,1,26,,82157,44,,,1,29,,82173,44,,,1,66,,82167,44,,,1,30,,82171,44,,,1,94,,82150,44,,,1,80,,82166,44,,,1,101,,82164,44,,,1,95,,82151,44,,,1,100,,82163,44,,,1,96,,82152,44,,,1
4901,'Semaine-12',634,,82186,44,,,1,89,,82191,44,,,1,31,,82207,44,,,1,73,,82203,44,,,1,30,,82201,44,,,1,66,,82211,44,,,1,28,,82193,44,,,1,69,,82209,44,,,1,29,,82205,44,,,1,72,,82180,44,,,1,30,,82202,44,,,1,70,,82181,44,,,1,30,,82187,44,,,1,70,,82189,44,,,1,30,,82194,44,,,1,69,,82210,44,,,1,32,,82192,44,,,1,71,,82212,44,,,1,25,,82208,44,,,1,52,,82195,44,,,1,15,,82182,44,,,1,15,,82198,44,,,1,70,,82188,44,,,1,26,,82190,44,,,1,29,,82206,44,,,1,66,,82200,44,,,1,30,,82204,44,,,1,94,,82183,44,,,1,80,,82199,44,,,1,101,,82197,44,,,1,95,,82184,44,,,1,100,,82196,44,,,1,96,,82185,44,,,1
5201,'Samedi-1',650,,82303,30,,,1,100,,82304,30,,,1,99,,82305,30,,,1,100,,82306,30,,,1,101,,82308,30,,,1,100,,82307,30,,,1,100,,82309,30,,,1,100,,82310,30,,,1,101,,82311,30,,,1,99,,82312,30,,,1,100,,82313,30,,,1,100,,82314,30,,,1,99,,82317,30,,,1,100,,82315,30,,,1,99,,82319,30,,,1,100,,82316,30,,,1,100,,82318,30,,,1,101,,82320,30,,,1
5201,'Samedi-10',650,,70449,30,,,1,100,,70450,30,,,1,99,,70451,30,,,1,100,,70452,30,,,1,101,,70454,30,,,1,100,,70453,30,,,1,100,,70455,30,,,1,100,,70456,30,,,1,101,,70457,30,,,1,99,,70458,30,,,1,100,,70459,30,,,1,100,,70460,30,,,1,99,,70463,30,,,1,100,,70461,30,,,1,99,,70465,30,,,1,100,,70462,30,,,1,100,,70464,30,,,1,101,,70466,30,,,1
5201,'Dimanche-1',650,,82321,30,,,1,100,,82322,30,,,1,99,,82323,30,,,1,100,,82326,30,,,1,101,,82324,30,,,1,100,,82328,30,,,1,100,,82325,30,,,1,100,,82330,30,,,1,101,,82327,30,,,1,99,,82329,30,,,1,100,,82332,30,,,1,100,,82334,30,,,1,99,,82331,30,,,1,100,,82333,30,,,1,99,,82335,30,,,1,100,,82336,30,,,1,100,,82337,30,,,1,101,,82338,30,,,1
5201,'Semaine-1',621,,82354,30,,,1,100,,82356,30,,,1,103,,82355,30,,,1,97,,82339,30,,,1,101,,82345,30,,,1,99,,82342,30,,,1,100,,82349,30,,,1,100,,82340,30,,,1,100,,82344,30,,,1,102,,82343,30,,,1,100,,82353,30,,,1,100,,82352,30,,,1,98,,82346,30,,,1,98,,82347,30,,,1,100,,82351,30,,,1,100,,82348,30,,,1,100,,82350,30,,,1,100,,82341,30,,,2
5201,'Semaine-12',621,,82372,30,,,1,100,,82374,30,,,1,103,,82373,30,,,1,97,,82357,30,,,1,101,,82363,30,,,1,99,,82360,30,,,1,100,,82367,30,,,1,100,,82358,30,,,1,100,,82362,30,,,1,102,,82361,30,,,1,100,,82371,30,,,1,100,,82370,30,,,1,98,,82364,30,,,1,98,,82365,30,,,1,100,,82369,30,,,1,100,,82366,30,,,1,100,,82368,30,,,1,100,,82359,30,,,2
5500,'Samedi-1',719,,82390,37,,,1,30,,82387,37,,,1,70,,82388,37,,,1,30,,82391,37,,,1,70,,82389,37,,,1,30,,82396,37,,,1,73,,82393,37,,,1,30,,82394,37,,,1,67,,82399,37,,,1,33,,82398,37,,,1,70,,82392,37,,,1,30,,82395,37,,,1,70,,82397,37,,,1,30,,82400,37,,,1,70,,82401,37,,,1,30,,82402,37,,,1,70,,82403,37,,,1,30,,82404,37,,,1,70,,82405,37,,,1,32,,82406,37,,,1,70,,82407,37,,,1,30,,82408,37,,,1,70,,82409,37,,,1,30,,82410,37,,,1,67,,82412,37,,,1,30,,82411,37,,,1,70,,82413,37,,,1,30,,82415,37,,,1,70,,82414,37,,,1,30,,82416,37,,,1,68,,82417,37,,,1,30,,82420,37,,,1,70,,82422,37,,,1,30,,82419,37,,,1,69,,82418,37,,,1,27,,82421,37,,,1
5500,'Samedi-10',719,,70650,37,,,1,30,,70647,37,,,1,70,,70648,37,,,1,30,,70651,37,,,1,70,,70649,37,,,1,30,,70656,37,,,1,73,,70653,37,,,1,30,,70654,37,,,1,67,,70659,37,,,1,33,,70658,37,,,1,70,,70652,37,,,1,30,,70655,37,,,1,70,,70657,37,,,1,30,,70660,37,,,1,70,,70661,37,,,1,30,,70662,37,,,1,70,,70663,37,,,1,30,,70664,37,,,1,70,,70665,37,,,1,32,,70666,37,,,1,70,,70667,37,,,1,30,,70668,37,,,1,70,,70669,37,,,1,30,,70670,37,,,1,67,,70672,37,,,1,30,,70671,37,,,1,70,,70673,37,,,1,30,,70675,37,,,1,70,,70674,37,,,1,30,,70676,37,,,1,68,,70677,37,,,1,30,,70680,37,,,1,70,,70682,37,,,1,30,,70679,37,,,1,69,,70678,37,,,1,27,,70681,37,,,1
5500,'Dimanche-1',719,,82427,37,,,1,30,,82432,37,,,1,70,,82424,37,,,1,30,,82429,37,,,1,70,,82426,37,,,1,30,,82423,37,,,1,73,,82434,37,,,1,30,,82428,37,,,1,67,,82425,37,,,1,33,,82437,37,,,1,70,,82433,37,,,1,30,,82438,37,,,1,70,,82431,37,,,1,30,,82430,37,,,1,70,,82436,37,,,1,30,,82441,37,,,1,70,,82435,37,,,1,30,,82440,37,,,1,70,,82443,37,,,1,32,,82447,37,,,1,70,,82442,37,,,1,30,,82448,37,,,1,70,,82439,37,,,1,30,,82445,37,,,1,67,,82446,37,,,1,30,,82449,37,,,1,70,,82444,37,,,1,30,,82450,37,,,1,70,,82452,37,,,1,30,,82451,37,,,1,68,,82453,37,,,1,30,,82455,37,,,1,70,,82456,37,,,1,30,,82454,37,,,1,69,,82457,37,,,1,27,,82458,37,,,1
5500,'Semaine-1',653,,82461,37,,,1,104,,82477,37,,,1,69,,82460,37,,,1,96,,82496,37,,,1,28,,82497,37,,,1,70,,82466,37,,,1,30,,82476,37,,,1,69,,82480,37,,,1,33,,82502,37,,,1,70,,82462,37,,,1,30,,82501,37,,,1,69,,82479,37,,,1,30,,82494,37,,,1,70,,82488,37,,,1,25,,82495,37,,,1,56,,82481,37,,,1,14,,82459,37,,,1,17,,82500,37,,,1,17,,82470,37,,,1,55,,82503,37,,,1,13,,82491,37,,,1,10,,82463,37,,,1,13,,82474,37,,,1,18,,82506,37,,,1,49,,82499,37,,,1,11,,82465,37,,,1,11,,82482,37,,,1,10,,82475,37,,,1,11,,82504,37,,,1,52,,82489,37,,,1,7,,82469,37,,,1,12,,82464,37,,,1,10,,82505,37,,,1,11,,82473,37,,,1,11,,82468,37,,,1,50,,82478,37,,,1,30,,82493,37,,,1,69,,82498,37,,,1,30,,82485,37,,,1,70,,82471,37,,,1,30,,82492,37,,,1,68,,82483,37,,,1,28,,82486,37,,,1,29,,82472,37,,,1,70,,82487,37,,,1,29,,82484,37,,,1,69,,82467,37,,,1,30,,82490,37,,,1
5500,'Semaine-12',653,,82509,37,,,1,104,,82525,37,,,1,69,,82508,37,,,1,96,,82544,37,,,1,28,,82545,37,,,1,70,,82514,37,,,1,30,,82524,37,,,1,69,,82528,37,,,1,33,,82550,37,,,1,70,,82510,37,,,1,30,,82549,37,,,1,69,,82527,37,,,1,30,,82542,37,,,1,70,,82536,37,,,1,25,,82543,37,,,1,56,,82529,37,,,1,14,,82507,37,,,1,17,,82548,37,,,1,17,,82518,37,,,1,55,,82551,37,,,1,13,,82539,37,,,1,10,,82511,37,,,1,13,,82522,37,,,1,18,,82554,37,,,1,49,,82547,37,,,1,11,,82513,37,,,1,11,,82530,37,,,1,10,,82523,37,,,1,11,,82552,37,,,1,52,,82537,37,,,1,7,,82517,37,,,1,12,,82512,37,,,1,10,,82553,37,,,1,11,,82521,37,,,1,11,,82516,37,,,1,50,,82526,37,,,1,30,,82541,37,,,1,69,,82546,37,,,1,30,,82533,37,,,1,70,,82519,37,,,1,30,,82540,37,,,1,68,,82531,37,,,1,28,,82534,37,,,1,29,,82520,37,,,1,70,,82535,37,,,1,29,,82532,37,,,1,69,,82515,37,,,1,30,,82538,37,,,1
5800,'Semaine-1',837,,82749,24,,,1,398,,82750,24,,,1,301,,82752,24,,,1,71,,82747,24,,,1,31,,82748,24,,,1,69,,82751,24,,,1,29,,82746,24,,,2,69,,82745,24,,,1
5800,'Semaine-12',837,,82757,24,,,1,398,,82758,24,,,1,301,,82760,24,,,1,71,,82755,24,,,1,31,,82756,24,,,1,69,,82759,24,,,1,29,,82754,24,,,2,69,,82753,24,,,1
5900,'Samedi-1',735,,82779,37,,,1,70,,82782,37,,,1,30,,82775,37,,,1,70,,82781,37,,,1,30,,82778,37,,,1,70,,82783,37,,,1,30,,82787,37,,,1,70,,82788,37,,,1,30,,82777,37,,,1,70,,82776,37,,,1,31,,82786,37,,,1,71,,82780,37,,,1,30,,82784,37,,,1,71,,82789,37,,,1,30,,82785,37,,,1,70,,82790,37,,,1,30,,82791,37,,,1,69,,82792,37,,,1,30,,82793,37,,,1,73,,82794,37,,,1,28,,82795,37,,,1,70,,82796,37,,,1,29,,82797,37,,,1,70,,82798,37,,,1,30,,82799,37,,,1,68,,82801,37,,,1,30,,82800,37,,,1,70,,82803,37,,,1,30,,82802,37,,,1,69,,82804,37,,,1,30,,82805,37,,,1,70,,82807,37,,,1,30,,82806,37,,,1,70,,82808,37,,,1
5900,'Samedi-10',735,,71438,37,,,1,70,,71441,37,,,1,30,,71434,37,,,1,70,,71440,37,,,1,30,,71437,37,,,1,70,,71442,37,,,1,30,,71446,37,,,1,70,,71447,37,,,1,30,,71436,37,,,1,70,,71435,37,,,1,31,,71445,37,,,1,71,,71439,37,,,1,30,,71443,37,,,1,71,,71448,37,,,1,30,,71444,37,,,1,70,,71449,37,,,1,30,,71450,37,,,1,69,,71451,37,,,1,30,,71452,37,,,1,73,,71453,37,,,1,28,,71454,37,,,1,70,,71455,37,,,1,29,,71456,37,,,1,70,,71457,37,,,1,30,,71458,37,,,1,68,,71460,37,,,1,30,,71459,37,,,1,70,,71462,37,,,1,30,,71461,37,,,1,69,,71463,37,,,1,30,,71464,37,,,1,70,,71466,37,,,1,30,,71465,37,,,1,70,,71467,37,,,1
5900,'Dimanche-1',735,,82814,37,,,1,70,,82813,37,,,1,30,,82809,37,,,1,70,,82818,37,,,1,30,,82824,37,,,1,70,,82815,37,,,1,30,,82822,37,,,1,70,,82817,37,,,1,30,,82823,37,,,1,70,,82810,37,,,1,31,,82821,37,,,1,71,,82811,37,,,1,30,,82819,37,,,1,71,,82825,37,,,1,30,,82812,37,,,1,70,,82816,37,,,1,30,,82820,37,,,1,69,,82829,37,,,1,30,,82830,37,,,1,73,,82827,37,,,1,28,,82832,37,,,1,70,,82828,37,,,1,29,,82834,37,,,1,70,,82826,37,,,1,30,,82831,37,,,1,68,,82835,37,,,1,30,,82833,37,,,1,70,,82836,37,,,1,30,,82837,37,,,1,69,,82838,37,,,1,30,,82839,37,,,1,70,,82841,37,,,1,30,,82840,37,,,1,70,,82842,37,,,1
5900,'Semaine-1',620,,82850,37,,,1,98,,82885,37,,,1,88,,82890,37,,,1,48,,82866,37,,,1,82,,82862,37,,,1,68,,82883,37,,,1,30,,82859,37,,,1,70,,82882,37,,,1,30,,82873,37,,,1,70,,82867,37,,,1,33,,82875,37,,,1,70,,82858,37,,,1,30,,82886,37,,,1,70,,82849,37,,,1,31,,82880,37,,,1,14,,82851,37,,,1,58,,82884,37,,,1,31,,82844,37,,,1,14,,82888,37,,,1,55,,82843,37,,,1,8,,82878,37,,,1,17,,82874,37,,,1,7,,82887,32,,,1,6,,82861,37,,,1,53,,82845,37,,,1,6,,82889,32,,,1,6,,82846,37,,,1,12,,82854,37,,,1,9,,82881,37,,,1,12,,82870,37,,,1,11,,82857,37,,,1,49,,82879,37,,,1,10,,82865,37,,,1,12,,82877,37,,,1,9,,82847,37,,,1,11,,82852,37,,,1,71,,82872,37,,,1,29,,82863,37,,,1,70,,82868,37,,,1,30,,82856,37,,,1,70,,82864,37,,,1,30,,82869,37,,,1,67,,82876,37,,,1,30,,82853,37,,,1,70,,82871,37,,,1,28,,82860,37,,,1,70,,82848,37,,,1,28,,82855,37,,,1
5900,'Semaine-12',620,,82898,37,,,1,98,,82933,37,,,1,88,,82938,37,,,1,48,,82914,37,,,1,82,,82910,37,,,1,68,,82931,37,,,1,30,,82907,37,,,1,70,,82930,37,,,1,30,,82921,37,,,1,70,,82915,37,,,1,33,,82923,37,,,1,70,,82906,37,,,1,30,,82934,37,,,1,70,,82897,37,,,1,31,,82928,37,,,1,14,,82899,37,,,1,58,,82932,37,,,1,31,,82892,37,,,1,14,,82936,37,,,1,55,,82891,37,,,1,8,,82926,37,,,1,17,,82922,37,,,1,7,,82935,32,,,1,6,,82909,37,,,1,53,,82893,37,,,1,6,,82937,32,,,1,6,,82894,37,,,1,12,,82902,37,,,1,9,,82929,37,,,1,12,,82918,37,,,1,11,,82905,37,,,1,49,,82927,37,,,1,10,,82913,37,,,1,12,,82925,37,,,1,9,,82895,37,,,1,11,,82900,37,,,1,71,,82920,37,,,1,29,,82911,37,,,1,70,,82916,37,,,1,30,,82904,37,,,1,70,,82912,37,,,1,30,,82917,37,,,1,67,,82924,37,,,1,30,,82901,37,,,1,70,,82919,37,,,1,28,,82908,37,,,1,70,,82896,37,,,1,28,,82903,37,,,1
54901,'Semaine-1',1555,,86796,37,,,1
54901,'Semaine-12',1555,,86798,37,,,1
64700,'Semaine-1',724,,86855,23,0,9 10,1
64700,'Semaine-12',724,,86856,23,0,9 10,1
65500,'Semaine-1',735,,86863,30,0,9 10,1
65500,'Semaine-12',735,,86864,30,0,9 10,1
80001,'Samedi-1',643,,87007,39,,,1,101,,87009,39,,,1,101,,87010,39,,,1,100,,87013,39,,,1,101,,87008,39,,,1,100,,87011,39,,,1,102,,87014,39,,,1,100,,87012,39,,,1,100,,87015,39,,,1,100,,87016,39,,,1,100,,87017,39,,,2,102,,87018,39,,,1,97,,87021,39,,,1,99,,87019,39,,,1,100,,87020,39,,,1,100,,87022,39,,,1,97,,87023,39,,,1
80001,'Samedi-10',643,,79670,39,,,1,101,,79672,39,,,1,101,,79673,39,,,1,100,,79676,39,,,1,101,,79671,39,,,1,100,,79674,39,,,1,102,,79677,39,,,1,100,,79675,39,,,1,100,,79678,39,,,1,100,,79679,39,,,1,100,,79680,39,,,2,102,,79681,39,,,1,97,,79684,39,,,1,99,,79682,39,,,1,100,,79683,39,,,1,100,,79685,39,,,1,97,,79686,39,,,1
80001,'Dimanche-1',643,,87024,39,,,1,101,,87026,39,,,1,101,,87028,39,,,1,100,,87025,39,,,1,101,,87027,39,,,1,100,,87029,39,,,1,102,,87030,39,,,1,100,,87031,39,,,1,100,,87034,39,,,1,100,,87032,39,,,1,100,,87033,39,,,2,102,,87036,39,,,1,97,,87037,39,,,1,99,,87035,39,,,1,100,,87038,39,,,1,100,,87039,39,,,1,97,,87040,39,,,1
80001,'Semaine-1',638,,87062,39,,,1,68,,87055,39,,,1,35,,87063,39,,,1,69,,87047,39,,,1,32,,87045,39,,,1,67,,87052,39,,,1,27,,87058,39,,,1,70,,87070,39,,,1,30,,87061,39,,,2,70,,87053,39,,,1,30,,87067,39,,,1,70,,87041,39,,,1,30,,87075,39,,,1,70,,87073,39,,,1,34,,87043,39,,,1,70,,87066,39,,,1,30,,87057,39,,,1,70,,87064,39,,,1,35,,87074,39,,,1,69,,87059,39,,,1,17,,87069,39,,,1,22,,87071,39,,,1,64,,87068,39,,,1,27,,87060,39,,,1,70,,87050,39,,,1,25,,87048,39,,,1,67,,87042,39,,,1,29,,87072,39,,,1,72,,87054,39,,,1,27,,87051,39,,,1,70,,87056,39,,,1,29,,87044,39,,,1,70,,87065,39,,,1,32,,87046,39,,,1,70,,87049,39,,,1
80001,'Semaine-12',638,,87097,39,,,1,68,,87090,39,,,1,35,,87098,39,,,1,69,,87082,39,,,1,32,,87080,39,,,1,67,,87087,39,,,1,27,,87093,39,,,1,70,,87105,39,,,1,30,,87096,39,,,2,70,,87088,39,,,1,30,,87102,39,,,1,70,,87076,39,,,1,30,,87110,39,,,1,70,,87108,39,,,1,34,,87078,39,,,1,70,,87101,39,,,1,30,,87092,39,,,1,70,,87099,39,,,1,35,,87109,39,,,1,69,,87094,39,,,1,17,,87104,39,,,1,22,,87106,39,,,1,64,,87103,39,,,1,27,,87095,39,,,1,70,,87085,39,,,1,25,,87083,39,,,1,67,,87077,39,,,1,29,,87107,39,,,1,72,,87089,39,,,1,27,,87086,39,,,1,70,,87091,39,,,1,29,,87079,39,,,1,70,,87100,39,,,1,32,,87081,39,,,1,70,,87084,39,,,1
