2301,'Semaine-1',635,,79986,28,,,1,70,,79983,28,,,2,33,,79987,28,,,1,75,,79985,28,,,2,25,,79984,28,,,1
2301,'Semaine-12',635,,79991,28,,,1,70,,79988,28,,,2,33,,79992,28,,,1,75,,79990,28,,,2,25,,79989,28,,,1
2501,'Semaine-1',620,,80009,35,,,2,29,,80008,35,,,1,73,,80006,35,,,1,36,,80007,35,,,2,69,,80010,35,,,1,28,,80005,35,,,2
2501,'Semaine-12',620,,80015,35,,,2,29,,80014,35,,,1,73,,80012,35,,,1,36,,80013,35,,,2,69,,80016,35,,,1,28,,80011,35,,,2
2701,'Semaine-1',635,,80049,38,,,1,86,,80050,38,,,1,91,,80047,38,,,1,27,,80048,38,,,2
2701,'Semaine-12',635,,80053,38,,,1,86,,80054,38,,,1,91,,80051,38,,,1,27,,80052,38,,,2
3301,'Samedi-1',737,,80655,40,,,1,100,,80656,40,,,1,100,,80657,40,,,1,100,,80658,40,,,1,100,,80659,40,,,1,101,,80660,40,,,1,100,,80661,40,,,1,100,,80662,40,,,1,102,,80663,40,,,1,98,,80664,40,,,1,100,,80665,40,,,1,96,,80666,40,,,1,100,,80667,40,,,1,100,,80668,40,,,1,100,,80669,40,,,1,100,,80670,40,,,1,100,,80671,40,,,1,100,,80672,40,,,1
3301,'Samedi-10',737,,67122,40,,,1,100,,67123,40,,,1,100,,67124,40,,,1,100,,67125,40,,,1,100,,67126,40,,,1,101,,67127,40,,,1,100,,67128,40,,,1,100,,67129,40,,,1,102,,67130,40,,,1,98,,67131,40,,,1,100,,67132,40,,,1,96,,67133,40,,,1,100,,67134,40,,,1,100,,67135,40,,,1,100,,67136,40,,,1,100,,67137,40,,,1,100,,67138,40,,,1,100,,67139,40,,,1
3301,'Dimanche-1',737,,80677,40,,,1,100,,80678,40,,,1,100,,80686,40,,,1,100,,80679,40,,,1,100,,80674,40,,,1,101,,80675,40,,,1,100,,80673,40,,,1,100,,80676,40,,,1,102,,80680,40,,,1,98,,80681,40,,,1,100,,80683,40,,,1,96,,80685,40,,,1,100,,80684,40,,,1,100,,80682,40,,,1,100,,80687,40,,,1,100,,80688,40,,,1,100,,80689,40,,,1,100,,80690,40,,,1
3301,'Semaine-1',623,,80714,40,,,1,20,,80722,40,,,1,58,,80699,40,,,1,15,,80719,40,,,1,21,,80715,40,,,1,10,,80710,40,,,1,11,,80730,40,,,1,53,,80728,40,,,1,15,,80717,40,,,1,12,,80705,40,,,1,10,,80721,40,,,1,54,,80695,40,,,1,30,,80707,40,,,1,70,,80713,40,,,1,30,,80703,40,,,1,70,,80724,40,,,1,30,,80708,40,,,1,70,,80700,40,,,1,30,,80702,40,,,1,16,,80720,40,,,1,55,,80729,40,,,1,26,,80711,40,,,1,29,,80701,40,,,1,70,,80706,40,,,1,73,,80709,40,,,1,22,,80731,40,,,1,19,,80712,40,,,1,58,,80716,40,,,1,23,,80697,40,,,1,20,,80727,40,,,1,61,,80704,40,,,1,27,,80694,40,,,1,69,,80691,40,,,1,32,,80725,40,,,1,70,,80698,40,,,1,30,,80693,40,,,1,100,,80696,40,,,1,74,,80718,40,,,1,100,,80723,40,,,2,100,,80692,40,,,1,100,,80726,40,,,1
3301,'Semaine-12',623,,80755,40,,,1,20,,80763,40,,,1,58,,80740,40,,,1,15,,80760,40,,,1,21,,80756,40,,,1,10,,80751,40,,,1,11,,80771,40,,,1,53,,80769,40,,,1,15,,80758,40,,,1,12,,80746,40,,,1,10,,80762,40,,,1,54,,80736,40,,,1,30,,80748,40,,,1,70,,80754,40,,,1,30,,80744,40,,,1,70,,80765,40,,,1,30,,80749,40,,,1,70,,80741,40,,,1,30,,80743,40,,,1,16,,80761,40,,,1,55,,80770,40,,,1,26,,80752,40,,,1,29,,80742,40,,,1,70,,80747,40,,,1,73,,80750,40,,,1,22,,80772,40,,,1,19,,80753,40,,,1,58,,80757,40,,,1,23,,80738,40,,,1,20,,80768,40,,,1,61,,80745,40,,,1,27,,80735,40,,,1,69,,80732,40,,,1,32,,80766,40,,,1,70,,80739,40,,,1,30,,80734,40,,,1,100,,80737,40,,,1,74,,80759,40,,,1,100,,80764,40,,,2,100,,80733,40,,,1,100,,80767,40,,,1
