6700,'Samedi-1',718,,83839,17,,,1,101,,83838,17,,,1,100,,83837,17,,,1,30,,83833,17,,,1,70,,83841,17,,,1,30,,83834,17,,,1,70,,83835,17,,,1,31,,83840,17,,,1,70,,83845,17,,,1,30,,83836,17,,,1,69,,83844,17,,,1,31,,83842,17,,,1,70,,83843,17,,,1,30,,83846,17,,,1,71,,83847,17,,,1,30,,83848,17,,,1,70,,83849,17,,,1,29,,83850,17,,,1,70,,83851,17,,,1,30,,83852,17,,,1,70,,83853,17,,,1,29,,83854,17,,,1,70,,83855,17,,,1,30,,83856,17,,,1,100,,83860,17,,,1,100,,83857,17,,,1,100,,83858,17,,,1,99,,83859,17,,,1
6700,'Samedi-10',718,,73543,17,,,1,101,,73542,17,,,1,100,,73541,17,,,1,30,,73537,17,,,1,70,,73545,17,,,1,30,,73538,17,,,1,70,,73539,17,,,1,31,,73544,17,,,1,70,,73549,17,,,1,30,,73540,17,,,1,69,,73548,17,,,1,31,,73546,17,,,1,70,,73547,17,,,1,30,,73550,17,,,1,71,,73551,17,,,1,30,,73552,17,,,1,70,,73553,17,,,1,29,,73554,17,,,1,70,,73555,17,,,1,30,,73556,17,,,1,70,,73557,17,,,1,29,,73558,17,,,1,70,,73559,17,,,1,30,,73560,17,,,1,100,,73564,17,,,1,100,,73561,17,,,1,100,,73562,17,,,1,99,,73563,17,,,1
6700,'Dimanche-1',718,,83867,17,,,1,101,,83863,17,,,1,100,,83862,17,,,1,30,,83868,17,,,1,70,,83871,17,,,1,30,,83873,17,,,1,70,,83877,17,,,1,31,,83876,17,,,1,70,,83861,17,,,1,30,,83865,17,,,1,69,,83864,17,,,1,31,,83869,17,,,1,70,,83874,17,,,1,30,,83875,17,,,1,71,,83870,17,,,1,30,,83866,17,,,1,70,,83872,17,,,1,29,,83881,17,,,1,70,,83878,17,,,1,30,,83883,17,,,1,70,,83884,17,,,1,29,,83879,17,,,1,70,,83882,17,,,1,30,,83880,17,,,1,100,,83885,17,,,1,100,,83886,17,,,1,100,,83887,17,,,1,99,,83888,17,,,1
6700,'Semaine-1',617,,83897,17,,,1,31,,83891,17,,,1,71,,83899,17,,,1,22,,83908,17,,,1,61,,83892,17,,,1,18,,83917,17,,,1,29,,83902,17,,,1,70,,83910,17,,,1,20,,83900,17,,,1,18,,83920,17,,,1,60,,83918,17,,,1,21,,83905,17,,,2,20,,83921,17,,,1,60,,83911,17,,,1,20,,83914,17,,,1,20,,83922,17,,,1,60,,83919,17,,,1,20,,83906,17,,,1,20,,83923,17,,,1,60,,83912,17,,,1,20,,83915,17,,,1,20,,83924,17,,,1,60,,83904,17,,,1,20,,83907,17,,,1,62,,83925,17,,,1,325,,83927,17,,,1,15,,83901,17,,,1,18,,83926,17,,,1,59,,83909,17,,,1,30,,83889,17,,,1,72,,83913,17,,,1,28,,83893,17,,,2,70,,83916,17,,,2,30,,83890,17,,,1,70,,83898,17,,,1,30,,83894,17,,,2,72,,83903,17,,,1,27,,83896,17,,,1,69,,83895,17,,,2
6700,'Semaine-12',617,,83936,17,,,1,31,,83930,17,,,1,71,,83938,17,,,1,22,,83947,17,,,1,61,,83931,17,,,1,18,,83956,17,,,1,29,,83941,17,,,1,70,,83949,17,,,1,20,,83939,17,,,1,18,,83959,17,,,1,60,,83957,17,,,1,21,,83944,17,,,2,20,,83960,17,,,1,60,,83950,17,,,1,20,,83953,17,,,1,20,,83961,17,,,1,60,,83958,17,,,1,20,,83945,17,,,1,20,,83962,17,,,1,60,,83951,17,,,1,20,,83954,17,,,1,20,,83963,17,,,1,60,,83943,17,,,1,20,,83946,17,,,1,62,,83964,17,,,1,325,,83966,17,,,1,15,,83940,17,,,1,18,,83965,17,,,1,59,,83948,17,,,1,30,,83928,17,,,1,72,,83952,17,,,1,28,,83932,17,,,2,70,,83955,17,,,2,30,,83929,17,,,1,70,,83937,17,,,1,30,,83933,17,,,2,72,,83942,17,,,1,27,,83935,17,,,1,69,,83934,17,,,2
8500,'Semaine-1',1524,,85418,11,,,1,16,,85413,11,,,2,15,,85410,11,,,1,56,,85419,11,,,2,16,,85409,11,,,1,15,,85412,11,,,1,16,,85417,11,,,1,54,,85415,11,,,1,18,,85414,11,,,2,21,,85411,11,,,1,58,,85416,11,,,2
8500,'Semaine-12',1524,,85429,11,,,1,16,,85424,11,,,2,15,,85421,11,,,1,56,,85430,11,,,2,16,,85420,11,,,1,15,,85423,11,,,1,16,,85428,11,,,1,54,,85426,11,,,1,18,,85425,11,,,2,21,,85422,11,,,1,58,,85427,11,,,2
8700,'Semaine-1',1517,,85460,15,,,1,16,,85459,15,,,2,15,,85452,15,,,1,55,,85454,15,,,2,16,,85451,15,,,1,18,,85461,15,,,1,12,,85457,15,,,1,54,,85458,15,,,2,19,,85453,15,,,1,19,,85456,15,,,1,59,,85455,15,,,1
8700,'Semaine-12',1517,,85471,15,,,1,16,,85470,15,,,2,15,,85463,15,,,1,55,,85465,15,,,2,16,,85462,15,,,1,18,,85472,15,,,1,12,,85468,15,,,1,54,,85469,15,,,2,19,,85464,15,,,1,19,,85467,15,,,1,59,,85466,15,,,1
57100,'Semaine-1',1529,,86825,15,0,5 6,1
57100,'Semaine-12',1529,,86826,15,0,5 6,1
