4500,'Semaine-1',1523,,81964,31,,,1,35,,81959,31,,,1,70,,81960,31,,,1,72,,81962,31,,,1,27,,81963,31,,,1,26,,81961,31,,,2
4500,'Semaine-12',1523,,81970,31,,,1,35,,81965,31,,,1,70,,81966,31,,,1,72,,81968,31,,,1,27,,81969,31,,,1,26,,81967,31,,,2
5200,'Samedi-1',638,,82231,17,,,1,100,,82232,17,,,1,100,,82233,17,,,1,101,,82234,17,,,1,100,,82235,17,,,1,101,,82236,17,,,1,101,,82237,17,,,1,100,,82238,17,,,1,99,,82239,17,,,1,100,,82240,17,,,1,100,,82241,17,,,1,100,,82242,17,,,1,99,,82243,17,,,1,100,,82246,17,,,1,100,,82244,17,,,1,100,,82245,17,,,1,98,,82247,17,,,1,100,,82248,17,,,1
5200,'Samedi-10',638,,70287,17,,,1,100,,70288,17,,,1,100,,70289,17,,,1,101,,70290,17,,,1,100,,70291,17,,,1,101,,70292,17,,,1,101,,70293,17,,,1,100,,70294,17,,,1,99,,70295,17,,,1,100,,70296,17,,,1,100,,70297,17,,,1,100,,70298,17,,,1,99,,70299,17,,,1,100,,70302,17,,,1,100,,70300,17,,,1,100,,70301,17,,,1,98,,70303,17,,,1,100,,70304,17,,,1
5200,'Dimanche-1',638,,82250,17,,,1,100,,82249,17,,,1,100,,82251,17,,,1,101,,82254,17,,,1,100,,82252,17,,,1,101,,82253,17,,,1,101,,82257,17,,,1,100,,82256,17,,,1,99,,82258,17,,,1,100,,82255,17,,,1,100,,82259,17,,,1,100,,82261,17,,,1,99,,82262,17,,,1,100,,82260,17,,,1,100,,82263,17,,,1,100,,82264,17,,,1,98,,82265,17,,,1,100,,82266,17,,,1
5200,'Semaine-1',609,,82270,17,,,1,97,,82272,17,,,1,107,,82267,17,,,1,98,,82283,17,,,1,98,,82281,17,,,1,101,,82268,17,,,1,100,,82275,17,,,1,100,,82274,17,,,1,100,,82271,17,,,1,100,,82269,17,,,1,108,,82273,17,,,1,100,,82284,17,,,1,108,,82282,17,,,1,99,,82276,17,,,1,84,,82280,17,,,1,100,,82279,17,,,1,100,,82277,17,,,1,100,,82278,17,,,1
5200,'Semaine-12',609,,82288,17,,,1,97,,82290,17,,,1,107,,82285,17,,,1,98,,82301,17,,,1,98,,82299,17,,,1,101,,82286,17,,,1,100,,82293,17,,,1,100,,82292,17,,,1,100,,82289,17,,,1,100,,82287,17,,,1,108,,82291,17,,,1,100,,82302,17,,,1,108,,82300,17,,,1,99,,82294,17,,,1,84,,82298,17,,,1,100,,82297,17,,,1,100,,82295,17,,,1,100,,82296,17,,,1
5601,'Semaine-1',1240,,82735,34,,,1,102,,82732,34,,,1,100,,82731,34,,,1,102,,82734,34,,,2,104,,82733,34,,,1,99,,82736,34,,,1,95,,82737,34,,,1
5601,'Semaine-12',1240,,82742,34,,,1,102,,82739,34,,,1,100,,82738,34,,,1,102,,82741,34,,,2,104,,82740,34,,,1,99,,82743,34,,,1,95,,82744,34,,,1
64500,'Semaine-1',708,,86851,8,0,9 10,1
64500,'Semaine-12',708,,86852,8,0,9 10,1
