1800,'Semaine-1',1250,,79946,13,,,1,278,,79945,13,,,2,103,,79948,13,,,1,27,,79947,13,,,1
1800,'Semaine-12',1250,,79950,13,,,1,278,,79949,13,,,2,103,,79952,13,,,1,27,,79951,13,,,1
2601,'Semaine-1',613,,80028,32,,,1,31,,80030,32,,,2,70,,80031,32,,,2,30,,80029,32,,,1,69,,80027,32,,,2
2601,'Semaine-12',613,,80033,32,,,1,31,,80035,32,,,2,70,,80036,32,,,2,30,,80034,32,,,1,69,,80032,32,,,2
2901,'Semaine-1',726,,80077,18,,,2,30,,80080,18,,,1,70,,80078,18,,,1,31,,80079,18,,,2
2901,'Semaine-12',726,,80081,18,,,2,30,,80084,18,,,1,70,,80082,18,,,1,31,,80083,18,,,2
3201,'Semaine-1',529,,80478,30,,,1,20,,80477,30,,,1,60,,80469,30,,,1,22,,80479,30,,,2,10,,80459,30,,,1,8,,80480,30,,,1,51,,80460,30,,,1,10,,80461,30,,,1,8,,80453,30,,,1,11,,80456,30,,,1,8,,80482,30,,,1,8,,80462,30,,,1,8,,80457,30,,,1,49,,80470,30,,,1,8,,80452,30,,,1,8,,80463,30,,,1,8,,80481,30,,,2,8,,80451,30,,,1,10,,80450,30,,,1,10,,80455,30,,,1,48,,80458,30,,,1,9,,80464,30,,,1,22,,80438,30,,,2,69,,80448,30,,,1,30,,80441,30,,,1,70,,80444,30,,,1,30,,80437,30,,,1,70,,80447,30,,,1,30,,80442,30,,,1,70,,80449,30,,,1,30,,80431,30,,,1,69,,80436,30,,,1,30,,80443,30,,,1,71,,80454,30,,,1,32,,80471,30,,,1,71,,80472,30,,,2,29,,80473,30,,,1,70,,80474,30,,,1,28,,80475,30,,,2,70,,80476,30,,,1,30,,80434,30,,,1,70,,80432,30,,,2,29,,80445,30,,,2,70,,80440,30,,,1,29,,80435,30,,,1,71,,80433,30,,,2,30,,80446,30,,,1,28,,80439,30,,,1,68,,80466,30,,,1,32,,80465,30,,,1,69,,80467,30,,,1,30,,80468,30,,,1
3201,'Semaine-12',529,,80530,30,,,1,20,,80529,30,,,1,60,,80521,30,,,1,22,,80531,30,,,2,10,,80511,30,,,1,8,,80532,30,,,1,51,,80512,30,,,1,10,,80513,30,,,1,8,,80505,30,,,1,11,,80508,30,,,1,8,,80534,30,,,1,8,,80514,30,,,1,8,,80509,30,,,1,49,,80522,30,,,1,8,,80504,30,,,1,8,,80515,30,,,1,8,,80533,30,,,2,8,,80503,30,,,1,10,,80502,30,,,1,10,,80507,30,,,1,48,,80510,30,,,1,9,,80516,30,,,1,22,,80490,30,,,2,69,,80500,30,,,1,30,,80493,30,,,1,70,,80496,30,,,1,30,,80489,30,,,1,70,,80499,30,,,1,30,,80494,30,,,1,70,,80501,30,,,1,30,,80483,30,,,1,69,,80488,30,,,1,30,,80495,30,,,1,71,,80506,30,,,1,32,,80523,30,,,1,71,,80524,30,,,2,29,,80525,30,,,1,70,,80526,30,,,1,28,,80527,30,,,2,70,,80528,30,,,1,30,,80486,30,,,1,70,,80484,30,,,2,29,,80497,30,,,2,70,,80492,30,,,1,29,,80487,30,,,1,71,,80485,30,,,2,30,,80498,30,,,1,28,,80491,30,,,1,68,,80518,30,,,1,32,,80517,30,,,1,69,,80519,30,,,1,30,,80520,30,,,1
3401,'Samedi-1',719,,80905,51,,,1,100,,80908,51,,,1,30,,80917,51,,,1,70,,80906,51,,,1,33,,80911,51,,,1,70,,80913,51,,,1,28,,80907,51,,,1,70,,80916,51,,,1,33,,80909,51,,,1,69,,80918,51,,,1,31,,80910,51,,,1,70,,80912,51,,,1,30,,80914,51,,,1,70,,80915,51,,,1,30,,80919,51,,,1,71,,80920,51,,,1,30,,80921,51,,,1,70,,80922,51,,,1,30,,80923,51,,,1,68,,80924,51,,,1,30,,80925,51,,,1,69,,80926,51,,,1,30,,80927,51,,,1,70,,80929,51,,,1,28,,80928,51,,,1,70,,80930,51,,,1,30,,80931,51,,,1,70,,80932,51,,,1,30,,80934,51,,,1,70,,80933,51,,,1,30,,80935,51,,,1,95,,80936,51,,,1
3401,'Samedi-10',719,,67667,51,,,1,100,,67670,51,,,1,30,,67679,51,,,1,70,,67668,51,,,1,33,,67673,51,,,1,70,,67675,51,,,1,28,,67669,51,,,1,70,,67678,51,,,1,33,,67671,51,,,1,69,,67680,51,,,1,31,,67672,51,,,1,70,,67674,51,,,1,30,,67676,51,,,1,70,,67677,51,,,1,30,,67681,51,,,1,71,,67682,51,,,1,30,,67683,51,,,1,70,,67684,51,,,1,30,,67685,51,,,1,68,,67686,51,,,1,30,,67687,51,,,1,69,,67688,51,,,1,30,,67689,51,,,1,70,,67691,51,,,1,28,,67690,51,,,1,70,,67692,51,,,1,30,,67693,51,,,1,70,,67694,51,,,1,30,,67696,51,,,1,70,,67695,51,,,1,30,,67697,51,,,1,95,,67698,51,,,1
3401,'Dimanche-1',719,,80937,51,,,1,100,,80945,51,,,1,30,,80950,51,,,1,70,,80942,51,,,1,33,,80940,51,,,1,70,,80963,51,,,1,28,,80944,51,,,1,70,,80949,51,,,1,33,,80939,51,,,1,69,,80938,51,,,1,31,,80941,51,,,1,70,,80948,51,,,1,30,,80951,51,,,1,70,,80943,51,,,1,30,,80947,51,,,1,71,,80946,51,,,1,30,,80952,51,,,1,70,,80956,51,,,1,30,,80953,51,,,1,68,,80954,51,,,1,30,,80955,51,,,1,69,,80962,51,,,1,30,,80957,51,,,1,70,,80960,51,,,1,28,,80958,51,,,1,70,,80959,51,,,1,30,,80961,51,,,1,70,,80964,51,,,1,30,,80966,51,,,1,70,,80965,51,,,1,30,,80967,51,,,1,95,,80968,51,,,1
3401,'Semaine-1',926,,80994,51,,,1,31,,80974,51,,,2,70,,80978,51,,,1,30,,80998,51,,,1,70,,80971,51,,,1,30,,80975,51,,,1,70,,80979,51,,,1,30,,80969,51,,,1,70,,80972,51,,,1,30,,80976,51,,,1,70,,80980,51,,,2,31,,80973,51,,,1,70,,80995,51,,,1,31,,80970,51,,,1,76,,80996,51,,,1,67,,80997,51,,,1,30,,80991,51,,,1,26,,80987,51,,,1,69,,80977,51,,,1,29,,80984,51,,,1,69,,80993,51,,,1,29,,80981,51,,,1,70,,80983,51,,,1,30,,80985,51,,,1,70,,80989,51,,,2,30,,80982,51,,,1,70,,80988,51,,,1,28,,80986,51,,,1,70,,80990,51,,,1,30,,80992,51,,,1
3401,'Semaine-12',926,,81024,51,,,1,31,,81004,51,,,2,70,,81008,51,,,1,30,,81028,51,,,1,70,,81001,51,,,1,30,,81005,51,,,1,70,,81009,51,,,1,30,,80999,51,,,1,70,,81002,51,,,1,30,,81006,51,,,1,70,,81010,51,,,2,31,,81003,51,,,1,70,,81025,51,,,1,31,,81000,51,,,1,76,,81026,51,,,1,67,,81027,51,,,1,30,,81021,51,,,1,26,,81017,51,,,1,69,,81007,51,,,1,29,,81014,51,,,1,69,,81023,51,,,1,29,,81011,51,,,1,70,,81013,51,,,1,30,,81015,51,,,1,70,,81019,51,,,2,30,,81012,51,,,1,70,,81018,51,,,1,28,,81016,51,,,1,70,,81020,51,,,1,30,,81022,51,,,1
4001,'Semaine-1',631,,81922,50,,,1,70,,81921,50,,,1,33,,81924,50,,,1,74,,81920,50,,,2,25,,81919,50,,,1,68,,81923,50,,,1
4001,'Semaine-12',631,,81928,50,,,1,70,,81927,50,,,1,33,,81930,50,,,1,74,,81926,50,,,2,25,,81925,50,,,1,68,,81929,50,,,1
4101,'Semaine-1',653,,81943,41,,,1,73,,81944,41,,,1,76,,81945,41,,,1,26,,81942,41,,,2,28,,81941,41,,,1
4101,'Semaine-12',653,,81948,41,,,1,73,,81949,41,,,1,76,,81950,41,,,1,26,,81947,41,,,2,28,,81946,41,,,1
4501,'Semaine-1',620,,81972,44,,,1,30,,81971,44,,,1,74,,81975,44,,,2,30,,81974,44,,,1,72,,81973,44,,,1,28,,81976,44,,,1
4501,'Semaine-12',620,,81978,44,,,1,30,,81977,44,,,1,74,,81981,44,,,2,30,,81980,44,,,1,72,,81979,44,,,1,28,,81982,44,,,1
4701,'Semaine-1',632,,81991,37,,,2,87,,81990,37,,,1,90,,81989,37,,,1,27,,81992,37,,,1
4701,'Semaine-12',632,,81995,37,,,2,87,,81994,37,,,1,90,,81993,37,,,1,27,,81996,37,,,1
5501,'Samedi-1',715,,82555,49,,,1,30,,82558,49,,,1,71,,82557,49,,,1,30,,82567,49,,,1,69,,82556,49,,,1,30,,82559,49,,,1,71,,82560,49,,,1,29,,82566,49,,,1,71,,82562,49,,,1,30,,82563,49,,,1,70,,82561,49,,,1,30,,82569,49,,,1,70,,82568,49,,,1,30,,82564,49,,,1,70,,82565,49,,,1,32,,82570,49,,,1,68,,82571,49,,,1,32,,82572,49,,,1,68,,82573,49,,,1,32,,82574,49,,,1,68,,82575,49,,,1,32,,82576,49,,,1,68,,82577,49,,,1,30,,82578,49,,,1,70,,82579,49,,,1,30,,82580,49,,,1,70,,82581,49,,,1,29,,82582,49,,,1,70,,82583,49,,,1,30,,82585,49,,,1,69,,82584,49,,,1,30,,82587,49,,,1,70,,82586,49,,,1
5501,'Samedi-10',715,,71004,49,,,1,30,,71007,49,,,1,71,,71006,49,,,1,30,,71016,49,,,1,69,,71005,49,,,1,30,,71008,49,,,1,71,,71009,49,,,1,29,,71015,49,,,1,71,,71011,49,,,1,30,,71012,49,,,1,70,,71010,49,,,1,30,,71018,49,,,1,70,,71017,49,,,1,30,,71013,49,,,1,70,,71014,49,,,1,32,,71019,49,,,1,68,,71020,49,,,1,32,,71021,49,,,1,68,,71022,49,,,1,32,,71023,49,,,1,68,,71024,49,,,1,32,,71025,49,,,1,68,,71026,49,,,1,30,,71027,49,,,1,70,,71028,49,,,1,30,,71029,49,,,1,70,,71030,49,,,1,29,,71031,49,,,1,70,,71032,49,,,1,30,,71034,49,,,1,69,,71033,49,,,1,30,,71036,49,,,1,70,,71035,49,,,1
5501,'Dimanche-1',715,,82589,49,,,1,30,,82593,49,,,1,71,,82591,49,,,1,30,,82596,49,,,1,69,,82598,49,,,1,30,,82592,49,,,1,71,,82588,49,,,1,29,,82602,49,,,1,71,,82597,49,,,1,30,,82604,49,,,1,70,,82595,49,,,1,30,,82594,49,,,1,70,,82600,49,,,1,30,,82590,49,,,1,70,,82599,49,,,1,32,,82603,49,,,1,68,,82608,49,,,1,32,,82601,49,,,1,68,,82607,49,,,1,32,,82610,49,,,1,68,,82605,49,,,1,32,,82606,49,,,1,68,,82612,49,,,1,30,,82614,49,,,1,70,,82611,49,,,1,30,,82609,49,,,1,70,,82613,49,,,1,29,,82615,49,,,1,70,,82616,49,,,1,30,,82617,49,,,1,69,,82618,49,,,1,30,,82619,49,,,1,70,,82620,49,,,1
5501,'Semaine-1',533,,82634,49,,,1,15,,82641,49,,,1,54,,82640,48,,,1,18,,82624,48,,,1,15,,82662,48,,,1,22,,82661,48,,,1,48,,82621,48,,,1,14,,82666,48,,,1,15,,82647,48,,,1,15,,82655,48,,,1,56,,82625,48,,,1,8,,82629,48,,,1,12,,82627,48,,,1,9,,82656,48,,,1,4,,82658,48,,,1,14,,82635,48,,,1,68,,82639,48,,,1,12,,82626,48,,,1,11,,82660,48,,,1,70,,82653,49,,,1,23,,82665,16,,,1,8,,82657,49,,,1,69,,82623,49,,,1,29,,82630,49,,,1,70,,82643,49,,,1,30,,82654,49,,,1,70,,82650,49,,,1,30,,82631,49,,,1,70,,82663,49,,,1,30,,82622,49,,,1,72,,82628,49,,,1,90,,82632,49,,,1,98,,82637,49,,,1,100,,82642,49,,,1,100,,82659,49,,,1,20,,82648,49,,,1,30,,82636,49,,,1,70,,82652,49,,,1,30,,82645,49,,,1,70,,82664,49,,,1,30,,82638,49,,,1,69,,82644,49,,,1,30,,82646,49,,,1,70,,82633,49,,,1,28,,82651,49,,,1,70,,82649,49,,,1
5501,'Semaine-12',533,,82680,49,,,1,15,,82687,49,,,1,54,,82686,48,,,1,18,,82670,48,,,1,15,,82708,48,,,1,22,,82707,48,,,1,48,,82667,48,,,1,14,,82712,48,,,1,15,,82693,48,,,1,15,,82701,48,,,1,56,,82671,48,,,1,8,,82675,48,,,1,12,,82673,48,,,1,9,,82702,48,,,1,4,,82704,48,,,1,14,,82681,48,,,1,68,,82685,48,,,1,12,,82672,48,,,1,11,,82706,48,,,1,70,,82699,49,,,1,23,,82711,16,,,1,8,,82703,49,,,1,69,,82669,49,,,1,29,,82676,49,,,1,70,,82689,49,,,1,30,,82700,49,,,1,70,,82696,49,,,1,30,,82677,49,,,1,70,,82709,49,,,1,30,,82668,49,,,1,72,,82674,49,,,1,90,,82678,49,,,1,98,,82683,49,,,1,100,,82688,49,,,1,100,,82705,49,,,1,20,,82694,49,,,1,30,,82682,49,,,1,70,,82698,49,,,1,30,,82691,49,,,1,70,,82710,49,,,1,30,,82684,49,,,1,69,,82690,49,,,1,30,,82692,49,,,1,70,,82679,49,,,1,28,,82697,49,,,1,70,,82695,49,,,1
5901,'Samedi-1',730,,82939,38,,,1,70,,82946,38,,,1,30,,82943,38,,,1,70,,82948,38,,,1,30,,82940,38,,,1,70,,82945,38,,,1,31,,82944,38,,,1,70,,82947,38,,,1,30,,82951,38,,,1,71,,82952,38,,,1,30,,82941,38,,,1,70,,82942,38,,,1,30,,82950,38,,,1,70,,82949,38,,,1,30,,82953,38,,,1,70,,82954,38,,,1,30,,82955,38,,,1,70,,82956,38,,,1,30,,82957,38,,,1,70,,82958,38,,,1,30,,82959,38,,,1,70,,82960,38,,,1,30,,82961,38,,,1,68,,82962,38,,,1,31,,82963,38,,,1,71,,82965,38,,,1,30,,82964,38,,,1,68,,82966,38,,,1,30,,82967,38,,,1,70,,82968,38,,,1,30,,82970,38,,,1,70,,82969,38,,,1
5901,'Samedi-10',730,,71780,38,,,1,70,,71787,38,,,1,30,,71784,38,,,1,70,,71789,38,,,1,30,,71781,38,,,1,70,,71786,38,,,1,31,,71785,38,,,1,70,,71788,38,,,1,30,,71792,38,,,1,71,,71793,38,,,1,30,,71782,38,,,1,70,,71783,38,,,1,30,,71791,38,,,1,70,,71790,38,,,1,30,,71794,38,,,1,70,,71795,38,,,1,30,,71796,38,,,1,70,,71797,38,,,1,30,,71798,38,,,1,70,,71799,38,,,1,30,,71800,38,,,1,70,,71801,38,,,1,30,,71802,38,,,1,68,,71803,38,,,1,31,,71804,38,,,1,71,,71806,38,,,1,30,,71805,38,,,1,68,,71807,38,,,1,30,,71808,38,,,1,70,,71809,38,,,1,30,,71811,38,,,1,70,,71810,38,,,1
5901,'Dimanche-1',730,,82971,38,,,1,70,,82983,38,,,1,30,,82977,38,,,1,70,,82978,38,,,1,30,,82985,38,,,1,70,,82982,38,,,1,31,,82987,38,,,1,70,,82974,38,,,1,30,,82986,38,,,1,71,,82972,38,,,1,30,,82981,38,,,1,70,,82973,38,,,1,30,,82976,38,,,1,70,,82979,38,,,1,30,,82980,38,,,1,70,,82988,38,,,1,30,,82975,38,,,1,70,,82991,38,,,1,30,,82984,38,,,1,70,,82993,38,,,1,30,,82994,38,,,1,70,,82990,38,,,1,30,,82995,38,,,1,68,,82992,38,,,1,31,,82996,38,,,1,71,,82989,38,,,1,30,,82997,38,,,1,68,,82998,38,,,1,30,,82999,38,,,1,70,,83000,38,,,1,30,,83001,38,,,1,70,,83002,38,,,1
5901,'Semaine-1',528,,83007,38,,,1,15,,83043,38,,,1,15,,83016,38,,,1,55,,83037,37,,,1,17,,83017,37,,,1,14,,83006,37,,,1,13,,83008,37,,,1,55,,83011,37,,,1,11,,83046,15,,,1,8,,83014,37,,,1,7,,83047,15,,,1,8,,83015,37,,,1,7,,83048,15,,,1,51,,83010,37,,,1,7,,83004,15,,,1,5,,83039,37,,,1,19,,83025,37,,,1,11,,83030,37,,,1,13,,83020,37,,,1,55,,83005,37,,,1,16,,83023,37,,,1,27,,83049,37,,,1,70,,83044,38,,,1,30,,83031,38,,,1,70,,83013,38,,,1,30,,83024,38,,,1,70,,83027,38,,,1,30,,83012,38,,,1,70,,83041,38,,,1,30,,83003,38,,,1,70,,83045,38,,,1,30,,83035,38,,,1,76,,83038,38,,,1,100,,83042,38,,,1,100,,83022,38,,,1,99,,83029,38,,,1,75,,83034,38,,,1,30,,83021,38,,,1,70,,83028,38,,,1,30,,83033,38,,,1,69,,83040,38,,,1,30,,83018,38,,,1,70,,83036,38,,,1,30,,83026,38,,,1,70,,83009,38,,,1,30,,83019,38,,,1,70,,83032,38,,,1
5901,'Semaine-12',528,,83054,38,,,1,15,,83090,38,,,1,15,,83063,38,,,1,55,,83084,37,,,1,17,,83064,37,,,1,14,,83053,37,,,1,13,,83055,37,,,1,55,,83058,37,,,1,11,,83093,15,,,1,8,,83061,37,,,1,7,,83094,15,,,1,8,,83062,37,,,1,7,,83095,15,,,1,51,,83057,37,,,1,7,,83051,15,,,1,5,,83086,37,,,1,19,,83072,37,,,1,11,,83077,37,,,1,13,,83067,37,,,1,55,,83052,37,,,1,16,,83070,37,,,1,27,,83096,37,,,1,70,,83091,38,,,1,30,,83078,38,,,1,70,,83060,38,,,1,30,,83071,38,,,1,70,,83074,38,,,1,30,,83059,38,,,1,70,,83088,38,,,1,30,,83050,38,,,1,70,,83092,38,,,1,30,,83082,38,,,1,76,,83085,38,,,1,100,,83089,38,,,1,100,,83069,38,,,1,99,,83076,38,,,1,75,,83081,38,,,1,30,,83068,38,,,1,70,,83075,38,,,1,30,,83080,38,,,1,69,,83087,38,,,1,30,,83065,38,,,1,70,,83083,38,,,1,30,,83073,38,,,1,70,,83056,38,,,1,30,,83066,38,,,1,70,,83079,38,,,1
32901,'Semaine-1',1658,,85909,44,0,7 8,1
32901,'Semaine-12',1658,,85910,44,0,7 8,1
65501,'Semaine-1',1528,,86865,37,0,9 10,1
65501,'Semaine-12',1528,,86866,37,0,9 10,1
72901,'Semaine-1',828,,86875,30,0,5 11,2
72901,'Semaine-12',828,,86876,30,0,5 11,2
74001,'Semaine-1',835,,86883,51,0,5 11,2,2,,86884,51,0,5 11,1
74001,'Semaine-12',835,,86885,51,0,5 11,2,2,,86886,51,0,5 11,1
80000,'Samedi-1',735,,86901,42,,,1,103,,86902,42,,,1,98,,86903,42,,,1,101,,86905,42,,,1,100,,86906,42,,,1,100,,86904,42,,,1,100,,86907,42,,,1,100,,86908,42,,,1,100,,86909,42,,,1,100,,86910,42,,,1,98,,86911,42,,,2,100,,86912,42,,,1,100,,86915,42,,,1,99,,86913,42,,,1,100,,86914,42,,,1,98,,86916,42,,,1,100,,86917,42,,,1
80000,'Samedi-10',735,,79460,42,,,1,103,,79461,42,,,1,98,,79462,42,,,1,101,,79464,42,,,1,100,,79465,42,,,1,100,,79463,42,,,1,100,,79466,42,,,1,100,,79467,42,,,1,100,,79468,42,,,1,100,,79469,42,,,1,98,,79470,42,,,2,100,,79471,42,,,1,100,,79474,42,,,1,99,,79472,42,,,1,100,,79473,42,,,1,98,,79475,42,,,1,100,,79476,42,,,1
80000,'Dimanche-1',735,,86920,42,,,1,103,,86919,42,,,1,98,,86925,42,,,1,101,,86918,42,,,1,100,,86922,42,,,1,100,,86921,42,,,1,100,,86923,42,,,1,100,,86924,42,,,1,100,,86928,42,,,1,100,,86926,42,,,1,98,,86927,42,,,2,100,,86931,42,,,1,100,,86930,42,,,1,99,,86929,42,,,1,100,,86932,42,,,1,98,,86933,42,,,1,100,,86934,42,,,1
80000,'Semaine-1',611,,86967,41,,,1,32,,86953,41,,,1,71,,86943,41,,,1,15,,86942,41,,,1,17,,86963,41,,,1,70,,86954,41,,,1,18,,86940,41,,,1,68,,86959,41,,,1,30,,86944,42,,,1,70,,86961,42,,,1,30,,86956,42,,,1,70,,86970,42,,,1,30,,86937,42,,,1,69,,86958,42,,,1,30,,86948,42,,,1,71,,86964,42,,,1,29,,86957,42,,,1,70,,86968,42,,,1,32,,86947,42,,,1,68,,86962,42,,,1,34,,86960,42,,,1,72,,86949,42,,,1,31,,86965,42,,,1,68,,86938,42,,,1,30,,86955,42,,,1,70,,86952,42,,,1,28,,86966,42,,,1,68,,86951,42,,,1,31,,86945,42,,,1,69,,86939,42,,,1,30,,86969,42,,,1,68,,86950,42,,,1,28,,86946,42,,,1,29,,86936,42,,,1,69,,86941,42,,,1,30,,86935,42,,,1
80000,'Semaine-12',611,,87003,41,,,1,32,,86989,41,,,1,71,,86979,41,,,1,15,,86978,41,,,1,17,,86999,41,,,1,70,,86990,41,,,1,18,,86976,41,,,1,68,,86995,41,,,1,30,,86980,42,,,1,70,,86997,42,,,1,30,,86992,42,,,1,70,,87006,42,,,1,30,,86973,42,,,1,69,,86994,42,,,1,30,,86984,42,,,1,71,,87000,42,,,1,29,,86993,42,,,1,70,,87004,42,,,1,32,,86983,42,,,1,68,,86998,42,,,1,34,,86996,42,,,1,72,,86985,42,,,1,31,,87001,42,,,1,68,,86974,42,,,1,30,,86991,42,,,1,70,,86988,42,,,1,28,,87002,42,,,1,68,,86987,42,,,1,31,,86981,42,,,1,69,,86975,42,,,1,30,,87005,42,,,1,68,,86986,42,,,1,28,,86982,42,,,1,29,,86972,42,,,1,69,,86977,42,,,1,30,,86971,42,,,1
82901,'Semaine-1',802,,87138,18,0,9 12 13,1,1,,87139,18,0,9 12 13,1,1,,87140,18,0,9 12 13,2
82901,'Semaine-12',802,,87141,18,0,9 12 13,1,1,,87142,18,0,9 12 13,1,1,,87143,18,0,9 12 13,2
85901,'Semaine-12',1718,,87158,3,,,1
