4000,'Semaine-1',1538,,81911,32,,,1,70,,81907,32,,,2,35,,81910,32,,,1,67,,81909,32,,,1,28,,81908,32,,,1,69,,81912,32,,,1
4000,'Semaine-12',1538,,81917,32,,,1,70,,81913,32,,,2,35,,81916,32,,,1,67,,81915,32,,,1,28,,81914,32,,,1,69,,81918,32,,,1
4100,'Semaine-1',1549,,81932,32,,,1,71,,81934,32,,,1,35,,81933,32,,,2,64,,81931,32,,,1,29,,81935,32,,,1
4100,'Semaine-12',1549,,81937,32,,,1,71,,81939,32,,,1,35,,81938,32,,,2,64,,81936,32,,,1,29,,81940,32,,,1
4901,'Samedi-1',747,,82116,40,,,1,100,,82115,40,,,1,100,,82117,40,,,1,102,,82113,40,,,1,100,,82118,40,,,1,102,,82114,40,,,1,100,,82119,40,,,1,100,,82120,40,,,1,100,,82121,40,,,1,100,,82122,40,,,1,100,,82123,40,,,1,97,,82124,40,,,1,100,,82125,40,,,1,100,,82126,40,,,1,100,,82127,40,,,1,99,,82128,40,,,1,100,,82129,40,,,1
4901,'Samedi-10',747,,70061,40,,,1,100,,70060,40,,,1,100,,70062,40,,,1,102,,70058,40,,,1,100,,70063,40,,,1,102,,70059,40,,,1,100,,70064,40,,,1,100,,70065,40,,,1,100,,70066,40,,,1,100,,70067,40,,,1,100,,70068,40,,,1,97,,70069,40,,,1,100,,70070,40,,,1,100,,70071,40,,,1,100,,70072,40,,,1,99,,70073,40,,,1,100,,70074,40,,,1
4901,'Dimanche-1',747,,82143,40,,,1,100,,82132,40,,,1,100,,82142,40,,,1,102,,82135,40,,,1,100,,82131,40,,,1,102,,82130,40,,,1,100,,82133,40,,,1,100,,82134,40,,,1,100,,82137,40,,,1,100,,82136,40,,,1,100,,82140,40,,,1,97,,82139,40,,,1,100,,82141,40,,,1,100,,82138,40,,,1,100,,82144,40,,,1,99,,82145,40,,,1,100,,82146,40,,,1
4901,'Semaine-1',631,,82153,40,,,1,89,,82158,40,,,1,31,,82174,40,,,1,72,,82170,40,,,1,30,,82168,40,,,1,66,,82178,40,,,1,28,,82160,40,,,1,69,,82176,40,,,1,29,,82172,40,,,1,72,,82147,40,,,1,30,,82169,40,,,1,70,,82148,40,,,1,30,,82154,40,,,1,70,,82156,40,,,1,30,,82161,40,,,1,69,,82177,40,,,1,32,,82159,40,,,1,72,,82179,40,,,1,25,,82175,40,,,1,12,,82162,40,,,1,55,,82149,40,,,1,15,,82165,40,,,1,30,,82155,40,,,1,65,,82157,40,,,1,29,,82173,40,,,1,66,,82167,40,,,1,30,,82171,40,,,1,94,,82150,40,,,1,80,,82166,40,,,1,101,,82164,40,,,1,97,,82151,40,,,1,100,,82163,40,,,1,96,,82152,40,,,1
4901,'Semaine-12',631,,82186,40,,,1,89,,82191,40,,,1,31,,82207,40,,,1,72,,82203,40,,,1,30,,82201,40,,,1,66,,82211,40,,,1,28,,82193,40,,,1,69,,82209,40,,,1,29,,82205,40,,,1,72,,82180,40,,,1,30,,82202,40,,,1,70,,82181,40,,,1,30,,82187,40,,,1,70,,82189,40,,,1,30,,82194,40,,,1,69,,82210,40,,,1,32,,82192,40,,,1,72,,82212,40,,,1,25,,82208,40,,,1,12,,82195,40,,,1,55,,82182,40,,,1,15,,82198,40,,,1,30,,82188,40,,,1,65,,82190,40,,,1,29,,82206,40,,,1,66,,82200,40,,,1,30,,82204,40,,,1,94,,82183,40,,,1,80,,82199,40,,,1,101,,82197,40,,,1,97,,82184,40,,,1,100,,82196,40,,,1,96,,82185,40,,,1
5500,'Samedi-1',717,,82390,33,,,1,30,,82387,33,,,1,70,,82388,33,,,1,30,,82391,33,,,1,70,,82389,33,,,1,30,,82396,33,,,1,72,,82393,33,,,1,30,,82394,33,,,1,68,,82399,33,,,1,32,,82398,33,,,1,70,,82392,33,,,1,30,,82395,33,,,1,70,,82397,33,,,1,30,,82400,33,,,1,70,,82401,33,,,1,30,,82402,33,,,1,70,,82403,33,,,1,30,,82404,33,,,1,70,,82405,33,,,1,32,,82406,33,,,1,70,,82407,33,,,1,30,,82408,33,,,1,70,,82409,33,,,1,30,,82410,33,,,1,67,,82412,33,,,1,30,,82411,33,,,1,70,,82413,33,,,1,30,,82415,33,,,1,70,,82414,33,,,1,30,,82416,33,,,1,69,,82417,33,,,1,30,,82420,33,,,1,70,,82422,33,,,1,30,,82419,33,,,1,69,,82418,33,,,1,28,,82421,33,,,1
5500,'Samedi-10',717,,70650,33,,,1,30,,70647,33,,,1,70,,70648,33,,,1,30,,70651,33,,,1,70,,70649,33,,,1,30,,70656,33,,,1,72,,70653,33,,,1,30,,70654,33,,,1,68,,70659,33,,,1,32,,70658,33,,,1,70,,70652,33,,,1,30,,70655,33,,,1,70,,70657,33,,,1,30,,70660,33,,,1,70,,70661,33,,,1,30,,70662,33,,,1,70,,70663,33,,,1,30,,70664,33,,,1,70,,70665,33,,,1,32,,70666,33,,,1,70,,70667,33,,,1,30,,70668,33,,,1,70,,70669,33,,,1,30,,70670,33,,,1,67,,70672,33,,,1,30,,70671,33,,,1,70,,70673,33,,,1,30,,70675,33,,,1,70,,70674,33,,,1,30,,70676,33,,,1,69,,70677,33,,,1,30,,70680,33,,,1,70,,70682,33,,,1,30,,70679,33,,,1,69,,70678,33,,,1,28,,70681,33,,,1
5500,'Dimanche-1',717,,82427,33,,,1,30,,82432,33,,,1,70,,82424,33,,,1,30,,82429,33,,,1,70,,82426,33,,,1,30,,82423,33,,,1,72,,82434,33,,,1,30,,82428,33,,,1,68,,82425,33,,,1,32,,82437,33,,,1,70,,82433,33,,,1,30,,82438,33,,,1,70,,82431,33,,,1,30,,82430,33,,,1,70,,82436,33,,,1,30,,82441,33,,,1,70,,82435,33,,,1,30,,82440,33,,,1,70,,82443,33,,,1,32,,82447,33,,,1,70,,82442,33,,,1,30,,82448,33,,,1,70,,82439,33,,,1,30,,82445,33,,,1,67,,82446,33,,,1,30,,82449,33,,,1,70,,82444,33,,,1,30,,82450,33,,,1,70,,82452,33,,,1,30,,82451,33,,,1,69,,82453,33,,,1,30,,82455,33,,,1,70,,82456,33,,,1,30,,82454,33,,,1,69,,82457,33,,,1,28,,82458,33,,,1
5500,'Semaine-1',651,,82461,33,,,1,103,,82477,33,,,1,69,,82460,33,,,1,97,,82496,33,,,1,28,,82497,33,,,1,69,,82466,33,,,1,30,,82476,33,,,1,69,,82480,33,,,1,33,,82502,33,,,1,70,,82462,33,,,1,30,,82501,33,,,1,69,,82479,33,,,1,30,,82494,33,,,1,70,,82488,33,,,1,25,,82495,33,,,1,16,,82481,33,,,1,54,,82459,33,,,1,17,,82500,33,,,1,17,,82470,33,,,1,55,,82503,33,,,1,13,,82491,33,,,1,10,,82463,33,,,1,13,,82474,33,,,1,18,,82506,33,,,1,49,,82499,33,,,1,11,,82465,33,,,1,11,,82482,33,,,1,10,,82475,33,,,1,11,,82504,33,,,1,52,,82489,33,,,1,7,,82469,33,,,1,12,,82464,33,,,1,10,,82505,33,,,1,11,,82473,33,,,1,11,,82468,33,,,1,50,,82478,33,,,1,30,,82493,33,,,1,69,,82498,33,,,1,30,,82485,33,,,1,70,,82471,33,,,1,30,,82492,33,,,1,28,,82483,33,,,1,69,,82486,33,,,1,29,,82472,33,,,1,70,,82487,33,,,1,29,,82484,33,,,1,69,,82467,33,,,1,30,,82490,33,,,1
5500,'Semaine-12',651,,82509,33,,,1,103,,82525,33,,,1,69,,82508,33,,,1,97,,82544,33,,,1,28,,82545,33,,,1,69,,82514,33,,,1,30,,82524,33,,,1,69,,82528,33,,,1,33,,82550,33,,,1,70,,82510,33,,,1,30,,82549,33,,,1,69,,82527,33,,,1,30,,82542,33,,,1,70,,82536,33,,,1,25,,82543,33,,,1,16,,82529,33,,,1,54,,82507,33,,,1,17,,82548,33,,,1,17,,82518,33,,,1,55,,82551,33,,,1,13,,82539,33,,,1,10,,82511,33,,,1,13,,82522,33,,,1,18,,82554,33,,,1,49,,82547,33,,,1,11,,82513,33,,,1,11,,82530,33,,,1,10,,82523,33,,,1,11,,82552,33,,,1,52,,82537,33,,,1,7,,82517,33,,,1,12,,82512,33,,,1,10,,82553,33,,,1,11,,82521,33,,,1,11,,82516,33,,,1,50,,82526,33,,,1,30,,82541,33,,,1,69,,82546,33,,,1,30,,82533,33,,,1,70,,82519,33,,,1,30,,82540,33,,,1,28,,82531,33,,,1,69,,82534,33,,,1,29,,82520,33,,,1,70,,82535,33,,,1,29,,82532,33,,,1,69,,82515,33,,,1,30,,82538,33,,,1
5800,'Semaine-1',834,,82749,20,,,1,398,,82750,20,,,1,301,,82752,20,,,1,71,,82747,20,,,1,31,,82748,20,,,1,69,,82751,20,,,1,29,,82746,20,,,2,69,,82745,20,,,1
5800,'Semaine-12',834,,82757,20,,,1,398,,82758,20,,,1,301,,82760,20,,,1,71,,82755,20,,,1,31,,82756,20,,,1,69,,82759,20,,,1,29,,82754,20,,,2,69,,82753,20,,,1
5900,'Samedi-1',733,,82779,33,,,1,70,,82782,33,,,1,30,,82775,33,,,1,70,,82781,33,,,1,30,,82778,33,,,1,70,,82783,33,,,1,30,,82787,33,,,1,70,,82788,33,,,1,30,,82777,33,,,1,70,,82776,33,,,1,31,,82786,33,,,1,70,,82780,33,,,1,30,,82784,33,,,1,71,,82789,33,,,1,30,,82785,33,,,1,70,,82790,33,,,1,30,,82791,33,,,1,69,,82792,33,,,1,30,,82793,33,,,1,73,,82794,33,,,1,28,,82795,33,,,1,70,,82796,33,,,1,29,,82797,33,,,1,70,,82798,33,,,1,30,,82799,33,,,1,69,,82801,33,,,1,30,,82800,33,,,1,70,,82803,33,,,1,30,,82802,33,,,1,69,,82804,33,,,1,30,,82805,33,,,1,70,,82807,33,,,1,30,,82806,33,,,1,70,,82808,33,,,1
5900,'Samedi-10',733,,71438,33,,,1,70,,71441,33,,,1,30,,71434,33,,,1,70,,71440,33,,,1,30,,71437,33,,,1,70,,71442,33,,,1,30,,71446,33,,,1,70,,71447,33,,,1,30,,71436,33,,,1,70,,71435,33,,,1,31,,71445,33,,,1,70,,71439,33,,,1,30,,71443,33,,,1,71,,71448,33,,,1,30,,71444,33,,,1,70,,71449,33,,,1,30,,71450,33,,,1,69,,71451,33,,,1,30,,71452,33,,,1,73,,71453,33,,,1,28,,71454,33,,,1,70,,71455,33,,,1,29,,71456,33,,,1,70,,71457,33,,,1,30,,71458,33,,,1,69,,71460,33,,,1,30,,71459,33,,,1,70,,71462,33,,,1,30,,71461,33,,,1,69,,71463,33,,,1,30,,71464,33,,,1,70,,71466,33,,,1,30,,71465,33,,,1,70,,71467,33,,,1
5900,'Dimanche-1',733,,82814,33,,,1,70,,82813,33,,,1,30,,82809,33,,,1,70,,82818,33,,,1,30,,82824,33,,,1,70,,82815,33,,,1,30,,82822,33,,,1,70,,82817,33,,,1,30,,82823,33,,,1,70,,82810,33,,,1,31,,82821,33,,,1,70,,82811,33,,,1,30,,82819,33,,,1,71,,82825,33,,,1,30,,82812,33,,,1,70,,82816,33,,,1,30,,82820,33,,,1,69,,82829,33,,,1,30,,82830,33,,,1,73,,82827,33,,,1,28,,82832,33,,,1,70,,82828,33,,,1,29,,82834,33,,,1,70,,82826,33,,,1,30,,82831,33,,,1,69,,82835,33,,,1,30,,82833,33,,,1,70,,82836,33,,,1,30,,82837,33,,,1,69,,82838,33,,,1,30,,82839,33,,,1,70,,82841,33,,,1,30,,82840,33,,,1,70,,82842,33,,,1
5900,'Semaine-1',618,,82850,33,,,1,98,,82885,33,,,1,88,,82890,33,,,1,48,,82866,33,,,1,82,,82862,33,,,1,68,,82883,33,,,1,30,,82859,33,,,1,70,,82882,33,,,1,30,,82873,33,,,1,70,,82867,33,,,1,32,,82875,33,,,1,70,,82858,33,,,1,30,,82886,33,,,1,70,,82849,33,,,1,31,,82880,33,,,1,14,,82851,33,,,1,58,,82884,33,,,1,31,,82844,33,,,1,14,,82888,33,,,1,55,,82843,33,,,1,8,,82878,33,,,1,17,,82874,33,,,1,7,,82887,28,,,1,6,,82861,33,,,1,13,,82845,33,,,1,46,,82889,28,,,1,6,,82846,33,,,1,12,,82854,33,,,1,9,,82881,33,,,1,12,,82870,33,,,1,11,,82857,33,,,1,49,,82879,33,,,1,11,,82865,33,,,1,12,,82877,33,,,1,9,,82847,33,,,1,11,,82852,33,,,1,71,,82872,33,,,1,29,,82863,33,,,1,70,,82868,33,,,1,29,,82856,33,,,1,70,,82864,33,,,1,30,,82869,33,,,1,68,,82876,33,,,1,30,,82853,33,,,1,70,,82871,33,,,1,29,,82860,33,,,1,70,,82848,33,,,1,28,,82855,33,,,1
5900,'Semaine-12',618,,82898,33,,,1,98,,82933,33,,,1,88,,82938,33,,,1,48,,82914,33,,,1,82,,82910,33,,,1,68,,82931,33,,,1,30,,82907,33,,,1,70,,82930,33,,,1,30,,82921,33,,,1,70,,82915,33,,,1,32,,82923,33,,,1,70,,82906,33,,,1,30,,82934,33,,,1,70,,82897,33,,,1,31,,82928,33,,,1,14,,82899,33,,,1,58,,82932,33,,,1,31,,82892,33,,,1,14,,82936,33,,,1,55,,82891,33,,,1,8,,82926,33,,,1,17,,82922,33,,,1,7,,82935,28,,,1,6,,82909,33,,,1,13,,82893,33,,,1,46,,82937,28,,,1,6,,82894,33,,,1,12,,82902,33,,,1,9,,82929,33,,,1,12,,82918,33,,,1,11,,82905,33,,,1,49,,82927,33,,,1,11,,82913,33,,,1,12,,82925,33,,,1,9,,82895,33,,,1,11,,82900,33,,,1,71,,82920,33,,,1,29,,82911,33,,,1,70,,82916,33,,,1,29,,82904,33,,,1,70,,82912,33,,,1,30,,82917,33,,,1,68,,82924,33,,,1,30,,82901,33,,,1,70,,82919,33,,,1,29,,82908,33,,,1,70,,82896,33,,,1,28,,82903,33,,,1
54901,'Semaine-1',1553,,86796,33,,,1
54901,'Semaine-12',1553,,86798,33,,,1
65500,'Semaine-1',733,,86863,26,0,9 10,1
65500,'Semaine-12',733,,86864,26,0,9 10,1
74000,'Semaine-1',1642,,86880,29,0,5 11,1
74000,'Semaine-12',1642,,86882,29,0,5 11,1
80001,'Samedi-1',640,,87007,35,,,1,101,,87009,35,,,1,101,,87010,35,,,1,100,,87013,35,,,1,101,,87008,35,,,1,100,,87011,35,,,1,102,,87014,35,,,1,100,,87012,35,,,1,100,,87015,35,,,1,100,,87016,35,,,1,100,,87017,35,,,2,102,,87018,35,,,1,97,,87021,35,,,1,99,,87019,35,,,1,100,,87020,35,,,1,100,,87022,35,,,1,98,,87023,35,,,1
80001,'Samedi-10',640,,79670,35,,,1,101,,79672,35,,,1,101,,79673,35,,,1,100,,79676,35,,,1,101,,79671,35,,,1,100,,79674,35,,,1,102,,79677,35,,,1,100,,79675,35,,,1,100,,79678,35,,,1,100,,79679,35,,,1,100,,79680,35,,,2,102,,79681,35,,,1,97,,79684,35,,,1,99,,79682,35,,,1,100,,79683,35,,,1,100,,79685,35,,,1,98,,79686,35,,,1
80001,'Dimanche-1',640,,87024,35,,,1,101,,87026,35,,,1,101,,87028,35,,,1,100,,87025,35,,,1,101,,87027,35,,,1,100,,87029,35,,,1,102,,87030,35,,,1,100,,87031,35,,,1,100,,87034,35,,,1,100,,87032,35,,,1,100,,87033,35,,,2,102,,87036,35,,,1,97,,87037,35,,,1,99,,87035,35,,,1,100,,87038,35,,,1,100,,87039,35,,,1,98,,87040,35,,,1
80001,'Semaine-1',634,,87062,35,,,1,68,,87055,35,,,1,34,,87063,35,,,1,70,,87047,35,,,1,32,,87045,35,,,1,68,,87052,35,,,1,26,,87058,35,,,1,70,,87070,35,,,1,30,,87061,35,,,2,70,,87053,35,,,1,30,,87067,35,,,1,70,,87041,35,,,1,30,,87075,35,,,1,70,,87073,35,,,1,34,,87043,35,,,1,70,,87066,35,,,1,30,,87057,35,,,1,70,,87064,35,,,1,35,,87074,35,,,1,69,,87059,35,,,1,17,,87069,35,,,1,22,,87071,35,,,1,64,,87068,35,,,1,27,,87060,35,,,1,70,,87050,35,,,1,26,,87048,35,,,1,67,,87042,35,,,1,29,,87072,35,,,1,72,,87054,35,,,1,27,,87051,35,,,1,70,,87056,35,,,1,29,,87044,35,,,1,70,,87065,35,,,1,33,,87046,35,,,1,70,,87049,35,,,1
80001,'Semaine-12',634,,87097,35,,,1,68,,87090,35,,,1,34,,87098,35,,,1,70,,87082,35,,,1,32,,87080,35,,,1,68,,87087,35,,,1,26,,87093,35,,,1,70,,87105,35,,,1,30,,87096,35,,,2,70,,87088,35,,,1,30,,87102,35,,,1,70,,87076,35,,,1,30,,87110,35,,,1,70,,87108,35,,,1,34,,87078,35,,,1,70,,87101,35,,,1,30,,87092,35,,,1,70,,87099,35,,,1,35,,87109,35,,,1,69,,87094,35,,,1,17,,87104,35,,,1,22,,87106,35,,,1,64,,87103,35,,,1,27,,87095,35,,,1,70,,87085,35,,,1,26,,87083,35,,,1,67,,87077,35,,,1,29,,87107,35,,,1,72,,87089,35,,,1,27,,87086,35,,,1,70,,87091,35,,,1,29,,87079,35,,,1,70,,87100,35,,,1,33,,87081,35,,,1,70,,87084,35,,,1
