3300,'Semaine-1',705,,80596,49,4,,1,20,,80595,49,4,,1,20,,80602,49,4,,1,74,,80575,49,4,,1,13,,80589,49,4,,1,19,,80597,49,4,,1,56,,80610,49,4,,1,16,,80603,49,4,,1,26,,80587,49,4,,1,66,,80605,49,4,,1,31,,80590,49,4,,1,78,,80580,49,4,,1,21,,80599,49,4,,1,60,,80585,49,4,,1,20,,80592,49,4,,1,20,,80581,49,4,,1,62,,80607,49,4,,1,18,,80588,49,4,,1,20,,80609,49,4,,1,72,,80594,49,4,,1,31,,80582,49,4,,1,60,,80604,49,4,,1,20,,80600,49,4,,1,23,,80593,49,4,,1,63,,80572,49,4,,1,21,,80584,49,4,,1,12,,80591,49,4,,1,53,,80608,49,4,,1,16,,80606,49,4,,1,25,,80601,49,4,,1,60,,80579,49,4,,1,18,,80578,49,4,,1,15,,80583,49,4,,1,18,,80571,49,4,,1,58,,80576,49,4,,1,41,,80611,49,4,,1,73,,80586,49,4,,1,98,,80577,49,4,,1,102,,80573,49,4,,1,100,,80598,49,4,,2,100,,80612,49,4,,1,102,,80574,49,4,,1
3300,'Semaine-12',705,,80638,49,4,,1,20,,80637,49,4,,1,20,,80644,49,4,,1,74,,80617,49,4,,1,13,,80631,49,4,,1,19,,80639,49,4,,1,56,,80652,49,4,,1,16,,80645,49,4,,1,26,,80629,49,4,,1,66,,80647,49,4,,1,31,,80632,49,4,,1,78,,80622,49,4,,1,21,,80641,49,4,,1,60,,80627,49,4,,1,20,,80634,49,4,,1,20,,80623,49,4,,1,62,,80649,49,4,,1,18,,80630,49,4,,1,20,,80651,49,4,,1,72,,80636,49,4,,1,31,,80624,49,4,,1,60,,80646,49,4,,1,20,,80642,49,4,,1,23,,80635,49,4,,1,63,,80614,49,4,,1,21,,80626,49,4,,1,12,,80633,49,4,,1,53,,80650,49,4,,1,16,,80648,49,4,,1,25,,80643,49,4,,1,60,,80621,49,4,,1,18,,80620,49,4,,1,15,,80625,49,4,,1,18,,80613,49,4,,1,58,,80618,49,4,,1,41,,80653,49,4,,1,73,,80628,49,4,,1,98,,80619,49,4,,1,102,,80615,49,4,,1,100,,80640,49,4,,2,100,,80654,49,4,,1,102,,80616,49,4,,1
3900,'Samedi-1',717,,81669,54,4,,1,101,,81670,54,4,,1,101,,81674,54,4,,1,102,,81673,54,4,,1,100,,81676,54,4,,1,98,,81675,54,4,,1,104,,81671,54,4,,1,30,,81672,54,4,,1,70,,81677,54,4,,1,31,,81678,54,4,,1,70,,81679,54,4,,1,30,,81680,54,4,,1,71,,81681,54,4,,1,30,,81682,54,4,,1,70,,81683,54,4,,1,30,,81684,54,4,,1,66,,81685,54,4,,1,29,,81686,54,4,,1,69,,81687,54,4,,1,30,,81688,54,4,,1,100,,81689,54,4,,1,100,,81690,54,4,,1,100,,81691,54,4,,1,97,,81692,54,4,,1
3900,'Samedi-10',717,,69204,54,4,,1,101,,69205,54,4,,1,101,,69209,54,4,,1,102,,69208,54,4,,1,100,,69211,54,4,,1,98,,69210,54,4,,1,104,,69206,54,4,,1,30,,69207,54,4,,1,70,,69212,54,4,,1,31,,69213,54,4,,1,70,,69214,54,4,,1,30,,69215,54,4,,1,71,,69216,54,4,,1,30,,69217,54,4,,1,70,,69218,54,4,,1,30,,69219,54,4,,1,66,,69220,54,4,,1,29,,69221,54,4,,1,69,,69222,54,4,,1,30,,69223,54,4,,1,100,,69224,54,4,,1,100,,69225,54,4,,1,100,,69226,54,4,,1,97,,69227,54,4,,1
3900,'Dimanche-1',717,,81693,54,4,,1,101,,81700,54,4,,1,101,,81703,54,4,,1,102,,81696,54,4,,1,100,,81698,54,4,,1,98,,81699,54,4,,1,104,,81702,54,4,,1,30,,81695,54,4,,1,70,,81697,54,4,,1,31,,81704,54,4,,1,70,,81694,54,4,,1,30,,81705,54,4,,1,71,,81701,54,4,,1,30,,81708,54,4,,1,70,,81711,54,4,,1,30,,81713,54,4,,1,66,,81707,54,4,,1,29,,81710,54,4,,1,69,,81712,54,4,,1,30,,81706,54,4,,1,100,,81709,54,4,,1,100,,81714,54,4,,1,100,,81715,54,4,,1,97,,81716,54,4,,1
3900,'Semaine-1',656,,81734,54,4,,1,64,,81720,54,4,,1,36,,81739,54,4,,1,70,,81732,54,4,,1,31,,81733,54,4,,1,67,,81731,54,4,,1,32,,81728,54,4,,1,70,,81745,54,4,,2,30,,81740,54,4,,1,71,,81752,54,4,,1,30,,81737,54,4,,2,70,,81741,54,4,,1,30,,81729,54,4,,1,71,,81727,54,4,,1,30,,81742,54,4,,1,69,,81730,54,4,,2,30,,81717,54,4,,1,77,,81743,54,4,,1,73,,81724,54,4,,1,30,,81726,54,4,,1,69,,81744,54,4,,2,32,,81723,54,4,,1,67,,81718,54,4,,1,29,,81746,54,4,,1,25,,81725,54,4,,1,70,,81719,54,4,,2,29,,81747,54,4,,2,72,,81722,54,4,,1,25,,81738,54,4,,2,66,,81748,54,4,,1,30,,81721,54,4,,1,70,,81736,54,4,,1,29,,81749,54,4,,1,70,,81735,54,4,,1,32,,81751,54,4,,1,67,,81750,54,4,,1
3900,'Semaine-12',656,,81770,54,4,,1,64,,81756,54,4,,1,36,,81775,54,4,,1,70,,81768,54,4,,1,31,,81769,54,4,,1,67,,81767,54,4,,1,32,,81764,54,4,,1,70,,81781,54,4,,2,30,,81776,54,4,,1,71,,81788,54,4,,1,30,,81773,54,4,,2,70,,81777,54,4,,1,30,,81765,54,4,,1,71,,81763,54,4,,1,30,,81778,54,4,,1,69,,81766,54,4,,2,30,,81753,54,4,,1,77,,81779,54,4,,1,73,,81760,54,4,,1,30,,81762,54,4,,1,69,,81780,54,4,,2,32,,81759,54,4,,1,67,,81754,54,4,,1,29,,81782,54,4,,1,25,,81761,54,4,,1,70,,81755,54,4,,2,29,,81783,54,4,,2,72,,81758,54,4,,1,25,,81774,54,4,,2,66,,81784,54,4,,1,30,,81757,54,4,,1,70,,81772,54,4,,1,29,,81785,54,4,,1,70,,81771,54,4,,1,32,,81787,54,4,,1,67,,81786,54,4,,1
6401,'Samedi-1',721,,83372,13,,,1,100,,83369,13,,,1,100,,83371,13,,,1,100,,83374,13,,,1,100,,83370,13,,,1,100,,83375,13,,,1,100,,83373,13,,,1,100,,83376,13,,,1,100,,83377,13,,,1,100,,83378,13,,,1,100,,83379,13,,,1
6401,'Samedi-10',721,,72587,13,,,1,100,,72584,13,,,1,100,,72586,13,,,1,100,,72589,13,,,1,100,,72585,13,,,1,100,,72590,13,,,1,100,,72588,13,,,1,100,,72591,13,,,1,100,,72592,13,,,1,100,,72593,13,,,1,100,,72594,13,,,1
6401,'Dimanche-1',721,,83384,13,,,1,100,,83381,13,,,1,100,,83387,13,,,1,100,,83388,13,,,1,100,,83385,13,,,1,100,,83380,13,,,1,100,,83382,13,,,1,100,,83383,13,,,1,100,,83389,13,,,1,100,,83386,13,,,1,100,,83390,13,,,1
6401,'Semaine-1',521,,83391,13,,,2,108,,83401,13,,,2,100,,83403,13,,,1,100,,83400,13,,,1,94,,83408,13,,,1,100,,83395,13,,,1,100,,83394,13,,,1,100,,83406,13,,,1,100,,83402,13,,,2,99,,83404,13,,,1,100,,83405,13,,,1,102,,83396,13,,,1,98,,83392,13,,,1,100,,83393,13,,,1,99,,83399,13,,,1,100,,83397,13,,,1,100,,83398,13,,,1,100,,83407,13,,,1
6401,'Semaine-12',521,,83409,13,,,2,108,,83419,13,,,2,100,,83421,13,,,1,100,,83418,13,,,1,94,,83426,13,,,1,100,,83413,13,,,1,100,,83412,13,,,1,100,,83424,13,,,1,100,,83420,13,,,2,99,,83422,13,,,1,100,,83423,13,,,1,102,,83414,13,,,1,98,,83410,13,,,1,100,,83411,13,,,1,99,,83417,13,,,1,100,,83415,13,,,1,100,,83416,13,,,1,100,,83425,13,,,1
33100,'Semaine-1',839,,85911,39,0,7 8,1
33100,'Semaine-12',839,,85912,39,0,7 8,1
