2801,'Semaine-1',658,,80062,31,,,1,73,,80063,31,,,2,99,,80061,31,,,2
2801,'Semaine-12',658,,80065,31,,,1,73,,80066,31,,,2,99,,80064,31,,,2
2901,'Semaine-1',715,,80077,7,,,2,30,,80080,7,,,1,70,,80078,7,,,1,32,,80079,7,,,2
2901,'Semaine-12',715,,80081,7,,,2,30,,80084,7,,,1,70,,80082,7,,,1,32,,80083,7,,,2
3401,'Samedi-1',710,,80905,40,,,1,100,,80908,40,,,1,30,,80917,40,,,1,70,,80906,40,,,1,32,,80911,40,,,1,70,,80913,40,,,1,29,,80907,40,,,1,70,,80916,40,,,1,32,,80909,40,,,1,69,,80918,40,,,1,31,,80910,40,,,1,70,,80912,40,,,1,30,,80914,40,,,1,70,,80915,40,,,1,30,,80919,40,,,1,72,,80920,40,,,1,30,,80921,40,,,1,70,,80922,40,,,1,30,,80923,40,,,1,67,,80924,40,,,1,30,,80925,40,,,1,70,,80926,40,,,1,30,,80927,40,,,1,70,,80929,40,,,1,28,,80928,40,,,1,70,,80930,40,,,1,30,,80931,40,,,1,70,,80932,40,,,1,30,,80934,40,,,1,70,,80933,40,,,1,30,,80935,40,,,1,96,,80936,40,,,1
3401,'Samedi-10',710,,67667,40,,,1,100,,67670,40,,,1,30,,67679,40,,,1,70,,67668,40,,,1,32,,67673,40,,,1,70,,67675,40,,,1,29,,67669,40,,,1,70,,67678,40,,,1,32,,67671,40,,,1,69,,67680,40,,,1,31,,67672,40,,,1,70,,67674,40,,,1,30,,67676,40,,,1,70,,67677,40,,,1,30,,67681,40,,,1,72,,67682,40,,,1,30,,67683,40,,,1,70,,67684,40,,,1,30,,67685,40,,,1,67,,67686,40,,,1,30,,67687,40,,,1,70,,67688,40,,,1,30,,67689,40,,,1,70,,67691,40,,,1,28,,67690,40,,,1,70,,67692,40,,,1,30,,67693,40,,,1,70,,67694,40,,,1,30,,67696,40,,,1,70,,67695,40,,,1,30,,67697,40,,,1,96,,67698,40,,,1
3401,'Dimanche-1',710,,80937,40,,,1,100,,80945,40,,,1,30,,80950,40,,,1,70,,80942,40,,,1,32,,80940,40,,,1,70,,80963,40,,,1,29,,80944,40,,,1,70,,80949,40,,,1,32,,80939,40,,,1,69,,80938,40,,,1,31,,80941,40,,,1,70,,80948,40,,,1,30,,80951,40,,,1,70,,80943,40,,,1,30,,80947,40,,,1,72,,80946,40,,,1,30,,80952,40,,,1,70,,80956,40,,,1,30,,80953,40,,,1,67,,80954,40,,,1,30,,80955,40,,,1,70,,80962,40,,,1,30,,80957,40,,,1,70,,80960,40,,,1,28,,80958,40,,,1,70,,80959,40,,,1,30,,80961,40,,,1,70,,80964,40,,,1,30,,80966,40,,,1,70,,80965,40,,,1,30,,80967,40,,,1,96,,80968,40,,,1
3401,'Semaine-1',916,,80994,40,,,1,31,,80974,40,,,2,70,,80978,40,,,1,30,,80998,40,,,1,70,,80971,40,,,1,30,,80975,40,,,1,70,,80979,40,,,1,30,,80969,40,,,1,70,,80972,40,,,1,30,,80976,40,,,1,69,,80980,40,,,2,31,,80973,40,,,1,70,,80995,40,,,1,31,,80970,40,,,1,75,,80996,40,,,1,27,,80997,40,,,1,70,,80991,40,,,1,27,,80987,40,,,1,70,,80977,40,,,1,29,,80984,40,,,1,70,,80993,40,,,1,30,,80981,40,,,1,70,,80983,40,,,1,30,,80985,40,,,1,70,,80989,40,,,2,30,,80982,40,,,1,70,,80988,40,,,1,29,,80986,40,,,1,70,,80990,40,,,1,30,,80992,40,,,1
3401,'Semaine-12',916,,81024,40,,,1,31,,81004,40,,,2,70,,81008,40,,,1,30,,81028,40,,,1,70,,81001,40,,,1,30,,81005,40,,,1,70,,81009,40,,,1,30,,80999,40,,,1,70,,81002,40,,,1,30,,81006,40,,,1,69,,81010,40,,,2,31,,81003,40,,,1,70,,81025,40,,,1,31,,81000,40,,,1,75,,81026,40,,,1,27,,81027,40,,,1,70,,81021,40,,,1,27,,81017,40,,,1,70,,81007,40,,,1,29,,81014,40,,,1,70,,81023,40,,,1,30,,81011,40,,,1,70,,81013,40,,,1,30,,81015,40,,,1,70,,81019,40,,,2,30,,81012,40,,,1,70,,81018,40,,,1,29,,81016,40,,,1,70,,81020,40,,,1,30,,81022,40,,,1
5601,'Semaine-1',1223,,82735,14,,,1,103,,82732,14,,,1,100,,82731,14,,,1,100,,82734,14,,,2,104,,82733,14,,,1,98,,82736,14,,,1,96,,82737,14,,,1
5601,'Semaine-12',1223,,82742,14,,,1,103,,82739,14,,,1,100,,82738,14,,,1,100,,82741,14,,,2,104,,82740,14,,,1,98,,82743,14,,,1,96,,82744,14,,,1
32901,'Semaine-1',1648,,85909,33,0,7 8,1
32901,'Semaine-12',1648,,85910,33,0,7 8,1
42901,'Semaine-1',1512,,86769,15,0,9 14,1
42901,'Semaine-12',1512,,86770,15,0,9 14,1
55401,'Semaine-1',1531,,86814,12,0,5 6,1
55401,'Semaine-12',1531,,86816,12,0,5 6,1
72901,'Semaine-1',817,,86875,19,0,5 11,2
72901,'Semaine-12',817,,86876,19,0,5 11,2
82901,'Semaine-1',751,,87138,7,0,9 12 13,1,1,,87139,7,0,9 12 13,1,1,,87140,7,0,9 12 13,2
82901,'Semaine-12',751,,87141,7,0,9 12 13,1,1,,87142,7,0,9 12 13,1,1,,87143,7,0,9 12 13,2
