2600,'Semaine-1',1600,,80019,21,,,1,32,,80018,21,,,1,69,,80017,21,,,2,30,,80020,21,,,1,27,,80021,21,,,2
2600,'Semaine-12',1600,,80024,21,,,1,32,,80023,21,,,1,69,,80022,21,,,2,30,,80025,21,,,1,27,,80026,21,,,2
2800,'Semaine-1',1604,,80055,24,,,1,42,,80056,24,,,1,91,,80057,24,,,1
2800,'Semaine-12',1604,,80058,24,,,1,42,,80059,24,,,1,91,,80060,24,,,1
2900,'Semaine-1',1558,,80070,29,4,,2,75,,80069,29,4,,1,72,,80067,29,4,,2,25,,80071,29,4,,1,29,,80068,29,4,,1
2900,'Semaine-12',1558,,80075,29,4,,2,75,,80074,29,4,,1,72,,80072,29,4,,2,25,,80076,29,4,,1,29,,80073,29,4,,1
3200,'Semaine-1',634,,80376,22,,,1,71,,80375,22,,,1,32,,80371,22,,,1,72,,80373,22,,,1,28,,80372,22,,,2,70,,80374,22,,,1,29,,80347,22,,,2,70,,80342,22,,,1,30,,80343,22,,,2,70,,80354,22,,,1,30,,80348,22,,,1,72,,80334,22,,,1,30,,80335,22,,,1,69,,80346,22,,,1,30,,80349,22,,,1,70,,80355,22,,,1,31,,80336,22,,,1,69,,80381,22,,,1,15,,80333,22,,,2,16,,80363,22,,,1,10,,80353,22,,,1,11,,80359,22,,,2,50,,80360,22,,,1,10,,80378,22,,,1,10,,80379,22,,,1,10,,80380,22,,,2,13,,80377,22,,,2,7,,80350,22,,,1,50,,80361,22,,,1,10,,80369,22,,,2,10,,80362,22,,,2,8,,80339,22,,,1,10,,80370,22,,,1,10,,80356,22,,,2,47,,80358,22,,,1,10,,80357,22,,,1,19,,80351,22,,,2,25,,80345,22,,,1,70,,80340,22,,,1,30,,80337,22,,,2,69,,80352,22,,,2,30,,80344,22,,,1,73,,80341,22,,,1,27,,80338,22,,,2,70,,80364,22,,,1,29,,80365,22,,,1,68,,80366,22,,,1,30,,80367,22,,,1,70,,80368,22,,,1
3200,'Semaine-12',634,,80425,22,,,1,71,,80424,22,,,1,32,,80420,22,,,1,72,,80422,22,,,1,28,,80421,22,,,2,70,,80423,22,,,1,29,,80396,22,,,2,70,,80391,22,,,1,30,,80392,22,,,2,70,,80403,22,,,1,30,,80397,22,,,1,72,,80383,22,,,1,30,,80384,22,,,1,69,,80395,22,,,1,30,,80398,22,,,1,70,,80404,22,,,1,31,,80385,22,,,1,69,,80430,22,,,1,15,,80382,22,,,2,16,,80412,22,,,1,10,,80402,22,,,1,11,,80408,22,,,2,50,,80409,22,,,1,10,,80427,22,,,1,10,,80428,22,,,1,10,,80429,22,,,2,13,,80426,22,,,2,7,,80399,22,,,1,50,,80410,22,,,1,10,,80418,22,,,2,10,,80411,22,,,2,8,,80388,22,,,1,10,,80419,22,,,1,10,,80405,22,,,2,47,,80407,22,,,1,10,,80406,22,,,1,19,,80400,22,,,2,25,,80394,22,,,1,70,,80389,22,,,1,30,,80386,22,,,2,69,,80401,22,,,2,30,,80393,22,,,1,73,,80390,22,,,1,27,,80387,22,,,2,70,,80413,22,,,1,29,,80414,22,,,1,68,,80415,22,,,1,30,,80416,22,,,1,70,,80417,22,,,1
3400,'Samedi-1',745,,80773,30,,,1,100,,80778,30,,,1,70,,80774,30,,,1,31,,80780,30,,,1,70,,80781,30,,,1,31,,80775,30,,,1,70,,80776,30,,,1,30,,80777,30,,,1,70,,80779,30,,,1,31,,80782,30,,,1,70,,80784,30,,,1,30,,80783,30,,,1,70,,80785,30,,,1,30,,80786,30,,,1,70,,80787,30,,,1,30,,80788,30,,,1,70,,80789,30,,,1,31,,80790,30,,,1,70,,80791,30,,,1,30,,80792,30,,,1,70,,80793,30,,,1,29,,80794,30,,,1,68,,80795,30,,,1,29,,80796,30,,,1,71,,80797,30,,,1,30,,80798,30,,,1,70,,80799,30,,,1,30,,80800,30,,,1,70,,80801,30,,,1,30,,80803,30,,,1,70,,80802,30,,,1,29,,80805,30,,,1,70,,80804,30,,,1,27,,80806,30,,,1
3400,'Samedi-10',745,,67369,30,,,1,100,,67374,30,,,1,70,,67370,30,,,1,31,,67376,30,,,1,70,,67377,30,,,1,31,,67371,30,,,1,70,,67372,30,,,1,30,,67373,30,,,1,70,,67375,30,,,1,31,,67378,30,,,1,70,,67380,30,,,1,30,,67379,30,,,1,70,,67381,30,,,1,30,,67382,30,,,1,70,,67383,30,,,1,30,,67384,30,,,1,70,,67385,30,,,1,31,,67386,30,,,1,70,,67387,30,,,1,30,,67388,30,,,1,70,,67389,30,,,1,29,,67390,30,,,1,68,,67391,30,,,1,29,,67392,30,,,1,71,,67393,30,,,1,30,,67394,30,,,1,70,,67395,30,,,1,30,,67396,30,,,1,70,,67397,30,,,1,30,,67399,30,,,1,70,,67398,30,,,1,29,,67401,30,,,1,70,,67400,30,,,1,27,,67402,30,,,1
3400,'Dimanche-1',745,,80811,30,,,1,100,,80831,30,,,1,70,,80813,30,,,1,31,,80817,30,,,1,70,,80810,30,,,1,31,,80818,30,,,1,70,,80809,30,,,1,30,,80808,30,,,1,70,,80821,30,,,1,31,,80812,30,,,1,70,,80815,30,,,1,30,,80814,30,,,1,70,,80807,30,,,1,30,,80823,30,,,1,70,,80819,30,,,1,30,,80820,30,,,1,70,,80816,30,,,1,31,,80827,30,,,1,70,,80826,30,,,1,30,,80824,30,,,1,70,,80822,30,,,1,29,,80825,30,,,1,68,,80830,30,,,1,29,,80828,30,,,1,71,,80829,30,,,1,30,,80832,30,,,1,70,,80833,30,,,1,30,,80834,30,,,1,70,,80835,30,,,1,30,,80836,30,,,1,70,,80837,30,,,1,29,,80839,30,,,1,70,,80838,30,,,1,27,,80840,30,,,1
3400,'Semaine-1',623,,80871,30,,,1,28,,80856,30,,,1,73,,80850,30,,,1,34,,80854,30,,,1,71,,80845,30,,,2,29,,80865,30,,,1,70,,80851,30,,,1,27,,80841,30,,,1,70,,80846,30,,,1,30,,80847,30,,,1,70,,80852,30,,,1,30,,80842,30,,,1,71,,80872,30,,,1,30,,80848,30,,,1,70,,80853,30,,,1,30,,80843,30,,,1,72,,80869,30,,,1,30,,80844,30,,,1,65,,80870,30,,,1,306,,80868,30,,,1,20,,80857,30,,,1,68,,80849,30,,,1,30,,80861,30,,,1,70,,80867,30,,,1,31,,80858,30,,,1,68,,80860,30,,,1,30,,80862,30,,,1,70,,80855,30,,,1,30,,80864,30,,,1,69,,80859,30,,,1,29,,80863,30,,,1,70,,80866,30,,,1
3400,'Semaine-12',623,,80903,30,,,1,28,,80888,30,,,1,73,,80882,30,,,1,34,,80886,30,,,1,71,,80877,30,,,2,29,,80897,30,,,1,70,,80883,30,,,1,27,,80873,30,,,1,70,,80878,30,,,1,30,,80879,30,,,1,70,,80884,30,,,1,30,,80874,30,,,1,71,,80904,30,,,1,30,,80880,30,,,1,70,,80885,30,,,1,30,,80875,30,,,1,72,,80901,30,,,1,30,,80876,30,,,1,65,,80902,30,,,1,306,,80900,30,,,1,20,,80889,30,,,1,68,,80881,30,,,1,30,,80893,30,,,1,70,,80899,30,,,1,31,,80890,30,,,1,68,,80892,30,,,1,30,,80894,30,,,1,70,,80887,30,,,1,30,,80896,30,,,1,69,,80891,30,,,1,29,,80895,30,,,1,70,,80898,30,,,1
5600,'Semaine-1',656,,82719,42,,,1,64,,82717,42,,,1,6,,82721,42,,,1,30,,82720,42,,,1,73,,82714,42,,,1,100,,82713,42,,,1,107,,82715,42,,,1,98,,82718,42,,,2,100,,82716,42,,,1
5600,'Semaine-12',656,,82728,42,,,1,64,,82726,42,,,1,6,,82730,42,,,1,30,,82729,42,,,1,73,,82723,42,,,1,100,,82722,42,,,1,107,,82724,42,,,1,98,,82727,42,,,2,100,,82725,42,,,1
32900,'Semaine-1',820,,85907,22,0,7 8,1
32900,'Semaine-12',820,,85908,22,0,7 8,1
42900,'Semaine-1',724,,86765,15,0,9 14,1,2,,86766,15,0,9 14,2
42900,'Semaine-12',724,,86767,15,0,9 14,1,2,,86768,15,0,9 14,2
55400,'Semaine-1',718,,86810,32,0,5 6,2
55400,'Semaine-12',718,,86812,32,0,5 6,2
72900,'Semaine-1',1641,,86873,27,0,5 11,2
72900,'Semaine-12',1641,,86874,27,0,5 11,2
82900,'Semaine-1',1545,,87134,27,4,,1
82900,'Semaine-12',1545,,87137,27,4,,1
