6701,'Samedi-1',639,,83967,19,,,1,101,,83973,19,,,1,100,,83969,19,,,1,101,,83968,19,,,1,70,,83971,19,,,1,30,,83976,19,,,1,70,,83977,19,,,1,30,,83970,19,,,1,70,,83972,19,,,1,30,,83975,19,,,1,70,,83978,19,,,1,30,,83979,19,,,1,70,,83974,19,,,1,30,,83980,19,,,1,71,,83981,19,,,1,30,,83982,19,,,1,70,,83983,19,,,1,29,,83984,19,,,1,71,,83985,19,,,1,29,,83986,19,,,1,70,,83987,19,,,1,29,,83988,19,,,1,70,,83989,19,,,1,100,,83990,19,,,1,100,,83991,19,,,1,100,,83993,19,,,1,100,,83992,19,,,1
6701,'Samedi-10',639,,73821,19,,,1,101,,73827,19,,,1,100,,73823,19,,,1,101,,73822,19,,,1,70,,73825,19,,,1,30,,73830,19,,,1,70,,73831,19,,,1,30,,73824,19,,,1,70,,73826,19,,,1,30,,73829,19,,,1,70,,73832,19,,,1,30,,73833,19,,,1,70,,73828,19,,,1,30,,73834,19,,,1,71,,73835,19,,,1,30,,73836,19,,,1,70,,73837,19,,,1,29,,73838,19,,,1,71,,73839,19,,,1,29,,73840,19,,,1,70,,73841,19,,,1,29,,73842,19,,,1,70,,73843,19,,,1,100,,73844,19,,,1,100,,73845,19,,,1,100,,73847,19,,,1,100,,73846,19,,,1
6701,'Dimanche-1',639,,83994,19,,,1,101,,83997,19,,,1,100,,83999,19,,,1,101,,84002,19,,,1,70,,84008,19,,,1,30,,83996,19,,,1,70,,84009,19,,,1,30,,84000,19,,,1,70,,84003,19,,,1,30,,84001,19,,,1,70,,83995,19,,,1,30,,84005,19,,,1,70,,84006,19,,,1,30,,83998,19,,,1,71,,84004,19,,,1,30,,84011,19,,,1,70,,84007,19,,,1,29,,84014,19,,,1,71,,84015,19,,,1,29,,84012,19,,,1,70,,84017,19,,,1,29,,84010,19,,,1,70,,84016,19,,,1,100,,84013,19,,,1,100,,84018,19,,,1,100,,84019,19,,,1,100,,84020,19,,,1
6701,'Semaine-1',916,,84041,19,,,1,20,,84030,19,,,1,20,,84048,19,,,1,60,,84034,19,,,1,20,,84028,19,,,1,20,,84049,19,,,1,60,,84042,19,,,1,20,,84031,19,,,1,20,,84050,19,,,1,60,,84035,19,,,1,20,,84038,19,,,1,20,,84051,19,,,1,60,,84037,19,,,1,20,,84032,19,,,1,20,,84052,19,,,1,60,,84043,19,,,1,20,,84045,19,,,1,20,,84047,19,,,1,60,,84039,19,,,1,33,,84023,19,,,1,70,,84046,19,,,1,29,,84026,19,,,1,70,,84044,19,,,1,30,,84040,19,,,1,69,,84033,19,,,1,30,,84021,19,,,1,68,,84036,19,,,1,30,,84024,19,,,2,70,,84053,19,,,2,30,,84022,19,,,1,70,,84055,19,,,1,30,,84025,19,,,2,70,,84056,19,,,1,29,,84027,19,,,1,69,,84054,19,,,1,30,,84029,19,,,2
6701,'Semaine-12',916,,84077,19,,,1,20,,84066,19,,,1,20,,84084,19,,,1,60,,84070,19,,,1,20,,84064,19,,,1,20,,84085,19,,,1,60,,84078,19,,,1,20,,84067,19,,,1,20,,84086,19,,,1,60,,84071,19,,,1,20,,84074,19,,,1,20,,84087,19,,,1,60,,84073,19,,,1,20,,84068,19,,,1,20,,84088,19,,,1,60,,84079,19,,,1,20,,84081,19,,,1,20,,84083,19,,,1,60,,84075,19,,,1,33,,84059,19,,,1,70,,84082,19,,,1,29,,84062,19,,,1,70,,84080,19,,,1,30,,84076,19,,,1,69,,84069,19,,,1,30,,84057,19,,,1,68,,84072,19,,,1,30,,84060,19,,,2,70,,84089,19,,,2,30,,84058,19,,,1,70,,84091,19,,,1,30,,84061,19,,,2,70,,84092,19,,,1,29,,84063,19,,,1,69,,84090,19,,,1,30,,84065,19,,,2
8501,'Semaine-1',538,,85431,23,,,1,70,,85433,23,,,1,25,,85436,23,,,1,15,,85435,23,,,1,58,,85440,23,,,1,14,,85432,23,,,2,16,,85438,23,,,1,16,,85434,23,,,2,54,,85439,23,,,1,20,,85437,23,,,1
8501,'Semaine-12',538,,85441,23,,,1,70,,85443,23,,,1,25,,85446,23,,,1,15,,85445,23,,,1,58,,85450,23,,,1,14,,85442,23,,,2,16,,85448,23,,,1,16,,85444,23,,,2,54,,85449,23,,,1,20,,85447,23,,,1
8701,'Semaine-1',522,,85481,19,,,1,30,,85474,19,,,1,70,,85479,19,,,1,19,,85477,19,,,1,13,,85475,19,,,1,56,,85484,19,,,1,17,,85480,19,,,1,15,,85476,19,,,1,16,,85483,19,,,1,58,,85482,19,,,2,20,,85478,19,,,1,20,,85473,19,,,1
8701,'Semaine-12',522,,85493,19,,,1,30,,85486,19,,,1,70,,85491,19,,,1,19,,85489,19,,,1,13,,85487,19,,,1,56,,85496,19,,,1,17,,85492,19,,,1,15,,85488,19,,,1,16,,85495,19,,,1,58,,85494,19,,,2,20,,85490,19,,,1,20,,85485,19,,,1
57101,'Semaine-1',711,,86827,46,0,5 6,2
57101,'Semaine-12',711,,86828,46,0,5 6,2
