5500,'Samedi-1',728,,82390,52,,,1,30,,82387,52,,,1,70,,82388,52,,,1,30,,82391,52,,,1,70,,82389,52,,,1,30,,82396,52,,,1,73,,82393,52,,,1,70,,82394,52,,,1,27,,82399,52,,,1,74,,82398,52,,,1,30,,82392,52,,,1,70,,82395,52,,,1,30,,82397,52,,,1,70,,82400,52,,,1,30,,82401,52,,,1,70,,82402,52,,,1,30,,82403,52,,,1,70,,82404,52,,,1,30,,82405,52,,,1,72,,82406,52,,,1,30,,82407,52,,,1,70,,82408,52,,,1,30,,82409,52,,,1,70,,82410,52,,,1,27,,82412,52,,,1,70,,82411,52,,,1,30,,82413,52,,,1,70,,82415,52,,,1,30,,82414,52,,,1,69,,82416,52,,,1,28,,82417,52,,,1,30,,82420,52,,,1,70,,82422,52,,,1,30,,82419,52,,,1,69,,82418,52,,,1,27,,82421,52,,,1
5500,'Samedi-10',728,,70650,52,,,1,30,,70647,52,,,1,70,,70648,52,,,1,30,,70651,52,,,1,70,,70649,52,,,1,30,,70656,52,,,1,73,,70653,52,,,1,70,,70654,52,,,1,27,,70659,52,,,1,74,,70658,52,,,1,30,,70652,52,,,1,70,,70655,52,,,1,30,,70657,52,,,1,70,,70660,52,,,1,30,,70661,52,,,1,70,,70662,52,,,1,30,,70663,52,,,1,70,,70664,52,,,1,30,,70665,52,,,1,72,,70666,52,,,1,30,,70667,52,,,1,70,,70668,52,,,1,30,,70669,52,,,1,70,,70670,52,,,1,27,,70672,52,,,1,70,,70671,52,,,1,30,,70673,52,,,1,70,,70675,52,,,1,30,,70674,52,,,1,69,,70676,52,,,1,28,,70677,52,,,1,30,,70680,52,,,1,70,,70682,52,,,1,30,,70679,52,,,1,69,,70678,52,,,1,27,,70681,52,,,1
5500,'Dimanche-1',728,,82427,52,,,1,30,,82432,52,,,1,70,,82424,52,,,1,30,,82429,52,,,1,70,,82426,52,,,1,30,,82423,52,,,1,73,,82434,52,,,1,70,,82428,52,,,1,27,,82425,52,,,1,74,,82437,52,,,1,30,,82433,52,,,1,70,,82438,52,,,1,30,,82431,52,,,1,70,,82430,52,,,1,30,,82436,52,,,1,70,,82441,52,,,1,30,,82435,52,,,1,70,,82440,52,,,1,30,,82443,52,,,1,72,,82447,52,,,1,30,,82442,52,,,1,70,,82448,52,,,1,30,,82439,52,,,1,70,,82445,52,,,1,27,,82446,52,,,1,70,,82449,52,,,1,30,,82444,52,,,1,70,,82450,52,,,1,30,,82452,52,,,1,69,,82451,52,,,1,28,,82453,52,,,1,30,,82455,52,,,1,70,,82456,52,,,1,30,,82454,52,,,1,69,,82457,52,,,1,27,,82458,52,,,1
5500,'Semaine-1',702,,82461,52,,,1,105,,82477,52,,,1,29,,82460,52,,,1,96,,82496,52,,,1,27,,82497,52,,,1,70,,82466,52,,,1,30,,82476,52,,,1,70,,82480,52,,,1,72,,82502,52,,,1,30,,82462,52,,,1,70,,82501,52,,,1,30,,82479,52,,,1,70,,82494,52,,,1,30,,82488,52,,,1,26,,82495,52,,,1,56,,82481,52,,,1,14,,82459,52,,,1,17,,82500,52,,,1,58,,82470,52,,,1,15,,82503,52,,,1,13,,82491,52,,,1,10,,82463,52,,,1,13,,82474,52,,,1,58,,82506,52,,,1,9,,82499,52,,,1,11,,82465,52,,,1,11,,82482,52,,,1,9,,82475,52,,,1,51,,82504,52,,,1,11,,82489,52,,,1,7,,82469,52,,,1,12,,82464,52,,,1,10,,82505,52,,,1,11,,82473,52,,,1,52,,82468,52,,,1,10,,82478,52,,,1,30,,82493,52,,,1,69,,82498,52,,,1,30,,82485,52,,,1,70,,82471,52,,,1,30,,82492,52,,,1,67,,82483,52,,,1,27,,82486,52,,,1,70,,82472,52,,,1,30,,82487,52,,,1,67,,82484,52,,,1,29,,82467,52,,,1,70,,82490,52,,,1
5500,'Semaine-12',702,,82509,52,,,1,105,,82525,52,,,1,29,,82508,52,,,1,96,,82544,52,,,1,27,,82545,52,,,1,70,,82514,52,,,1,30,,82524,52,,,1,70,,82528,52,,,1,72,,82550,52,,,1,30,,82510,52,,,1,70,,82549,52,,,1,30,,82527,52,,,1,70,,82542,52,,,1,30,,82536,52,,,1,26,,82543,52,,,1,56,,82529,52,,,1,14,,82507,52,,,1,17,,82548,52,,,1,58,,82518,52,,,1,15,,82551,52,,,1,13,,82539,52,,,1,10,,82511,52,,,1,13,,82522,52,,,1,58,,82554,52,,,1,9,,82547,52,,,1,11,,82513,52,,,1,11,,82530,52,,,1,9,,82523,52,,,1,51,,82552,52,,,1,11,,82537,52,,,1,7,,82517,52,,,1,12,,82512,52,,,1,10,,82553,52,,,1,11,,82521,52,,,1,52,,82516,52,,,1,10,,82526,52,,,1,30,,82541,52,,,1,69,,82546,52,,,1,30,,82533,52,,,1,70,,82519,52,,,1,30,,82540,52,,,1,67,,82531,52,,,1,27,,82534,52,,,1,70,,82520,52,,,1,30,,82535,52,,,1,67,,82532,52,,,1,29,,82515,52,,,1,70,,82538,52,,,1
63901,'Semaine-1',729,,86835,42,0,9 10,1
63901,'Semaine-12',729,,86836,42,0,9 10,1
64001,'Semaine-1',728,,86843,21,0,9 10,1,2,,86844,21,0,9 10,1
64001,'Semaine-12',728,,86845,21,0,9 10,1,2,,86846,21,0,9 10,1
64100,'Semaine-1',739,,86847,19,0,9 10,2
64100,'Semaine-12',739,,86848,19,0,9 10,2
65401,'Semaine-1',724,,86861,17,0,9 10,1
65401,'Semaine-12',724,,86862,17,0,9 10,1
