4101,'Semaine-1',635,,81943,17,,,1,73,,81944,17,,,1,35,,81945,17,,,1,65,,81942,17,,,2,29,,81941,17,,,1
4101,'Semaine-12',635,,81948,17,,,1,73,,81949,17,,,1,35,,81950,17,,,1,65,,81947,17,,,2,29,,81946,17,,,1
4900,'Samedi-1',717,,82003,14,,,1,100,,82004,14,,,1,101,,82001,14,,,1,100,,82005,14,,,1,100,,82002,14,,,1,100,,82006,14,,,1,98,,82007,14,,,1,102,,82008,14,,,1,100,,82009,14,,,1,100,,82010,14,,,1,100,,82011,14,,,1,99,,82012,14,,,1,100,,82013,14,,,1,100,,82014,14,,,1,100,,82015,14,,,1,100,,82016,14,,,1,99,,82017,14,,,1
4900,'Samedi-10',717,,69841,14,,,1,100,,69842,14,,,1,101,,69839,14,,,1,100,,69843,14,,,1,100,,69840,14,,,1,100,,69844,14,,,1,98,,69845,14,,,1,102,,69846,14,,,1,100,,69847,14,,,1,100,,69848,14,,,1,100,,69849,14,,,1,99,,69850,14,,,1,100,,69851,14,,,1,100,,69852,14,,,1,100,,69853,14,,,1,100,,69854,14,,,1,99,,69855,14,,,1
4900,'Dimanche-1',717,,82018,14,,,1,100,,82031,14,,,1,101,,82019,14,,,1,100,,82030,14,,,1,100,,82022,14,,,1,100,,82021,14,,,1,98,,82025,14,,,1,102,,82020,14,,,1,100,,82024,14,,,1,100,,82023,14,,,1,100,,82027,14,,,1,99,,82029,14,,,1,100,,82026,14,,,1,100,,82028,14,,,1,100,,82032,14,,,1,100,,82033,14,,,1,99,,82034,14,,,1
4900,'Semaine-1',629,,82062,14,,,1,14,,82057,1,,,1,3,,82069,1,,,1,4,,82045,1,,,1,6,,82068,1,,,1,44,,82073,14,,,1,1,,82072,1,,,1,4,,82071,1,,,1,5,,82070,1,,,1,21,,82065,14,,,1,26,,82066,14,,,1,1,,82061,1,,,1,72,,82060,14,,,1,74,,82055,14,,,1,29,,82047,14,,,1,71,,82067,14,,,1,33,,82063,14,,,1,70,,82058,14,,,1,30,,82035,14,,,1,70,,82056,14,,,1,30,,82037,14,,,1,70,,82042,14,,,1,30,,82044,14,,,1,71,,82048,14,,,1,30,,82064,14,,,1,70,,82046,14,,,1,30,,82049,14,,,1,70,,82040,14,,,1,30,,82052,14,,,1,70,,82043,14,,,1,30,,82041,14,,,1,70,,82059,14,,,1,28,,82053,14,,,1,100,,82036,14,,,1,99,,82054,14,,,1,101,,82051,14,,,1,100,,82038,14,,,1,98,,82050,14,,,1,100,,82039,14,,,1
4900,'Semaine-12',629,,82101,14,,,1,14,,82096,1,,,1,3,,82108,1,,,1,4,,82084,1,,,1,6,,82107,1,,,1,44,,82112,14,,,1,1,,82111,1,,,1,4,,82110,1,,,1,5,,82109,1,,,1,21,,82104,14,,,1,26,,82105,14,,,1,1,,82100,1,,,1,72,,82099,14,,,1,74,,82094,14,,,1,29,,82086,14,,,1,71,,82106,14,,,1,33,,82102,14,,,1,70,,82097,14,,,1,30,,82074,14,,,1,70,,82095,14,,,1,30,,82076,14,,,1,70,,82081,14,,,1,30,,82083,14,,,1,71,,82087,14,,,1,30,,82103,14,,,1,70,,82085,14,,,1,30,,82088,14,,,1,70,,82079,14,,,1,30,,82091,14,,,1,70,,82082,14,,,1,30,,82080,14,,,1,70,,82098,14,,,1,28,,82092,14,,,1,100,,82075,14,,,1,99,,82093,14,,,1,101,,82090,14,,,1,100,,82077,14,,,1,98,,82089,14,,,1,100,,82078,14,,,1
5200,'Samedi-1',650,,82231,34,,,1,100,,82232,34,,,1,101,,82233,34,,,1,100,,82234,34,,,1,100,,82235,34,,,1,102,,82236,34,,,1,100,,82237,34,,,1,100,,82238,34,,,1,99,,82239,34,,,1,100,,82240,34,,,1,100,,82241,34,,,1,100,,82242,34,,,1,99,,82243,34,,,1,100,,82246,34,,,1,100,,82244,34,,,1,99,,82245,34,,,1,98,,82247,34,,,1,100,,82248,34,,,1
5200,'Samedi-10',650,,70287,34,,,1,100,,70288,34,,,1,101,,70289,34,,,1,100,,70290,34,,,1,100,,70291,34,,,1,102,,70292,34,,,1,100,,70293,34,,,1,100,,70294,34,,,1,99,,70295,34,,,1,100,,70296,34,,,1,100,,70297,34,,,1,100,,70298,34,,,1,99,,70299,34,,,1,100,,70302,34,,,1,100,,70300,34,,,1,99,,70301,34,,,1,98,,70303,34,,,1,100,,70304,34,,,1
5200,'Dimanche-1',650,,82250,34,,,1,100,,82249,34,,,1,101,,82251,34,,,1,100,,82254,34,,,1,100,,82252,34,,,1,102,,82253,34,,,1,100,,82257,34,,,1,100,,82256,34,,,1,99,,82258,34,,,1,100,,82255,34,,,1,100,,82259,34,,,1,100,,82261,34,,,1,99,,82262,34,,,1,100,,82260,34,,,1,100,,82263,34,,,1,99,,82264,34,,,1,98,,82265,34,,,1,100,,82266,34,,,1
5200,'Semaine-1',621,,82270,34,,,1,98,,82272,34,,,1,109,,82267,34,,,1,96,,82283,34,,,1,98,,82281,34,,,1,101,,82268,34,,,1,100,,82275,34,,,1,100,,82274,34,,,1,100,,82271,34,,,1,101,,82269,34,,,1,108,,82273,34,,,1,100,,82284,34,,,1,106,,82282,34,,,1,99,,82276,34,,,1,84,,82280,34,,,1,100,,82279,34,,,1,99,,82277,34,,,1,100,,82278,34,,,1
5200,'Semaine-12',621,,82288,34,,,1,98,,82290,34,,,1,109,,82285,34,,,1,96,,82301,34,,,1,98,,82299,34,,,1,101,,82286,34,,,1,100,,82293,34,,,1,100,,82292,34,,,1,100,,82289,34,,,1,101,,82287,34,,,1,108,,82291,34,,,1,100,,82302,34,,,1,106,,82300,34,,,1,99,,82294,34,,,1,84,,82298,34,,,1,100,,82297,34,,,1,99,,82295,34,,,1,100,,82296,34,,,1
5501,'Samedi-1',659,,82555,24,,,1,70,,82558,24,,,1,71,,82557,24,,,1,30,,82567,24,,,1,29,,82556,24,,,1,70,,82559,24,,,1,71,,82560,24,,,1,29,,82566,24,,,1,30,,82562,24,,,1,70,,82563,24,,,1,30,,82561,24,,,1,70,,82569,24,,,1,30,,82568,24,,,1,70,,82564,24,,,1,30,,82565,24,,,1,72,,82570,24,,,1,28,,82571,24,,,1,72,,82572,24,,,1,28,,82573,24,,,1,72,,82574,24,,,1,28,,82575,24,,,1,72,,82576,24,,,1,28,,82577,24,,,1,71,,82578,24,,,1,70,,82579,24,,,1,30,,82580,24,,,1,70,,82581,24,,,1,30,,82582,24,,,1,70,,82583,24,,,1,30,,82585,24,,,1,70,,82584,24,,,1,30,,82587,24,,,1,70,,82586,24,,,1
5501,'Samedi-10',659,,71004,24,,,1,70,,71007,24,,,1,71,,71006,24,,,1,30,,71016,24,,,1,29,,71005,24,,,1,70,,71008,24,,,1,71,,71009,24,,,1,29,,71015,24,,,1,30,,71011,24,,,1,70,,71012,24,,,1,30,,71010,24,,,1,70,,71018,24,,,1,30,,71017,24,,,1,70,,71013,24,,,1,30,,71014,24,,,1,72,,71019,24,,,1,28,,71020,24,,,1,72,,71021,24,,,1,28,,71022,24,,,1,72,,71023,24,,,1,28,,71024,24,,,1,72,,71025,24,,,1,28,,71026,24,,,1,71,,71027,24,,,1,70,,71028,24,,,1,30,,71029,24,,,1,70,,71030,24,,,1,30,,71031,24,,,1,70,,71032,24,,,1,30,,71034,24,,,1,70,,71033,24,,,1,30,,71036,24,,,1,70,,71035,24,,,1
5501,'Dimanche-1',659,,82589,24,,,1,70,,82593,24,,,1,71,,82591,24,,,1,30,,82596,24,,,1,29,,82598,24,,,1,70,,82592,24,,,1,71,,82588,24,,,1,29,,82602,24,,,1,30,,82597,24,,,1,70,,82604,24,,,1,30,,82595,24,,,1,70,,82594,24,,,1,30,,82600,24,,,1,70,,82590,24,,,1,30,,82599,24,,,1,72,,82603,24,,,1,28,,82608,24,,,1,72,,82601,24,,,1,28,,82607,24,,,1,72,,82610,24,,,1,28,,82605,24,,,1,72,,82606,24,,,1,28,,82612,24,,,1,71,,82614,24,,,1,70,,82611,24,,,1,30,,82609,24,,,1,70,,82613,24,,,1,30,,82615,24,,,1,70,,82616,24,,,1,30,,82617,24,,,1,70,,82618,24,,,1,30,,82619,24,,,1,70,,82620,24,,,1
5501,'Semaine-1',519,,82634,24,,,1,14,,82641,24,,,1,15,,82640,24,,,1,56,,82624,24,,,1,15,,82662,24,,,1,21,,82661,24,,,1,8,,82621,24,,,1,52,,82666,24,,,1,15,,82647,24,,,1,13,,82655,24,,,1,16,,82625,24,,,1,9,,82629,24,,,1,52,,82627,24,,,1,9,,82656,24,,,1,6,,82658,24,,,1,14,,82635,24,,,1,68,,82639,24,,,1,12,,82626,24,,,1,11,,82660,24,,,1,30,,82653,24,,,1,71,,82657,24,,,1,28,,82623,24,,,1,70,,82630,24,,,1,30,,82643,24,,,1,70,,82654,24,,,1,30,,82650,24,,,1,70,,82631,24,,,1,30,,82663,24,,,1,70,,82622,24,,,1,30,,82628,24,,,1,89,,82632,24,,,1,100,,82637,24,,,1,100,,82642,24,,,1,101,,82659,24,,,1,60,,82648,24,,,1,30,,82636,24,,,1,72,,82652,24,,,1,30,,82645,24,,,1,70,,82664,24,,,1,30,,82638,24,,,1,69,,82644,24,,,1,32,,82646,24,,,1,70,,82633,24,,,1,30,,82651,24,,,1,70,,82649,24,,,1
5501,'Semaine-12',519,,82680,24,,,1,14,,82687,24,,,1,15,,82686,24,,,1,56,,82670,24,,,1,15,,82708,24,,,1,21,,82707,24,,,1,8,,82667,24,,,1,52,,82712,24,,,1,15,,82693,24,,,1,13,,82701,24,,,1,16,,82671,24,,,1,9,,82675,24,,,1,52,,82673,24,,,1,9,,82702,24,,,1,6,,82704,24,,,1,14,,82681,24,,,1,68,,82685,24,,,1,12,,82672,24,,,1,11,,82706,24,,,1,30,,82699,24,,,1,71,,82703,24,,,1,28,,82669,24,,,1,70,,82676,24,,,1,30,,82689,24,,,1,70,,82700,24,,,1,30,,82696,24,,,1,70,,82677,24,,,1,30,,82709,24,,,1,70,,82668,24,,,1,30,,82674,24,,,1,89,,82678,24,,,1,100,,82683,24,,,1,100,,82688,24,,,1,101,,82705,24,,,1,60,,82694,24,,,1,30,,82682,24,,,1,72,,82698,24,,,1,30,,82691,24,,,1,70,,82710,24,,,1,30,,82684,24,,,1,69,,82690,24,,,1,32,,82692,24,,,1,70,,82679,24,,,1,30,,82697,24,,,1,70,,82695,24,,,1
5801,'Semaine-1',556,,82763,12,,,1,71,,82767,12,,,1,30,,82765,12,,,1,70,,82764,12,,,1,30,,82761,12,,,1,70,,82766,12,,,1,800,,82762,12,,,1
5801,'Semaine-12',556,,82770,12,,,1,71,,82774,12,,,1,30,,82772,12,,,1,70,,82771,12,,,1,30,,82768,12,,,1,70,,82773,12,,,1,800,,82769,12,,,1
5901,'Samedi-1',715,,82939,13,,,1,30,,82946,13,,,1,69,,82943,13,,,1,30,,82948,13,,,1,70,,82940,13,,,1,30,,82945,13,,,1,70,,82944,13,,,1,30,,82947,13,,,1,70,,82951,13,,,1,30,,82952,13,,,1,70,,82941,13,,,1,30,,82942,13,,,1,70,,82950,13,,,1,30,,82949,13,,,1,70,,82953,13,,,1,30,,82954,13,,,1,70,,82955,13,,,1,30,,82956,13,,,1,70,,82957,13,,,1,30,,82958,13,,,1,70,,82959,13,,,1,30,,82960,13,,,1,70,,82961,13,,,1,30,,82962,13,,,1,71,,82963,13,,,1,30,,82965,13,,,1,70,,82964,13,,,1,30,,82966,13,,,1,70,,82967,13,,,1,30,,82968,13,,,1,70,,82970,13,,,1,31,,82969,13,,,1
5901,'Samedi-10',715,,71780,13,,,1,30,,71787,13,,,1,69,,71784,13,,,1,30,,71789,13,,,1,70,,71781,13,,,1,30,,71786,13,,,1,70,,71785,13,,,1,30,,71788,13,,,1,70,,71792,13,,,1,30,,71793,13,,,1,70,,71782,13,,,1,30,,71783,13,,,1,70,,71791,13,,,1,30,,71790,13,,,1,70,,71794,13,,,1,30,,71795,13,,,1,70,,71796,13,,,1,30,,71797,13,,,1,70,,71798,13,,,1,30,,71799,13,,,1,70,,71800,13,,,1,30,,71801,13,,,1,70,,71802,13,,,1,30,,71803,13,,,1,71,,71804,13,,,1,30,,71806,13,,,1,70,,71805,13,,,1,30,,71807,13,,,1,70,,71808,13,,,1,30,,71809,13,,,1,70,,71811,13,,,1,31,,71810,13,,,1
5901,'Dimanche-1',715,,82971,13,,,1,30,,82983,13,,,1,69,,82977,13,,,1,30,,82978,13,,,1,70,,82985,13,,,1,30,,82982,13,,,1,70,,82987,13,,,1,30,,82974,13,,,1,70,,82986,13,,,1,30,,82972,13,,,1,70,,82981,13,,,1,30,,82973,13,,,1,70,,82976,13,,,1,30,,82979,13,,,1,70,,82980,13,,,1,30,,82988,13,,,1,70,,82975,13,,,1,30,,82991,13,,,1,70,,82984,13,,,1,30,,82993,13,,,1,70,,82994,13,,,1,30,,82990,13,,,1,70,,82995,13,,,1,30,,82992,13,,,1,71,,82996,13,,,1,30,,82989,13,,,1,70,,82997,13,,,1,30,,82998,13,,,1,70,,82999,13,,,1,30,,83000,13,,,1,70,,83001,13,,,1,31,,83002,13,,,1
5901,'Semaine-1',513,,83007,13,,,1,15,,83043,13,,,1,15,,83016,13,,,1,15,,83037,13,,,1,55,,83017,13,,,1,14,,83006,13,,,1,13,,83008,13,,,1,13,,83011,13,,,1,58,,83014,13,,,1,15,,83015,13,,,1,18,,83010,13,,,1,12,,83039,13,,,1,58,,83025,13,,,1,15,,83030,13,,,1,13,,83020,13,,,1,15,,83005,13,,,1,56,,83023,13,,,1,27,,83049,13,,,1,70,,83044,13,,,1,30,,83031,13,,,1,70,,83013,13,,,1,30,,83024,13,,,1,70,,83027,13,,,1,30,,83012,13,,,1,70,,83041,13,,,1,30,,83003,13,,,1,70,,83045,13,,,1,30,,83035,13,,,1,73,,83038,13,,,1,100,,83042,13,,,1,101,,83022,13,,,1,100,,83029,13,,,1,37,,83034,13,,,1,70,,83021,13,,,1,30,,83028,13,,,1,70,,83033,13,,,1,30,,83040,13,,,1,70,,83018,13,,,1,30,,83036,13,,,1,71,,83026,13,,,1,30,,83009,13,,,1,70,,83019,13,,,1,30,,83032,13,,,1
5901,'Semaine-12',513,,83054,13,,,1,15,,83090,13,,,1,15,,83063,13,,,1,15,,83084,13,,,1,55,,83064,13,,,1,14,,83053,13,,,1,13,,83055,13,,,1,13,,83058,13,,,1,58,,83061,13,,,1,15,,83062,13,,,1,18,,83057,13,,,1,12,,83086,13,,,1,58,,83072,13,,,1,15,,83077,13,,,1,13,,83067,13,,,1,15,,83052,13,,,1,56,,83070,13,,,1,27,,83096,13,,,1,70,,83091,13,,,1,30,,83078,13,,,1,70,,83060,13,,,1,30,,83071,13,,,1,70,,83074,13,,,1,30,,83059,13,,,1,70,,83088,13,,,1,30,,83050,13,,,1,70,,83092,13,,,1,30,,83082,13,,,1,73,,83085,13,,,1,100,,83089,13,,,1,101,,83069,13,,,1,100,,83076,13,,,1,37,,83081,13,,,1,70,,83068,13,,,1,30,,83075,13,,,1,70,,83080,13,,,1,30,,83087,13,,,1,70,,83065,13,,,1,30,,83083,13,,,1,71,,83073,13,,,1,30,,83056,13,,,1,70,,83066,13,,,1,30,,83079,13,,,1
65501,'Semaine-1',1509,,86865,12,0,9 10,1
65501,'Semaine-12',1509,,86866,12,0,9 10,1
75200,'Semaine-1',724,,86888,18,0,9 18,1,2,,86887,18,0,9 18,2
75200,'Semaine-12',724,,86890,18,0,9 18,1,2,,86889,18,0,9 18,2
80000,'Samedi-1',719,,86901,17,,,1,102,,86902,17,,,1,98,,86903,17,,,1,101,,86905,17,,,1,100,,86906,17,,,1,100,,86904,17,,,1,100,,86907,17,,,1,100,,86908,17,,,1,100,,86909,17,,,1,100,,86910,17,,,1,99,,86911,17,,,2,100,,86912,17,,,1,100,,86915,17,,,1,100,,86913,17,,,1,100,,86914,17,,,1,99,,86916,17,,,1,100,,86917,17,,,1
80000,'Samedi-10',719,,79460,17,,,1,102,,79461,17,,,1,98,,79462,17,,,1,101,,79464,17,,,1,100,,79465,17,,,1,100,,79463,17,,,1,100,,79466,17,,,1,100,,79467,17,,,1,100,,79468,17,,,1,100,,79469,17,,,1,99,,79470,17,,,2,100,,79471,17,,,1,100,,79474,17,,,1,100,,79472,17,,,1,100,,79473,17,,,1,99,,79475,17,,,1,100,,79476,17,,,1
80000,'Dimanche-1',719,,86920,17,,,1,102,,86919,17,,,1,98,,86925,17,,,1,101,,86918,17,,,1,100,,86922,17,,,1,100,,86921,17,,,1,100,,86923,17,,,1,100,,86924,17,,,1,100,,86928,17,,,1,100,,86926,17,,,1,99,,86927,17,,,2,100,,86931,17,,,1,100,,86930,17,,,1,100,,86929,17,,,1,100,,86932,17,,,1,99,,86933,17,,,1,100,,86934,17,,,1
80000,'Semaine-1',553,,86967,17,,,1,71,,86953,17,,,1,31,,86943,17,,,1,55,,86942,17,,,1,15,,86963,17,,,1,31,,86954,17,,,1,58,,86940,17,,,1,30,,86959,17,,,1,70,,86944,17,,,1,30,,86961,17,,,1,70,,86956,17,,,1,30,,86970,17,,,1,70,,86937,17,,,1,30,,86958,17,,,1,70,,86948,17,,,1,31,,86964,17,,,1,69,,86957,17,,,1,30,,86968,17,,,1,70,,86947,17,,,1,29,,86962,17,,,1,72,,86960,17,,,1,31,,86949,17,,,1,71,,86965,17,,,1,29,,86938,17,,,1,69,,86955,17,,,1,30,,86952,17,,,1,70,,86966,17,,,1,29,,86951,17,,,1,72,,86945,17,,,1,28,,86939,17,,,1,71,,86969,17,,,1,29,,86950,17,,,1,69,,86946,17,,,1,30,,86936,17,,,1,69,,86941,17,,,1,30,,86935,17,,,1
80000,'Semaine-12',553,,87003,17,,,1,71,,86989,17,,,1,31,,86979,17,,,1,55,,86978,17,,,1,15,,86999,17,,,1,31,,86990,17,,,1,58,,86976,17,,,1,30,,86995,17,,,1,70,,86980,17,,,1,30,,86997,17,,,1,70,,86992,17,,,1,30,,87006,17,,,1,70,,86973,17,,,1,30,,86994,17,,,1,70,,86984,17,,,1,31,,87000,17,,,1,69,,86993,17,,,1,30,,87004,17,,,1,70,,86983,17,,,1,29,,86998,17,,,1,72,,86996,17,,,1,31,,86985,17,,,1,71,,87001,17,,,1,29,,86974,17,,,1,69,,86991,17,,,1,30,,86988,17,,,1,70,,87002,17,,,1,29,,86987,17,,,1,72,,86981,17,,,1,28,,86975,17,,,1,71,,87005,17,,,1,29,,86986,17,,,1,69,,86982,17,,,1,30,,86972,17,,,1,69,,86977,17,,,1,30,,86971,17,,,1
