4501,'Semaine-1',602,,81972,17,,,1,30,,81971,17,,,1,71,,81975,17,,,2,30,,81974,17,,,1,72,,81973,17,,,1,31,,81976,17,,,1
4501,'Semaine-12',602,,81978,17,,,1,30,,81977,17,,,1,71,,81981,17,,,2,30,,81980,17,,,1,72,,81979,17,,,1,31,,81982,17,,,1
5201,'Samedi-1',658,,82303,41,,,1,100,,82304,41,,,1,101,,82305,41,,,1,100,,82306,41,,,1,141,,82308,41,,,1,100,,82307,41,,,1,100,,82309,41,,,1,100,,82310,41,,,1,101,,82311,41,,,1,99,,82312,41,,,1,100,,82313,41,,,1,100,,82314,41,,,1,59,,82317,41,,,1,100,,82315,41,,,1,98,,82319,41,,,1,100,,82316,41,,,1,100,,82318,41,,,1,101,,82320,41,,,1
5201,'Samedi-10',658,,70449,41,,,1,100,,70450,41,,,1,101,,70451,41,,,1,100,,70452,41,,,1,141,,70454,41,,,1,100,,70453,41,,,1,100,,70455,41,,,1,100,,70456,41,,,1,101,,70457,41,,,1,99,,70458,41,,,1,100,,70459,41,,,1,100,,70460,41,,,1,59,,70463,41,,,1,100,,70461,41,,,1,98,,70465,41,,,1,100,,70462,41,,,1,100,,70464,41,,,1,101,,70466,41,,,1
5201,'Dimanche-1',658,,82321,41,,,1,100,,82322,41,,,1,101,,82323,41,,,1,100,,82326,41,,,1,141,,82324,41,,,1,100,,82328,41,,,1,100,,82325,41,,,1,100,,82330,41,,,1,101,,82327,41,,,1,99,,82329,41,,,1,100,,82332,41,,,1,100,,82334,41,,,1,59,,82331,41,,,1,100,,82333,41,,,1,98,,82335,41,,,1,100,,82336,41,,,1,100,,82337,41,,,1,101,,82338,41,,,1
5201,'Semaine-1',629,,82354,41,,,1,101,,82356,41,,,1,102,,82355,41,,,1,97,,82339,41,,,1,102,,82345,41,,,1,99,,82342,41,,,1,100,,82349,41,,,1,100,,82340,41,,,1,100,,82344,41,,,1,102,,82343,41,,,1,100,,82353,41,,,1,100,,82352,41,,,1,98,,82346,41,,,1,97,,82347,41,,,1,100,,82351,41,,,1,100,,82348,41,,,1,100,,82350,41,,,1,100,,82341,41,,,2
5201,'Semaine-12',629,,82372,41,,,1,101,,82374,41,,,1,102,,82373,41,,,1,97,,82357,41,,,1,102,,82363,41,,,1,99,,82360,41,,,1,100,,82367,41,,,1,100,,82358,41,,,1,100,,82362,41,,,1,102,,82361,41,,,1,100,,82371,41,,,1,100,,82370,41,,,1,98,,82364,41,,,1,97,,82365,41,,,1,100,,82369,41,,,1,100,,82366,41,,,1,100,,82368,41,,,1,100,,82359,41,,,2
64500,'Semaine-1',709,,86851,11,0,9 10,1
64500,'Semaine-12',709,,86852,11,0,9 10,1
75200,'Semaine-1',711,,86888,4,0,9 18,1,2,,86887,4,0,9 18,2
75200,'Semaine-12',711,,86890,4,0,9 18,1,2,,86889,4,0,9 18,2
