1800,'Semaine-1',1311,,79946,21,,,1,239,,79945,21,,,2,102,,79948,21,,,1,69,,79947,21,,,1
1800,'Semaine-12',1311,,79950,21,,,1,239,,79949,21,,,2,102,,79952,21,,,1,69,,79951,21,,,1
6800,'Semaine-1',624,,84102,20,,,1,30,,84112,20,,,1,69,,84110,20,,,1,31,,84119,20,,,1,70,,84116,20,,,1,30,,84093,20,,,1,70,,84117,20,,,1,30,,84094,20,,,1,70,,84099,20,,,1,30,,84118,20,,,1,70,,84104,20,,,1,30,,84097,20,,,1,75,,84114,20,,,1,75,,84105,20,,,1,30,,84113,20,,,1,70,,84106,20,,,1,30,,84100,20,,,1,69,,84103,20,,,1,18,,84111,20,,,1,20,,84121,20,,,1,66,,84107,20,,,1,20,,84115,20,,,1,20,,84109,20,,,1,60,,84123,20,,,1,17,,84120,20,,,1,10,,84108,20,,,1,10,,84122,20,,,1,60,,84096,20,,,1,30,,84101,20,,,1,70,,84098,20,,,1
6800,'Semaine-12',624,,84133,20,,,1,30,,84143,20,,,1,69,,84141,20,,,1,31,,84150,20,,,1,70,,84147,20,,,1,30,,84124,20,,,1,70,,84148,20,,,1,30,,84125,20,,,1,70,,84130,20,,,1,30,,84149,20,,,1,70,,84135,20,,,1,30,,84128,20,,,1,75,,84145,20,,,1,75,,84136,20,,,1,30,,84144,20,,,1,70,,84137,20,,,1,30,,84131,20,,,1,69,,84134,20,,,1,18,,84142,20,,,1,20,,84152,20,,,1,66,,84138,20,,,1,20,,84146,20,,,1,20,,84140,20,,,1,60,,84154,20,,,1,17,,84151,20,,,1,10,,84139,20,,,1,10,,84153,20,,,1,60,,84127,20,,,1,30,,84132,20,,,1,70,,84129,20,,,1
10000,'Semaine-1',1537,,85718,17,,,1,9,,85720,17,,,1,11,,85705,17,,,1,48,,85706,17,,,1,7,,85707,17,,,1,9,,85719,17,,,1,8,,85708,17,,,1,10,,85709,17,,,1,9,,85710,17,,,1,10,,85711,17,,,1,50,,85712,17,,,1,9,,85713,17,,,1,12,,85714,17,,,1,10,,85715,17,,,1,8,,85716,17,,,1,12,,85717,17,,,1
10000,'Semaine-12',1537,,85734,17,,,1,9,,85736,17,,,1,11,,85721,17,,,1,48,,85722,17,,,1,7,,85723,17,,,1,9,,85735,17,,,1,8,,85724,17,,,1,10,,85725,17,,,1,9,,85726,17,,,1,10,,85727,17,,,1,50,,85728,17,,,1,9,,85729,17,,,1,12,,85730,17,,,1,10,,85731,17,,,1,8,,85732,17,,,1,12,,85733,17,,,1
20000,'Semaine-1',1537,,85767,13,,,1,5,,85768,13,,,1,8,,85791,13,,,1,5,,85769,13,,,1,45,,85770,13,,,1,5,,85796,13,,,1,5,,85771,13,,,1,5,,85773,13,,,1,5,,85774,13,,,1,5,,85775,13,,,1,5,,85777,13,,,1,5,,85778,13,,,1,5,,85772,13,,,1,5,,85795,13,,,1,5,,85776,13,,,1,7,,85779,13,,,1,44,,85780,13,,,1,5,,85781,13,,,1,4,,85782,13,,,1,5,,85794,13,,,1,5,,85783,13,,,1,5,,85792,13,,,1,5,,85784,13,,,1,5,,85785,13,,,1,5,,85787,13,,,1,5,,85786,13,,,1,5,,85788,13,,,1,3,,85789,13,,,1,5,,85790,13,,,1,45,,85793,13,,,1
20000,'Semaine-12',1537,,85797,13,,,1,5,,85798,13,,,1,8,,85821,13,,,1,5,,85799,13,,,1,45,,85800,13,,,1,5,,85826,13,,,1,5,,85801,13,,,1,5,,85803,13,,,1,5,,85804,13,,,1,5,,85805,13,,,1,5,,85807,13,,,1,5,,85808,13,,,1,5,,85802,13,,,1,5,,85825,13,,,1,5,,85806,13,,,1,7,,85809,13,,,1,44,,85810,13,,,1,5,,85811,13,,,1,4,,85812,13,,,1,5,,85824,13,,,1,5,,85813,13,,,1,5,,85822,13,,,1,5,,85814,13,,,1,5,,85815,13,,,1,5,,85817,13,,,1,5,,85816,13,,,1,5,,85818,13,,,1,3,,85819,13,,,1,5,,85820,13,,,1,45,,85823,13,,,1
40000,'Samedi-1',629,,86087,17,,,1,20,,86088,17,,,1,55,,86091,17,,,1,15,,86096,17,,,1,15,,86105,17,,,1,15,,86106,17,,,1,55,,86089,17,,,1,15,,86093,17,,,1,15,,86090,17,,,1,15,,86114,17,,,1,55,,86092,17,,,1,15,,86095,17,,,1,15,,86094,17,,,1,15,,86097,17,,,1,55,,86115,17,,,1,15,,86113,17,,,1,15,,86116,17,,,1,15,,86098,17,,,1,55,,86100,17,,,1,15,,86103,17,,,1,15,,86104,17,,,1,15,,86099,17,,,1,55,,86110,17,,,1,15,,86112,17,,,1,15,,86117,17,,,1,15,,86102,17,,,1,55,,86101,17,,,1,15,,86107,17,,,1,17,,86108,17,,,1,15,,86109,17,,,1,55,,86118,17,,,1,15,,86111,17,,,1,15,,86119,17,,,1,15,,86120,17,,,1,55,,86121,17,,,1,15,,86122,17,,,1,15,,86123,17,,,1,15,,86124,17,,,1,55,,86125,17,,,1,15,,86126,17,,,1,15,,86127,17,,,1,15,,86128,17,,,1,55,,86129,17,,,1,15,,86130,17,,,1,14,,86131,17,,,1,15,,86132,17,,,1,55,,86133,17,,,1,15,,86134,17,,,1,15,,86140,17,,,1,15,,86135,17,,,1,55,,86136,17,,,1,15,,86137,17,,,1,14,,86138,17,,,1,16,,86139,17,,,1,54,,86143,17,,,1,15,,86141,17,,,1,15,,86142,17,,,1,15,,86147,17,,,1,55,,86146,17,,,1,16,,86145,17,,,1,14,,86144,17,,,1,16,,86151,17,,,1,54,,86148,17,,,1,15,,86149,17,,,1,15,,86150,17,,,1,15,,86158,17,,,1,56,,86153,17,,,1,15,,86152,17,,,1,13,,86154,17,,,1,16,,86155,17,,,1,53,,86156,17,,,1,16,,86157,17,,,1,11,,86159,17,,,1
40000,'Samedi-10',629,,77857,17,,,1,20,,77858,17,,,1,55,,77861,17,,,1,15,,77866,17,,,1,15,,77875,17,,,1,15,,77876,17,,,1,55,,77859,17,,,1,15,,77863,17,,,1,15,,77860,17,,,1,15,,77884,17,,,1,55,,77862,17,,,1,15,,77865,17,,,1,15,,77864,17,,,1,15,,77867,17,,,1,55,,77885,17,,,1,15,,77883,17,,,1,15,,77886,17,,,1,15,,77868,17,,,1,55,,77870,17,,,1,15,,77873,17,,,1,15,,77874,17,,,1,15,,77869,17,,,1,55,,77880,17,,,1,15,,77882,17,,,1,15,,77887,17,,,1,15,,77872,17,,,1,55,,77871,17,,,1,15,,77877,17,,,1,17,,77878,17,,,1,15,,77879,17,,,1,55,,77888,17,,,1,15,,77881,17,,,1,15,,77889,17,,,1,15,,77890,17,,,1,55,,77891,17,,,1,15,,77892,17,,,1,15,,77893,17,,,1,15,,77894,17,,,1,55,,77895,17,,,1,15,,77896,17,,,1,15,,77897,17,,,1,15,,77898,17,,,1,55,,77899,17,,,1,15,,77900,17,,,1,14,,77901,17,,,1,15,,77902,17,,,1,55,,77903,17,,,1,15,,77904,17,,,1,15,,77910,17,,,1,15,,77905,17,,,1,55,,77906,17,,,1,15,,77907,17,,,1,14,,77908,17,,,1,16,,77909,17,,,1,54,,77913,17,,,1,15,,77911,17,,,1,15,,77912,17,,,1,15,,77917,17,,,1,55,,77916,17,,,1,16,,77915,17,,,1,14,,77914,17,,,1,16,,77921,17,,,1,54,,77918,17,,,1,15,,77919,17,,,1,15,,77920,17,,,1,15,,77928,17,,,1,56,,77923,17,,,1,15,,77922,17,,,1,13,,77924,17,,,1,16,,77925,17,,,1,53,,77926,17,,,1,16,,77927,17,,,1,11,,77929,17,,,1
40000,'Dimanche-1',629,,86160,17,,,1,20,,86161,17,,,1,55,,86169,17,,,1,15,,86181,17,,,1,15,,86183,17,,,1,15,,86164,17,,,1,55,,86171,17,,,1,15,,86170,17,,,1,15,,86162,17,,,1,15,,86163,17,,,1,55,,86172,17,,,1,15,,86180,17,,,1,15,,86182,17,,,1,15,,86165,17,,,1,55,,86175,17,,,1,15,,86174,17,,,1,15,,86189,17,,,1,15,,86190,17,,,1,55,,86186,17,,,1,15,,86201,17,,,1,15,,86194,17,,,1,15,,86185,17,,,1,55,,86200,17,,,1,15,,86173,17,,,1,15,,86188,17,,,1,15,,86191,17,,,1,55,,86179,17,,,1,15,,86202,17,,,1,17,,86195,17,,,1,15,,86176,17,,,1,55,,86184,17,,,1,15,,86177,17,,,1,15,,86187,17,,,1,15,,86196,17,,,1,55,,86178,17,,,1,15,,86166,17,,,1,15,,86192,17,,,1,15,,86167,17,,,1,55,,86199,17,,,1,15,,86168,17,,,1,15,,86208,17,,,1,15,,86197,17,,,1,55,,86212,17,,,1,15,,86206,17,,,1,14,,86193,17,,,1,15,,86210,17,,,1,55,,86198,17,,,1,15,,86214,17,,,1,15,,86207,17,,,1,15,,86215,17,,,1,55,,86211,17,,,1,15,,86216,17,,,1,14,,86203,17,,,1,16,,86209,17,,,1,54,,86204,17,,,1,15,,86213,17,,,1,15,,86205,17,,,1,15,,86217,17,,,1,55,,86218,17,,,1,16,,86220,17,,,1,14,,86219,17,,,1,16,,86222,17,,,1,54,,86221,17,,,1,15,,86223,17,,,1,15,,86224,17,,,1,15,,86229,17,,,1,56,,86225,17,,,1,15,,86227,17,,,1,13,,86226,17,,,1,16,,86228,17,,,1,53,,86231,17,,,1,16,,86230,17,,,1,11,,86232,17,,,1
40000,'Semaine-1',603,,86233,17,,,1,15,,86239,17,,,1,15,,86262,17,,,1,14,,86277,17,,,1,56,,86267,17,,,1,17,,86325,17,,,1,9,,86297,17,,,1,10,,86249,17,,,1,10,,86296,17,,,1,58,,86291,17,,,1,13,,86292,17,,,1,10,,86247,17,,,1,12,,86269,17,,,1,12,,86271,17,,,1,52,,86318,17,,,1,11,,86288,17,,,1,11,,86242,17,,,1,13,,86251,17,,,1,9,,86237,17,,,1,9,,86240,17,,,1,50,,86293,17,,,1,10,,86259,17,,,1,10,,86272,17,,,1,10,,86265,17,,,1,10,,86266,17,,,1,10,,86298,17,,,1,50,,86278,17,,,1,10,,86289,17,,,1,11,,86243,17,,,1,9,,86252,17,,,1,10,,86241,17,,,1,51,,86319,17,,,1,9,,86294,17,,,1,10,,86260,17,,,1,10,,86273,17,,,1,11,,86264,17,,,1,10,,86256,17,,,1,9,,86285,17,,,1,51,,86268,17,,,1,4,,86279,17,,,1,5,,86290,17,,,1,11,,86244,17,,,1,10,,86254,17,,,1,10,,86246,17,,,1,50,,86236,17,,,1,10,,86295,17,,,1,10,,86276,17,,,1,10,,86274,17,,,1,7,,86286,17,,,1,6,,86263,17,,,1,8,,86255,17,,,1,6,,86303,17,,,1,46,,86304,17,,,1,4,,86305,17,,,1,6,,86306,17,,,1,2,,86307,17,,,1,11,,86317,17,,,1,5,,86323,17,,,1,2,,86308,17,,,1,275,,86309,17,,,1,5,,86310,17,,,1,5,,86311,17,,,1,5,,86312,17,,,1,5,,86324,17,,,1,5,,86313,17,,,1,6,,86314,17,,,1,8,,86315,17,,,1,12,,86316,17,,,1,52,,86280,17,,,1,12,,86281,17,,,1,10,,86275,17,,,1,12,,86301,17,,,1,12,,86284,17,,,1,52,,86270,17,,,1,12,,86248,17,,,1,12,,86320,17,,,1,12,,86253,17,,,1,13,,86321,17,,,1,51,,86261,17,,,1,12,,86282,17,,,1,12,,86322,17,,,1,14,,86258,17,,,1,53,,86302,17,,,1,15,,86300,17,,,1,15,,86245,17,,,1,15,,86234,17,,,1,55,,86250,17,,,1,13,,86283,17,,,1,15,,86257,17,,,1,15,,86287,17,,,1,15,,86299,17,,,1,55,,86238,17,,,1,15,,86235,17,,,1
40000,'Semaine-12',603,,86326,17,,,1,15,,86332,17,,,1,15,,86355,17,,,1,14,,86370,17,,,1,56,,86360,17,,,1,17,,86418,17,,,1,9,,86390,17,,,1,10,,86342,17,,,1,10,,86389,17,,,1,58,,86384,17,,,1,13,,86385,17,,,1,10,,86340,17,,,1,12,,86362,17,,,1,12,,86364,17,,,1,52,,86411,17,,,1,11,,86381,17,,,1,11,,86335,17,,,1,13,,86344,17,,,1,9,,86330,17,,,1,9,,86333,17,,,1,50,,86386,17,,,1,10,,86352,17,,,1,10,,86365,17,,,1,10,,86358,17,,,1,10,,86359,17,,,1,10,,86391,17,,,1,50,,86371,17,,,1,10,,86382,17,,,1,11,,86336,17,,,1,9,,86345,17,,,1,10,,86334,17,,,1,51,,86412,17,,,1,9,,86387,17,,,1,10,,86353,17,,,1,10,,86366,17,,,1,11,,86357,17,,,1,10,,86349,17,,,1,9,,86378,17,,,1,51,,86361,17,,,1,4,,86372,17,,,1,5,,86383,17,,,1,11,,86337,17,,,1,10,,86347,17,,,1,10,,86339,17,,,1,50,,86329,17,,,1,10,,86388,17,,,1,10,,86369,17,,,1,10,,86367,17,,,1,7,,86379,17,,,1,6,,86356,17,,,1,8,,86348,17,,,1,6,,86396,17,,,1,46,,86397,17,,,1,4,,86398,17,,,1,6,,86399,17,,,1,2,,86400,17,,,1,11,,86410,17,,,1,5,,86416,17,,,1,2,,86401,17,,,1,275,,86402,17,,,1,5,,86403,17,,,1,5,,86404,17,,,1,5,,86405,17,,,1,5,,86417,17,,,1,5,,86406,17,,,1,6,,86407,17,,,1,8,,86408,17,,,1,12,,86409,17,,,1,52,,86373,17,,,1,12,,86374,17,,,1,10,,86368,17,,,1,12,,86394,17,,,1,12,,86377,17,,,1,52,,86363,17,,,1,12,,86341,17,,,1,12,,86413,17,,,1,12,,86346,17,,,1,13,,86414,17,,,1,51,,86354,17,,,1,12,,86375,17,,,1,12,,86415,17,,,1,14,,86351,17,,,1,53,,86395,17,,,1,15,,86393,17,,,1,15,,86338,17,,,1,15,,86327,17,,,1,55,,86343,17,,,1,13,,86376,17,,,1,15,,86350,17,,,1,15,,86380,17,,,1,15,,86392,17,,,1,55,,86331,17,,,1,15,,86328,17,,,1
80000,'Samedi-1',751,,86901,50,,,1,105,,86902,50,,,1,98,,86903,50,,,1,102,,86905,50,,,1,100,,86906,50,,,1,100,,86904,50,,,1,100,,86907,50,,,1,102,,86908,50,,,1,100,,86909,50,,,1,100,,86910,50,,,1,97,,86911,50,,,2,99,,86912,50,,,1,100,,86915,50,,,1,99,,86913,50,,,1,100,,86914,50,,,1,98,,86916,50,,,1,100,,86917,50,,,1
80000,'Samedi-10',751,,79460,50,,,1,105,,79461,50,,,1,98,,79462,50,,,1,102,,79464,50,,,1,100,,79465,50,,,1,100,,79463,50,,,1,100,,79466,50,,,1,102,,79467,50,,,1,100,,79468,50,,,1,100,,79469,50,,,1,97,,79470,50,,,2,99,,79471,50,,,1,100,,79474,50,,,1,99,,79472,50,,,1,100,,79473,50,,,1,98,,79475,50,,,1,100,,79476,50,,,1
80000,'Dimanche-1',751,,86920,50,,,1,105,,86919,50,,,1,98,,86925,50,,,1,102,,86918,50,,,1,100,,86922,50,,,1,100,,86921,50,,,1,100,,86923,50,,,1,102,,86924,50,,,1,100,,86928,50,,,1,100,,86926,50,,,1,97,,86927,50,,,2,99,,86931,50,,,1,100,,86930,50,,,1,99,,86929,50,,,1,100,,86932,50,,,1,98,,86933,50,,,1,100,,86934,50,,,1
80000,'Semaine-1',631,,86967,49,,,1,73,,86953,49,,,1,31,,86943,49,,,1,15,,86942,49,,,1,56,,86963,49,,,1,30,,86954,49,,,1,17,,86940,49,,,1,69,,86959,49,,,1,29,,86944,50,,,1,70,,86961,50,,,1,30,,86956,50,,,1,70,,86970,50,,,1,30,,86937,50,,,1,70,,86958,50,,,1,30,,86948,50,,,1,70,,86964,50,,,1,31,,86957,50,,,1,70,,86968,50,,,1,32,,86947,50,,,1,68,,86962,50,,,1,34,,86960,50,,,1,72,,86949,50,,,1,74,,86965,50,,,1,25,,86938,50,,,1,30,,86955,50,,,1,70,,86952,50,,,1,28,,86966,50,,,1,68,,86951,50,,,1,29,,86945,50,,,1,69,,86939,50,,,1,31,,86969,50,,,1,69,,86950,50,,,1,25,,86946,50,,,1,70,,86936,50,,,1,30,,86941,50,,,1,69,,86935,50,,,1
80000,'Semaine-12',631,,87003,49,,,1,73,,86989,49,,,1,31,,86979,49,,,1,15,,86978,49,,,1,56,,86999,49,,,1,30,,86990,49,,,1,17,,86976,49,,,1,69,,86995,49,,,1,29,,86980,50,,,1,70,,86997,50,,,1,30,,86992,50,,,1,70,,87006,50,,,1,30,,86973,50,,,1,70,,86994,50,,,1,30,,86984,50,,,1,70,,87000,50,,,1,31,,86993,50,,,1,70,,87004,50,,,1,32,,86983,50,,,1,68,,86998,50,,,1,34,,86996,50,,,1,72,,86985,50,,,1,74,,87001,50,,,1,25,,86974,50,,,1,30,,86991,50,,,1,70,,86988,50,,,1,28,,87002,50,,,1,68,,86987,50,,,1,29,,86981,50,,,1,69,,86975,50,,,1,31,,87005,50,,,1,69,,86986,50,,,1,25,,86982,50,,,1,70,,86972,50,,,1,30,,86977,50,,,1,69,,86971,50,,,1
