3701,'Samedi-1',659,,81286,23,,,1,100,,81291,23,,,1,100,,81285,23,,,1,100,,81290,23,,,1,100,,81287,23,,,1,100,,81288,23,,,1,100,,81292,23,,,1,100,,81289,23,,,1,100,,81293,23,,,1,100,,81294,23,,,1,100,,81295,23,,,1,100,,81296,23,,,1,100,,81297,23,,,1,100,,81298,23,,,1,100,,81299,23,,,1,99,,81300,23,,,1,101,,81301,23,,,1
3701,'Samedi-10',659,,68373,23,,,1,100,,68378,23,,,1,100,,68372,23,,,1,100,,68377,23,,,1,100,,68374,23,,,1,100,,68375,23,,,1,100,,68379,23,,,1,100,,68376,23,,,1,100,,68380,23,,,1,100,,68381,23,,,1,100,,68382,23,,,1,100,,68383,23,,,1,100,,68384,23,,,1,100,,68385,23,,,1,100,,68386,23,,,1,99,,68387,23,,,1,101,,68388,23,,,1
3701,'Dimanche-1',659,,81303,23,,,1,100,,81304,23,,,1,100,,81306,23,,,1,100,,81307,23,,,1,100,,81315,23,,,1,100,,81302,23,,,1,100,,81308,23,,,1,100,,81305,23,,,1,100,,81310,23,,,1,100,,81311,23,,,1,100,,81313,23,,,1,100,,81312,23,,,1,100,,81309,23,,,1,100,,81314,23,,,1,100,,81316,23,,,1,99,,81317,23,,,1,101,,81318,23,,,1
3701,'Semaine-1',524,,81332,23,,,1,30,,81330,23,,,1,75,,81334,23,,,1,30,,81324,23,,,1,73,,81341,23,,,1,16,,81321,23,,,1,54,,81342,23,,,1,29,,81323,23,,,1,97,,81340,23,,,1,100,,81328,23,,,1,100,,81322,23,,,1,100,,81320,23,,,1,100,,81325,23,,,1,100,,81336,23,,,1,100,,81319,23,,,1,30,,81335,23,,,1,71,,81338,23,,,1,29,,81333,23,,,1,70,,81339,23,,,1,30,,81343,23,,,1,85,,81327,23,,,1,100,,81337,23,,,1,100,,81329,23,,,1,102,,81326,23,,,1,94,,81331,23,,,1
3701,'Semaine-12',524,,81357,23,,,1,30,,81355,23,,,1,75,,81359,23,,,1,30,,81349,23,,,1,73,,81366,23,,,1,16,,81346,23,,,1,54,,81367,23,,,1,29,,81348,23,,,1,97,,81365,23,,,1,100,,81353,23,,,1,100,,81347,23,,,1,100,,81345,23,,,1,100,,81350,23,,,1,100,,81361,23,,,1,100,,81344,23,,,1,30,,81360,23,,,1,71,,81363,23,,,1,29,,81358,23,,,1,70,,81364,23,,,1,30,,81368,23,,,1,85,,81352,23,,,1,100,,81362,23,,,1,100,,81354,23,,,1,102,,81351,23,,,1,94,,81356,23,,,1
3801,'Samedi-1',714,,81523,12,,,1,30,,81519,12,,,1,70,,81531,12,,,1,30,,81524,12,,,1,70,,81520,12,,,1,30,,81532,12,,,1,68,,81525,12,,,1,32,,81529,12,,,1,70,,81521,12,,,1,30,,81526,12,,,1,70,,81530,12,,,1,30,,81522,12,,,1,70,,81527,12,,,1,30,,81528,12,,,1,70,,81533,12,,,1,30,,81534,12,,,1,70,,81535,12,,,1,30,,81536,12,,,1,70,,81537,12,,,1,30,,81538,12,,,1,70,,81539,12,,,1,30,,81540,12,,,1,68,,81541,12,,,1,32,,81543,12,,,1,70,,81542,12,,,1,30,,81545,12,,,1,70,,81544,12,,,1,30,,81546,12,,,1,70,,81547,12,,,1,30,,81551,12,,,1,70,,81548,12,,,1,30,,81549,12,,,1,70,,81550,12,,,1
3801,'Samedi-10',714,,68893,12,,,1,30,,68889,12,,,1,70,,68901,12,,,1,30,,68894,12,,,1,70,,68890,12,,,1,30,,68902,12,,,1,68,,68895,12,,,1,32,,68899,12,,,1,70,,68891,12,,,1,30,,68896,12,,,1,70,,68900,12,,,1,30,,68892,12,,,1,70,,68897,12,,,1,30,,68898,12,,,1,70,,68903,12,,,1,30,,68904,12,,,1,70,,68905,12,,,1,30,,68906,12,,,1,70,,68907,12,,,1,30,,68908,12,,,1,70,,68909,12,,,1,30,,68910,12,,,1,68,,68911,12,,,1,32,,68913,12,,,1,70,,68912,12,,,1,30,,68915,12,,,1,70,,68914,12,,,1,30,,68916,12,,,1,70,,68917,12,,,1,30,,68921,12,,,1,70,,68918,12,,,1,30,,68919,12,,,1,70,,68920,12,,,1
3801,'Dimanche-1',714,,81560,12,,,1,30,,81562,12,,,1,70,,81555,12,,,1,30,,81554,12,,,1,70,,81576,12,,,1,30,,81565,12,,,1,68,,81556,12,,,1,32,,81578,12,,,1,70,,81575,12,,,1,30,,81557,12,,,1,70,,81577,12,,,1,30,,81564,12,,,1,70,,81558,12,,,1,30,,81561,12,,,1,70,,81563,12,,,1,30,,81553,12,,,1,70,,81559,12,,,1,30,,81552,12,,,1,70,,81569,12,,,1,30,,81570,12,,,1,70,,81572,12,,,1,30,,81568,12,,,1,68,,81574,12,,,1,32,,81571,12,,,1,70,,81566,12,,,1,30,,81573,12,,,1,70,,81567,12,,,1,30,,81579,12,,,1,70,,81580,12,,,1,30,,81581,12,,,1,70,,81582,12,,,1,30,,81583,12,,,1,70,,81584,12,,,1
3801,'Semaine-1',619,,81613,12,,,1,30,,81585,12,,,1,70,,81612,12,,,1,19,,81623,12,,,1,18,,81619,12,,,1,63,,81601,12,,,1,30,,81621,12,,,1,70,,81608,12,,,1,20,,81591,12,,,1,20,,81617,12,,,1,60,,81602,12,,,1,20,,81594,12,,,1,20,,81609,12,,,1,60,,81592,12,,,1,20,,81616,12,,,1,20,,81622,12,,,1,60,,81595,12,,,1,20,,81624,12,,,1,20,,81610,12,,,1,60,,81615,12,,,1,20,,81603,12,,,1,20,,81596,12,,,1,60,,81611,12,,,1,20,,81625,12,,,1,19,,81598,12,,,1,60,,81604,12,,,1,30,,81618,12,,,1,70,,81593,12,,,1,31,,81600,12,,,1,69,,81590,12,,,1,30,,81626,12,,,1,60,,81587,12,,,1,21,,81620,12,,,1,30,,81589,12,,,1,69,,81599,12,,,1,31,,81607,12,,,1,70,,81614,12,,,1,30,,81597,12,,,1,68,,81605,12,,,1,32,,81606,12,,,1,70,,81586,12,,,1,85,,81588,12,,,1
3801,'Semaine-12',619,,81655,12,,,1,30,,81627,12,,,1,70,,81654,12,,,1,19,,81665,12,,,1,18,,81661,12,,,1,63,,81643,12,,,1,30,,81663,12,,,1,70,,81650,12,,,1,20,,81633,12,,,1,20,,81659,12,,,1,60,,81644,12,,,1,20,,81636,12,,,1,20,,81651,12,,,1,60,,81634,12,,,1,20,,81658,12,,,1,20,,81664,12,,,1,60,,81637,12,,,1,20,,81666,12,,,1,20,,81652,12,,,1,60,,81657,12,,,1,20,,81645,12,,,1,20,,81638,12,,,1,60,,81653,12,,,1,20,,81667,12,,,1,19,,81640,12,,,1,60,,81646,12,,,1,30,,81660,12,,,1,70,,81635,12,,,1,31,,81642,12,,,1,69,,81632,12,,,1,30,,81668,12,,,1,60,,81629,12,,,1,21,,81662,12,,,1,30,,81631,12,,,1,69,,81641,12,,,1,31,,81649,12,,,1,70,,81656,12,,,1,30,,81639,12,,,1,68,,81647,12,,,1,32,,81648,12,,,1,70,,81628,12,,,1,85,,81630,12,,,1
32901,'Semaine-1',1627,,85909,16,0,7 8,1
32901,'Semaine-12',1627,,85910,16,0,7 8,1
37101,'Samedi-1',729,,86004,23,,,1,100,,86003,23,,,1,100,,86007,23,,,1,100,,86006,23,,,1,100,,86008,23,,,1,100,,86005,23,,,1,100,,86009,23,,,1,99,,86010,23,,,1,100,,86011,23,,,1,100,,86012,23,,,1,100,,86013,23,,,1,105,,86014,23,,,1,95,,86015,23,,,1,101,,86016,23,,,1,100,,86017,23,,,1,100,,86018,23,,,1,100,,86019,23,,,1
37101,'Samedi-10',729,,77625,23,,,1,100,,77624,23,,,1,100,,77628,23,,,1,100,,77627,23,,,1,100,,77629,23,,,1,100,,77626,23,,,1,100,,77630,23,,,1,99,,77631,23,,,1,100,,77632,23,,,1,100,,77633,23,,,1,100,,77634,23,,,1,105,,77635,23,,,1,95,,77636,23,,,1,101,,77637,23,,,1,100,,77638,23,,,1,100,,77639,23,,,1,100,,77640,23,,,1
37101,'Dimanche-1',729,,86033,23,,,1,100,,86022,23,,,1,100,,86023,23,,,1,100,,86020,23,,,1,100,,86025,23,,,1,100,,86021,23,,,1,100,,86024,23,,,1,99,,86027,23,,,1,100,,86026,23,,,1,100,,86028,23,,,1,100,,86032,23,,,1,105,,86031,23,,,1,95,,86029,23,,,1,101,,86030,23,,,1,100,,86034,23,,,1,100,,86035,23,,,1,100,,86036,23,,,1
37101,'Semaine-1',538,,86053,23,,,1,71,,86056,23,,,1,30,,86049,23,,,1,69,,86051,23,,,1,31,,86061,23,,,1,70,,86060,23,,,1,30,,86055,23,,,1,72,,86039,23,,,1,97,,86046,23,,,1,100,,86044,23,,,1,100,,86045,23,,,1,100,,86059,23,,,1,100,,86042,23,,,1,100,,86043,23,,,1,30,,86040,23,,,1,70,,86047,23,,,1,30,,86057,23,,,1,70,,86058,23,,,1,30,,86037,23,,,1,80,,86041,23,,,1,96,,86052,23,,,1,100,,86054,23,,,1,100,,86038,23,,,1,100,,86048,23,,,1,145,,86050,23,,,1
37101,'Semaine-12',538,,86078,23,,,1,71,,86081,23,,,1,30,,86074,23,,,1,69,,86076,23,,,1,31,,86086,23,,,1,70,,86085,23,,,1,30,,86080,23,,,1,72,,86064,23,,,1,97,,86071,23,,,1,100,,86069,23,,,1,100,,86070,23,,,1,100,,86084,23,,,1,100,,86067,23,,,1,100,,86068,23,,,1,30,,86065,23,,,1,70,,86072,23,,,1,30,,86082,23,,,1,70,,86083,23,,,1,30,,86062,23,,,1,80,,86066,23,,,1,96,,86077,23,,,1,100,,86079,23,,,1,100,,86063,23,,,1,100,,86073,23,,,1,145,,86075,23,,,1
43701,'Semaine-1',1513,,86788,23,0,9 14,1
43701,'Semaine-12',1513,,86790,23,0,9 14,1
