1801,'Semaine-1',624,,79953,9,,,1,86,,79955,9,,,2,45,,79954,9,,,1
1801,'Semaine-12',624,,79956,9,,,1,86,,79958,9,,,2,45,,79957,9,,,1
2001,'Semaine-1',1542,,79965,14,,,1,100,,79967,14,,,1,100,,79966,14,,,1
2001,'Semaine-12',1542,,79968,14,,,1,100,,79970,14,,,1,100,,79969,14,,,1
9301,'Semaine-1',641,,85514,47,,,2,60,,85512,47,,,1,22,,85511,47,,,1,34,,85515,47,,,1,70,,85513,47,,,2
9301,'Semaine-12',641,,85519,47,,,2,60,,85517,47,,,1,22,,85516,47,,,1,34,,85520,47,,,1,70,,85518,47,,,2
9501,'Semaine-1',633,,85547,60,,,1,15,,85543,60,,,1,53,,85545,60,,,1,20,,85550,60,,,1,17,,85546,60,,,2,16,,85548,60,,,2,54,,85549,60,,,2,16,,85544,60,,,2
9501,'Semaine-12',633,,85555,60,,,1,15,,85551,60,,,1,53,,85553,60,,,1,20,,85558,60,,,1,17,,85554,60,,,2,16,,85556,60,,,2,54,,85557,60,,,2,16,,85552,60,,,2
10001,'Semaine-1',625,,85741,9,,,1,10,,85739,9,,,1,10,,85738,9,,,1,10,,85737,9,,,1,49,,85740,9,,,1,11,,85742,9,,,1,10,,85743,9,,,1,10,,85744,9,,,1,9,,85745,9,,,1,11,,85746,9,,,1,54,,85747,9,,,1,10,,85748,9,,,1,10,,85749,9,,,1,8,,85750,9,,,1,10,,85751,9,,,1
10001,'Semaine-12',625,,85756,9,,,1,10,,85754,9,,,1,10,,85753,9,,,1,10,,85752,9,,,1,49,,85755,9,,,1,11,,85757,9,,,1,10,,85758,9,,,1,10,,85759,9,,,1,9,,85760,9,,,1,11,,85761,9,,,1,54,,85762,9,,,1,10,,85763,9,,,1,10,,85764,9,,,1,8,,85765,9,,,1,10,,85766,9,,,1
20001,'Semaine-1',626,,85828,7,,,1,6,,85829,9,,,1,6,,85830,7,,,1,6,,85831,9,,,1,3,,85832,7,,,1,5,,85854,9,,,1,49,,85833,7,,,1,2,,85834,9,,,1,7,,85851,7,,,1,5,,85835,9,,,1,7,,85850,7,,,1,5,,85837,9,,,1,5,,85846,7,,,1,3,,85836,7,,,1,3,,85827,9,,,1,3,,85853,7,,,1,3,,85842,7,,,1,3,,85838,9,,,1,3,,85840,7,,,1,3,,85852,7,,,1,5,,85839,9,,,1,47,,85843,7,,,1,3,,85841,9,,,1,2,,85845,7,,,1,7,,85844,9,,,1,8,,85855,7,,,1,6,,85847,9,,,1,5,,85848,7,,,1,5,,85849,9,,,1,6,,85856,7,,,1
20001,'Semaine-12',626,,85858,7,,,1,6,,85859,9,,,1,6,,85860,7,,,1,6,,85861,9,,,1,3,,85862,7,,,1,5,,85884,9,,,1,49,,85863,7,,,1,2,,85864,9,,,1,7,,85881,7,,,1,5,,85865,9,,,1,7,,85880,7,,,1,5,,85867,9,,,1,5,,85876,7,,,1,3,,85866,7,,,1,3,,85857,9,,,1,3,,85883,7,,,1,3,,85872,7,,,1,3,,85868,9,,,1,3,,85870,7,,,1,3,,85882,7,,,1,5,,85869,9,,,1,47,,85873,7,,,1,3,,85871,9,,,1,2,,85875,7,,,1,7,,85874,9,,,1,8,,85885,7,,,1,6,,85877,9,,,1,5,,85878,7,,,1,5,,85879,9,,,1,6,,85886,7,,,1
40001,'Samedi-1',636,,86419,9,,,1,15,,86422,9,,,1,55,,86424,9,,,1,15,,86420,9,,,1,15,,86421,9,,,1,15,,86423,9,,,1,55,,86429,9,,,1,15,,86436,9,,,1,15,,86427,9,,,1,15,,86447,9,,,1,55,,86425,9,,,1,15,,86426,9,,,1,15,,86435,9,,,1,15,,86428,9,,,1,55,,86430,9,,,1,15,,86438,9,,,1,15,,86439,9,,,1,15,,86440,9,,,1,55,,86446,9,,,1,15,,86445,9,,,1,15,,86449,9,,,1,15,,86432,9,,,1,55,,86431,9,,,1,15,,86434,9,,,1,15,,86437,9,,,1,15,,86433,9,,,1,55,,86442,9,,,1,15,,86444,9,,,1,15,,86450,9,,,1,15,,86441,9,,,1,55,,86443,9,,,1,15,,86448,9,,,1,15,,86451,9,,,1,15,,86452,9,,,1,55,,86453,9,,,1,15,,86454,9,,,1,15,,86455,9,,,1,15,,86456,9,,,1,55,,86457,9,,,1,15,,86458,9,,,1,16,,86459,9,,,1,14,,86460,9,,,1,55,,86461,9,,,1,15,,86462,9,,,1,15,,86463,9,,,1,15,,86464,9,,,1,55,,86465,9,,,1,15,,86468,9,,,1,14,,86466,9,,,1,16,,86467,9,,,1,56,,86470,9,,,1,15,,86469,9,,,1,15,,86474,9,,,1,15,,86472,9,,,1,54,,86473,9,,,1,15,,86471,9,,,1,15,,86475,9,,,1,15,,86477,9,,,1,55,,86478,9,,,1,15,,86479,9,,,1,15,,86476,9,,,1,15,,86482,9,,,1,55,,86481,9,,,1,15,,86480,9,,,1,15,,86483,9,,,1,15,,86484,9,,,1,55,,86485,9,,,1,15,,86486,9,,,1,15,,86488,9,,,1,15,,86487,9,,,1,55,,86490,9,,,1,15,,86489,9,,,1,15,,86491,9,,,1
40001,'Samedi-10',636,,78574,9,,,1,15,,78577,9,,,1,55,,78579,9,,,1,15,,78575,9,,,1,15,,78576,9,,,1,15,,78578,9,,,1,55,,78584,9,,,1,15,,78591,9,,,1,15,,78582,9,,,1,15,,78602,9,,,1,55,,78580,9,,,1,15,,78581,9,,,1,15,,78590,9,,,1,15,,78583,9,,,1,55,,78585,9,,,1,15,,78593,9,,,1,15,,78594,9,,,1,15,,78595,9,,,1,55,,78601,9,,,1,15,,78600,9,,,1,15,,78604,9,,,1,15,,78587,9,,,1,55,,78586,9,,,1,15,,78589,9,,,1,15,,78592,9,,,1,15,,78588,9,,,1,55,,78597,9,,,1,15,,78599,9,,,1,15,,78605,9,,,1,15,,78596,9,,,1,55,,78598,9,,,1,15,,78603,9,,,1,15,,78606,9,,,1,15,,78607,9,,,1,55,,78608,9,,,1,15,,78609,9,,,1,15,,78610,9,,,1,15,,78611,9,,,1,55,,78612,9,,,1,15,,78613,9,,,1,16,,78614,9,,,1,14,,78615,9,,,1,55,,78616,9,,,1,15,,78617,9,,,1,15,,78618,9,,,1,15,,78619,9,,,1,55,,78620,9,,,1,15,,78623,9,,,1,14,,78621,9,,,1,16,,78622,9,,,1,56,,78625,9,,,1,15,,78624,9,,,1,15,,78629,9,,,1,15,,78627,9,,,1,54,,78628,9,,,1,15,,78626,9,,,1,15,,78630,9,,,1,15,,78632,9,,,1,55,,78633,9,,,1,15,,78634,9,,,1,15,,78631,9,,,1,15,,78637,9,,,1,55,,78636,9,,,1,15,,78635,9,,,1,15,,78638,9,,,1,15,,78639,9,,,1,55,,78640,9,,,1,15,,78641,9,,,1,15,,78643,9,,,1,15,,78642,9,,,1,55,,78645,9,,,1,15,,78644,9,,,1,15,,78646,9,,,1
40001,'Dimanche-1',636,,86492,9,,,1,15,,86499,9,,,1,55,,86500,9,,,1,15,,86494,9,,,1,15,,86493,9,,,1,15,,86498,9,,,1,55,,86509,9,,,1,15,,86512,9,,,1,15,,86495,9,,,1,15,,86504,9,,,1,55,,86501,9,,,1,15,,86518,9,,,1,15,,86521,9,,,1,15,,86502,9,,,1,55,,86510,9,,,1,15,,86525,9,,,1,15,,86514,9,,,1,15,,86530,9,,,1,55,,86503,9,,,1,15,,86519,9,,,1,15,,86520,9,,,1,15,,86515,9,,,1,55,,86531,9,,,1,15,,86524,9,,,1,15,,86505,9,,,1,15,,86513,9,,,1,55,,86507,9,,,1,15,,86517,9,,,1,15,,86526,9,,,1,15,,86511,9,,,1,55,,86506,9,,,1,15,,86523,9,,,1,15,,86496,9,,,1,15,,86528,9,,,1,55,,86497,9,,,1,15,,86516,9,,,1,15,,86527,9,,,1,15,,86508,9,,,1,55,,86536,9,,,1,15,,86522,9,,,1,16,,86539,9,,,1,14,,86529,9,,,1,55,,86543,9,,,1,15,,86537,9,,,1,15,,86545,9,,,1,15,,86541,9,,,1,55,,86547,9,,,1,15,,86532,9,,,1,14,,86538,9,,,1,16,,86533,9,,,1,56,,86542,9,,,1,15,,86535,9,,,1,15,,86544,9,,,1,15,,86540,9,,,1,54,,86546,9,,,1,15,,86534,9,,,1,15,,86548,9,,,1,15,,86550,9,,,1,55,,86549,9,,,1,15,,86552,9,,,1,15,,86551,9,,,1,15,,86553,9,,,1,55,,86554,9,,,1,15,,86555,9,,,1,15,,86556,9,,,1,15,,86557,9,,,1,55,,86558,9,,,1,15,,86559,9,,,1,15,,86560,9,,,1,15,,86561,9,,,1,55,,86562,9,,,1,15,,86563,9,,,1,15,,86564,9,,,1
40001,'Semaine-1',507,,86635,9,,,1,10,,86636,9,,,1,10,,86637,9,,,1,10,,86638,9,,,1,10,,86639,9,,,1,11,,86640,9,,,1,45,,86641,9,,,1,5,,86642,9,,,1,4,,86643,9,,,1,6,,86649,9,,,1,230,,86644,9,,,1,9,,86645,7,,,1,46,,86646,9,,,1,11,,86647,9,,,1,11,,86648,9,,,1,10,,86594,9,,,1,9,,86579,9,,,1,11,,86604,9,,,1,51,,86605,9,,,1,9,,86651,9,,,1,10,,86569,9,,,1,10,,86652,9,,,1,10,,86567,9,,,1,10,,86601,9,,,1,50,,86621,9,,,1,10,,86588,9,,,1,10,,86596,9,,,1,10,,86593,9,,,1,10,,86571,9,,,1,10,,86632,9,,,1,50,,86606,9,,,1,10,,86618,9,,,1,10,,86570,9,,,1,10,,86580,9,,,1,10,,86573,9,,,1,10,,86589,9,,,1,50,,86622,9,,,1,10,,86603,9,,,1,10,,86597,9,,,1,10,,86592,9,,,1,10,,86585,9,,,1,10,,86628,9,,,1,50,,86607,9,,,1,10,,86619,9,,,1,10,,86634,9,,,1,11,,86582,9,,,1,10,,86565,9,,,1,10,,86624,9,,,1,50,,86623,9,,,1,10,,86608,9,,,1,9,,86598,9,,,1,6,,86590,5,,,1,6,,86575,9,,,1,12,,86626,9,,,1,53,,86633,9,,,1,7,,86650,5,,,1,5,,86620,9,,,1,14,,86655,9,,,1,10,,86600,9,,,1,12,,86629,9,,,1,52,,86653,9,,,1,12,,86613,9,,,1,13,,86591,9,,,1,11,,86576,9,,,1,12,,86581,9,,,1,52,,86654,9,,,1,12,,86583,9,,,1,12,,86609,9,,,1,11,,86599,9,,,1,12,,86630,9,,,1,51,,86616,9,,,1,12,,86595,9,,,1,10,,86577,9,,,1,13,,86617,9,,,1,12,,86657,9,,,1,11,,86656,9,,,1,52,,86584,9,,,1,12,,86610,9,,,1,12,,86587,9,,,1,12,,86631,9,,,1,12,,86614,9,,,1,55,,86572,9,,,1,13,,86658,9,,,1,17,,86578,9,,,1,15,,86574,9,,,1,55,,86625,9,,,1,12,,86611,9,,,1,15,,86586,9,,,1,15,,86615,9,,,1,55,,86627,9,,,1,15,,86568,9,,,1,15,,86566,9,,,1,15,,86602,9,,,1,70,,86612,9,,,1
40001,'Semaine-12',507,,86729,9,,,1,10,,86730,9,,,1,10,,86731,9,,,1,10,,86732,9,,,1,10,,86733,9,,,1,11,,86734,9,,,1,45,,86735,9,,,1,5,,86736,9,,,1,4,,86737,9,,,1,6,,86743,9,,,1,230,,86738,9,,,1,9,,86739,7,,,1,46,,86740,9,,,1,11,,86741,9,,,1,11,,86742,9,,,1,10,,86688,9,,,1,9,,86673,9,,,1,11,,86698,9,,,1,51,,86699,9,,,1,9,,86745,9,,,1,10,,86663,9,,,1,10,,86746,9,,,1,10,,86661,9,,,1,10,,86695,9,,,1,50,,86715,9,,,1,10,,86682,9,,,1,10,,86690,9,,,1,10,,86687,9,,,1,10,,86665,9,,,1,10,,86726,9,,,1,50,,86700,9,,,1,10,,86712,9,,,1,10,,86664,9,,,1,10,,86674,9,,,1,10,,86667,9,,,1,10,,86683,9,,,1,50,,86716,9,,,1,10,,86697,9,,,1,10,,86691,9,,,1,10,,86686,9,,,1,10,,86679,9,,,1,10,,86722,9,,,1,50,,86701,9,,,1,10,,86713,9,,,1,10,,86728,9,,,1,11,,86676,9,,,1,10,,86659,9,,,1,10,,86718,9,,,1,50,,86717,9,,,1,10,,86702,9,,,1,9,,86692,9,,,1,6,,86684,5,,,1,6,,86669,9,,,1,12,,86720,9,,,1,53,,86727,9,,,1,7,,86744,5,,,1,5,,86714,9,,,1,14,,86749,9,,,1,10,,86694,9,,,1,12,,86723,9,,,1,52,,86747,9,,,1,12,,86707,9,,,1,13,,86685,9,,,1,11,,86670,9,,,1,12,,86675,9,,,1,52,,86748,9,,,1,12,,86677,9,,,1,12,,86703,9,,,1,11,,86693,9,,,1,12,,86724,9,,,1,51,,86710,9,,,1,12,,86689,9,,,1,10,,86671,9,,,1,13,,86711,9,,,1,12,,86751,9,,,1,11,,86750,9,,,1,52,,86678,9,,,1,12,,86704,9,,,1,12,,86681,9,,,1,12,,86725,9,,,1,12,,86708,9,,,1,55,,86666,9,,,1,13,,86752,9,,,1,17,,86672,9,,,1,15,,86668,9,,,1,55,,86719,9,,,1,12,,86705,9,,,1,15,,86680,9,,,1,15,,86709,9,,,1,55,,86721,9,,,1,15,,86662,9,,,1,15,,86660,9,,,1,15,,86696,9,,,1,70,,86706,9,,,1
56901,'Semaine-1',720,,86823,27,0,5 6,1
56901,'Semaine-12',720,,86824,27,0,5 6,1
57601,'Semaine-1',729,,86831,26,0,5 6,1
57601,'Semaine-12',729,,86832,26,0,5 6,1
80001,'Samedi-1',618,,87007,9,,,1,101,,87009,9,,,1,101,,87010,9,,,1,100,,87013,9,,,1,100,,87008,9,,,1,100,,87011,9,,,1,101,,87014,9,,,1,100,,87012,9,,,1,100,,87015,9,,,1,100,,87016,9,,,1,100,,87017,9,,,2,101,,87018,9,,,1,98,,87021,9,,,1,99,,87019,9,,,1,100,,87020,9,,,1,100,,87022,9,,,1,100,,87023,9,,,1
80001,'Samedi-10',618,,79670,9,,,1,101,,79672,9,,,1,101,,79673,9,,,1,100,,79676,9,,,1,100,,79671,9,,,1,100,,79674,9,,,1,101,,79677,9,,,1,100,,79675,9,,,1,100,,79678,9,,,1,100,,79679,9,,,1,100,,79680,9,,,2,101,,79681,9,,,1,98,,79684,9,,,1,99,,79682,9,,,1,100,,79683,9,,,1,100,,79685,9,,,1,100,,79686,9,,,1
80001,'Dimanche-1',618,,87024,9,,,1,101,,87026,9,,,1,101,,87028,9,,,1,100,,87025,9,,,1,100,,87027,9,,,1,100,,87029,9,,,1,101,,87030,9,,,1,100,,87031,9,,,1,100,,87034,9,,,1,100,,87032,9,,,1,100,,87033,9,,,2,101,,87036,9,,,1,98,,87037,9,,,1,99,,87035,9,,,1,100,,87038,9,,,1,100,,87039,9,,,1,100,,87040,9,,,1
80001,'Semaine-1',608,,87062,9,,,1,27,,87055,9,,,1,72,,87063,9,,,1,28,,87047,9,,,1,75,,87045,9,,,1,30,,87052,9,,,1,67,,87058,9,,,1,31,,87070,9,,,1,70,,87061,9,,,2,30,,87053,9,,,1,70,,87067,9,,,1,29,,87041,9,,,1,70,,87075,9,,,1,29,,87073,9,,,1,74,,87043,9,,,1,30,,87066,9,,,1,70,,87057,9,,,1,30,,87064,9,,,1,72,,87074,9,,,1,27,,87059,9,,,1,17,,87069,9,,,1,63,,87071,9,,,1,24,,87068,9,,,1,67,,87060,9,,,1,30,,87050,9,,,1,71,,87048,9,,,1,28,,87042,9,,,1,67,,87072,9,,,1,33,,87054,9,,,1,67,,87051,9,,,1,30,,87056,9,,,1,69,,87044,9,,,1,30,,87065,9,,,1,74,,87046,9,,,1,32,,87049,9,,,1
80001,'Semaine-12',608,,87097,9,,,1,27,,87090,9,,,1,72,,87098,9,,,1,28,,87082,9,,,1,75,,87080,9,,,1,30,,87087,9,,,1,67,,87093,9,,,1,31,,87105,9,,,1,70,,87096,9,,,2,30,,87088,9,,,1,70,,87102,9,,,1,29,,87076,9,,,1,70,,87110,9,,,1,29,,87108,9,,,1,74,,87078,9,,,1,30,,87101,9,,,1,70,,87092,9,,,1,30,,87099,9,,,1,72,,87109,9,,,1,27,,87094,9,,,1,17,,87104,9,,,1,63,,87106,9,,,1,24,,87103,9,,,1,67,,87095,9,,,1,30,,87085,9,,,1,71,,87083,9,,,1,28,,87077,9,,,1,67,,87107,9,,,1,33,,87089,9,,,1,67,,87086,9,,,1,30,,87091,9,,,1,69,,87079,9,,,1,30,,87100,9,,,1,74,,87081,9,,,1,32,,87084,9,,,1
80401,'Semaine-12',1723,,87111,8,,,1
