2301,'Semaine-1',625,,79986,21,,,1,30,,79983,21,,,2,70,,79987,21,,,1,75,,79985,21,,,2,27,,79984,21,,,1
2301,'Semaine-12',625,,79991,21,,,1,30,,79988,21,,,2,70,,79992,21,,,1,75,,79990,21,,,2,27,,79989,21,,,1
2501,'Semaine-1',610,,80009,28,,,2,29,,80008,28,,,1,72,,80006,28,,,1,30,,80007,28,,,2,71,,80010,28,,,1,29,,80005,28,,,2
2501,'Semaine-12',610,,80015,28,,,2,29,,80014,28,,,1,72,,80012,28,,,1,30,,80013,28,,,2,71,,80016,28,,,1,29,,80011,28,,,2
2601,'Semaine-1',602,,80028,22,,,1,31,,80030,22,,,2,70,,80031,22,,,2,30,,80029,22,,,1,69,,80027,22,,,2
2601,'Semaine-12',602,,80033,22,,,1,31,,80035,22,,,2,70,,80036,22,,,2,30,,80034,22,,,1,69,,80032,22,,,2
2801,'Semaine-1',651,,80062,24,,,1,74,,80063,24,,,2,99,,80061,24,,,2
2801,'Semaine-12',651,,80065,24,,,1,74,,80066,24,,,2,99,,80064,24,,,2
3201,'Semaine-1',519,,80478,20,,,1,20,,80477,20,,,1,20,,80469,20,,,1,61,,80479,20,,,2,10,,80459,20,,,1,8,,80480,20,,,1,11,,80460,20,,,1,10,,80461,20,,,1,48,,80453,20,,,1,11,,80456,20,,,1,8,,80482,20,,,1,8,,80462,20,,,1,8,,80457,20,,,1,9,,80470,20,,,1,8,,80452,20,,,1,48,,80463,20,,,1,8,,80481,20,,,2,8,,80451,20,,,1,10,,80450,20,,,1,10,,80455,20,,,1,8,,80458,20,,,1,50,,80464,20,,,1,22,,80438,20,,,2,30,,80448,20,,,1,71,,80441,20,,,1,29,,80444,20,,,1,70,,80437,20,,,1,30,,80447,20,,,1,70,,80442,20,,,1,30,,80449,20,,,1,70,,80431,20,,,1,30,,80436,20,,,1,70,,80443,20,,,1,30,,80454,20,,,1,71,,80471,20,,,1,31,,80472,20,,,2,69,,80473,20,,,1,30,,80474,20,,,1,69,,80475,20,,,2,30,,80476,20,,,1,70,,80434,20,,,1,30,,80432,20,,,2,70,,80445,20,,,2,30,,80440,20,,,1,69,,80435,20,,,1,31,,80433,20,,,2,70,,80446,20,,,1,28,,80439,20,,,1,68,,80466,20,,,1,32,,80465,20,,,1,69,,80467,20,,,1,30,,80468,20,,,1
3201,'Semaine-12',519,,80530,20,,,1,20,,80529,20,,,1,20,,80521,20,,,1,61,,80531,20,,,2,10,,80511,20,,,1,8,,80532,20,,,1,11,,80512,20,,,1,10,,80513,20,,,1,48,,80505,20,,,1,11,,80508,20,,,1,8,,80534,20,,,1,8,,80514,20,,,1,8,,80509,20,,,1,9,,80522,20,,,1,8,,80504,20,,,1,48,,80515,20,,,1,8,,80533,20,,,2,8,,80503,20,,,1,10,,80502,20,,,1,10,,80507,20,,,1,8,,80510,20,,,1,50,,80516,20,,,1,22,,80490,20,,,2,30,,80500,20,,,1,71,,80493,20,,,1,29,,80496,20,,,1,70,,80489,20,,,1,30,,80499,20,,,1,70,,80494,20,,,1,30,,80501,20,,,1,70,,80483,20,,,1,30,,80488,20,,,1,70,,80495,20,,,1,30,,80506,20,,,1,71,,80523,20,,,1,31,,80524,20,,,2,69,,80525,20,,,1,30,,80526,20,,,1,69,,80527,20,,,2,30,,80528,20,,,1,70,,80486,20,,,1,30,,80484,20,,,2,70,,80497,20,,,2,30,,80492,20,,,1,69,,80487,20,,,1,31,,80485,20,,,2,70,,80498,20,,,1,28,,80491,20,,,1,68,,80518,20,,,1,32,,80517,20,,,1,69,,80519,20,,,1,30,,80520,20,,,1
3401,'Samedi-1',705,,80905,33,,,1,100,,80908,33,,,1,30,,80917,33,,,1,70,,80906,33,,,1,31,,80911,33,,,1,70,,80913,33,,,1,29,,80907,33,,,1,70,,80916,33,,,1,32,,80909,33,,,1,69,,80918,33,,,1,31,,80910,33,,,1,70,,80912,33,,,1,30,,80914,33,,,1,70,,80915,33,,,1,30,,80919,33,,,1,72,,80920,33,,,1,30,,80921,33,,,1,70,,80922,33,,,1,30,,80923,33,,,1,67,,80924,33,,,1,30,,80925,33,,,1,70,,80926,33,,,1,30,,80927,33,,,1,70,,80929,33,,,1,29,,80928,33,,,1,70,,80930,33,,,1,30,,80931,33,,,1,70,,80932,33,,,1,30,,80934,33,,,1,70,,80933,33,,,1,30,,80935,33,,,1,96,,80936,33,,,1
3401,'Samedi-10',705,,67667,33,,,1,100,,67670,33,,,1,30,,67679,33,,,1,70,,67668,33,,,1,31,,67673,33,,,1,70,,67675,33,,,1,29,,67669,33,,,1,70,,67678,33,,,1,32,,67671,33,,,1,69,,67680,33,,,1,31,,67672,33,,,1,70,,67674,33,,,1,30,,67676,33,,,1,70,,67677,33,,,1,30,,67681,33,,,1,72,,67682,33,,,1,30,,67683,33,,,1,70,,67684,33,,,1,30,,67685,33,,,1,67,,67686,33,,,1,30,,67687,33,,,1,70,,67688,33,,,1,30,,67689,33,,,1,70,,67691,33,,,1,29,,67690,33,,,1,70,,67692,33,,,1,30,,67693,33,,,1,70,,67694,33,,,1,30,,67696,33,,,1,70,,67695,33,,,1,30,,67697,33,,,1,96,,67698,33,,,1
3401,'Dimanche-1',705,,80937,33,,,1,100,,80945,33,,,1,30,,80950,33,,,1,70,,80942,33,,,1,31,,80940,33,,,1,70,,80963,33,,,1,29,,80944,33,,,1,70,,80949,33,,,1,32,,80939,33,,,1,69,,80938,33,,,1,31,,80941,33,,,1,70,,80948,33,,,1,30,,80951,33,,,1,70,,80943,33,,,1,30,,80947,33,,,1,72,,80946,33,,,1,30,,80952,33,,,1,70,,80956,33,,,1,30,,80953,33,,,1,67,,80954,33,,,1,30,,80955,33,,,1,70,,80962,33,,,1,30,,80957,33,,,1,70,,80960,33,,,1,29,,80958,33,,,1,70,,80959,33,,,1,30,,80961,33,,,1,70,,80964,33,,,1,30,,80966,33,,,1,70,,80965,33,,,1,30,,80967,33,,,1,96,,80968,33,,,1
3401,'Semaine-1',911,,80994,33,,,1,30,,80974,33,,,2,70,,80978,33,,,1,30,,80998,33,,,1,70,,80971,33,,,1,30,,80975,33,,,1,70,,80979,33,,,1,30,,80969,33,,,1,70,,80972,33,,,1,30,,80976,33,,,1,69,,80980,33,,,2,31,,80973,33,,,1,70,,80995,33,,,1,31,,80970,33,,,1,75,,80996,33,,,1,27,,80997,33,,,1,70,,80991,33,,,1,27,,80987,33,,,1,70,,80977,33,,,1,29,,80984,33,,,1,70,,80993,33,,,1,30,,80981,33,,,1,70,,80983,33,,,1,30,,80985,33,,,1,70,,80989,33,,,2,30,,80982,33,,,1,70,,80988,33,,,1,30,,80986,33,,,1,70,,80990,33,,,1,30,,80992,33,,,1
3401,'Semaine-12',911,,81024,33,,,1,30,,81004,33,,,2,70,,81008,33,,,1,30,,81028,33,,,1,70,,81001,33,,,1,30,,81005,33,,,1,70,,81009,33,,,1,30,,80999,33,,,1,70,,81002,33,,,1,30,,81006,33,,,1,69,,81010,33,,,2,31,,81003,33,,,1,70,,81025,33,,,1,31,,81000,33,,,1,75,,81026,33,,,1,27,,81027,33,,,1,70,,81021,33,,,1,27,,81017,33,,,1,70,,81007,33,,,1,29,,81014,33,,,1,70,,81023,33,,,1,30,,81011,33,,,1,70,,81013,33,,,1,30,,81015,33,,,1,70,,81019,33,,,2,30,,81012,33,,,1,70,,81018,33,,,1,30,,81016,33,,,1,70,,81020,33,,,1,30,,81022,33,,,1
3900,'Samedi-1',657,,81669,31,,,1,101,,81670,31,,,1,100,,81674,31,,,1,142,,81673,31,,,1,100,,81676,31,,,1,100,,81675,31,,,1,102,,81671,31,,,1,30,,81672,31,,,1,70,,81677,31,,,1,31,,81678,31,,,1,70,,81679,31,,,1,30,,81680,31,,,1,71,,81681,31,,,1,30,,81682,31,,,1,70,,81683,31,,,1,30,,81684,31,,,1,69,,81685,31,,,1,29,,81686,31,,,1,69,,81687,31,,,1,28,,81688,31,,,1,100,,81689,31,,,1,100,,81690,31,,,1,100,,81691,31,,,1,100,,81692,31,,,1
3900,'Samedi-10',657,,69204,31,,,1,101,,69205,31,,,1,100,,69209,31,,,1,142,,69208,31,,,1,100,,69211,31,,,1,100,,69210,31,,,1,102,,69206,31,,,1,30,,69207,31,,,1,70,,69212,31,,,1,31,,69213,31,,,1,70,,69214,31,,,1,30,,69215,31,,,1,71,,69216,31,,,1,30,,69217,31,,,1,70,,69218,31,,,1,30,,69219,31,,,1,69,,69220,31,,,1,29,,69221,31,,,1,69,,69222,31,,,1,28,,69223,31,,,1,100,,69224,31,,,1,100,,69225,31,,,1,100,,69226,31,,,1,100,,69227,31,,,1
3900,'Dimanche-1',657,,81693,31,,,1,101,,81700,31,,,1,100,,81703,31,,,1,142,,81696,31,,,1,100,,81698,31,,,1,100,,81699,31,,,1,102,,81702,31,,,1,30,,81695,31,,,1,70,,81697,31,,,1,31,,81704,31,,,1,70,,81694,31,,,1,30,,81705,31,,,1,71,,81701,31,,,1,30,,81708,31,,,1,70,,81711,31,,,1,30,,81713,31,,,1,69,,81707,31,,,1,29,,81710,31,,,1,69,,81712,31,,,1,28,,81706,31,,,1,100,,81709,31,,,1,100,,81714,31,,,1,100,,81715,31,,,1,100,,81716,31,,,1
3900,'Semaine-1',634,,81734,31,,,1,23,,81720,31,,,1,72,,81739,31,,,1,29,,81732,31,,,1,73,,81733,31,,,1,72,,81731,31,,,1,32,,81728,31,,,1,70,,81745,31,,,2,30,,81740,31,,,1,71,,81752,31,,,1,30,,81737,31,,,2,70,,81741,31,,,1,30,,81729,31,,,1,71,,81727,31,,,1,30,,81742,31,,,1,69,,81730,31,,,2,30,,81717,31,,,1,73,,81743,31,,,1,34,,81724,31,,,1,70,,81726,31,,,1,31,,81744,31,,,2,72,,81723,31,,,1,28,,81718,31,,,1,69,,81746,31,,,1,27,,81725,31,,,1,71,,81719,31,,,2,29,,81747,31,,,2,72,,81722,31,,,1,25,,81738,31,,,2,65,,81748,31,,,1,30,,81721,31,,,1,70,,81736,31,,,1,29,,81749,31,,,1,70,,81735,31,,,1,32,,81751,31,,,1,68,,81750,31,,,1
3900,'Semaine-12',634,,81770,31,,,1,23,,81756,31,,,1,72,,81775,31,,,1,29,,81768,31,,,1,73,,81769,31,,,1,72,,81767,31,,,1,32,,81764,31,,,1,70,,81781,31,,,2,30,,81776,31,,,1,71,,81788,31,,,1,30,,81773,31,,,2,70,,81777,31,,,1,30,,81765,31,,,1,71,,81763,31,,,1,30,,81778,31,,,1,69,,81766,31,,,2,30,,81753,31,,,1,73,,81779,31,,,1,34,,81760,31,,,1,70,,81762,31,,,1,31,,81780,31,,,2,72,,81759,31,,,1,28,,81754,31,,,1,69,,81782,31,,,1,27,,81761,31,,,1,71,,81755,31,,,2,29,,81783,31,,,2,72,,81758,31,,,1,25,,81774,31,,,2,65,,81784,31,,,1,30,,81757,31,,,1,70,,81772,31,,,1,29,,81785,31,,,1,70,,81771,31,,,1,32,,81787,31,,,1,68,,81786,31,,,1
4900,'Samedi-1',742,,82003,47,,,1,100,,82004,47,,,1,102,,82001,47,,,1,100,,82005,47,,,1,100,,82002,47,,,1,101,,82006,47,,,1,98,,82007,47,,,1,102,,82008,47,,,1,100,,82009,47,,,1,100,,82010,47,,,1,100,,82011,47,,,1,97,,82012,47,,,1,100,,82013,47,,,1,100,,82014,47,,,1,100,,82015,47,,,1,100,,82016,47,,,1,98,,82017,47,,,1
4900,'Samedi-10',742,,69841,47,,,1,100,,69842,47,,,1,102,,69839,47,,,1,100,,69843,47,,,1,100,,69840,47,,,1,101,,69844,47,,,1,98,,69845,47,,,1,102,,69846,47,,,1,100,,69847,47,,,1,100,,69848,47,,,1,100,,69849,47,,,1,97,,69850,47,,,1,100,,69851,47,,,1,100,,69852,47,,,1,100,,69853,47,,,1,100,,69854,47,,,1,98,,69855,47,,,1
4900,'Dimanche-1',742,,82018,47,,,1,100,,82031,47,,,1,102,,82019,47,,,1,100,,82030,47,,,1,100,,82022,47,,,1,101,,82021,47,,,1,98,,82025,47,,,1,102,,82020,47,,,1,100,,82024,47,,,1,100,,82023,47,,,1,100,,82027,47,,,1,97,,82029,47,,,1,100,,82026,47,,,1,100,,82028,47,,,1,100,,82032,47,,,1,100,,82033,47,,,1,98,,82034,47,,,1
4900,'Semaine-1',658,,82062,47,,,1,55,,82057,34,,,1,3,,82069,34,,,1,4,,82045,34,,,1,6,,82068,34,,,1,4,,82073,47,,,1,3,,82072,34,,,1,4,,82071,34,,,1,5,,82070,34,,,1,61,,82065,47,,,1,27,,82061,34,,,1,73,,82060,47,,,1,31,,82055,47,,,1,68,,82047,47,,,1,31,,82067,47,,,1,73,,82063,47,,,1,30,,82058,47,,,1,70,,82035,47,,,1,30,,82056,47,,,1,70,,82037,47,,,1,30,,82042,47,,,1,70,,82044,47,,,1,30,,82048,47,,,1,70,,82064,47,,,1,37,,82046,47,,,1,70,,82049,47,,,1,30,,82040,47,,,1,70,,82052,47,,,1,30,,82043,47,,,1,67,,82041,47,,,1,30,,82059,47,,,1,66,,82053,47,,,1,96,,82036,47,,,1,99,,82054,47,,,1,101,,82051,47,,,1,57,,82038,47,,,1,98,,82050,47,,,1,100,,82039,47,,,1
4900,'Semaine-12',658,,82101,47,,,1,55,,82096,34,,,1,3,,82108,34,,,1,4,,82084,34,,,1,6,,82107,34,,,1,4,,82112,47,,,1,3,,82111,34,,,1,4,,82110,34,,,1,5,,82109,34,,,1,61,,82104,47,,,1,27,,82100,34,,,1,73,,82099,47,,,1,31,,82094,47,,,1,68,,82086,47,,,1,31,,82106,47,,,1,73,,82102,47,,,1,30,,82097,47,,,1,70,,82074,47,,,1,30,,82095,47,,,1,70,,82076,47,,,1,30,,82081,47,,,1,70,,82083,47,,,1,30,,82087,47,,,1,70,,82103,47,,,1,37,,82085,47,,,1,70,,82088,47,,,1,30,,82079,47,,,1,70,,82091,47,,,1,30,,82082,47,,,1,67,,82080,47,,,1,30,,82098,47,,,1,66,,82092,47,,,1,96,,82075,47,,,1,99,,82093,47,,,1,101,,82090,47,,,1,57,,82077,47,,,1,98,,82089,47,,,1,100,,82078,47,,,1
32501,'Semaine-1',827,,85899,28,0,7 8,1,3,,85900,28,0,7 8,1
32501,'Semaine-12',827,,85901,28,0,7 8,1,3,,85902,28,0,7 8,1
42500,'Semaine-1',713,,86753,28,0,9 14,1,2,,86754,28,0,9 14,2
42500,'Semaine-12',713,,86755,28,0,9 14,1,2,,86756,28,0,9 14,2
44900,'Semaine-1',726,,86791,29,0,9 14,1
44900,'Semaine-12',726,,86792,29,0,9 14,1
63900,'Semaine-1',1533,,86833,44,4,,1
63900,'Semaine-12',1533,,86834,44,4,,1
72501,'Semaine-1',823,,86869,28,0,5 11,2
72501,'Semaine-12',823,,86870,28,0,5 11,2
82501,'Semaine-1',755,,87116,28,0,9 12 13,1,1,,87117,28,0,9 12 13,1
82501,'Semaine-12',755,,87118,28,0,9 12 13,1,1,,87119,28,0,9 12 13,1
