3601,'Semaine-1',849,,81179,18,,,1,90,,81177,18,,,1,100,,81180,18,,,1,100,,81178,18,,,1,99,,81183,18,,,1,100,,81182,18,,,1,101,,81181,18,,,1
3601,'Semaine-12',849,,81186,18,,,1,90,,81184,18,,,1,100,,81187,18,,,1,100,,81185,18,,,1,99,,81190,18,,,1,100,,81189,18,,,1,101,,81188,18,,,1
3701,'Samedi-1',654,,81286,18,,,1,100,,81291,18,,,1,100,,81285,18,,,1,100,,81290,18,,,1,100,,81287,18,,,1,100,,81288,18,,,1,100,,81292,18,,,1,99,,81289,18,,,1,100,,81293,18,,,1,100,,81294,18,,,1,100,,81295,18,,,1,102,,81296,18,,,1,100,,81297,18,,,1,100,,81298,18,,,1,100,,81299,18,,,1,99,,81300,18,,,1,101,,81301,18,,,1
3701,'Samedi-10',654,,68373,18,,,1,100,,68378,18,,,1,100,,68372,18,,,1,100,,68377,18,,,1,100,,68374,18,,,1,100,,68375,18,,,1,100,,68379,18,,,1,99,,68376,18,,,1,100,,68380,18,,,1,100,,68381,18,,,1,100,,68382,18,,,1,102,,68383,18,,,1,100,,68384,18,,,1,100,,68385,18,,,1,100,,68386,18,,,1,99,,68387,18,,,1,101,,68388,18,,,1
3701,'Dimanche-1',654,,81303,18,,,1,100,,81304,18,,,1,100,,81306,18,,,1,100,,81307,18,,,1,100,,81315,18,,,1,100,,81302,18,,,1,100,,81308,18,,,1,99,,81305,18,,,1,100,,81310,18,,,1,100,,81311,18,,,1,100,,81313,18,,,1,102,,81312,18,,,1,100,,81309,18,,,1,100,,81314,18,,,1,100,,81316,18,,,1,99,,81317,18,,,1,101,,81318,18,,,1
3701,'Semaine-1',521,,81332,18,,,1,29,,81330,18,,,1,75,,81334,18,,,1,30,,81324,18,,,1,72,,81341,18,,,1,16,,81321,18,,,1,14,,81342,18,,,1,70,,81323,18,,,1,97,,81340,18,,,1,100,,81328,18,,,1,100,,81322,18,,,1,100,,81320,18,,,1,100,,81325,18,,,1,100,,81336,18,,,1,99,,81319,18,,,1,30,,81335,18,,,1,71,,81338,18,,,1,29,,81333,18,,,1,71,,81339,18,,,1,30,,81343,18,,,1,85,,81327,18,,,1,100,,81337,18,,,1,100,,81329,18,,,1,102,,81326,18,,,1,95,,81331,18,,,1
3701,'Semaine-12',521,,81357,18,,,1,29,,81355,18,,,1,75,,81359,18,,,1,30,,81349,18,,,1,72,,81366,18,,,1,16,,81346,18,,,1,14,,81367,18,,,1,70,,81348,18,,,1,97,,81365,18,,,1,100,,81353,18,,,1,100,,81347,18,,,1,100,,81345,18,,,1,100,,81350,18,,,1,100,,81361,18,,,1,99,,81344,18,,,1,30,,81360,18,,,1,71,,81363,18,,,1,29,,81358,18,,,1,71,,81364,18,,,1,30,,81368,18,,,1,85,,81352,18,,,1,100,,81362,18,,,1,100,,81354,18,,,1,102,,81351,18,,,1,95,,81356,18,,,1
3801,'Samedi-1',710,,81523,7,,,1,30,,81519,7,,,1,70,,81531,7,,,1,30,,81524,7,,,1,70,,81520,7,,,1,30,,81532,7,,,1,67,,81525,7,,,1,32,,81529,7,,,1,70,,81521,7,,,1,30,,81526,7,,,1,70,,81530,7,,,1,30,,81522,7,,,1,69,,81527,7,,,1,30,,81528,7,,,1,70,,81533,7,,,1,30,,81534,7,,,1,71,,81535,7,,,1,30,,81536,7,,,1,70,,81537,7,,,1,30,,81538,7,,,1,70,,81539,7,,,1,31,,81540,7,,,1,68,,81541,7,,,1,33,,81543,7,,,1,70,,81542,7,,,1,30,,81545,7,,,1,70,,81544,7,,,1,30,,81546,7,,,1,70,,81547,7,,,1,30,,81551,7,,,1,70,,81548,7,,,1,30,,81549,7,,,1,70,,81550,7,,,1
3801,'Samedi-10',710,,68893,7,,,1,30,,68889,7,,,1,70,,68901,7,,,1,30,,68894,7,,,1,70,,68890,7,,,1,30,,68902,7,,,1,67,,68895,7,,,1,32,,68899,7,,,1,70,,68891,7,,,1,30,,68896,7,,,1,70,,68900,7,,,1,30,,68892,7,,,1,69,,68897,7,,,1,30,,68898,7,,,1,70,,68903,7,,,1,30,,68904,7,,,1,71,,68905,7,,,1,30,,68906,7,,,1,70,,68907,7,,,1,30,,68908,7,,,1,70,,68909,7,,,1,31,,68910,7,,,1,68,,68911,7,,,1,33,,68913,7,,,1,70,,68912,7,,,1,30,,68915,7,,,1,70,,68914,7,,,1,30,,68916,7,,,1,70,,68917,7,,,1,30,,68921,7,,,1,70,,68918,7,,,1,30,,68919,7,,,1,70,,68920,7,,,1
3801,'Dimanche-1',710,,81560,7,,,1,30,,81562,7,,,1,70,,81555,7,,,1,30,,81554,7,,,1,70,,81576,7,,,1,30,,81565,7,,,1,67,,81556,7,,,1,32,,81578,7,,,1,70,,81575,7,,,1,30,,81557,7,,,1,70,,81577,7,,,1,30,,81564,7,,,1,69,,81558,7,,,1,30,,81561,7,,,1,70,,81563,7,,,1,30,,81553,7,,,1,71,,81559,7,,,1,30,,81552,7,,,1,70,,81569,7,,,1,30,,81570,7,,,1,70,,81572,7,,,1,31,,81568,7,,,1,68,,81574,7,,,1,33,,81571,7,,,1,70,,81566,7,,,1,30,,81573,7,,,1,70,,81567,7,,,1,30,,81579,7,,,1,70,,81580,7,,,1,30,,81581,7,,,1,70,,81582,7,,,1,30,,81583,7,,,1,70,,81584,7,,,1
3801,'Semaine-1',616,,81613,7,,,1,28,,81585,7,,,1,70,,81612,7,,,1,19,,81623,7,,,1,18,,81619,7,,,1,63,,81601,7,,,1,30,,81621,7,,,1,70,,81608,7,,,1,21,,81591,7,,,1,20,,81617,7,,,1,60,,81602,7,,,1,20,,81594,7,,,1,20,,81609,7,,,1,60,,81592,7,,,1,20,,81616,7,,,1,20,,81622,7,,,1,60,,81595,7,,,1,20,,81624,7,,,1,20,,81610,7,,,1,60,,81615,7,,,1,20,,81603,7,,,1,20,,81596,7,,,1,60,,81611,7,,,1,20,,81625,7,,,1,19,,81598,7,,,1,60,,81604,7,,,1,30,,81618,7,,,1,70,,81593,7,,,1,31,,81600,7,,,1,69,,81590,7,,,1,30,,81626,7,,,1,60,,81587,7,,,1,21,,81620,7,,,1,31,,81589,7,,,1,69,,81599,7,,,1,31,,81607,7,,,1,70,,81614,7,,,1,30,,81597,7,,,1,68,,81605,7,,,1,32,,81606,7,,,1,70,,81586,7,,,1,85,,81588,7,,,1
3801,'Semaine-12',616,,81655,7,,,1,28,,81627,7,,,1,70,,81654,7,,,1,19,,81665,7,,,1,18,,81661,7,,,1,63,,81643,7,,,1,30,,81663,7,,,1,70,,81650,7,,,1,21,,81633,7,,,1,20,,81659,7,,,1,60,,81644,7,,,1,20,,81636,7,,,1,20,,81651,7,,,1,60,,81634,7,,,1,20,,81658,7,,,1,20,,81664,7,,,1,60,,81637,7,,,1,20,,81666,7,,,1,20,,81652,7,,,1,60,,81657,7,,,1,20,,81645,7,,,1,20,,81638,7,,,1,60,,81653,7,,,1,20,,81667,7,,,1,19,,81640,7,,,1,60,,81646,7,,,1,30,,81660,7,,,1,70,,81635,7,,,1,31,,81642,7,,,1,69,,81632,7,,,1,30,,81668,7,,,1,60,,81629,7,,,1,21,,81662,7,,,1,31,,81631,7,,,1,69,,81641,7,,,1,31,,81649,7,,,1,70,,81656,7,,,1,30,,81639,7,,,1,68,,81647,7,,,1,32,,81648,7,,,1,70,,81628,7,,,1,85,,81630,7,,,1
32500,'Semaine-1',1623,,85896,11,0,7 8,1
32500,'Semaine-12',1623,,85898,11,0,7 8,1
32600,'Semaine-1',1623,,85903,11,0,7 8,1
32600,'Semaine-12',1623,,85904,11,0,7 8,1
32901,'Semaine-1',1623,,85909,11,0,7 8,1
32901,'Semaine-12',1623,,85910,11,0,7 8,1
43701,'Semaine-1',1509,,86788,18,0,9 14,1
43701,'Semaine-12',1509,,86790,18,0,9 14,1
