3601,'Semaine-1',843,,81179,11,,,1,90,,81177,11,,,1,100,,81180,11,,,1,100,,81178,11,,,1,99,,81183,11,,,1,100,,81182,11,,,1,101,,81181,11,,,1
3601,'Semaine-12',843,,81186,11,,,1,90,,81184,11,,,1,100,,81187,11,,,1,100,,81185,11,,,1,99,,81190,11,,,1,100,,81189,11,,,1,101,,81188,11,,,1
3701,'Samedi-1',649,,81286,11,,,1,100,,81291,11,,,1,100,,81285,11,,,1,100,,81290,11,,,1,100,,81287,11,,,1,100,,81288,11,,,1,100,,81292,11,,,1,99,,81289,11,,,1,100,,81293,11,,,1,100,,81294,11,,,1,100,,81295,11,,,1,102,,81296,11,,,1,100,,81297,11,,,1,100,,81298,11,,,1,100,,81299,11,,,1,100,,81300,11,,,1,101,,81301,11,,,1
3701,'Samedi-10',649,,68373,11,,,1,100,,68378,11,,,1,100,,68372,11,,,1,100,,68377,11,,,1,100,,68374,11,,,1,100,,68375,11,,,1,100,,68379,11,,,1,99,,68376,11,,,1,100,,68380,11,,,1,100,,68381,11,,,1,100,,68382,11,,,1,102,,68383,11,,,1,100,,68384,11,,,1,100,,68385,11,,,1,100,,68386,11,,,1,100,,68387,11,,,1,101,,68388,11,,,1
3701,'Dimanche-1',649,,81303,11,,,1,100,,81304,11,,,1,100,,81306,11,,,1,100,,81307,11,,,1,100,,81315,11,,,1,100,,81302,11,,,1,100,,81308,11,,,1,99,,81305,11,,,1,100,,81310,11,,,1,100,,81311,11,,,1,100,,81313,11,,,1,102,,81312,11,,,1,100,,81309,11,,,1,100,,81314,11,,,1,100,,81316,11,,,1,100,,81317,11,,,1,101,,81318,11,,,1
3701,'Semaine-1',516,,81332,11,,,1,29,,81330,11,,,1,75,,81334,11,,,1,30,,81324,11,,,1,71,,81341,11,,,1,16,,81321,11,,,1,14,,81342,11,,,1,70,,81323,11,,,1,98,,81340,11,,,1,100,,81328,11,,,1,100,,81322,11,,,1,100,,81320,11,,,1,100,,81325,11,,,1,100,,81336,11,,,1,98,,81319,11,,,1,30,,81335,11,,,1,71,,81338,11,,,1,29,,81333,11,,,1,72,,81339,11,,,1,30,,81343,11,,,1,85,,81327,11,,,1,100,,81337,11,,,1,100,,81329,11,,,1,102,,81326,11,,,1,96,,81331,11,,,1
3701,'Semaine-12',516,,81357,11,,,1,29,,81355,11,,,1,75,,81359,11,,,1,30,,81349,11,,,1,71,,81366,11,,,1,16,,81346,11,,,1,14,,81367,11,,,1,70,,81348,11,,,1,98,,81365,11,,,1,100,,81353,11,,,1,100,,81347,11,,,1,100,,81345,11,,,1,100,,81350,11,,,1,100,,81361,11,,,1,98,,81344,11,,,1,30,,81360,11,,,1,71,,81363,11,,,1,29,,81358,11,,,1,72,,81364,11,,,1,30,,81368,11,,,1,85,,81352,11,,,1,100,,81362,11,,,1,100,,81354,11,,,1,102,,81351,11,,,1,96,,81356,11,,,1
37101,'Samedi-1',718,,86004,11,,,1,100,,86003,11,,,1,99,,86007,11,,,1,100,,86006,11,,,1,101,,86008,11,,,1,99,,86005,11,,,1,99,,86009,11,,,1,99,,86010,11,,,1,102,,86011,11,,,1,99,,86012,11,,,1,100,,86013,11,,,1,105,,86014,11,,,1,95,,86015,11,,,1,101,,86016,11,,,1,100,,86017,11,,,1,102,,86018,11,,,1,100,,86019,11,,,1
37101,'Samedi-10',718,,77625,11,,,1,100,,77624,11,,,1,99,,77628,11,,,1,100,,77627,11,,,1,101,,77629,11,,,1,99,,77626,11,,,1,99,,77630,11,,,1,99,,77631,11,,,1,102,,77632,11,,,1,99,,77633,11,,,1,100,,77634,11,,,1,105,,77635,11,,,1,95,,77636,11,,,1,101,,77637,11,,,1,100,,77638,11,,,1,102,,77639,11,,,1,100,,77640,11,,,1
37101,'Dimanche-1',718,,86033,11,,,1,100,,86022,11,,,1,99,,86023,11,,,1,100,,86020,11,,,1,101,,86025,11,,,1,99,,86021,11,,,1,99,,86024,11,,,1,99,,86027,11,,,1,102,,86026,11,,,1,99,,86028,11,,,1,100,,86032,11,,,1,105,,86031,11,,,1,95,,86029,11,,,1,101,,86030,11,,,1,100,,86034,11,,,1,102,,86035,11,,,1,100,,86036,11,,,1
37101,'Semaine-1',526,,86053,11,,,1,31,,86056,11,,,1,70,,86049,11,,,1,29,,86051,11,,,1,71,,86061,11,,,1,30,,86060,11,,,1,70,,86055,11,,,1,32,,86039,11,,,1,98,,86046,11,,,1,100,,86044,11,,,1,100,,86045,11,,,1,100,,86059,11,,,1,100,,86042,11,,,1,100,,86043,11,,,1,69,,86040,11,,,1,30,,86047,11,,,1,71,,86057,11,,,1,30,,86058,11,,,1,70,,86037,11,,,1,80,,86041,11,,,1,96,,86052,11,,,1,100,,86054,11,,,1,100,,86038,11,,,1,100,,86048,11,,,1,145,,86050,11,,,1
37101,'Semaine-12',526,,86078,11,,,1,31,,86081,11,,,1,70,,86074,11,,,1,29,,86076,11,,,1,71,,86086,11,,,1,30,,86085,11,,,1,70,,86080,11,,,1,32,,86064,11,,,1,98,,86071,11,,,1,100,,86069,11,,,1,100,,86070,11,,,1,100,,86084,11,,,1,100,,86067,11,,,1,100,,86068,11,,,1,69,,86065,11,,,1,30,,86072,11,,,1,71,,86082,11,,,1,30,,86083,11,,,1,70,,86062,11,,,1,80,,86066,11,,,1,96,,86077,11,,,1,100,,86079,11,,,1,100,,86063,11,,,1,100,,86073,11,,,1,145,,86075,11,,,1
43701,'Semaine-1',1505,,86788,11,0,9 14,1
43701,'Semaine-12',1505,,86790,11,0,9 14,1
