2500,'Semaine-1',1549,,79993,34,,,1,70,,79996,34,,,1,32,,79994,34,,,1,73,,79998,34,,,1,24,,79995,34,,,2,65,,79997,34,,,2
2500,'Semaine-12',1549,,79999,34,,,1,70,,80002,34,,,1,32,,80000,34,,,1,73,,80004,34,,,1,24,,80001,34,,,2,65,,80003,34,,,2
32500,'Semaine-1',1648,,85896,40,0,7 8,1
32500,'Semaine-12',1648,,85898,40,0,7 8,1
42501,'Semaine-1',1518,,86757,28,0,9 14,1
42501,'Semaine-12',1518,,86758,28,0,9 14,1
72500,'Semaine-1',1643,,86867,32,0,5 11,1
72500,'Semaine-12',1643,,86868,32,0,5 11,1
82500,'Semaine-1',1549,,87113,26,0,9 12 13,1
82500,'Semaine-12',1549,,87115,26,0,9 12 13,1
