4001,'Semaine-1',559,,81922,6,,,1,69,,81921,6,,,1,31,,81924,6,,,1,70,,81920,6,,,2,30,,81919,6,,,1,69,,81923,6,,,1
4001,'Semaine-12',559,,81928,6,,,1,69,,81927,6,,,1,31,,81930,6,,,1,70,,81926,6,,,2,30,,81925,6,,,1,69,,81929,6,,,1
5000,'Semaine-1',633,,82216,7,,,1,21,,82214,7,,,1,71,,82217,7,,,2,30,,82213,7,,,1,149,,82218,7,,,1
5000,'Semaine-12',633,,82222,7,,,1,21,,82220,7,,,1,71,,82223,7,,,2,30,,82219,7,,,1,149,,82224,7,,,1
5201,'Samedi-1',636,,82303,7,,,1,100,,82304,7,,,1,100,,82305,7,,,1,100,,82306,7,,,1,100,,82308,7,,,1,100,,82307,7,,,1,100,,82309,7,,,1,100,,82310,7,,,1,100,,82311,7,,,1,100,,82312,7,,,1,100,,82313,7,,,1,100,,82314,7,,,1,100,,82317,7,,,1,100,,82315,7,,,1,99,,82319,7,,,1,100,,82316,7,,,1,100,,82318,7,,,1,101,,82320,7,,,1
5201,'Samedi-10',636,,70449,7,,,1,100,,70450,7,,,1,100,,70451,7,,,1,100,,70452,7,,,1,100,,70454,7,,,1,100,,70453,7,,,1,100,,70455,7,,,1,100,,70456,7,,,1,100,,70457,7,,,1,100,,70458,7,,,1,100,,70459,7,,,1,100,,70460,7,,,1,100,,70463,7,,,1,100,,70461,7,,,1,99,,70465,7,,,1,100,,70462,7,,,1,100,,70464,7,,,1,101,,70466,7,,,1
5201,'Dimanche-1',636,,82321,7,,,1,100,,82322,7,,,1,100,,82323,7,,,1,100,,82326,7,,,1,100,,82324,7,,,1,100,,82328,7,,,1,100,,82325,7,,,1,100,,82330,7,,,1,100,,82327,7,,,1,100,,82329,7,,,1,100,,82332,7,,,1,100,,82334,7,,,1,100,,82331,7,,,1,100,,82333,7,,,1,99,,82335,7,,,1,100,,82336,7,,,1,100,,82337,7,,,1,101,,82338,7,,,1
5201,'Semaine-1',606,,82354,7,,,1,100,,82356,7,,,1,103,,82355,7,,,1,97,,82339,7,,,1,101,,82345,7,,,1,99,,82342,7,,,1,100,,82349,7,,,1,100,,82340,7,,,1,100,,82344,7,,,1,100,,82343,7,,,1,100,,82353,7,,,1,100,,82352,7,,,1,100,,82346,7,,,1,100,,82347,7,,,1,100,,82351,7,,,1,100,,82348,7,,,1,100,,82350,7,,,1,100,,82341,7,,,2
5201,'Semaine-12',606,,82372,7,,,1,100,,82374,7,,,1,103,,82373,7,,,1,97,,82357,7,,,1,101,,82363,7,,,1,99,,82360,7,,,1,100,,82367,7,,,1,100,,82358,7,,,1,100,,82362,7,,,1,100,,82361,7,,,1,100,,82371,7,,,1,100,,82370,7,,,1,100,,82364,7,,,1,100,,82365,7,,,1,100,,82369,7,,,1,100,,82366,7,,,1,100,,82368,7,,,1,100,,82359,7,,,2
55000,'Semaine-1',647,,86799,7,0,5 6,1,2,,86800,7,0,5 6,1
55000,'Semaine-12',647,,86801,7,0,5 6,1,2,,86802,7,0,5 6,1
64001,'Semaine-1',714,,86843,7,0,9 10,1,2,,86844,7,0,9 10,1
64001,'Semaine-12',714,,86845,7,0,9 10,1,2,,86846,7,0,9 10,1
74001,'Semaine-1',758,,86883,7,0,5 11,2,42,,86884,7,0,5 11,1
74001,'Semaine-12',758,,86885,7,0,5 11,2,42,,86886,7,0,5 11,1
