3101,'Samedi-1',720,,80209,41,4,,1,100,,80210,41,4,,1,100,,80211,41,4,,1,103,,80212,41,4,,1,101,,80213,41,4,,1,100,,80214,41,4,,1,100,,80215,41,4,,1,100,,80216,41,4,,1,100,,80217,41,4,,1,100,,80218,41,4,,1,100,,80219,41,4,,1,99,,80220,41,4,,1,99,,80221,41,4,,1,97,,80222,41,4,,1,100,,80223,41,4,,1,100,,80224,41,4,,1,100,,80225,41,4,,1,100,,80226,41,4,,1
3101,'Samedi-10',720,,66345,41,4,,1,100,,66346,41,4,,1,100,,66347,41,4,,1,103,,66348,41,4,,1,101,,66349,41,4,,1,100,,66350,41,4,,1,100,,66351,41,4,,1,100,,66352,41,4,,1,100,,66353,41,4,,1,100,,66354,41,4,,1,100,,66355,41,4,,1,99,,66356,41,4,,1,99,,66357,41,4,,1,97,,66358,41,4,,1,100,,66359,41,4,,1,100,,66360,41,4,,1,100,,66361,41,4,,1,100,,66362,41,4,,1
3101,'Dimanche-1',720,,80228,41,4,,1,100,,80233,41,4,,1,100,,80240,41,4,,1,103,,80230,41,4,,1,101,,80232,41,4,,1,100,,80229,41,4,,1,100,,80231,41,4,,1,100,,80227,41,4,,1,100,,80234,41,4,,1,100,,80237,41,4,,1,100,,80236,41,4,,1,99,,80235,41,4,,1,99,,80239,41,4,,1,97,,80238,41,4,,1,100,,80241,41,4,,1,100,,80242,41,4,,1,100,,80243,41,4,,1,100,,80244,41,4,,1
3101,'Semaine-1',604,,80248,41,4,,1,36,,80282,41,4,,1,74,,80262,41,4,,1,33,,80249,41,4,,1,56,,80285,41,4,,1,17,,80245,41,4,,1,15,,80287,41,4,,1,11,,80259,41,4,,1,55,,80260,41,4,,1,14,,80279,41,4,,1,15,,80250,41,4,,1,19,,80252,41,4,,1,60,,80277,41,4,,1,18,,80269,41,4,,1,21,,80278,41,4,,1,60,,80251,41,4,,1,20,,80253,41,4,,1,20,,80273,41,4,,1,60,,80283,41,4,,1,20,,80272,41,4,,1,20,,80254,41,4,,1,60,,80246,41,4,,1,20,,80276,41,4,,1,20,,80286,41,4,,1,60,,80271,41,4,,1,20,,80255,41,4,,1,17,,80274,41,4,,1,63,,80275,41,4,,1,21,,80284,41,4,,1,27,,80270,41,4,,1,59,,80256,41,4,,1,23,,80267,41,4,,1,20,,80268,41,4,,1,60,,80257,41,4,,1,17,,80263,41,4,,1,19,,80247,41,4,,1,58,,80280,41,4,,1,18,,80288,41,4,,1,23,,80258,41,4,,1,96,,80281,41,4,,1,100,,80264,41,4,,1,100,,80261,41,4,,1,97,,80265,41,4,,1,100,,80266,41,4,,1
3101,'Semaine-12',604,,80292,41,4,,1,36,,80326,41,4,,1,74,,80306,41,4,,1,33,,80293,41,4,,1,56,,80329,41,4,,1,17,,80289,41,4,,1,15,,80331,41,4,,1,11,,80303,41,4,,1,55,,80304,41,4,,1,14,,80323,41,4,,1,15,,80294,41,4,,1,19,,80296,41,4,,1,60,,80321,41,4,,1,18,,80313,41,4,,1,21,,80322,41,4,,1,60,,80295,41,4,,1,20,,80297,41,4,,1,20,,80317,41,4,,1,60,,80327,41,4,,1,20,,80316,41,4,,1,20,,80298,41,4,,1,60,,80290,41,4,,1,20,,80320,41,4,,1,20,,80330,41,4,,1,60,,80315,41,4,,1,20,,80299,41,4,,1,17,,80318,41,4,,1,63,,80319,41,4,,1,21,,80328,41,4,,1,27,,80314,41,4,,1,59,,80300,41,4,,1,23,,80311,41,4,,1,20,,80312,41,4,,1,60,,80301,41,4,,1,17,,80307,41,4,,1,19,,80291,41,4,,1,58,,80324,41,4,,1,18,,80332,41,4,,1,23,,80302,41,4,,1,96,,80325,41,4,,1,100,,80308,41,4,,1,100,,80305,41,4,,1,97,,80309,41,4,,1,100,,80310,41,4,,1
3201,'Semaine-1',548,,80478,40,4,,1,60,,80477,40,4,,1,20,,80469,40,4,,1,22,,80479,40,4,,2,50,,80459,40,4,,1,8,,80480,40,4,,1,12,,80460,40,4,,1,12,,80461,40,4,,1,8,,80453,40,4,,1,11,,80456,40,4,,1,8,,80482,40,4,,1,50,,80462,40,4,,1,8,,80457,40,4,,1,9,,80470,40,4,,1,8,,80452,40,4,,1,9,,80463,40,4,,1,8,,80481,40,4,,2,8,,80451,40,4,,1,50,,80450,40,4,,1,10,,80455,40,4,,1,8,,80458,40,4,,1,7,,80464,40,4,,1,22,,80438,40,4,,2,68,,80448,41,4,,1,28,,80441,41,4,,1,70,,80444,41,4,,1,30,,80437,41,4,,1,71,,80447,41,4,,1,30,,80442,41,4,,1,70,,80449,41,4,,1,30,,80431,41,4,,1,70,,80436,41,4,,1,30,,80443,41,4,,1,74,,80454,41,4,,1,73,,80471,41,4,,1,32,,80472,41,4,,2,68,,80473,41,4,,1,29,,80474,41,4,,1,26,,80475,41,4,,2,68,,80476,41,4,,1,30,,80434,41,4,,1,68,,80432,41,4,,2,28,,80445,41,4,,2,70,,80440,41,4,,1,29,,80435,41,4,,1,71,,80433,41,4,,2,30,,80446,41,4,,1,68,,80439,41,4,,1,28,,80466,41,4,,1,72,,80465,41,4,,1,28,,80467,41,4,,1,70,,80468,41,4,,1
3201,'Semaine-12',548,,80530,40,4,,1,60,,80529,40,4,,1,20,,80521,40,4,,1,22,,80531,40,4,,2,50,,80511,40,4,,1,8,,80532,40,4,,1,12,,80512,40,4,,1,12,,80513,40,4,,1,8,,80505,40,4,,1,11,,80508,40,4,,1,8,,80534,40,4,,1,50,,80514,40,4,,1,8,,80509,40,4,,1,9,,80522,40,4,,1,8,,80504,40,4,,1,9,,80515,40,4,,1,8,,80533,40,4,,2,8,,80503,40,4,,1,50,,80502,40,4,,1,10,,80507,40,4,,1,8,,80510,40,4,,1,7,,80516,40,4,,1,22,,80490,40,4,,2,68,,80500,41,4,,1,28,,80493,41,4,,1,70,,80496,41,4,,1,30,,80489,41,4,,1,71,,80499,41,4,,1,30,,80494,41,4,,1,70,,80501,41,4,,1,30,,80483,41,4,,1,70,,80488,41,4,,1,30,,80495,41,4,,1,74,,80506,41,4,,1,73,,80523,41,4,,1,32,,80524,41,4,,2,68,,80525,41,4,,1,29,,80526,41,4,,1,26,,80527,41,4,,2,68,,80528,41,4,,1,30,,80486,41,4,,1,68,,80484,41,4,,2,28,,80497,41,4,,2,70,,80492,41,4,,1,29,,80487,41,4,,1,71,,80485,41,4,,2,30,,80498,41,4,,1,68,,80491,41,4,,1,28,,80518,41,4,,1,72,,80517,41,4,,1,28,,80519,41,4,,1,70,,80520,41,4,,1
3301,'Samedi-1',752,,80655,49,4,,1,100,,80656,49,4,,1,100,,80657,49,4,,1,100,,80658,49,4,,1,101,,80659,49,4,,1,101,,80660,49,4,,1,100,,80661,49,4,,1,100,,80662,49,4,,1,102,,80663,49,4,,1,99,,80664,49,4,,1,100,,80665,49,4,,1,95,,80666,49,4,,1,100,,80667,49,4,,1,100,,80668,49,4,,1,100,,80669,49,4,,1,100,,80670,49,4,,1,100,,80671,49,4,,1,100,,80672,49,4,,1
3301,'Samedi-10',752,,67122,49,4,,1,100,,67123,49,4,,1,100,,67124,49,4,,1,100,,67125,49,4,,1,101,,67126,49,4,,1,101,,67127,49,4,,1,100,,67128,49,4,,1,100,,67129,49,4,,1,102,,67130,49,4,,1,99,,67131,49,4,,1,100,,67132,49,4,,1,95,,67133,49,4,,1,100,,67134,49,4,,1,100,,67135,49,4,,1,100,,67136,49,4,,1,100,,67137,49,4,,1,100,,67138,49,4,,1,100,,67139,49,4,,1
3301,'Dimanche-1',752,,80677,49,4,,1,100,,80678,49,4,,1,100,,80686,49,4,,1,100,,80679,49,4,,1,101,,80674,49,4,,1,101,,80675,49,4,,1,100,,80673,49,4,,1,100,,80676,49,4,,1,102,,80680,49,4,,1,99,,80681,49,4,,1,100,,80683,49,4,,1,95,,80685,49,4,,1,100,,80684,49,4,,1,100,,80682,49,4,,1,100,,80687,49,4,,1,100,,80688,49,4,,1,100,,80689,49,4,,1,100,,80690,49,4,,1
3301,'Semaine-1',639,,80714,49,4,,1,20,,80722,49,4,,1,61,,80699,49,4,,1,15,,80719,49,4,,1,21,,80715,49,4,,1,50,,80710,49,4,,1,11,,80730,49,4,,1,13,,80728,49,4,,1,15,,80717,49,4,,1,12,,80705,49,4,,1,50,,80721,49,4,,1,14,,80695,49,4,,1,30,,80707,49,4,,1,68,,80713,49,4,,1,30,,80703,49,4,,1,70,,80724,49,4,,1,30,,80708,49,4,,1,70,,80700,49,4,,1,30,,80702,49,4,,1,56,,80720,49,4,,1,15,,80729,49,4,,1,26,,80711,49,4,,1,69,,80701,49,4,,1,30,,80706,49,4,,1,73,,80709,49,4,,1,26,,80731,49,4,,1,59,,80712,49,4,,1,18,,80716,49,4,,1,23,,80697,49,4,,1,60,,80727,49,4,,1,18,,80704,49,4,,1,27,,80694,49,4,,1,69,,80691,49,4,,1,32,,80725,49,4,,1,69,,80698,49,4,,1,30,,80693,49,4,,1,98,,80696,49,4,,1,73,,80718,49,4,,1,100,,80723,49,4,,2,100,,80692,49,4,,1,100,,80726,49,4,,1
3301,'Semaine-12',639,,80755,49,4,,1,20,,80763,49,4,,1,61,,80740,49,4,,1,15,,80760,49,4,,1,21,,80756,49,4,,1,50,,80751,49,4,,1,11,,80771,49,4,,1,13,,80769,49,4,,1,15,,80758,49,4,,1,12,,80746,49,4,,1,50,,80762,49,4,,1,14,,80736,49,4,,1,30,,80748,49,4,,1,68,,80754,49,4,,1,30,,80744,49,4,,1,70,,80765,49,4,,1,30,,80749,49,4,,1,70,,80741,49,4,,1,30,,80743,49,4,,1,56,,80761,49,4,,1,15,,80770,49,4,,1,26,,80752,49,4,,1,69,,80742,49,4,,1,30,,80747,49,4,,1,73,,80750,49,4,,1,26,,80772,49,4,,1,59,,80753,49,4,,1,18,,80757,49,4,,1,23,,80738,49,4,,1,60,,80768,49,4,,1,18,,80745,49,4,,1,27,,80735,49,4,,1,69,,80732,49,4,,1,32,,80766,49,4,,1,69,,80739,49,4,,1,30,,80734,49,4,,1,98,,80737,49,4,,1,73,,80759,49,4,,1,100,,80764,49,4,,2,100,,80733,49,4,,1,100,,80767,49,4,,1
3401,'Samedi-1',737,,80905,62,4,,1,100,,80908,62,4,,1,70,,80917,62,4,,1,30,,80906,62,4,,1,74,,80911,62,4,,1,30,,80913,62,4,,1,67,,80907,62,4,,1,30,,80916,62,4,,1,74,,80909,62,4,,1,29,,80918,62,4,,1,72,,80910,62,4,,1,30,,80912,62,4,,1,70,,80914,62,4,,1,30,,80915,62,4,,1,70,,80919,62,4,,1,33,,80920,62,4,,1,70,,80921,62,4,,1,30,,80922,62,4,,1,68,,80923,62,4,,1,28,,80924,62,4,,1,70,,80925,62,4,,1,28,,80926,62,4,,1,70,,80927,62,4,,1,30,,80929,62,4,,1,67,,80928,62,4,,1,30,,80930,62,4,,1,70,,80931,62,4,,1,30,,80932,62,4,,1,70,,80934,62,4,,1,30,,80933,62,4,,1,70,,80935,62,4,,1,94,,80936,62,4,,1
3401,'Samedi-10',737,,67667,62,4,,1,100,,67670,62,4,,1,70,,67679,62,4,,1,30,,67668,62,4,,1,74,,67673,62,4,,1,30,,67675,62,4,,1,67,,67669,62,4,,1,30,,67678,62,4,,1,74,,67671,62,4,,1,29,,67680,62,4,,1,72,,67672,62,4,,1,30,,67674,62,4,,1,70,,67676,62,4,,1,30,,67677,62,4,,1,70,,67681,62,4,,1,33,,67682,62,4,,1,70,,67683,62,4,,1,30,,67684,62,4,,1,68,,67685,62,4,,1,28,,67686,62,4,,1,70,,67687,62,4,,1,28,,67688,62,4,,1,70,,67689,62,4,,1,30,,67691,62,4,,1,67,,67690,62,4,,1,30,,67692,62,4,,1,70,,67693,62,4,,1,30,,67694,62,4,,1,70,,67696,62,4,,1,30,,67695,62,4,,1,70,,67697,62,4,,1,94,,67698,62,4,,1
3401,'Dimanche-1',737,,80937,62,4,,1,100,,80945,62,4,,1,70,,80950,62,4,,1,30,,80942,62,4,,1,74,,80940,62,4,,1,30,,80963,62,4,,1,67,,80944,62,4,,1,30,,80949,62,4,,1,74,,80939,62,4,,1,29,,80938,62,4,,1,72,,80941,62,4,,1,30,,80948,62,4,,1,70,,80951,62,4,,1,30,,80943,62,4,,1,70,,80947,62,4,,1,33,,80946,62,4,,1,70,,80952,62,4,,1,30,,80956,62,4,,1,68,,80953,62,4,,1,28,,80954,62,4,,1,70,,80955,62,4,,1,28,,80962,62,4,,1,70,,80957,62,4,,1,30,,80960,62,4,,1,67,,80958,62,4,,1,30,,80959,62,4,,1,70,,80961,62,4,,1,30,,80964,62,4,,1,70,,80966,62,4,,1,30,,80965,62,4,,1,70,,80967,62,4,,1,94,,80968,62,4,,1
3401,'Semaine-1',948,,80994,61,4,,1,68,,80974,61,4,,2,30,,80978,62,4,,1,70,,80998,62,4,,1,30,,80971,62,4,,1,70,,80975,62,4,,1,30,,80979,62,4,,1,70,,80969,62,4,,1,30,,80972,62,4,,1,70,,80976,62,4,,1,33,,80980,62,4,,2,71,,80973,62,4,,1,32,,80995,62,4,,1,73,,80970,62,4,,1,75,,80996,62,4,,1,27,,80997,62,4,,1,27,,80991,62,4,,1,66,,80987,62,4,,1,26,,80977,62,4,,1,69,,80984,62,4,,1,29,,80993,62,4,,1,69,,80981,62,4,,1,30,,80983,62,4,,1,70,,80985,62,4,,1,30,,80989,62,4,,2,70,,80982,62,4,,1,30,,80988,62,4,,1,68,,80986,62,4,,1,30,,80990,62,4,,1,70,,80992,62,4,,1
3401,'Semaine-12',948,,81024,61,4,,1,68,,81004,61,4,,2,30,,81008,62,4,,1,70,,81028,62,4,,1,30,,81001,62,4,,1,70,,81005,62,4,,1,30,,81009,62,4,,1,70,,80999,62,4,,1,30,,81002,62,4,,1,70,,81006,62,4,,1,33,,81010,62,4,,2,71,,81003,62,4,,1,32,,81025,62,4,,1,73,,81000,62,4,,1,75,,81026,62,4,,1,27,,81027,62,4,,1,27,,81021,62,4,,1,66,,81017,62,4,,1,26,,81007,62,4,,1,69,,81014,62,4,,1,29,,81023,62,4,,1,69,,81011,62,4,,1,30,,81013,62,4,,1,70,,81015,62,4,,1,30,,81019,62,4,,2,70,,81012,62,4,,1,30,,81018,62,4,,1,68,,81016,62,4,,1,30,,81020,62,4,,1,70,,81022,62,4,,1
3601,'Semaine-1',929,,81179,49,4,,1,90,,81177,50,4,,1,98,,81180,50,4,,1,102,,81178,50,4,,1,99,,81183,50,4,,1,100,,81182,50,4,,1,101,,81181,50,4,,1
3601,'Semaine-12',929,,81186,49,4,,1,90,,81184,50,4,,1,98,,81187,50,4,,1,102,,81185,50,4,,1,99,,81190,50,4,,1,100,,81189,50,4,,1,101,,81188,50,4,,1
3701,'Samedi-1',724,,81286,43,4,,1,100,,81291,43,4,,1,100,,81285,43,4,,1,103,,81290,43,4,,1,100,,81287,43,4,,1,100,,81288,43,4,,1,100,,81292,43,4,,1,103,,81289,43,4,,1,100,,81293,43,4,,1,100,,81294,43,4,,1,100,,81295,43,4,,1,97,,81296,43,4,,1,100,,81297,43,4,,1,100,,81298,43,4,,1,100,,81299,43,4,,1,97,,81300,43,4,,1,99,,81301,43,4,,1
3701,'Samedi-10',724,,68373,43,4,,1,100,,68378,43,4,,1,100,,68372,43,4,,1,103,,68377,43,4,,1,100,,68374,43,4,,1,100,,68375,43,4,,1,100,,68379,43,4,,1,103,,68376,43,4,,1,100,,68380,43,4,,1,100,,68381,43,4,,1,100,,68382,43,4,,1,97,,68383,43,4,,1,100,,68384,43,4,,1,100,,68385,43,4,,1,100,,68386,43,4,,1,97,,68387,43,4,,1,99,,68388,43,4,,1
3701,'Dimanche-1',724,,81303,43,4,,1,100,,81304,43,4,,1,100,,81306,43,4,,1,103,,81307,43,4,,1,100,,81315,43,4,,1,100,,81302,43,4,,1,100,,81308,43,4,,1,103,,81305,43,4,,1,100,,81310,43,4,,1,100,,81311,43,4,,1,100,,81313,43,4,,1,97,,81312,43,4,,1,100,,81309,43,4,,1,100,,81314,43,4,,1,100,,81316,43,4,,1,97,,81317,43,4,,1,99,,81318,43,4,,1
3701,'Semaine-1',550,,81332,42,4,,1,72,,81330,42,4,,1,35,,81334,42,4,,1,70,,81324,42,4,,1,78,,81341,42,4,,1,17,,81321,42,4,,1,14,,81342,42,4,,1,68,,81323,42,4,,1,96,,81340,42,4,,1,100,,81328,43,4,,1,100,,81322,43,4,,1,100,,81320,43,4,,1,100,,81325,43,4,,1,101,,81336,43,4,,1,103,,81319,43,4,,1,32,,81335,43,4,,1,71,,81338,43,4,,1,28,,81333,43,4,,1,67,,81339,43,4,,1,26,,81343,43,4,,1,85,,81327,43,4,,1,97,,81337,43,4,,1,100,,81329,43,4,,1,102,,81326,43,4,,1,47,,81331,43,4,,1
3701,'Semaine-12',550,,81357,42,4,,1,72,,81355,42,4,,1,35,,81359,42,4,,1,70,,81349,42,4,,1,78,,81366,42,4,,1,17,,81346,42,4,,1,14,,81367,42,4,,1,68,,81348,42,4,,1,96,,81365,42,4,,1,100,,81353,43,4,,1,100,,81347,43,4,,1,100,,81345,43,4,,1,100,,81350,43,4,,1,101,,81361,43,4,,1,103,,81344,43,4,,1,32,,81360,43,4,,1,71,,81363,43,4,,1,28,,81358,43,4,,1,67,,81364,43,4,,1,26,,81368,43,4,,1,85,,81352,43,4,,1,97,,81362,43,4,,1,100,,81354,43,4,,1,102,,81351,43,4,,1,47,,81356,43,4,,1
3801,'Samedi-1',737,,81523,30,4,,1,70,,81519,30,4,,1,30,,81531,30,4,,1,70,,81524,30,4,,1,30,,81520,30,4,,1,71,,81532,30,4,,1,28,,81525,30,4,,1,72,,81529,30,4,,1,31,,81521,30,4,,1,70,,81526,30,4,,1,30,,81530,30,4,,1,70,,81522,30,4,,1,31,,81527,30,4,,1,70,,81528,30,4,,1,30,,81533,30,4,,1,70,,81534,30,4,,1,31,,81535,30,4,,1,70,,81536,30,4,,1,29,,81537,30,4,,1,70,,81538,30,4,,1,30,,81539,30,4,,1,70,,81540,30,4,,1,27,,81541,30,4,,1,71,,81543,30,4,,1,30,,81542,30,4,,1,70,,81545,30,4,,1,30,,81544,30,4,,1,70,,81546,30,4,,1,29,,81547,30,4,,1,70,,81551,30,4,,1,30,,81548,30,4,,1,70,,81549,30,4,,1,29,,81550,30,4,,1
3801,'Samedi-10',737,,68893,30,4,,1,70,,68889,30,4,,1,30,,68901,30,4,,1,70,,68894,30,4,,1,30,,68890,30,4,,1,71,,68902,30,4,,1,28,,68895,30,4,,1,72,,68899,30,4,,1,31,,68891,30,4,,1,70,,68896,30,4,,1,30,,68900,30,4,,1,70,,68892,30,4,,1,31,,68897,30,4,,1,70,,68898,30,4,,1,30,,68903,30,4,,1,70,,68904,30,4,,1,31,,68905,30,4,,1,70,,68906,30,4,,1,29,,68907,30,4,,1,70,,68908,30,4,,1,30,,68909,30,4,,1,70,,68910,30,4,,1,27,,68911,30,4,,1,71,,68913,30,4,,1,30,,68912,30,4,,1,70,,68915,30,4,,1,30,,68914,30,4,,1,70,,68916,30,4,,1,29,,68917,30,4,,1,70,,68921,30,4,,1,30,,68918,30,4,,1,70,,68919,30,4,,1,29,,68920,30,4,,1
3801,'Dimanche-1',737,,81560,30,4,,1,70,,81562,30,4,,1,30,,81555,30,4,,1,70,,81554,30,4,,1,30,,81576,30,4,,1,71,,81565,30,4,,1,28,,81556,30,4,,1,72,,81578,30,4,,1,31,,81575,30,4,,1,70,,81557,30,4,,1,30,,81577,30,4,,1,70,,81564,30,4,,1,31,,81558,30,4,,1,70,,81561,30,4,,1,30,,81563,30,4,,1,70,,81553,30,4,,1,31,,81559,30,4,,1,70,,81552,30,4,,1,29,,81569,30,4,,1,70,,81570,30,4,,1,30,,81572,30,4,,1,70,,81568,30,4,,1,27,,81574,30,4,,1,71,,81571,30,4,,1,30,,81566,30,4,,1,70,,81573,30,4,,1,30,,81567,30,4,,1,70,,81579,30,4,,1,29,,81580,30,4,,1,70,,81581,30,4,,1,30,,81582,30,4,,1,70,,81583,30,4,,1,29,,81584,30,4,,1
3801,'Semaine-1',645,,81613,31,4,,1,72,,81585,31,4,,1,30,,81612,31,4,,1,63,,81623,31,4,,1,18,,81619,31,4,,1,23,,81601,31,4,,1,70,,81621,31,4,,1,29,,81608,30,4,,1,59,,81591,30,4,,1,20,,81617,30,4,,1,20,,81602,30,4,,1,60,,81594,30,4,,1,22,,81609,30,4,,1,20,,81592,30,4,,1,60,,81616,30,4,,1,21,,81622,30,4,,1,22,,81595,30,4,,1,60,,81624,30,4,,1,20,,81610,30,4,,1,20,,81615,30,4,,1,58,,81603,30,4,,1,20,,81596,30,4,,1,19,,81611,30,4,,1,61,,81625,30,4,,1,23,,81598,30,4,,1,22,,81604,30,4,,1,70,,81618,30,4,,1,30,,81593,30,4,,1,71,,81600,30,4,,1,27,,81590,30,4,,1,69,,81626,30,4,,1,20,,81587,30,4,,1,59,,81620,30,4,,1,29,,81589,30,4,,1,69,,81599,30,4,,1,31,,81607,30,4,,1,70,,81614,30,4,,1,30,,81597,30,4,,1,68,,81605,30,4,,1,31,,81606,30,4,,1,69,,81586,30,4,,1,45,,81588,30,4,,1
3801,'Semaine-12',645,,81655,31,4,,1,72,,81627,31,4,,1,30,,81654,31,4,,1,63,,81665,31,4,,1,18,,81661,31,4,,1,23,,81643,31,4,,1,70,,81663,31,4,,1,29,,81650,30,4,,1,59,,81633,30,4,,1,20,,81659,30,4,,1,20,,81644,30,4,,1,60,,81636,30,4,,1,22,,81651,30,4,,1,20,,81634,30,4,,1,60,,81658,30,4,,1,21,,81664,30,4,,1,22,,81637,30,4,,1,60,,81666,30,4,,1,20,,81652,30,4,,1,20,,81657,30,4,,1,58,,81645,30,4,,1,20,,81638,30,4,,1,19,,81653,30,4,,1,61,,81667,30,4,,1,23,,81640,30,4,,1,22,,81646,30,4,,1,70,,81660,30,4,,1,30,,81635,30,4,,1,71,,81642,30,4,,1,27,,81632,30,4,,1,69,,81668,30,4,,1,20,,81629,30,4,,1,59,,81662,30,4,,1,29,,81631,30,4,,1,69,,81641,30,4,,1,31,,81649,30,4,,1,70,,81656,30,4,,1,30,,81639,30,4,,1,68,,81647,30,4,,1,31,,81648,30,4,,1,69,,81628,30,4,,1,45,,81630,30,4,,1
5501,'Samedi-1',733,,82555,60,4,,1,70,,82558,60,4,,1,31,,82557,60,4,,1,70,,82567,60,4,,1,29,,82556,60,4,,1,72,,82559,60,4,,1,31,,82560,60,4,,1,69,,82566,60,4,,1,31,,82562,60,4,,1,70,,82563,60,4,,1,30,,82561,60,4,,1,70,,82569,60,4,,1,30,,82568,60,4,,1,70,,82564,60,4,,1,30,,82565,60,4,,1,72,,82570,60,4,,1,28,,82571,60,4,,1,72,,82572,60,4,,1,28,,82573,60,4,,1,72,,82574,60,4,,1,28,,82575,60,4,,1,72,,82576,60,4,,1,28,,82577,60,4,,1,69,,82578,60,4,,1,30,,82579,60,4,,1,70,,82580,60,4,,1,30,,82581,60,4,,1,67,,82582,60,4,,1,30,,82583,60,4,,1,70,,82585,60,4,,1,29,,82584,60,4,,1,70,,82587,60,4,,1,30,,82586,60,4,,1
5501,'Samedi-10',733,,71004,60,4,,1,70,,71007,60,4,,1,31,,71006,60,4,,1,70,,71016,60,4,,1,29,,71005,60,4,,1,72,,71008,60,4,,1,31,,71009,60,4,,1,69,,71015,60,4,,1,31,,71011,60,4,,1,70,,71012,60,4,,1,30,,71010,60,4,,1,70,,71018,60,4,,1,30,,71017,60,4,,1,70,,71013,60,4,,1,30,,71014,60,4,,1,72,,71019,60,4,,1,28,,71020,60,4,,1,72,,71021,60,4,,1,28,,71022,60,4,,1,72,,71023,60,4,,1,28,,71024,60,4,,1,72,,71025,60,4,,1,28,,71026,60,4,,1,69,,71027,60,4,,1,30,,71028,60,4,,1,70,,71029,60,4,,1,30,,71030,60,4,,1,67,,71031,60,4,,1,30,,71032,60,4,,1,70,,71034,60,4,,1,29,,71033,60,4,,1,70,,71036,60,4,,1,30,,71035,60,4,,1
5501,'Dimanche-1',733,,82589,60,4,,1,70,,82593,60,4,,1,31,,82591,60,4,,1,70,,82596,60,4,,1,29,,82598,60,4,,1,72,,82592,60,4,,1,31,,82588,60,4,,1,69,,82602,60,4,,1,31,,82597,60,4,,1,70,,82604,60,4,,1,30,,82595,60,4,,1,70,,82594,60,4,,1,30,,82600,60,4,,1,70,,82590,60,4,,1,30,,82599,60,4,,1,72,,82603,60,4,,1,28,,82608,60,4,,1,72,,82601,60,4,,1,28,,82607,60,4,,1,72,,82610,60,4,,1,28,,82605,60,4,,1,72,,82606,60,4,,1,28,,82612,60,4,,1,69,,82614,60,4,,1,30,,82611,60,4,,1,70,,82609,60,4,,1,30,,82613,60,4,,1,67,,82615,60,4,,1,30,,82616,60,4,,1,70,,82617,60,4,,1,29,,82618,60,4,,1,70,,82619,60,4,,1,30,,82620,60,4,,1
5501,'Semaine-1',551,,82634,60,4,,1,55,,82641,60,4,,1,14,,82640,58,4,,1,18,,82624,58,4,,1,16,,82662,58,4,,1,62,,82661,58,4,,1,8,,82621,58,4,,1,18,,82666,58,4,,1,15,,82647,58,4,,1,56,,82655,58,4,,1,16,,82625,58,4,,1,8,,82629,58,4,,1,12,,82627,58,4,,1,9,,82656,58,4,,1,44,,82658,58,4,,1,13,,82635,58,4,,1,25,,82639,58,4,,1,12,,82626,58,4,,1,51,,82660,58,4,,1,30,,82653,60,4,,1,23,,82665,27,4,,1,48,,82657,60,4,,1,29,,82623,60,4,,1,67,,82630,60,4,,1,30,,82643,60,4,,1,70,,82654,60,4,,1,31,,82650,60,4,,1,70,,82631,60,4,,1,30,,82663,60,4,,1,70,,82622,60,4,,1,37,,82628,60,4,,1,94,,82632,60,4,,1,94,,82637,60,4,,1,99,,82642,60,4,,1,95,,82659,60,4,,1,19,,82648,60,4,,1,70,,82636,60,4,,1,30,,82652,60,4,,1,70,,82645,60,4,,1,30,,82664,60,4,,1,70,,82638,60,4,,1,29,,82644,60,4,,1,68,,82646,60,4,,1,30,,82633,60,4,,1,68,,82651,60,4,,1,30,,82649,60,4,,1
5501,'Semaine-12',551,,82680,60,4,,1,55,,82687,60,4,,1,14,,82686,58,4,,1,18,,82670,58,4,,1,16,,82708,58,4,,1,62,,82707,58,4,,1,8,,82667,58,4,,1,18,,82712,58,4,,1,15,,82693,58,4,,1,56,,82701,58,4,,1,16,,82671,58,4,,1,8,,82675,58,4,,1,12,,82673,58,4,,1,9,,82702,58,4,,1,44,,82704,58,4,,1,13,,82681,58,4,,1,25,,82685,58,4,,1,12,,82672,58,4,,1,51,,82706,58,4,,1,30,,82699,60,4,,1,23,,82711,27,4,,1,48,,82703,60,4,,1,29,,82669,60,4,,1,67,,82676,60,4,,1,30,,82689,60,4,,1,70,,82700,60,4,,1,31,,82696,60,4,,1,70,,82677,60,4,,1,30,,82709,60,4,,1,70,,82668,60,4,,1,37,,82674,60,4,,1,94,,82678,60,4,,1,94,,82683,60,4,,1,99,,82688,60,4,,1,95,,82705,60,4,,1,19,,82694,60,4,,1,70,,82682,60,4,,1,30,,82698,60,4,,1,70,,82691,60,4,,1,30,,82710,60,4,,1,70,,82684,60,4,,1,29,,82690,60,4,,1,68,,82692,60,4,,1,30,,82679,60,4,,1,68,,82697,60,4,,1,30,,82695,60,4,,1
5901,'Samedi-1',747,,82939,49,4,,1,70,,82946,49,4,,1,31,,82943,49,4,,1,70,,82948,49,4,,1,31,,82940,49,4,,1,70,,82945,49,4,,1,31,,82944,49,4,,1,70,,82947,49,4,,1,30,,82951,49,4,,1,71,,82952,49,4,,1,30,,82941,49,4,,1,70,,82942,49,4,,1,30,,82950,49,4,,1,70,,82949,49,4,,1,30,,82953,49,4,,1,70,,82954,49,4,,1,30,,82955,49,4,,1,70,,82956,49,4,,1,30,,82957,49,4,,1,70,,82958,49,4,,1,30,,82959,49,4,,1,70,,82960,49,4,,1,30,,82961,49,4,,1,67,,82962,49,4,,1,31,,82963,49,4,,1,71,,82965,49,4,,1,30,,82964,49,4,,1,68,,82966,49,4,,1,30,,82967,49,4,,1,70,,82968,49,4,,1,30,,82970,49,4,,1,68,,82969,49,4,,1
5901,'Samedi-10',747,,71780,49,4,,1,70,,71787,49,4,,1,31,,71784,49,4,,1,70,,71789,49,4,,1,31,,71781,49,4,,1,70,,71786,49,4,,1,31,,71785,49,4,,1,70,,71788,49,4,,1,30,,71792,49,4,,1,71,,71793,49,4,,1,30,,71782,49,4,,1,70,,71783,49,4,,1,30,,71791,49,4,,1,70,,71790,49,4,,1,30,,71794,49,4,,1,70,,71795,49,4,,1,30,,71796,49,4,,1,70,,71797,49,4,,1,30,,71798,49,4,,1,70,,71799,49,4,,1,30,,71800,49,4,,1,70,,71801,49,4,,1,30,,71802,49,4,,1,67,,71803,49,4,,1,31,,71804,49,4,,1,71,,71806,49,4,,1,30,,71805,49,4,,1,68,,71807,49,4,,1,30,,71808,49,4,,1,70,,71809,49,4,,1,30,,71811,49,4,,1,68,,71810,49,4,,1
5901,'Dimanche-1',747,,82971,49,4,,1,70,,82983,49,4,,1,31,,82977,49,4,,1,70,,82978,49,4,,1,31,,82985,49,4,,1,70,,82982,49,4,,1,31,,82987,49,4,,1,70,,82974,49,4,,1,30,,82986,49,4,,1,71,,82972,49,4,,1,30,,82981,49,4,,1,70,,82973,49,4,,1,30,,82976,49,4,,1,70,,82979,49,4,,1,30,,82980,49,4,,1,70,,82988,49,4,,1,30,,82975,49,4,,1,70,,82991,49,4,,1,30,,82984,49,4,,1,70,,82993,49,4,,1,30,,82994,49,4,,1,70,,82990,49,4,,1,30,,82995,49,4,,1,67,,82992,49,4,,1,31,,82996,49,4,,1,71,,82989,49,4,,1,30,,82997,49,4,,1,68,,82998,49,4,,1,30,,82999,49,4,,1,70,,83000,49,4,,1,30,,83001,49,4,,1,68,,83002,49,4,,1
5901,'Semaine-1',545,,83007,49,4,,1,55,,83043,49,4,,1,15,,83016,49,4,,1,15,,83037,47,4,,1,19,,83017,47,4,,1,54,,83006,47,4,,1,13,,83008,47,4,,1,18,,83011,47,4,,1,15,,83046,25,4,,1,4,,83014,47,4,,1,51,,83047,25,4,,1,8,,83015,47,4,,1,7,,83048,25,4,,1,11,,83010,47,4,,1,7,,83004,25,4,,1,5,,83039,47,4,,1,59,,83025,47,4,,1,11,,83030,47,4,,1,13,,83020,47,4,,1,8,,83005,47,4,,1,16,,83023,47,4,,1,67,,83049,47,4,,1,29,,83044,49,4,,1,70,,83031,49,4,,1,30,,83013,49,4,,1,72,,83024,49,4,,1,30,,83027,49,4,,1,70,,83012,49,4,,1,30,,83041,49,4,,1,70,,83003,49,4,,1,30,,83045,49,4,,1,70,,83035,49,4,,1,84,,83038,49,4,,1,100,,83042,49,4,,1,54,,83022,49,4,,1,98,,83029,49,4,,1,71,,83034,49,4,,1,30,,83021,49,4,,1,70,,83028,49,4,,1,30,,83033,49,4,,1,69,,83040,49,4,,1,30,,83018,49,4,,1,70,,83036,49,4,,1,29,,83026,49,4,,1,70,,83009,49,4,,1,30,,83019,49,4,,1,70,,83032,49,4,,1
5901,'Semaine-12',545,,83054,49,4,,1,55,,83090,49,4,,1,15,,83063,49,4,,1,15,,83084,47,4,,1,19,,83064,47,4,,1,54,,83053,47,4,,1,13,,83055,47,4,,1,18,,83058,47,4,,1,15,,83093,25,4,,1,4,,83061,47,4,,1,51,,83094,25,4,,1,8,,83062,47,4,,1,7,,83095,25,4,,1,11,,83057,47,4,,1,7,,83051,25,4,,1,5,,83086,47,4,,1,59,,83072,47,4,,1,11,,83077,47,4,,1,13,,83067,47,4,,1,8,,83052,47,4,,1,16,,83070,47,4,,1,67,,83096,47,4,,1,29,,83091,49,4,,1,70,,83078,49,4,,1,30,,83060,49,4,,1,72,,83071,49,4,,1,30,,83074,49,4,,1,70,,83059,49,4,,1,30,,83088,49,4,,1,70,,83050,49,4,,1,30,,83092,49,4,,1,70,,83082,49,4,,1,84,,83085,49,4,,1,100,,83089,49,4,,1,54,,83069,49,4,,1,98,,83076,49,4,,1,71,,83081,49,4,,1,30,,83068,49,4,,1,70,,83075,49,4,,1,30,,83080,49,4,,1,69,,83087,49,4,,1,30,,83065,49,4,,1,70,,83083,49,4,,1,29,,83073,49,4,,1,70,,83056,49,4,,1,30,,83066,49,4,,1,70,,83079,49,4,,1
6701,'Samedi-1',702,,83967,37,4,,1,100,,83973,37,4,,1,102,,83969,37,4,,1,101,,83968,37,4,,1,30,,83971,37,4,,1,72,,83976,37,4,,1,30,,83977,37,4,,1,70,,83970,37,4,,1,30,,83972,37,4,,1,70,,83975,37,4,,1,30,,83978,37,4,,1,70,,83979,37,4,,1,30,,83974,37,4,,1,71,,83980,37,4,,1,30,,83981,37,4,,1,71,,83982,37,4,,1,31,,83983,37,4,,1,66,,83984,37,4,,1,33,,83985,37,4,,1,69,,83986,37,4,,1,30,,83987,37,4,,1,65,,83988,37,4,,1,32,,83989,37,4,,1,100,,83990,37,4,,1,100,,83991,37,4,,1,100,,83993,37,4,,1,98,,83992,37,4,,1
6701,'Samedi-10',702,,73821,37,4,,1,100,,73827,37,4,,1,102,,73823,37,4,,1,101,,73822,37,4,,1,30,,73825,37,4,,1,72,,73830,37,4,,1,30,,73831,37,4,,1,70,,73824,37,4,,1,30,,73826,37,4,,1,70,,73829,37,4,,1,30,,73832,37,4,,1,70,,73833,37,4,,1,30,,73828,37,4,,1,71,,73834,37,4,,1,30,,73835,37,4,,1,71,,73836,37,4,,1,31,,73837,37,4,,1,66,,73838,37,4,,1,33,,73839,37,4,,1,69,,73840,37,4,,1,30,,73841,37,4,,1,65,,73842,37,4,,1,32,,73843,37,4,,1,100,,73844,37,4,,1,100,,73845,37,4,,1,100,,73847,37,4,,1,98,,73846,37,4,,1
6701,'Dimanche-1',702,,83994,37,4,,1,100,,83997,37,4,,1,102,,83999,37,4,,1,101,,84002,37,4,,1,30,,84008,37,4,,1,72,,83996,37,4,,1,30,,84009,37,4,,1,70,,84000,37,4,,1,30,,84003,37,4,,1,70,,84001,37,4,,1,30,,83995,37,4,,1,70,,84005,37,4,,1,30,,84006,37,4,,1,71,,83998,37,4,,1,30,,84004,37,4,,1,71,,84011,37,4,,1,31,,84007,37,4,,1,66,,84014,37,4,,1,33,,84015,37,4,,1,69,,84012,37,4,,1,30,,84017,37,4,,1,65,,84010,37,4,,1,32,,84016,37,4,,1,100,,84013,37,4,,1,100,,84018,37,4,,1,100,,84019,37,4,,1,98,,84020,37,4,,1
6701,'Semaine-1',944,,84041,37,4,,1,58,,84030,37,4,,1,20,,84048,37,4,,1,20,,84034,37,4,,1,60,,84028,37,4,,1,20,,84049,37,4,,1,20,,84042,37,4,,1,60,,84031,37,4,,1,20,,84050,37,4,,1,20,,84035,37,4,,1,59,,84038,37,4,,1,20,,84051,37,4,,1,20,,84037,37,4,,1,60,,84032,37,4,,1,22,,84052,37,4,,1,20,,84043,37,4,,1,60,,84045,37,4,,1,24,,84047,37,4,,1,20,,84039,37,4,,1,74,,84023,37,4,,1,30,,84046,37,4,,1,66,,84026,37,4,,1,30,,84044,37,4,,1,69,,84040,37,4,,1,28,,84033,37,4,,1,68,,84021,37,4,,1,28,,84036,37,4,,1,69,,84024,37,4,,2,30,,84053,37,4,,2,70,,84022,37,4,,1,30,,84055,37,4,,1,69,,84025,37,4,,2,30,,84056,37,4,,1,68,,84027,37,4,,1,29,,84054,37,4,,1,70,,84029,37,4,,2
6701,'Semaine-12',944,,84077,37,4,,1,58,,84066,37,4,,1,20,,84084,37,4,,1,20,,84070,37,4,,1,60,,84064,37,4,,1,20,,84085,37,4,,1,20,,84078,37,4,,1,60,,84067,37,4,,1,20,,84086,37,4,,1,20,,84071,37,4,,1,59,,84074,37,4,,1,20,,84087,37,4,,1,20,,84073,37,4,,1,60,,84068,37,4,,1,22,,84088,37,4,,1,20,,84079,37,4,,1,60,,84081,37,4,,1,24,,84083,37,4,,1,20,,84075,37,4,,1,74,,84059,37,4,,1,30,,84082,37,4,,1,66,,84062,37,4,,1,30,,84080,37,4,,1,69,,84076,37,4,,1,28,,84069,37,4,,1,68,,84057,37,4,,1,28,,84072,37,4,,1,69,,84060,37,4,,2,30,,84089,37,4,,2,70,,84058,37,4,,1,30,,84091,37,4,,1,69,,84061,37,4,,2,30,,84092,37,4,,1,68,,84063,37,4,,1,29,,84090,37,4,,1,70,,84065,37,4,,2
8501,'Semaine-1',558,,85431,39,4,,1,71,,85433,39,4,,1,27,,85436,39,4,,1,55,,85435,39,4,,1,19,,85440,39,4,,1,15,,85432,39,4,,2,58,,85438,39,4,,1,16,,85434,39,4,,2,14,,85439,39,4,,1,20,,85437,39,4,,1
8501,'Semaine-12',558,,85441,39,4,,1,71,,85443,39,4,,1,27,,85446,39,4,,1,55,,85445,39,4,,1,19,,85450,39,4,,1,15,,85442,39,4,,2,58,,85448,39,4,,1,16,,85444,39,4,,2,14,,85449,39,4,,1,20,,85447,39,4,,1
8701,'Semaine-1',542,,85481,35,4,,1,70,,85474,35,4,,1,30,,85479,35,4,,1,59,,85477,35,4,,1,16,,85475,35,4,,1,16,,85484,35,4,,1,17,,85480,35,4,,1,58,,85476,35,4,,1,16,,85483,35,4,,1,18,,85482,35,4,,2,60,,85478,35,4,,1,19,,85473,35,4,,1
8701,'Semaine-12',542,,85493,35,4,,1,70,,85486,35,4,,1,30,,85491,35,4,,1,59,,85489,35,4,,1,16,,85487,35,4,,1,16,,85496,35,4,,1,17,,85492,35,4,,1,58,,85488,35,4,,1,16,,85495,35,4,,1,18,,85494,35,4,,2,60,,85490,35,4,,1,19,,85485,35,4,,1
20001,'Semaine-1',645,,85828,15,4,,1,6,,85829,17,4,,1,6,,85830,15,4,,1,46,,85831,17,4,,1,3,,85832,15,4,,1,5,,85854,17,4,,1,9,,85833,15,4,,1,2,,85834,17,4,,1,8,,85851,15,4,,1,5,,85835,17,4,,1,8,,85850,15,4,,1,5,,85837,17,4,,1,5,,85846,15,4,,1,3,,85836,15,4,,1,3,,85827,17,4,,1,43,,85853,15,4,,1,3,,85842,15,4,,1,3,,85838,17,4,,1,3,,85840,15,4,,1,3,,85852,15,4,,1,5,,85839,17,4,,1,7,,85843,15,4,,1,3,,85841,17,4,,1,2,,85845,15,4,,1,7,,85844,17,4,,1,8,,85855,15,4,,1,6,,85847,17,4,,1,5,,85848,15,4,,1,45,,85849,17,4,,1,6,,85856,15,4,,1
20001,'Semaine-12',645,,85858,15,4,,1,6,,85859,17,4,,1,6,,85860,15,4,,1,46,,85861,17,4,,1,3,,85862,15,4,,1,5,,85884,17,4,,1,9,,85863,15,4,,1,2,,85864,17,4,,1,8,,85881,15,4,,1,5,,85865,17,4,,1,8,,85880,15,4,,1,5,,85867,17,4,,1,5,,85876,15,4,,1,3,,85866,15,4,,1,3,,85857,17,4,,1,43,,85883,15,4,,1,3,,85872,15,4,,1,3,,85868,17,4,,1,3,,85870,15,4,,1,3,,85882,15,4,,1,5,,85869,17,4,,1,7,,85873,15,4,,1,3,,85871,17,4,,1,2,,85875,15,4,,1,7,,85874,17,4,,1,8,,85885,15,4,,1,6,,85877,17,4,,1,5,,85878,15,4,,1,45,,85879,17,4,,1,6,,85886,15,4,,1
37101,'Samedi-1',753,,86004,43,4,,1,100,,86003,43,4,,1,102,,86007,43,4,,1,100,,86006,43,4,,1,100,,86008,43,4,,1,101,,86005,43,4,,1,101,,86009,43,4,,1,98,,86010,43,4,,1,100,,86011,43,4,,1,100,,86012,43,4,,1,99,,86013,43,4,,1,105,,86014,43,4,,1,94,,86015,43,4,,1,99,,86016,43,4,,1,100,,86017,43,4,,1,99,,86018,43,4,,1,100,,86019,43,4,,1
37101,'Samedi-10',753,,77625,43,4,,1,100,,77624,43,4,,1,102,,77628,43,4,,1,100,,77627,43,4,,1,100,,77629,43,4,,1,101,,77626,43,4,,1,101,,77630,43,4,,1,98,,77631,43,4,,1,100,,77632,43,4,,1,100,,77633,43,4,,1,99,,77634,43,4,,1,105,,77635,43,4,,1,94,,77636,43,4,,1,99,,77637,43,4,,1,100,,77638,43,4,,1,99,,77639,43,4,,1,100,,77640,43,4,,1
37101,'Dimanche-1',753,,86033,43,4,,1,100,,86022,43,4,,1,102,,86023,43,4,,1,100,,86020,43,4,,1,100,,86025,43,4,,1,101,,86021,43,4,,1,101,,86024,43,4,,1,98,,86027,43,4,,1,100,,86026,43,4,,1,100,,86028,43,4,,1,99,,86032,43,4,,1,105,,86031,43,4,,1,94,,86029,43,4,,1,99,,86030,43,4,,1,100,,86034,43,4,,1,99,,86035,43,4,,1,100,,86036,43,4,,1
37101,'Semaine-1',602,,86053,43,4,,1,33,,86056,42,4,,1,73,,86049,42,4,,1,30,,86051,42,4,,1,75,,86061,42,4,,1,30,,86060,42,4,,1,66,,86055,42,4,,1,32,,86039,42,4,,1,98,,86046,43,4,,1,100,,86044,43,4,,1,100,,86045,43,4,,1,100,,86059,43,4,,1,100,,86042,43,4,,1,109,,86043,43,4,,1,71,,86040,43,4,,1,30,,86047,43,4,,1,67,,86057,43,4,,1,26,,86058,43,4,,1,70,,86037,43,4,,1,40,,86041,43,4,,1,91,,86052,43,4,,1,100,,86054,43,4,,1,100,,86038,43,4,,1,96,,86048,43,4,,1,183,,86050,43,4,,1
37101,'Semaine-12',602,,86078,43,4,,1,33,,86081,42,4,,1,73,,86074,42,4,,1,30,,86076,42,4,,1,75,,86086,42,4,,1,30,,86085,42,4,,1,66,,86080,42,4,,1,32,,86064,42,4,,1,98,,86071,43,4,,1,100,,86069,43,4,,1,100,,86070,43,4,,1,100,,86084,43,4,,1,100,,86067,43,4,,1,109,,86068,43,4,,1,71,,86065,43,4,,1,30,,86072,43,4,,1,67,,86082,43,4,,1,26,,86083,43,4,,1,70,,86062,43,4,,1,40,,86066,43,4,,1,91,,86077,43,4,,1,100,,86079,43,4,,1,100,,86063,43,4,,1,96,,86073,43,4,,1,183,,86075,43,4,,1
40001,'Samedi-1',656,,86419,22,4,,1,55,,86422,22,4,,1,15,,86424,22,4,,1,15,,86420,22,4,,1,15,,86421,22,4,,1,55,,86423,22,4,,1,15,,86429,22,4,,1,15,,86436,22,4,,1,15,,86427,22,4,,1,56,,86447,22,4,,1,15,,86425,22,4,,1,16,,86426,22,4,,1,16,,86435,22,4,,1,55,,86428,22,4,,1,15,,86430,22,4,,1,15,,86438,22,4,,1,15,,86439,22,4,,1,55,,86440,22,4,,1,15,,86446,22,4,,1,15,,86445,22,4,,1,15,,86449,22,4,,1,55,,86432,22,4,,1,17,,86431,22,4,,1,15,,86434,22,4,,1,55,,86437,22,4,,1,15,,86433,22,4,,1,15,,86442,22,4,,1,15,,86444,22,4,,1,55,,86450,22,4,,1,15,,86441,22,4,,1,15,,86443,22,4,,1,15,,86448,22,4,,1,55,,86451,22,4,,1,15,,86452,22,4,,1,15,,86453,22,4,,1,15,,86454,22,4,,1,55,,86455,22,4,,1,15,,86456,22,4,,1,15,,86457,22,4,,1,15,,86458,22,4,,1,56,,86459,22,4,,1,14,,86460,22,4,,1,15,,86461,22,4,,1,15,,86462,22,4,,1,55,,86463,22,4,,1,15,,86464,22,4,,1,15,,86465,22,4,,1,14,,86468,22,4,,1,13,,86466,22,4,,1,55,,86467,22,4,,1,16,,86470,22,4,,1,15,,86469,22,4,,1,15,,86474,22,4,,1,55,,86472,22,4,,1,14,,86473,22,4,,1,15,,86471,22,4,,1,15,,86475,22,4,,1,55,,86477,22,4,,1,15,,86478,22,4,,1,15,,86479,22,4,,1,15,,86476,22,4,,1,55,,86482,22,4,,1,15,,86481,22,4,,1,15,,86480,22,4,,1,15,,86483,22,4,,1,55,,86484,22,4,,1,15,,86485,22,4,,1,15,,86486,22,4,,1,15,,86488,22,4,,1,55,,86487,22,4,,1,15,,86490,22,4,,1,15,,86489,22,4,,1,15,,86491,22,4,,1
40001,'Samedi-10',656,,78574,22,4,,1,55,,78577,22,4,,1,15,,78579,22,4,,1,15,,78575,22,4,,1,15,,78576,22,4,,1,55,,78578,22,4,,1,15,,78584,22,4,,1,15,,78591,22,4,,1,15,,78582,22,4,,1,56,,78602,22,4,,1,15,,78580,22,4,,1,16,,78581,22,4,,1,16,,78590,22,4,,1,55,,78583,22,4,,1,15,,78585,22,4,,1,15,,78593,22,4,,1,15,,78594,22,4,,1,55,,78595,22,4,,1,15,,78601,22,4,,1,15,,78600,22,4,,1,15,,78604,22,4,,1,55,,78587,22,4,,1,17,,78586,22,4,,1,15,,78589,22,4,,1,55,,78592,22,4,,1,15,,78588,22,4,,1,15,,78597,22,4,,1,15,,78599,22,4,,1,55,,78605,22,4,,1,15,,78596,22,4,,1,15,,78598,22,4,,1,15,,78603,22,4,,1,55,,78606,22,4,,1,15,,78607,22,4,,1,15,,78608,22,4,,1,15,,78609,22,4,,1,55,,78610,22,4,,1,15,,78611,22,4,,1,15,,78612,22,4,,1,15,,78613,22,4,,1,56,,78614,22,4,,1,14,,78615,22,4,,1,15,,78616,22,4,,1,15,,78617,22,4,,1,55,,78618,22,4,,1,15,,78619,22,4,,1,15,,78620,22,4,,1,14,,78623,22,4,,1,13,,78621,22,4,,1,55,,78622,22,4,,1,16,,78625,22,4,,1,15,,78624,22,4,,1,15,,78629,22,4,,1,55,,78627,22,4,,1,14,,78628,22,4,,1,15,,78626,22,4,,1,15,,78630,22,4,,1,55,,78632,22,4,,1,15,,78633,22,4,,1,15,,78634,22,4,,1,15,,78631,22,4,,1,55,,78637,22,4,,1,15,,78636,22,4,,1,15,,78635,22,4,,1,15,,78638,22,4,,1,55,,78639,22,4,,1,15,,78640,22,4,,1,15,,78641,22,4,,1,15,,78643,22,4,,1,55,,78642,22,4,,1,15,,78645,22,4,,1,15,,78644,22,4,,1,15,,78646,22,4,,1
40001,'Dimanche-1',656,,86492,22,4,,1,55,,86499,22,4,,1,15,,86500,22,4,,1,15,,86494,22,4,,1,15,,86493,22,4,,1,55,,86498,22,4,,1,15,,86509,22,4,,1,15,,86512,22,4,,1,15,,86495,22,4,,1,56,,86504,22,4,,1,15,,86501,22,4,,1,16,,86518,22,4,,1,16,,86521,22,4,,1,55,,86502,22,4,,1,15,,86510,22,4,,1,15,,86525,22,4,,1,15,,86514,22,4,,1,55,,86530,22,4,,1,15,,86503,22,4,,1,15,,86519,22,4,,1,15,,86520,22,4,,1,55,,86515,22,4,,1,17,,86531,22,4,,1,15,,86524,22,4,,1,55,,86505,22,4,,1,15,,86513,22,4,,1,15,,86507,22,4,,1,15,,86517,22,4,,1,55,,86526,22,4,,1,15,,86511,22,4,,1,15,,86506,22,4,,1,15,,86523,22,4,,1,55,,86496,22,4,,1,15,,86528,22,4,,1,15,,86497,22,4,,1,15,,86516,22,4,,1,55,,86527,22,4,,1,15,,86508,22,4,,1,15,,86536,22,4,,1,15,,86522,22,4,,1,56,,86539,22,4,,1,14,,86529,22,4,,1,15,,86543,22,4,,1,15,,86537,22,4,,1,55,,86545,22,4,,1,15,,86541,22,4,,1,15,,86547,22,4,,1,14,,86532,22,4,,1,13,,86538,22,4,,1,55,,86533,22,4,,1,16,,86542,22,4,,1,15,,86535,22,4,,1,15,,86544,22,4,,1,55,,86540,22,4,,1,14,,86546,22,4,,1,15,,86534,22,4,,1,15,,86548,22,4,,1,55,,86550,22,4,,1,15,,86549,22,4,,1,15,,86552,22,4,,1,15,,86551,22,4,,1,55,,86553,22,4,,1,15,,86554,22,4,,1,15,,86555,22,4,,1,15,,86556,22,4,,1,55,,86557,22,4,,1,15,,86558,22,4,,1,15,,86559,22,4,,1,15,,86560,22,4,,1,55,,86561,22,4,,1,15,,86562,22,4,,1,15,,86563,22,4,,1,15,,86564,22,4,,1
40001,'Semaine-1',529,,86635,22,4,,1,10,,86636,22,4,,1,10,,86637,22,4,,1,10,,86638,22,4,,1,50,,86639,22,4,,1,12,,86640,22,4,,1,5,,86641,22,4,,1,5,,86642,22,4,,1,4,,86643,22,4,,1,6,,86649,22,4,,1,272,,86644,22,4,,1,9,,86645,20,4,,1,6,,86646,22,4,,1,10,,86647,22,4,,1,11,,86648,22,4,,1,10,,86594,22,4,,1,49,,86579,22,4,,1,11,,86604,22,4,,1,11,,86605,22,4,,1,9,,86651,22,4,,1,10,,86569,22,4,,1,10,,86652,22,4,,1,50,,86567,22,4,,1,10,,86601,22,4,,1,10,,86621,22,4,,1,10,,86588,22,4,,1,10,,86596,22,4,,1,10,,86593,22,4,,1,50,,86571,22,4,,1,10,,86632,22,4,,1,10,,86606,22,4,,1,10,,86618,22,4,,1,10,,86570,22,4,,1,10,,86580,22,4,,1,50,,86573,22,4,,1,10,,86589,22,4,,1,10,,86622,22,4,,1,10,,86603,22,4,,1,10,,86597,22,4,,1,10,,86592,22,4,,1,50,,86585,22,4,,1,10,,86628,22,4,,1,10,,86607,22,4,,1,10,,86619,22,4,,1,10,,86634,22,4,,1,51,,86582,22,4,,1,12,,86565,22,4,,1,10,,86624,22,4,,1,12,,86623,22,4,,1,10,,86608,22,4,,1,10,,86598,22,4,,1,46,,86590,18,4,,1,6,,86575,22,4,,1,12,,86626,22,4,,1,13,,86633,22,4,,1,7,,86650,18,4,,1,5,,86620,22,4,,1,13,,86655,22,4,,1,50,,86600,22,4,,1,12,,86629,22,4,,1,12,,86653,22,4,,1,12,,86613,22,4,,1,11,,86591,22,4,,1,49,,86576,22,4,,1,12,,86581,22,4,,1,12,,86654,22,4,,1,12,,86583,22,4,,1,12,,86609,22,4,,1,50,,86599,22,4,,1,12,,86630,22,4,,1,10,,86616,22,4,,1,12,,86595,22,4,,1,9,,86577,22,4,,1,13,,86617,22,4,,1,52,,86657,22,4,,1,11,,86656,22,4,,1,12,,86584,22,4,,1,12,,86610,22,4,,1,12,,86587,22,4,,1,52,,86631,22,4,,1,12,,86614,22,4,,1,15,,86572,22,4,,1,13,,86658,22,4,,1,57,,86578,22,4,,1,15,,86574,22,4,,1,15,,86625,22,4,,1,11,,86611,22,4,,1,55,,86586,22,4,,1,15,,86615,22,4,,1,15,,86627,22,4,,1,15,,86568,22,4,,1,55,,86566,22,4,,1,15,,86602,22,4,,1,30,,86612,22,4,,1
40001,'Semaine-12',529,,86729,22,4,,1,10,,86730,22,4,,1,10,,86731,22,4,,1,10,,86732,22,4,,1,50,,86733,22,4,,1,12,,86734,22,4,,1,5,,86735,22,4,,1,5,,86736,22,4,,1,4,,86737,22,4,,1,6,,86743,22,4,,1,272,,86738,22,4,,1,9,,86739,20,4,,1,6,,86740,22,4,,1,10,,86741,22,4,,1,11,,86742,22,4,,1,10,,86688,22,4,,1,49,,86673,22,4,,1,11,,86698,22,4,,1,11,,86699,22,4,,1,9,,86745,22,4,,1,10,,86663,22,4,,1,10,,86746,22,4,,1,50,,86661,22,4,,1,10,,86695,22,4,,1,10,,86715,22,4,,1,10,,86682,22,4,,1,10,,86690,22,4,,1,10,,86687,22,4,,1,50,,86665,22,4,,1,10,,86726,22,4,,1,10,,86700,22,4,,1,10,,86712,22,4,,1,10,,86664,22,4,,1,10,,86674,22,4,,1,50,,86667,22,4,,1,10,,86683,22,4,,1,10,,86716,22,4,,1,10,,86697,22,4,,1,10,,86691,22,4,,1,10,,86686,22,4,,1,50,,86679,22,4,,1,10,,86722,22,4,,1,10,,86701,22,4,,1,10,,86713,22,4,,1,10,,86728,22,4,,1,51,,86676,22,4,,1,12,,86659,22,4,,1,10,,86718,22,4,,1,12,,86717,22,4,,1,10,,86702,22,4,,1,10,,86692,22,4,,1,46,,86684,18,4,,1,6,,86669,22,4,,1,12,,86720,22,4,,1,13,,86727,22,4,,1,7,,86744,18,4,,1,5,,86714,22,4,,1,13,,86749,22,4,,1,50,,86694,22,4,,1,12,,86723,22,4,,1,12,,86747,22,4,,1,12,,86707,22,4,,1,11,,86685,22,4,,1,49,,86670,22,4,,1,12,,86675,22,4,,1,12,,86748,22,4,,1,12,,86677,22,4,,1,12,,86703,22,4,,1,50,,86693,22,4,,1,12,,86724,22,4,,1,10,,86710,22,4,,1,12,,86689,22,4,,1,9,,86671,22,4,,1,13,,86711,22,4,,1,52,,86751,22,4,,1,11,,86750,22,4,,1,12,,86678,22,4,,1,12,,86704,22,4,,1,12,,86681,22,4,,1,52,,86725,22,4,,1,12,,86708,22,4,,1,15,,86666,22,4,,1,13,,86752,22,4,,1,57,,86672,22,4,,1,15,,86668,22,4,,1,15,,86719,22,4,,1,11,,86705,22,4,,1,55,,86680,22,4,,1,15,,86709,22,4,,1,15,,86721,22,4,,1,15,,86662,22,4,,1,55,,86660,22,4,,1,15,,86696,22,4,,1,30,,86706,22,4,,1
