4200,'Semaine-1',612,,81951,3,,,1,101,,81952,3,,,1,901,,81953,3,,,1,99,,81954,3,,,1
4200,'Semaine-12',612,,81955,3,,,1,101,,81956,3,,,1,901,,81957,3,,,1,99,,81958,3,,,1
5201,'Samedi-1',707,,82303,56,,,1,100,,82304,56,,,1,100,,82305,56,,,1,100,,82306,56,,,1,102,,82308,56,,,1,100,,82307,56,,,1,100,,82309,56,,,1,100,,82310,56,,,1,101,,82311,56,,,1,99,,82312,56,,,1,100,,82313,56,,,1,100,,82314,56,,,1,99,,82317,56,,,1,100,,82315,56,,,1,96,,82319,56,,,1,101,,82316,56,,,1,100,,82318,56,,,1,101,,82320,56,,,1
5201,'Samedi-10',707,,70449,56,,,1,100,,70450,56,,,1,100,,70451,56,,,1,100,,70452,56,,,1,102,,70454,56,,,1,100,,70453,56,,,1,100,,70455,56,,,1,100,,70456,56,,,1,101,,70457,56,,,1,99,,70458,56,,,1,100,,70459,56,,,1,100,,70460,56,,,1,99,,70463,56,,,1,100,,70461,56,,,1,96,,70465,56,,,1,101,,70462,56,,,1,100,,70464,56,,,1,101,,70466,56,,,1
5201,'Dimanche-1',707,,82321,56,,,1,100,,82322,56,,,1,100,,82323,56,,,1,100,,82326,56,,,1,102,,82324,56,,,1,100,,82328,56,,,1,100,,82325,56,,,1,100,,82330,56,,,1,101,,82327,56,,,1,99,,82329,56,,,1,100,,82332,56,,,1,100,,82334,56,,,1,99,,82331,56,,,1,100,,82333,56,,,1,96,,82335,56,,,1,101,,82336,56,,,1,100,,82337,56,,,1,101,,82338,56,,,1
5201,'Semaine-1',639,,82354,56,,,1,103,,82356,56,,,1,102,,82355,56,,,1,97,,82339,56,,,1,102,,82345,56,,,1,99,,82342,56,,,1,100,,82349,56,,,1,100,,82340,56,,,1,100,,82344,56,,,1,103,,82343,56,,,1,100,,82353,56,,,1,99,,82352,56,,,1,98,,82346,56,,,1,96,,82347,56,,,1,100,,82351,56,,,1,100,,82348,56,,,1,100,,82350,56,,,1,100,,82341,56,,,2
5201,'Semaine-12',639,,82372,56,,,1,103,,82374,56,,,1,102,,82373,56,,,1,97,,82357,56,,,1,102,,82363,56,,,1,99,,82360,56,,,1,100,,82367,56,,,1,100,,82358,56,,,1,100,,82362,56,,,1,103,,82361,56,,,1,100,,82371,56,,,1,99,,82370,56,,,1,98,,82364,56,,,1,96,,82365,56,,,1,100,,82369,56,,,1,100,,82366,56,,,1,100,,82368,56,,,1,100,,82359,56,,,2
44900,'Semaine-1',703,,86791,3,0,9 14,1
44900,'Semaine-12',703,,86792,3,0,9 14,1
55401,'Semaine-1',1544,,86814,27,0,5 6,1
55401,'Semaine-12',1544,,86816,27,0,5 6,1
65400,'Semaine-1',1516,,86859,15,0,9 10,2
65400,'Semaine-12',1516,,86860,15,0,9 10,2
75400,'Semaine-1',1515,,86896,13,0,9 18,1
75400,'Semaine-12',1515,,86898,13,0,9 18,1
