3100,'Samedi-1',715,,80085,21,,,1,105,,80086,21,,,1,102,,80087,21,,,1,101,,80088,21,,,1,102,,80089,21,,,1,101,,80090,21,,,1,101,,80091,21,,,1,100,,80092,21,,,1,100,,80093,21,,,1,102,,80094,21,,,1,100,,80095,21,,,1,100,,80096,21,,,1,94,,80097,21,,,1,100,,80098,21,,,1,100,,80099,21,,,1,100,,80100,21,,,1,101,,80101,21,,,1,100,,80102,21,,,1,100,,80103,21,,,1
3100,'Samedi-10',715,,66103,21,,,1,105,,66104,21,,,1,102,,66105,21,,,1,101,,66106,21,,,1,102,,66107,21,,,1,101,,66108,21,,,1,101,,66109,21,,,1,100,,66110,21,,,1,100,,66111,21,,,1,102,,66112,21,,,1,100,,66113,21,,,1,100,,66114,21,,,1,94,,66115,21,,,1,100,,66116,21,,,1,100,,66117,21,,,1,100,,66118,21,,,1,101,,66119,21,,,1,100,,66120,21,,,1,100,,66121,21,,,1
3100,'Dimanche-1',715,,80108,21,,,1,105,,80110,21,,,1,102,,80109,21,,,1,101,,80117,21,,,1,102,,80112,21,,,1,101,,80104,21,,,1,101,,80107,21,,,1,100,,80106,21,,,1,100,,80105,21,,,1,102,,80111,21,,,1,100,,80113,21,,,1,100,,80114,21,,,1,94,,80116,21,,,1,100,,80115,21,,,1,100,,80118,21,,,1,100,,80119,21,,,1,101,,80120,21,,,1,100,,80121,21,,,1,100,,80122,21,,,1
3100,'Semaine-1',623,,80127,21,,,1,85,,80160,21,,,1,21,,80140,21,,,1,21,,80128,21,,,1,55,,80165,21,,,1,21,,80162,21,,,1,21,,80124,21,,,1,58,,80137,21,,,1,23,,80138,21,,,1,9,,80129,21,,,1,64,,80131,21,,,1,20,,80148,21,,,1,27,,80149,21,,,1,71,,80130,21,,,1,30,,80135,21,,,1,70,,80154,21,,,1,30,,80151,21,,,1,57,,80132,21,,,1,13,,80125,21,,,1,19,,80159,21,,,1,20,,80163,21,,,1,58,,80150,21,,,1,29,,80133,21,,,1,62,,80153,21,,,1,10,,80155,21,,,1,35,,80161,21,,,1,64,,80152,21,,,1,18,,80134,21,,,1,19,,80145,21,,,1,63,,80147,21,,,1,19,,80136,21,,,1,17,,80123,21,,,1,55,,80126,21,,,1,10,,80157,21,,,1,29,,80164,21,,,1,12,,80142,21,,,1,60,,80158,21,,,1,106,,80143,21,,,1,99,,80139,21,,,1,100,,80144,21,,,1,100,,80146,21,,,1,100,,80156,21,,,1,100,,80141,21,,,1
3100,'Semaine-12',623,,80170,21,,,1,85,,80203,21,,,1,21,,80183,21,,,1,21,,80171,21,,,1,55,,80208,21,,,1,21,,80205,21,,,1,21,,80167,21,,,1,58,,80180,21,,,1,23,,80181,21,,,1,9,,80172,21,,,1,64,,80174,21,,,1,20,,80191,21,,,1,27,,80192,21,,,1,71,,80173,21,,,1,30,,80178,21,,,1,70,,80197,21,,,1,30,,80194,21,,,1,57,,80175,21,,,1,13,,80168,21,,,1,19,,80202,21,,,1,20,,80206,21,,,1,58,,80193,21,,,1,29,,80176,21,,,1,62,,80196,21,,,1,10,,80198,21,,,1,35,,80204,21,,,1,64,,80195,21,,,1,18,,80177,21,,,1,19,,80188,21,,,1,63,,80190,21,,,1,19,,80179,21,,,1,17,,80166,21,,,1,55,,80169,21,,,1,10,,80200,21,,,1,29,,80207,21,,,1,12,,80185,21,,,1,60,,80201,21,,,1,106,,80186,21,,,1,99,,80182,21,,,1,100,,80187,21,,,1,100,,80189,21,,,1,100,,80199,21,,,1,100,,80184,21,,,1
3901,'Samedi-1',617,,81789,18,,,1,100,,81791,18,,,1,100,,81795,18,,,1,101,,81794,18,,,1,100,,81797,18,,,1,100,,81796,18,,,1,100,,81792,18,,,1,30,,81790,18,,,1,70,,81798,18,,,1,30,,81793,18,,,1,71,,81799,18,,,1,30,,81800,18,,,1,70,,81801,18,,,1,30,,81802,18,,,1,70,,81803,18,,,1,30,,81804,18,,,1,70,,81805,18,,,1,30,,81806,18,,,1,70,,81807,18,,,1,29,,81808,18,,,1,100,,81809,18,,,1,100,,81810,18,,,1,100,,81811,18,,,1,100,,81812,18,,,1
3901,'Samedi-10',617,,69456,18,,,1,100,,69458,18,,,1,100,,69462,18,,,1,101,,69461,18,,,1,100,,69464,18,,,1,100,,69463,18,,,1,100,,69459,18,,,1,30,,69457,18,,,1,70,,69465,18,,,1,30,,69460,18,,,1,71,,69466,18,,,1,30,,69467,18,,,1,70,,69468,18,,,1,30,,69469,18,,,1,70,,69470,18,,,1,30,,69471,18,,,1,70,,69472,18,,,1,30,,69473,18,,,1,70,,69474,18,,,1,29,,69475,18,,,1,100,,69476,18,,,1,100,,69477,18,,,1,100,,69478,18,,,1,100,,69479,18,,,1
3901,'Dimanche-1',617,,81813,18,,,1,100,,81820,18,,,1,100,,81823,18,,,1,101,,81816,18,,,1,100,,81818,18,,,1,100,,81819,18,,,1,100,,81822,18,,,1,30,,81815,18,,,1,70,,81817,18,,,1,30,,81824,18,,,1,71,,81814,18,,,1,30,,81826,18,,,1,70,,81821,18,,,1,30,,81828,18,,,1,70,,81831,18,,,1,30,,81833,18,,,1,70,,81829,18,,,1,30,,81830,18,,,1,70,,81832,18,,,1,29,,81825,18,,,1,100,,81827,18,,,1,100,,81834,18,,,1,100,,81835,18,,,1,100,,81836,18,,,1
3901,'Semaine-1',639,,81859,18,,,1,66,,81848,18,,,1,37,,81849,18,,,1,73,,81845,18,,,1,32,,81851,18,,,1,70,,81853,18,,,2,30,,81860,18,,,1,70,,81871,18,,,1,30,,81866,18,,,2,70,,81861,18,,,1,30,,81846,18,,,1,71,,81855,18,,,1,31,,81862,18,,,1,69,,81847,18,,,2,30,,81844,18,,,1,73,,81863,18,,,1,29,,81856,18,,,1,71,,81837,18,,,1,31,,81864,18,,,2,69,,81842,18,,,1,31,,81839,18,,,1,70,,81867,18,,,1,28,,81852,18,,,1,71,,81858,18,,,2,31,,81843,18,,,2,72,,81865,18,,,1,25,,81838,18,,,2,66,,81868,18,,,1,30,,81841,18,,,1,70,,81857,18,,,1,32,,81869,18,,,1,70,,81840,18,,,1,32,,81850,18,,,1,70,,81870,18,,,1,30,,81854,18,,,1
3901,'Semaine-12',639,,81894,18,,,1,66,,81883,18,,,1,37,,81884,18,,,1,73,,81880,18,,,1,32,,81886,18,,,1,70,,81888,18,,,2,30,,81895,18,,,1,70,,81906,18,,,1,30,,81901,18,,,2,70,,81896,18,,,1,30,,81881,18,,,1,71,,81890,18,,,1,31,,81897,18,,,1,69,,81882,18,,,2,30,,81879,18,,,1,73,,81898,18,,,1,29,,81891,18,,,1,71,,81872,18,,,1,31,,81899,18,,,2,69,,81877,18,,,1,31,,81874,18,,,1,70,,81902,18,,,1,28,,81887,18,,,1,71,,81893,18,,,2,31,,81878,18,,,2,72,,81900,18,,,1,25,,81873,18,,,2,66,,81903,18,,,1,30,,81876,18,,,1,70,,81892,18,,,1,32,,81904,18,,,1,70,,81875,18,,,1,32,,81885,18,,,1,70,,81905,18,,,1,30,,81889,18,,,1
32901,'Semaine-1',1632,,85909,19,0,7 8,1
32901,'Semaine-12',1632,,85910,19,0,7 8,1
82600,'Semaine-1',1525,,87121,5,0,9 12 13,1
82600,'Semaine-12',1525,,87123,5,0,9 12 13,1
83100,'Semaine-1',1525,,87145,5,0,9 12 13,1
83100,'Semaine-12',1525,,87147,5,0,9 12 13,1
