7500,'Samedi-1',718,,84775,25,,,1,100,,84776,25,,,1,101,,84779,25,,,1,100,,84778,25,,,1,100,,84781,25,,,1,100,,84777,25,,,1,102,,84780,25,,,1,100,,84782,25,,,1,100,,84783,25,,,1,100,,84784,25,,,1,100,,84785,25,,,1,100,,84789,25,,,1,98,,84786,25,,,1,100,,84787,25,,,1,100,,84788,25,,,1,100,,84790,25,,,1,100,,84791,25,,,1,98,,84792,25,,,1
7500,'Samedi-10',718,,75333,25,,,1,100,,75334,25,,,1,101,,75337,25,,,1,100,,75336,25,,,1,100,,75339,25,,,1,100,,75335,25,,,1,102,,75338,25,,,1,100,,75340,25,,,1,100,,75341,25,,,1,100,,75342,25,,,1,100,,75343,25,,,1,100,,75347,25,,,1,98,,75344,25,,,1,100,,75345,25,,,1,100,,75346,25,,,1,100,,75348,25,,,1,100,,75349,25,,,1,98,,75350,25,,,1
7500,'Dimanche-1',718,,84793,25,,,1,100,,84796,25,,,1,101,,84797,25,,,1,100,,84806,25,,,1,100,,84794,25,,,1,100,,84801,25,,,1,102,,84795,25,,,1,100,,84798,25,,,1,100,,84800,25,,,1,100,,84799,25,,,1,100,,84802,25,,,1,100,,84803,25,,,1,98,,84804,25,,,1,100,,84805,25,,,1,100,,84807,25,,,1,100,,84808,25,,,1,100,,84809,25,,,1,98,,84810,25,,,1
7500,'Semaine-1',633,,84829,25,,,1,100,,84814,25,,,1,85,,84837,25,,,2,108,,84840,25,,,1,77,,84838,25,,,1,30,,84833,25,,,1,70,,84821,25,,,1,30,,84820,25,,,1,70,,84828,25,,,1,30,,84830,25,,,1,70,,84831,25,,,1,30,,84826,25,,,1,70,,84818,25,,,1,30,,84839,25,,,1,73,,84819,25,,,1,30,,84825,25,,,1,19,,84817,25,,,1,61,,84832,25,,,1,20,,84836,25,,,1,23,,84823,25,,,1,57,,84816,25,,,2,20,,84824,25,,,1,18,,84841,25,,,1,60,,84835,25,,,1,25,,84815,25,,,1,80,,84822,25,,,2,100,,84813,25,,,2,98,,84811,25,,,2,100,,84812,25,,,2,100,,84834,25,,,2,100,,84827,25,,,2
7500,'Semaine-12',633,,84860,25,,,1,100,,84845,25,,,1,85,,84868,25,,,2,108,,84871,25,,,1,77,,84869,25,,,1,30,,84864,25,,,1,70,,84852,25,,,1,30,,84851,25,,,1,70,,84859,25,,,1,30,,84861,25,,,1,70,,84862,25,,,1,30,,84857,25,,,1,70,,84849,25,,,1,30,,84870,25,,,1,73,,84850,25,,,1,30,,84856,25,,,1,19,,84848,25,,,1,61,,84863,25,,,1,20,,84867,25,,,1,23,,84854,25,,,1,57,,84847,25,,,2,20,,84855,25,,,1,18,,84872,25,,,1,60,,84866,25,,,1,25,,84846,25,,,1,80,,84853,25,,,2,100,,84844,25,,,2,98,,84842,25,,,2,100,,84843,25,,,2,100,,84865,25,,,2,100,,84858,25,,,2
7700,'Samedi-1',746,,85181,8,,,1,100,,85180,8,,,1,100,,85179,8,,,1,100,,85184,8,,,1,100,,85182,8,,,1,100,,85183,8,,,1,100,,85185,8,,,1,100,,85186,8,,,2,100,,85187,8,,,1,100,,85188,8,,,1,100,,85189,8,,,1,100,,85190,8,,,1,100,,85191,8,,,1,100,,85194,8,,,1,100,,85192,8,,,1,100,,85193,8,,,1
7700,'Samedi-10',746,,76143,8,,,1,100,,76142,8,,,1,100,,76141,8,,,1,100,,76146,8,,,1,100,,76144,8,,,1,100,,76145,8,,,1,100,,76147,8,,,1,100,,76148,8,,,2,100,,76149,8,,,1,100,,76150,8,,,1,100,,76151,8,,,1,100,,76152,8,,,1,100,,76153,8,,,1,100,,76156,8,,,1,100,,76154,8,,,1,100,,76155,8,,,1
7700,'Dimanche-1',746,,85197,8,,,1,100,,85198,8,,,1,100,,85195,8,,,1,100,,85207,8,,,1,100,,85196,8,,,1,100,,85201,8,,,1,100,,85199,8,,,1,100,,85200,8,,,2,100,,85202,8,,,1,100,,85205,8,,,1,100,,85203,8,,,1,100,,85204,8,,,1,100,,85206,8,,,1,100,,85208,8,,,1,100,,85209,8,,,1,100,,85210,8,,,1
7700,'Semaine-1',525,,85236,8,,,1,29,,85221,8,,,1,70,,85223,8,,,1,30,,85213,8,,,1,70,,85224,8,,,1,34,,85235,8,,,2,66,,85220,8,,,2,26,,85225,8,,,2,70,,85240,8,,,2,30,,85226,8,,,1,70,,85241,8,,,1,30,,85227,8,,,1,70,,85242,8,,,1,30,,85228,8,,,1,70,,85239,8,,,1,30,,85229,8,,,1,70,,85238,8,,,1,30,,85230,8,,,1,70,,85237,8,,,1,30,,85212,8,,,1,71,,85232,8,,,1,30,,85217,8,,,1,70,,85231,8,,,1,30,,85215,8,,,1,70,,85233,8,,,1,29,,85216,8,,,1,70,,85222,8,,,1,30,,85234,8,,,1,100,,85218,8,,,1,100,,85219,8,,,1,100,,85214,8,,,1,100,,85211,8,,,1
7700,'Semaine-12',525,,85268,8,,,1,29,,85253,8,,,1,70,,85255,8,,,1,30,,85245,8,,,1,70,,85256,8,,,1,34,,85267,8,,,2,66,,85252,8,,,2,26,,85257,8,,,2,70,,85272,8,,,2,30,,85258,8,,,1,70,,85273,8,,,1,30,,85259,8,,,1,70,,85274,8,,,1,30,,85260,8,,,1,70,,85271,8,,,1,30,,85261,8,,,1,70,,85270,8,,,1,30,,85262,8,,,1,70,,85269,8,,,1,30,,85244,8,,,1,71,,85264,8,,,1,30,,85249,8,,,1,70,,85263,8,,,1,30,,85247,8,,,1,70,,85265,8,,,1,29,,85248,8,,,1,70,,85254,8,,,1,30,,85266,8,,,1,100,,85250,8,,,1,100,,85251,8,,,1,100,,85246,8,,,1,100,,85243,8,,,1
7800,'Samedi-1',817,,85278,8,,,1,100,,85277,8,,,1,100,,85275,8,,,1,100,,85280,8,,,1,100,,85276,8,,,1,100,,85279,8,,,1,100,,85281,8,,,1,100,,85282,8,,,2,100,,85283,8,,,1,100,,85284,8,,,1,100,,85285,8,,,1,100,,85286,8,,,1,100,,85287,8,,,1,100,,85288,8,,,1,100,,85289,8,,,1,100,,85290,8,,,1
7800,'Samedi-10',817,,76336,8,,,1,100,,76335,8,,,1,100,,76333,8,,,1,100,,76338,8,,,1,100,,76334,8,,,1,100,,76337,8,,,1,100,,76339,8,,,1,100,,76340,8,,,2,100,,76341,8,,,1,100,,76342,8,,,1,100,,76343,8,,,1,100,,76344,8,,,1,100,,76345,8,,,1,100,,76346,8,,,1,100,,76347,8,,,1,100,,76348,8,,,1
7800,'Dimanche-1',817,,85293,8,,,1,100,,85294,8,,,1,100,,85291,8,,,1,100,,85302,8,,,1,100,,85292,8,,,1,100,,85297,8,,,1,100,,85295,8,,,1,100,,85296,8,,,2,100,,85298,8,,,1,100,,85301,8,,,1,100,,85299,8,,,1,100,,85300,8,,,1,100,,85303,8,,,1,100,,85304,8,,,1,100,,85305,8,,,1,100,,85306,8,,,1
7800,'Semaine-1',448,,85319,8,,,1,60,,85320,8,,,1,30,,85309,8,,,1,71,,85321,8,,,1,30,,85307,8,,,1,67,,85322,8,,,2,37,,85331,8,,,2,67,,85312,8,,,1,26,,85323,8,,,2,70,,85324,8,,,1,30,,85335,8,,,1,70,,85325,8,,,1,30,,85336,8,,,1,70,,85326,8,,,1,30,,85337,8,,,1,70,,85327,8,,,1,30,,85338,8,,,1,70,,85328,8,,,1,30,,85339,8,,,1,70,,85329,8,,,1,30,,85314,8,,,1,70,,85330,8,,,1,30,,85308,8,,,1,72,,85317,8,,,1,28,,85332,8,,,1,70,,85316,8,,,1,30,,85340,8,,,1,70,,85333,8,,,1,30,,85310,8,,,1,85,,85334,8,,,1,100,,85315,8,,,1,100,,85318,8,,,1,100,,85311,8,,,1,100,,85313,8,,,1
7800,'Semaine-12',448,,85353,8,,,1,60,,85354,8,,,1,30,,85343,8,,,1,71,,85355,8,,,1,30,,85341,8,,,1,67,,85356,8,,,2,37,,85365,8,,,2,67,,85346,8,,,1,26,,85357,8,,,2,70,,85358,8,,,1,30,,85369,8,,,1,70,,85359,8,,,1,30,,85370,8,,,1,70,,85360,8,,,1,30,,85371,8,,,1,70,,85361,8,,,1,30,,85372,8,,,1,70,,85362,8,,,1,30,,85373,8,,,1,70,,85363,8,,,1,30,,85348,8,,,1,70,,85364,8,,,1,30,,85342,8,,,1,72,,85351,8,,,1,28,,85366,8,,,1,70,,85350,8,,,1,30,,85374,8,,,1,70,,85367,8,,,1,30,,85344,8,,,1,85,,85368,8,,,1,100,,85349,8,,,1,100,,85352,8,,,1,100,,85345,8,,,1,100,,85347,8,,,1
