4000,'Semaine-1',1558,,81911,53,,,1,70,,81907,53,,,2,74,,81910,53,,,1,28,,81909,53,,,1,28,,81908,53,,,1,66,,81912,53,,,1
4000,'Semaine-12',1558,,81917,53,,,1,70,,81913,53,,,2,74,,81916,53,,,1,28,,81915,53,,,1,28,,81914,53,,,1,66,,81918,53,,,1
5001,'Semaine-1',1649,,82225,35,,,1,103,,82227,35,,,1,93,,82226,35,,,2
5001,'Semaine-12',1649,,82228,35,,,1,103,,82230,35,,,1,93,,82229,35,,,2
5200,'Samedi-1',704,,82231,53,,,1,100,,82232,53,,,1,102,,82233,53,,,1,98,,82234,53,,,1,100,,82235,53,,,1,104,,82236,53,,,1,100,,82237,53,,,1,100,,82238,53,,,1,99,,82239,53,,,1,101,,82240,53,,,1,100,,82241,53,,,1,99,,82242,53,,,1,99,,82243,53,,,1,100,,82246,53,,,1,100,,82244,53,,,1,97,,82245,53,,,1,98,,82247,53,,,1,100,,82248,53,,,1
5200,'Samedi-10',704,,70287,53,,,1,100,,70288,53,,,1,102,,70289,53,,,1,98,,70290,53,,,1,100,,70291,53,,,1,104,,70292,53,,,1,100,,70293,53,,,1,100,,70294,53,,,1,99,,70295,53,,,1,101,,70296,53,,,1,100,,70297,53,,,1,99,,70298,53,,,1,99,,70299,53,,,1,100,,70302,53,,,1,100,,70300,53,,,1,97,,70301,53,,,1,98,,70303,53,,,1,100,,70304,53,,,1
5200,'Dimanche-1',704,,82250,53,,,1,100,,82249,53,,,1,102,,82251,53,,,1,98,,82254,53,,,1,100,,82252,53,,,1,104,,82253,53,,,1,100,,82257,53,,,1,100,,82256,53,,,1,99,,82258,53,,,1,101,,82255,53,,,1,100,,82259,53,,,1,99,,82261,53,,,1,99,,82262,53,,,1,100,,82260,53,,,1,100,,82263,53,,,1,97,,82264,53,,,1,98,,82265,53,,,1,100,,82266,53,,,1
5200,'Semaine-1',636,,82270,53,,,1,99,,82272,53,,,1,109,,82267,53,,,1,95,,82283,53,,,1,98,,82281,53,,,1,101,,82268,53,,,1,100,,82275,53,,,1,99,,82274,53,,,1,103,,82271,53,,,1,102,,82269,53,,,1,108,,82273,53,,,1,98,,82284,53,,,1,106,,82282,53,,,1,100,,82276,53,,,1,83,,82280,53,,,1,100,,82279,53,,,1,98,,82277,53,,,1,99,,82278,53,,,1
5200,'Semaine-12',636,,82288,53,,,1,99,,82290,53,,,1,109,,82285,53,,,1,95,,82301,53,,,1,98,,82299,53,,,1,101,,82286,53,,,1,100,,82293,53,,,1,99,,82292,53,,,1,103,,82289,53,,,1,102,,82287,53,,,1,108,,82291,53,,,1,98,,82302,53,,,1,106,,82300,53,,,1,100,,82294,53,,,1,83,,82298,53,,,1,100,,82297,53,,,1,98,,82295,53,,,1,99,,82296,53,,,1
55001,'Semaine-1',1557,,86805,33,0,5 6,1
55001,'Semaine-12',1557,,86808,33,0,5 6,1
64000,'Semaine-1',1514,,86839,14,0,9 10,2
64000,'Semaine-12',1514,,86842,14,0,9 10,2
74000,'Semaine-1',1700,,86880,50,0,5 11,1
74000,'Semaine-12',1700,,86882,50,0,5 11,1
