3100,'Samedi-1',723,,80085,33,,,1,105,,80086,33,,,1,103,,80087,33,,,1,100,,80088,33,,,1,102,,80089,33,,,1,102,,80090,33,,,1,101,,80091,33,,,1,100,,80092,33,,,1,100,,80093,33,,,1,102,,80094,33,,,1,100,,80095,33,,,1,100,,80096,33,,,1,93,,80097,33,,,1,101,,80098,33,,,1,100,,80099,33,,,1,100,,80100,33,,,1,101,,80101,33,,,1,99,,80102,33,,,1,100,,80103,33,,,1
3100,'Samedi-10',723,,66103,33,,,1,105,,66104,33,,,1,103,,66105,33,,,1,100,,66106,33,,,1,102,,66107,33,,,1,102,,66108,33,,,1,101,,66109,33,,,1,100,,66110,33,,,1,100,,66111,33,,,1,102,,66112,33,,,1,100,,66113,33,,,1,100,,66114,33,,,1,93,,66115,33,,,1,101,,66116,33,,,1,100,,66117,33,,,1,100,,66118,33,,,1,101,,66119,33,,,1,99,,66120,33,,,1,100,,66121,33,,,1
3100,'Dimanche-1',723,,80108,33,,,1,105,,80110,33,,,1,103,,80109,33,,,1,100,,80117,33,,,1,102,,80112,33,,,1,102,,80104,33,,,1,101,,80107,33,,,1,100,,80106,33,,,1,100,,80105,33,,,1,102,,80111,33,,,1,100,,80113,33,,,1,100,,80114,33,,,1,93,,80116,33,,,1,101,,80115,33,,,1,100,,80118,33,,,1,100,,80119,33,,,1,101,,80120,33,,,1,99,,80121,33,,,1,100,,80122,33,,,1
3100,'Semaine-1',633,,80127,33,,,1,84,,80160,33,,,1,21,,80140,33,,,1,21,,80128,33,,,1,55,,80165,33,,,1,21,,80162,33,,,1,21,,80124,33,,,1,58,,80137,33,,,1,23,,80138,33,,,1,9,,80129,33,,,1,64,,80131,33,,,1,20,,80148,33,,,1,27,,80149,33,,,1,71,,80130,33,,,1,30,,80135,33,,,1,70,,80154,33,,,1,30,,80151,33,,,1,57,,80132,33,,,1,13,,80125,33,,,1,19,,80159,33,,,1,60,,80163,33,,,1,18,,80150,33,,,1,29,,80133,33,,,1,63,,80153,33,,,1,11,,80155,33,,,1,75,,80161,33,,,1,24,,80152,33,,,1,18,,80134,33,,,1,59,,80145,33,,,1,23,,80147,33,,,1,18,,80136,33,,,1,57,,80123,33,,,1,15,,80126,33,,,1,10,,80157,33,,,1,28,,80164,33,,,1,52,,80142,33,,,1,20,,80158,33,,,1,106,,80143,33,,,1,99,,80139,33,,,1,100,,80144,33,,,1,100,,80146,33,,,1,100,,80156,33,,,1,100,,80141,33,,,1
3100,'Semaine-12',633,,80170,33,,,1,84,,80203,33,,,1,21,,80183,33,,,1,21,,80171,33,,,1,55,,80208,33,,,1,21,,80205,33,,,1,21,,80167,33,,,1,58,,80180,33,,,1,23,,80181,33,,,1,9,,80172,33,,,1,64,,80174,33,,,1,20,,80191,33,,,1,27,,80192,33,,,1,71,,80173,33,,,1,30,,80178,33,,,1,70,,80197,33,,,1,30,,80194,33,,,1,57,,80175,33,,,1,13,,80168,33,,,1,19,,80202,33,,,1,60,,80206,33,,,1,18,,80193,33,,,1,29,,80176,33,,,1,63,,80196,33,,,1,11,,80198,33,,,1,75,,80204,33,,,1,24,,80195,33,,,1,18,,80177,33,,,1,59,,80188,33,,,1,23,,80190,33,,,1,18,,80179,33,,,1,57,,80166,33,,,1,15,,80169,33,,,1,10,,80200,33,,,1,28,,80207,33,,,1,52,,80185,33,,,1,20,,80201,33,,,1,106,,80186,33,,,1,99,,80182,33,,,1,100,,80187,33,,,1,100,,80189,33,,,1,100,,80199,33,,,1,100,,80184,33,,,1
33100,'Semaine-1',814,,85911,7,0,7 8,1
33100,'Semaine-12',814,,85912,7,0,7 8,1
43101,'Semaine-1',736,,86775,8,0,9 14,1
43101,'Semaine-12',736,,86776,8,0,9 14,1
83100,'Semaine-1',1537,,87145,16,0,9 12 13,1
83100,'Semaine-12',1537,,87147,16,0,9 12 13,1
