4200,'Semaine-1',613,,81951,4,,,1,101,,81952,4,,,1,902,,81953,4,,,1,99,,81954,4,,,1
4200,'Semaine-12',613,,81955,4,,,1,101,,81956,4,,,1,902,,81957,4,,,1,99,,81958,4,,,1
5201,'Samedi-1',708,,82303,57,,,1,100,,82304,57,,,1,100,,82305,57,,,1,100,,82306,57,,,1,102,,82308,57,,,1,100,,82307,57,,,1,100,,82309,57,,,1,100,,82310,57,,,1,101,,82311,57,,,1,99,,82312,57,,,1,100,,82313,57,,,1,100,,82314,57,,,1,99,,82317,57,,,1,100,,82315,57,,,1,96,,82319,57,,,1,101,,82316,57,,,1,100,,82318,57,,,1,101,,82320,57,,,1
5201,'Samedi-10',708,,70449,57,,,1,100,,70450,57,,,1,100,,70451,57,,,1,100,,70452,57,,,1,102,,70454,57,,,1,100,,70453,57,,,1,100,,70455,57,,,1,100,,70456,57,,,1,101,,70457,57,,,1,99,,70458,57,,,1,100,,70459,57,,,1,100,,70460,57,,,1,99,,70463,57,,,1,100,,70461,57,,,1,96,,70465,57,,,1,101,,70462,57,,,1,100,,70464,57,,,1,101,,70466,57,,,1
5201,'Dimanche-1',708,,82321,57,,,1,100,,82322,57,,,1,100,,82323,57,,,1,100,,82326,57,,,1,102,,82324,57,,,1,100,,82328,57,,,1,100,,82325,57,,,1,100,,82330,57,,,1,101,,82327,57,,,1,99,,82329,57,,,1,100,,82332,57,,,1,100,,82334,57,,,1,99,,82331,57,,,1,100,,82333,57,,,1,96,,82335,57,,,1,101,,82336,57,,,1,100,,82337,57,,,1,101,,82338,57,,,1
5201,'Semaine-1',640,,82354,57,,,1,103,,82356,57,,,1,102,,82355,57,,,1,97,,82339,57,,,1,102,,82345,57,,,1,99,,82342,57,,,1,100,,82349,57,,,1,100,,82340,57,,,1,100,,82344,57,,,1,103,,82343,57,,,1,100,,82353,57,,,1,99,,82352,57,,,1,98,,82346,57,,,1,96,,82347,57,,,1,100,,82351,57,,,1,100,,82348,57,,,1,100,,82350,57,,,1,100,,82341,57,,,2
5201,'Semaine-12',640,,82372,57,,,1,103,,82374,57,,,1,102,,82373,57,,,1,97,,82357,57,,,1,102,,82363,57,,,1,99,,82360,57,,,1,100,,82367,57,,,1,100,,82358,57,,,1,100,,82362,57,,,1,103,,82361,57,,,1,100,,82371,57,,,1,99,,82370,57,,,1,98,,82364,57,,,1,96,,82365,57,,,1,100,,82369,57,,,1,100,,82366,57,,,1,100,,82368,57,,,1,100,,82359,57,,,2
44900,'Semaine-1',705,,86791,4,0,9 14,1
44900,'Semaine-12',705,,86792,4,0,9 14,1
65400,'Semaine-1',1517,,86859,16,0,9 10,2
65400,'Semaine-12',1517,,86860,16,0,9 10,2
75400,'Semaine-1',1516,,86896,14,0,9 18,1
75400,'Semaine-12',1516,,86898,14,0,9 18,1
