4501,'Semaine-1',605,,81972,21,,,1,30,,81971,21,,,1,71,,81975,21,,,2,30,,81974,21,,,1,73,,81973,21,,,1,29,,81976,21,,,1
4501,'Semaine-12',605,,81978,21,,,1,30,,81977,21,,,1,71,,81981,21,,,2,30,,81980,21,,,1,73,,81979,21,,,1,29,,81982,21,,,1
5201,'Samedi-1',700,,82303,45,,,1,100,,82304,45,,,1,101,,82305,45,,,1,100,,82306,45,,,1,102,,82308,45,,,1,100,,82307,45,,,1,100,,82309,45,,,1,100,,82310,45,,,1,101,,82311,45,,,1,99,,82312,45,,,1,100,,82313,45,,,1,100,,82314,45,,,1,99,,82317,45,,,1,100,,82315,45,,,1,57,,82319,45,,,1,141,,82316,45,,,1,100,,82318,45,,,1,101,,82320,45,,,1
5201,'Samedi-10',700,,70449,45,,,1,100,,70450,45,,,1,101,,70451,45,,,1,100,,70452,45,,,1,102,,70454,45,,,1,100,,70453,45,,,1,100,,70455,45,,,1,100,,70456,45,,,1,101,,70457,45,,,1,99,,70458,45,,,1,100,,70459,45,,,1,100,,70460,45,,,1,99,,70463,45,,,1,100,,70461,45,,,1,57,,70465,45,,,1,141,,70462,45,,,1,100,,70464,45,,,1,101,,70466,45,,,1
5201,'Dimanche-1',700,,82321,45,,,1,100,,82322,45,,,1,101,,82323,45,,,1,100,,82326,45,,,1,102,,82324,45,,,1,100,,82328,45,,,1,100,,82325,45,,,1,100,,82330,45,,,1,101,,82327,45,,,1,99,,82329,45,,,1,100,,82332,45,,,1,100,,82334,45,,,1,99,,82331,45,,,1,100,,82333,45,,,1,57,,82335,45,,,1,141,,82336,45,,,1,100,,82337,45,,,1,101,,82338,45,,,1
5201,'Semaine-1',631,,82354,45,,,1,102,,82356,45,,,1,102,,82355,45,,,1,97,,82339,45,,,1,102,,82345,45,,,1,99,,82342,45,,,1,100,,82349,45,,,1,100,,82340,45,,,1,100,,82344,45,,,1,102,,82343,45,,,1,100,,82353,45,,,1,100,,82352,45,,,1,98,,82346,45,,,1,97,,82347,45,,,1,100,,82351,45,,,1,100,,82348,45,,,1,100,,82350,45,,,1,100,,82341,45,,,2
5201,'Semaine-12',631,,82372,45,,,1,102,,82374,45,,,1,102,,82373,45,,,1,97,,82357,45,,,1,102,,82363,45,,,1,99,,82360,45,,,1,100,,82367,45,,,1,100,,82358,45,,,1,100,,82362,45,,,1,102,,82361,45,,,1,100,,82371,45,,,1,100,,82370,45,,,1,98,,82364,45,,,1,97,,82365,45,,,1,100,,82369,45,,,1,100,,82366,45,,,1,100,,82368,45,,,1,100,,82359,45,,,2
64500,'Semaine-1',712,,86851,15,0,9 10,1
64500,'Semaine-12',712,,86852,15,0,9 10,1
75200,'Semaine-1',713,,86888,8,0,9 18,1,2,,86887,8,0,9 18,2
75200,'Semaine-12',713,,86890,8,0,9 18,1,2,,86889,8,0,9 18,2
