3600,'Semaine-1',924,,81164,36,,,1,100,,81165,36,,,1,102,,81163,36,,,1,100,,81166,36,,,1,100,,81168,36,,,1,100,,81169,36,,,1,100,,81167,36,,,1
3600,'Semaine-12',924,,81171,36,,,1,100,,81172,36,,,1,102,,81170,36,,,1,100,,81173,36,,,1,100,,81175,36,,,1,100,,81176,36,,,1,100,,81174,36,,,1
3700,'Samedi-1',741,,81191,28,,,1,100,,81192,28,,,1,100,,81194,28,,,1,102,,81195,28,,,1,100,,81193,28,,,1,101,,81196,28,,,1,100,,81197,28,,,1,100,,81198,28,,,1,100,,81199,28,,,1,100,,81200,28,,,1,100,,81201,28,,,1,100,,81202,28,,,1,97,,81203,28,,,1,100,,81204,28,,,1,100,,81205,28,,,1,100,,81206,28,,,1,98,,81207,28,,,1,100,,81208,28,,,1
3700,'Samedi-10',741,,68178,28,,,1,100,,68179,28,,,1,100,,68181,28,,,1,102,,68182,28,,,1,100,,68180,28,,,1,101,,68183,28,,,1,100,,68184,28,,,1,100,,68185,28,,,1,100,,68186,28,,,1,100,,68187,28,,,1,100,,68188,28,,,1,100,,68189,28,,,1,97,,68190,28,,,1,100,,68191,28,,,1,100,,68192,28,,,1,100,,68193,28,,,1,98,,68194,28,,,1,100,,68195,28,,,1
3700,'Dimanche-1',741,,81211,28,,,1,100,,81214,28,,,1,100,,81216,28,,,1,102,,81212,28,,,1,100,,81209,28,,,1,101,,81213,28,,,1,100,,81210,28,,,1,100,,81215,28,,,1,100,,81217,28,,,1,100,,81219,28,,,1,100,,81218,28,,,1,100,,81222,28,,,1,97,,81221,28,,,1,100,,81220,28,,,1,100,,81223,28,,,1,100,,81224,28,,,1,98,,81225,28,,,1,100,,81226,28,,,1
3700,'Semaine-1',700,,81248,28,,,1,41,,81254,28,,,1,73,,81245,28,,,1,29,,81229,28,,,1,69,,81243,28,,,1,89,,81235,28,,,1,100,,81231,28,,,1,100,,81232,28,,,1,100,,81233,28,,,1,102,,81234,28,,,1,100,,81240,28,,,1,49,,81241,28,,,1,56,,81242,28,,,1,15,,81228,28,,,1,15,,81250,28,,,1,63,,81237,28,,,1,30,,81246,28,,,1,23,,81236,28,,,1,68,,81230,28,,,1,29,,81227,28,,,1,66,,81238,28,,,1,30,,81253,28,,,1,69,,81244,28,,,1,36,,81255,28,,,1,99,,81251,28,,,1,99,,81239,28,,,1,100,,81249,28,,,1,99,,81252,28,,,1,55,,81247,28,,,1
3700,'Semaine-12',700,,81277,28,,,1,41,,81283,28,,,1,73,,81274,28,,,1,29,,81258,28,,,1,69,,81272,28,,,1,89,,81264,28,,,1,100,,81260,28,,,1,100,,81261,28,,,1,100,,81262,28,,,1,102,,81263,28,,,1,100,,81269,28,,,1,49,,81270,28,,,1,56,,81271,28,,,1,15,,81257,28,,,1,15,,81279,28,,,1,63,,81266,28,,,1,30,,81275,28,,,1,23,,81265,28,,,1,68,,81259,28,,,1,29,,81256,28,,,1,66,,81267,28,,,1,30,,81282,28,,,1,69,,81273,28,,,1,36,,81284,28,,,1,99,,81280,28,,,1,99,,81268,28,,,1,100,,81278,28,,,1,99,,81281,28,,,1,55,,81276,28,,,1
37100,'Samedi-1',811,,85916,29,,,1,101,,85920,29,,,1,100,,85915,29,,,1,102,,85921,29,,,1,100,,85917,29,,,1,100,,85918,29,,,1,100,,85919,29,,,1,102,,85922,29,,,1,100,,85923,29,,,1,100,,85924,29,,,1,99,,85925,29,,,1,98,,85926,29,,,1,100,,85927,29,,,1,98,,85928,29,,,1,100,,85929,29,,,1,100,,85930,29,,,1,99,,85931,29,,,1
37100,'Samedi-10',811,,77442,29,,,1,101,,77446,29,,,1,100,,77441,29,,,1,102,,77447,29,,,1,100,,77443,29,,,1,100,,77444,29,,,1,100,,77445,29,,,1,102,,77448,29,,,1,100,,77449,29,,,1,100,,77450,29,,,1,99,,77451,29,,,1,98,,77452,29,,,1,100,,77453,29,,,1,98,,77454,29,,,1,100,,77455,29,,,1,100,,77456,29,,,1,99,,77457,29,,,1
37100,'Dimanche-1',811,,85932,29,,,1,101,,85934,29,,,1,100,,85936,29,,,1,102,,85937,29,,,1,100,,85944,29,,,1,100,,85933,29,,,1,100,,85938,29,,,1,102,,85935,29,,,1,100,,85940,29,,,1,100,,85942,29,,,1,99,,85943,29,,,1,98,,85941,29,,,1,100,,85939,29,,,1,98,,85945,29,,,1,100,,85946,29,,,1,100,,85947,29,,,1,99,,85948,29,,,1
37100,'Semaine-1',720,,85962,29,,,1,33,,85959,29,,,1,70,,85955,29,,,1,29,,85950,29,,,1,90,,85969,29,,,1,97,,85954,29,,,1,102,,85956,29,,,1,100,,85968,29,,,1,100,,85963,29,,,1,103,,85952,29,,,1,93,,85964,29,,,1,19,,85973,29,,,1,56,,85953,29,,,1,15,,85974,29,,,1,25,,85949,29,,,1,60,,85958,29,,,1,28,,85965,29,,,1,65,,85971,29,,,1,27,,85970,29,,,1,70,,85960,29,,,1,28,,85972,29,,,1,70,,85975,29,,,1,30,,85961,29,,,1,95,,85957,29,,,1,100,,85967,29,,,1,100,,85966,29,,,1,98,,85951,29,,,1
37100,'Semaine-12',720,,85989,29,,,1,33,,85986,29,,,1,70,,85982,29,,,1,29,,85977,29,,,1,90,,85996,29,,,1,97,,85981,29,,,1,102,,85983,29,,,1,100,,85995,29,,,1,100,,85990,29,,,1,103,,85979,29,,,1,93,,85991,29,,,1,19,,86000,29,,,1,56,,85980,29,,,1,15,,86001,29,,,1,25,,85976,29,,,1,60,,85985,29,,,1,28,,85992,29,,,1,65,,85998,29,,,1,27,,85997,29,,,1,70,,85987,29,,,1,28,,85999,29,,,1,70,,86002,29,,,1,30,,85988,29,,,1,95,,85984,29,,,1,100,,85994,29,,,1,100,,85993,29,,,1,98,,85978,29,,,1
43700,'Semaine-1',739,,86783,24,0,9 14,1,2,,86784,20,0,9 14,2
43700,'Semaine-12',739,,86785,24,0,9 14,1,2,,86786,20,0,9 14,2
