7700,'Samedi-1',749,,85181,12,,,1,100,,85180,12,,,1,100,,85179,12,,,1,100,,85184,12,,,1,100,,85182,12,,,1,100,,85183,12,,,1,100,,85185,12,,,1,100,,85186,12,,,2,100,,85187,12,,,1,100,,85188,12,,,1,100,,85189,12,,,1,100,,85190,12,,,1,100,,85191,12,,,1,100,,85194,12,,,1,100,,85192,12,,,1,100,,85193,12,,,1
7700,'Samedi-10',749,,76143,12,,,1,100,,76142,12,,,1,100,,76141,12,,,1,100,,76146,12,,,1,100,,76144,12,,,1,100,,76145,12,,,1,100,,76147,12,,,1,100,,76148,12,,,2,100,,76149,12,,,1,100,,76150,12,,,1,100,,76151,12,,,1,100,,76152,12,,,1,100,,76153,12,,,1,100,,76156,12,,,1,100,,76154,12,,,1,100,,76155,12,,,1
7700,'Dimanche-1',749,,85197,12,,,1,100,,85198,12,,,1,100,,85195,12,,,1,100,,85207,12,,,1,100,,85196,12,,,1,100,,85201,12,,,1,100,,85199,12,,,1,100,,85200,12,,,2,100,,85202,12,,,1,100,,85205,12,,,1,100,,85203,12,,,1,100,,85204,12,,,1,100,,85206,12,,,1,100,,85208,12,,,1,100,,85209,12,,,1,100,,85210,12,,,1
7700,'Semaine-1',528,,85236,12,,,1,29,,85221,12,,,1,70,,85223,12,,,1,30,,85213,12,,,1,70,,85224,12,,,1,74,,85235,12,,,2,26,,85220,12,,,2,26,,85225,12,,,2,70,,85240,12,,,2,30,,85226,12,,,1,70,,85241,12,,,1,30,,85227,12,,,1,70,,85242,12,,,1,30,,85228,12,,,1,70,,85239,12,,,1,30,,85229,12,,,1,70,,85238,12,,,1,30,,85230,12,,,1,70,,85237,12,,,1,30,,85212,12,,,1,71,,85232,12,,,1,30,,85217,12,,,1,70,,85231,12,,,1,30,,85215,12,,,1,70,,85233,12,,,1,29,,85216,12,,,1,70,,85222,12,,,1,30,,85234,12,,,1,100,,85218,12,,,1,100,,85219,12,,,1,100,,85214,12,,,1,100,,85211,12,,,1
7700,'Semaine-12',528,,85268,12,,,1,29,,85253,12,,,1,70,,85255,12,,,1,30,,85245,12,,,1,70,,85256,12,,,1,74,,85267,12,,,2,26,,85252,12,,,2,26,,85257,12,,,2,70,,85272,12,,,2,30,,85258,12,,,1,70,,85273,12,,,1,30,,85259,12,,,1,70,,85274,12,,,1,30,,85260,12,,,1,70,,85271,12,,,1,30,,85261,12,,,1,70,,85270,12,,,1,30,,85262,12,,,1,70,,85269,12,,,1,30,,85244,12,,,1,71,,85264,12,,,1,30,,85249,12,,,1,70,,85263,12,,,1,30,,85247,12,,,1,70,,85265,12,,,1,29,,85248,12,,,1,70,,85254,12,,,1,30,,85266,12,,,1,100,,85250,12,,,1,100,,85251,12,,,1,100,,85246,12,,,1,100,,85243,12,,,1
7800,'Samedi-1',819,,85278,12,,,1,100,,85277,12,,,1,100,,85275,12,,,1,100,,85280,12,,,1,100,,85276,12,,,1,100,,85279,12,,,1,100,,85281,12,,,1,100,,85282,12,,,2,100,,85283,12,,,1,100,,85284,12,,,1,100,,85285,12,,,1,100,,85286,12,,,1,100,,85287,12,,,1,100,,85288,12,,,1,100,,85289,12,,,1,99,,85290,12,,,1
7800,'Samedi-10',819,,76336,12,,,1,100,,76335,12,,,1,100,,76333,12,,,1,100,,76338,12,,,1,100,,76334,12,,,1,100,,76337,12,,,1,100,,76339,12,,,1,100,,76340,12,,,2,100,,76341,12,,,1,100,,76342,12,,,1,100,,76343,12,,,1,100,,76344,12,,,1,100,,76345,12,,,1,100,,76346,12,,,1,100,,76347,12,,,1,99,,76348,12,,,1
7800,'Dimanche-1',819,,85293,12,,,1,100,,85294,12,,,1,100,,85291,12,,,1,100,,85302,12,,,1,100,,85292,12,,,1,100,,85297,12,,,1,100,,85295,12,,,1,100,,85296,12,,,2,100,,85298,12,,,1,100,,85301,12,,,1,100,,85299,12,,,1,100,,85300,12,,,1,100,,85303,12,,,1,100,,85304,12,,,1,100,,85305,12,,,1,99,,85306,12,,,1
7800,'Semaine-1',450,,85319,12,,,1,60,,85320,12,,,1,30,,85309,12,,,1,71,,85321,12,,,1,30,,85307,12,,,1,67,,85322,12,,,2,37,,85331,12,,,2,67,,85312,12,,,1,26,,85323,12,,,2,70,,85324,12,,,1,30,,85335,12,,,1,70,,85325,12,,,1,30,,85336,12,,,1,70,,85326,12,,,1,30,,85337,12,,,1,70,,85327,12,,,1,30,,85338,12,,,1,70,,85328,12,,,1,30,,85339,12,,,1,70,,85329,12,,,1,30,,85314,12,,,1,70,,85330,12,,,1,29,,85308,12,,,1,74,,85317,12,,,1,28,,85332,12,,,1,70,,85316,12,,,1,29,,85340,12,,,1,70,,85333,12,,,1,30,,85310,12,,,1,85,,85334,12,,,1,100,,85315,12,,,1,100,,85318,12,,,1,100,,85311,12,,,1,100,,85313,12,,,1
7800,'Semaine-12',450,,85353,12,,,1,60,,85354,12,,,1,30,,85343,12,,,1,71,,85355,12,,,1,30,,85341,12,,,1,67,,85356,12,,,2,37,,85365,12,,,2,67,,85346,12,,,1,26,,85357,12,,,2,70,,85358,12,,,1,30,,85369,12,,,1,70,,85359,12,,,1,30,,85370,12,,,1,70,,85360,12,,,1,30,,85371,12,,,1,70,,85361,12,,,1,30,,85372,12,,,1,70,,85362,12,,,1,30,,85373,12,,,1,70,,85363,12,,,1,30,,85348,12,,,1,70,,85364,12,,,1,29,,85342,12,,,1,74,,85351,12,,,1,28,,85366,12,,,1,70,,85350,12,,,1,29,,85374,12,,,1,70,,85367,12,,,1,30,,85344,12,,,1,85,,85368,12,,,1,100,,85349,12,,,1,100,,85352,12,,,1,100,,85345,12,,,1,100,,85347,12,,,1
