6500,'Samedi-1',646,,83428,1,,,1,100,,83431,1,,,1,100,,83427,1,,,1,100,,83430,1,,,1,100,,83434,1,,,1,100,,83429,1,,,1,100,,83432,1,,,1,100,,83433,1,,,1,100,,83435,1,,,1,100,,83436,1,,,1,100,,83437,1,,,1,100,,83438,1,,,1,100,,83439,1,,,1,100,,83440,1,,,1,100,,83441,1,,,1,100,,83442,1,,,1,100,,83443,1,,,1
6500,'Samedi-10',646,,72711,1,,,1,100,,72714,1,,,1,100,,72710,1,,,1,100,,72713,1,,,1,100,,72717,1,,,1,100,,72712,1,,,1,100,,72715,1,,,1,100,,72716,1,,,1,100,,72718,1,,,1,100,,72719,1,,,1,100,,72720,1,,,1,100,,72721,1,,,1,100,,72722,1,,,1,100,,72723,1,,,1,100,,72724,1,,,1,100,,72725,1,,,1,100,,72726,1,,,1
6500,'Dimanche-1',646,,83447,1,,,1,100,,83450,1,,,1,100,,83445,1,,,1,100,,83446,1,,,1,100,,83453,1,,,1,100,,83451,1,,,1,100,,83444,1,,,1,100,,83448,1,,,1,100,,83449,1,,,1,100,,83454,1,,,1,100,,83452,1,,,1,100,,83456,1,,,1,100,,83457,1,,,1,100,,83455,1,,,1,100,,83458,1,,,1,100,,83459,1,,,1,100,,83460,1,,,1
6500,'Semaine-1',510,,83475,1,,,1,30,,83471,1,,,1,70,,83462,1,,,1,20,,83488,1,,,1,20,,83461,1,,,1,58,,83465,1,,,1,23,,83487,1,,,1,22,,83493,1,,,1,57,,83470,1,,,2,21,,83469,1,,,2,19,,83463,1,,,1,60,,83466,1,,,1,30,,83468,1,,,1,100,,83464,1,,,1,100,,83467,1,,,1,100,,83495,1,,,1,100,,83480,1,,,1,100,,83494,1,,,1,68,,83481,1,,,1,19,,83479,1,,,1,24,,83478,1,,,1,59,,83485,1,,,2,18,,83483,1,,,1,22,,83477,1,,,1,60,,83482,1,,,2,19,,83476,1,,,2,21,,83473,1,,,1,60,,83491,1,,,2,20,,83472,1,,,2,70,,83492,1,,,2,30,,83490,1,,,1,100,,83484,1,,,1,100,,83474,1,,,1,100,,83486,1,,,1,100,,83489,1,,,1
6500,'Semaine-12',510,,83510,1,,,1,30,,83506,1,,,1,70,,83497,1,,,1,20,,83523,1,,,1,20,,83496,1,,,1,58,,83500,1,,,1,23,,83522,1,,,1,22,,83528,1,,,1,57,,83505,1,,,2,21,,83504,1,,,2,19,,83498,1,,,1,60,,83501,1,,,1,30,,83503,1,,,1,100,,83499,1,,,1,100,,83502,1,,,1,100,,83530,1,,,1,100,,83515,1,,,1,100,,83529,1,,,1,68,,83516,1,,,1,19,,83514,1,,,1,24,,83513,1,,,1,59,,83520,1,,,2,18,,83518,1,,,1,22,,83512,1,,,1,60,,83517,1,,,2,19,,83511,1,,,2,21,,83508,1,,,1,60,,83526,1,,,2,20,,83507,1,,,2,70,,83527,1,,,2,30,,83525,1,,,1,100,,83519,1,,,1,100,,83509,1,,,1,100,,83521,1,,,1,100,,83524,1,,,1
6900,'Samedi-1',840,,84218,1,,,1,100,,84217,1,,,1,100,,84219,1,,,1,100,,84221,1,,,1,100,,84220,1,,,1,100,,84222,1,,,1,100,,84223,1,,,1,100,,84224,1,,,1,100,,84225,1,,,1,100,,84226,1,,,1,100,,84227,1,,,1,100,,84228,1,,,1,100,,84229,1,,,1,100,,84230,1,,,1,100,,84231,1,,,1
6900,'Samedi-10',840,,74266,1,,,1,100,,74265,1,,,1,100,,74267,1,,,1,100,,74269,1,,,1,100,,74268,1,,,1,100,,74270,1,,,1,100,,74271,1,,,1,100,,74272,1,,,1,100,,74273,1,,,1,100,,74274,1,,,1,100,,74275,1,,,1,100,,74276,1,,,1,100,,74277,1,,,1,100,,74278,1,,,1,100,,74279,1,,,1
6900,'Dimanche-1',840,,84236,1,,,1,100,,84237,1,,,1,100,,84238,1,,,1,100,,84232,1,,,1,100,,84234,1,,,1,100,,84235,1,,,1,100,,84233,1,,,1,100,,84241,1,,,1,100,,84242,1,,,1,100,,84239,1,,,1,100,,84240,1,,,1,100,,84243,1,,,1,100,,84244,1,,,1,100,,84245,1,,,1,100,,84246,1,,,1
6900,'Semaine-1',827,,84247,1,,,1,103,,84248,1,,,1,99,,84249,1,,,2,101,,84250,1,,,2,95,,84251,1,,,2,104,,84252,1,,,1,101,,84253,1,,,1,70,,84254,1,,,1,30,,84255,1,,,2,73,,84256,1,,,1,29,,84257,1,,,2,68,,84258,1,,,1,33,,84259,1,,,1,67,,84260,1,,,1,28,,84261,1,,,1,82,,84262,1,,,1,100,,84263,1,,,2,100,,84264,1,,,2,100,,84265,1,,,2,100,,84266,1,,,2
6900,'Semaine-12',827,,84267,1,,,1,103,,84268,1,,,1,99,,84269,1,,,2,101,,84270,1,,,2,95,,84271,1,,,2,104,,84272,1,,,1,101,,84273,1,,,1,70,,84274,1,,,1,30,,84275,1,,,2,73,,84276,1,,,1,29,,84277,1,,,2,68,,84278,1,,,1,33,,84279,1,,,1,67,,84280,1,,,1,28,,84281,1,,,1,82,,84282,1,,,1,100,,84283,1,,,2,100,,84284,1,,,2,100,,84285,1,,,2,100,,84286,1,,,2
