4500,'Semaine-1',1520,,81964,27,,,1,36,,81959,27,,,1,70,,81960,27,,,1,32,,81962,27,,,1,67,,81963,27,,,1,25,,81961,27,,,2
4500,'Semaine-12',1520,,81970,27,,,1,36,,81965,27,,,1,70,,81966,27,,,1,32,,81968,27,,,1,67,,81969,27,,,1,25,,81967,27,,,2
5200,'Samedi-1',636,,82231,13,,,1,100,,82232,13,,,1,100,,82233,13,,,1,101,,82234,13,,,1,100,,82235,13,,,1,101,,82236,13,,,1,101,,82237,13,,,1,100,,82238,13,,,1,99,,82239,13,,,1,100,,82240,13,,,1,100,,82241,13,,,1,100,,82242,13,,,1,99,,82243,13,,,1,100,,82246,13,,,1,100,,82244,13,,,1,100,,82245,13,,,1,98,,82247,13,,,1,100,,82248,13,,,1
5200,'Samedi-10',636,,70287,13,,,1,100,,70288,13,,,1,100,,70289,13,,,1,101,,70290,13,,,1,100,,70291,13,,,1,101,,70292,13,,,1,101,,70293,13,,,1,100,,70294,13,,,1,99,,70295,13,,,1,100,,70296,13,,,1,100,,70297,13,,,1,100,,70298,13,,,1,99,,70299,13,,,1,100,,70302,13,,,1,100,,70300,13,,,1,100,,70301,13,,,1,98,,70303,13,,,1,100,,70304,13,,,1
5200,'Dimanche-1',636,,82250,13,,,1,100,,82249,13,,,1,100,,82251,13,,,1,101,,82254,13,,,1,100,,82252,13,,,1,101,,82253,13,,,1,101,,82257,13,,,1,100,,82256,13,,,1,99,,82258,13,,,1,100,,82255,13,,,1,100,,82259,13,,,1,100,,82261,13,,,1,99,,82262,13,,,1,100,,82260,13,,,1,100,,82263,13,,,1,100,,82264,13,,,1,98,,82265,13,,,1,100,,82266,13,,,1
5200,'Semaine-1',607,,82270,13,,,1,97,,82272,13,,,1,107,,82267,13,,,1,98,,82283,13,,,1,98,,82281,13,,,1,101,,82268,13,,,1,100,,82275,13,,,1,100,,82274,13,,,1,100,,82271,13,,,1,100,,82269,13,,,1,108,,82273,13,,,1,100,,82284,13,,,1,108,,82282,13,,,1,99,,82276,13,,,1,84,,82280,13,,,1,100,,82279,13,,,1,100,,82277,13,,,1,100,,82278,13,,,1
5200,'Semaine-12',607,,82288,13,,,1,97,,82290,13,,,1,107,,82285,13,,,1,98,,82301,13,,,1,98,,82299,13,,,1,101,,82286,13,,,1,100,,82293,13,,,1,100,,82292,13,,,1,100,,82289,13,,,1,100,,82287,13,,,1,108,,82291,13,,,1,100,,82302,13,,,1,108,,82300,13,,,1,99,,82294,13,,,1,84,,82298,13,,,1,100,,82297,13,,,1,100,,82295,13,,,1,100,,82296,13,,,1
5601,'Semaine-1',1238,,82735,30,,,1,102,,82732,30,,,1,100,,82731,30,,,1,102,,82734,30,,,2,104,,82733,30,,,1,99,,82736,30,,,1,94,,82737,30,,,1
5601,'Semaine-12',1238,,82742,30,,,1,102,,82739,30,,,1,100,,82738,30,,,1,102,,82741,30,,,2,104,,82740,30,,,1,99,,82743,30,,,1,94,,82744,30,,,1
64500,'Semaine-1',705,,86851,4,0,9 10,1
64500,'Semaine-12',705,,86852,4,0,9 10,1
