3400,'Samedi-1',754,,80773,40,,,1,100,,80778,40,,,1,70,,80774,40,,,1,31,,80780,40,,,1,70,,80781,40,,,1,31,,80775,40,,,1,70,,80776,40,,,1,30,,80777,40,,,1,70,,80779,40,,,1,31,,80782,40,,,1,70,,80784,40,,,1,30,,80783,40,,,1,70,,80785,40,,,1,30,,80786,40,,,1,70,,80787,40,,,1,30,,80788,40,,,1,70,,80789,40,,,1,31,,80790,40,,,1,70,,80791,40,,,1,30,,80792,40,,,1,70,,80793,40,,,1,28,,80794,40,,,1,68,,80795,40,,,1,29,,80796,40,,,1,71,,80797,40,,,1,30,,80798,40,,,1,70,,80799,40,,,1,30,,80800,40,,,1,70,,80801,40,,,1,30,,80803,40,,,1,70,,80802,40,,,1,29,,80805,40,,,1,70,,80804,40,,,1,27,,80806,40,,,1
3400,'Samedi-10',754,,67369,40,,,1,100,,67374,40,,,1,70,,67370,40,,,1,31,,67376,40,,,1,70,,67377,40,,,1,31,,67371,40,,,1,70,,67372,40,,,1,30,,67373,40,,,1,70,,67375,40,,,1,31,,67378,40,,,1,70,,67380,40,,,1,30,,67379,40,,,1,70,,67381,40,,,1,30,,67382,40,,,1,70,,67383,40,,,1,30,,67384,40,,,1,70,,67385,40,,,1,31,,67386,40,,,1,70,,67387,40,,,1,30,,67388,40,,,1,70,,67389,40,,,1,28,,67390,40,,,1,68,,67391,40,,,1,29,,67392,40,,,1,71,,67393,40,,,1,30,,67394,40,,,1,70,,67395,40,,,1,30,,67396,40,,,1,70,,67397,40,,,1,30,,67399,40,,,1,70,,67398,40,,,1,29,,67401,40,,,1,70,,67400,40,,,1,27,,67402,40,,,1
3400,'Dimanche-1',754,,80811,40,,,1,100,,80831,40,,,1,70,,80813,40,,,1,31,,80817,40,,,1,70,,80810,40,,,1,31,,80818,40,,,1,70,,80809,40,,,1,30,,80808,40,,,1,70,,80821,40,,,1,31,,80812,40,,,1,70,,80815,40,,,1,30,,80814,40,,,1,70,,80807,40,,,1,30,,80823,40,,,1,70,,80819,40,,,1,30,,80820,40,,,1,70,,80816,40,,,1,31,,80827,40,,,1,70,,80826,40,,,1,30,,80824,40,,,1,70,,80822,40,,,1,28,,80825,40,,,1,68,,80830,40,,,1,29,,80828,40,,,1,71,,80829,40,,,1,30,,80832,40,,,1,70,,80833,40,,,1,30,,80834,40,,,1,70,,80835,40,,,1,30,,80836,40,,,1,70,,80837,40,,,1,29,,80839,40,,,1,70,,80838,40,,,1,27,,80840,40,,,1
3400,'Semaine-1',631,,80871,40,,,1,28,,80856,40,,,1,73,,80850,40,,,1,75,,80854,40,,,1,30,,80845,40,,,2,69,,80865,40,,,1,30,,80851,40,,,1,67,,80841,40,,,1,30,,80846,40,,,1,70,,80847,40,,,1,30,,80852,40,,,1,70,,80842,40,,,1,31,,80872,40,,,1,70,,80848,40,,,1,30,,80853,40,,,1,70,,80843,40,,,1,33,,80869,40,,,1,70,,80844,40,,,1,26,,80870,40,,,1,305,,80868,40,,,1,20,,80857,40,,,1,67,,80849,40,,,1,30,,80861,40,,,1,70,,80867,40,,,1,31,,80858,40,,,1,68,,80860,40,,,1,30,,80862,40,,,1,70,,80855,40,,,1,30,,80864,40,,,1,68,,80859,40,,,1,29,,80863,40,,,1,70,,80866,40,,,1
3400,'Semaine-12',631,,80903,40,,,1,28,,80888,40,,,1,73,,80882,40,,,1,75,,80886,40,,,1,30,,80877,40,,,2,69,,80897,40,,,1,30,,80883,40,,,1,67,,80873,40,,,1,30,,80878,40,,,1,70,,80879,40,,,1,30,,80884,40,,,1,70,,80874,40,,,1,31,,80904,40,,,1,70,,80880,40,,,1,30,,80885,40,,,1,70,,80875,40,,,1,33,,80901,40,,,1,70,,80876,40,,,1,26,,80902,40,,,1,305,,80900,40,,,1,20,,80889,40,,,1,67,,80881,40,,,1,30,,80893,40,,,1,70,,80899,40,,,1,31,,80890,40,,,1,68,,80892,40,,,1,30,,80894,40,,,1,70,,80887,40,,,1,30,,80896,40,,,1,68,,80891,40,,,1,29,,80895,40,,,1,70,,80898,40,,,1
3900,'Samedi-1',654,,81669,26,,,1,101,,81670,26,,,1,100,,81674,26,,,1,101,,81673,26,,,1,100,,81676,26,,,1,100,,81675,26,,,1,102,,81671,26,,,1,70,,81672,26,,,1,30,,81677,26,,,1,71,,81678,26,,,1,30,,81679,26,,,1,70,,81680,26,,,1,71,,81681,26,,,1,30,,81682,26,,,1,70,,81683,26,,,1,30,,81684,26,,,1,70,,81685,26,,,1,29,,81686,26,,,1,29,,81687,26,,,1,68,,81688,26,,,1,100,,81689,26,,,1,100,,81690,26,,,1,100,,81691,26,,,1,100,,81692,26,,,1
3900,'Samedi-10',654,,69204,26,,,1,101,,69205,26,,,1,100,,69209,26,,,1,101,,69208,26,,,1,100,,69211,26,,,1,100,,69210,26,,,1,102,,69206,26,,,1,70,,69207,26,,,1,30,,69212,26,,,1,71,,69213,26,,,1,30,,69214,26,,,1,70,,69215,26,,,1,71,,69216,26,,,1,30,,69217,26,,,1,70,,69218,26,,,1,30,,69219,26,,,1,70,,69220,26,,,1,29,,69221,26,,,1,29,,69222,26,,,1,68,,69223,26,,,1,100,,69224,26,,,1,100,,69225,26,,,1,100,,69226,26,,,1,100,,69227,26,,,1
3900,'Dimanche-1',654,,81693,26,,,1,101,,81700,26,,,1,100,,81703,26,,,1,101,,81696,26,,,1,100,,81698,26,,,1,100,,81699,26,,,1,102,,81702,26,,,1,70,,81695,26,,,1,30,,81697,26,,,1,71,,81704,26,,,1,30,,81694,26,,,1,70,,81705,26,,,1,71,,81701,26,,,1,30,,81708,26,,,1,70,,81711,26,,,1,30,,81713,26,,,1,70,,81707,26,,,1,29,,81710,26,,,1,29,,81712,26,,,1,68,,81706,26,,,1,100,,81709,26,,,1,100,,81714,26,,,1,100,,81715,26,,,1,100,,81716,26,,,1
3900,'Semaine-1',630,,81734,26,,,1,23,,81720,26,,,1,72,,81739,26,,,1,29,,81732,26,,,1,73,,81733,26,,,1,32,,81731,26,,,1,72,,81728,26,,,1,70,,81745,26,,,2,30,,81740,26,,,1,71,,81752,26,,,1,30,,81737,26,,,2,70,,81741,26,,,1,30,,81729,26,,,1,71,,81727,26,,,1,30,,81742,26,,,1,69,,81730,26,,,2,30,,81717,26,,,1,73,,81743,26,,,1,34,,81724,26,,,1,70,,81726,26,,,1,31,,81744,26,,,2,72,,81723,26,,,1,28,,81718,26,,,1,69,,81746,26,,,1,27,,81725,26,,,1,71,,81719,26,,,2,29,,81747,26,,,2,72,,81722,26,,,1,25,,81738,26,,,2,26,,81748,26,,,1,70,,81721,26,,,1,30,,81736,26,,,1,69,,81749,26,,,1,30,,81735,26,,,1,72,,81751,26,,,1,28,,81750,26,,,1
3900,'Semaine-12',630,,81770,26,,,1,23,,81756,26,,,1,72,,81775,26,,,1,29,,81768,26,,,1,73,,81769,26,,,1,32,,81767,26,,,1,72,,81764,26,,,1,70,,81781,26,,,2,30,,81776,26,,,1,71,,81788,26,,,1,30,,81773,26,,,2,70,,81777,26,,,1,30,,81765,26,,,1,71,,81763,26,,,1,30,,81778,26,,,1,69,,81766,26,,,2,30,,81753,26,,,1,73,,81779,26,,,1,34,,81760,26,,,1,70,,81762,26,,,1,31,,81780,26,,,2,72,,81759,26,,,1,28,,81754,26,,,1,69,,81782,26,,,1,27,,81761,26,,,1,71,,81755,26,,,2,29,,81783,26,,,2,72,,81758,26,,,1,25,,81774,26,,,2,26,,81784,26,,,1,70,,81757,26,,,1,30,,81772,26,,,1,69,,81785,26,,,1,30,,81771,26,,,1,72,,81787,26,,,1,28,,81786,26,,,1
32600,'Semaine-1',1643,,85903,34,0,7 8,1
32600,'Semaine-12',1643,,85904,34,0,7 8,1
63900,'Semaine-1',1530,,86833,39,0,9 10,1
63900,'Semaine-12',1530,,86834,39,0,9 10,1
82600,'Semaine-1',1546,,87121,26,0,9 12 13,1
82600,'Semaine-12',1546,,87123,26,0,9 12 13,1
