4000,'Semaine-1',1526,,81911,17,,,1,30,,81907,17,,,2,75,,81910,17,,,1,27,,81909,17,,,1,68,,81908,17,,,1,29,,81912,17,,,1
4000,'Semaine-12',1526,,81917,17,,,1,30,,81913,17,,,2,75,,81916,17,,,1,27,,81915,17,,,1,68,,81914,17,,,1,29,,81918,17,,,1
4100,'Semaine-1',1537,,81932,17,,,1,71,,81934,17,,,1,35,,81933,17,,,2,64,,81931,17,,,1,29,,81935,17,,,1
4100,'Semaine-12',1537,,81937,17,,,1,71,,81939,17,,,1,35,,81938,17,,,2,64,,81936,17,,,1,29,,81940,17,,,1
4500,'Semaine-1',1511,,81964,17,,,1,35,,81959,17,,,1,70,,81960,17,,,1,32,,81962,17,,,1,67,,81963,17,,,1,27,,81961,17,,,2
4500,'Semaine-12',1511,,81970,17,,,1,35,,81965,17,,,1,70,,81966,17,,,1,32,,81968,17,,,1,67,,81969,17,,,1,27,,81967,17,,,2
4700,'Semaine-1',1533,,81983,17,,,1,103,,81984,17,,,1,96,,81985,17,,,2
4700,'Semaine-12',1533,,81986,17,,,1,103,,81987,17,,,1,96,,81988,17,,,2
5500,'Samedi-1',705,,82390,18,,,1,30,,82387,18,,,1,70,,82388,18,,,1,30,,82391,18,,,1,70,,82389,18,,,1,30,,82396,18,,,1,71,,82393,18,,,1,29,,82394,18,,,1,70,,82399,18,,,1,31,,82398,18,,,1,70,,82392,18,,,1,30,,82395,18,,,1,70,,82397,18,,,1,30,,82400,18,,,1,70,,82401,18,,,1,30,,82402,18,,,1,70,,82403,18,,,1,29,,82404,18,,,1,70,,82405,18,,,1,32,,82406,18,,,1,70,,82407,18,,,1,30,,82408,18,,,1,70,,82409,18,,,1,30,,82410,18,,,1,68,,82412,18,,,1,30,,82411,18,,,1,70,,82413,18,,,1,30,,82415,18,,,1,70,,82414,18,,,1,30,,82416,18,,,1,70,,82417,18,,,1,30,,82420,18,,,1,70,,82422,18,,,1,30,,82419,18,,,1,70,,82418,18,,,1,28,,82421,18,,,1
5500,'Samedi-10',705,,70650,18,,,1,30,,70647,18,,,1,70,,70648,18,,,1,30,,70651,18,,,1,70,,70649,18,,,1,30,,70656,18,,,1,71,,70653,18,,,1,29,,70654,18,,,1,70,,70659,18,,,1,31,,70658,18,,,1,70,,70652,18,,,1,30,,70655,18,,,1,70,,70657,18,,,1,30,,70660,18,,,1,70,,70661,18,,,1,30,,70662,18,,,1,70,,70663,18,,,1,29,,70664,18,,,1,70,,70665,18,,,1,32,,70666,18,,,1,70,,70667,18,,,1,30,,70668,18,,,1,70,,70669,18,,,1,30,,70670,18,,,1,68,,70672,18,,,1,30,,70671,18,,,1,70,,70673,18,,,1,30,,70675,18,,,1,70,,70674,18,,,1,30,,70676,18,,,1,70,,70677,18,,,1,30,,70680,18,,,1,70,,70682,18,,,1,30,,70679,18,,,1,70,,70678,18,,,1,28,,70681,18,,,1
5500,'Dimanche-1',705,,82427,18,,,1,30,,82432,18,,,1,70,,82424,18,,,1,30,,82429,18,,,1,70,,82426,18,,,1,30,,82423,18,,,1,71,,82434,18,,,1,29,,82428,18,,,1,70,,82425,18,,,1,31,,82437,18,,,1,70,,82433,18,,,1,30,,82438,18,,,1,70,,82431,18,,,1,30,,82430,18,,,1,70,,82436,18,,,1,30,,82441,18,,,1,70,,82435,18,,,1,29,,82440,18,,,1,70,,82443,18,,,1,32,,82447,18,,,1,70,,82442,18,,,1,30,,82448,18,,,1,70,,82439,18,,,1,30,,82445,18,,,1,68,,82446,18,,,1,30,,82449,18,,,1,70,,82444,18,,,1,30,,82450,18,,,1,70,,82452,18,,,1,30,,82451,18,,,1,70,,82453,18,,,1,30,,82455,18,,,1,70,,82456,18,,,1,30,,82454,18,,,1,70,,82457,18,,,1,28,,82458,18,,,1
5500,'Semaine-1',637,,82461,18,,,1,103,,82477,18,,,1,69,,82460,18,,,1,97,,82496,18,,,1,28,,82497,18,,,1,69,,82466,18,,,1,30,,82476,18,,,1,70,,82480,18,,,1,31,,82502,18,,,1,71,,82462,18,,,1,30,,82501,18,,,1,69,,82479,18,,,1,30,,82494,18,,,1,70,,82488,18,,,1,23,,82495,18,,,1,16,,82481,18,,,1,14,,82459,18,,,1,57,,82500,18,,,1,17,,82470,18,,,1,15,,82503,18,,,1,13,,82491,18,,,1,50,,82463,18,,,1,13,,82474,18,,,1,18,,82506,18,,,1,9,,82499,18,,,1,51,,82465,18,,,1,11,,82482,18,,,1,10,,82475,18,,,1,11,,82504,18,,,1,12,,82489,18,,,1,8,,82469,18,,,1,52,,82464,18,,,1,10,,82505,18,,,1,11,,82473,18,,,1,12,,82468,18,,,1,10,,82478,18,,,1,70,,82493,18,,,1,29,,82498,18,,,1,70,,82485,18,,,1,30,,82471,18,,,1,70,,82492,18,,,1,29,,82483,18,,,1,70,,82486,18,,,1,30,,82472,18,,,1,70,,82487,18,,,1,30,,82484,18,,,1,69,,82467,18,,,1,30,,82490,18,,,1
5500,'Semaine-12',637,,82509,18,,,1,103,,82525,18,,,1,69,,82508,18,,,1,97,,82544,18,,,1,28,,82545,18,,,1,69,,82514,18,,,1,30,,82524,18,,,1,70,,82528,18,,,1,31,,82550,18,,,1,71,,82510,18,,,1,30,,82549,18,,,1,69,,82527,18,,,1,30,,82542,18,,,1,70,,82536,18,,,1,23,,82543,18,,,1,16,,82529,18,,,1,14,,82507,18,,,1,57,,82548,18,,,1,17,,82518,18,,,1,15,,82551,18,,,1,13,,82539,18,,,1,50,,82511,18,,,1,13,,82522,18,,,1,18,,82554,18,,,1,9,,82547,18,,,1,51,,82513,18,,,1,11,,82530,18,,,1,10,,82523,18,,,1,11,,82552,18,,,1,12,,82537,18,,,1,8,,82517,18,,,1,52,,82512,18,,,1,10,,82553,18,,,1,11,,82521,18,,,1,12,,82516,18,,,1,10,,82526,18,,,1,70,,82541,18,,,1,29,,82546,18,,,1,70,,82533,18,,,1,30,,82519,18,,,1,70,,82540,18,,,1,29,,82531,18,,,1,70,,82534,18,,,1,30,,82520,18,,,1,70,,82535,18,,,1,30,,82532,18,,,1,69,,82515,18,,,1,30,,82538,18,,,1
5601,'Semaine-1',1228,,82735,20,,,1,103,,82732,20,,,1,100,,82731,20,,,1,101,,82734,20,,,2,104,,82733,20,,,1,97,,82736,20,,,1,96,,82737,20,,,1
5601,'Semaine-12',1228,,82742,20,,,1,103,,82739,20,,,1,100,,82738,20,,,1,101,,82741,20,,,2,104,,82740,20,,,1,97,,82743,20,,,1,96,,82744,20,,,1
5900,'Samedi-1',720,,82779,18,,,1,30,,82782,18,,,1,70,,82775,18,,,1,30,,82781,18,,,1,70,,82778,18,,,1,30,,82783,18,,,1,70,,82787,18,,,1,30,,82788,18,,,1,70,,82777,18,,,1,30,,82776,18,,,1,71,,82786,18,,,1,30,,82780,18,,,1,70,,82784,18,,,1,30,,82789,18,,,1,70,,82785,18,,,1,30,,82790,18,,,1,70,,82791,18,,,1,29,,82792,18,,,1,70,,82793,18,,,1,32,,82794,18,,,1,69,,82795,18,,,1,30,,82796,18,,,1,69,,82797,18,,,1,30,,82798,18,,,1,70,,82799,18,,,1,30,,82801,18,,,1,70,,82800,18,,,1,30,,82803,18,,,1,70,,82802,18,,,1,29,,82804,18,,,1,71,,82805,18,,,1,30,,82807,18,,,1,70,,82806,18,,,1,30,,82808,18,,,1
5900,'Samedi-10',720,,71438,18,,,1,30,,71441,18,,,1,70,,71434,18,,,1,30,,71440,18,,,1,70,,71437,18,,,1,30,,71442,18,,,1,70,,71446,18,,,1,30,,71447,18,,,1,70,,71436,18,,,1,30,,71435,18,,,1,71,,71445,18,,,1,30,,71439,18,,,1,70,,71443,18,,,1,30,,71448,18,,,1,70,,71444,18,,,1,30,,71449,18,,,1,70,,71450,18,,,1,29,,71451,18,,,1,70,,71452,18,,,1,32,,71453,18,,,1,69,,71454,18,,,1,30,,71455,18,,,1,69,,71456,18,,,1,30,,71457,18,,,1,70,,71458,18,,,1,30,,71460,18,,,1,70,,71459,18,,,1,30,,71462,18,,,1,70,,71461,18,,,1,29,,71463,18,,,1,71,,71464,18,,,1,30,,71466,18,,,1,70,,71465,18,,,1,30,,71467,18,,,1
5900,'Dimanche-1',720,,82814,18,,,1,30,,82813,18,,,1,70,,82809,18,,,1,30,,82818,18,,,1,70,,82824,18,,,1,30,,82815,18,,,1,70,,82822,18,,,1,30,,82817,18,,,1,70,,82823,18,,,1,30,,82810,18,,,1,71,,82821,18,,,1,30,,82811,18,,,1,70,,82819,18,,,1,30,,82825,18,,,1,70,,82812,18,,,1,30,,82816,18,,,1,70,,82820,18,,,1,29,,82829,18,,,1,70,,82830,18,,,1,32,,82827,18,,,1,69,,82832,18,,,1,30,,82828,18,,,1,69,,82834,18,,,1,30,,82826,18,,,1,70,,82831,18,,,1,30,,82835,18,,,1,70,,82833,18,,,1,30,,82836,18,,,1,70,,82837,18,,,1,29,,82838,18,,,1,71,,82839,18,,,1,30,,82841,18,,,1,70,,82840,18,,,1,30,,82842,18,,,1
5900,'Semaine-1',606,,82850,18,,,1,97,,82885,18,,,1,47,,82890,18,,,1,88,,82866,18,,,1,84,,82862,18,,,1,28,,82883,18,,,1,70,,82859,18,,,1,30,,82882,18,,,1,70,,82873,18,,,1,30,,82867,18,,,1,71,,82875,18,,,1,30,,82858,18,,,1,70,,82886,18,,,1,30,,82849,18,,,1,70,,82880,18,,,1,14,,82851,18,,,1,18,,82884,18,,,1,71,,82844,18,,,1,14,,82888,18,,,1,15,,82843,18,,,1,48,,82878,18,,,1,17,,82874,18,,,1,7,,82887,13,,,1,6,,82861,18,,,1,13,,82845,18,,,1,6,,82889,13,,,1,6,,82846,18,,,1,52,,82854,18,,,1,9,,82881,18,,,1,12,,82870,18,,,1,11,,82857,18,,,1,9,,82879,18,,,1,52,,82865,18,,,1,12,,82877,18,,,1,9,,82847,18,,,1,10,,82852,18,,,1,71,,82872,18,,,1,30,,82863,18,,,1,70,,82868,18,,,1,29,,82856,18,,,1,70,,82864,18,,,1,30,,82869,18,,,1,70,,82876,18,,,1,30,,82853,18,,,1,70,,82871,18,,,1,29,,82860,18,,,1,70,,82848,18,,,1,29,,82855,18,,,1
5900,'Semaine-12',606,,82898,18,,,1,97,,82933,18,,,1,47,,82938,18,,,1,88,,82914,18,,,1,84,,82910,18,,,1,28,,82931,18,,,1,70,,82907,18,,,1,30,,82930,18,,,1,70,,82921,18,,,1,30,,82915,18,,,1,71,,82923,18,,,1,30,,82906,18,,,1,70,,82934,18,,,1,30,,82897,18,,,1,70,,82928,18,,,1,14,,82899,18,,,1,18,,82932,18,,,1,71,,82892,18,,,1,14,,82936,18,,,1,15,,82891,18,,,1,48,,82926,18,,,1,17,,82922,18,,,1,7,,82935,13,,,1,6,,82909,18,,,1,13,,82893,18,,,1,6,,82937,13,,,1,6,,82894,18,,,1,52,,82902,18,,,1,9,,82929,18,,,1,12,,82918,18,,,1,11,,82905,18,,,1,9,,82927,18,,,1,52,,82913,18,,,1,12,,82925,18,,,1,9,,82895,18,,,1,10,,82900,18,,,1,71,,82920,18,,,1,30,,82911,18,,,1,70,,82916,18,,,1,29,,82904,18,,,1,70,,82912,18,,,1,30,,82917,18,,,1,70,,82924,18,,,1,30,,82901,18,,,1,70,,82919,18,,,1,29,,82908,18,,,1,70,,82896,18,,,1,29,,82903,18,,,1
55401,'Semaine-1',1536,,86814,18,0,5 6,1
55401,'Semaine-12',1536,,86816,18,0,5 6,1
65500,'Semaine-1',719,,86863,11,0,9 10,1
65500,'Semaine-12',719,,86864,11,0,9 10,1
74000,'Semaine-1',1628,,86880,14,0,5 11,1
74000,'Semaine-12',1628,,86882,14,0,5 11,1
80001,'Samedi-1',628,,87007,20,,,1,101,,87009,20,,,1,101,,87010,20,,,1,100,,87013,20,,,1,100,,87008,20,,,1,100,,87011,20,,,1,102,,87014,20,,,1,100,,87012,20,,,1,100,,87015,20,,,1,100,,87016,20,,,1,100,,87017,20,,,2,102,,87018,20,,,1,97,,87021,20,,,1,99,,87019,20,,,1,100,,87020,20,,,1,100,,87022,20,,,1,99,,87023,20,,,1
80001,'Samedi-10',628,,79670,20,,,1,101,,79672,20,,,1,101,,79673,20,,,1,100,,79676,20,,,1,100,,79671,20,,,1,100,,79674,20,,,1,102,,79677,20,,,1,100,,79675,20,,,1,100,,79678,20,,,1,100,,79679,20,,,1,100,,79680,20,,,2,102,,79681,20,,,1,97,,79684,20,,,1,99,,79682,20,,,1,100,,79683,20,,,1,100,,79685,20,,,1,99,,79686,20,,,1
80001,'Dimanche-1',628,,87024,20,,,1,101,,87026,20,,,1,101,,87028,20,,,1,100,,87025,20,,,1,100,,87027,20,,,1,100,,87029,20,,,1,102,,87030,20,,,1,100,,87031,20,,,1,100,,87034,20,,,1,100,,87032,20,,,1,100,,87033,20,,,2,102,,87036,20,,,1,97,,87037,20,,,1,99,,87035,20,,,1,100,,87038,20,,,1,100,,87039,20,,,1,99,,87040,20,,,1
80001,'Semaine-1',620,,87062,20,,,1,28,,87055,20,,,1,72,,87063,20,,,1,30,,87047,20,,,1,75,,87045,20,,,1,28,,87052,20,,,1,66,,87058,20,,,1,30,,87070,20,,,1,70,,87061,20,,,2,30,,87053,20,,,1,70,,87067,20,,,1,30,,87041,20,,,1,70,,87075,20,,,1,29,,87073,20,,,1,74,,87043,20,,,1,30,,87066,20,,,1,70,,87057,20,,,1,30,,87064,20,,,1,73,,87074,20,,,1,29,,87059,20,,,1,57,,87069,20,,,1,22,,87071,20,,,1,24,,87068,20,,,1,67,,87060,20,,,1,30,,87050,20,,,1,68,,87048,20,,,1,28,,87042,20,,,1,69,,87072,20,,,1,32,,87054,20,,,1,67,,87051,20,,,1,30,,87056,20,,,1,69,,87044,20,,,1,30,,87065,20,,,1,74,,87046,20,,,1,31,,87049,20,,,1
80001,'Semaine-12',620,,87097,20,,,1,28,,87090,20,,,1,72,,87098,20,,,1,30,,87082,20,,,1,75,,87080,20,,,1,28,,87087,20,,,1,66,,87093,20,,,1,30,,87105,20,,,1,70,,87096,20,,,2,30,,87088,20,,,1,70,,87102,20,,,1,30,,87076,20,,,1,70,,87110,20,,,1,29,,87108,20,,,1,74,,87078,20,,,1,30,,87101,20,,,1,70,,87092,20,,,1,30,,87099,20,,,1,73,,87109,20,,,1,29,,87094,20,,,1,57,,87104,20,,,1,22,,87106,20,,,1,24,,87103,20,,,1,67,,87095,20,,,1,30,,87085,20,,,1,68,,87083,20,,,1,28,,87077,20,,,1,69,,87107,20,,,1,32,,87089,20,,,1,67,,87086,20,,,1,30,,87091,20,,,1,69,,87079,20,,,1,30,,87100,20,,,1,74,,87081,20,,,1,31,,87084,20,,,1
