3600,'Semaine-1',927,,81164,43,,,1,102,,81165,43,,,1,101,,81163,43,,,1,100,,81166,43,,,1,100,,81168,43,,,1,100,,81169,43,,,1,100,,81167,43,,,1
3600,'Semaine-12',927,,81171,43,,,1,102,,81172,43,,,1,101,,81170,43,,,1,100,,81173,43,,,1,100,,81175,43,,,1,100,,81176,43,,,1,100,,81174,43,,,1
3700,'Samedi-1',744,,81191,35,,,1,100,,81192,35,,,1,100,,81194,35,,,1,103,,81195,35,,,1,100,,81193,35,,,1,102,,81196,35,,,1,100,,81197,35,,,1,100,,81198,35,,,1,100,,81199,35,,,1,100,,81200,35,,,1,100,,81201,35,,,1,100,,81202,35,,,1,97,,81203,35,,,1,100,,81204,35,,,1,100,,81205,35,,,1,100,,81206,35,,,1,97,,81207,35,,,1,100,,81208,35,,,1
3700,'Samedi-10',744,,68178,35,,,1,100,,68179,35,,,1,100,,68181,35,,,1,103,,68182,35,,,1,100,,68180,35,,,1,102,,68183,35,,,1,100,,68184,35,,,1,100,,68185,35,,,1,100,,68186,35,,,1,100,,68187,35,,,1,100,,68188,35,,,1,100,,68189,35,,,1,97,,68190,35,,,1,100,,68191,35,,,1,100,,68192,35,,,1,100,,68193,35,,,1,97,,68194,35,,,1,100,,68195,35,,,1
3700,'Dimanche-1',744,,81211,35,,,1,100,,81214,35,,,1,100,,81216,35,,,1,103,,81212,35,,,1,100,,81209,35,,,1,102,,81213,35,,,1,100,,81210,35,,,1,100,,81215,35,,,1,100,,81217,35,,,1,100,,81219,35,,,1,100,,81218,35,,,1,100,,81222,35,,,1,97,,81221,35,,,1,100,,81220,35,,,1,100,,81223,35,,,1,100,,81224,35,,,1,97,,81225,35,,,1,100,,81226,35,,,1
3700,'Semaine-1',705,,81248,35,,,1,42,,81254,35,,,1,73,,81245,35,,,1,27,,81229,35,,,1,69,,81243,35,,,1,89,,81235,35,,,1,100,,81231,35,,,1,100,,81232,35,,,1,100,,81233,35,,,1,103,,81234,35,,,1,100,,81240,35,,,1,50,,81241,35,,,1,56,,81242,35,,,1,15,,81228,35,,,1,15,,81250,35,,,1,63,,81237,35,,,1,30,,81246,35,,,1,63,,81236,35,,,1,27,,81230,35,,,1,29,,81227,35,,,1,66,,81238,35,,,1,30,,81253,35,,,1,69,,81244,35,,,1,36,,81255,35,,,1,99,,81251,35,,,1,98,,81239,35,,,1,100,,81249,35,,,1,99,,81252,35,,,1,55,,81247,35,,,1
3700,'Semaine-12',705,,81277,35,,,1,42,,81283,35,,,1,73,,81274,35,,,1,27,,81258,35,,,1,69,,81272,35,,,1,89,,81264,35,,,1,100,,81260,35,,,1,100,,81261,35,,,1,100,,81262,35,,,1,103,,81263,35,,,1,100,,81269,35,,,1,50,,81270,35,,,1,56,,81271,35,,,1,15,,81257,35,,,1,15,,81279,35,,,1,63,,81266,35,,,1,30,,81275,35,,,1,63,,81265,35,,,1,27,,81259,35,,,1,29,,81256,35,,,1,66,,81267,35,,,1,30,,81282,35,,,1,69,,81273,35,,,1,36,,81284,35,,,1,99,,81280,35,,,1,98,,81268,35,,,1,100,,81278,35,,,1,99,,81281,35,,,1,55,,81276,35,,,1
37100,'Samedi-1',815,,85916,36,,,1,101,,85920,36,,,1,100,,85915,36,,,1,103,,85921,36,,,1,100,,85917,36,,,1,100,,85918,36,,,1,100,,85919,36,,,1,103,,85922,36,,,1,100,,85923,36,,,1,100,,85924,36,,,1,99,,85925,36,,,1,98,,85926,36,,,1,100,,85927,36,,,1,98,,85928,36,,,1,100,,85929,36,,,1,99,,85930,36,,,1,98,,85931,36,,,1
37100,'Samedi-10',815,,77442,36,,,1,101,,77446,36,,,1,100,,77441,36,,,1,103,,77447,36,,,1,100,,77443,36,,,1,100,,77444,36,,,1,100,,77445,36,,,1,103,,77448,36,,,1,100,,77449,36,,,1,100,,77450,36,,,1,99,,77451,36,,,1,98,,77452,36,,,1,100,,77453,36,,,1,98,,77454,36,,,1,100,,77455,36,,,1,99,,77456,36,,,1,98,,77457,36,,,1
37100,'Dimanche-1',815,,85932,36,,,1,101,,85934,36,,,1,100,,85936,36,,,1,103,,85937,36,,,1,100,,85944,36,,,1,100,,85933,36,,,1,100,,85938,36,,,1,103,,85935,36,,,1,100,,85940,36,,,1,100,,85942,36,,,1,99,,85943,36,,,1,98,,85941,36,,,1,100,,85939,36,,,1,98,,85945,36,,,1,100,,85946,36,,,1,99,,85947,36,,,1,98,,85948,36,,,1
37100,'Semaine-1',726,,85962,36,,,1,33,,85959,36,,,1,70,,85955,36,,,1,28,,85950,36,,,1,90,,85969,36,,,1,97,,85954,36,,,1,102,,85956,36,,,1,100,,85968,36,,,1,100,,85963,36,,,1,103,,85952,36,,,1,95,,85964,36,,,1,59,,85973,36,,,1,16,,85953,36,,,1,15,,85974,36,,,1,25,,85949,36,,,1,60,,85958,36,,,1,27,,85965,36,,,1,65,,85971,36,,,1,26,,85970,36,,,1,70,,85960,36,,,1,28,,85972,36,,,1,70,,85975,36,,,1,30,,85961,36,,,1,95,,85957,36,,,1,100,,85967,36,,,1,100,,85966,36,,,1,97,,85951,36,,,1
37100,'Semaine-12',726,,85989,36,,,1,33,,85986,36,,,1,70,,85982,36,,,1,28,,85977,36,,,1,90,,85996,36,,,1,97,,85981,36,,,1,102,,85983,36,,,1,100,,85995,36,,,1,100,,85990,36,,,1,103,,85979,36,,,1,95,,85991,36,,,1,59,,86000,36,,,1,16,,85980,36,,,1,15,,86001,36,,,1,25,,85976,36,,,1,60,,85985,36,,,1,27,,85992,36,,,1,65,,85998,36,,,1,26,,85997,36,,,1,70,,85987,36,,,1,28,,85999,36,,,1,70,,86002,36,,,1,30,,85988,36,,,1,95,,85984,36,,,1,100,,85994,36,,,1,100,,85993,36,,,1,97,,85978,36,,,1
43700,'Semaine-1',744,,86783,31,0,9 14,1,2,,86784,27,0,9 14,2
43700,'Semaine-12',744,,86785,31,0,9 14,1,2,,86786,27,0,9 14,2
