4501,'Semaine-1',605,,81972,22,,,1,30,,81971,22,,,1,71,,81975,22,,,2,30,,81974,22,,,1,73,,81973,22,,,1,29,,81976,22,,,1
4501,'Semaine-12',605,,81978,22,,,1,30,,81977,22,,,1,71,,81981,22,,,2,30,,81980,22,,,1,73,,81979,22,,,1,29,,81982,22,,,1
5201,'Samedi-1',700,,82303,46,,,1,100,,82304,46,,,1,101,,82305,46,,,1,100,,82306,46,,,1,102,,82308,46,,,1,100,,82307,46,,,1,100,,82309,46,,,1,100,,82310,46,,,1,101,,82311,46,,,1,99,,82312,46,,,1,100,,82313,46,,,1,100,,82314,46,,,1,99,,82317,46,,,1,100,,82315,46,,,1,57,,82319,46,,,1,141,,82316,46,,,1,100,,82318,46,,,1,101,,82320,46,,,1
5201,'Samedi-10',700,,70449,46,,,1,100,,70450,46,,,1,101,,70451,46,,,1,100,,70452,46,,,1,102,,70454,46,,,1,100,,70453,46,,,1,100,,70455,46,,,1,100,,70456,46,,,1,101,,70457,46,,,1,99,,70458,46,,,1,100,,70459,46,,,1,100,,70460,46,,,1,99,,70463,46,,,1,100,,70461,46,,,1,57,,70465,46,,,1,141,,70462,46,,,1,100,,70464,46,,,1,101,,70466,46,,,1
5201,'Dimanche-1',700,,82321,46,,,1,100,,82322,46,,,1,101,,82323,46,,,1,100,,82326,46,,,1,102,,82324,46,,,1,100,,82328,46,,,1,100,,82325,46,,,1,100,,82330,46,,,1,101,,82327,46,,,1,99,,82329,46,,,1,100,,82332,46,,,1,100,,82334,46,,,1,99,,82331,46,,,1,100,,82333,46,,,1,57,,82335,46,,,1,141,,82336,46,,,1,100,,82337,46,,,1,101,,82338,46,,,1
5201,'Semaine-1',631,,82354,46,,,1,102,,82356,46,,,1,102,,82355,46,,,1,97,,82339,46,,,1,102,,82345,46,,,1,99,,82342,46,,,1,100,,82349,46,,,1,100,,82340,46,,,1,100,,82344,46,,,1,102,,82343,46,,,1,100,,82353,46,,,1,100,,82352,46,,,1,98,,82346,46,,,1,97,,82347,46,,,1,100,,82351,46,,,1,100,,82348,46,,,1,100,,82350,46,,,1,100,,82341,46,,,2
5201,'Semaine-12',631,,82372,46,,,1,102,,82374,46,,,1,102,,82373,46,,,1,97,,82357,46,,,1,102,,82363,46,,,1,99,,82360,46,,,1,100,,82367,46,,,1,100,,82358,46,,,1,100,,82362,46,,,1,102,,82361,46,,,1,100,,82371,46,,,1,100,,82370,46,,,1,98,,82364,46,,,1,97,,82365,46,,,1,100,,82369,46,,,1,100,,82366,46,,,1,100,,82368,46,,,1,100,,82359,46,,,2
5600,'Semaine-1',633,,82719,13,,,1,24,,82717,13,,,1,46,,82721,13,,,1,31,,82720,13,,,1,71,,82714,13,,,1,100,,82713,13,,,1,109,,82715,13,,,1,98,,82718,13,,,2,100,,82716,13,,,1
5600,'Semaine-12',633,,82728,13,,,1,24,,82726,13,,,1,46,,82730,13,,,1,31,,82729,13,,,1,71,,82723,13,,,1,100,,82722,13,,,1,109,,82724,13,,,1,98,,82727,13,,,2,100,,82725,13,,,1
64501,'Semaine-1',1523,,86853,31,0,9 10,1
64501,'Semaine-12',1523,,86854,31,0,9 10,1
