3100,'Samedi-1',722,,80085,31,,,1,105,,80086,31,,,1,103,,80087,31,,,1,100,,80088,31,,,1,102,,80089,31,,,1,102,,80090,31,,,1,101,,80091,31,,,1,100,,80092,31,,,1,100,,80093,31,,,1,102,,80094,31,,,1,100,,80095,31,,,1,100,,80096,31,,,1,93,,80097,31,,,1,101,,80098,31,,,1,100,,80099,31,,,1,100,,80100,31,,,1,101,,80101,31,,,1,99,,80102,31,,,1,100,,80103,31,,,1
3100,'Samedi-10',722,,66103,31,,,1,105,,66104,31,,,1,103,,66105,31,,,1,100,,66106,31,,,1,102,,66107,31,,,1,102,,66108,31,,,1,101,,66109,31,,,1,100,,66110,31,,,1,100,,66111,31,,,1,102,,66112,31,,,1,100,,66113,31,,,1,100,,66114,31,,,1,93,,66115,31,,,1,101,,66116,31,,,1,100,,66117,31,,,1,100,,66118,31,,,1,101,,66119,31,,,1,99,,66120,31,,,1,100,,66121,31,,,1
3100,'Dimanche-1',722,,80108,31,,,1,105,,80110,31,,,1,103,,80109,31,,,1,100,,80117,31,,,1,102,,80112,31,,,1,102,,80104,31,,,1,101,,80107,31,,,1,100,,80106,31,,,1,100,,80105,31,,,1,102,,80111,31,,,1,100,,80113,31,,,1,100,,80114,31,,,1,93,,80116,31,,,1,101,,80115,31,,,1,100,,80118,31,,,1,100,,80119,31,,,1,101,,80120,31,,,1,99,,80121,31,,,1,100,,80122,31,,,1
3100,'Semaine-1',632,,80127,31,,,1,84,,80160,31,,,1,21,,80140,31,,,1,21,,80128,31,,,1,55,,80165,31,,,1,21,,80162,31,,,1,21,,80124,31,,,1,58,,80137,31,,,1,23,,80138,31,,,1,9,,80129,31,,,1,64,,80131,31,,,1,20,,80148,31,,,1,27,,80149,31,,,1,71,,80130,31,,,1,30,,80135,31,,,1,70,,80154,31,,,1,30,,80151,31,,,1,57,,80132,31,,,1,13,,80125,31,,,1,19,,80159,31,,,1,60,,80163,31,,,1,18,,80150,31,,,1,29,,80133,31,,,1,63,,80153,31,,,1,11,,80155,31,,,1,75,,80161,31,,,1,24,,80152,31,,,1,18,,80134,31,,,1,59,,80145,31,,,1,23,,80147,31,,,1,18,,80136,31,,,1,57,,80123,31,,,1,15,,80126,31,,,1,10,,80157,31,,,1,28,,80164,31,,,1,52,,80142,31,,,1,20,,80158,31,,,1,106,,80143,31,,,1,99,,80139,31,,,1,100,,80144,31,,,1,100,,80146,31,,,1,100,,80156,31,,,1,100,,80141,31,,,1
3100,'Semaine-12',632,,80170,31,,,1,84,,80203,31,,,1,21,,80183,31,,,1,21,,80171,31,,,1,55,,80208,31,,,1,21,,80205,31,,,1,21,,80167,31,,,1,58,,80180,31,,,1,23,,80181,31,,,1,9,,80172,31,,,1,64,,80174,31,,,1,20,,80191,31,,,1,27,,80192,31,,,1,71,,80173,31,,,1,30,,80178,31,,,1,70,,80197,31,,,1,30,,80194,31,,,1,57,,80175,31,,,1,13,,80168,31,,,1,19,,80202,31,,,1,60,,80206,31,,,1,18,,80193,31,,,1,29,,80176,31,,,1,63,,80196,31,,,1,11,,80198,31,,,1,75,,80204,31,,,1,24,,80195,31,,,1,18,,80177,31,,,1,59,,80188,31,,,1,23,,80190,31,,,1,18,,80179,31,,,1,57,,80166,31,,,1,15,,80169,31,,,1,10,,80200,31,,,1,28,,80207,31,,,1,52,,80185,31,,,1,20,,80201,31,,,1,106,,80186,31,,,1,99,,80182,31,,,1,100,,80187,31,,,1,100,,80189,31,,,1,100,,80199,31,,,1,100,,80184,31,,,1
33100,'Semaine-1',813,,85911,5,0,7 8,1
33100,'Semaine-12',813,,85912,5,0,7 8,1
43101,'Semaine-1',735,,86775,6,0,9 14,1
43101,'Semaine-12',735,,86776,6,0,9 14,1
83100,'Semaine-1',1536,,87145,14,0,9 12 13,1
83100,'Semaine-12',1536,,87147,14,0,9 12 13,1
