1800,'Semaine-1',1313,,79946,22,,,1,239,,79945,22,,,2,102,,79948,22,,,1,69,,79947,22,,,1
1800,'Semaine-12',1313,,79950,22,,,1,239,,79949,22,,,2,102,,79952,22,,,1,69,,79951,22,,,1
6800,'Semaine-1',627,,84102,21,,,1,30,,84112,21,,,1,69,,84110,21,,,1,31,,84119,21,,,1,70,,84116,21,,,1,30,,84093,21,,,1,70,,84117,21,,,1,30,,84094,21,,,1,70,,84099,21,,,1,30,,84118,21,,,1,70,,84104,21,,,1,30,,84097,21,,,1,75,,84114,21,,,1,75,,84105,21,,,1,30,,84113,21,,,1,70,,84106,21,,,1,30,,84100,21,,,1,69,,84103,21,,,1,18,,84111,21,,,1,20,,84121,21,,,1,67,,84107,21,,,1,20,,84115,21,,,1,20,,84109,21,,,1,60,,84123,21,,,1,16,,84120,21,,,1,10,,84108,21,,,1,10,,84122,21,,,1,60,,84096,21,,,1,30,,84101,21,,,1,70,,84098,21,,,1
6800,'Semaine-12',627,,84133,21,,,1,30,,84143,21,,,1,69,,84141,21,,,1,31,,84150,21,,,1,70,,84147,21,,,1,30,,84124,21,,,1,70,,84148,21,,,1,30,,84125,21,,,1,70,,84130,21,,,1,30,,84149,21,,,1,70,,84135,21,,,1,30,,84128,21,,,1,75,,84145,21,,,1,75,,84136,21,,,1,30,,84144,21,,,1,70,,84137,21,,,1,30,,84131,21,,,1,69,,84134,21,,,1,18,,84142,21,,,1,20,,84152,21,,,1,67,,84138,21,,,1,20,,84146,21,,,1,20,,84140,21,,,1,60,,84154,21,,,1,16,,84151,21,,,1,10,,84139,21,,,1,10,,84153,21,,,1,60,,84127,21,,,1,30,,84132,21,,,1,70,,84129,21,,,1
9700,'Semaine-1',1703,,85610,2,,,1,99,,85611,2,,,1,30,,85612,2,,,1
9700,'Semaine-12',1703,,85630,2,,,1,99,,85631,2,,,1,30,,85632,2,,,1
10000,'Semaine-1',1540,,85718,18,,,1,9,,85720,18,,,1,51,,85705,18,,,1,8,,85706,18,,,1,7,,85707,18,,,1,9,,85719,18,,,1,8,,85708,18,,,1,10,,85709,18,,,1,9,,85710,18,,,1,50,,85711,18,,,1,10,,85712,18,,,1,9,,85713,18,,,1,12,,85714,18,,,1,10,,85715,18,,,1,8,,85716,18,,,1,52,,85717,18,,,1
10000,'Semaine-12',1540,,85734,18,,,1,9,,85736,18,,,1,51,,85721,18,,,1,8,,85722,18,,,1,7,,85723,18,,,1,9,,85735,18,,,1,8,,85724,18,,,1,10,,85725,18,,,1,9,,85726,18,,,1,50,,85727,18,,,1,10,,85728,18,,,1,9,,85729,18,,,1,12,,85730,18,,,1,10,,85731,18,,,1,8,,85732,18,,,1,52,,85733,18,,,1
20000,'Semaine-1',1539,,85767,14,,,1,5,,85768,14,,,1,8,,85791,14,,,1,5,,85769,14,,,1,45,,85770,14,,,1,5,,85796,14,,,1,5,,85771,14,,,1,5,,85773,14,,,1,5,,85774,14,,,1,5,,85775,14,,,1,5,,85777,14,,,1,5,,85778,14,,,1,5,,85772,14,,,1,5,,85795,14,,,1,5,,85776,14,,,1,7,,85779,14,,,1,44,,85780,14,,,1,5,,85781,14,,,1,4,,85782,14,,,1,5,,85794,14,,,1,5,,85783,14,,,1,5,,85792,14,,,1,5,,85784,14,,,1,5,,85785,14,,,1,5,,85787,14,,,1,5,,85786,14,,,1,5,,85788,14,,,1,3,,85789,14,,,1,45,,85790,14,,,1,5,,85793,14,,,1
20000,'Semaine-12',1539,,85797,14,,,1,5,,85798,14,,,1,8,,85821,14,,,1,5,,85799,14,,,1,45,,85800,14,,,1,5,,85826,14,,,1,5,,85801,14,,,1,5,,85803,14,,,1,5,,85804,14,,,1,5,,85805,14,,,1,5,,85807,14,,,1,5,,85808,14,,,1,5,,85802,14,,,1,5,,85825,14,,,1,5,,85806,14,,,1,7,,85809,14,,,1,44,,85810,14,,,1,5,,85811,14,,,1,4,,85812,14,,,1,5,,85824,14,,,1,5,,85813,14,,,1,5,,85822,14,,,1,5,,85814,14,,,1,5,,85815,14,,,1,5,,85817,14,,,1,5,,85816,14,,,1,5,,85818,14,,,1,3,,85819,14,,,1,45,,85820,14,,,1,5,,85823,14,,,1
40000,'Samedi-1',632,,86087,18,,,1,20,,86088,18,,,1,55,,86091,18,,,1,15,,86096,18,,,1,15,,86105,18,,,1,15,,86106,18,,,1,55,,86089,18,,,1,15,,86093,18,,,1,15,,86090,18,,,1,15,,86114,18,,,1,55,,86092,18,,,1,15,,86095,18,,,1,15,,86094,18,,,1,15,,86097,18,,,1,55,,86115,18,,,1,15,,86113,18,,,1,15,,86116,18,,,1,15,,86098,18,,,1,55,,86100,18,,,1,15,,86103,18,,,1,15,,86104,18,,,1,15,,86099,18,,,1,55,,86110,18,,,1,15,,86112,18,,,1,15,,86117,18,,,1,15,,86102,18,,,1,55,,86101,18,,,1,15,,86107,18,,,1,17,,86108,18,,,1,15,,86109,18,,,1,55,,86118,18,,,1,15,,86111,18,,,1,15,,86119,18,,,1,15,,86120,18,,,1,55,,86121,18,,,1,15,,86122,18,,,1,15,,86123,18,,,1,15,,86124,18,,,1,55,,86125,18,,,1,15,,86126,18,,,1,15,,86127,18,,,1,15,,86128,18,,,1,55,,86129,18,,,1,15,,86130,18,,,1,14,,86131,18,,,1,15,,86132,18,,,1,55,,86133,18,,,1,15,,86134,18,,,1,15,,86140,18,,,1,15,,86135,18,,,1,55,,86136,18,,,1,15,,86137,18,,,1,14,,86138,18,,,1,16,,86139,18,,,1,54,,86143,18,,,1,15,,86141,18,,,1,15,,86142,18,,,1,15,,86147,18,,,1,55,,86146,18,,,1,16,,86145,18,,,1,14,,86144,18,,,1,16,,86151,18,,,1,54,,86148,18,,,1,15,,86149,18,,,1,15,,86150,18,,,1,15,,86158,18,,,1,56,,86153,18,,,1,15,,86152,18,,,1,13,,86154,18,,,1,16,,86155,18,,,1,53,,86156,18,,,1,16,,86157,18,,,1,11,,86159,18,,,1
40000,'Samedi-10',632,,77857,18,,,1,20,,77858,18,,,1,55,,77861,18,,,1,15,,77866,18,,,1,15,,77875,18,,,1,15,,77876,18,,,1,55,,77859,18,,,1,15,,77863,18,,,1,15,,77860,18,,,1,15,,77884,18,,,1,55,,77862,18,,,1,15,,77865,18,,,1,15,,77864,18,,,1,15,,77867,18,,,1,55,,77885,18,,,1,15,,77883,18,,,1,15,,77886,18,,,1,15,,77868,18,,,1,55,,77870,18,,,1,15,,77873,18,,,1,15,,77874,18,,,1,15,,77869,18,,,1,55,,77880,18,,,1,15,,77882,18,,,1,15,,77887,18,,,1,15,,77872,18,,,1,55,,77871,18,,,1,15,,77877,18,,,1,17,,77878,18,,,1,15,,77879,18,,,1,55,,77888,18,,,1,15,,77881,18,,,1,15,,77889,18,,,1,15,,77890,18,,,1,55,,77891,18,,,1,15,,77892,18,,,1,15,,77893,18,,,1,15,,77894,18,,,1,55,,77895,18,,,1,15,,77896,18,,,1,15,,77897,18,,,1,15,,77898,18,,,1,55,,77899,18,,,1,15,,77900,18,,,1,14,,77901,18,,,1,15,,77902,18,,,1,55,,77903,18,,,1,15,,77904,18,,,1,15,,77910,18,,,1,15,,77905,18,,,1,55,,77906,18,,,1,15,,77907,18,,,1,14,,77908,18,,,1,16,,77909,18,,,1,54,,77913,18,,,1,15,,77911,18,,,1,15,,77912,18,,,1,15,,77917,18,,,1,55,,77916,18,,,1,16,,77915,18,,,1,14,,77914,18,,,1,16,,77921,18,,,1,54,,77918,18,,,1,15,,77919,18,,,1,15,,77920,18,,,1,15,,77928,18,,,1,56,,77923,18,,,1,15,,77922,18,,,1,13,,77924,18,,,1,16,,77925,18,,,1,53,,77926,18,,,1,16,,77927,18,,,1,11,,77929,18,,,1
40000,'Dimanche-1',632,,86160,18,,,1,20,,86161,18,,,1,55,,86169,18,,,1,15,,86181,18,,,1,15,,86183,18,,,1,15,,86164,18,,,1,55,,86171,18,,,1,15,,86170,18,,,1,15,,86162,18,,,1,15,,86163,18,,,1,55,,86172,18,,,1,15,,86180,18,,,1,15,,86182,18,,,1,15,,86165,18,,,1,55,,86175,18,,,1,15,,86174,18,,,1,15,,86189,18,,,1,15,,86190,18,,,1,55,,86186,18,,,1,15,,86201,18,,,1,15,,86194,18,,,1,15,,86185,18,,,1,55,,86200,18,,,1,15,,86173,18,,,1,15,,86188,18,,,1,15,,86191,18,,,1,55,,86179,18,,,1,15,,86202,18,,,1,17,,86195,18,,,1,15,,86176,18,,,1,55,,86184,18,,,1,15,,86177,18,,,1,15,,86187,18,,,1,15,,86196,18,,,1,55,,86178,18,,,1,15,,86166,18,,,1,15,,86192,18,,,1,15,,86167,18,,,1,55,,86199,18,,,1,15,,86168,18,,,1,15,,86208,18,,,1,15,,86197,18,,,1,55,,86212,18,,,1,15,,86206,18,,,1,14,,86193,18,,,1,15,,86210,18,,,1,55,,86198,18,,,1,15,,86214,18,,,1,15,,86207,18,,,1,15,,86215,18,,,1,55,,86211,18,,,1,15,,86216,18,,,1,14,,86203,18,,,1,16,,86209,18,,,1,54,,86204,18,,,1,15,,86213,18,,,1,15,,86205,18,,,1,15,,86217,18,,,1,55,,86218,18,,,1,16,,86220,18,,,1,14,,86219,18,,,1,16,,86222,18,,,1,54,,86221,18,,,1,15,,86223,18,,,1,15,,86224,18,,,1,15,,86229,18,,,1,56,,86225,18,,,1,15,,86227,18,,,1,13,,86226,18,,,1,16,,86228,18,,,1,53,,86231,18,,,1,16,,86230,18,,,1,11,,86232,18,,,1
40000,'Semaine-1',606,,86233,18,,,1,15,,86239,18,,,1,15,,86262,18,,,1,14,,86277,18,,,1,56,,86267,18,,,1,18,,86325,18,,,1,9,,86297,18,,,1,10,,86249,18,,,1,10,,86296,18,,,1,58,,86291,18,,,1,13,,86292,18,,,1,10,,86247,18,,,1,12,,86269,18,,,1,12,,86271,18,,,1,52,,86318,18,,,1,11,,86288,18,,,1,10,,86242,18,,,1,13,,86251,18,,,1,9,,86237,18,,,1,49,,86240,18,,,1,10,,86293,18,,,1,10,,86259,18,,,1,10,,86272,18,,,1,10,,86265,18,,,1,10,,86266,18,,,1,50,,86298,18,,,1,10,,86278,18,,,1,10,,86289,18,,,1,11,,86243,18,,,1,9,,86252,18,,,1,10,,86241,18,,,1,51,,86319,18,,,1,9,,86294,18,,,1,10,,86260,18,,,1,10,,86273,18,,,1,11,,86264,18,,,1,10,,86256,18,,,1,49,,86285,18,,,1,11,,86268,18,,,1,4,,86279,18,,,1,5,,86290,18,,,1,11,,86244,18,,,1,10,,86254,18,,,1,10,,86246,18,,,1,50,,86236,18,,,1,10,,86295,18,,,1,10,,86276,18,,,1,10,,86274,18,,,1,7,,86286,18,,,1,6,,86263,18,,,1,8,,86255,18,,,1,46,,86303,18,,,1,6,,86304,18,,,1,4,,86305,18,,,1,6,,86306,18,,,1,2,,86307,18,,,1,11,,86317,18,,,1,5,,86323,18,,,1,2,,86308,18,,,1,275,,86309,18,,,1,5,,86310,18,,,1,5,,86311,18,,,1,5,,86312,18,,,1,5,,86324,18,,,1,5,,86313,18,,,1,6,,86314,18,,,1,8,,86315,18,,,1,52,,86316,18,,,1,12,,86280,18,,,1,12,,86281,18,,,1,10,,86275,18,,,1,12,,86301,18,,,1,52,,86284,18,,,1,12,,86270,18,,,1,12,,86248,18,,,1,12,,86320,18,,,1,12,,86253,18,,,1,53,,86321,18,,,1,11,,86261,18,,,1,12,,86282,18,,,1,12,,86322,18,,,1,14,,86258,18,,,1,53,,86302,18,,,1,15,,86300,18,,,1,15,,86245,18,,,1,15,,86234,18,,,1,55,,86250,18,,,1,13,,86283,18,,,1,15,,86257,18,,,1,15,,86287,18,,,1,55,,86299,18,,,1,15,,86238,18,,,1,15,,86235,18,,,1
40000,'Semaine-12',606,,86326,18,,,1,15,,86332,18,,,1,15,,86355,18,,,1,14,,86370,18,,,1,56,,86360,18,,,1,18,,86418,18,,,1,9,,86390,18,,,1,10,,86342,18,,,1,10,,86389,18,,,1,58,,86384,18,,,1,13,,86385,18,,,1,10,,86340,18,,,1,12,,86362,18,,,1,12,,86364,18,,,1,52,,86411,18,,,1,11,,86381,18,,,1,10,,86335,18,,,1,13,,86344,18,,,1,9,,86330,18,,,1,49,,86333,18,,,1,10,,86386,18,,,1,10,,86352,18,,,1,10,,86365,18,,,1,10,,86358,18,,,1,10,,86359,18,,,1,50,,86391,18,,,1,10,,86371,18,,,1,10,,86382,18,,,1,11,,86336,18,,,1,9,,86345,18,,,1,10,,86334,18,,,1,51,,86412,18,,,1,9,,86387,18,,,1,10,,86353,18,,,1,10,,86366,18,,,1,11,,86357,18,,,1,10,,86349,18,,,1,49,,86378,18,,,1,11,,86361,18,,,1,4,,86372,18,,,1,5,,86383,18,,,1,11,,86337,18,,,1,10,,86347,18,,,1,10,,86339,18,,,1,50,,86329,18,,,1,10,,86388,18,,,1,10,,86369,18,,,1,10,,86367,18,,,1,7,,86379,18,,,1,6,,86356,18,,,1,8,,86348,18,,,1,46,,86396,18,,,1,6,,86397,18,,,1,4,,86398,18,,,1,6,,86399,18,,,1,2,,86400,18,,,1,11,,86410,18,,,1,5,,86416,18,,,1,2,,86401,18,,,1,275,,86402,18,,,1,5,,86403,18,,,1,5,,86404,18,,,1,5,,86405,18,,,1,5,,86417,18,,,1,5,,86406,18,,,1,6,,86407,18,,,1,8,,86408,18,,,1,52,,86409,18,,,1,12,,86373,18,,,1,12,,86374,18,,,1,10,,86368,18,,,1,12,,86394,18,,,1,52,,86377,18,,,1,12,,86363,18,,,1,12,,86341,18,,,1,12,,86413,18,,,1,12,,86346,18,,,1,53,,86414,18,,,1,11,,86354,18,,,1,12,,86375,18,,,1,12,,86415,18,,,1,14,,86351,18,,,1,53,,86395,18,,,1,15,,86393,18,,,1,15,,86338,18,,,1,15,,86327,18,,,1,55,,86343,18,,,1,13,,86376,18,,,1,15,,86350,18,,,1,15,,86380,18,,,1,55,,86392,18,,,1,15,,86331,18,,,1,15,,86328,18,,,1
80000,'Samedi-1',755,,86901,51,,,1,104,,86902,51,,,1,98,,86903,51,,,1,101,,86905,51,,,1,100,,86906,51,,,1,100,,86904,51,,,1,100,,86907,51,,,1,142,,86908,51,,,1,100,,86909,51,,,1,100,,86910,51,,,1,59,,86911,51,,,2,99,,86912,51,,,1,100,,86915,51,,,1,98,,86913,51,,,1,100,,86914,51,,,1,98,,86916,51,,,1,100,,86917,51,,,1
80000,'Samedi-10',755,,79460,51,,,1,104,,79461,51,,,1,98,,79462,51,,,1,101,,79464,51,,,1,100,,79465,51,,,1,100,,79463,51,,,1,100,,79466,51,,,1,142,,79467,51,,,1,100,,79468,51,,,1,100,,79469,51,,,1,59,,79470,51,,,2,99,,79471,51,,,1,100,,79474,51,,,1,98,,79472,51,,,1,100,,79473,51,,,1,98,,79475,51,,,1,100,,79476,51,,,1
80000,'Dimanche-1',755,,86920,51,,,1,104,,86919,51,,,1,98,,86925,51,,,1,101,,86918,51,,,1,100,,86922,51,,,1,100,,86921,51,,,1,100,,86923,51,,,1,142,,86924,51,,,1,100,,86928,51,,,1,100,,86926,51,,,1,59,,86927,51,,,2,99,,86931,51,,,1,100,,86930,51,,,1,98,,86929,51,,,1,100,,86932,51,,,1,98,,86933,51,,,1,100,,86934,51,,,1
80000,'Semaine-1',634,,86967,50,,,1,74,,86953,50,,,1,31,,86943,50,,,1,15,,86942,50,,,1,56,,86963,50,,,1,30,,86954,50,,,1,17,,86940,50,,,1,69,,86959,50,,,1,29,,86944,51,,,1,70,,86961,51,,,1,30,,86956,51,,,1,70,,86970,51,,,1,30,,86937,51,,,1,70,,86958,51,,,1,30,,86948,51,,,1,69,,86964,51,,,1,31,,86957,51,,,1,70,,86968,51,,,1,32,,86947,51,,,1,68,,86962,51,,,1,34,,86960,51,,,1,72,,86949,51,,,1,74,,86965,51,,,1,26,,86938,51,,,1,70,,86955,51,,,1,30,,86952,51,,,1,27,,86966,51,,,1,68,,86951,51,,,1,29,,86945,51,,,1,69,,86939,51,,,1,30,,86969,51,,,1,69,,86950,51,,,1,26,,86946,51,,,1,70,,86936,51,,,1,30,,86941,51,,,1,69,,86935,51,,,1
80000,'Semaine-12',634,,87003,50,,,1,74,,86989,50,,,1,31,,86979,50,,,1,15,,86978,50,,,1,56,,86999,50,,,1,30,,86990,50,,,1,17,,86976,50,,,1,69,,86995,50,,,1,29,,86980,51,,,1,70,,86997,51,,,1,30,,86992,51,,,1,70,,87006,51,,,1,30,,86973,51,,,1,70,,86994,51,,,1,30,,86984,51,,,1,69,,87000,51,,,1,31,,86993,51,,,1,70,,87004,51,,,1,32,,86983,51,,,1,68,,86998,51,,,1,34,,86996,51,,,1,72,,86985,51,,,1,74,,87001,51,,,1,26,,86974,51,,,1,70,,86991,51,,,1,30,,86988,51,,,1,27,,87002,51,,,1,68,,86987,51,,,1,29,,86981,51,,,1,69,,86975,51,,,1,30,,87005,51,,,1,69,,86986,51,,,1,26,,86982,51,,,1,70,,86972,51,,,1,30,,86977,51,,,1,69,,86971,51,,,1
