2700,'Semaine-1',1619,,80039,36,,,1,30,,80037,36,,,2,67,,80041,36,,,1,29,,80038,36,,,2,69,,80040,36,,,2
2700,'Semaine-12',1619,,80044,36,,,1,30,,80042,36,,,2,67,,80046,36,,,1,29,,80043,36,,,2,69,,80045,36,,,2
3301,'Samedi-1',713,,80655,12,,,1,100,,80656,12,,,1,100,,80657,12,,,1,100,,80658,12,,,1,100,,80659,12,,,1,100,,80660,12,,,1,100,,80661,12,,,1,100,,80662,12,,,1,101,,80663,12,,,1,99,,80664,12,,,1,100,,80665,12,,,1,100,,80666,12,,,1,100,,80667,12,,,1,100,,80668,12,,,1,100,,80669,12,,,1,100,,80670,12,,,1,100,,80671,12,,,1,100,,80672,12,,,1
3301,'Samedi-10',713,,67122,12,,,1,100,,67123,12,,,1,100,,67124,12,,,1,100,,67125,12,,,1,100,,67126,12,,,1,100,,67127,12,,,1,100,,67128,12,,,1,100,,67129,12,,,1,101,,67130,12,,,1,99,,67131,12,,,1,100,,67132,12,,,1,100,,67133,12,,,1,100,,67134,12,,,1,100,,67135,12,,,1,100,,67136,12,,,1,100,,67137,12,,,1,100,,67138,12,,,1,100,,67139,12,,,1
3301,'Dimanche-1',713,,80677,12,,,1,100,,80678,12,,,1,100,,80686,12,,,1,100,,80679,12,,,1,100,,80674,12,,,1,100,,80675,12,,,1,100,,80673,12,,,1,100,,80676,12,,,1,101,,80680,12,,,1,99,,80681,12,,,1,100,,80683,12,,,1,100,,80685,12,,,1,100,,80684,12,,,1,100,,80682,12,,,1,100,,80687,12,,,1,100,,80688,12,,,1,100,,80689,12,,,1,100,,80690,12,,,1
3301,'Semaine-1',558,,80714,12,,,1,60,,80722,12,,,1,18,,80699,12,,,1,15,,80719,12,,,1,58,,80715,12,,,1,10,,80710,12,,,1,11,,80730,12,,,1,13,,80728,12,,,1,15,,80717,12,,,1,54,,80705,12,,,1,11,,80721,12,,,1,14,,80695,12,,,1,70,,80707,12,,,1,31,,80713,12,,,1,70,,80703,12,,,1,30,,80724,12,,,1,70,,80708,12,,,1,30,,80700,12,,,1,70,,80702,12,,,1,15,,80720,12,,,1,15,,80729,12,,,1,65,,80711,12,,,1,30,,80701,12,,,1,70,,80706,12,,,1,30,,80709,12,,,1,20,,80731,12,,,1,60,,80712,12,,,1,18,,80716,12,,,1,23,,80697,12,,,1,60,,80727,12,,,1,20,,80704,12,,,1,67,,80694,12,,,1,31,,80691,12,,,1,76,,80725,12,,,1,30,,80698,12,,,1,70,,80693,12,,,1,100,,80696,12,,,1,34,,80718,12,,,1,101,,80723,12,,,2,100,,80692,12,,,1,100,,80726,12,,,1
3301,'Semaine-12',558,,80755,12,,,1,60,,80763,12,,,1,18,,80740,12,,,1,15,,80760,12,,,1,58,,80756,12,,,1,10,,80751,12,,,1,11,,80771,12,,,1,13,,80769,12,,,1,15,,80758,12,,,1,54,,80746,12,,,1,11,,80762,12,,,1,14,,80736,12,,,1,70,,80748,12,,,1,31,,80754,12,,,1,70,,80744,12,,,1,30,,80765,12,,,1,70,,80749,12,,,1,30,,80741,12,,,1,70,,80743,12,,,1,15,,80761,12,,,1,15,,80770,12,,,1,65,,80752,12,,,1,30,,80742,12,,,1,70,,80747,12,,,1,30,,80750,12,,,1,20,,80772,12,,,1,60,,80753,12,,,1,18,,80757,12,,,1,23,,80738,12,,,1,60,,80768,12,,,1,20,,80745,12,,,1,67,,80735,12,,,1,31,,80732,12,,,1,76,,80766,12,,,1,30,,80739,12,,,1,70,,80734,12,,,1,100,,80737,12,,,1,34,,80759,12,,,1,101,,80764,12,,,2,100,,80733,12,,,1,100,,80767,12,,,1
33101,'Semaine-1',1628,,85913,17,0,7 8,1
33101,'Semaine-12',1628,,85914,17,0,7 8,1
43301,'Semaine-1',731,,86781,13,0,9 14,1
43301,'Semaine-12',731,,86782,13,0,9 14,1
56601,'Semaine-1',715,,86819,45,0,5 6,1
56601,'Semaine-12',715,,86820,45,0,5 6,1
82700,'Semaine-1',1540,,87128,26,0,9 12 13,2
82700,'Semaine-12',1540,,87129,26,0,9 12 13,2
