3100,'Samedi-1',724,,80085,35,,,1,105,,80086,35,,,1,103,,80087,35,,,1,100,,80088,35,,,1,102,,80089,35,,,1,103,,80090,35,,,1,101,,80091,35,,,1,100,,80092,35,,,1,100,,80093,35,,,1,102,,80094,35,,,1,100,,80095,35,,,1,100,,80096,35,,,1,93,,80097,35,,,1,100,,80098,35,,,1,100,,80099,35,,,1,100,,80100,35,,,1,101,,80101,35,,,1,99,,80102,35,,,1,100,,80103,35,,,1
3100,'Samedi-10',724,,66103,35,,,1,105,,66104,35,,,1,103,,66105,35,,,1,100,,66106,35,,,1,102,,66107,35,,,1,103,,66108,35,,,1,101,,66109,35,,,1,100,,66110,35,,,1,100,,66111,35,,,1,102,,66112,35,,,1,100,,66113,35,,,1,100,,66114,35,,,1,93,,66115,35,,,1,100,,66116,35,,,1,100,,66117,35,,,1,100,,66118,35,,,1,101,,66119,35,,,1,99,,66120,35,,,1,100,,66121,35,,,1
3100,'Dimanche-1',724,,80108,35,,,1,105,,80110,35,,,1,103,,80109,35,,,1,100,,80117,35,,,1,102,,80112,35,,,1,103,,80104,35,,,1,101,,80107,35,,,1,100,,80106,35,,,1,100,,80105,35,,,1,102,,80111,35,,,1,100,,80113,35,,,1,100,,80114,35,,,1,93,,80116,35,,,1,100,,80115,35,,,1,100,,80118,35,,,1,100,,80119,35,,,1,101,,80120,35,,,1,99,,80121,35,,,1,100,,80122,35,,,1
3100,'Semaine-1',634,,80127,35,,,1,84,,80160,35,,,1,21,,80140,35,,,1,61,,80128,35,,,1,15,,80165,35,,,1,21,,80162,35,,,1,21,,80124,35,,,1,58,,80137,35,,,1,23,,80138,35,,,1,9,,80129,35,,,1,64,,80131,35,,,1,20,,80148,35,,,1,27,,80149,35,,,1,71,,80130,35,,,1,30,,80135,35,,,1,70,,80154,35,,,1,30,,80151,35,,,1,57,,80132,35,,,1,13,,80125,35,,,1,19,,80159,35,,,1,60,,80163,35,,,1,18,,80150,35,,,1,29,,80133,35,,,1,63,,80153,35,,,1,11,,80155,35,,,1,76,,80161,35,,,1,24,,80152,35,,,1,18,,80134,35,,,1,59,,80145,35,,,1,23,,80147,35,,,1,17,,80136,35,,,1,57,,80123,35,,,1,15,,80126,35,,,1,10,,80157,35,,,1,28,,80164,35,,,1,52,,80142,35,,,1,20,,80158,35,,,1,106,,80143,35,,,1,99,,80139,35,,,1,100,,80144,35,,,1,100,,80146,35,,,1,100,,80156,35,,,1,100,,80141,35,,,1
3100,'Semaine-12',634,,80170,35,,,1,84,,80203,35,,,1,21,,80183,35,,,1,61,,80171,35,,,1,15,,80208,35,,,1,21,,80205,35,,,1,21,,80167,35,,,1,58,,80180,35,,,1,23,,80181,35,,,1,9,,80172,35,,,1,64,,80174,35,,,1,20,,80191,35,,,1,27,,80192,35,,,1,71,,80173,35,,,1,30,,80178,35,,,1,70,,80197,35,,,1,30,,80194,35,,,1,57,,80175,35,,,1,13,,80168,35,,,1,19,,80202,35,,,1,60,,80206,35,,,1,18,,80193,35,,,1,29,,80176,35,,,1,63,,80196,35,,,1,11,,80198,35,,,1,76,,80204,35,,,1,24,,80195,35,,,1,18,,80177,35,,,1,59,,80188,35,,,1,23,,80190,35,,,1,17,,80179,35,,,1,57,,80166,35,,,1,15,,80169,35,,,1,10,,80200,35,,,1,28,,80207,35,,,1,52,,80185,35,,,1,20,,80201,35,,,1,106,,80186,35,,,1,99,,80182,35,,,1,100,,80187,35,,,1,100,,80189,35,,,1,100,,80199,35,,,1,100,,80184,35,,,1
33100,'Semaine-1',816,,85911,9,0,7 8,1
33100,'Semaine-12',816,,85912,9,0,7 8,1
43101,'Semaine-1',738,,86775,10,0,9 14,1
43101,'Semaine-12',738,,86776,10,0,9 14,1
83100,'Semaine-1',1538,,87145,18,0,9 12 13,1
83100,'Semaine-12',1538,,87147,18,0,9 12 13,1
