7401,'Semaine-1',617,,84763,17,,,1,32,,84764,17,,,2,71,,84765,17,,,2,30,,84766,17,,,1,68,,84767,17,,,1,27,,84768,17,,,1
7401,'Semaine-12',617,,84769,17,,,1,32,,84770,17,,,2,71,,84771,17,,,2,30,,84772,17,,,1,68,,84773,17,,,1,27,,84774,17,,,1
7500,'Samedi-1',722,,84775,32,,,1,100,,84776,32,,,1,101,,84779,32,,,1,100,,84778,32,,,1,100,,84781,32,,,1,100,,84777,32,,,1,102,,84780,32,,,1,100,,84782,32,,,1,100,,84783,32,,,1,100,,84784,32,,,1,100,,84785,32,,,1,100,,84789,32,,,1,98,,84786,32,,,1,100,,84787,32,,,1,99,,84788,32,,,1,100,,84790,32,,,1,100,,84791,32,,,1,98,,84792,32,,,1
7500,'Samedi-10',722,,75333,32,,,1,100,,75334,32,,,1,101,,75337,32,,,1,100,,75336,32,,,1,100,,75339,32,,,1,100,,75335,32,,,1,102,,75338,32,,,1,100,,75340,32,,,1,100,,75341,32,,,1,100,,75342,32,,,1,100,,75343,32,,,1,100,,75347,32,,,1,98,,75344,32,,,1,100,,75345,32,,,1,99,,75346,32,,,1,100,,75348,32,,,1,100,,75349,32,,,1,98,,75350,32,,,1
7500,'Dimanche-1',722,,84793,32,,,1,100,,84796,32,,,1,101,,84797,32,,,1,100,,84806,32,,,1,100,,84794,32,,,1,100,,84801,32,,,1,102,,84795,32,,,1,100,,84798,32,,,1,100,,84800,32,,,1,100,,84799,32,,,1,100,,84802,32,,,1,100,,84803,32,,,1,98,,84804,32,,,1,100,,84805,32,,,1,99,,84807,32,,,1,100,,84808,32,,,1,100,,84809,32,,,1,98,,84810,32,,,1
7500,'Semaine-1',638,,84829,32,,,1,100,,84814,32,,,1,85,,84837,32,,,2,108,,84840,32,,,1,77,,84838,32,,,1,30,,84833,32,,,1,70,,84821,32,,,1,30,,84820,32,,,1,70,,84828,32,,,1,30,,84830,32,,,1,70,,84831,32,,,1,30,,84826,32,,,1,70,,84818,32,,,1,30,,84839,32,,,1,73,,84819,32,,,1,30,,84825,32,,,1,59,,84817,32,,,1,21,,84832,32,,,1,20,,84836,32,,,1,63,,84823,32,,,1,17,,84816,32,,,2,20,,84824,32,,,1,18,,84841,32,,,1,60,,84835,32,,,1,25,,84815,32,,,1,80,,84822,32,,,2,100,,84813,32,,,2,98,,84811,32,,,2,100,,84812,32,,,2,100,,84834,32,,,2,100,,84827,32,,,2
7500,'Semaine-12',638,,84860,32,,,1,100,,84845,32,,,1,85,,84868,32,,,2,108,,84871,32,,,1,77,,84869,32,,,1,30,,84864,32,,,1,70,,84852,32,,,1,30,,84851,32,,,1,70,,84859,32,,,1,30,,84861,32,,,1,70,,84862,32,,,1,30,,84857,32,,,1,70,,84849,32,,,1,30,,84870,32,,,1,73,,84850,32,,,1,30,,84856,32,,,1,59,,84848,32,,,1,21,,84863,32,,,1,20,,84867,32,,,1,63,,84854,32,,,1,17,,84847,32,,,2,20,,84855,32,,,1,18,,84872,32,,,1,60,,84866,32,,,1,25,,84846,32,,,1,80,,84853,32,,,2,100,,84844,32,,,2,98,,84842,32,,,2,100,,84843,32,,,2,100,,84865,32,,,2,100,,84858,32,,,2
7800,'Samedi-1',838,,85278,41,,,1,100,,85277,41,,,1,100,,85275,41,,,1,100,,85280,41,,,1,101,,85276,41,,,1,100,,85279,41,,,1,100,,85281,41,,,1,100,,85282,41,,,2,100,,85283,41,,,1,99,,85284,41,,,1,100,,85285,41,,,1,100,,85286,41,,,1,100,,85287,41,,,1,100,,85288,41,,,1,100,,85289,41,,,1,98,,85290,41,,,1
7800,'Samedi-10',838,,76336,41,,,1,100,,76335,41,,,1,100,,76333,41,,,1,100,,76338,41,,,1,101,,76334,41,,,1,100,,76337,41,,,1,100,,76339,41,,,1,100,,76340,41,,,2,100,,76341,41,,,1,99,,76342,41,,,1,100,,76343,41,,,1,100,,76344,41,,,1,100,,76345,41,,,1,100,,76346,41,,,1,100,,76347,41,,,1,98,,76348,41,,,1
7800,'Dimanche-1',838,,85293,41,,,1,100,,85294,41,,,1,100,,85291,41,,,1,100,,85302,41,,,1,101,,85292,41,,,1,100,,85297,41,,,1,100,,85295,41,,,1,100,,85296,41,,,2,100,,85298,41,,,1,99,,85301,41,,,1,100,,85299,41,,,1,100,,85300,41,,,1,100,,85303,41,,,1,100,,85304,41,,,1,100,,85305,41,,,1,98,,85306,41,,,1
7800,'Semaine-1',510,,85319,41,,,1,20,,85320,41,,,1,71,,85309,41,,,1,32,,85321,41,,,1,72,,85307,41,,,1,28,,85322,41,,,2,75,,85331,41,,,2,25,,85312,41,,,1,68,,85323,41,,,2,28,,85324,41,,,1,30,,85335,41,,,1,70,,85325,41,,,1,30,,85336,41,,,1,70,,85326,41,,,1,30,,85337,41,,,1,70,,85327,41,,,1,29,,85338,41,,,1,70,,85328,41,,,1,30,,85339,41,,,1,71,,85329,41,,,1,30,,85314,41,,,1,71,,85330,41,,,1,28,,85308,41,,,1,76,,85317,41,,,1,68,,85332,41,,,1,29,,85316,41,,,1,27,,85340,41,,,1,70,,85333,41,,,1,30,,85310,41,,,1,85,,85334,41,,,1,101,,85315,41,,,1,100,,85318,41,,,1,98,,85311,41,,,1,99,,85313,41,,,1
7800,'Semaine-12',510,,85353,41,,,1,20,,85354,41,,,1,71,,85343,41,,,1,32,,85355,41,,,1,72,,85341,41,,,1,28,,85356,41,,,2,75,,85365,41,,,2,25,,85346,41,,,1,68,,85357,41,,,2,28,,85358,41,,,1,30,,85369,41,,,1,70,,85359,41,,,1,30,,85370,41,,,1,70,,85360,41,,,1,30,,85371,41,,,1,70,,85361,41,,,1,29,,85372,41,,,1,70,,85362,41,,,1,30,,85373,41,,,1,71,,85363,41,,,1,30,,85348,41,,,1,71,,85364,41,,,1,28,,85342,41,,,1,76,,85351,41,,,1,68,,85366,41,,,1,29,,85350,41,,,1,27,,85374,41,,,1,70,,85367,41,,,1,30,,85344,41,,,1,85,,85368,41,,,1,101,,85349,41,,,1,100,,85352,41,,,1,98,,85345,41,,,1,99,,85347,41,,,1
