3101,'Samedi-1',700,,80209,23,,,1,100,,80210,23,,,1,100,,80211,23,,,1,100,,80212,23,,,1,100,,80213,23,,,1,100,,80214,23,,,1,100,,80215,23,,,1,100,,80216,23,,,1,100,,80217,23,,,1,100,,80218,23,,,1,100,,80219,23,,,1,100,,80220,23,,,1,59,,80221,23,,,1,99,,80222,23,,,1,100,,80223,23,,,1,100,,80224,23,,,1,100,,80225,23,,,1,100,,80226,23,,,1
3101,'Samedi-10',700,,66345,23,,,1,100,,66346,23,,,1,100,,66347,23,,,1,100,,66348,23,,,1,100,,66349,23,,,1,100,,66350,23,,,1,100,,66351,23,,,1,100,,66352,23,,,1,100,,66353,23,,,1,100,,66354,23,,,1,100,,66355,23,,,1,100,,66356,23,,,1,59,,66357,23,,,1,99,,66358,23,,,1,100,,66359,23,,,1,100,,66360,23,,,1,100,,66361,23,,,1,100,,66362,23,,,1
3101,'Dimanche-1',700,,80228,23,,,1,100,,80233,23,,,1,100,,80240,23,,,1,100,,80230,23,,,1,100,,80232,23,,,1,100,,80229,23,,,1,100,,80231,23,,,1,100,,80227,23,,,1,100,,80234,23,,,1,100,,80237,23,,,1,100,,80236,23,,,1,100,,80235,23,,,1,59,,80239,23,,,1,99,,80238,23,,,1,100,,80241,23,,,1,100,,80242,23,,,1,100,,80243,23,,,1,100,,80244,23,,,1
3101,'Semaine-1',538,,80248,23,,,1,76,,80282,23,,,1,33,,80262,23,,,1,72,,80249,23,,,1,16,,80285,23,,,1,17,,80245,23,,,1,55,,80287,23,,,1,12,,80259,23,,,1,15,,80260,23,,,1,14,,80279,23,,,1,55,,80250,23,,,1,19,,80252,23,,,1,20,,80277,23,,,1,60,,80269,23,,,1,21,,80278,23,,,1,20,,80251,23,,,1,60,,80253,23,,,1,20,,80273,23,,,1,20,,80283,23,,,1,60,,80272,23,,,1,20,,80254,23,,,1,20,,80246,23,,,1,60,,80276,23,,,1,20,,80286,23,,,1,20,,80271,23,,,1,60,,80255,23,,,1,17,,80274,23,,,1,23,,80275,23,,,1,60,,80284,23,,,1,21,,80270,23,,,1,19,,80256,23,,,1,63,,80267,23,,,1,21,,80268,23,,,1,20,,80257,23,,,1,59,,80263,23,,,1,20,,80247,23,,,1,19,,80280,23,,,1,58,,80288,23,,,1,24,,80258,23,,,1,99,,80281,23,,,1,100,,80264,23,,,1,100,,80261,23,,,1,99,,80265,23,,,1,100,,80266,23,,,1
3101,'Semaine-12',538,,80292,23,,,1,76,,80326,23,,,1,33,,80306,23,,,1,72,,80293,23,,,1,16,,80329,23,,,1,17,,80289,23,,,1,55,,80331,23,,,1,12,,80303,23,,,1,15,,80304,23,,,1,14,,80323,23,,,1,55,,80294,23,,,1,19,,80296,23,,,1,20,,80321,23,,,1,60,,80313,23,,,1,21,,80322,23,,,1,20,,80295,23,,,1,60,,80297,23,,,1,20,,80317,23,,,1,20,,80327,23,,,1,60,,80316,23,,,1,20,,80298,23,,,1,20,,80290,23,,,1,60,,80320,23,,,1,20,,80330,23,,,1,20,,80315,23,,,1,60,,80299,23,,,1,17,,80318,23,,,1,23,,80319,23,,,1,60,,80328,23,,,1,21,,80314,23,,,1,19,,80300,23,,,1,63,,80311,23,,,1,21,,80312,23,,,1,20,,80301,23,,,1,59,,80307,23,,,1,20,,80291,23,,,1,19,,80324,23,,,1,58,,80332,23,,,1,24,,80302,23,,,1,99,,80325,23,,,1,100,,80308,23,,,1,100,,80305,23,,,1,99,,80309,23,,,1,100,,80310,23,,,1
3900,'Samedi-1',704,,81669,40,,,1,101,,81670,40,,,1,100,,81674,40,,,1,103,,81673,40,,,1,100,,81676,40,,,1,99,,81675,40,,,1,103,,81671,40,,,1,30,,81672,40,,,1,70,,81677,40,,,1,31,,81678,40,,,1,70,,81679,40,,,1,30,,81680,40,,,1,71,,81681,40,,,1,30,,81682,40,,,1,70,,81683,40,,,1,30,,81684,40,,,1,69,,81685,40,,,1,29,,81686,40,,,1,69,,81687,40,,,1,28,,81688,40,,,1,100,,81689,40,,,1,100,,81690,40,,,1,100,,81691,40,,,1,98,,81692,40,,,1
3900,'Samedi-10',704,,69204,40,,,1,101,,69205,40,,,1,100,,69209,40,,,1,103,,69208,40,,,1,100,,69211,40,,,1,99,,69210,40,,,1,103,,69206,40,,,1,30,,69207,40,,,1,70,,69212,40,,,1,31,,69213,40,,,1,70,,69214,40,,,1,30,,69215,40,,,1,71,,69216,40,,,1,30,,69217,40,,,1,70,,69218,40,,,1,30,,69219,40,,,1,69,,69220,40,,,1,29,,69221,40,,,1,69,,69222,40,,,1,28,,69223,40,,,1,100,,69224,40,,,1,100,,69225,40,,,1,100,,69226,40,,,1,98,,69227,40,,,1
3900,'Dimanche-1',704,,81693,40,,,1,101,,81700,40,,,1,100,,81703,40,,,1,103,,81696,40,,,1,100,,81698,40,,,1,99,,81699,40,,,1,103,,81702,40,,,1,30,,81695,40,,,1,70,,81697,40,,,1,31,,81704,40,,,1,70,,81694,40,,,1,30,,81705,40,,,1,71,,81701,40,,,1,30,,81708,40,,,1,70,,81711,40,,,1,30,,81713,40,,,1,69,,81707,40,,,1,29,,81710,40,,,1,69,,81712,40,,,1,28,,81706,40,,,1,100,,81709,40,,,1,100,,81714,40,,,1,100,,81715,40,,,1,98,,81716,40,,,1
3900,'Semaine-1',643,,81734,40,,,1,65,,81720,40,,,1,35,,81739,40,,,1,69,,81732,40,,,1,31,,81733,40,,,1,69,,81731,40,,,1,32,,81728,40,,,1,70,,81745,40,,,2,30,,81740,40,,,1,71,,81752,40,,,1,30,,81737,40,,,2,70,,81741,40,,,1,30,,81729,40,,,1,71,,81727,40,,,1,30,,81742,40,,,1,69,,81730,40,,,2,30,,81717,40,,,1,75,,81743,40,,,1,32,,81724,40,,,1,70,,81726,40,,,1,32,,81744,40,,,2,72,,81723,40,,,1,28,,81718,40,,,1,69,,81746,40,,,1,25,,81725,40,,,1,71,,81719,40,,,2,29,,81747,40,,,2,72,,81722,40,,,1,25,,81738,40,,,2,65,,81748,40,,,1,30,,81721,40,,,1,70,,81736,40,,,1,29,,81749,40,,,1,70,,81735,40,,,1,32,,81751,40,,,1,68,,81750,40,,,1
3900,'Semaine-12',643,,81770,40,,,1,65,,81756,40,,,1,35,,81775,40,,,1,69,,81768,40,,,1,31,,81769,40,,,1,69,,81767,40,,,1,32,,81764,40,,,1,70,,81781,40,,,2,30,,81776,40,,,1,71,,81788,40,,,1,30,,81773,40,,,2,70,,81777,40,,,1,30,,81765,40,,,1,71,,81763,40,,,1,30,,81778,40,,,1,69,,81766,40,,,2,30,,81753,40,,,1,75,,81779,40,,,1,32,,81760,40,,,1,70,,81762,40,,,1,32,,81780,40,,,2,72,,81759,40,,,1,28,,81754,40,,,1,69,,81782,40,,,1,25,,81761,40,,,1,71,,81755,40,,,2,29,,81783,40,,,2,72,,81758,40,,,1,25,,81774,40,,,2,65,,81784,40,,,1,30,,81757,40,,,1,70,,81772,40,,,1,29,,81785,40,,,1,70,,81771,40,,,1,32,,81787,40,,,1,68,,81786,40,,,1
32900,'Semaine-1',832,,85907,31,0,7 8,1
32900,'Semaine-12',832,,85908,31,0,7 8,1
57100,'Semaine-1',1522,,86825,7,0,5 6,1
57100,'Semaine-12',1522,,86826,7,0,5 6,1
82601,'Semaine-1',801,,87124,34,0,9 12 13,1,1,,87125,34,0,9 12 13,1
82601,'Semaine-12',801,,87126,34,0,9 12 13,1,1,,87127,34,0,9 12 13,1
83101,'Semaine-1',812,,87148,23,0,9 12 13,2,2,,87149,23,0,9 12 13,1
83101,'Semaine-12',812,,87150,23,0,9 12 13,2,2,,87151,23,0,9 12 13,1
