63901,'Semaine-1',730,,86835,44,4,,1
63901,'Semaine-12',730,,86836,44,4,,1
64001,'Semaine-1',730,,86843,23,4,,1,2,,86844,23,4,,1
64001,'Semaine-12',730,,86845,23,4,,1,2,,86846,23,4,,1
64100,'Semaine-1',741,,86847,21,4,,2
64100,'Semaine-12',741,,86848,21,4,,2
64500,'Semaine-1',730,,86851,34,4,,1
64500,'Semaine-12',730,,86852,34,4,,1
64700,'Semaine-1',730,,86855,27,4,,1
64700,'Semaine-12',730,,86856,27,4,,1
65401,'Semaine-1',725,,86861,19,4,,1
65401,'Semaine-12',725,,86862,19,4,,1
65500,'Semaine-1',741,,86863,35,4,,1
65500,'Semaine-12',741,,86864,35,4,,1
