2700,'Semaine-1',1615,,80039,30,,,1,30,,80037,30,,,2,67,,80041,30,,,1,30,,80038,30,,,2,69,,80040,30,,,2
2700,'Semaine-12',1615,,80044,30,,,1,30,,80042,30,,,2,67,,80046,30,,,1,30,,80043,30,,,2,69,,80045,30,,,2
3301,'Samedi-1',709,,80655,6,,,1,100,,80656,6,,,1,100,,80657,6,,,1,100,,80658,6,,,1,100,,80659,6,,,1,100,,80660,6,,,1,100,,80661,6,,,1,100,,80662,6,,,1,100,,80663,6,,,1,100,,80664,6,,,1,100,,80665,6,,,1,100,,80666,6,,,1,100,,80667,6,,,1,100,,80668,6,,,1,100,,80669,6,,,1,100,,80670,6,,,1,100,,80671,6,,,1,100,,80672,6,,,1
3301,'Samedi-10',709,,67122,6,,,1,100,,67123,6,,,1,100,,67124,6,,,1,100,,67125,6,,,1,100,,67126,6,,,1,100,,67127,6,,,1,100,,67128,6,,,1,100,,67129,6,,,1,100,,67130,6,,,1,100,,67131,6,,,1,100,,67132,6,,,1,100,,67133,6,,,1,100,,67134,6,,,1,100,,67135,6,,,1,100,,67136,6,,,1,100,,67137,6,,,1,100,,67138,6,,,1,100,,67139,6,,,1
3301,'Dimanche-1',709,,80677,6,,,1,100,,80678,6,,,1,100,,80686,6,,,1,100,,80679,6,,,1,100,,80674,6,,,1,100,,80675,6,,,1,100,,80673,6,,,1,100,,80676,6,,,1,100,,80680,6,,,1,100,,80681,6,,,1,100,,80683,6,,,1,100,,80685,6,,,1,100,,80684,6,,,1,100,,80682,6,,,1,100,,80687,6,,,1,100,,80688,6,,,1,100,,80689,6,,,1,100,,80690,6,,,1
3301,'Semaine-1',554,,80714,6,,,1,60,,80722,6,,,1,18,,80699,6,,,1,14,,80719,6,,,1,59,,80715,6,,,1,10,,80710,6,,,1,11,,80730,6,,,1,12,,80728,6,,,1,15,,80717,6,,,1,54,,80705,6,,,1,12,,80721,6,,,1,14,,80695,6,,,1,70,,80707,6,,,1,31,,80713,6,,,1,70,,80703,6,,,1,30,,80724,6,,,1,70,,80708,6,,,1,30,,80700,6,,,1,70,,80702,6,,,1,15,,80720,6,,,1,15,,80729,6,,,1,25,,80711,6,,,1,70,,80701,6,,,1,30,,80706,6,,,1,70,,80709,6,,,1,20,,80731,6,,,1,60,,80712,6,,,1,18,,80716,6,,,1,22,,80697,6,,,1,60,,80727,6,,,1,20,,80704,6,,,1,27,,80694,6,,,1,72,,80691,6,,,1,76,,80725,6,,,1,30,,80698,6,,,1,70,,80693,6,,,1,100,,80696,6,,,1,34,,80718,6,,,1,101,,80723,6,,,2,100,,80692,6,,,1,100,,80726,6,,,1
3301,'Semaine-12',554,,80755,6,,,1,60,,80763,6,,,1,18,,80740,6,,,1,14,,80760,6,,,1,59,,80756,6,,,1,10,,80751,6,,,1,11,,80771,6,,,1,12,,80769,6,,,1,15,,80758,6,,,1,54,,80746,6,,,1,12,,80762,6,,,1,14,,80736,6,,,1,70,,80748,6,,,1,31,,80754,6,,,1,70,,80744,6,,,1,30,,80765,6,,,1,70,,80749,6,,,1,30,,80741,6,,,1,70,,80743,6,,,1,15,,80761,6,,,1,15,,80770,6,,,1,25,,80752,6,,,1,70,,80742,6,,,1,30,,80747,6,,,1,70,,80750,6,,,1,20,,80772,6,,,1,60,,80753,6,,,1,18,,80757,6,,,1,22,,80738,6,,,1,60,,80768,6,,,1,20,,80745,6,,,1,27,,80735,6,,,1,72,,80732,6,,,1,76,,80766,6,,,1,30,,80739,6,,,1,70,,80734,6,,,1,100,,80737,6,,,1,34,,80759,6,,,1,101,,80764,6,,,2,100,,80733,6,,,1,100,,80767,6,,,1
33101,'Semaine-1',1623,,85913,11,0,7 8,1
33101,'Semaine-12',1623,,85914,11,0,7 8,1
43301,'Semaine-1',725,,86781,7,0,9 14,1
43301,'Semaine-12',725,,86782,7,0,9 14,1
56601,'Semaine-1',711,,86819,39,0,5 6,1
56601,'Semaine-12',711,,86820,39,0,5 6,1
82700,'Semaine-1',1537,,87128,20,0,9 12 13,2
82700,'Semaine-12',1537,,87129,20,0,9 12 13,2
