9501,'Semaine-1',548,,85547,32,,,1,55,,85543,32,,,1,13,,85545,32,,,1,17,,85550,32,,,1,16,,85546,32,,,2,55,,85548,32,,,2,14,,85549,32,,,2,16,,85544,32,,,2
9501,'Semaine-12',548,,85555,32,,,1,55,,85551,32,,,1,13,,85553,32,,,1,17,,85558,32,,,1,16,,85554,32,,,2,55,,85556,32,,,2,14,,85557,32,,,2,16,,85552,32,,,2
9701,'Samedi-1',743,,85635,36,,,1,100,,85638,36,,,1,101,,85636,36,,,1,100,,85639,36,,,1,99,,85633,36,,,1,100,,85634,36,,,1,101,,85637,36,,,1,100,,85640,36,,,1,100,,85641,36,,,1,100,,85642,36,,,1,100,,85643,36,,,1,100,,85644,36,,,1,100,,85648,36,,,1,100,,85645,36,,,1,99,,85646,36,,,1,100,,85647,36,,,1
9701,'Samedi-10',743,,76971,36,,,1,100,,76974,36,,,1,101,,76972,36,,,1,100,,76975,36,,,1,99,,76969,36,,,1,100,,76970,36,,,1,101,,76973,36,,,1,100,,76976,36,,,1,100,,76977,36,,,1,100,,76978,36,,,1,100,,76979,36,,,1,100,,76980,36,,,1,100,,76984,36,,,1,100,,76981,36,,,1,99,,76982,36,,,1,100,,76983,36,,,1
9701,'Dimanche-1',743,,85654,36,,,1,100,,85661,36,,,1,101,,85650,36,,,1,100,,85657,36,,,1,99,,85656,36,,,1,100,,85649,36,,,1,101,,85653,36,,,1,100,,85651,36,,,1,100,,85652,36,,,1,100,,85655,36,,,1,100,,85658,36,,,1,100,,85659,36,,,1,100,,85660,36,,,1,100,,85662,36,,,1,99,,85663,36,,,1,100,,85664,36,,,1
9701,'Semaine-1',624,,85665,36,,,2,98,,85666,36,,,1,112,,85667,36,,,1,109,,85668,36,,,1,100,,85669,36,,,1,100,,85670,36,,,1,100,,85671,36,,,1,100,,85672,36,,,1,100,,85673,36,,,1,104,,85674,36,,,1,95,,85675,36,,,1,104,,85676,36,,,1,97,,85677,36,,,1,97,,85678,36,,,1,101,,85679,36,,,1,98,,85680,36,,,1,100,,85681,36,,,1
9701,'Semaine-12',624,,85682,36,,,2,98,,85683,36,,,1,112,,85684,36,,,1,109,,85685,36,,,1,100,,85686,36,,,1,100,,85687,36,,,1,100,,85688,36,,,1,100,,85689,36,,,1,100,,85690,36,,,1,104,,85691,36,,,1,95,,85692,36,,,1,104,,85693,36,,,1,97,,85694,36,,,1,97,,85695,36,,,1,101,,85696,36,,,1,98,,85697,36,,,1,100,,85698,36,,,1
9801,'Semaine-1',520,,85699,32,,,2,10,,85700,32,,,1,10,,85701,32,,,1
9801,'Semaine-12',520,,85702,32,,,2,10,,85703,32,,,1,10,,85704,32,,,1
29701,'Semaine-1',1512,,85892,12,0,19,2
29701,'Semaine-12',1512,,85894,12,0,19,2
