4001,'Semaine-1',620,,81922,34,,,1,30,,81921,34,,,1,72,,81924,34,,,1,33,,81920,34,,,2,67,,81919,34,,,1,27,,81923,34,,,1
4001,'Semaine-12',620,,81928,34,,,1,30,,81927,34,,,1,72,,81930,34,,,1,33,,81926,34,,,2,67,,81925,34,,,1,27,,81929,34,,,1
4101,'Semaine-1',642,,81943,25,,,1,73,,81944,25,,,1,35,,81945,25,,,1,65,,81942,25,,,2,29,,81941,25,,,1
4101,'Semaine-12',642,,81948,25,,,1,73,,81949,25,,,1,35,,81950,25,,,1,65,,81947,25,,,2,29,,81946,25,,,1
4501,'Semaine-1',609,,81972,28,,,1,30,,81971,28,,,1,72,,81975,28,,,2,30,,81974,28,,,1,73,,81973,28,,,1,28,,81976,28,,,1
4501,'Semaine-12',609,,81978,28,,,1,30,,81977,28,,,1,72,,81981,28,,,2,30,,81980,28,,,1,73,,81979,28,,,1,28,,81982,28,,,1
4701,'Semaine-1',622,,81991,21,,,2,85,,81990,21,,,1,49,,81989,21,,,1,67,,81992,21,,,1
4701,'Semaine-12',622,,81995,21,,,2,85,,81994,21,,,1,49,,81993,21,,,1,67,,81996,21,,,1
5201,'Samedi-1',703,,82303,52,,,1,100,,82304,52,,,1,101,,82305,52,,,1,100,,82306,52,,,1,102,,82308,52,,,1,100,,82307,52,,,1,100,,82309,52,,,1,100,,82310,52,,,1,101,,82311,52,,,1,99,,82312,52,,,1,100,,82313,52,,,1,100,,82314,52,,,1,99,,82317,52,,,1,100,,82315,52,,,1,96,,82319,52,,,1,101,,82316,52,,,1,100,,82318,52,,,1,101,,82320,52,,,1
5201,'Samedi-10',703,,70449,52,,,1,100,,70450,52,,,1,101,,70451,52,,,1,100,,70452,52,,,1,102,,70454,52,,,1,100,,70453,52,,,1,100,,70455,52,,,1,100,,70456,52,,,1,101,,70457,52,,,1,99,,70458,52,,,1,100,,70459,52,,,1,100,,70460,52,,,1,99,,70463,52,,,1,100,,70461,52,,,1,96,,70465,52,,,1,101,,70462,52,,,1,100,,70464,52,,,1,101,,70466,52,,,1
5201,'Dimanche-1',703,,82321,52,,,1,100,,82322,52,,,1,101,,82323,52,,,1,100,,82326,52,,,1,102,,82324,52,,,1,100,,82328,52,,,1,100,,82325,52,,,1,100,,82330,52,,,1,101,,82327,52,,,1,99,,82329,52,,,1,100,,82332,52,,,1,100,,82334,52,,,1,99,,82331,52,,,1,100,,82333,52,,,1,96,,82335,52,,,1,101,,82336,52,,,1,100,,82337,52,,,1,101,,82338,52,,,1
5201,'Semaine-1',635,,82354,52,,,1,102,,82356,52,,,1,102,,82355,52,,,1,97,,82339,52,,,1,102,,82345,52,,,1,99,,82342,52,,,1,100,,82349,52,,,1,100,,82340,52,,,1,100,,82344,52,,,1,102,,82343,52,,,1,100,,82353,52,,,1,100,,82352,52,,,1,98,,82346,52,,,1,96,,82347,52,,,1,100,,82351,52,,,1,100,,82348,52,,,1,100,,82350,52,,,1,100,,82341,52,,,2
5201,'Semaine-12',635,,82372,52,,,1,102,,82374,52,,,1,102,,82373,52,,,1,97,,82357,52,,,1,102,,82363,52,,,1,99,,82360,52,,,1,100,,82367,52,,,1,100,,82358,52,,,1,100,,82362,52,,,1,102,,82361,52,,,1,100,,82371,52,,,1,100,,82370,52,,,1,98,,82364,52,,,1,96,,82365,52,,,1,100,,82369,52,,,1,100,,82366,52,,,1,100,,82368,52,,,1,100,,82359,52,,,2
5501,'Samedi-1',705,,82555,32,,,1,30,,82558,32,,,1,71,,82557,32,,,1,30,,82567,32,,,1,69,,82556,32,,,1,30,,82559,32,,,1,71,,82560,32,,,1,29,,82566,32,,,1,70,,82562,32,,,1,30,,82563,32,,,1,70,,82561,32,,,1,30,,82569,32,,,1,70,,82568,32,,,1,30,,82564,32,,,1,70,,82565,32,,,1,32,,82570,32,,,1,68,,82571,32,,,1,32,,82572,32,,,1,68,,82573,32,,,1,32,,82574,32,,,1,68,,82575,32,,,1,32,,82576,32,,,1,68,,82577,32,,,1,30,,82578,32,,,1,70,,82579,32,,,1,30,,82580,32,,,1,70,,82581,32,,,1,30,,82582,32,,,1,70,,82583,32,,,1,30,,82585,32,,,1,70,,82584,32,,,1,30,,82587,32,,,1,70,,82586,32,,,1
5501,'Samedi-10',705,,71004,32,,,1,30,,71007,32,,,1,71,,71006,32,,,1,30,,71016,32,,,1,69,,71005,32,,,1,30,,71008,32,,,1,71,,71009,32,,,1,29,,71015,32,,,1,70,,71011,32,,,1,30,,71012,32,,,1,70,,71010,32,,,1,30,,71018,32,,,1,70,,71017,32,,,1,30,,71013,32,,,1,70,,71014,32,,,1,32,,71019,32,,,1,68,,71020,32,,,1,32,,71021,32,,,1,68,,71022,32,,,1,32,,71023,32,,,1,68,,71024,32,,,1,32,,71025,32,,,1,68,,71026,32,,,1,30,,71027,32,,,1,70,,71028,32,,,1,30,,71029,32,,,1,70,,71030,32,,,1,30,,71031,32,,,1,70,,71032,32,,,1,30,,71034,32,,,1,70,,71033,32,,,1,30,,71036,32,,,1,70,,71035,32,,,1
5501,'Dimanche-1',705,,82589,32,,,1,30,,82593,32,,,1,71,,82591,32,,,1,30,,82596,32,,,1,69,,82598,32,,,1,30,,82592,32,,,1,71,,82588,32,,,1,29,,82602,32,,,1,70,,82597,32,,,1,30,,82604,32,,,1,70,,82595,32,,,1,30,,82594,32,,,1,70,,82600,32,,,1,30,,82590,32,,,1,70,,82599,32,,,1,32,,82603,32,,,1,68,,82608,32,,,1,32,,82601,32,,,1,68,,82607,32,,,1,32,,82610,32,,,1,68,,82605,32,,,1,32,,82606,32,,,1,68,,82612,32,,,1,30,,82614,32,,,1,70,,82611,32,,,1,30,,82609,32,,,1,70,,82613,32,,,1,30,,82615,32,,,1,70,,82616,32,,,1,30,,82617,32,,,1,70,,82618,32,,,1,30,,82619,32,,,1,70,,82620,32,,,1
5501,'Semaine-1',524,,82634,32,,,1,14,,82641,32,,,1,15,,82640,32,,,1,57,,82624,32,,,1,15,,82662,32,,,1,22,,82661,32,,,1,8,,82621,32,,,1,52,,82666,32,,,1,15,,82647,32,,,1,13,,82655,32,,,1,16,,82625,32,,,1,49,,82629,32,,,1,12,,82627,32,,,1,9,,82656,32,,,1,6,,82658,32,,,1,14,,82635,32,,,1,68,,82639,32,,,1,12,,82626,32,,,1,11,,82660,32,,,1,69,,82653,32,,,1,31,,82657,32,,,1,69,,82623,32,,,1,30,,82630,32,,,1,70,,82643,32,,,1,30,,82654,32,,,1,69,,82650,32,,,1,30,,82631,32,,,1,70,,82663,32,,,1,30,,82622,32,,,1,70,,82628,32,,,1,50,,82632,32,,,1,100,,82637,32,,,1,100,,82642,32,,,1,101,,82659,32,,,1,60,,82648,32,,,1,30,,82636,32,,,1,70,,82652,32,,,1,30,,82645,32,,,1,70,,82664,32,,,1,30,,82638,32,,,1,69,,82644,32,,,1,32,,82646,32,,,1,70,,82633,32,,,1,30,,82651,32,,,1,70,,82649,32,,,1
5501,'Semaine-12',524,,82680,32,,,1,14,,82687,32,,,1,15,,82686,32,,,1,57,,82670,32,,,1,15,,82708,32,,,1,22,,82707,32,,,1,8,,82667,32,,,1,52,,82712,32,,,1,15,,82693,32,,,1,13,,82701,32,,,1,16,,82671,32,,,1,49,,82675,32,,,1,12,,82673,32,,,1,9,,82702,32,,,1,6,,82704,32,,,1,14,,82681,32,,,1,68,,82685,32,,,1,12,,82672,32,,,1,11,,82706,32,,,1,69,,82699,32,,,1,31,,82703,32,,,1,69,,82669,32,,,1,30,,82676,32,,,1,70,,82689,32,,,1,30,,82700,32,,,1,69,,82696,32,,,1,30,,82677,32,,,1,70,,82709,32,,,1,30,,82668,32,,,1,70,,82674,32,,,1,50,,82678,32,,,1,100,,82683,32,,,1,100,,82688,32,,,1,101,,82705,32,,,1,60,,82694,32,,,1,30,,82682,32,,,1,70,,82698,32,,,1,30,,82691,32,,,1,70,,82710,32,,,1,30,,82684,32,,,1,69,,82690,32,,,1,32,,82692,32,,,1,70,,82679,32,,,1,30,,82697,32,,,1,70,,82695,32,,,1
5600,'Semaine-1',637,,82719,19,,,1,64,,82717,19,,,1,6,,82721,19,,,1,31,,82720,19,,,1,71,,82714,19,,,1,100,,82713,19,,,1,109,,82715,19,,,1,98,,82718,19,,,2,100,,82716,19,,,1
5600,'Semaine-12',637,,82728,19,,,1,64,,82726,19,,,1,6,,82730,19,,,1,31,,82729,19,,,1,71,,82723,19,,,1,100,,82722,19,,,1,109,,82724,19,,,1,98,,82727,19,,,2,100,,82725,19,,,1
5801,'Semaine-1',602,,82763,20,,,1,32,,82767,20,,,1,70,,82765,20,,,1,30,,82764,20,,,1,70,,82761,20,,,1,30,,82766,20,,,1,800,,82762,20,,,1
5801,'Semaine-12',602,,82770,20,,,1,32,,82774,20,,,1,70,,82772,20,,,1,30,,82771,20,,,1,70,,82768,20,,,1,30,,82773,20,,,1,800,,82769,20,,,1
5901,'Samedi-1',720,,82939,21,,,1,30,,82946,21,,,1,69,,82943,21,,,1,30,,82948,21,,,1,70,,82940,21,,,1,30,,82945,21,,,1,71,,82944,21,,,1,30,,82947,21,,,1,70,,82951,21,,,1,30,,82952,21,,,1,70,,82941,21,,,1,30,,82942,21,,,1,70,,82950,21,,,1,30,,82949,21,,,1,70,,82953,21,,,1,30,,82954,21,,,1,70,,82955,21,,,1,30,,82956,21,,,1,70,,82957,21,,,1,30,,82958,21,,,1,70,,82959,21,,,1,30,,82960,21,,,1,70,,82961,21,,,1,30,,82962,21,,,1,70,,82963,21,,,1,30,,82965,21,,,1,70,,82964,21,,,1,30,,82966,21,,,1,70,,82967,21,,,1,30,,82968,21,,,1,70,,82970,21,,,1,31,,82969,21,,,1
5901,'Samedi-10',720,,71780,21,,,1,30,,71787,21,,,1,69,,71784,21,,,1,30,,71789,21,,,1,70,,71781,21,,,1,30,,71786,21,,,1,71,,71785,21,,,1,30,,71788,21,,,1,70,,71792,21,,,1,30,,71793,21,,,1,70,,71782,21,,,1,30,,71783,21,,,1,70,,71791,21,,,1,30,,71790,21,,,1,70,,71794,21,,,1,30,,71795,21,,,1,70,,71796,21,,,1,30,,71797,21,,,1,70,,71798,21,,,1,30,,71799,21,,,1,70,,71800,21,,,1,30,,71801,21,,,1,70,,71802,21,,,1,30,,71803,21,,,1,70,,71804,21,,,1,30,,71806,21,,,1,70,,71805,21,,,1,30,,71807,21,,,1,70,,71808,21,,,1,30,,71809,21,,,1,70,,71811,21,,,1,31,,71810,21,,,1
5901,'Dimanche-1',720,,82971,21,,,1,30,,82983,21,,,1,69,,82977,21,,,1,30,,82978,21,,,1,70,,82985,21,,,1,30,,82982,21,,,1,71,,82987,21,,,1,30,,82974,21,,,1,70,,82986,21,,,1,30,,82972,21,,,1,70,,82981,21,,,1,30,,82973,21,,,1,70,,82976,21,,,1,30,,82979,21,,,1,70,,82980,21,,,1,30,,82988,21,,,1,70,,82975,21,,,1,30,,82991,21,,,1,70,,82984,21,,,1,30,,82993,21,,,1,70,,82994,21,,,1,30,,82990,21,,,1,70,,82995,21,,,1,30,,82992,21,,,1,70,,82996,21,,,1,30,,82989,21,,,1,70,,82997,21,,,1,30,,82998,21,,,1,70,,82999,21,,,1,30,,83000,21,,,1,70,,83001,21,,,1,31,,83002,21,,,1
5901,'Semaine-1',518,,83007,21,,,1,15,,83043,21,,,1,15,,83016,21,,,1,55,,83037,21,,,1,16,,83017,21,,,1,14,,83006,21,,,1,13,,83008,21,,,1,54,,83011,21,,,1,18,,83014,21,,,1,15,,83015,21,,,1,18,,83010,21,,,1,52,,83039,21,,,1,18,,83025,21,,,1,14,,83030,21,,,1,13,,83020,21,,,1,55,,83005,21,,,1,16,,83023,21,,,1,27,,83049,21,,,1,70,,83044,21,,,1,30,,83031,21,,,1,70,,83013,21,,,1,30,,83024,21,,,1,70,,83027,21,,,1,30,,83012,21,,,1,70,,83041,21,,,1,30,,83003,21,,,1,70,,83045,21,,,1,30,,83035,21,,,1,75,,83038,21,,,1,100,,83042,21,,,1,100,,83022,21,,,1,100,,83029,21,,,1,35,,83034,21,,,1,70,,83021,21,,,1,30,,83028,21,,,1,70,,83033,21,,,1,30,,83040,21,,,1,70,,83018,21,,,1,30,,83036,21,,,1,71,,83026,21,,,1,30,,83009,21,,,1,70,,83019,21,,,1,30,,83032,21,,,1
5901,'Semaine-12',518,,83054,21,,,1,15,,83090,21,,,1,15,,83063,21,,,1,55,,83084,21,,,1,16,,83064,21,,,1,14,,83053,21,,,1,13,,83055,21,,,1,54,,83058,21,,,1,18,,83061,21,,,1,15,,83062,21,,,1,18,,83057,21,,,1,52,,83086,21,,,1,18,,83072,21,,,1,14,,83077,21,,,1,13,,83067,21,,,1,55,,83052,21,,,1,16,,83070,21,,,1,27,,83096,21,,,1,70,,83091,21,,,1,30,,83078,21,,,1,70,,83060,21,,,1,30,,83071,21,,,1,70,,83074,21,,,1,30,,83059,21,,,1,70,,83088,21,,,1,30,,83050,21,,,1,70,,83092,21,,,1,30,,83082,21,,,1,75,,83085,21,,,1,100,,83089,21,,,1,100,,83069,21,,,1,100,,83076,21,,,1,35,,83081,21,,,1,70,,83068,21,,,1,30,,83075,21,,,1,70,,83080,21,,,1,30,,83087,21,,,1,70,,83065,21,,,1,30,,83083,21,,,1,71,,83073,21,,,1,30,,83056,21,,,1,70,,83066,21,,,1,30,,83079,21,,,1
55400,'Semaine-1',659,,86810,9,0,5 6,2
55400,'Semaine-12',659,,86812,9,0,5 6,2
64501,'Semaine-1',1527,,86853,37,0,9 10,1
64501,'Semaine-12',1527,,86854,37,0,9 10,1
64701,'Semaine-1',1525,,86857,30,0,9 10,1
64701,'Semaine-12',1525,,86858,30,0,9 10,1
65501,'Semaine-1',1517,,86865,20,0,9 10,1
65501,'Semaine-12',1517,,86866,20,0,9 10,1
74001,'Semaine-1',824,,86883,35,0,5 11,2,2,,86884,35,0,5 11,1
74001,'Semaine-12',824,,86885,35,0,5 11,2,2,,86886,35,0,5 11,1
75201,'Semaine-1',1506,,86892,7,0,9 18,1
75201,'Semaine-12',1506,,86894,7,0,9 18,1
80000,'Samedi-1',724,,86901,25,,,1,102,,86902,25,,,1,98,,86903,25,,,1,101,,86905,25,,,1,100,,86906,25,,,1,100,,86904,25,,,1,100,,86907,25,,,1,100,,86908,25,,,1,100,,86909,25,,,1,100,,86910,25,,,1,100,,86911,25,,,2,100,,86912,25,,,1,100,,86915,25,,,1,99,,86913,25,,,1,100,,86914,25,,,1,99,,86916,25,,,1,100,,86917,25,,,1
80000,'Samedi-10',724,,79460,25,,,1,102,,79461,25,,,1,98,,79462,25,,,1,101,,79464,25,,,1,100,,79465,25,,,1,100,,79463,25,,,1,100,,79466,25,,,1,100,,79467,25,,,1,100,,79468,25,,,1,100,,79469,25,,,1,100,,79470,25,,,2,100,,79471,25,,,1,100,,79474,25,,,1,99,,79472,25,,,1,100,,79473,25,,,1,99,,79475,25,,,1,100,,79476,25,,,1
80000,'Dimanche-1',724,,86920,25,,,1,102,,86919,25,,,1,98,,86925,25,,,1,101,,86918,25,,,1,100,,86922,25,,,1,100,,86921,25,,,1,100,,86923,25,,,1,100,,86924,25,,,1,100,,86928,25,,,1,100,,86926,25,,,1,100,,86927,25,,,2,100,,86931,25,,,1,100,,86930,25,,,1,99,,86929,25,,,1,100,,86932,25,,,1,99,,86933,25,,,1,100,,86934,25,,,1
80000,'Semaine-1',600,,86967,25,,,1,31,,86953,25,,,1,71,,86943,25,,,1,15,,86942,25,,,1,15,,86963,25,,,1,71,,86954,25,,,1,18,,86940,25,,,1,30,,86959,25,,,1,70,,86944,25,,,1,30,,86961,25,,,1,70,,86956,25,,,1,29,,86970,25,,,1,70,,86937,25,,,1,30,,86958,25,,,1,70,,86948,25,,,1,31,,86964,25,,,1,69,,86957,25,,,1,30,,86968,25,,,1,71,,86947,25,,,1,29,,86962,25,,,1,73,,86960,25,,,1,30,,86949,25,,,1,72,,86965,25,,,1,28,,86938,25,,,1,70,,86955,25,,,1,30,,86952,25,,,1,70,,86966,25,,,1,28,,86951,25,,,1,71,,86945,25,,,1,28,,86939,25,,,1,71,,86969,25,,,1,29,,86950,25,,,1,68,,86946,25,,,1,30,,86936,25,,,1,70,,86941,25,,,1,30,,86935,25,,,1
80000,'Semaine-12',600,,87003,25,,,1,31,,86989,25,,,1,71,,86979,25,,,1,15,,86978,25,,,1,15,,86999,25,,,1,71,,86990,25,,,1,18,,86976,25,,,1,30,,86995,25,,,1,70,,86980,25,,,1,30,,86997,25,,,1,70,,86992,25,,,1,29,,87006,25,,,1,70,,86973,25,,,1,30,,86994,25,,,1,70,,86984,25,,,1,31,,87000,25,,,1,69,,86993,25,,,1,30,,87004,25,,,1,71,,86983,25,,,1,29,,86998,25,,,1,73,,86996,25,,,1,30,,86985,25,,,1,72,,87001,25,,,1,28,,86974,25,,,1,70,,86991,25,,,1,30,,86988,25,,,1,70,,87002,25,,,1,28,,86987,25,,,1,71,,86981,25,,,1,28,,86975,25,,,1,71,,87005,25,,,1,29,,86986,25,,,1,68,,86982,25,,,1,30,,86972,25,,,1,70,,86977,25,,,1,30,,86971,25,,,1
