7100,'Samedi-1',820,,84363,29,,,1,100,,84364,29,,,1,100,,84366,29,,,1,104,,84361,29,,,1,100,,84365,29,,,1,100,,84362,29,,,1,100,,84367,29,,,1,100,,84368,29,,,1,100,,84369,29,,,1,100,,84370,29,,,1,100,,84371,29,,,1,97,,84372,29,,,1,100,,84373,29,,,1,100,,84374,29,,,1,100,,84375,29,,,1,100,,84376,29,,,1
7100,'Samedi-10',820,,74574,29,,,1,100,,74575,29,,,1,100,,74577,29,,,1,104,,74572,29,,,1,100,,74576,29,,,1,100,,74573,29,,,1,100,,74578,29,,,1,100,,74579,29,,,1,100,,74580,29,,,1,100,,74581,29,,,1,100,,74582,29,,,1,97,,74583,29,,,1,100,,74584,29,,,1,100,,74585,29,,,1,100,,74586,29,,,1,100,,74587,29,,,1
7100,'Dimanche-1',820,,84380,29,,,1,100,,84379,29,,,1,100,,84378,29,,,1,104,,84377,29,,,1,100,,84381,29,,,1,100,,84382,29,,,1,100,,84383,29,,,1,100,,84384,29,,,1,100,,84385,29,,,1,100,,84389,29,,,1,100,,84388,29,,,1,97,,84386,29,,,1,100,,84387,29,,,1,100,,84390,29,,,1,100,,84391,29,,,1,100,,84392,29,,,1
7100,'Semaine-1',550,,84420,29,,,2,70,,84423,29,,,1,27,,84419,29,,,2,58,,84424,29,,,1,16,,84422,29,,,1,14,,84425,29,,,1,21,,84421,29,,,1,51,,84428,29,,,1,18,,84432,29,,,1,15,,84429,29,,,2,15,,84430,29,,,2,53,,84431,29,,,1,30,,84434,29,,,1,15,,84433,29,,,2,71,,84426,29,,,1,30,,84435,29,,,1,70,,84427,29,,,1,30,,84394,29,,,1,70,,84395,29,,,1,30,,84398,29,,,1,69,,84393,29,,,2,30,,84396,29,,,1,75,,84401,29,,,2,30,,84397,29,,,1,69,,84399,29,,,1,30,,84400,29,,,1,56,,84411,29,,,1,19,,84410,29,,,1,12,,84408,29,,,2,14,,84412,29,,,1,55,,84402,29,,,1,12,,84405,29,,,2,15,,84403,29,,,1,70,,84404,29,,,1,27,,84406,29,,,2,70,,84409,29,,,1,30,,84413,29,,,1,67,,84407,29,,,2,33,,84414,29,,,2,100,,84416,29,,,1,93,,84415,29,,,2,100,,84418,29,,,2,100,,84417,29,,,1
7100,'Semaine-12',550,,84463,29,,,2,70,,84466,29,,,1,27,,84462,29,,,2,58,,84467,29,,,1,16,,84465,29,,,1,14,,84468,29,,,1,21,,84464,29,,,1,51,,84471,29,,,1,18,,84475,29,,,1,15,,84472,29,,,2,15,,84473,29,,,2,53,,84474,29,,,1,30,,84477,29,,,1,15,,84476,29,,,2,71,,84469,29,,,1,30,,84478,29,,,1,70,,84470,29,,,1,30,,84437,29,,,1,70,,84438,29,,,1,30,,84441,29,,,1,69,,84436,29,,,2,30,,84439,29,,,1,75,,84444,29,,,2,30,,84440,29,,,1,69,,84442,29,,,1,30,,84443,29,,,1,56,,84454,29,,,1,19,,84453,29,,,1,12,,84451,29,,,2,14,,84455,29,,,1,55,,84445,29,,,1,12,,84448,29,,,2,15,,84446,29,,,1,70,,84447,29,,,1,27,,84449,29,,,2,70,,84452,29,,,1,30,,84456,29,,,1,67,,84450,29,,,2,33,,84457,29,,,2,100,,84459,29,,,1,93,,84458,29,,,2,100,,84461,29,,,2,100,,84460,29,,,1
7600,'Samedi-1',747,,84976,21,,,1,100,,84979,21,,,1,100,,84978,21,,,1,100,,84981,21,,,1,100,,84980,21,,,1,101,,84975,21,,,1,99,,84977,21,,,1,100,,84982,21,,,1,100,,84983,21,,,1,100,,84984,21,,,1,100,,84985,21,,,1,100,,84986,21,,,1,100,,84987,21,,,1,100,,84988,21,,,1,100,,84989,21,,,1,100,,84990,21,,,1
7600,'Samedi-10',747,,75740,21,,,1,100,,75743,21,,,1,100,,75742,21,,,1,100,,75745,21,,,1,100,,75744,21,,,1,101,,75739,21,,,1,99,,75741,21,,,1,100,,75746,21,,,1,100,,75747,21,,,1,100,,75748,21,,,1,100,,75749,21,,,1,100,,75750,21,,,1,100,,75751,21,,,1,100,,75752,21,,,1,100,,75753,21,,,1,100,,75754,21,,,1
7600,'Dimanche-1',747,,84994,21,,,1,100,,84993,21,,,1,100,,84992,21,,,1,100,,84997,21,,,1,100,,84991,21,,,1,101,,84996,21,,,1,99,,84995,21,,,1,100,,84998,21,,,1,100,,84999,21,,,1,100,,85000,21,,,1,100,,85003,21,,,1,100,,85001,21,,,1,100,,85002,21,,,1,100,,85004,21,,,1,100,,85005,21,,,1,100,,85006,21,,,1
7600,'Semaine-1',555,,85033,21,,,1,70,,85030,21,,,1,22,,85034,21,,,1,58,,85031,21,,,1,19,,85032,21,,,2,24,,85035,21,,,1,63,,85036,21,,,1,14,,85044,21,,,1,20,,85043,21,,,1,63,,85038,21,,,1,18,,85039,21,,,2,25,,85037,21,,,1,70,,85041,21,,,1,30,,85040,21,,,1,70,,85042,21,,,2,28,,85010,21,,,1,72,,85011,21,,,1,30,,85012,21,,,1,70,,85008,21,,,1,30,,85015,21,,,1,70,,85009,21,,,1,33,,85013,21,,,1,70,,85014,21,,,1,34,,85007,21,,,1,56,,85022,21,,,1,17,,85016,21,,,1,23,,85019,21,,,2,60,,85023,21,,,1,13,,85020,21,,,2,20,,85024,21,,,1,70,,85025,21,,,1,30,,85021,21,,,1,70,,85026,21,,,1,86,,85017,21,,,1,98,,85027,21,,,2,100,,85028,21,,,2,100,,85018,21,,,2,100,,85029,21,,,1
7600,'Semaine-12',555,,85071,21,,,1,70,,85068,21,,,1,22,,85072,21,,,1,58,,85069,21,,,1,19,,85070,21,,,2,24,,85073,21,,,1,63,,85074,21,,,1,14,,85082,21,,,1,20,,85081,21,,,1,63,,85076,21,,,1,18,,85077,21,,,2,25,,85075,21,,,1,70,,85079,21,,,1,30,,85078,21,,,1,70,,85080,21,,,2,28,,85048,21,,,1,72,,85049,21,,,1,30,,85050,21,,,1,70,,85046,21,,,1,30,,85053,21,,,1,70,,85047,21,,,1,33,,85051,21,,,1,70,,85052,21,,,1,34,,85045,21,,,1,56,,85060,21,,,1,17,,85054,21,,,1,23,,85057,21,,,2,60,,85061,21,,,1,13,,85058,21,,,2,20,,85062,21,,,1,70,,85063,21,,,1,30,,85059,21,,,1,70,,85064,21,,,1,86,,85055,21,,,1,98,,85065,21,,,2,100,,85066,21,,,2,100,,85056,21,,,2,100,,85067,21,,,1
7900,'Semaine-1',1216,,85377,7,,,1,33,,85380,26,,,1,100,,85381,26,,,1,174,,85378,26,,,1,30,,85379,26,,,1,72,,85382,26,,,1,29,,85375,26,,,1,68,,85383,26,,,1,29,,85376,26,,,2,85,,85384,26,,,1,85,,85385,26,,,1
7900,'Semaine-12',1216,,85388,7,,,1,33,,85391,26,,,1,100,,85392,26,,,1,174,,85389,26,,,1,30,,85390,26,,,1,72,,85393,26,,,1,29,,85386,26,,,1,68,,85394,26,,,1,29,,85387,26,,,2,85,,85395,26,,,1,85,,85396,26,,,1
57100,'Semaine-1',1612,,86825,66,0,5 6,1
57100,'Semaine-12',1612,,86826,66,0,5 6,1
57600,'Semaine-1',1554,,86829,29,0,5 6,1
57600,'Semaine-12',1554,,86830,29,0,5 6,1
