1801,'Semaine-1',623,,79953,8,,,1,86,,79955,8,,,2,45,,79954,8,,,1
1801,'Semaine-12',623,,79956,8,,,1,86,,79958,8,,,2,45,,79957,8,,,1
9301,'Semaine-1',639,,85514,46,,,2,20,,85512,46,,,1,62,,85511,46,,,1,34,,85515,46,,,1,70,,85513,46,,,2
9301,'Semaine-12',639,,85519,46,,,2,20,,85517,46,,,1,62,,85516,46,,,1,34,,85520,46,,,1,70,,85518,46,,,2
9501,'Semaine-1',631,,85547,59,,,1,15,,85543,59,,,1,13,,85545,59,,,1,60,,85550,59,,,1,18,,85546,59,,,2,16,,85548,59,,,2,54,,85549,59,,,2,16,,85544,59,,,2
9501,'Semaine-12',631,,85555,59,,,1,15,,85551,59,,,1,13,,85553,59,,,1,60,,85558,59,,,1,18,,85554,59,,,2,16,,85556,59,,,2,54,,85557,59,,,2,16,,85552,59,,,2
10001,'Semaine-1',624,,85741,8,,,1,10,,85739,8,,,1,10,,85738,8,,,1,10,,85737,8,,,1,49,,85740,8,,,1,11,,85742,8,,,1,10,,85743,8,,,1,10,,85744,8,,,1,9,,85745,8,,,1,11,,85746,8,,,1,53,,85747,8,,,1,10,,85748,8,,,1,10,,85749,8,,,1,8,,85750,8,,,1,10,,85751,8,,,1
10001,'Semaine-12',624,,85756,8,,,1,10,,85754,8,,,1,10,,85753,8,,,1,10,,85752,8,,,1,49,,85755,8,,,1,11,,85757,8,,,1,10,,85758,8,,,1,10,,85759,8,,,1,9,,85760,8,,,1,11,,85761,8,,,1,53,,85762,8,,,1,10,,85763,8,,,1,10,,85764,8,,,1,8,,85765,8,,,1,10,,85766,8,,,1
20001,'Semaine-1',624,,85828,6,,,1,6,,85829,8,,,1,6,,85830,6,,,1,6,,85831,8,,,1,3,,85832,6,,,1,5,,85854,8,,,1,9,,85833,6,,,1,42,,85834,8,,,1,7,,85851,6,,,1,5,,85835,8,,,1,7,,85850,6,,,1,5,,85837,8,,,1,5,,85846,6,,,1,3,,85836,6,,,1,3,,85827,8,,,1,3,,85853,6,,,1,3,,85842,6,,,1,3,,85838,8,,,1,3,,85840,6,,,1,3,,85852,6,,,1,5,,85839,8,,,1,47,,85843,6,,,1,3,,85841,8,,,1,2,,85845,6,,,1,7,,85844,8,,,1,8,,85855,6,,,1,6,,85847,8,,,1,5,,85848,6,,,1,5,,85849,8,,,1,6,,85856,6,,,1
20001,'Semaine-12',624,,85858,6,,,1,6,,85859,8,,,1,6,,85860,6,,,1,6,,85861,8,,,1,3,,85862,6,,,1,5,,85884,8,,,1,9,,85863,6,,,1,42,,85864,8,,,1,7,,85881,6,,,1,5,,85865,8,,,1,7,,85880,6,,,1,5,,85867,8,,,1,5,,85876,6,,,1,3,,85866,6,,,1,3,,85857,8,,,1,3,,85883,6,,,1,3,,85872,6,,,1,3,,85868,8,,,1,3,,85870,6,,,1,3,,85882,6,,,1,5,,85869,8,,,1,47,,85873,6,,,1,3,,85871,8,,,1,2,,85875,6,,,1,7,,85874,8,,,1,8,,85885,6,,,1,6,,85877,8,,,1,5,,85878,6,,,1,5,,85879,8,,,1,6,,85886,6,,,1
40001,'Samedi-1',634,,86419,8,,,1,15,,86422,8,,,1,55,,86424,8,,,1,15,,86420,8,,,1,15,,86421,8,,,1,15,,86423,8,,,1,55,,86429,8,,,1,15,,86436,8,,,1,15,,86427,8,,,1,15,,86447,8,,,1,55,,86425,8,,,1,15,,86426,8,,,1,15,,86435,8,,,1,15,,86428,8,,,1,55,,86430,8,,,1,15,,86438,8,,,1,15,,86439,8,,,1,15,,86440,8,,,1,55,,86446,8,,,1,15,,86445,8,,,1,15,,86449,8,,,1,15,,86432,8,,,1,55,,86431,8,,,1,15,,86434,8,,,1,15,,86437,8,,,1,15,,86433,8,,,1,55,,86442,8,,,1,15,,86444,8,,,1,15,,86450,8,,,1,15,,86441,8,,,1,55,,86443,8,,,1,15,,86448,8,,,1,15,,86451,8,,,1,15,,86452,8,,,1,55,,86453,8,,,1,15,,86454,8,,,1,15,,86455,8,,,1,15,,86456,8,,,1,55,,86457,8,,,1,15,,86458,8,,,1,16,,86459,8,,,1,14,,86460,8,,,1,55,,86461,8,,,1,15,,86462,8,,,1,15,,86463,8,,,1,15,,86464,8,,,1,55,,86465,8,,,1,15,,86468,8,,,1,14,,86466,8,,,1,16,,86467,8,,,1,56,,86470,8,,,1,15,,86469,8,,,1,15,,86474,8,,,1,15,,86472,8,,,1,54,,86473,8,,,1,15,,86471,8,,,1,15,,86475,8,,,1,15,,86477,8,,,1,55,,86478,8,,,1,15,,86479,8,,,1,15,,86476,8,,,1,15,,86482,8,,,1,55,,86481,8,,,1,15,,86480,8,,,1,15,,86483,8,,,1,15,,86484,8,,,1,55,,86485,8,,,1,15,,86486,8,,,1,15,,86488,8,,,1,15,,86487,8,,,1,55,,86490,8,,,1,15,,86489,8,,,1,15,,86491,8,,,1
40001,'Samedi-10',634,,78574,8,,,1,15,,78577,8,,,1,55,,78579,8,,,1,15,,78575,8,,,1,15,,78576,8,,,1,15,,78578,8,,,1,55,,78584,8,,,1,15,,78591,8,,,1,15,,78582,8,,,1,15,,78602,8,,,1,55,,78580,8,,,1,15,,78581,8,,,1,15,,78590,8,,,1,15,,78583,8,,,1,55,,78585,8,,,1,15,,78593,8,,,1,15,,78594,8,,,1,15,,78595,8,,,1,55,,78601,8,,,1,15,,78600,8,,,1,15,,78604,8,,,1,15,,78587,8,,,1,55,,78586,8,,,1,15,,78589,8,,,1,15,,78592,8,,,1,15,,78588,8,,,1,55,,78597,8,,,1,15,,78599,8,,,1,15,,78605,8,,,1,15,,78596,8,,,1,55,,78598,8,,,1,15,,78603,8,,,1,15,,78606,8,,,1,15,,78607,8,,,1,55,,78608,8,,,1,15,,78609,8,,,1,15,,78610,8,,,1,15,,78611,8,,,1,55,,78612,8,,,1,15,,78613,8,,,1,16,,78614,8,,,1,14,,78615,8,,,1,55,,78616,8,,,1,15,,78617,8,,,1,15,,78618,8,,,1,15,,78619,8,,,1,55,,78620,8,,,1,15,,78623,8,,,1,14,,78621,8,,,1,16,,78622,8,,,1,56,,78625,8,,,1,15,,78624,8,,,1,15,,78629,8,,,1,15,,78627,8,,,1,54,,78628,8,,,1,15,,78626,8,,,1,15,,78630,8,,,1,15,,78632,8,,,1,55,,78633,8,,,1,15,,78634,8,,,1,15,,78631,8,,,1,15,,78637,8,,,1,55,,78636,8,,,1,15,,78635,8,,,1,15,,78638,8,,,1,15,,78639,8,,,1,55,,78640,8,,,1,15,,78641,8,,,1,15,,78643,8,,,1,15,,78642,8,,,1,55,,78645,8,,,1,15,,78644,8,,,1,15,,78646,8,,,1
40001,'Dimanche-1',634,,86492,8,,,1,15,,86499,8,,,1,55,,86500,8,,,1,15,,86494,8,,,1,15,,86493,8,,,1,15,,86498,8,,,1,55,,86509,8,,,1,15,,86512,8,,,1,15,,86495,8,,,1,15,,86504,8,,,1,55,,86501,8,,,1,15,,86518,8,,,1,15,,86521,8,,,1,15,,86502,8,,,1,55,,86510,8,,,1,15,,86525,8,,,1,15,,86514,8,,,1,15,,86530,8,,,1,55,,86503,8,,,1,15,,86519,8,,,1,15,,86520,8,,,1,15,,86515,8,,,1,55,,86531,8,,,1,15,,86524,8,,,1,15,,86505,8,,,1,15,,86513,8,,,1,55,,86507,8,,,1,15,,86517,8,,,1,15,,86526,8,,,1,15,,86511,8,,,1,55,,86506,8,,,1,15,,86523,8,,,1,15,,86496,8,,,1,15,,86528,8,,,1,55,,86497,8,,,1,15,,86516,8,,,1,15,,86527,8,,,1,15,,86508,8,,,1,55,,86536,8,,,1,15,,86522,8,,,1,16,,86539,8,,,1,14,,86529,8,,,1,55,,86543,8,,,1,15,,86537,8,,,1,15,,86545,8,,,1,15,,86541,8,,,1,55,,86547,8,,,1,15,,86532,8,,,1,14,,86538,8,,,1,16,,86533,8,,,1,56,,86542,8,,,1,15,,86535,8,,,1,15,,86544,8,,,1,15,,86540,8,,,1,54,,86546,8,,,1,15,,86534,8,,,1,15,,86548,8,,,1,15,,86550,8,,,1,55,,86549,8,,,1,15,,86552,8,,,1,15,,86551,8,,,1,15,,86553,8,,,1,55,,86554,8,,,1,15,,86555,8,,,1,15,,86556,8,,,1,15,,86557,8,,,1,55,,86558,8,,,1,15,,86559,8,,,1,15,,86560,8,,,1,15,,86561,8,,,1,55,,86562,8,,,1,15,,86563,8,,,1,15,,86564,8,,,1
40001,'Semaine-1',506,,86635,8,,,1,10,,86636,8,,,1,10,,86637,8,,,1,10,,86638,8,,,1,10,,86639,8,,,1,11,,86640,8,,,1,45,,86641,8,,,1,5,,86642,8,,,1,4,,86643,8,,,1,6,,86649,8,,,1,230,,86644,8,,,1,9,,86645,6,,,1,46,,86646,8,,,1,11,,86647,8,,,1,11,,86648,8,,,1,10,,86594,8,,,1,9,,86579,8,,,1,11,,86604,8,,,1,51,,86605,8,,,1,9,,86651,8,,,1,10,,86569,8,,,1,10,,86652,8,,,1,10,,86567,8,,,1,10,,86601,8,,,1,50,,86621,8,,,1,10,,86588,8,,,1,10,,86596,8,,,1,10,,86593,8,,,1,10,,86571,8,,,1,10,,86632,8,,,1,50,,86606,8,,,1,10,,86618,8,,,1,10,,86570,8,,,1,10,,86580,8,,,1,10,,86573,8,,,1,10,,86589,8,,,1,50,,86622,8,,,1,10,,86603,8,,,1,10,,86597,8,,,1,10,,86592,8,,,1,10,,86585,8,,,1,10,,86628,8,,,1,50,,86607,8,,,1,10,,86619,8,,,1,10,,86634,8,,,1,10,,86582,8,,,1,10,,86565,8,,,1,10,,86624,8,,,1,50,,86623,8,,,1,10,,86608,8,,,1,9,,86598,8,,,1,6,,86590,4,,,1,6,,86575,8,,,1,12,,86626,8,,,1,53,,86633,8,,,1,7,,86650,4,,,1,5,,86620,8,,,1,14,,86655,8,,,1,10,,86600,8,,,1,12,,86629,8,,,1,52,,86653,8,,,1,12,,86613,8,,,1,13,,86591,8,,,1,11,,86576,8,,,1,12,,86581,8,,,1,52,,86654,8,,,1,12,,86583,8,,,1,12,,86609,8,,,1,11,,86599,8,,,1,12,,86630,8,,,1,12,,86616,8,,,1,52,,86595,8,,,1,10,,86577,8,,,1,13,,86617,8,,,1,12,,86657,8,,,1,11,,86656,8,,,1,52,,86584,8,,,1,12,,86610,8,,,1,12,,86587,8,,,1,12,,86631,8,,,1,12,,86614,8,,,1,55,,86572,8,,,1,13,,86658,8,,,1,17,,86578,8,,,1,15,,86574,8,,,1,55,,86625,8,,,1,12,,86611,8,,,1,15,,86586,8,,,1,15,,86615,8,,,1,55,,86627,8,,,1,15,,86568,8,,,1,15,,86566,8,,,1,15,,86602,8,,,1,70,,86612,8,,,1
40001,'Semaine-12',506,,86729,8,,,1,10,,86730,8,,,1,10,,86731,8,,,1,10,,86732,8,,,1,10,,86733,8,,,1,11,,86734,8,,,1,45,,86735,8,,,1,5,,86736,8,,,1,4,,86737,8,,,1,6,,86743,8,,,1,230,,86738,8,,,1,9,,86739,6,,,1,46,,86740,8,,,1,11,,86741,8,,,1,11,,86742,8,,,1,10,,86688,8,,,1,9,,86673,8,,,1,11,,86698,8,,,1,51,,86699,8,,,1,9,,86745,8,,,1,10,,86663,8,,,1,10,,86746,8,,,1,10,,86661,8,,,1,10,,86695,8,,,1,50,,86715,8,,,1,10,,86682,8,,,1,10,,86690,8,,,1,10,,86687,8,,,1,10,,86665,8,,,1,10,,86726,8,,,1,50,,86700,8,,,1,10,,86712,8,,,1,10,,86664,8,,,1,10,,86674,8,,,1,10,,86667,8,,,1,10,,86683,8,,,1,50,,86716,8,,,1,10,,86697,8,,,1,10,,86691,8,,,1,10,,86686,8,,,1,10,,86679,8,,,1,10,,86722,8,,,1,50,,86701,8,,,1,10,,86713,8,,,1,10,,86728,8,,,1,10,,86676,8,,,1,10,,86659,8,,,1,10,,86718,8,,,1,50,,86717,8,,,1,10,,86702,8,,,1,9,,86692,8,,,1,6,,86684,4,,,1,6,,86669,8,,,1,12,,86720,8,,,1,53,,86727,8,,,1,7,,86744,4,,,1,5,,86714,8,,,1,14,,86749,8,,,1,10,,86694,8,,,1,12,,86723,8,,,1,52,,86747,8,,,1,12,,86707,8,,,1,13,,86685,8,,,1,11,,86670,8,,,1,12,,86675,8,,,1,52,,86748,8,,,1,12,,86677,8,,,1,12,,86703,8,,,1,11,,86693,8,,,1,12,,86724,8,,,1,12,,86710,8,,,1,52,,86689,8,,,1,10,,86671,8,,,1,13,,86711,8,,,1,12,,86751,8,,,1,11,,86750,8,,,1,52,,86678,8,,,1,12,,86704,8,,,1,12,,86681,8,,,1,12,,86725,8,,,1,12,,86708,8,,,1,55,,86666,8,,,1,13,,86752,8,,,1,17,,86672,8,,,1,15,,86668,8,,,1,55,,86719,8,,,1,12,,86705,8,,,1,15,,86680,8,,,1,15,,86709,8,,,1,55,,86721,8,,,1,15,,86662,8,,,1,15,,86660,8,,,1,15,,86696,8,,,1,70,,86706,8,,,1
56901,'Semaine-1',718,,86823,26,0,5 6,1
56901,'Semaine-12',718,,86824,26,0,5 6,1
57601,'Semaine-1',728,,86831,25,0,5 6,1
57601,'Semaine-12',728,,86832,25,0,5 6,1
80001,'Samedi-1',616,,87007,8,,,1,101,,87009,8,,,1,101,,87010,8,,,1,100,,87013,8,,,1,100,,87008,8,,,1,100,,87011,8,,,1,101,,87014,8,,,1,100,,87012,8,,,1,100,,87015,8,,,1,100,,87016,8,,,1,100,,87017,8,,,2,101,,87018,8,,,1,98,,87021,8,,,1,99,,87019,8,,,1,100,,87020,8,,,1,100,,87022,8,,,1,100,,87023,8,,,1
80001,'Samedi-10',616,,79670,8,,,1,101,,79672,8,,,1,101,,79673,8,,,1,100,,79676,8,,,1,100,,79671,8,,,1,100,,79674,8,,,1,101,,79677,8,,,1,100,,79675,8,,,1,100,,79678,8,,,1,100,,79679,8,,,1,100,,79680,8,,,2,101,,79681,8,,,1,98,,79684,8,,,1,99,,79682,8,,,1,100,,79683,8,,,1,100,,79685,8,,,1,100,,79686,8,,,1
80001,'Dimanche-1',616,,87024,8,,,1,101,,87026,8,,,1,101,,87028,8,,,1,100,,87025,8,,,1,100,,87027,8,,,1,100,,87029,8,,,1,101,,87030,8,,,1,100,,87031,8,,,1,100,,87034,8,,,1,100,,87032,8,,,1,100,,87033,8,,,2,101,,87036,8,,,1,98,,87037,8,,,1,99,,87035,8,,,1,100,,87038,8,,,1,100,,87039,8,,,1,100,,87040,8,,,1
80001,'Semaine-1',607,,87062,8,,,1,27,,87055,8,,,1,72,,87063,8,,,1,28,,87047,8,,,1,74,,87045,8,,,1,30,,87052,8,,,1,67,,87058,8,,,1,31,,87070,8,,,1,70,,87061,8,,,2,30,,87053,8,,,1,70,,87067,8,,,1,30,,87041,8,,,1,70,,87075,8,,,1,29,,87073,8,,,1,74,,87043,8,,,1,29,,87066,8,,,1,71,,87057,8,,,1,30,,87064,8,,,1,72,,87074,8,,,1,27,,87059,8,,,1,17,,87069,8,,,1,63,,87071,8,,,1,24,,87068,8,,,1,67,,87060,8,,,1,29,,87050,8,,,1,71,,87048,8,,,1,28,,87042,8,,,1,68,,87072,8,,,1,33,,87054,8,,,1,66,,87051,8,,,1,30,,87056,8,,,1,69,,87044,8,,,1,30,,87065,8,,,1,74,,87046,8,,,1,32,,87049,8,,,1
80001,'Semaine-12',607,,87097,8,,,1,27,,87090,8,,,1,72,,87098,8,,,1,28,,87082,8,,,1,74,,87080,8,,,1,30,,87087,8,,,1,67,,87093,8,,,1,31,,87105,8,,,1,70,,87096,8,,,2,30,,87088,8,,,1,70,,87102,8,,,1,30,,87076,8,,,1,70,,87110,8,,,1,29,,87108,8,,,1,74,,87078,8,,,1,29,,87101,8,,,1,71,,87092,8,,,1,30,,87099,8,,,1,72,,87109,8,,,1,27,,87094,8,,,1,17,,87104,8,,,1,63,,87106,8,,,1,24,,87103,8,,,1,67,,87095,8,,,1,29,,87085,8,,,1,71,,87083,8,,,1,28,,87077,8,,,1,68,,87107,8,,,1,33,,87089,8,,,1,66,,87086,8,,,1,30,,87091,8,,,1,69,,87079,8,,,1,30,,87100,8,,,1,74,,87081,8,,,1,32,,87084,8,,,1
80401,'Semaine-12',1721,,87111,7,,,1
