4001,'Semaine-1',619,,81922,32,,,1,30,,81921,32,,,1,72,,81924,32,,,1,32,,81920,32,,,2,68,,81919,32,,,1,27,,81923,32,,,1
4001,'Semaine-12',619,,81928,32,,,1,30,,81927,32,,,1,72,,81930,32,,,1,32,,81926,32,,,2,68,,81925,32,,,1,27,,81929,32,,,1
4101,'Semaine-1',640,,81943,23,,,1,73,,81944,23,,,1,35,,81945,23,,,1,65,,81942,23,,,2,29,,81941,23,,,1
4101,'Semaine-12',640,,81948,23,,,1,73,,81949,23,,,1,35,,81950,23,,,1,65,,81947,23,,,2,29,,81946,23,,,1
4701,'Semaine-1',620,,81991,19,,,2,85,,81990,19,,,1,49,,81989,19,,,1,67,,81992,19,,,1
4701,'Semaine-12',620,,81995,19,,,2,85,,81994,19,,,1,49,,81993,19,,,1,67,,81996,19,,,1
4900,'Samedi-1',721,,82003,20,,,1,100,,82004,20,,,1,101,,82001,20,,,1,100,,82005,20,,,1,100,,82002,20,,,1,101,,82006,20,,,1,98,,82007,20,,,1,102,,82008,20,,,1,100,,82009,20,,,1,100,,82010,20,,,1,100,,82011,20,,,1,98,,82012,20,,,1,100,,82013,20,,,1,100,,82014,20,,,1,100,,82015,20,,,1,100,,82016,20,,,1,99,,82017,20,,,1
4900,'Samedi-10',721,,69841,20,,,1,100,,69842,20,,,1,101,,69839,20,,,1,100,,69843,20,,,1,100,,69840,20,,,1,101,,69844,20,,,1,98,,69845,20,,,1,102,,69846,20,,,1,100,,69847,20,,,1,100,,69848,20,,,1,100,,69849,20,,,1,98,,69850,20,,,1,100,,69851,20,,,1,100,,69852,20,,,1,100,,69853,20,,,1,100,,69854,20,,,1,99,,69855,20,,,1
4900,'Dimanche-1',721,,82018,20,,,1,100,,82031,20,,,1,101,,82019,20,,,1,100,,82030,20,,,1,100,,82022,20,,,1,101,,82021,20,,,1,98,,82025,20,,,1,102,,82020,20,,,1,100,,82024,20,,,1,100,,82023,20,,,1,100,,82027,20,,,1,98,,82029,20,,,1,100,,82026,20,,,1,100,,82028,20,,,1,100,,82032,20,,,1,100,,82033,20,,,1,99,,82034,20,,,1
4900,'Semaine-1',634,,82062,20,,,1,14,,82057,7,,,1,3,,82069,7,,,1,4,,82045,7,,,1,46,,82068,7,,,1,4,,82073,20,,,1,1,,82072,7,,,1,4,,82071,7,,,1,5,,82070,7,,,1,21,,82065,20,,,1,66,,82066,20,,,1,1,,82061,7,,,1,32,,82060,20,,,1,74,,82055,20,,,1,29,,82047,20,,,1,70,,82067,20,,,1,33,,82063,20,,,1,70,,82058,20,,,1,30,,82035,20,,,1,70,,82056,20,,,1,30,,82037,20,,,1,70,,82042,20,,,1,30,,82044,20,,,1,71,,82048,20,,,1,30,,82064,20,,,1,71,,82046,20,,,1,30,,82049,20,,,1,70,,82040,20,,,1,30,,82052,20,,,1,70,,82043,20,,,1,30,,82041,20,,,1,70,,82059,20,,,1,28,,82053,20,,,1,100,,82036,20,,,1,99,,82054,20,,,1,101,,82051,20,,,1,98,,82038,20,,,1,98,,82050,20,,,1,100,,82039,20,,,1
4900,'Semaine-12',634,,82101,20,,,1,14,,82096,7,,,1,3,,82108,7,,,1,4,,82084,7,,,1,46,,82107,7,,,1,4,,82112,20,,,1,1,,82111,7,,,1,4,,82110,7,,,1,5,,82109,7,,,1,21,,82104,20,,,1,66,,82105,20,,,1,1,,82100,7,,,1,32,,82099,20,,,1,74,,82094,20,,,1,29,,82086,20,,,1,70,,82106,20,,,1,33,,82102,20,,,1,70,,82097,20,,,1,30,,82074,20,,,1,70,,82095,20,,,1,30,,82076,20,,,1,70,,82081,20,,,1,30,,82083,20,,,1,71,,82087,20,,,1,30,,82103,20,,,1,71,,82085,20,,,1,30,,82088,20,,,1,70,,82079,20,,,1,30,,82091,20,,,1,70,,82082,20,,,1,30,,82080,20,,,1,70,,82098,20,,,1,28,,82092,20,,,1,100,,82075,20,,,1,99,,82093,20,,,1,101,,82090,20,,,1,98,,82077,20,,,1,98,,82089,20,,,1,100,,82078,20,,,1
5501,'Samedi-1',703,,82555,30,,,1,30,,82558,30,,,1,71,,82557,30,,,1,30,,82567,30,,,1,69,,82556,30,,,1,30,,82559,30,,,1,71,,82560,30,,,1,29,,82566,30,,,1,70,,82562,30,,,1,30,,82563,30,,,1,70,,82561,30,,,1,30,,82569,30,,,1,70,,82568,30,,,1,30,,82564,30,,,1,70,,82565,30,,,1,32,,82570,30,,,1,68,,82571,30,,,1,32,,82572,30,,,1,68,,82573,30,,,1,32,,82574,30,,,1,68,,82575,30,,,1,32,,82576,30,,,1,68,,82577,30,,,1,31,,82578,30,,,1,70,,82579,30,,,1,30,,82580,30,,,1,70,,82581,30,,,1,30,,82582,30,,,1,70,,82583,30,,,1,30,,82585,30,,,1,70,,82584,30,,,1,30,,82587,30,,,1,70,,82586,30,,,1
5501,'Samedi-10',703,,71004,30,,,1,30,,71007,30,,,1,71,,71006,30,,,1,30,,71016,30,,,1,69,,71005,30,,,1,30,,71008,30,,,1,71,,71009,30,,,1,29,,71015,30,,,1,70,,71011,30,,,1,30,,71012,30,,,1,70,,71010,30,,,1,30,,71018,30,,,1,70,,71017,30,,,1,30,,71013,30,,,1,70,,71014,30,,,1,32,,71019,30,,,1,68,,71020,30,,,1,32,,71021,30,,,1,68,,71022,30,,,1,32,,71023,30,,,1,68,,71024,30,,,1,32,,71025,30,,,1,68,,71026,30,,,1,31,,71027,30,,,1,70,,71028,30,,,1,30,,71029,30,,,1,70,,71030,30,,,1,30,,71031,30,,,1,70,,71032,30,,,1,30,,71034,30,,,1,70,,71033,30,,,1,30,,71036,30,,,1,70,,71035,30,,,1
5501,'Dimanche-1',703,,82589,30,,,1,30,,82593,30,,,1,71,,82591,30,,,1,30,,82596,30,,,1,69,,82598,30,,,1,30,,82592,30,,,1,71,,82588,30,,,1,29,,82602,30,,,1,70,,82597,30,,,1,30,,82604,30,,,1,70,,82595,30,,,1,30,,82594,30,,,1,70,,82600,30,,,1,30,,82590,30,,,1,70,,82599,30,,,1,32,,82603,30,,,1,68,,82608,30,,,1,32,,82601,30,,,1,68,,82607,30,,,1,32,,82610,30,,,1,68,,82605,30,,,1,32,,82606,30,,,1,68,,82612,30,,,1,31,,82614,30,,,1,70,,82611,30,,,1,30,,82609,30,,,1,70,,82613,30,,,1,30,,82615,30,,,1,70,,82616,30,,,1,30,,82617,30,,,1,70,,82618,30,,,1,30,,82619,30,,,1,70,,82620,30,,,1
5501,'Semaine-1',523,,82634,30,,,1,14,,82641,30,,,1,15,,82640,30,,,1,56,,82624,30,,,1,15,,82662,30,,,1,22,,82661,30,,,1,8,,82621,30,,,1,52,,82666,30,,,1,15,,82647,30,,,1,13,,82655,30,,,1,16,,82625,30,,,1,9,,82629,30,,,1,52,,82627,30,,,1,9,,82656,30,,,1,6,,82658,30,,,1,14,,82635,30,,,1,68,,82639,30,,,1,12,,82626,30,,,1,11,,82660,30,,,1,29,,82653,30,,,1,71,,82657,30,,,1,29,,82623,30,,,1,70,,82630,30,,,1,30,,82643,30,,,1,70,,82654,30,,,1,29,,82650,30,,,1,70,,82631,30,,,1,30,,82663,30,,,1,70,,82622,30,,,1,30,,82628,30,,,1,90,,82632,30,,,1,100,,82637,30,,,1,100,,82642,30,,,1,101,,82659,30,,,1,60,,82648,30,,,1,30,,82636,30,,,1,71,,82652,30,,,1,30,,82645,30,,,1,70,,82664,30,,,1,30,,82638,30,,,1,69,,82644,30,,,1,32,,82646,30,,,1,70,,82633,30,,,1,30,,82651,30,,,1,70,,82649,30,,,1
5501,'Semaine-12',523,,82680,30,,,1,14,,82687,30,,,1,15,,82686,30,,,1,56,,82670,30,,,1,15,,82708,30,,,1,22,,82707,30,,,1,8,,82667,30,,,1,52,,82712,30,,,1,15,,82693,30,,,1,13,,82701,30,,,1,16,,82671,30,,,1,9,,82675,30,,,1,52,,82673,30,,,1,9,,82702,30,,,1,6,,82704,30,,,1,14,,82681,30,,,1,68,,82685,30,,,1,12,,82672,30,,,1,11,,82706,30,,,1,29,,82699,30,,,1,71,,82703,30,,,1,29,,82669,30,,,1,70,,82676,30,,,1,30,,82689,30,,,1,70,,82700,30,,,1,29,,82696,30,,,1,70,,82677,30,,,1,30,,82709,30,,,1,70,,82668,30,,,1,30,,82674,30,,,1,90,,82678,30,,,1,100,,82683,30,,,1,100,,82688,30,,,1,101,,82705,30,,,1,60,,82694,30,,,1,30,,82682,30,,,1,71,,82698,30,,,1,30,,82691,30,,,1,70,,82710,30,,,1,30,,82684,30,,,1,69,,82690,30,,,1,32,,82692,30,,,1,70,,82679,30,,,1,30,,82697,30,,,1,70,,82695,30,,,1
5801,'Semaine-1',600,,82763,18,,,1,32,,82767,18,,,1,70,,82765,18,,,1,30,,82764,18,,,1,70,,82761,18,,,1,30,,82766,18,,,1,800,,82762,18,,,1
5801,'Semaine-12',600,,82770,18,,,1,32,,82774,18,,,1,70,,82772,18,,,1,30,,82771,18,,,1,70,,82768,18,,,1,30,,82773,18,,,1,800,,82769,18,,,1
5901,'Samedi-1',719,,82939,19,,,1,30,,82946,19,,,1,69,,82943,19,,,1,30,,82948,19,,,1,70,,82940,19,,,1,30,,82945,19,,,1,70,,82944,19,,,1,30,,82947,19,,,1,70,,82951,19,,,1,30,,82952,19,,,1,70,,82941,19,,,1,30,,82942,19,,,1,70,,82950,19,,,1,30,,82949,19,,,1,70,,82953,19,,,1,30,,82954,19,,,1,70,,82955,19,,,1,30,,82956,19,,,1,70,,82957,19,,,1,30,,82958,19,,,1,70,,82959,19,,,1,30,,82960,19,,,1,70,,82961,19,,,1,30,,82962,19,,,1,71,,82963,19,,,1,30,,82965,19,,,1,70,,82964,19,,,1,30,,82966,19,,,1,70,,82967,19,,,1,30,,82968,19,,,1,70,,82970,19,,,1,31,,82969,19,,,1
5901,'Samedi-10',719,,71780,19,,,1,30,,71787,19,,,1,69,,71784,19,,,1,30,,71789,19,,,1,70,,71781,19,,,1,30,,71786,19,,,1,70,,71785,19,,,1,30,,71788,19,,,1,70,,71792,19,,,1,30,,71793,19,,,1,70,,71782,19,,,1,30,,71783,19,,,1,70,,71791,19,,,1,30,,71790,19,,,1,70,,71794,19,,,1,30,,71795,19,,,1,70,,71796,19,,,1,30,,71797,19,,,1,70,,71798,19,,,1,30,,71799,19,,,1,70,,71800,19,,,1,30,,71801,19,,,1,70,,71802,19,,,1,30,,71803,19,,,1,71,,71804,19,,,1,30,,71806,19,,,1,70,,71805,19,,,1,30,,71807,19,,,1,70,,71808,19,,,1,30,,71809,19,,,1,70,,71811,19,,,1,31,,71810,19,,,1
5901,'Dimanche-1',719,,82971,19,,,1,30,,82983,19,,,1,69,,82977,19,,,1,30,,82978,19,,,1,70,,82985,19,,,1,30,,82982,19,,,1,70,,82987,19,,,1,30,,82974,19,,,1,70,,82986,19,,,1,30,,82972,19,,,1,70,,82981,19,,,1,30,,82973,19,,,1,70,,82976,19,,,1,30,,82979,19,,,1,70,,82980,19,,,1,30,,82988,19,,,1,70,,82975,19,,,1,30,,82991,19,,,1,70,,82984,19,,,1,30,,82993,19,,,1,70,,82994,19,,,1,30,,82990,19,,,1,70,,82995,19,,,1,30,,82992,19,,,1,71,,82996,19,,,1,30,,82989,19,,,1,70,,82997,19,,,1,30,,82998,19,,,1,70,,82999,19,,,1,30,,83000,19,,,1,70,,83001,19,,,1,31,,83002,19,,,1
5901,'Semaine-1',517,,83007,19,,,1,15,,83043,19,,,1,15,,83016,19,,,1,55,,83037,19,,,1,15,,83017,19,,,1,14,,83006,19,,,1,13,,83008,19,,,1,14,,83011,19,,,1,58,,83014,19,,,1,15,,83015,19,,,1,18,,83010,19,,,1,52,,83039,19,,,1,17,,83025,19,,,1,15,,83030,19,,,1,13,,83020,19,,,1,55,,83005,19,,,1,16,,83023,19,,,1,27,,83049,19,,,1,70,,83044,19,,,1,30,,83031,19,,,1,70,,83013,19,,,1,30,,83024,19,,,1,70,,83027,19,,,1,30,,83012,19,,,1,70,,83041,19,,,1,30,,83003,19,,,1,70,,83045,19,,,1,30,,83035,19,,,1,75,,83038,19,,,1,100,,83042,19,,,1,100,,83022,19,,,1,100,,83029,19,,,1,36,,83034,19,,,1,70,,83021,19,,,1,30,,83028,19,,,1,70,,83033,19,,,1,30,,83040,19,,,1,70,,83018,19,,,1,30,,83036,19,,,1,71,,83026,19,,,1,30,,83009,19,,,1,70,,83019,19,,,1,30,,83032,19,,,1
5901,'Semaine-12',517,,83054,19,,,1,15,,83090,19,,,1,15,,83063,19,,,1,55,,83084,19,,,1,15,,83064,19,,,1,14,,83053,19,,,1,13,,83055,19,,,1,14,,83058,19,,,1,58,,83061,19,,,1,15,,83062,19,,,1,18,,83057,19,,,1,52,,83086,19,,,1,17,,83072,19,,,1,15,,83077,19,,,1,13,,83067,19,,,1,55,,83052,19,,,1,16,,83070,19,,,1,27,,83096,19,,,1,70,,83091,19,,,1,30,,83078,19,,,1,70,,83060,19,,,1,30,,83071,19,,,1,70,,83074,19,,,1,30,,83059,19,,,1,70,,83088,19,,,1,30,,83050,19,,,1,70,,83092,19,,,1,30,,83082,19,,,1,75,,83085,19,,,1,100,,83089,19,,,1,100,,83069,19,,,1,100,,83076,19,,,1,36,,83081,19,,,1,70,,83068,19,,,1,30,,83075,19,,,1,70,,83080,19,,,1,30,,83087,19,,,1,70,,83065,19,,,1,30,,83083,19,,,1,71,,83073,19,,,1,30,,83056,19,,,1,70,,83066,19,,,1,30,,83079,19,,,1
64701,'Semaine-1',1524,,86857,28,0,9 10,1
64701,'Semaine-12',1524,,86858,28,0,9 10,1
65501,'Semaine-1',1515,,86865,18,0,9 10,1
65501,'Semaine-12',1515,,86866,18,0,9 10,1
74001,'Semaine-1',822,,86883,33,0,5 11,2,2,,86884,33,0,5 11,1
74001,'Semaine-12',822,,86885,33,0,5 11,2,2,,86886,33,0,5 11,1
75201,'Semaine-1',1505,,86892,5,0,9 18,1
75201,'Semaine-12',1505,,86894,5,0,9 18,1
75400,'Semaine-1',1503,,86896,5,0,9 18,1
75400,'Semaine-12',1503,,86898,5,0,9 18,1
80000,'Samedi-1',723,,86901,23,,,1,102,,86902,23,,,1,98,,86903,23,,,1,101,,86905,23,,,1,100,,86906,23,,,1,100,,86904,23,,,1,100,,86907,23,,,1,100,,86908,23,,,1,100,,86909,23,,,1,100,,86910,23,,,1,100,,86911,23,,,2,100,,86912,23,,,1,100,,86915,23,,,1,99,,86913,23,,,1,100,,86914,23,,,1,99,,86916,23,,,1,100,,86917,23,,,1
80000,'Samedi-10',723,,79460,23,,,1,102,,79461,23,,,1,98,,79462,23,,,1,101,,79464,23,,,1,100,,79465,23,,,1,100,,79463,23,,,1,100,,79466,23,,,1,100,,79467,23,,,1,100,,79468,23,,,1,100,,79469,23,,,1,100,,79470,23,,,2,100,,79471,23,,,1,100,,79474,23,,,1,99,,79472,23,,,1,100,,79473,23,,,1,99,,79475,23,,,1,100,,79476,23,,,1
80000,'Dimanche-1',723,,86920,23,,,1,102,,86919,23,,,1,98,,86925,23,,,1,101,,86918,23,,,1,100,,86922,23,,,1,100,,86921,23,,,1,100,,86923,23,,,1,100,,86924,23,,,1,100,,86928,23,,,1,100,,86926,23,,,1,100,,86927,23,,,2,100,,86931,23,,,1,100,,86930,23,,,1,99,,86929,23,,,1,100,,86932,23,,,1,99,,86933,23,,,1,100,,86934,23,,,1
80000,'Semaine-1',559,,86967,23,,,1,71,,86953,23,,,1,71,,86943,23,,,1,15,,86942,23,,,1,15,,86963,23,,,1,71,,86954,23,,,1,18,,86940,23,,,1,30,,86959,23,,,1,70,,86944,23,,,1,30,,86961,23,,,1,70,,86956,23,,,1,29,,86970,23,,,1,70,,86937,23,,,1,30,,86958,23,,,1,70,,86948,23,,,1,31,,86964,23,,,1,69,,86957,23,,,1,30,,86968,23,,,1,71,,86947,23,,,1,29,,86962,23,,,1,73,,86960,23,,,1,30,,86949,23,,,1,72,,86965,23,,,1,28,,86938,23,,,1,70,,86955,23,,,1,30,,86952,23,,,1,70,,86966,23,,,1,28,,86951,23,,,1,71,,86945,23,,,1,28,,86939,23,,,1,71,,86969,23,,,1,29,,86950,23,,,1,68,,86946,23,,,1,30,,86936,23,,,1,70,,86941,23,,,1,30,,86935,23,,,1
80000,'Semaine-12',559,,87003,23,,,1,71,,86989,23,,,1,71,,86979,23,,,1,15,,86978,23,,,1,15,,86999,23,,,1,71,,86990,23,,,1,18,,86976,23,,,1,30,,86995,23,,,1,70,,86980,23,,,1,30,,86997,23,,,1,70,,86992,23,,,1,29,,87006,23,,,1,70,,86973,23,,,1,30,,86994,23,,,1,70,,86984,23,,,1,31,,87000,23,,,1,69,,86993,23,,,1,30,,87004,23,,,1,71,,86983,23,,,1,29,,86998,23,,,1,73,,86996,23,,,1,30,,86985,23,,,1,72,,87001,23,,,1,28,,86974,23,,,1,70,,86991,23,,,1,30,,86988,23,,,1,70,,87002,23,,,1,28,,86987,23,,,1,71,,86981,23,,,1,28,,86975,23,,,1,71,,87005,23,,,1,29,,86986,23,,,1,68,,86982,23,,,1,30,,86972,23,,,1,70,,86977,23,,,1,30,,86971,23,,,1
