4001,'Semaine-1',625,,81922,42,,,1,30,,81921,42,,,1,73,,81924,42,,,1,73,,81920,42,,,2,27,,81919,42,,,1,27,,81923,42,,,1
4001,'Semaine-12',625,,81928,42,,,1,30,,81927,42,,,1,73,,81930,42,,,1,73,,81926,42,,,2,27,,81925,42,,,1,27,,81929,42,,,1
4101,'Semaine-1',647,,81943,33,,,1,73,,81944,33,,,1,36,,81945,33,,,1,65,,81942,33,,,2,29,,81941,33,,,1
4101,'Semaine-12',647,,81948,33,,,1,73,,81949,33,,,1,36,,81950,33,,,1,65,,81947,33,,,2,29,,81946,33,,,1
4501,'Semaine-1',614,,81972,36,,,1,30,,81971,36,,,1,73,,81975,36,,,2,30,,81974,36,,,1,72,,81973,36,,,1,29,,81976,36,,,1
4501,'Semaine-12',614,,81978,36,,,1,30,,81977,36,,,1,73,,81981,36,,,2,30,,81980,36,,,1,72,,81979,36,,,1,29,,81982,36,,,1
4701,'Semaine-1',627,,81991,29,,,2,86,,81990,29,,,1,89,,81989,29,,,1,27,,81992,29,,,1
4701,'Semaine-12',627,,81995,29,,,2,86,,81994,29,,,1,89,,81993,29,,,1,27,,81996,29,,,1
5501,'Samedi-1',710,,82555,40,,,1,30,,82558,40,,,1,71,,82557,40,,,1,30,,82567,40,,,1,69,,82556,40,,,1,30,,82559,40,,,1,71,,82560,40,,,1,29,,82566,40,,,1,71,,82562,40,,,1,30,,82563,40,,,1,70,,82561,40,,,1,30,,82569,40,,,1,70,,82568,40,,,1,30,,82564,40,,,1,70,,82565,40,,,1,32,,82570,40,,,1,68,,82571,40,,,1,32,,82572,40,,,1,68,,82573,40,,,1,32,,82574,40,,,1,68,,82575,40,,,1,32,,82576,40,,,1,68,,82577,40,,,1,30,,82578,40,,,1,70,,82579,40,,,1,30,,82580,40,,,1,70,,82581,40,,,1,29,,82582,40,,,1,70,,82583,40,,,1,30,,82585,40,,,1,70,,82584,40,,,1,30,,82587,40,,,1,70,,82586,40,,,1
5501,'Samedi-10',710,,71004,40,,,1,30,,71007,40,,,1,71,,71006,40,,,1,30,,71016,40,,,1,69,,71005,40,,,1,30,,71008,40,,,1,71,,71009,40,,,1,29,,71015,40,,,1,71,,71011,40,,,1,30,,71012,40,,,1,70,,71010,40,,,1,30,,71018,40,,,1,70,,71017,40,,,1,30,,71013,40,,,1,70,,71014,40,,,1,32,,71019,40,,,1,68,,71020,40,,,1,32,,71021,40,,,1,68,,71022,40,,,1,32,,71023,40,,,1,68,,71024,40,,,1,32,,71025,40,,,1,68,,71026,40,,,1,30,,71027,40,,,1,70,,71028,40,,,1,30,,71029,40,,,1,70,,71030,40,,,1,29,,71031,40,,,1,70,,71032,40,,,1,30,,71034,40,,,1,70,,71033,40,,,1,30,,71036,40,,,1,70,,71035,40,,,1
5501,'Dimanche-1',710,,82589,40,,,1,30,,82593,40,,,1,71,,82591,40,,,1,30,,82596,40,,,1,69,,82598,40,,,1,30,,82592,40,,,1,71,,82588,40,,,1,29,,82602,40,,,1,71,,82597,40,,,1,30,,82604,40,,,1,70,,82595,40,,,1,30,,82594,40,,,1,70,,82600,40,,,1,30,,82590,40,,,1,70,,82599,40,,,1,32,,82603,40,,,1,68,,82608,40,,,1,32,,82601,40,,,1,68,,82607,40,,,1,32,,82610,40,,,1,68,,82605,40,,,1,32,,82606,40,,,1,68,,82612,40,,,1,30,,82614,40,,,1,70,,82611,40,,,1,30,,82609,40,,,1,70,,82613,40,,,1,29,,82615,40,,,1,70,,82616,40,,,1,30,,82617,40,,,1,70,,82618,40,,,1,30,,82619,40,,,1,70,,82620,40,,,1
5501,'Semaine-1',529,,82634,40,,,1,14,,82641,40,,,1,14,,82640,40,,,1,58,,82624,40,,,1,15,,82662,40,,,1,22,,82661,40,,,1,48,,82621,40,,,1,13,,82666,40,,,1,15,,82647,40,,,1,14,,82655,40,,,1,16,,82625,40,,,1,48,,82629,40,,,1,12,,82627,40,,,1,9,,82656,40,,,1,5,,82658,40,,,1,14,,82635,40,,,1,68,,82639,40,,,1,12,,82626,40,,,1,11,,82660,40,,,1,69,,82653,40,,,1,23,,82665,7,,,1,8,,82657,40,,,1,69,,82623,40,,,1,30,,82630,40,,,1,70,,82643,40,,,1,30,,82654,40,,,1,70,,82650,40,,,1,30,,82631,40,,,1,70,,82663,40,,,1,30,,82622,40,,,1,71,,82628,40,,,1,50,,82632,40,,,1,100,,82637,40,,,1,100,,82642,40,,,1,99,,82659,40,,,1,60,,82648,40,,,1,30,,82636,40,,,1,70,,82652,40,,,1,30,,82645,40,,,1,70,,82664,40,,,1,30,,82638,40,,,1,69,,82644,40,,,1,31,,82646,40,,,1,70,,82633,40,,,1,29,,82651,40,,,1,70,,82649,40,,,1
5501,'Semaine-12',529,,82680,40,,,1,14,,82687,40,,,1,14,,82686,40,,,1,58,,82670,40,,,1,15,,82708,40,,,1,22,,82707,40,,,1,48,,82667,40,,,1,13,,82712,40,,,1,15,,82693,40,,,1,14,,82701,40,,,1,16,,82671,40,,,1,48,,82675,40,,,1,12,,82673,40,,,1,9,,82702,40,,,1,5,,82704,40,,,1,14,,82681,40,,,1,68,,82685,40,,,1,12,,82672,40,,,1,11,,82706,40,,,1,69,,82699,40,,,1,23,,82711,7,,,1,8,,82703,40,,,1,69,,82669,40,,,1,30,,82676,40,,,1,70,,82689,40,,,1,30,,82700,40,,,1,70,,82696,40,,,1,30,,82677,40,,,1,70,,82709,40,,,1,30,,82668,40,,,1,71,,82674,40,,,1,50,,82678,40,,,1,100,,82683,40,,,1,100,,82688,40,,,1,99,,82705,40,,,1,60,,82694,40,,,1,30,,82682,40,,,1,70,,82698,40,,,1,30,,82691,40,,,1,70,,82710,40,,,1,30,,82684,40,,,1,69,,82690,40,,,1,31,,82692,40,,,1,70,,82679,40,,,1,29,,82697,40,,,1,70,,82695,40,,,1
5600,'Semaine-1',642,,82719,27,,,1,65,,82717,27,,,1,6,,82721,27,,,1,31,,82720,27,,,1,71,,82714,27,,,1,100,,82713,27,,,1,108,,82715,27,,,1,98,,82718,27,,,2,100,,82716,27,,,1
5600,'Semaine-12',642,,82728,27,,,1,65,,82726,27,,,1,6,,82730,27,,,1,31,,82729,27,,,1,71,,82723,27,,,1,100,,82722,27,,,1,108,,82724,27,,,1,98,,82727,27,,,2,100,,82725,27,,,1
5801,'Semaine-1',606,,82763,28,,,1,32,,82767,28,,,1,71,,82765,28,,,1,31,,82764,28,,,1,70,,82761,28,,,1,30,,82766,28,,,1,801,,82762,28,,,1
5801,'Semaine-12',606,,82770,28,,,1,32,,82774,28,,,1,71,,82772,28,,,1,31,,82771,28,,,1,70,,82768,28,,,1,30,,82773,28,,,1,801,,82769,28,,,1
5901,'Samedi-1',725,,82939,29,,,1,30,,82946,29,,,1,70,,82943,29,,,1,30,,82948,29,,,1,70,,82940,29,,,1,30,,82945,29,,,1,70,,82944,29,,,1,30,,82947,29,,,1,70,,82951,29,,,1,31,,82952,29,,,1,70,,82941,29,,,1,30,,82942,29,,,1,70,,82950,29,,,1,30,,82949,29,,,1,70,,82953,29,,,1,29,,82954,29,,,1,70,,82955,29,,,1,30,,82956,29,,,1,70,,82957,29,,,1,30,,82958,29,,,1,70,,82959,29,,,1,30,,82960,29,,,1,70,,82961,29,,,1,30,,82962,29,,,1,71,,82963,29,,,1,30,,82965,29,,,1,70,,82964,29,,,1,29,,82966,29,,,1,70,,82967,29,,,1,30,,82968,29,,,1,70,,82970,29,,,1,30,,82969,29,,,1
5901,'Samedi-10',725,,71780,29,,,1,30,,71787,29,,,1,70,,71784,29,,,1,30,,71789,29,,,1,70,,71781,29,,,1,30,,71786,29,,,1,70,,71785,29,,,1,30,,71788,29,,,1,70,,71792,29,,,1,31,,71793,29,,,1,70,,71782,29,,,1,30,,71783,29,,,1,70,,71791,29,,,1,30,,71790,29,,,1,70,,71794,29,,,1,29,,71795,29,,,1,70,,71796,29,,,1,30,,71797,29,,,1,70,,71798,29,,,1,30,,71799,29,,,1,70,,71800,29,,,1,30,,71801,29,,,1,70,,71802,29,,,1,30,,71803,29,,,1,71,,71804,29,,,1,30,,71806,29,,,1,70,,71805,29,,,1,29,,71807,29,,,1,70,,71808,29,,,1,30,,71809,29,,,1,70,,71811,29,,,1,30,,71810,29,,,1
5901,'Dimanche-1',725,,82971,29,,,1,30,,82983,29,,,1,70,,82977,29,,,1,30,,82978,29,,,1,70,,82985,29,,,1,30,,82982,29,,,1,70,,82987,29,,,1,30,,82974,29,,,1,70,,82986,29,,,1,31,,82972,29,,,1,70,,82981,29,,,1,30,,82973,29,,,1,70,,82976,29,,,1,30,,82979,29,,,1,70,,82980,29,,,1,29,,82988,29,,,1,70,,82975,29,,,1,30,,82991,29,,,1,70,,82984,29,,,1,30,,82993,29,,,1,70,,82994,29,,,1,30,,82990,29,,,1,70,,82995,29,,,1,30,,82992,29,,,1,71,,82996,29,,,1,30,,82989,29,,,1,70,,82997,29,,,1,29,,82998,29,,,1,70,,82999,29,,,1,30,,83000,29,,,1,70,,83001,29,,,1,30,,83002,29,,,1
5901,'Semaine-1',523,,83007,29,,,1,15,,83043,29,,,1,15,,83016,29,,,1,55,,83037,29,,,1,16,,83017,29,,,1,14,,83006,29,,,1,13,,83008,29,,,1,55,,83011,29,,,1,10,,83046,7,,,1,8,,83014,29,,,1,7,,83047,7,,,1,8,,83015,29,,,1,7,,83048,7,,,1,11,,83010,29,,,1,47,,83004,7,,,1,5,,83039,29,,,1,19,,83025,29,,,1,12,,83030,29,,,1,13,,83020,29,,,1,55,,83005,29,,,1,16,,83023,29,,,1,27,,83049,29,,,1,70,,83044,29,,,1,30,,83031,29,,,1,70,,83013,29,,,1,30,,83024,29,,,1,70,,83027,29,,,1,30,,83012,29,,,1,70,,83041,29,,,1,30,,83003,29,,,1,70,,83045,29,,,1,30,,83035,29,,,1,76,,83038,29,,,1,100,,83042,29,,,1,100,,83022,29,,,1,99,,83029,29,,,1,75,,83034,29,,,1,30,,83021,29,,,1,70,,83028,29,,,1,30,,83033,29,,,1,70,,83040,29,,,1,30,,83018,29,,,1,70,,83036,29,,,1,30,,83026,29,,,1,70,,83009,29,,,1,30,,83019,29,,,1,70,,83032,29,,,1
5901,'Semaine-12',523,,83054,29,,,1,15,,83090,29,,,1,15,,83063,29,,,1,55,,83084,29,,,1,16,,83064,29,,,1,14,,83053,29,,,1,13,,83055,29,,,1,55,,83058,29,,,1,10,,83093,7,,,1,8,,83061,29,,,1,7,,83094,7,,,1,8,,83062,29,,,1,7,,83095,7,,,1,11,,83057,29,,,1,47,,83051,7,,,1,5,,83086,29,,,1,19,,83072,29,,,1,12,,83077,29,,,1,13,,83067,29,,,1,55,,83052,29,,,1,16,,83070,29,,,1,27,,83096,29,,,1,70,,83091,29,,,1,30,,83078,29,,,1,70,,83060,29,,,1,30,,83071,29,,,1,70,,83074,29,,,1,30,,83059,29,,,1,70,,83088,29,,,1,30,,83050,29,,,1,70,,83092,29,,,1,30,,83082,29,,,1,76,,83085,29,,,1,100,,83089,29,,,1,100,,83069,29,,,1,99,,83076,29,,,1,75,,83081,29,,,1,30,,83068,29,,,1,70,,83075,29,,,1,30,,83080,29,,,1,70,,83087,29,,,1,30,,83065,29,,,1,70,,83083,29,,,1,30,,83073,29,,,1,70,,83056,29,,,1,30,,83066,29,,,1,70,,83079,29,,,1
55400,'Semaine-1',706,,86810,17,0,5 6,2
55400,'Semaine-12',706,,86812,17,0,5 6,2
65501,'Semaine-1',1522,,86865,28,0,9 10,1
65501,'Semaine-12',1522,,86866,28,0,9 10,1
74001,'Semaine-1',829,,86883,43,0,5 11,2,2,,86884,43,0,5 11,1
74001,'Semaine-12',829,,86885,43,0,5 11,2,2,,86886,43,0,5 11,1
80000,'Samedi-1',729,,86901,33,,,1,103,,86902,33,,,1,98,,86903,33,,,1,101,,86905,33,,,1,100,,86906,33,,,1,100,,86904,33,,,1,100,,86907,33,,,1,100,,86908,33,,,1,100,,86909,33,,,1,100,,86910,33,,,1,99,,86911,33,,,2,100,,86912,33,,,1,100,,86915,33,,,1,99,,86913,33,,,1,100,,86914,33,,,1,98,,86916,33,,,1,100,,86917,33,,,1
80000,'Samedi-10',729,,79460,33,,,1,103,,79461,33,,,1,98,,79462,33,,,1,101,,79464,33,,,1,100,,79465,33,,,1,100,,79463,33,,,1,100,,79466,33,,,1,100,,79467,33,,,1,100,,79468,33,,,1,100,,79469,33,,,1,99,,79470,33,,,2,100,,79471,33,,,1,100,,79474,33,,,1,99,,79472,33,,,1,100,,79473,33,,,1,98,,79475,33,,,1,100,,79476,33,,,1
80000,'Dimanche-1',729,,86920,33,,,1,103,,86919,33,,,1,98,,86925,33,,,1,101,,86918,33,,,1,100,,86922,33,,,1,100,,86921,33,,,1,100,,86923,33,,,1,100,,86924,33,,,1,100,,86928,33,,,1,100,,86926,33,,,1,99,,86927,33,,,2,100,,86931,33,,,1,100,,86930,33,,,1,99,,86929,33,,,1,100,,86932,33,,,1,98,,86933,33,,,1,100,,86934,33,,,1
80000,'Semaine-1',605,,86967,33,,,1,32,,86953,33,,,1,71,,86943,33,,,1,15,,86942,33,,,1,15,,86963,33,,,1,71,,86954,33,,,1,18,,86940,33,,,1,29,,86959,33,,,1,70,,86944,33,,,1,30,,86961,33,,,1,70,,86956,33,,,1,29,,86970,33,,,1,70,,86937,33,,,1,30,,86958,33,,,1,70,,86948,33,,,1,31,,86964,33,,,1,69,,86957,33,,,1,30,,86968,33,,,1,71,,86947,33,,,1,29,,86962,33,,,1,74,,86960,33,,,1,30,,86949,33,,,1,72,,86965,33,,,1,28,,86938,33,,,1,70,,86955,33,,,1,30,,86952,33,,,1,68,,86966,33,,,1,29,,86951,33,,,1,71,,86945,33,,,1,28,,86939,33,,,1,71,,86969,33,,,1,29,,86950,33,,,1,68,,86946,33,,,1,30,,86936,33,,,1,69,,86941,33,,,1,30,,86935,33,,,1
80000,'Semaine-12',605,,87003,33,,,1,32,,86989,33,,,1,71,,86979,33,,,1,15,,86978,33,,,1,15,,86999,33,,,1,71,,86990,33,,,1,18,,86976,33,,,1,29,,86995,33,,,1,70,,86980,33,,,1,30,,86997,33,,,1,70,,86992,33,,,1,29,,87006,33,,,1,70,,86973,33,,,1,30,,86994,33,,,1,70,,86984,33,,,1,31,,87000,33,,,1,69,,86993,33,,,1,30,,87004,33,,,1,71,,86983,33,,,1,29,,86998,33,,,1,74,,86996,33,,,1,30,,86985,33,,,1,72,,87001,33,,,1,28,,86974,33,,,1,70,,86991,33,,,1,30,,86988,33,,,1,68,,87002,33,,,1,29,,86987,33,,,1,71,,86981,33,,,1,28,,86975,33,,,1,71,,87005,33,,,1,29,,86986,33,,,1,68,,86982,33,,,1,30,,86972,33,,,1,69,,86977,33,,,1,30,,86971,33,,,1
