3200,'Semaine-1',649,,80376,40,4,,1,71,,80375,40,4,,1,33,,80371,40,4,,1,73,,80373,40,4,,1,26,,80372,40,4,,2,70,,80374,40,4,,1,29,,80347,40,4,,2,70,,80342,40,4,,1,30,,80343,40,4,,2,70,,80354,40,4,,1,30,,80348,40,4,,1,73,,80334,40,4,,1,29,,80335,40,4,,1,69,,80346,40,4,,1,30,,80349,40,4,,1,70,,80355,40,4,,1,32,,80336,40,4,,1,72,,80381,40,4,,1,15,,80333,40,4,,2,16,,80363,40,4,,1,50,,80353,40,4,,1,11,,80359,40,4,,2,10,,80360,40,4,,1,10,,80378,40,4,,1,10,,80379,40,4,,1,10,,80380,40,4,,2,53,,80377,40,4,,2,7,,80350,40,4,,1,10,,80361,40,4,,1,10,,80369,40,4,,2,10,,80362,40,4,,2,7,,80339,40,4,,1,50,,80370,40,4,,1,10,,80356,40,4,,2,8,,80358,40,4,,1,10,,80357,40,4,,1,18,,80351,40,4,,2,65,,80345,40,4,,1,29,,80340,40,4,,1,70,,80337,40,4,,2,29,,80352,40,4,,2,70,,80344,40,4,,1,33,,80341,40,4,,1,66,,80338,40,4,,2,30,,80364,40,4,,1,68,,80365,40,4,,1,29,,80366,40,4,,1,67,,80367,40,4,,1,30,,80368,40,4,,1
3200,'Semaine-12',649,,80425,40,4,,1,71,,80424,40,4,,1,33,,80420,40,4,,1,73,,80422,40,4,,1,26,,80421,40,4,,2,70,,80423,40,4,,1,29,,80396,40,4,,2,70,,80391,40,4,,1,30,,80392,40,4,,2,70,,80403,40,4,,1,30,,80397,40,4,,1,73,,80383,40,4,,1,29,,80384,40,4,,1,69,,80395,40,4,,1,30,,80398,40,4,,1,70,,80404,40,4,,1,32,,80385,40,4,,1,72,,80430,40,4,,1,15,,80382,40,4,,2,16,,80412,40,4,,1,50,,80402,40,4,,1,11,,80408,40,4,,2,10,,80409,40,4,,1,10,,80427,40,4,,1,10,,80428,40,4,,1,10,,80429,40,4,,2,53,,80426,40,4,,2,7,,80399,40,4,,1,10,,80410,40,4,,1,10,,80418,40,4,,2,10,,80411,40,4,,2,7,,80388,40,4,,1,50,,80419,40,4,,1,10,,80405,40,4,,2,8,,80407,40,4,,1,10,,80406,40,4,,1,18,,80400,40,4,,2,65,,80394,40,4,,1,29,,80389,40,4,,1,70,,80386,40,4,,2,29,,80401,40,4,,2,70,,80393,40,4,,1,33,,80390,40,4,,1,66,,80387,40,4,,2,30,,80413,40,4,,1,68,,80414,40,4,,1,29,,80415,40,4,,1,67,,80416,40,4,,1,30,,80417,40,4,,1
3400,'Samedi-1',806,,80773,54,,,1,100,,80778,54,,,1,30,,80774,54,,,1,71,,80780,54,,,1,30,,80781,54,,,1,71,,80775,54,,,1,30,,80776,54,,,1,70,,80777,54,,,1,30,,80779,54,,,1,72,,80782,54,,,1,30,,80784,54,,,1,70,,80783,54,,,1,30,,80785,54,,,1,70,,80786,54,,,1,30,,80787,54,,,1,70,,80788,54,,,1,30,,80789,54,,,1,71,,80790,54,,,1,30,,80791,54,,,1,70,,80792,54,,,1,30,,80793,54,,,1,68,,80794,54,,,1,28,,80795,54,,,1,69,,80796,54,,,1,31,,80797,54,,,1,70,,80798,54,,,1,30,,80799,54,,,1,70,,80800,54,,,1,30,,80801,54,,,1,70,,80803,54,,,1,30,,80802,54,,,1,69,,80805,54,,,1,30,,80804,54,,,1,65,,80806,54,,,1
3400,'Samedi-10',806,,67369,54,,,1,100,,67374,54,,,1,30,,67370,54,,,1,71,,67376,54,,,1,30,,67377,54,,,1,71,,67371,54,,,1,30,,67372,54,,,1,70,,67373,54,,,1,30,,67375,54,,,1,72,,67378,54,,,1,30,,67380,54,,,1,70,,67379,54,,,1,30,,67381,54,,,1,70,,67382,54,,,1,30,,67383,54,,,1,70,,67384,54,,,1,30,,67385,54,,,1,71,,67386,54,,,1,30,,67387,54,,,1,70,,67388,54,,,1,30,,67389,54,,,1,68,,67390,54,,,1,28,,67391,54,,,1,69,,67392,54,,,1,31,,67393,54,,,1,70,,67394,54,,,1,30,,67395,54,,,1,70,,67396,54,,,1,30,,67397,54,,,1,70,,67399,54,,,1,30,,67398,54,,,1,69,,67401,54,,,1,30,,67400,54,,,1,65,,67402,54,,,1
3400,'Dimanche-1',806,,80811,54,,,1,100,,80831,54,,,1,30,,80813,54,,,1,71,,80817,54,,,1,30,,80810,54,,,1,71,,80818,54,,,1,30,,80809,54,,,1,70,,80808,54,,,1,30,,80821,54,,,1,72,,80812,54,,,1,30,,80815,54,,,1,70,,80814,54,,,1,30,,80807,54,,,1,70,,80823,54,,,1,30,,80819,54,,,1,70,,80820,54,,,1,30,,80816,54,,,1,71,,80827,54,,,1,30,,80826,54,,,1,70,,80824,54,,,1,30,,80822,54,,,1,68,,80825,54,,,1,28,,80830,54,,,1,69,,80828,54,,,1,31,,80829,54,,,1,70,,80832,54,,,1,30,,80833,54,,,1,70,,80834,54,,,1,30,,80835,54,,,1,70,,80836,54,,,1,30,,80837,54,,,1,69,,80839,54,,,1,30,,80838,54,,,1,65,,80840,54,,,1
3400,'Semaine-1',644,,80871,54,,,1,68,,80856,54,,,1,33,,80850,54,,,1,76,,80854,54,,,1,30,,80845,54,,,2,67,,80865,54,,,1,30,,80851,54,,,1,67,,80841,54,,,1,30,,80846,54,,,1,70,,80847,54,,,1,30,,80852,54,,,1,70,,80842,54,,,1,31,,80872,54,,,1,70,,80848,54,,,1,30,,80853,54,,,1,70,,80843,54,,,1,35,,80869,54,,,1,70,,80844,54,,,1,25,,80870,54,,,1,306,,80868,54,,,1,60,,80857,54,,,1,27,,80849,54,,,1,70,,80861,54,,,1,30,,80867,54,,,1,71,,80858,54,,,1,27,,80860,54,,,1,70,,80862,54,,,1,30,,80855,54,,,1,70,,80864,54,,,1,27,,80859,54,,,1,69,,80863,54,,,1,30,,80866,54,,,1
3400,'Semaine-12',644,,80903,54,,,1,68,,80888,54,,,1,33,,80882,54,,,1,76,,80886,54,,,1,30,,80877,54,,,2,67,,80897,54,,,1,30,,80883,54,,,1,67,,80873,54,,,1,30,,80878,54,,,1,70,,80879,54,,,1,30,,80884,54,,,1,70,,80874,54,,,1,31,,80904,54,,,1,70,,80880,54,,,1,30,,80885,54,,,1,70,,80875,54,,,1,35,,80901,54,,,1,70,,80876,54,,,1,25,,80902,54,,,1,306,,80900,54,,,1,60,,80889,54,,,1,27,,80881,54,,,1,70,,80893,54,,,1,30,,80899,54,,,1,71,,80890,54,,,1,27,,80892,54,,,1,70,,80894,54,,,1,30,,80887,54,,,1,70,,80896,54,,,1,27,,80891,54,,,1,69,,80895,54,,,1,30,,80898,54,,,1
4200,'Semaine-1',620,,81951,13,,,1,102,,81952,13,,,1,903,,81953,13,,,1,99,,81954,13,,,1
4200,'Semaine-12',620,,81955,13,,,1,102,,81956,13,,,1,903,,81957,13,,,1,99,,81958,13,,,1
4901,'Samedi-1',736,,82116,34,,,1,100,,82115,34,,,1,100,,82117,34,,,1,100,,82113,34,,,1,100,,82118,34,,,1,102,,82114,34,,,1,100,,82119,34,,,1,100,,82120,34,,,1,100,,82121,34,,,1,100,,82122,34,,,1,100,,82123,34,,,1,98,,82124,34,,,1,100,,82125,34,,,1,100,,82126,34,,,1,100,,82127,34,,,1,100,,82128,34,,,1,100,,82129,34,,,1
4901,'Samedi-10',736,,70061,34,,,1,100,,70060,34,,,1,100,,70062,34,,,1,100,,70058,34,,,1,100,,70063,34,,,1,102,,70059,34,,,1,100,,70064,34,,,1,100,,70065,34,,,1,100,,70066,34,,,1,100,,70067,34,,,1,100,,70068,34,,,1,98,,70069,34,,,1,100,,70070,34,,,1,100,,70071,34,,,1,100,,70072,34,,,1,100,,70073,34,,,1,100,,70074,34,,,1
4901,'Dimanche-1',736,,82143,34,,,1,100,,82132,34,,,1,100,,82142,34,,,1,100,,82135,34,,,1,100,,82131,34,,,1,102,,82130,34,,,1,100,,82133,34,,,1,100,,82134,34,,,1,100,,82137,34,,,1,100,,82136,34,,,1,100,,82140,34,,,1,98,,82139,34,,,1,100,,82141,34,,,1,100,,82138,34,,,1,100,,82144,34,,,1,100,,82145,34,,,1,100,,82146,34,,,1
4901,'Semaine-1',620,,82153,34,,,1,89,,82158,34,,,1,31,,82174,34,,,1,72,,82170,34,,,1,29,,82168,34,,,1,67,,82178,34,,,1,29,,82160,34,,,1,69,,82176,34,,,1,28,,82172,34,,,1,72,,82147,34,,,1,30,,82169,34,,,1,70,,82148,34,,,1,30,,82154,34,,,1,70,,82156,34,,,1,30,,82161,34,,,1,69,,82177,34,,,1,32,,82159,34,,,1,73,,82179,34,,,1,22,,82175,34,,,1,12,,82162,34,,,1,15,,82149,34,,,1,55,,82165,34,,,1,30,,82155,34,,,1,66,,82157,34,,,1,30,,82173,34,,,1,67,,82167,34,,,1,30,,82171,34,,,1,94,,82150,34,,,1,80,,82166,34,,,1,101,,82164,34,,,1,97,,82151,34,,,1,100,,82163,34,,,1,97,,82152,34,,,1
4901,'Semaine-12',620,,82186,34,,,1,89,,82191,34,,,1,31,,82207,34,,,1,72,,82203,34,,,1,29,,82201,34,,,1,67,,82211,34,,,1,29,,82193,34,,,1,69,,82209,34,,,1,28,,82205,34,,,1,72,,82180,34,,,1,30,,82202,34,,,1,70,,82181,34,,,1,30,,82187,34,,,1,70,,82189,34,,,1,30,,82194,34,,,1,69,,82210,34,,,1,32,,82192,34,,,1,73,,82212,34,,,1,22,,82208,34,,,1,12,,82195,34,,,1,15,,82182,34,,,1,55,,82198,34,,,1,30,,82188,34,,,1,66,,82190,34,,,1,30,,82206,34,,,1,67,,82200,34,,,1,30,,82204,34,,,1,94,,82183,34,,,1,80,,82199,34,,,1,101,,82197,34,,,1,97,,82184,34,,,1,100,,82196,34,,,1,97,,82185,34,,,1
5200,'Samedi-1',624,,82231,2,,,1,100,,82232,2,,,1,100,,82233,2,,,1,100,,82234,2,,,1,100,,82235,2,,,1,101,,82236,2,,,1,100,,82237,2,,,1,100,,82238,2,,,1,100,,82239,2,,,1,100,,82240,2,,,1,100,,82241,2,,,1,100,,82242,2,,,1,99,,82243,2,,,1,100,,82246,2,,,1,100,,82244,2,,,1,100,,82245,2,,,1,100,,82247,2,,,1,100,,82248,2,,,1
5200,'Samedi-10',624,,70287,2,,,1,100,,70288,2,,,1,100,,70289,2,,,1,100,,70290,2,,,1,100,,70291,2,,,1,101,,70292,2,,,1,100,,70293,2,,,1,100,,70294,2,,,1,100,,70295,2,,,1,100,,70296,2,,,1,100,,70297,2,,,1,100,,70298,2,,,1,99,,70299,2,,,1,100,,70302,2,,,1,100,,70300,2,,,1,100,,70301,2,,,1,100,,70303,2,,,1,100,,70304,2,,,1
5200,'Dimanche-1',624,,82250,2,,,1,100,,82249,2,,,1,100,,82251,2,,,1,100,,82254,2,,,1,100,,82252,2,,,1,101,,82253,2,,,1,100,,82257,2,,,1,100,,82256,2,,,1,100,,82258,2,,,1,100,,82255,2,,,1,100,,82259,2,,,1,100,,82261,2,,,1,99,,82262,2,,,1,100,,82260,2,,,1,100,,82263,2,,,1,100,,82264,2,,,1,100,,82265,2,,,1,100,,82266,2,,,1
5200,'Semaine-1',554,,82270,2,,,1,97,,82272,2,,,1,106,,82267,2,,,1,98,,82283,2,,,1,99,,82281,2,,,1,101,,82268,2,,,1,100,,82275,2,,,1,100,,82274,2,,,1,100,,82271,2,,,1,100,,82269,2,,,1,146,,82273,2,,,1,100,,82284,2,,,1,110,,82282,2,,,1,99,,82276,2,,,1,45,,82280,2,,,1,100,,82279,2,,,1,100,,82277,2,,,1,100,,82278,2,,,1
5200,'Semaine-12',554,,82288,2,,,1,97,,82290,2,,,1,106,,82285,2,,,1,98,,82301,2,,,1,99,,82299,2,,,1,101,,82286,2,,,1,100,,82293,2,,,1,100,,82292,2,,,1,100,,82289,2,,,1,100,,82287,2,,,1,146,,82291,2,,,1,100,,82302,2,,,1,110,,82300,2,,,1,99,,82294,2,,,1,45,,82298,2,,,1,100,,82297,2,,,1,100,,82295,2,,,1,100,,82296,2,,,1
