1501,'Semaine-1',708,,79943,15,,,1
1501,'Semaine-12',708,,79944,15,,,1
6401,'Samedi-1',740,,83372,43,,,1,100,,83369,43,,,1,100,,83371,43,,,1,100,,83374,43,,,1,100,,83370,43,,,1,100,,83375,43,,,1,100,,83373,43,,,1,100,,83376,43,,,1,100,,83377,43,,,1,100,,83378,43,,,1,100,,83379,43,,,1
6401,'Samedi-10',740,,72587,43,,,1,100,,72584,43,,,1,100,,72586,43,,,1,100,,72589,43,,,1,100,,72585,43,,,1,100,,72590,43,,,1,100,,72588,43,,,1,100,,72591,43,,,1,100,,72592,43,,,1,100,,72593,43,,,1,100,,72594,43,,,1
6401,'Dimanche-1',740,,83384,43,,,1,100,,83381,43,,,1,100,,83387,43,,,1,100,,83388,43,,,1,100,,83385,43,,,1,100,,83380,43,,,1,100,,83382,43,,,1,100,,83383,43,,,1,100,,83389,43,,,1,100,,83386,43,,,1,100,,83390,43,,,1
6401,'Semaine-1',539,,83391,43,,,2,108,,83401,43,,,2,100,,83403,43,,,1,100,,83400,43,,,1,97,,83408,43,,,1,100,,83395,43,,,1,100,,83394,43,,,1,100,,83406,43,,,1,100,,83402,43,,,2,100,,83404,43,,,1,100,,83405,43,,,1,102,,83396,43,,,1,98,,83392,43,,,1,100,,83393,43,,,1,97,,83399,43,,,1,100,,83397,43,,,1,100,,83398,43,,,1,100,,83407,43,,,1
6401,'Semaine-12',539,,83409,43,,,2,108,,83419,43,,,2,100,,83421,43,,,1,100,,83418,43,,,1,97,,83426,43,,,1,100,,83413,43,,,1,100,,83412,43,,,1,100,,83424,43,,,1,100,,83420,43,,,2,100,,83422,43,,,1,100,,83423,43,,,1,102,,83414,43,,,1,98,,83410,43,,,1,100,,83411,43,,,1,97,,83417,43,,,1,100,,83415,43,,,1,100,,83416,43,,,1,100,,83425,43,,,1
6601,'Samedi-1',706,,83727,44,,,1,100,,83729,44,,,1,100,,83733,44,,,1,100,,83730,44,,,1,100,,83734,44,,,1,100,,83728,44,,,1,100,,83731,44,,,1,100,,83732,44,,,1,100,,83735,44,,,1,100,,83736,44,,,1,100,,83737,44,,,1,100,,83738,44,,,1,100,,83739,44,,,1,100,,83741,44,,,1,100,,83740,44,,,1,100,,83742,44,,,1,100,,83743,44,,,1,100,,83744,44,,,1
6601,'Samedi-10',706,,73314,44,,,1,100,,73316,44,,,1,100,,73320,44,,,1,100,,73317,44,,,1,100,,73321,44,,,1,100,,73315,44,,,1,100,,73318,44,,,1,100,,73319,44,,,1,100,,73322,44,,,1,100,,73323,44,,,1,100,,73324,44,,,1,100,,73325,44,,,1,100,,73326,44,,,1,100,,73328,44,,,1,100,,73327,44,,,1,100,,73329,44,,,1,100,,73330,44,,,1,100,,73331,44,,,1
6601,'Dimanche-1',706,,83746,44,,,1,100,,83750,44,,,1,100,,83751,44,,,1,100,,83752,44,,,1,100,,83745,44,,,1,100,,83747,44,,,1,100,,83748,44,,,1,100,,83749,44,,,1,100,,83754,44,,,1,100,,83753,44,,,1,100,,83757,44,,,1,100,,83755,44,,,1,100,,83758,44,,,1,100,,83756,44,,,1,100,,83759,44,,,1,100,,83760,44,,,1,100,,83761,44,,,1,100,,83762,44,,,1
6601,'Semaine-1',557,,83772,44,,,2,60,,83765,44,,,1,18,,83774,44,,,1,21,,83780,44,,,2,60,,83775,44,,,2,21,,83766,44,,,1,63,,83778,44,,,2,19,,83771,44,,,1,18,,83787,44,,,1,21,,83764,44,,,1,59,,83777,44,,,1,18,,83788,44,,,1,20,,83796,44,,,1,102,,83776,44,,,1,100,,83768,44,,,1,100,,83792,44,,,1,100,,83793,44,,,1,100,,83779,44,,,2,62,,83767,44,,,1,19,,83784,44,,,2,19,,83781,44,,,1,64,,83794,44,,,1,22,,83763,44,,,1,59,,83789,44,,,1,20,,83782,44,,,1,20,,83795,44,,,1,58,,83785,44,,,2,24,,83790,44,,,2,20,,83783,44,,,1,58,,83791,44,,,1,19,,83797,44,,,2,94,,83770,44,,,2,100,,83769,44,,,1,95,,83773,44,,,1,100,,83786,44,,,1
6601,'Semaine-12',557,,83807,44,,,2,60,,83800,44,,,1,18,,83809,44,,,1,21,,83815,44,,,2,60,,83810,44,,,2,21,,83801,44,,,1,63,,83813,44,,,2,19,,83806,44,,,1,18,,83822,44,,,1,21,,83799,44,,,1,59,,83812,44,,,1,18,,83823,44,,,1,20,,83831,44,,,1,102,,83811,44,,,1,100,,83803,44,,,1,100,,83827,44,,,1,100,,83828,44,,,1,100,,83814,44,,,2,62,,83802,44,,,1,19,,83819,44,,,2,19,,83816,44,,,1,64,,83829,44,,,1,22,,83798,44,,,1,59,,83824,44,,,1,20,,83817,44,,,1,20,,83830,44,,,1,58,,83820,44,,,2,24,,83825,44,,,2,20,,83818,44,,,1,58,,83826,44,,,1,19,,83832,44,,,2,94,,83805,44,,,2,100,,83804,44,,,1,95,,83808,44,,,1,100,,83821,44,,,1
6901,'Samedi-1',823,,84287,24,,,1,100,,84288,24,,,1,100,,84289,24,,,1,100,,84290,24,,,1,100,,84292,24,,,1,100,,84291,24,,,1,100,,84293,24,,,1,100,,84294,24,,,1,100,,84295,24,,,1,100,,84296,24,,,1,100,,84297,24,,,1,100,,84298,24,,,1,100,,84299,24,,,1,100,,84300,24,,,1,100,,84301,24,,,1
6901,'Samedi-10',823,,74415,24,,,1,100,,74416,24,,,1,100,,74417,24,,,1,100,,74418,24,,,1,100,,74420,24,,,1,100,,74419,24,,,1,100,,74421,24,,,1,100,,74422,24,,,1,100,,74423,24,,,1,100,,74424,24,,,1,100,,74425,24,,,1,100,,74426,24,,,1,100,,74427,24,,,1,100,,74428,24,,,1,100,,74429,24,,,1
6901,'Dimanche-1',823,,84306,24,,,1,100,,84307,24,,,1,100,,84308,24,,,1,100,,84309,24,,,1,100,,84302,24,,,1,100,,84305,24,,,1,100,,84303,24,,,1,100,,84304,24,,,1,100,,84312,24,,,1,100,,84313,24,,,1,100,,84310,24,,,1,100,,84311,24,,,1,100,,84314,24,,,1,100,,84315,24,,,1,100,,84316,24,,,1
6901,'Semaine-1',555,,84317,24,,,1,70,,84318,24,,,1,30,,84319,24,,,2,70,,84320,24,,,1,76,,84321,24,,,1,20,,84322,24,,,1,28,,84323,24,,,1,58,,84324,24,,,1,103,,84325,24,,,1,99,,84326,24,,,2,101,,84327,24,,,2,95,,84328,24,,,2,104,,84329,24,,,1,101,,84330,24,,,1,99,,84331,24,,,2,103,,84332,24,,,2,101,,84333,24,,,1,37,,84334,24,,,1,100,,84335,24,,,1,100,,84336,24,,,2,100,,84337,24,,,2,100,,84338,24,,,2
6901,'Semaine-12',555,,84339,24,,,1,70,,84340,24,,,1,30,,84341,24,,,2,70,,84342,24,,,1,76,,84343,24,,,1,20,,84344,24,,,1,28,,84345,24,,,1,58,,84346,24,,,1,103,,84347,24,,,1,99,,84348,24,,,2,101,,84349,24,,,2,95,,84350,24,,,2,104,,84351,24,,,1,101,,84352,24,,,1,99,,84353,24,,,2,103,,84354,24,,,2,101,,84355,24,,,1,37,,84356,24,,,1,100,,84357,24,,,1,100,,84358,24,,,2,100,,84359,24,,,2,100,,84360,24,,,2
56901,'Semaine-1',708,,86823,23,0,5 6,1
56901,'Semaine-12',708,,86824,23,0,5 6,1
