3400,'Samedi-1',813,,80773,60,4,,1,103,,80778,60,4,,1,30,,80774,60,4,,1,70,,80780,60,4,,1,30,,80781,60,4,,1,73,,80775,60,4,,1,30,,80776,60,4,,1,70,,80777,60,4,,1,30,,80779,60,4,,1,72,,80782,60,4,,1,30,,80784,60,4,,1,70,,80783,60,4,,1,30,,80785,60,4,,1,70,,80786,60,4,,1,30,,80787,60,4,,1,70,,80788,60,4,,1,30,,80789,60,4,,1,70,,80790,60,4,,1,30,,80791,60,4,,1,70,,80792,60,4,,1,30,,80793,60,4,,1,68,,80794,60,4,,1,27,,80795,60,4,,1,69,,80796,60,4,,1,31,,80797,60,4,,1,70,,80798,60,4,,1,30,,80799,60,4,,1,70,,80800,60,4,,1,30,,80801,60,4,,1,70,,80803,60,4,,1,30,,80802,60,4,,1,69,,80805,60,4,,1,30,,80804,60,4,,1,65,,80806,60,4,,1
3400,'Samedi-10',813,,67369,60,4,,1,103,,67374,60,4,,1,30,,67370,60,4,,1,70,,67376,60,4,,1,30,,67377,60,4,,1,73,,67371,60,4,,1,30,,67372,60,4,,1,70,,67373,60,4,,1,30,,67375,60,4,,1,72,,67378,60,4,,1,30,,67380,60,4,,1,70,,67379,60,4,,1,30,,67381,60,4,,1,70,,67382,60,4,,1,30,,67383,60,4,,1,70,,67384,60,4,,1,30,,67385,60,4,,1,70,,67386,60,4,,1,30,,67387,60,4,,1,70,,67388,60,4,,1,30,,67389,60,4,,1,68,,67390,60,4,,1,27,,67391,60,4,,1,69,,67392,60,4,,1,31,,67393,60,4,,1,70,,67394,60,4,,1,30,,67395,60,4,,1,70,,67396,60,4,,1,30,,67397,60,4,,1,70,,67399,60,4,,1,30,,67398,60,4,,1,69,,67401,60,4,,1,30,,67400,60,4,,1,65,,67402,60,4,,1
3400,'Dimanche-1',813,,80811,60,4,,1,103,,80831,60,4,,1,30,,80813,60,4,,1,70,,80817,60,4,,1,30,,80810,60,4,,1,73,,80818,60,4,,1,30,,80809,60,4,,1,70,,80808,60,4,,1,30,,80821,60,4,,1,72,,80812,60,4,,1,30,,80815,60,4,,1,70,,80814,60,4,,1,30,,80807,60,4,,1,70,,80823,60,4,,1,30,,80819,60,4,,1,70,,80820,60,4,,1,30,,80816,60,4,,1,70,,80827,60,4,,1,30,,80826,60,4,,1,70,,80824,60,4,,1,30,,80822,60,4,,1,68,,80825,60,4,,1,27,,80830,60,4,,1,69,,80828,60,4,,1,31,,80829,60,4,,1,70,,80832,60,4,,1,30,,80833,60,4,,1,70,,80834,60,4,,1,30,,80835,60,4,,1,70,,80836,60,4,,1,30,,80837,60,4,,1,69,,80839,60,4,,1,30,,80838,60,4,,1,65,,80840,60,4,,1
3400,'Semaine-1',655,,80871,60,4,,1,68,,80856,60,4,,1,34,,80850,60,4,,1,76,,80854,60,4,,1,70,,80845,60,4,,2,25,,80865,60,4,,1,30,,80851,60,4,,1,68,,80841,60,4,,1,30,,80846,60,4,,1,70,,80847,60,4,,1,30,,80852,60,4,,1,70,,80842,60,4,,1,31,,80872,60,4,,1,70,,80848,60,4,,1,30,,80853,60,4,,1,70,,80843,60,4,,1,75,,80869,60,4,,1,26,,80844,60,4,,1,25,,80870,60,4,,1,350,,80868,60,4,,1,20,,80857,60,4,,1,27,,80849,60,4,,1,70,,80861,60,4,,1,30,,80867,60,4,,1,71,,80858,60,4,,1,27,,80860,60,4,,1,70,,80862,60,4,,1,30,,80855,60,4,,1,70,,80864,60,4,,1,24,,80859,60,4,,1,69,,80863,60,4,,1,30,,80866,60,4,,1
3400,'Semaine-12',655,,80903,60,4,,1,68,,80888,60,4,,1,34,,80882,60,4,,1,76,,80886,60,4,,1,70,,80877,60,4,,2,25,,80897,60,4,,1,30,,80883,60,4,,1,68,,80873,60,4,,1,30,,80878,60,4,,1,70,,80879,60,4,,1,30,,80884,60,4,,1,70,,80874,60,4,,1,31,,80904,60,4,,1,70,,80880,60,4,,1,30,,80885,60,4,,1,70,,80875,60,4,,1,75,,80901,60,4,,1,26,,80876,60,4,,1,25,,80902,60,4,,1,350,,80900,60,4,,1,20,,80889,60,4,,1,27,,80881,60,4,,1,70,,80893,60,4,,1,30,,80899,60,4,,1,71,,80890,60,4,,1,27,,80892,60,4,,1,70,,80894,60,4,,1,30,,80887,60,4,,1,70,,80896,60,4,,1,24,,80891,60,4,,1,69,,80895,60,4,,1,30,,80898,60,4,,1
4100,'Semaine-1',1605,,81932,53,4,,1,32,,81934,53,4,,1,76,,81933,53,4,,2,23,,81931,53,4,,1,69,,81935,53,4,,1
4100,'Semaine-12',1605,,81937,53,4,,1,32,,81939,53,4,,1,76,,81938,53,4,,2,23,,81936,53,4,,1,69,,81940,53,4,,1
4901,'Samedi-1',759,,82116,59,4,,1,100,,82115,59,4,,1,100,,82117,59,4,,1,143,,82113,59,4,,1,100,,82118,59,4,,1,102,,82114,59,4,,1,101,,82119,59,4,,1,100,,82120,59,4,,1,100,,82121,59,4,,1,100,,82122,59,4,,1,100,,82123,59,4,,1,95,,82124,59,4,,1,100,,82125,59,4,,1,100,,82126,59,4,,1,100,,82127,59,4,,1,58,,82128,59,4,,1,100,,82129,59,4,,1
4901,'Samedi-10',759,,70061,59,4,,1,100,,70060,59,4,,1,100,,70062,59,4,,1,143,,70058,59,4,,1,100,,70063,59,4,,1,102,,70059,59,4,,1,101,,70064,59,4,,1,100,,70065,59,4,,1,100,,70066,59,4,,1,100,,70067,59,4,,1,100,,70068,59,4,,1,95,,70069,59,4,,1,100,,70070,59,4,,1,100,,70071,59,4,,1,100,,70072,59,4,,1,58,,70073,59,4,,1,100,,70074,59,4,,1
4901,'Dimanche-1',759,,82143,59,4,,1,100,,82132,59,4,,1,100,,82142,59,4,,1,143,,82135,59,4,,1,100,,82131,59,4,,1,102,,82130,59,4,,1,101,,82133,59,4,,1,100,,82134,59,4,,1,100,,82137,59,4,,1,100,,82136,59,4,,1,100,,82140,59,4,,1,95,,82139,59,4,,1,100,,82141,59,4,,1,100,,82138,59,4,,1,100,,82144,59,4,,1,58,,82145,59,4,,1,100,,82146,59,4,,1
4901,'Semaine-1',649,,82153,59,4,,1,87,,82158,59,4,,1,71,,82174,59,4,,1,32,,82170,59,4,,1,70,,82168,59,4,,1,25,,82178,59,4,,1,68,,82160,59,4,,1,30,,82176,59,4,,1,70,,82172,59,4,,1,31,,82147,59,4,,1,70,,82169,59,4,,1,30,,82148,59,4,,1,70,,82154,59,4,,1,30,,82156,59,4,,1,70,,82161,59,4,,1,29,,82177,59,4,,1,72,,82159,59,4,,1,34,,82179,59,4,,1,64,,82175,59,4,,1,12,,82162,59,4,,1,15,,82149,59,4,,1,15,,82165,59,4,,1,74,,82155,59,4,,1,22,,82157,59,4,,1,68,,82173,59,4,,1,26,,82167,59,4,,1,70,,82171,59,4,,1,54,,82150,59,4,,1,80,,82166,59,4,,1,101,,82164,59,4,,1,95,,82151,59,4,,1,100,,82163,59,4,,1,95,,82152,59,4,,1
4901,'Semaine-12',649,,82186,59,4,,1,87,,82191,59,4,,1,71,,82207,59,4,,1,32,,82203,59,4,,1,70,,82201,59,4,,1,25,,82211,59,4,,1,68,,82193,59,4,,1,30,,82209,59,4,,1,70,,82205,59,4,,1,31,,82180,59,4,,1,70,,82202,59,4,,1,30,,82181,59,4,,1,70,,82187,59,4,,1,30,,82189,59,4,,1,70,,82194,59,4,,1,29,,82210,59,4,,1,72,,82192,59,4,,1,34,,82212,59,4,,1,64,,82208,59,4,,1,12,,82195,59,4,,1,15,,82182,59,4,,1,15,,82198,59,4,,1,74,,82188,59,4,,1,22,,82190,59,4,,1,68,,82206,59,4,,1,26,,82200,59,4,,1,70,,82204,59,4,,1,54,,82183,59,4,,1,80,,82199,59,4,,1,101,,82197,59,4,,1,95,,82184,59,4,,1,100,,82196,59,4,,1,95,,82185,59,4,,1
5001,'Semaine-1',1656,,82225,41,4,,1,102,,82227,41,4,,1,93,,82226,41,4,,2
5001,'Semaine-12',1656,,82228,41,4,,1,102,,82230,41,4,,1,93,,82229,41,4,,2
5200,'Samedi-1',709,,82231,59,4,,1,100,,82232,59,4,,1,102,,82233,59,4,,1,97,,82234,59,4,,1,100,,82235,59,4,,1,105,,82236,59,4,,1,100,,82237,59,4,,1,100,,82238,59,4,,1,99,,82239,59,4,,1,101,,82240,59,4,,1,100,,82241,59,4,,1,101,,82242,59,4,,1,97,,82243,59,4,,1,100,,82246,59,4,,1,100,,82244,59,4,,1,96,,82245,59,4,,1,99,,82247,59,4,,1,100,,82248,59,4,,1
5200,'Samedi-10',709,,70287,59,4,,1,100,,70288,59,4,,1,102,,70289,59,4,,1,97,,70290,59,4,,1,100,,70291,59,4,,1,105,,70292,59,4,,1,100,,70293,59,4,,1,100,,70294,59,4,,1,99,,70295,59,4,,1,101,,70296,59,4,,1,100,,70297,59,4,,1,101,,70298,59,4,,1,97,,70299,59,4,,1,100,,70302,59,4,,1,100,,70300,59,4,,1,96,,70301,59,4,,1,99,,70303,59,4,,1,100,,70304,59,4,,1
5200,'Dimanche-1',709,,82250,59,4,,1,100,,82249,59,4,,1,102,,82251,59,4,,1,97,,82254,59,4,,1,100,,82252,59,4,,1,105,,82253,59,4,,1,100,,82257,59,4,,1,100,,82256,59,4,,1,99,,82258,59,4,,1,101,,82255,59,4,,1,100,,82259,59,4,,1,101,,82261,59,4,,1,97,,82262,59,4,,1,100,,82260,59,4,,1,100,,82263,59,4,,1,96,,82264,59,4,,1,99,,82265,59,4,,1,100,,82266,59,4,,1
5200,'Semaine-1',640,,82270,59,4,,1,101,,82272,59,4,,1,108,,82267,59,4,,1,94,,82283,59,4,,1,99,,82281,59,4,,1,101,,82268,59,4,,1,100,,82275,59,4,,1,99,,82274,59,4,,1,103,,82271,59,4,,1,102,,82269,59,4,,1,109,,82273,59,4,,1,98,,82284,59,4,,1,147,,82282,59,4,,1,100,,82276,59,4,,1,41,,82280,59,4,,1,100,,82279,59,4,,1,98,,82277,59,4,,1,99,,82278,59,4,,1
5200,'Semaine-12',640,,82288,59,4,,1,101,,82290,59,4,,1,108,,82285,59,4,,1,94,,82301,59,4,,1,99,,82299,59,4,,1,101,,82286,59,4,,1,100,,82293,59,4,,1,99,,82292,59,4,,1,103,,82289,59,4,,1,102,,82287,59,4,,1,109,,82291,59,4,,1,98,,82302,59,4,,1,147,,82300,59,4,,1,100,,82294,59,4,,1,41,,82298,59,4,,1,100,,82297,59,4,,1,98,,82295,59,4,,1,99,,82296,59,4,,1
5500,'Samedi-1',735,,82390,62,4,,1,70,,82387,62,4,,1,30,,82388,62,4,,1,70,,82391,62,4,,1,30,,82389,62,4,,1,71,,82396,62,4,,1,33,,82393,62,4,,1,70,,82394,62,4,,1,26,,82399,62,4,,1,76,,82398,62,4,,1,30,,82392,62,4,,1,70,,82395,62,4,,1,30,,82397,62,4,,1,70,,82400,62,4,,1,30,,82401,62,4,,1,70,,82402,62,4,,1,30,,82403,62,4,,1,70,,82404,62,4,,1,30,,82405,62,4,,1,72,,82406,62,4,,1,30,,82407,62,4,,1,70,,82408,62,4,,1,30,,82409,62,4,,1,70,,82410,62,4,,1,27,,82412,62,4,,1,67,,82411,62,4,,1,33,,82413,62,4,,1,70,,82415,62,4,,1,29,,82414,62,4,,1,69,,82416,62,4,,1,28,,82417,62,4,,1,70,,82420,62,4,,1,30,,82422,62,4,,1,70,,82419,62,4,,1,29,,82418,62,4,,1,67,,82421,62,4,,1
5500,'Samedi-10',735,,70650,62,4,,1,70,,70647,62,4,,1,30,,70648,62,4,,1,70,,70651,62,4,,1,30,,70649,62,4,,1,71,,70656,62,4,,1,33,,70653,62,4,,1,70,,70654,62,4,,1,26,,70659,62,4,,1,76,,70658,62,4,,1,30,,70652,62,4,,1,70,,70655,62,4,,1,30,,70657,62,4,,1,70,,70660,62,4,,1,30,,70661,62,4,,1,70,,70662,62,4,,1,30,,70663,62,4,,1,70,,70664,62,4,,1,30,,70665,62,4,,1,72,,70666,62,4,,1,30,,70667,62,4,,1,70,,70668,62,4,,1,30,,70669,62,4,,1,70,,70670,62,4,,1,27,,70672,62,4,,1,67,,70671,62,4,,1,33,,70673,62,4,,1,70,,70675,62,4,,1,29,,70674,62,4,,1,69,,70676,62,4,,1,28,,70677,62,4,,1,70,,70680,62,4,,1,30,,70682,62,4,,1,70,,70679,62,4,,1,29,,70678,62,4,,1,67,,70681,62,4,,1
5500,'Dimanche-1',735,,82427,62,4,,1,70,,82432,62,4,,1,30,,82424,62,4,,1,70,,82429,62,4,,1,30,,82426,62,4,,1,71,,82423,62,4,,1,33,,82434,62,4,,1,70,,82428,62,4,,1,26,,82425,62,4,,1,76,,82437,62,4,,1,30,,82433,62,4,,1,70,,82438,62,4,,1,30,,82431,62,4,,1,70,,82430,62,4,,1,30,,82436,62,4,,1,70,,82441,62,4,,1,30,,82435,62,4,,1,70,,82440,62,4,,1,30,,82443,62,4,,1,72,,82447,62,4,,1,30,,82442,62,4,,1,70,,82448,62,4,,1,30,,82439,62,4,,1,70,,82445,62,4,,1,27,,82446,62,4,,1,67,,82449,62,4,,1,33,,82444,62,4,,1,70,,82450,62,4,,1,29,,82452,62,4,,1,69,,82451,62,4,,1,28,,82453,62,4,,1,70,,82455,62,4,,1,30,,82456,62,4,,1,70,,82454,62,4,,1,29,,82457,62,4,,1,67,,82458,62,4,,1
5500,'Semaine-1',710,,82461,62,4,,1,106,,82477,62,4,,1,29,,82460,62,4,,1,94,,82496,62,4,,1,68,,82497,62,4,,1,30,,82466,62,4,,1,70,,82476,62,4,,1,30,,82480,62,4,,1,73,,82502,62,4,,1,30,,82462,62,4,,1,70,,82501,62,4,,1,30,,82479,62,4,,1,70,,82494,62,4,,1,30,,82488,62,4,,1,67,,82495,62,4,,1,16,,82481,62,4,,1,14,,82459,62,4,,1,17,,82500,62,4,,1,58,,82470,62,4,,1,15,,82503,62,4,,1,13,,82491,62,4,,1,10,,82463,62,4,,1,53,,82474,62,4,,1,18,,82506,62,4,,1,9,,82499,62,4,,1,11,,82465,62,4,,1,11,,82482,62,4,,1,50,,82475,62,4,,1,11,,82504,62,4,,1,10,,82489,62,4,,1,6,,82469,62,4,,1,12,,82464,62,4,,1,10,,82505,62,4,,1,51,,82473,62,4,,1,12,,82468,62,4,,1,10,,82478,62,4,,1,30,,82493,62,4,,1,68,,82498,62,4,,1,30,,82485,62,4,,1,70,,82471,62,4,,1,30,,82492,62,4,,1,67,,82483,62,4,,1,27,,82486,62,4,,1,70,,82472,62,4,,1,30,,82487,62,4,,1,67,,82484,62,4,,1,29,,82467,62,4,,1,70,,82490,62,4,,1
5500,'Semaine-12',710,,82509,62,4,,1,106,,82525,62,4,,1,29,,82508,62,4,,1,94,,82544,62,4,,1,68,,82545,62,4,,1,30,,82514,62,4,,1,70,,82524,62,4,,1,30,,82528,62,4,,1,73,,82550,62,4,,1,30,,82510,62,4,,1,70,,82549,62,4,,1,30,,82527,62,4,,1,70,,82542,62,4,,1,30,,82536,62,4,,1,67,,82543,62,4,,1,16,,82529,62,4,,1,14,,82507,62,4,,1,17,,82548,62,4,,1,58,,82518,62,4,,1,15,,82551,62,4,,1,13,,82539,62,4,,1,10,,82511,62,4,,1,53,,82522,62,4,,1,18,,82554,62,4,,1,9,,82547,62,4,,1,11,,82513,62,4,,1,11,,82530,62,4,,1,50,,82523,62,4,,1,11,,82552,62,4,,1,10,,82537,62,4,,1,6,,82517,62,4,,1,12,,82512,62,4,,1,10,,82553,62,4,,1,51,,82521,62,4,,1,12,,82516,62,4,,1,10,,82526,62,4,,1,30,,82541,62,4,,1,68,,82546,62,4,,1,30,,82533,62,4,,1,70,,82519,62,4,,1,30,,82540,62,4,,1,67,,82531,62,4,,1,27,,82534,62,4,,1,70,,82520,62,4,,1,30,,82535,62,4,,1,67,,82532,62,4,,1,29,,82515,62,4,,1,70,,82538,62,4,,1
5800,'Semaine-1',848,,82749,36,4,,1,397,,82750,36,4,,1,303,,82752,36,4,,1,71,,82747,36,4,,1,31,,82748,36,4,,1,69,,82751,36,4,,1,29,,82746,36,4,,2,68,,82745,36,4,,1
5800,'Semaine-12',848,,82757,36,4,,1,397,,82758,36,4,,1,303,,82760,36,4,,1,71,,82755,36,4,,1,31,,82756,36,4,,1,69,,82759,36,4,,1,29,,82754,36,4,,2,68,,82753,36,4,,1
5900,'Samedi-1',742,,82779,48,4,,1,70,,82782,48,4,,1,30,,82775,48,4,,1,70,,82781,48,4,,1,30,,82778,48,4,,1,70,,82783,48,4,,1,30,,82787,48,4,,1,70,,82788,48,4,,1,30,,82777,48,4,,1,70,,82776,48,4,,1,31,,82786,48,4,,1,71,,82780,48,4,,1,30,,82784,48,4,,1,71,,82789,48,4,,1,30,,82785,48,4,,1,70,,82790,48,4,,1,30,,82791,48,4,,1,69,,82792,48,4,,1,30,,82793,48,4,,1,74,,82794,48,4,,1,27,,82795,48,4,,1,70,,82796,48,4,,1,29,,82797,48,4,,1,70,,82798,48,4,,1,30,,82799,48,4,,1,68,,82801,48,4,,1,30,,82800,48,4,,1,70,,82803,48,4,,1,30,,82802,48,4,,1,68,,82804,48,4,,1,30,,82805,48,4,,1,70,,82807,48,4,,1,30,,82806,48,4,,1,70,,82808,48,4,,1
5900,'Samedi-10',742,,71438,48,4,,1,70,,71441,48,4,,1,30,,71434,48,4,,1,70,,71440,48,4,,1,30,,71437,48,4,,1,70,,71442,48,4,,1,30,,71446,48,4,,1,70,,71447,48,4,,1,30,,71436,48,4,,1,70,,71435,48,4,,1,31,,71445,48,4,,1,71,,71439,48,4,,1,30,,71443,48,4,,1,71,,71448,48,4,,1,30,,71444,48,4,,1,70,,71449,48,4,,1,30,,71450,48,4,,1,69,,71451,48,4,,1,30,,71452,48,4,,1,74,,71453,48,4,,1,27,,71454,48,4,,1,70,,71455,48,4,,1,29,,71456,48,4,,1,70,,71457,48,4,,1,30,,71458,48,4,,1,68,,71460,48,4,,1,30,,71459,48,4,,1,70,,71462,48,4,,1,30,,71461,48,4,,1,68,,71463,48,4,,1,30,,71464,48,4,,1,70,,71466,48,4,,1,30,,71465,48,4,,1,70,,71467,48,4,,1
5900,'Dimanche-1',742,,82814,48,4,,1,70,,82813,48,4,,1,30,,82809,48,4,,1,70,,82818,48,4,,1,30,,82824,48,4,,1,70,,82815,48,4,,1,30,,82822,48,4,,1,70,,82817,48,4,,1,30,,82823,48,4,,1,70,,82810,48,4,,1,31,,82821,48,4,,1,71,,82811,48,4,,1,30,,82819,48,4,,1,71,,82825,48,4,,1,30,,82812,48,4,,1,70,,82816,48,4,,1,30,,82820,48,4,,1,69,,82829,48,4,,1,30,,82830,48,4,,1,74,,82827,48,4,,1,27,,82832,48,4,,1,70,,82828,48,4,,1,29,,82834,48,4,,1,70,,82826,48,4,,1,30,,82831,48,4,,1,68,,82835,48,4,,1,30,,82833,48,4,,1,70,,82836,48,4,,1,30,,82837,48,4,,1,68,,82838,48,4,,1,30,,82839,48,4,,1,70,,82841,48,4,,1,30,,82840,48,4,,1,70,,82842,48,4,,1
5900,'Semaine-1',626,,82850,48,4,,1,98,,82885,48,4,,1,90,,82890,48,4,,1,88,,82866,48,4,,1,40,,82862,48,4,,1,68,,82883,48,4,,1,30,,82859,48,4,,1,71,,82882,48,4,,1,30,,82873,48,4,,1,70,,82867,48,4,,1,33,,82875,48,4,,1,70,,82858,48,4,,1,30,,82886,48,4,,1,70,,82849,48,4,,1,31,,82880,48,4,,1,14,,82851,48,4,,1,58,,82884,48,4,,1,33,,82844,48,4,,1,54,,82888,48,4,,1,15,,82843,48,4,,1,8,,82878,48,4,,1,17,,82874,48,4,,1,7,,82887,43,4,,1,6,,82861,48,4,,1,53,,82845,48,4,,1,6,,82889,43,4,,1,6,,82846,48,4,,1,12,,82854,48,4,,1,8,,82881,48,4,,1,12,,82870,48,4,,1,51,,82857,48,4,,1,9,,82879,48,4,,1,10,,82865,48,4,,1,11,,82877,48,4,,1,9,,82847,48,4,,1,11,,82852,48,4,,1,70,,82872,48,4,,1,30,,82863,48,4,,1,70,,82868,48,4,,1,30,,82856,48,4,,1,70,,82864,48,4,,1,30,,82869,48,4,,1,66,,82876,48,4,,1,30,,82853,48,4,,1,70,,82871,48,4,,1,28,,82860,48,4,,1,70,,82848,48,4,,1,28,,82855,48,4,,1
5900,'Semaine-12',626,,82898,48,4,,1,98,,82933,48,4,,1,90,,82938,48,4,,1,88,,82914,48,4,,1,40,,82910,48,4,,1,68,,82931,48,4,,1,30,,82907,48,4,,1,71,,82930,48,4,,1,30,,82921,48,4,,1,70,,82915,48,4,,1,33,,82923,48,4,,1,70,,82906,48,4,,1,30,,82934,48,4,,1,70,,82897,48,4,,1,31,,82928,48,4,,1,14,,82899,48,4,,1,58,,82932,48,4,,1,33,,82892,48,4,,1,54,,82936,48,4,,1,15,,82891,48,4,,1,8,,82926,48,4,,1,17,,82922,48,4,,1,7,,82935,43,4,,1,6,,82909,48,4,,1,53,,82893,48,4,,1,6,,82937,43,4,,1,6,,82894,48,4,,1,12,,82902,48,4,,1,8,,82929,48,4,,1,12,,82918,48,4,,1,51,,82905,48,4,,1,9,,82927,48,4,,1,10,,82913,48,4,,1,11,,82925,48,4,,1,9,,82895,48,4,,1,11,,82900,48,4,,1,70,,82920,48,4,,1,30,,82911,48,4,,1,70,,82916,48,4,,1,30,,82904,48,4,,1,70,,82912,48,4,,1,30,,82917,48,4,,1,66,,82924,48,4,,1,30,,82901,48,4,,1,70,,82919,48,4,,1,28,,82908,48,4,,1,70,,82896,48,4,,1,28,,82903,48,4,,1
55001,'Semaine-1',1602,,86805,39,4,,1
55001,'Semaine-12',1602,,86808,39,4,,1
64000,'Semaine-1',1518,,86839,20,4,,2
64000,'Semaine-12',1518,,86842,20,4,,2
74000,'Semaine-1',1705,,86880,56,4,,1
74000,'Semaine-12',1705,,86882,56,4,,1
80001,'Samedi-1',654,,87007,56,4,,1,101,,87009,56,4,,1,102,,87010,56,4,,1,100,,87013,56,4,,1,102,,87008,56,4,,1,100,,87011,56,4,,1,142,,87014,56,4,,1,101,,87012,56,4,,1,100,,87015,56,4,,1,100,,87016,56,4,,1,100,,87017,56,4,,2,102,,87018,56,4,,1,96,,87021,56,4,,1,58,,87019,56,4,,1,100,,87020,56,4,,1,100,,87022,56,4,,1,97,,87023,56,4,,1
80001,'Samedi-10',654,,79670,56,4,,1,101,,79672,56,4,,1,102,,79673,56,4,,1,100,,79676,56,4,,1,102,,79671,56,4,,1,100,,79674,56,4,,1,142,,79677,56,4,,1,101,,79675,56,4,,1,100,,79678,56,4,,1,100,,79679,56,4,,1,100,,79680,56,4,,2,102,,79681,56,4,,1,96,,79684,56,4,,1,58,,79682,56,4,,1,100,,79683,56,4,,1,100,,79685,56,4,,1,97,,79686,56,4,,1
80001,'Dimanche-1',654,,87024,56,4,,1,101,,87026,56,4,,1,102,,87028,56,4,,1,100,,87025,56,4,,1,102,,87027,56,4,,1,100,,87029,56,4,,1,142,,87030,56,4,,1,101,,87031,56,4,,1,100,,87034,56,4,,1,100,,87032,56,4,,1,100,,87033,56,4,,2,102,,87036,56,4,,1,96,,87037,56,4,,1,58,,87035,56,4,,1,100,,87038,56,4,,1,100,,87039,56,4,,1,97,,87040,56,4,,1
80001,'Semaine-1',649,,87062,56,4,,1,68,,87055,56,4,,1,39,,87063,56,4,,1,67,,87047,56,4,,1,30,,87045,56,4,,1,68,,87052,56,4,,1,27,,87058,56,4,,1,70,,87070,56,4,,1,30,,87061,56,4,,2,70,,87053,56,4,,1,30,,87067,56,4,,1,70,,87041,56,4,,1,30,,87075,56,4,,1,70,,87073,56,4,,1,34,,87043,56,4,,1,70,,87066,56,4,,1,30,,87057,56,4,,1,70,,87064,56,4,,1,36,,87074,56,4,,1,69,,87059,56,4,,1,17,,87069,56,4,,1,62,,87071,56,4,,1,24,,87068,56,4,,1,27,,87060,56,4,,1,70,,87050,56,4,,1,25,,87048,56,4,,1,67,,87042,56,4,,1,29,,87072,56,4,,1,71,,87054,56,4,,1,27,,87051,56,4,,1,70,,87056,56,4,,1,29,,87044,56,4,,1,70,,87065,56,4,,1,30,,87046,56,4,,1,70,,87049,56,4,,1
80001,'Semaine-12',649,,87097,56,4,,1,68,,87090,56,4,,1,39,,87098,56,4,,1,67,,87082,56,4,,1,30,,87080,56,4,,1,68,,87087,56,4,,1,27,,87093,56,4,,1,70,,87105,56,4,,1,30,,87096,56,4,,2,70,,87088,56,4,,1,30,,87102,56,4,,1,70,,87076,56,4,,1,30,,87110,56,4,,1,70,,87108,56,4,,1,34,,87078,56,4,,1,70,,87101,56,4,,1,30,,87092,56,4,,1,70,,87099,56,4,,1,36,,87109,56,4,,1,69,,87094,56,4,,1,17,,87104,56,4,,1,62,,87106,56,4,,1,24,,87103,56,4,,1,27,,87095,56,4,,1,70,,87085,56,4,,1,25,,87083,56,4,,1,67,,87077,56,4,,1,29,,87107,56,4,,1,71,,87089,56,4,,1,27,,87086,56,4,,1,70,,87091,56,4,,1,29,,87079,56,4,,1,70,,87100,56,4,,1,30,,87081,56,4,,1,70,,87084,56,4,,1
