2801,'Semaine-1',654,,80062,26,,,1,74,,80063,26,,,2,99,,80061,26,,,2
2801,'Semaine-12',654,,80065,26,,,1,74,,80066,26,,,2,99,,80064,26,,,2
2901,'Semaine-1',711,,80077,2,,,2,30,,80080,2,,,1,69,,80078,2,,,1,33,,80079,2,,,2
2901,'Semaine-12',711,,80081,2,,,2,30,,80084,2,,,1,69,,80082,2,,,1,33,,80083,2,,,2
3401,'Samedi-1',706,,80905,35,,,1,100,,80908,35,,,1,30,,80917,35,,,1,70,,80906,35,,,1,32,,80911,35,,,1,70,,80913,35,,,1,29,,80907,35,,,1,70,,80916,35,,,1,32,,80909,35,,,1,69,,80918,35,,,1,31,,80910,35,,,1,70,,80912,35,,,1,30,,80914,35,,,1,70,,80915,35,,,1,30,,80919,35,,,1,72,,80920,35,,,1,30,,80921,35,,,1,70,,80922,35,,,1,30,,80923,35,,,1,67,,80924,35,,,1,30,,80925,35,,,1,70,,80926,35,,,1,30,,80927,35,,,1,70,,80929,35,,,1,28,,80928,35,,,1,70,,80930,35,,,1,30,,80931,35,,,1,70,,80932,35,,,1,30,,80934,35,,,1,70,,80933,35,,,1,30,,80935,35,,,1,96,,80936,35,,,1
3401,'Samedi-10',706,,67667,35,,,1,100,,67670,35,,,1,30,,67679,35,,,1,70,,67668,35,,,1,32,,67673,35,,,1,70,,67675,35,,,1,29,,67669,35,,,1,70,,67678,35,,,1,32,,67671,35,,,1,69,,67680,35,,,1,31,,67672,35,,,1,70,,67674,35,,,1,30,,67676,35,,,1,70,,67677,35,,,1,30,,67681,35,,,1,72,,67682,35,,,1,30,,67683,35,,,1,70,,67684,35,,,1,30,,67685,35,,,1,67,,67686,35,,,1,30,,67687,35,,,1,70,,67688,35,,,1,30,,67689,35,,,1,70,,67691,35,,,1,28,,67690,35,,,1,70,,67692,35,,,1,30,,67693,35,,,1,70,,67694,35,,,1,30,,67696,35,,,1,70,,67695,35,,,1,30,,67697,35,,,1,96,,67698,35,,,1
3401,'Dimanche-1',706,,80937,35,,,1,100,,80945,35,,,1,30,,80950,35,,,1,70,,80942,35,,,1,32,,80940,35,,,1,70,,80963,35,,,1,29,,80944,35,,,1,70,,80949,35,,,1,32,,80939,35,,,1,69,,80938,35,,,1,31,,80941,35,,,1,70,,80948,35,,,1,30,,80951,35,,,1,70,,80943,35,,,1,30,,80947,35,,,1,72,,80946,35,,,1,30,,80952,35,,,1,70,,80956,35,,,1,30,,80953,35,,,1,67,,80954,35,,,1,30,,80955,35,,,1,70,,80962,35,,,1,30,,80957,35,,,1,70,,80960,35,,,1,28,,80958,35,,,1,70,,80959,35,,,1,30,,80961,35,,,1,70,,80964,35,,,1,30,,80966,35,,,1,70,,80965,35,,,1,30,,80967,35,,,1,96,,80968,35,,,1
3401,'Semaine-1',912,,80994,35,,,1,31,,80974,35,,,2,70,,80978,35,,,1,30,,80998,35,,,1,70,,80971,35,,,1,30,,80975,35,,,1,70,,80979,35,,,1,30,,80969,35,,,1,70,,80972,35,,,1,30,,80976,35,,,1,69,,80980,35,,,2,31,,80973,35,,,1,70,,80995,35,,,1,31,,80970,35,,,1,75,,80996,35,,,1,27,,80997,35,,,1,70,,80991,35,,,1,27,,80987,35,,,1,70,,80977,35,,,1,29,,80984,35,,,1,70,,80993,35,,,1,30,,80981,35,,,1,70,,80983,35,,,1,30,,80985,35,,,1,70,,80989,35,,,2,30,,80982,35,,,1,70,,80988,35,,,1,29,,80986,35,,,1,70,,80990,35,,,1,30,,80992,35,,,1
3401,'Semaine-12',912,,81024,35,,,1,31,,81004,35,,,2,70,,81008,35,,,1,30,,81028,35,,,1,70,,81001,35,,,1,30,,81005,35,,,1,70,,81009,35,,,1,30,,80999,35,,,1,70,,81002,35,,,1,30,,81006,35,,,1,69,,81010,35,,,2,31,,81003,35,,,1,70,,81025,35,,,1,31,,81000,35,,,1,75,,81026,35,,,1,27,,81027,35,,,1,70,,81021,35,,,1,27,,81017,35,,,1,70,,81007,35,,,1,29,,81014,35,,,1,70,,81023,35,,,1,30,,81011,35,,,1,70,,81013,35,,,1,30,,81015,35,,,1,70,,81019,35,,,2,30,,81012,35,,,1,70,,81018,35,,,1,29,,81016,35,,,1,70,,81020,35,,,1,30,,81022,35,,,1
5601,'Semaine-1',1219,,82735,9,,,1,102,,82732,9,,,1,100,,82731,9,,,1,101,,82734,9,,,2,104,,82733,9,,,1,97,,82736,9,,,1,97,,82737,9,,,1
5601,'Semaine-12',1219,,82742,9,,,1,102,,82739,9,,,1,100,,82738,9,,,1,101,,82741,9,,,2,104,,82740,9,,,1,97,,82743,9,,,1,97,,82744,9,,,1
32901,'Semaine-1',1644,,85909,28,0,7 8,1
32901,'Semaine-12',1644,,85910,28,0,7 8,1
42901,'Semaine-1',1507,,86769,10,0,9 14,1
42901,'Semaine-12',1507,,86770,10,0,9 14,1
55401,'Semaine-1',1527,,86814,7,0,5 6,1
55401,'Semaine-12',1527,,86816,7,0,5 6,1
72901,'Semaine-1',813,,86875,14,0,5 11,2
72901,'Semaine-12',813,,86876,14,0,5 11,2
82901,'Semaine-1',747,,87138,2,0,9 12 13,1,1,,87139,2,0,9 12 13,1,1,,87140,2,0,9 12 13,2
82901,'Semaine-12',747,,87141,2,0,9 12 13,1,1,,87142,2,0,9 12 13,1,1,,87143,2,0,9 12 13,2
