6401,'Samedi-1',724,,83372,15,,,1,100,,83369,15,,,1,100,,83371,15,,,1,100,,83374,15,,,1,100,,83370,15,,,1,100,,83375,15,,,1,100,,83373,15,,,1,100,,83376,15,,,1,100,,83377,15,,,1,100,,83378,15,,,1,100,,83379,15,,,1
6401,'Samedi-10',724,,72587,15,,,1,100,,72584,15,,,1,100,,72586,15,,,1,100,,72589,15,,,1,100,,72585,15,,,1,100,,72590,15,,,1,100,,72588,15,,,1,100,,72591,15,,,1,100,,72592,15,,,1,100,,72593,15,,,1,100,,72594,15,,,1
6401,'Dimanche-1',724,,83384,15,,,1,100,,83381,15,,,1,100,,83387,15,,,1,100,,83388,15,,,1,100,,83385,15,,,1,100,,83380,15,,,1,100,,83382,15,,,1,100,,83383,15,,,1,100,,83389,15,,,1,100,,83386,15,,,1,100,,83390,15,,,1
6401,'Semaine-1',524,,83391,15,,,2,108,,83401,15,,,2,100,,83403,15,,,1,100,,83400,15,,,1,94,,83408,15,,,1,100,,83395,15,,,1,100,,83394,15,,,1,100,,83406,15,,,1,100,,83402,15,,,2,99,,83404,15,,,1,100,,83405,15,,,1,102,,83396,15,,,1,98,,83392,15,,,1,100,,83393,15,,,1,99,,83399,15,,,1,100,,83397,15,,,1,100,,83398,15,,,1,100,,83407,15,,,1
6401,'Semaine-12',524,,83409,15,,,2,108,,83419,15,,,2,100,,83421,15,,,1,100,,83418,15,,,1,94,,83426,15,,,1,100,,83413,15,,,1,100,,83412,15,,,1,100,,83424,15,,,1,100,,83420,15,,,2,99,,83422,15,,,1,100,,83423,15,,,1,102,,83414,15,,,1,98,,83410,15,,,1,100,,83411,15,,,1,99,,83417,15,,,1,100,,83415,15,,,1,100,,83416,15,,,1,100,,83425,15,,,1
32501,'Semaine-1',847,,85899,45,0,7 8,1,3,,85900,45,0,7 8,1
32501,'Semaine-12',847,,85901,45,0,7 8,1,3,,85902,45,0,7 8,1
32601,'Semaine-1',843,,85905,42,0,7 8,1
32601,'Semaine-12',843,,85906,42,0,7 8,1
32900,'Semaine-1',848,,85907,45,0,7 8,1
32900,'Semaine-12',848,,85908,45,0,7 8,1
33100,'Semaine-1',843,,85911,41,0,7 8,1
33100,'Semaine-12',843,,85912,41,0,7 8,1
56600,'Semaine-1',1542,,86817,29,0,5 6,1
56600,'Semaine-12',1542,,86818,29,0,5 6,1
