6500,'Samedi-1',700,,83428,22,,,1,100,,83431,22,,,1,100,,83427,22,,,1,100,,83430,22,,,1,100,,83434,22,,,1,100,,83429,22,,,1,100,,83432,22,,,1,100,,83433,22,,,1,100,,83435,22,,,1,100,,83436,22,,,1,100,,83437,22,,,1,100,,83438,22,,,1,100,,83439,22,,,1,100,,83440,22,,,1,100,,83441,22,,,1,100,,83442,22,,,1,100,,83443,22,,,1
6500,'Samedi-10',700,,72711,22,,,1,100,,72714,22,,,1,100,,72710,22,,,1,100,,72713,22,,,1,100,,72717,22,,,1,100,,72712,22,,,1,100,,72715,22,,,1,100,,72716,22,,,1,100,,72718,22,,,1,100,,72719,22,,,1,100,,72720,22,,,1,100,,72721,22,,,1,100,,72722,22,,,1,100,,72723,22,,,1,100,,72724,22,,,1,100,,72725,22,,,1,100,,72726,22,,,1
6500,'Dimanche-1',700,,83447,22,,,1,100,,83450,22,,,1,100,,83445,22,,,1,100,,83446,22,,,1,100,,83453,22,,,1,100,,83451,22,,,1,100,,83444,22,,,1,100,,83448,22,,,1,100,,83449,22,,,1,100,,83454,22,,,1,100,,83452,22,,,1,100,,83456,22,,,1,100,,83457,22,,,1,100,,83455,22,,,1,100,,83458,22,,,1,100,,83459,22,,,1,100,,83460,22,,,1
6500,'Semaine-1',525,,83475,22,,,1,30,,83471,22,,,1,70,,83462,22,,,1,20,,83488,22,,,1,60,,83461,22,,,1,18,,83465,22,,,1,23,,83487,22,,,1,62,,83493,22,,,1,17,,83470,22,,,2,21,,83469,22,,,2,59,,83463,22,,,1,20,,83466,22,,,1,30,,83468,22,,,1,100,,83464,22,,,1,100,,83467,22,,,1,101,,83495,22,,,1,100,,83480,22,,,1,100,,83494,22,,,1,68,,83481,22,,,1,19,,83479,22,,,1,64,,83478,22,,,1,19,,83485,22,,,2,18,,83483,22,,,1,62,,83477,22,,,1,20,,83482,22,,,2,19,,83476,22,,,2,61,,83473,22,,,1,17,,83491,22,,,2,20,,83472,22,,,2,70,,83492,22,,,2,30,,83490,22,,,1,100,,83484,22,,,1,100,,83474,22,,,1,100,,83486,22,,,1,100,,83489,22,,,1
6500,'Semaine-12',525,,83510,22,,,1,30,,83506,22,,,1,70,,83497,22,,,1,20,,83523,22,,,1,60,,83496,22,,,1,18,,83500,22,,,1,23,,83522,22,,,1,62,,83528,22,,,1,17,,83505,22,,,2,21,,83504,22,,,2,59,,83498,22,,,1,20,,83501,22,,,1,30,,83503,22,,,1,100,,83499,22,,,1,100,,83502,22,,,1,101,,83530,22,,,1,100,,83515,22,,,1,100,,83529,22,,,1,68,,83516,22,,,1,19,,83514,22,,,1,64,,83513,22,,,1,19,,83520,22,,,2,18,,83518,22,,,1,62,,83512,22,,,1,20,,83517,22,,,2,19,,83511,22,,,2,61,,83508,22,,,1,17,,83526,22,,,2,20,,83507,22,,,2,70,,83527,22,,,2,30,,83525,22,,,1,100,,83519,22,,,1,100,,83509,22,,,1,100,,83521,22,,,1,100,,83524,22,,,1
7601,'Samedi-1',716,,85083,17,,,1,100,,85086,17,,,1,100,,85085,17,,,1,100,,85089,17,,,1,100,,85088,17,,,1,100,,85087,17,,,1,100,,85084,17,,,1,100,,85090,17,,,1,100,,85091,17,,,1,100,,85092,17,,,1,100,,85093,17,,,1,100,,85094,17,,,1,100,,85095,17,,,1,100,,85096,17,,,1,100,,85097,17,,,1,100,,85098,17,,,1
7601,'Samedi-10',716,,75949,17,,,1,100,,75952,17,,,1,100,,75951,17,,,1,100,,75955,17,,,1,100,,75954,17,,,1,100,,75953,17,,,1,100,,75950,17,,,1,100,,75956,17,,,1,100,,75957,17,,,1,100,,75958,17,,,1,100,,75959,17,,,1,100,,75960,17,,,1,100,,75961,17,,,1,100,,75962,17,,,1,100,,75963,17,,,1,100,,75964,17,,,1
7601,'Dimanche-1',715,,85101,17,,,1,100,,85102,17,,,1,100,,85100,17,,,1,100,,85104,17,,,1,100,,85099,17,,,1,100,,85105,17,,,1,100,,85103,17,,,1,100,,85106,17,,,1,100,,85107,17,,,1,100,,85112,17,,,1,100,,85108,17,,,1,100,,85110,17,,,1,100,,85109,17,,,1,100,,85111,17,,,1,100,,85113,17,,,1,100,,85114,17,,,1
7601,'Semaine-1',634,,85115,17,,,1,18,,85119,17,,,2,59,,85116,17,,,1,22,,85117,17,,,1,16,,85118,17,,,2,61,,85120,17,,,1,22,,85121,17,,,1,70,,85123,17,,,2,30,,85122,17,,,1,70,,85124,17,,,2,30,,85125,17,,,1,70,,85126,17,,,1,30,,85132,17,,,1,70,,85127,17,,,1,30,,85128,17,,,1,70,,85134,17,,,2,30,,85133,17,,,1,69,,85129,17,,,1,30,,85130,17,,,1,28,,85135,17,,,1,73,,85136,17,,,1,25,,85137,17,,,1,72,,85138,17,,,1,26,,85131,17,,,1,65,,85139,17,,,1,25,,85140,17,,,1,65,,85141,17,,,1,29,,85142,17,,,1,83,,85145,17,,,1,102,,85143,17,,,2,100,,85144,17,,,2,100,,85146,17,,,2
7601,'Semaine-12',634,,85147,17,,,1,18,,85151,17,,,2,59,,85148,17,,,1,22,,85149,17,,,1,16,,85150,17,,,2,61,,85152,17,,,1,22,,85153,17,,,1,70,,85155,17,,,2,30,,85154,17,,,1,70,,85156,17,,,2,30,,85157,17,,,1,70,,85158,17,,,1,30,,85164,17,,,1,70,,85159,17,,,1,30,,85160,17,,,1,70,,85166,17,,,2,30,,85165,17,,,1,69,,85161,17,,,1,30,,85162,17,,,1,28,,85167,17,,,1,73,,85168,17,,,1,25,,85169,17,,,1,72,,85170,17,,,1,26,,85163,17,,,1,65,,85171,17,,,1,25,,85172,17,,,1,65,,85173,17,,,1,29,,85174,17,,,1,83,,85177,17,,,1,102,,85175,17,,,2,100,,85176,17,,,2,100,,85178,17,,,2
57601,'Semaine-1',712,,86831,17,0,5 6,1
57601,'Semaine-12',712,,86832,17,0,5 6,1
