2301,'Semaine-1',631,,79986,22,,,1,70,,79983,22,,,2,32,,79987,22,,,1,75,,79985,22,,,2,26,,79984,22,,,1
2301,'Semaine-12',631,,79991,22,,,1,70,,79988,22,,,2,32,,79992,22,,,1,75,,79990,22,,,2,26,,79989,22,,,1
2501,'Semaine-1',615,,80009,29,,,2,29,,80008,29,,,1,72,,80006,29,,,1,35,,80007,29,,,2,70,,80010,29,,,1,29,,80005,29,,,2
2501,'Semaine-12',615,,80015,29,,,2,29,,80014,29,,,1,72,,80012,29,,,1,35,,80013,29,,,2,70,,80016,29,,,1,29,,80011,29,,,2
3501,'Semaine-1',550,,81121,19,,,1,81,,81099,19,,,2,20,,81129,19,,,1,62,,81130,30,,,1,15,,81118,19,,,1,20,,81123,30,,,1,60,,81102,19,,,1,25,,81119,19,,,1,22,,81124,19,,,1,70,,81106,19,,,1,30,,81108,19,,,1,70,,81101,19,,,1,28,,81105,19,,,1,70,,81114,19,,,2,32,,81100,19,,,1,70,,81112,19,,,1,30,,81113,19,,,2,70,,81116,19,,,1,30,,81104,19,,,2,71,,81125,19,,,2,29,,81115,19,,,1,72,,81103,19,,,1,32,,81127,19,,,1,68,,81122,19,,,1,30,,81107,19,,,1,69,,81110,19,,,1,30,,81128,19,,,1,68,,81117,19,,,1,100,,81111,19,,,1,100,,81109,19,,,1,100,,81126,19,,,1,100,,81120,19,,,1
3501,'Semaine-12',550,,81153,19,,,1,81,,81131,19,,,2,20,,81161,19,,,1,62,,81162,30,,,1,15,,81150,19,,,1,20,,81155,30,,,1,60,,81134,19,,,1,25,,81151,19,,,1,22,,81156,19,,,1,70,,81138,19,,,1,30,,81140,19,,,1,70,,81133,19,,,1,28,,81137,19,,,1,70,,81146,19,,,2,32,,81132,19,,,1,70,,81144,19,,,1,30,,81145,19,,,2,70,,81148,19,,,1,30,,81136,19,,,2,71,,81157,19,,,2,29,,81147,19,,,1,72,,81135,19,,,1,32,,81159,19,,,1,68,,81154,19,,,1,30,,81139,19,,,1,69,,81142,19,,,1,30,,81160,19,,,1,68,,81149,19,,,1,100,,81143,19,,,1,100,,81141,19,,,1,100,,81158,19,,,1,100,,81152,19,,,1
72501,'Semaine-1',832,,86869,29,0,5 11,2
72501,'Semaine-12',832,,86870,29,0,5 11,2
82501,'Semaine-1',804,,87116,29,0,9 12 13,1,1,,87117,29,0,9 12 13,1
82501,'Semaine-12',804,,87118,29,0,9 12 13,1,1,,87119,29,0,9 12 13,1
