3600,'Semaine-1',931,,81164,49,,,1,102,,81165,49,,,1,101,,81163,49,,,1,100,,81166,49,,,1,100,,81168,49,,,1,100,,81169,49,,,1,100,,81167,49,,,1
3600,'Semaine-12',931,,81171,49,,,1,102,,81172,49,,,1,101,,81170,49,,,1,100,,81173,49,,,1,100,,81175,49,,,1,100,,81176,49,,,1,100,,81174,49,,,1
3700,'Samedi-1',748,,81191,41,,,1,100,,81192,41,,,1,100,,81194,41,,,1,103,,81195,41,,,1,100,,81193,41,,,1,102,,81196,41,,,1,100,,81197,41,,,1,100,,81198,41,,,1,100,,81199,41,,,1,100,,81200,41,,,1,100,,81201,41,,,1,100,,81202,41,,,1,97,,81203,41,,,1,100,,81204,41,,,1,100,,81205,41,,,1,100,,81206,41,,,1,97,,81207,41,,,1,100,,81208,41,,,1
3700,'Samedi-10',748,,68178,41,,,1,100,,68179,41,,,1,100,,68181,41,,,1,103,,68182,41,,,1,100,,68180,41,,,1,102,,68183,41,,,1,100,,68184,41,,,1,100,,68185,41,,,1,100,,68186,41,,,1,100,,68187,41,,,1,100,,68188,41,,,1,100,,68189,41,,,1,97,,68190,41,,,1,100,,68191,41,,,1,100,,68192,41,,,1,100,,68193,41,,,1,97,,68194,41,,,1,100,,68195,41,,,1
3700,'Dimanche-1',748,,81211,41,,,1,100,,81214,41,,,1,100,,81216,41,,,1,103,,81212,41,,,1,100,,81209,41,,,1,102,,81213,41,,,1,100,,81210,41,,,1,100,,81215,41,,,1,100,,81217,41,,,1,100,,81219,41,,,1,100,,81218,41,,,1,100,,81222,41,,,1,97,,81221,41,,,1,100,,81220,41,,,1,100,,81223,41,,,1,100,,81224,41,,,1,97,,81225,41,,,1,100,,81226,41,,,1
3700,'Semaine-1',709,,81248,41,,,1,45,,81254,41,,,1,70,,81245,41,,,1,26,,81229,41,,,1,69,,81243,41,,,1,89,,81235,41,,,1,100,,81231,41,,,1,101,,81232,41,,,1,100,,81233,41,,,1,103,,81234,41,,,1,100,,81240,41,,,1,90,,81241,41,,,1,16,,81242,41,,,1,15,,81228,41,,,1,15,,81250,41,,,1,63,,81237,41,,,1,30,,81246,41,,,1,63,,81236,41,,,1,27,,81230,41,,,1,69,,81227,41,,,1,26,,81238,41,,,1,30,,81253,41,,,1,69,,81244,41,,,1,76,,81255,41,,,1,99,,81251,41,,,1,58,,81239,41,,,1,100,,81249,41,,,1,99,,81252,41,,,1,55,,81247,41,,,1
3700,'Semaine-12',709,,81277,41,,,1,45,,81283,41,,,1,70,,81274,41,,,1,26,,81258,41,,,1,69,,81272,41,,,1,89,,81264,41,,,1,100,,81260,41,,,1,101,,81261,41,,,1,100,,81262,41,,,1,103,,81263,41,,,1,100,,81269,41,,,1,90,,81270,41,,,1,16,,81271,41,,,1,15,,81257,41,,,1,15,,81279,41,,,1,63,,81266,41,,,1,30,,81275,41,,,1,63,,81265,41,,,1,27,,81259,41,,,1,69,,81256,41,,,1,26,,81267,41,,,1,30,,81282,41,,,1,69,,81273,41,,,1,76,,81284,41,,,1,99,,81280,41,,,1,58,,81268,41,,,1,100,,81278,41,,,1,99,,81281,41,,,1,55,,81276,41,,,1
6400,'Samedi-1',800,,83307,41,,,1,100,,83309,41,,,1,100,,83312,41,,,1,100,,83310,41,,,1,100,,83313,41,,,1,100,,83308,41,,,1,100,,83311,41,,,1,100,,83314,41,,,1,58,,83315,41,,,1,100,,83316,41,,,1,100,,83317,41,,,1,100,,83318,41,,,1
6400,'Samedi-10',800,,72456,41,,,1,100,,72458,41,,,1,100,,72461,41,,,1,100,,72459,41,,,1,100,,72462,41,,,1,100,,72457,41,,,1,100,,72460,41,,,1,100,,72463,41,,,1,58,,72464,41,,,1,100,,72465,41,,,1,100,,72466,41,,,1,100,,72467,41,,,1
6400,'Dimanche-1',800,,83320,41,,,1,100,,83321,41,,,1,100,,83326,41,,,1,100,,83324,41,,,1,100,,83319,41,,,1,100,,83322,41,,,1,100,,83323,41,,,1,100,,83327,41,,,1,58,,83325,41,,,1,100,,83329,41,,,1,100,,83330,41,,,1,100,,83328,41,,,1
6400,'Semaine-1',714,,83339,41,,,1,34,,83336,41,,,1,70,,83331,41,,,1,30,,83335,41,,,1,100,,83337,41,,,1,100,,83342,41,,,1,100,,83341,41,,,1,100,,83334,41,,,1,100,,83347,41,,,1,100,,83343,41,,,1,95,,83344,41,,,1,85,,83349,41,,,1,87,,83348,41,,,1,99,,83345,41,,,1,95,,83346,41,,,1,100,,83338,41,,,2,99,,83332,41,,,2,100,,83340,41,,,1,100,,83333,41,,,1
6400,'Semaine-12',714,,83358,41,,,1,34,,83355,41,,,1,70,,83350,41,,,1,30,,83354,41,,,1,100,,83356,41,,,1,100,,83361,41,,,1,100,,83360,41,,,1,100,,83353,41,,,1,100,,83366,41,,,1,100,,83362,41,,,1,95,,83363,41,,,1,85,,83368,41,,,1,87,,83367,41,,,1,99,,83364,41,,,1,95,,83365,41,,,1,100,,83357,41,,,2,99,,83351,41,,,2,100,,83359,41,,,1,100,,83352,41,,,1
6801,'Semaine-1',631,,84171,19,,,1,20,,84184,19,,,1,58,,84155,19,,,1,19,,84168,19,,,1,6,,84182,19,,,1,7,,84162,19,,,1,6,,84167,19,,,1,62,,84173,19,,,1,18,,84185,19,,,1,20,,84161,19,,,1,60,,84180,19,,,1,19,,84178,19,,,1,20,,84183,19,,,1,68,,84156,19,,,1,30,,84176,19,,,1,70,,84157,19,,,1,30,,84159,19,,,1,70,,84179,19,,,1,30,,84163,19,,,1,70,,84181,19,,,1,32,,84175,19,,,1,70,,84164,19,,,1,30,,84174,19,,,1,69,,84165,19,,,1,34,,84160,19,,,1,71,,84158,19,,,1,26,,84172,19,,,1,70,,84166,19,,,1,28,,84177,19,,,1,70,,84170,19,,,1,30,,84169,19,,,1
6801,'Semaine-12',631,,84202,19,,,1,20,,84215,19,,,1,58,,84186,19,,,1,19,,84199,19,,,1,6,,84213,19,,,1,7,,84193,19,,,1,6,,84198,19,,,1,62,,84204,19,,,1,18,,84216,19,,,1,20,,84192,19,,,1,60,,84211,19,,,1,19,,84209,19,,,1,20,,84214,19,,,1,68,,84187,19,,,1,30,,84207,19,,,1,70,,84188,19,,,1,30,,84190,19,,,1,70,,84210,19,,,1,30,,84194,19,,,1,70,,84212,19,,,1,32,,84206,19,,,1,70,,84195,19,,,1,30,,84205,19,,,1,69,,84196,19,,,1,34,,84191,19,,,1,71,,84189,19,,,1,26,,84203,19,,,1,70,,84197,19,,,1,28,,84208,19,,,1,70,,84201,19,,,1,30,,84200,19,,,1
33100,'Semaine-1',819,,85911,13,0,7 8,1
33100,'Semaine-12',819,,85912,13,0,7 8,1
37100,'Samedi-1',819,,85916,42,,,1,101,,85920,42,,,1,100,,85915,42,,,1,104,,85921,42,,,1,100,,85917,42,,,1,100,,85918,42,,,1,100,,85919,42,,,1,104,,85922,42,,,1,100,,85923,42,,,1,100,,85924,42,,,1,98,,85925,42,,,1,97,,85926,42,,,1,100,,85927,42,,,1,98,,85928,42,,,1,100,,85929,42,,,1,98,,85930,42,,,1,98,,85931,42,,,1
37100,'Samedi-10',819,,77442,42,,,1,101,,77446,42,,,1,100,,77441,42,,,1,104,,77447,42,,,1,100,,77443,42,,,1,100,,77444,42,,,1,100,,77445,42,,,1,104,,77448,42,,,1,100,,77449,42,,,1,100,,77450,42,,,1,98,,77451,42,,,1,97,,77452,42,,,1,100,,77453,42,,,1,98,,77454,42,,,1,100,,77455,42,,,1,98,,77456,42,,,1,98,,77457,42,,,1
37100,'Dimanche-1',819,,85932,42,,,1,101,,85934,42,,,1,100,,85936,42,,,1,104,,85937,42,,,1,100,,85944,42,,,1,100,,85933,42,,,1,100,,85938,42,,,1,104,,85935,42,,,1,100,,85940,42,,,1,100,,85942,42,,,1,98,,85943,42,,,1,97,,85941,42,,,1,100,,85939,42,,,1,98,,85945,42,,,1,100,,85946,42,,,1,98,,85947,42,,,1,98,,85948,42,,,1
37100,'Semaine-1',729,,85962,42,,,1,74,,85959,42,,,1,30,,85955,42,,,1,67,,85950,42,,,1,50,,85969,42,,,1,98,,85954,42,,,1,102,,85956,42,,,1,100,,85968,42,,,1,100,,85963,42,,,1,103,,85952,42,,,1,95,,85964,42,,,1,59,,85973,42,,,1,16,,85953,42,,,1,15,,85974,42,,,1,65,,85949,42,,,1,20,,85958,42,,,1,27,,85965,42,,,1,65,,85971,42,,,1,26,,85970,42,,,1,70,,85960,42,,,1,27,,85972,42,,,1,70,,85975,42,,,1,30,,85961,42,,,1,95,,85957,42,,,1,100,,85967,42,,,1,100,,85966,42,,,1,97,,85951,42,,,1
37100,'Semaine-12',729,,85989,42,,,1,74,,85986,42,,,1,30,,85982,42,,,1,67,,85977,42,,,1,50,,85996,42,,,1,98,,85981,42,,,1,102,,85983,42,,,1,100,,85995,42,,,1,100,,85990,42,,,1,103,,85979,42,,,1,95,,85991,42,,,1,59,,86000,42,,,1,16,,85980,42,,,1,15,,86001,42,,,1,65,,85976,42,,,1,20,,85985,42,,,1,27,,85992,42,,,1,65,,85998,42,,,1,26,,85997,42,,,1,70,,85987,42,,,1,27,,85999,42,,,1,70,,86002,42,,,1,30,,85988,42,,,1,95,,85984,42,,,1,100,,85994,42,,,1,100,,85993,42,,,1,97,,85978,42,,,1
43700,'Semaine-1',748,,86783,37,0,9 14,1,2,,86784,33,0,9 14,2
43700,'Semaine-12',748,,86785,37,0,9 14,1,2,,86786,33,0,9 14,2
