1801,'Semaine-1',635,,79953,16,,,1,86,,79955,16,,,2,85,,79954,16,,,1
1801,'Semaine-12',635,,79956,16,,,1,86,,79958,16,,,2,85,,79957,16,,,1
2600,'Semaine-1',1554,,80019,13,,,1,72,,80018,13,,,1,28,,80017,13,,,2,70,,80020,13,,,1,27,,80021,13,,,2
2600,'Semaine-12',1554,,80024,13,,,1,72,,80023,13,,,1,28,,80022,13,,,2,70,,80025,13,,,1,27,,80026,13,,,2
2900,'Semaine-1',1545,,80070,13,,,2,74,,80069,13,,,1,32,,80067,13,,,2,65,,80071,13,,,1,31,,80068,13,,,1
2900,'Semaine-12',1545,,80075,13,,,2,74,,80074,13,,,1,32,,80072,13,,,2,65,,80076,13,,,1,31,,80073,13,,,1
3200,'Semaine-1',628,,80376,14,,,1,31,,80375,14,,,1,72,,80371,14,,,1,72,,80373,14,,,1,29,,80372,14,,,2,70,,80374,14,,,1,28,,80347,14,,,2,70,,80342,14,,,1,30,,80343,14,,,2,70,,80354,14,,,1,30,,80348,14,,,1,71,,80334,14,,,1,30,,80335,14,,,1,69,,80346,14,,,1,30,,80349,14,,,1,70,,80355,14,,,1,31,,80336,14,,,1,70,,80381,14,,,1,15,,80333,14,,,2,16,,80363,14,,,1,10,,80353,14,,,1,11,,80359,14,,,2,50,,80360,14,,,1,10,,80378,14,,,1,10,,80379,14,,,1,10,,80380,14,,,2,13,,80377,14,,,2,7,,80350,14,,,1,50,,80361,14,,,1,10,,80369,14,,,2,10,,80362,14,,,2,8,,80339,14,,,1,10,,80370,14,,,1,10,,80356,14,,,2,7,,80358,14,,,1,50,,80357,14,,,1,19,,80351,14,,,2,25,,80345,14,,,1,70,,80340,14,,,1,30,,80337,14,,,2,69,,80352,14,,,2,30,,80344,14,,,1,73,,80341,14,,,1,27,,80338,14,,,2,70,,80364,14,,,1,30,,80365,14,,,1,68,,80366,14,,,1,30,,80367,14,,,1,70,,80368,14,,,1
3200,'Semaine-12',628,,80425,14,,,1,31,,80424,14,,,1,72,,80420,14,,,1,72,,80422,14,,,1,29,,80421,14,,,2,70,,80423,14,,,1,28,,80396,14,,,2,70,,80391,14,,,1,30,,80392,14,,,2,70,,80403,14,,,1,30,,80397,14,,,1,71,,80383,14,,,1,30,,80384,14,,,1,69,,80395,14,,,1,30,,80398,14,,,1,70,,80404,14,,,1,31,,80385,14,,,1,70,,80430,14,,,1,15,,80382,14,,,2,16,,80412,14,,,1,10,,80402,14,,,1,11,,80408,14,,,2,50,,80409,14,,,1,10,,80427,14,,,1,10,,80428,14,,,1,10,,80429,14,,,2,13,,80426,14,,,2,7,,80399,14,,,1,50,,80410,14,,,1,10,,80418,14,,,2,10,,80411,14,,,2,8,,80388,14,,,1,10,,80419,14,,,1,10,,80405,14,,,2,7,,80407,14,,,1,50,,80406,14,,,1,19,,80400,14,,,2,25,,80394,14,,,1,70,,80389,14,,,1,30,,80386,14,,,2,69,,80401,14,,,2,30,,80393,14,,,1,73,,80390,14,,,1,27,,80387,14,,,2,70,,80413,14,,,1,30,,80414,14,,,1,68,,80415,14,,,1,30,,80416,14,,,1,70,,80417,14,,,1
3400,'Samedi-1',735,,80773,14,,,1,100,,80778,14,,,1,70,,80774,14,,,1,31,,80780,14,,,1,70,,80781,14,,,1,30,,80775,14,,,1,70,,80776,14,,,1,30,,80777,14,,,1,70,,80779,14,,,1,30,,80782,14,,,1,70,,80784,14,,,1,30,,80783,14,,,1,70,,80785,14,,,1,30,,80786,14,,,1,70,,80787,14,,,1,30,,80788,14,,,1,70,,80789,14,,,1,30,,80790,14,,,1,70,,80791,14,,,1,30,,80792,14,,,1,70,,80793,14,,,1,30,,80794,14,,,1,70,,80795,14,,,1,29,,80796,14,,,1,71,,80797,14,,,1,30,,80798,14,,,1,70,,80799,14,,,1,30,,80800,14,,,1,70,,80801,14,,,1,30,,80803,14,,,1,70,,80802,14,,,1,29,,80805,14,,,1,70,,80804,14,,,1,27,,80806,14,,,1
3400,'Samedi-10',735,,67369,14,,,1,100,,67374,14,,,1,70,,67370,14,,,1,31,,67376,14,,,1,70,,67377,14,,,1,30,,67371,14,,,1,70,,67372,14,,,1,30,,67373,14,,,1,70,,67375,14,,,1,30,,67378,14,,,1,70,,67380,14,,,1,30,,67379,14,,,1,70,,67381,14,,,1,30,,67382,14,,,1,70,,67383,14,,,1,30,,67384,14,,,1,70,,67385,14,,,1,30,,67386,14,,,1,70,,67387,14,,,1,30,,67388,14,,,1,70,,67389,14,,,1,30,,67390,14,,,1,70,,67391,14,,,1,29,,67392,14,,,1,71,,67393,14,,,1,30,,67394,14,,,1,70,,67395,14,,,1,30,,67396,14,,,1,70,,67397,14,,,1,30,,67399,14,,,1,70,,67398,14,,,1,29,,67401,14,,,1,70,,67400,14,,,1,27,,67402,14,,,1
3400,'Dimanche-1',735,,80811,14,,,1,100,,80831,14,,,1,70,,80813,14,,,1,31,,80817,14,,,1,70,,80810,14,,,1,30,,80818,14,,,1,70,,80809,14,,,1,30,,80808,14,,,1,70,,80821,14,,,1,30,,80812,14,,,1,70,,80815,14,,,1,30,,80814,14,,,1,70,,80807,14,,,1,30,,80823,14,,,1,70,,80819,14,,,1,30,,80820,14,,,1,70,,80816,14,,,1,30,,80827,14,,,1,70,,80826,14,,,1,30,,80824,14,,,1,70,,80822,14,,,1,30,,80825,14,,,1,70,,80830,14,,,1,29,,80828,14,,,1,71,,80829,14,,,1,30,,80832,14,,,1,70,,80833,14,,,1,30,,80834,14,,,1,70,,80835,14,,,1,30,,80836,14,,,1,70,,80837,14,,,1,29,,80839,14,,,1,70,,80838,14,,,1,27,,80840,14,,,1
3400,'Semaine-1',612,,80871,14,,,1,29,,80856,14,,,1,71,,80850,14,,,1,35,,80854,14,,,1,71,,80845,14,,,2,29,,80865,14,,,1,70,,80851,14,,,1,28,,80841,14,,,1,70,,80846,14,,,1,30,,80847,14,,,1,70,,80852,14,,,1,30,,80842,14,,,1,70,,80872,14,,,1,30,,80848,14,,,1,70,,80853,14,,,1,30,,80843,14,,,1,71,,80869,14,,,1,31,,80844,14,,,1,65,,80870,14,,,1,306,,80868,14,,,1,20,,80857,14,,,1,68,,80849,14,,,1,30,,80861,14,,,1,70,,80867,14,,,1,31,,80858,14,,,1,69,,80860,14,,,1,30,,80862,14,,,1,70,,80855,14,,,1,30,,80864,14,,,1,69,,80859,14,,,1,29,,80863,14,,,1,70,,80866,14,,,1
3400,'Semaine-12',612,,80903,14,,,1,29,,80888,14,,,1,71,,80882,14,,,1,35,,80886,14,,,1,71,,80877,14,,,2,29,,80897,14,,,1,70,,80883,14,,,1,28,,80873,14,,,1,70,,80878,14,,,1,30,,80879,14,,,1,70,,80884,14,,,1,30,,80874,14,,,1,70,,80904,14,,,1,30,,80880,14,,,1,70,,80885,14,,,1,30,,80875,14,,,1,71,,80901,14,,,1,31,,80876,14,,,1,65,,80902,14,,,1,306,,80900,14,,,1,20,,80889,14,,,1,68,,80881,14,,,1,30,,80893,14,,,1,70,,80899,14,,,1,31,,80890,14,,,1,69,,80892,14,,,1,30,,80894,14,,,1,70,,80887,14,,,1,30,,80896,14,,,1,69,,80891,14,,,1,29,,80895,14,,,1,70,,80898,14,,,1
4000,'Semaine-1',1524,,81911,13,,,1,30,,81907,13,,,2,74,,81910,13,,,1,27,,81909,13,,,1,69,,81908,13,,,1,29,,81912,13,,,1
4000,'Semaine-12',1524,,81917,13,,,1,30,,81913,13,,,2,74,,81916,13,,,1,27,,81915,13,,,1,69,,81914,13,,,1,29,,81918,13,,,1
4100,'Semaine-1',1535,,81932,13,,,1,71,,81934,13,,,1,34,,81933,13,,,2,65,,81931,13,,,1,29,,81935,13,,,1
4100,'Semaine-12',1535,,81937,13,,,1,71,,81939,13,,,1,34,,81938,13,,,2,65,,81936,13,,,1,29,,81940,13,,,1
4500,'Semaine-1',1509,,81964,13,,,1,35,,81959,13,,,1,70,,81960,13,,,1,32,,81962,13,,,1,67,,81963,13,,,1,27,,81961,13,,,2
4500,'Semaine-12',1509,,81970,13,,,1,35,,81965,13,,,1,70,,81966,13,,,1,32,,81968,13,,,1,67,,81969,13,,,1,27,,81967,13,,,2
4700,'Semaine-1',1531,,81983,13,,,1,102,,81984,13,,,1,96,,81985,13,,,2
4700,'Semaine-12',1531,,81986,13,,,1,102,,81987,13,,,1,96,,81988,13,,,2
5500,'Samedi-1',703,,82390,14,,,1,30,,82387,14,,,1,70,,82388,14,,,1,30,,82391,14,,,1,70,,82389,14,,,1,30,,82396,14,,,1,71,,82393,14,,,1,29,,82394,14,,,1,70,,82399,14,,,1,31,,82398,14,,,1,70,,82392,14,,,1,30,,82395,14,,,1,70,,82397,14,,,1,30,,82400,14,,,1,70,,82401,14,,,1,30,,82402,14,,,1,70,,82403,14,,,1,29,,82404,14,,,1,70,,82405,14,,,1,32,,82406,14,,,1,70,,82407,14,,,1,30,,82408,14,,,1,70,,82409,14,,,1,30,,82410,14,,,1,68,,82412,14,,,1,30,,82411,14,,,1,70,,82413,14,,,1,30,,82415,14,,,1,70,,82414,14,,,1,30,,82416,14,,,1,70,,82417,14,,,1,30,,82420,14,,,1,70,,82422,14,,,1,30,,82419,14,,,1,70,,82418,14,,,1,28,,82421,14,,,1
5500,'Samedi-10',703,,70650,14,,,1,30,,70647,14,,,1,70,,70648,14,,,1,30,,70651,14,,,1,70,,70649,14,,,1,30,,70656,14,,,1,71,,70653,14,,,1,29,,70654,14,,,1,70,,70659,14,,,1,31,,70658,14,,,1,70,,70652,14,,,1,30,,70655,14,,,1,70,,70657,14,,,1,30,,70660,14,,,1,70,,70661,14,,,1,30,,70662,14,,,1,70,,70663,14,,,1,29,,70664,14,,,1,70,,70665,14,,,1,32,,70666,14,,,1,70,,70667,14,,,1,30,,70668,14,,,1,70,,70669,14,,,1,30,,70670,14,,,1,68,,70672,14,,,1,30,,70671,14,,,1,70,,70673,14,,,1,30,,70675,14,,,1,70,,70674,14,,,1,30,,70676,14,,,1,70,,70677,14,,,1,30,,70680,14,,,1,70,,70682,14,,,1,30,,70679,14,,,1,70,,70678,14,,,1,28,,70681,14,,,1
5500,'Dimanche-1',703,,82427,14,,,1,30,,82432,14,,,1,70,,82424,14,,,1,30,,82429,14,,,1,70,,82426,14,,,1,30,,82423,14,,,1,71,,82434,14,,,1,29,,82428,14,,,1,70,,82425,14,,,1,31,,82437,14,,,1,70,,82433,14,,,1,30,,82438,14,,,1,70,,82431,14,,,1,30,,82430,14,,,1,70,,82436,14,,,1,30,,82441,14,,,1,70,,82435,14,,,1,29,,82440,14,,,1,70,,82443,14,,,1,32,,82447,14,,,1,70,,82442,14,,,1,30,,82448,14,,,1,70,,82439,14,,,1,30,,82445,14,,,1,68,,82446,14,,,1,30,,82449,14,,,1,70,,82444,14,,,1,30,,82450,14,,,1,70,,82452,14,,,1,30,,82451,14,,,1,70,,82453,14,,,1,30,,82455,14,,,1,70,,82456,14,,,1,30,,82454,14,,,1,70,,82457,14,,,1,28,,82458,14,,,1
5500,'Semaine-1',635,,82461,14,,,1,102,,82477,14,,,1,69,,82460,14,,,1,98,,82496,14,,,1,28,,82497,14,,,1,69,,82466,14,,,1,30,,82476,14,,,1,70,,82480,14,,,1,31,,82502,14,,,1,71,,82462,14,,,1,30,,82501,14,,,1,69,,82479,14,,,1,30,,82494,14,,,1,70,,82488,14,,,1,23,,82495,14,,,1,16,,82481,14,,,1,14,,82459,14,,,1,57,,82500,14,,,1,17,,82470,14,,,1,15,,82503,14,,,1,13,,82491,14,,,1,50,,82463,14,,,1,13,,82474,14,,,1,18,,82506,14,,,1,9,,82499,14,,,1,11,,82465,14,,,1,51,,82482,14,,,1,10,,82475,14,,,1,11,,82504,14,,,1,12,,82489,14,,,1,8,,82469,14,,,1,52,,82464,14,,,1,10,,82505,14,,,1,11,,82473,14,,,1,12,,82468,14,,,1,10,,82478,14,,,1,70,,82493,14,,,1,29,,82498,14,,,1,70,,82485,14,,,1,30,,82471,14,,,1,70,,82492,14,,,1,29,,82483,14,,,1,70,,82486,14,,,1,30,,82472,14,,,1,70,,82487,14,,,1,30,,82484,14,,,1,69,,82467,14,,,1,30,,82490,14,,,1
5500,'Semaine-12',635,,82509,14,,,1,102,,82525,14,,,1,69,,82508,14,,,1,98,,82544,14,,,1,28,,82545,14,,,1,69,,82514,14,,,1,30,,82524,14,,,1,70,,82528,14,,,1,31,,82550,14,,,1,71,,82510,14,,,1,30,,82549,14,,,1,69,,82527,14,,,1,30,,82542,14,,,1,70,,82536,14,,,1,23,,82543,14,,,1,16,,82529,14,,,1,14,,82507,14,,,1,57,,82548,14,,,1,17,,82518,14,,,1,15,,82551,14,,,1,13,,82539,14,,,1,50,,82511,14,,,1,13,,82522,14,,,1,18,,82554,14,,,1,9,,82547,14,,,1,11,,82513,14,,,1,51,,82530,14,,,1,10,,82523,14,,,1,11,,82552,14,,,1,12,,82537,14,,,1,8,,82517,14,,,1,52,,82512,14,,,1,10,,82553,14,,,1,11,,82521,14,,,1,12,,82516,14,,,1,10,,82526,14,,,1,70,,82541,14,,,1,29,,82546,14,,,1,70,,82533,14,,,1,30,,82519,14,,,1,70,,82540,14,,,1,29,,82531,14,,,1,70,,82534,14,,,1,30,,82520,14,,,1,70,,82535,14,,,1,30,,82532,14,,,1,69,,82515,14,,,1,30,,82538,14,,,1
5900,'Samedi-1',718,,82779,14,,,1,30,,82782,14,,,1,70,,82775,14,,,1,30,,82781,14,,,1,70,,82778,14,,,1,30,,82783,14,,,1,70,,82787,14,,,1,30,,82788,14,,,1,70,,82777,14,,,1,30,,82776,14,,,1,71,,82786,14,,,1,30,,82780,14,,,1,70,,82784,14,,,1,30,,82789,14,,,1,70,,82785,14,,,1,30,,82790,14,,,1,70,,82791,14,,,1,29,,82792,14,,,1,70,,82793,14,,,1,32,,82794,14,,,1,69,,82795,14,,,1,30,,82796,14,,,1,69,,82797,14,,,1,30,,82798,14,,,1,70,,82799,14,,,1,30,,82801,14,,,1,70,,82800,14,,,1,30,,82803,14,,,1,70,,82802,14,,,1,29,,82804,14,,,1,71,,82805,14,,,1,30,,82807,14,,,1,70,,82806,14,,,1,30,,82808,14,,,1
5900,'Samedi-10',718,,71438,14,,,1,30,,71441,14,,,1,70,,71434,14,,,1,30,,71440,14,,,1,70,,71437,14,,,1,30,,71442,14,,,1,70,,71446,14,,,1,30,,71447,14,,,1,70,,71436,14,,,1,30,,71435,14,,,1,71,,71445,14,,,1,30,,71439,14,,,1,70,,71443,14,,,1,30,,71448,14,,,1,70,,71444,14,,,1,30,,71449,14,,,1,70,,71450,14,,,1,29,,71451,14,,,1,70,,71452,14,,,1,32,,71453,14,,,1,69,,71454,14,,,1,30,,71455,14,,,1,69,,71456,14,,,1,30,,71457,14,,,1,70,,71458,14,,,1,30,,71460,14,,,1,70,,71459,14,,,1,30,,71462,14,,,1,70,,71461,14,,,1,29,,71463,14,,,1,71,,71464,14,,,1,30,,71466,14,,,1,70,,71465,14,,,1,30,,71467,14,,,1
5900,'Dimanche-1',718,,82814,14,,,1,30,,82813,14,,,1,70,,82809,14,,,1,30,,82818,14,,,1,70,,82824,14,,,1,30,,82815,14,,,1,70,,82822,14,,,1,30,,82817,14,,,1,70,,82823,14,,,1,30,,82810,14,,,1,71,,82821,14,,,1,30,,82811,14,,,1,70,,82819,14,,,1,30,,82825,14,,,1,70,,82812,14,,,1,30,,82816,14,,,1,70,,82820,14,,,1,29,,82829,14,,,1,70,,82830,14,,,1,32,,82827,14,,,1,69,,82832,14,,,1,30,,82828,14,,,1,69,,82834,14,,,1,30,,82826,14,,,1,70,,82831,14,,,1,30,,82835,14,,,1,70,,82833,14,,,1,30,,82836,14,,,1,70,,82837,14,,,1,29,,82838,14,,,1,71,,82839,14,,,1,30,,82841,14,,,1,70,,82840,14,,,1,30,,82842,14,,,1
5900,'Semaine-1',604,,82850,14,,,1,97,,82885,14,,,1,47,,82890,14,,,1,88,,82866,14,,,1,84,,82862,14,,,1,28,,82883,14,,,1,70,,82859,14,,,1,30,,82882,14,,,1,70,,82873,14,,,1,30,,82867,14,,,1,71,,82875,14,,,1,30,,82858,14,,,1,70,,82886,14,,,1,30,,82849,14,,,1,70,,82880,14,,,1,14,,82851,14,,,1,18,,82884,14,,,1,71,,82844,14,,,1,14,,82888,14,,,1,15,,82843,14,,,1,8,,82878,14,,,1,56,,82874,14,,,1,7,,82887,9,,,1,6,,82861,14,,,1,13,,82845,14,,,1,6,,82889,9,,,1,6,,82846,14,,,1,52,,82854,14,,,1,10,,82881,14,,,1,12,,82870,14,,,1,11,,82857,14,,,1,9,,82879,14,,,1,12,,82865,14,,,1,52,,82877,14,,,1,9,,82847,14,,,1,10,,82852,14,,,1,71,,82872,14,,,1,30,,82863,14,,,1,70,,82868,14,,,1,29,,82856,14,,,1,70,,82864,14,,,1,30,,82869,14,,,1,70,,82876,14,,,1,30,,82853,14,,,1,70,,82871,14,,,1,29,,82860,14,,,1,30,,82848,14,,,1,69,,82855,14,,,1
5900,'Semaine-12',604,,82898,14,,,1,97,,82933,14,,,1,47,,82938,14,,,1,88,,82914,14,,,1,84,,82910,14,,,1,28,,82931,14,,,1,70,,82907,14,,,1,30,,82930,14,,,1,70,,82921,14,,,1,30,,82915,14,,,1,71,,82923,14,,,1,30,,82906,14,,,1,70,,82934,14,,,1,30,,82897,14,,,1,70,,82928,14,,,1,14,,82899,14,,,1,18,,82932,14,,,1,71,,82892,14,,,1,14,,82936,14,,,1,15,,82891,14,,,1,8,,82926,14,,,1,56,,82922,14,,,1,7,,82935,9,,,1,6,,82909,14,,,1,13,,82893,14,,,1,6,,82937,9,,,1,6,,82894,14,,,1,52,,82902,14,,,1,10,,82929,14,,,1,12,,82918,14,,,1,11,,82905,14,,,1,9,,82927,14,,,1,12,,82913,14,,,1,52,,82925,14,,,1,9,,82895,14,,,1,10,,82900,14,,,1,71,,82920,14,,,1,30,,82911,14,,,1,70,,82916,14,,,1,29,,82904,14,,,1,70,,82912,14,,,1,30,,82917,14,,,1,70,,82924,14,,,1,30,,82901,14,,,1,70,,82919,14,,,1,29,,82908,14,,,1,30,,82896,14,,,1,69,,82903,14,,,1
32900,'Semaine-1',809,,85907,6,0,7 8,1
32900,'Semaine-12',809,,85908,6,0,7 8,1
65500,'Semaine-1',717,,86863,7,0,9 10,1
65500,'Semaine-12',717,,86864,7,0,9 10,1
72900,'Semaine-1',1628,,86873,11,0,5 11,2
72900,'Semaine-12',1628,,86874,11,0,5 11,2
74000,'Semaine-1',1625,,86880,10,0,5 11,1
74000,'Semaine-12',1625,,86882,10,0,5 11,1
80001,'Samedi-1',626,,87007,16,,,1,101,,87009,16,,,1,101,,87010,16,,,1,100,,87013,16,,,1,100,,87008,16,,,1,100,,87011,16,,,1,102,,87014,16,,,1,100,,87012,16,,,1,100,,87015,16,,,1,100,,87016,16,,,1,100,,87017,16,,,2,102,,87018,16,,,1,97,,87021,16,,,1,99,,87019,16,,,1,100,,87020,16,,,1,100,,87022,16,,,1,99,,87023,16,,,1
80001,'Samedi-10',626,,79670,16,,,1,101,,79672,16,,,1,101,,79673,16,,,1,100,,79676,16,,,1,100,,79671,16,,,1,100,,79674,16,,,1,102,,79677,16,,,1,100,,79675,16,,,1,100,,79678,16,,,1,100,,79679,16,,,1,100,,79680,16,,,2,102,,79681,16,,,1,97,,79684,16,,,1,99,,79682,16,,,1,100,,79683,16,,,1,100,,79685,16,,,1,99,,79686,16,,,1
80001,'Dimanche-1',626,,87024,16,,,1,101,,87026,16,,,1,101,,87028,16,,,1,100,,87025,16,,,1,100,,87027,16,,,1,100,,87029,16,,,1,102,,87030,16,,,1,100,,87031,16,,,1,100,,87034,16,,,1,100,,87032,16,,,1,100,,87033,16,,,2,102,,87036,16,,,1,97,,87037,16,,,1,99,,87035,16,,,1,100,,87038,16,,,1,100,,87039,16,,,1,99,,87040,16,,,1
80001,'Semaine-1',618,,87062,16,,,1,28,,87055,16,,,1,72,,87063,16,,,1,29,,87047,16,,,1,75,,87045,16,,,1,29,,87052,16,,,1,66,,87058,16,,,1,30,,87070,16,,,1,70,,87061,16,,,2,30,,87053,16,,,1,70,,87067,16,,,1,30,,87041,16,,,1,70,,87075,16,,,1,29,,87073,16,,,1,74,,87043,16,,,1,30,,87066,16,,,1,70,,87057,16,,,1,30,,87064,16,,,1,73,,87074,16,,,1,29,,87059,16,,,1,57,,87069,16,,,1,22,,87071,16,,,1,24,,87068,16,,,1,67,,87060,16,,,1,30,,87050,16,,,1,68,,87048,16,,,1,28,,87042,16,,,1,69,,87072,16,,,1,32,,87054,16,,,1,67,,87051,16,,,1,30,,87056,16,,,1,69,,87044,16,,,1,30,,87065,16,,,1,74,,87046,16,,,1,31,,87049,16,,,1
80001,'Semaine-12',618,,87097,16,,,1,28,,87090,16,,,1,72,,87098,16,,,1,29,,87082,16,,,1,75,,87080,16,,,1,29,,87087,16,,,1,66,,87093,16,,,1,30,,87105,16,,,1,70,,87096,16,,,2,30,,87088,16,,,1,70,,87102,16,,,1,30,,87076,16,,,1,70,,87110,16,,,1,29,,87108,16,,,1,74,,87078,16,,,1,30,,87101,16,,,1,70,,87092,16,,,1,30,,87099,16,,,1,73,,87109,16,,,1,29,,87094,16,,,1,57,,87104,16,,,1,22,,87106,16,,,1,24,,87103,16,,,1,67,,87095,16,,,1,30,,87085,16,,,1,68,,87083,16,,,1,28,,87077,16,,,1,69,,87107,16,,,1,32,,87089,16,,,1,67,,87086,16,,,1,30,,87091,16,,,1,69,,87079,16,,,1,30,,87100,16,,,1,74,,87081,16,,,1,31,,87084,16,,,1
82900,'Semaine-1',1534,,87134,11,0,9 12 13,1
82900,'Semaine-12',1534,,87137,11,0,9 12 13,1
