9301,'Semaine-0',556,,76722,16,,,2,60,,76720,16,,,1,20,,76719,16,,,1,71,,76723,16,,,1,30,,76721,16,,,2
9301,'Semaine-10',556,,76727,16,,,2,60,,76725,16,,,1,20,,76724,16,,,1,71,,76728,16,,,1,30,,76726,16,,,2
9301,'Semaine-11',556,,76732,16,,,2,60,,76730,16,,,1,20,,76729,16,,,1,71,,76733,16,,,1,30,,76731,16,,,2
9401,'Semaine-0',537,,76734,16,,,1
9401,'Semaine-10',537,,76735,16,,,1
9401,'Semaine-11',537,,76736,16,,,1
9701,'Samedi-0',800,,76955,61,,,1,100,,76958,61,,,1,101,,76956,61,,,1,100,,76959,61,,,1,100,,76953,61,,,1,100,,76954,61,,,1,101,,76957,61,,,1,100,,76960,61,,,1,100,,76961,61,,,1,100,,76962,61,,,1,100,,76963,61,,,1,100,,76964,61,,,1,100,,76968,61,,,1,100,,76965,61,,,1,99,,76966,61,,,1,100,,76967,61,,,1
9701,'Samedi-10',759,,76971,62,,,1,100,,76974,62,,,1,141,,76972,62,,,1,100,,76975,62,,,1,100,,76969,62,,,1,100,,76970,62,,,1,101,,76973,62,,,1,100,,76976,62,,,1,100,,76977,62,,,1,100,,76978,62,,,1,100,,76979,62,,,1,100,,76980,62,,,1,100,,76984,62,,,1,100,,76981,62,,,1,99,,76982,62,,,1,100,,76983,62,,,1
9701,'Dimanche-0',800,,77006,61,,,1,100,,77013,61,,,1,101,,77002,61,,,1,100,,77009,61,,,1,100,,77008,61,,,1,100,,77001,61,,,1,101,,77005,61,,,1,100,,77003,61,,,1,100,,77004,61,,,1,100,,77007,61,,,1,100,,77010,61,,,1,100,,77011,61,,,1,100,,77012,61,,,1,100,,77014,61,,,1,99,,77015,61,,,1,100,,77016,61,,,1
9701,'Semaine-0',642,,77049,61,,,2,97,,77050,61,,,1,113,,77051,61,,,1,149,,77052,61,,,1,99,,77053,61,,,1,100,,77054,61,,,1,100,,77055,61,,,1,59,,77056,61,,,1,141,,77057,61,,,1,104,,77058,61,,,1,55,,77059,61,,,1,144,,77060,61,,,1,55,,77061,61,,,1,99,,77062,61,,,1,100,,77063,61,,,1,98,,77064,61,,,1,99,,77065,61,,,1
9701,'Semaine-10',642,,77066,61,,,2,97,,77067,61,,,1,113,,77068,61,,,1,149,,77069,61,,,1,99,,77070,61,,,1,100,,77071,61,,,1,100,,77072,61,,,1,59,,77073,61,,,1,141,,77074,61,,,1,104,,77075,61,,,1,55,,77076,61,,,1,144,,77077,61,,,1,55,,77078,61,,,1,99,,77079,61,,,1,100,,77080,61,,,1,98,,77081,61,,,1,99,,77082,61,,,1
9701,'Semaine-11',642,,77083,61,,,2,97,,77084,61,,,1,113,,77085,61,,,1,149,,77086,61,,,1,99,,77087,61,,,1,100,,77088,61,,,1,100,,77089,61,,,1,59,,77090,61,,,1,141,,77091,61,,,1,104,,77092,61,,,1,55,,77093,61,,,1,144,,77094,61,,,1,55,,77095,61,,,1,99,,77096,61,,,1,100,,77097,61,,,1,98,,77098,61,,,1,99,,77099,61,,,1
