3600,'Semaine-1',925,,81164,38,,,1,101,,81165,38,,,1,102,,81163,38,,,1,100,,81166,38,,,1,100,,81168,38,,,1,100,,81169,38,,,1,100,,81167,38,,,1
3600,'Semaine-12',925,,81171,38,,,1,101,,81172,38,,,1,102,,81170,38,,,1,100,,81173,38,,,1,100,,81175,38,,,1,100,,81176,38,,,1,100,,81174,38,,,1
3700,'Samedi-1',742,,81191,30,,,1,100,,81192,30,,,1,100,,81194,30,,,1,103,,81195,30,,,1,100,,81193,30,,,1,101,,81196,30,,,1,100,,81197,30,,,1,100,,81198,30,,,1,100,,81199,30,,,1,100,,81200,30,,,1,100,,81201,30,,,1,100,,81202,30,,,1,97,,81203,30,,,1,100,,81204,30,,,1,100,,81205,30,,,1,100,,81206,30,,,1,98,,81207,30,,,1,100,,81208,30,,,1
3700,'Samedi-10',742,,68178,30,,,1,100,,68179,30,,,1,100,,68181,30,,,1,103,,68182,30,,,1,100,,68180,30,,,1,101,,68183,30,,,1,100,,68184,30,,,1,100,,68185,30,,,1,100,,68186,30,,,1,100,,68187,30,,,1,100,,68188,30,,,1,100,,68189,30,,,1,97,,68190,30,,,1,100,,68191,30,,,1,100,,68192,30,,,1,100,,68193,30,,,1,98,,68194,30,,,1,100,,68195,30,,,1
3700,'Dimanche-1',742,,81211,30,,,1,100,,81214,30,,,1,100,,81216,30,,,1,103,,81212,30,,,1,100,,81209,30,,,1,101,,81213,30,,,1,100,,81210,30,,,1,100,,81215,30,,,1,100,,81217,30,,,1,100,,81219,30,,,1,100,,81218,30,,,1,100,,81222,30,,,1,97,,81221,30,,,1,100,,81220,30,,,1,100,,81223,30,,,1,100,,81224,30,,,1,98,,81225,30,,,1,100,,81226,30,,,1
3700,'Semaine-1',702,,81248,30,,,1,41,,81254,30,,,1,73,,81245,30,,,1,29,,81229,30,,,1,69,,81243,30,,,1,89,,81235,30,,,1,100,,81231,30,,,1,100,,81232,30,,,1,100,,81233,30,,,1,102,,81234,30,,,1,100,,81240,30,,,1,49,,81241,30,,,1,56,,81242,30,,,1,15,,81228,30,,,1,15,,81250,30,,,1,63,,81237,30,,,1,30,,81246,30,,,1,23,,81236,30,,,1,68,,81230,30,,,1,29,,81227,30,,,1,66,,81238,30,,,1,30,,81253,30,,,1,69,,81244,30,,,1,36,,81255,30,,,1,99,,81251,30,,,1,99,,81239,30,,,1,100,,81249,30,,,1,99,,81252,30,,,1,55,,81247,30,,,1
3700,'Semaine-12',702,,81277,30,,,1,41,,81283,30,,,1,73,,81274,30,,,1,29,,81258,30,,,1,69,,81272,30,,,1,89,,81264,30,,,1,100,,81260,30,,,1,100,,81261,30,,,1,100,,81262,30,,,1,102,,81263,30,,,1,100,,81269,30,,,1,49,,81270,30,,,1,56,,81271,30,,,1,15,,81257,30,,,1,15,,81279,30,,,1,63,,81266,30,,,1,30,,81275,30,,,1,23,,81265,30,,,1,68,,81259,30,,,1,29,,81256,30,,,1,66,,81267,30,,,1,30,,81282,30,,,1,69,,81273,30,,,1,36,,81284,30,,,1,99,,81280,30,,,1,99,,81268,30,,,1,100,,81278,30,,,1,99,,81281,30,,,1,55,,81276,30,,,1
37100,'Samedi-1',812,,85916,31,,,1,101,,85920,31,,,1,100,,85915,31,,,1,102,,85921,31,,,1,100,,85917,31,,,1,100,,85918,31,,,1,100,,85919,31,,,1,103,,85922,31,,,1,100,,85923,31,,,1,100,,85924,31,,,1,99,,85925,31,,,1,98,,85926,31,,,1,100,,85927,31,,,1,98,,85928,31,,,1,100,,85929,31,,,1,100,,85930,31,,,1,98,,85931,31,,,1
37100,'Samedi-10',812,,77442,31,,,1,101,,77446,31,,,1,100,,77441,31,,,1,102,,77447,31,,,1,100,,77443,31,,,1,100,,77444,31,,,1,100,,77445,31,,,1,103,,77448,31,,,1,100,,77449,31,,,1,100,,77450,31,,,1,99,,77451,31,,,1,98,,77452,31,,,1,100,,77453,31,,,1,98,,77454,31,,,1,100,,77455,31,,,1,100,,77456,31,,,1,98,,77457,31,,,1
37100,'Dimanche-1',812,,85932,31,,,1,101,,85934,31,,,1,100,,85936,31,,,1,102,,85937,31,,,1,100,,85944,31,,,1,100,,85933,31,,,1,100,,85938,31,,,1,103,,85935,31,,,1,100,,85940,31,,,1,100,,85942,31,,,1,99,,85943,31,,,1,98,,85941,31,,,1,100,,85939,31,,,1,98,,85945,31,,,1,100,,85946,31,,,1,100,,85947,31,,,1,98,,85948,31,,,1
37100,'Semaine-1',722,,85962,31,,,1,33,,85959,31,,,1,70,,85955,31,,,1,29,,85950,31,,,1,90,,85969,31,,,1,97,,85954,31,,,1,102,,85956,31,,,1,100,,85968,31,,,1,100,,85963,31,,,1,103,,85952,31,,,1,94,,85964,31,,,1,19,,85973,31,,,1,56,,85953,31,,,1,15,,85974,31,,,1,25,,85949,31,,,1,60,,85958,31,,,1,27,,85965,31,,,1,65,,85971,31,,,1,27,,85970,31,,,1,70,,85960,31,,,1,28,,85972,31,,,1,70,,85975,31,,,1,30,,85961,31,,,1,95,,85957,31,,,1,100,,85967,31,,,1,100,,85966,31,,,1,97,,85951,31,,,1
37100,'Semaine-12',722,,85989,31,,,1,33,,85986,31,,,1,70,,85982,31,,,1,29,,85977,31,,,1,90,,85996,31,,,1,97,,85981,31,,,1,102,,85983,31,,,1,100,,85995,31,,,1,100,,85990,31,,,1,103,,85979,31,,,1,94,,85991,31,,,1,19,,86000,31,,,1,56,,85980,31,,,1,15,,86001,31,,,1,25,,85976,31,,,1,60,,85985,31,,,1,27,,85992,31,,,1,65,,85998,31,,,1,27,,85997,31,,,1,70,,85987,31,,,1,28,,85999,31,,,1,70,,86002,31,,,1,30,,85988,31,,,1,95,,85984,31,,,1,100,,85994,31,,,1,100,,85993,31,,,1,97,,85978,31,,,1
43700,'Semaine-1',741,,86783,26,0,9 14,1,2,,86784,22,0,9 14,2
43700,'Semaine-12',741,,86785,26,0,9 14,1,2,,86786,22,0,9 14,2
