2601,'Semaine-1',610,,80028,28,,,1,31,,80030,28,,,2,70,,80031,28,,,2,30,,80029,28,,,1,69,,80027,28,,,2
2601,'Semaine-12',610,,80033,28,,,1,31,,80035,28,,,2,70,,80036,28,,,2,30,,80034,28,,,1,69,,80032,28,,,2
2801,'Semaine-1',705,,80062,38,,,1,33,,80063,38,,,2,99,,80061,38,,,2
2801,'Semaine-12',705,,80065,38,,,1,33,,80066,38,,,2,99,,80064,38,,,2
2901,'Semaine-1',723,,80077,14,,,2,30,,80080,14,,,1,69,,80078,14,,,1,32,,80079,14,,,2
2901,'Semaine-12',723,,80081,14,,,2,30,,80084,14,,,1,69,,80082,14,,,1,32,,80083,14,,,2
3201,'Semaine-1',525,,80478,26,,,1,20,,80477,26,,,1,60,,80469,26,,,1,21,,80479,26,,,2,10,,80459,26,,,1,8,,80480,26,,,1,11,,80460,26,,,1,50,,80461,26,,,1,8,,80453,26,,,1,11,,80456,26,,,1,8,,80482,26,,,1,8,,80462,26,,,1,8,,80457,26,,,1,9,,80470,26,,,1,48,,80452,26,,,1,8,,80463,26,,,1,8,,80481,26,,,2,8,,80451,26,,,1,10,,80450,26,,,1,10,,80455,26,,,1,8,,80458,26,,,1,50,,80464,26,,,1,22,,80438,26,,,2,30,,80448,26,,,1,70,,80441,26,,,1,30,,80444,26,,,1,69,,80437,26,,,1,31,,80447,26,,,1,70,,80442,26,,,1,30,,80449,26,,,1,70,,80431,26,,,1,29,,80436,26,,,1,70,,80443,26,,,1,31,,80454,26,,,1,71,,80471,26,,,1,71,,80472,26,,,2,29,,80473,26,,,1,70,,80474,26,,,1,29,,80475,26,,,2,30,,80476,26,,,1,70,,80434,26,,,1,29,,80432,26,,,2,70,,80445,26,,,2,30,,80440,26,,,1,69,,80435,26,,,1,31,,80433,26,,,2,70,,80446,26,,,1,28,,80439,26,,,1,68,,80466,26,,,1,32,,80465,26,,,1,69,,80467,26,,,1,30,,80468,26,,,1
3201,'Semaine-12',525,,80530,26,,,1,20,,80529,26,,,1,60,,80521,26,,,1,21,,80531,26,,,2,10,,80511,26,,,1,8,,80532,26,,,1,11,,80512,26,,,1,50,,80513,26,,,1,8,,80505,26,,,1,11,,80508,26,,,1,8,,80534,26,,,1,8,,80514,26,,,1,8,,80509,26,,,1,9,,80522,26,,,1,48,,80504,26,,,1,8,,80515,26,,,1,8,,80533,26,,,2,8,,80503,26,,,1,10,,80502,26,,,1,10,,80507,26,,,1,8,,80510,26,,,1,50,,80516,26,,,1,22,,80490,26,,,2,30,,80500,26,,,1,70,,80493,26,,,1,30,,80496,26,,,1,69,,80489,26,,,1,31,,80499,26,,,1,70,,80494,26,,,1,30,,80501,26,,,1,70,,80483,26,,,1,29,,80488,26,,,1,70,,80495,26,,,1,31,,80506,26,,,1,71,,80523,26,,,1,71,,80524,26,,,2,29,,80525,26,,,1,70,,80526,26,,,1,29,,80527,26,,,2,30,,80528,26,,,1,70,,80486,26,,,1,29,,80484,26,,,2,70,,80497,26,,,2,30,,80492,26,,,1,69,,80487,26,,,1,31,,80485,26,,,2,70,,80498,26,,,1,28,,80491,26,,,1,68,,80518,26,,,1,32,,80517,26,,,1,69,,80519,26,,,1,30,,80520,26,,,1
3401,'Samedi-1',716,,80905,47,,,1,100,,80908,47,,,1,30,,80917,47,,,1,70,,80906,47,,,1,33,,80911,47,,,1,70,,80913,47,,,1,28,,80907,47,,,1,70,,80916,47,,,1,33,,80909,47,,,1,69,,80918,47,,,1,31,,80910,47,,,1,70,,80912,47,,,1,30,,80914,47,,,1,70,,80915,47,,,1,30,,80919,47,,,1,71,,80920,47,,,1,30,,80921,47,,,1,70,,80922,47,,,1,30,,80923,47,,,1,68,,80924,47,,,1,30,,80925,47,,,1,69,,80926,47,,,1,30,,80927,47,,,1,70,,80929,47,,,1,28,,80928,47,,,1,70,,80930,47,,,1,30,,80931,47,,,1,70,,80932,47,,,1,30,,80934,47,,,1,70,,80933,47,,,1,30,,80935,47,,,1,95,,80936,47,,,1
3401,'Samedi-10',716,,67667,47,,,1,100,,67670,47,,,1,30,,67679,47,,,1,70,,67668,47,,,1,33,,67673,47,,,1,70,,67675,47,,,1,28,,67669,47,,,1,70,,67678,47,,,1,33,,67671,47,,,1,69,,67680,47,,,1,31,,67672,47,,,1,70,,67674,47,,,1,30,,67676,47,,,1,70,,67677,47,,,1,30,,67681,47,,,1,71,,67682,47,,,1,30,,67683,47,,,1,70,,67684,47,,,1,30,,67685,47,,,1,68,,67686,47,,,1,30,,67687,47,,,1,69,,67688,47,,,1,30,,67689,47,,,1,70,,67691,47,,,1,28,,67690,47,,,1,70,,67692,47,,,1,30,,67693,47,,,1,70,,67694,47,,,1,30,,67696,47,,,1,70,,67695,47,,,1,30,,67697,47,,,1,95,,67698,47,,,1
3401,'Dimanche-1',716,,80937,47,,,1,100,,80945,47,,,1,30,,80950,47,,,1,70,,80942,47,,,1,33,,80940,47,,,1,70,,80963,47,,,1,28,,80944,47,,,1,70,,80949,47,,,1,33,,80939,47,,,1,69,,80938,47,,,1,31,,80941,47,,,1,70,,80948,47,,,1,30,,80951,47,,,1,70,,80943,47,,,1,30,,80947,47,,,1,71,,80946,47,,,1,30,,80952,47,,,1,70,,80956,47,,,1,30,,80953,47,,,1,68,,80954,47,,,1,30,,80955,47,,,1,69,,80962,47,,,1,30,,80957,47,,,1,70,,80960,47,,,1,28,,80958,47,,,1,70,,80959,47,,,1,30,,80961,47,,,1,70,,80964,47,,,1,30,,80966,47,,,1,70,,80965,47,,,1,30,,80967,47,,,1,95,,80968,47,,,1
3401,'Semaine-1',923,,80994,47,,,1,30,,80974,47,,,2,70,,80978,47,,,1,30,,80998,47,,,1,70,,80971,47,,,1,30,,80975,47,,,1,70,,80979,47,,,1,30,,80969,47,,,1,70,,80972,47,,,1,30,,80976,47,,,1,70,,80980,47,,,2,31,,80973,47,,,1,70,,80995,47,,,1,31,,80970,47,,,1,75,,80996,47,,,1,27,,80997,47,,,1,69,,80991,47,,,1,27,,80987,47,,,1,70,,80977,47,,,1,29,,80984,47,,,1,69,,80993,47,,,1,30,,80981,47,,,1,70,,80983,47,,,1,30,,80985,47,,,1,70,,80989,47,,,2,30,,80982,47,,,1,70,,80988,47,,,1,29,,80986,47,,,1,70,,80990,47,,,1,30,,80992,47,,,1
3401,'Semaine-12',923,,81024,47,,,1,30,,81004,47,,,2,70,,81008,47,,,1,30,,81028,47,,,1,70,,81001,47,,,1,30,,81005,47,,,1,70,,81009,47,,,1,30,,80999,47,,,1,70,,81002,47,,,1,30,,81006,47,,,1,70,,81010,47,,,2,31,,81003,47,,,1,70,,81025,47,,,1,31,,81000,47,,,1,75,,81026,47,,,1,27,,81027,47,,,1,69,,81021,47,,,1,27,,81017,47,,,1,70,,81007,47,,,1,29,,81014,47,,,1,69,,81023,47,,,1,30,,81011,47,,,1,70,,81013,47,,,1,30,,81015,47,,,1,70,,81019,47,,,2,30,,81012,47,,,1,70,,81018,47,,,1,29,,81016,47,,,1,70,,81020,47,,,1,30,,81022,47,,,1
4001,'Semaine-1',628,,81922,46,,,1,30,,81921,46,,,1,73,,81924,46,,,1,74,,81920,46,,,2,26,,81919,46,,,1,27,,81923,46,,,1
4001,'Semaine-12',628,,81928,46,,,1,30,,81927,46,,,1,73,,81930,46,,,1,74,,81926,46,,,2,26,,81925,46,,,1,27,,81929,46,,,1
4101,'Semaine-1',650,,81943,37,,,1,73,,81944,37,,,1,36,,81945,37,,,1,66,,81942,37,,,2,28,,81941,37,,,1
4101,'Semaine-12',650,,81948,37,,,1,73,,81949,37,,,1,36,,81950,37,,,1,66,,81947,37,,,2,28,,81946,37,,,1
4501,'Semaine-1',617,,81972,40,,,1,30,,81971,40,,,1,73,,81975,40,,,2,30,,81974,40,,,1,72,,81973,40,,,1,29,,81976,40,,,1
4501,'Semaine-12',617,,81978,40,,,1,30,,81977,40,,,1,73,,81981,40,,,2,30,,81980,40,,,1,72,,81979,40,,,1,29,,81982,40,,,1
4701,'Semaine-1',629,,81991,33,,,2,87,,81990,33,,,1,89,,81989,33,,,1,27,,81992,33,,,1
4701,'Semaine-12',629,,81995,33,,,2,87,,81994,33,,,1,89,,81993,33,,,1,27,,81996,33,,,1
5501,'Samedi-1',713,,82555,45,,,1,30,,82558,45,,,1,71,,82557,45,,,1,30,,82567,45,,,1,69,,82556,45,,,1,30,,82559,45,,,1,71,,82560,45,,,1,29,,82566,45,,,1,71,,82562,45,,,1,30,,82563,45,,,1,70,,82561,45,,,1,30,,82569,45,,,1,70,,82568,45,,,1,30,,82564,45,,,1,70,,82565,45,,,1,32,,82570,45,,,1,68,,82571,45,,,1,32,,82572,45,,,1,68,,82573,45,,,1,32,,82574,45,,,1,68,,82575,45,,,1,32,,82576,45,,,1,68,,82577,45,,,1,30,,82578,45,,,1,70,,82579,45,,,1,30,,82580,45,,,1,70,,82581,45,,,1,29,,82582,45,,,1,70,,82583,45,,,1,30,,82585,45,,,1,69,,82584,45,,,1,30,,82587,45,,,1,70,,82586,45,,,1
5501,'Samedi-10',713,,71004,45,,,1,30,,71007,45,,,1,71,,71006,45,,,1,30,,71016,45,,,1,69,,71005,45,,,1,30,,71008,45,,,1,71,,71009,45,,,1,29,,71015,45,,,1,71,,71011,45,,,1,30,,71012,45,,,1,70,,71010,45,,,1,30,,71018,45,,,1,70,,71017,45,,,1,30,,71013,45,,,1,70,,71014,45,,,1,32,,71019,45,,,1,68,,71020,45,,,1,32,,71021,45,,,1,68,,71022,45,,,1,32,,71023,45,,,1,68,,71024,45,,,1,32,,71025,45,,,1,68,,71026,45,,,1,30,,71027,45,,,1,70,,71028,45,,,1,30,,71029,45,,,1,70,,71030,45,,,1,29,,71031,45,,,1,70,,71032,45,,,1,30,,71034,45,,,1,69,,71033,45,,,1,30,,71036,45,,,1,70,,71035,45,,,1
5501,'Dimanche-1',713,,82589,45,,,1,30,,82593,45,,,1,71,,82591,45,,,1,30,,82596,45,,,1,69,,82598,45,,,1,30,,82592,45,,,1,71,,82588,45,,,1,29,,82602,45,,,1,71,,82597,45,,,1,30,,82604,45,,,1,70,,82595,45,,,1,30,,82594,45,,,1,70,,82600,45,,,1,30,,82590,45,,,1,70,,82599,45,,,1,32,,82603,45,,,1,68,,82608,45,,,1,32,,82601,45,,,1,68,,82607,45,,,1,32,,82610,45,,,1,68,,82605,45,,,1,32,,82606,45,,,1,68,,82612,45,,,1,30,,82614,45,,,1,70,,82611,45,,,1,30,,82609,45,,,1,70,,82613,45,,,1,29,,82615,45,,,1,70,,82616,45,,,1,30,,82617,45,,,1,69,,82618,45,,,1,30,,82619,45,,,1,70,,82620,45,,,1
5501,'Semaine-1',531,,82634,45,,,1,14,,82641,45,,,1,14,,82640,44,,,1,58,,82624,44,,,1,15,,82662,44,,,1,22,,82661,44,,,1,48,,82621,44,,,1,14,,82666,44,,,1,15,,82647,44,,,1,15,,82655,44,,,1,56,,82625,44,,,1,8,,82629,44,,,1,12,,82627,44,,,1,9,,82656,44,,,1,4,,82658,44,,,1,14,,82635,44,,,1,68,,82639,44,,,1,12,,82626,44,,,1,11,,82660,44,,,1,69,,82653,45,,,1,23,,82665,12,,,1,8,,82657,45,,,1,69,,82623,45,,,1,29,,82630,45,,,1,70,,82643,45,,,1,30,,82654,45,,,1,70,,82650,45,,,1,30,,82631,45,,,1,70,,82663,45,,,1,31,,82622,45,,,1,72,,82628,45,,,1,89,,82632,45,,,1,100,,82637,45,,,1,100,,82642,45,,,1,59,,82659,45,,,1,60,,82648,45,,,1,30,,82636,45,,,1,70,,82652,45,,,1,30,,82645,45,,,1,70,,82664,45,,,1,30,,82638,45,,,1,69,,82644,45,,,1,31,,82646,45,,,1,70,,82633,45,,,1,28,,82651,45,,,1,70,,82649,45,,,1
5501,'Semaine-12',531,,82680,45,,,1,14,,82687,45,,,1,14,,82686,44,,,1,58,,82670,44,,,1,15,,82708,44,,,1,22,,82707,44,,,1,48,,82667,44,,,1,14,,82712,44,,,1,15,,82693,44,,,1,15,,82701,44,,,1,56,,82671,44,,,1,8,,82675,44,,,1,12,,82673,44,,,1,9,,82702,44,,,1,4,,82704,44,,,1,14,,82681,44,,,1,68,,82685,44,,,1,12,,82672,44,,,1,11,,82706,44,,,1,69,,82699,45,,,1,23,,82711,12,,,1,8,,82703,45,,,1,69,,82669,45,,,1,29,,82676,45,,,1,70,,82689,45,,,1,30,,82700,45,,,1,70,,82696,45,,,1,30,,82677,45,,,1,70,,82709,45,,,1,31,,82668,45,,,1,72,,82674,45,,,1,89,,82678,45,,,1,100,,82683,45,,,1,100,,82688,45,,,1,59,,82705,45,,,1,60,,82694,45,,,1,30,,82682,45,,,1,70,,82698,45,,,1,30,,82691,45,,,1,70,,82710,45,,,1,30,,82684,45,,,1,69,,82690,45,,,1,31,,82692,45,,,1,70,,82679,45,,,1,28,,82697,45,,,1,70,,82695,45,,,1
5901,'Samedi-1',727,,82939,34,,,1,30,,82946,34,,,1,70,,82943,34,,,1,30,,82948,34,,,1,70,,82940,34,,,1,30,,82945,34,,,1,71,,82944,34,,,1,30,,82947,34,,,1,70,,82951,34,,,1,31,,82952,34,,,1,70,,82941,34,,,1,30,,82942,34,,,1,70,,82950,34,,,1,30,,82949,34,,,1,70,,82953,34,,,1,29,,82954,34,,,1,70,,82955,34,,,1,30,,82956,34,,,1,70,,82957,34,,,1,30,,82958,34,,,1,70,,82959,34,,,1,30,,82960,34,,,1,70,,82961,34,,,1,30,,82962,34,,,1,71,,82963,34,,,1,30,,82965,34,,,1,70,,82964,34,,,1,28,,82966,34,,,1,70,,82967,34,,,1,30,,82968,34,,,1,70,,82970,34,,,1,30,,82969,34,,,1
5901,'Samedi-10',727,,71780,34,,,1,30,,71787,34,,,1,70,,71784,34,,,1,30,,71789,34,,,1,70,,71781,34,,,1,30,,71786,34,,,1,71,,71785,34,,,1,30,,71788,34,,,1,70,,71792,34,,,1,31,,71793,34,,,1,70,,71782,34,,,1,30,,71783,34,,,1,70,,71791,34,,,1,30,,71790,34,,,1,70,,71794,34,,,1,29,,71795,34,,,1,70,,71796,34,,,1,30,,71797,34,,,1,70,,71798,34,,,1,30,,71799,34,,,1,70,,71800,34,,,1,30,,71801,34,,,1,70,,71802,34,,,1,30,,71803,34,,,1,71,,71804,34,,,1,30,,71806,34,,,1,70,,71805,34,,,1,28,,71807,34,,,1,70,,71808,34,,,1,30,,71809,34,,,1,70,,71811,34,,,1,30,,71810,34,,,1
5901,'Dimanche-1',727,,82971,34,,,1,30,,82983,34,,,1,70,,82977,34,,,1,30,,82978,34,,,1,70,,82985,34,,,1,30,,82982,34,,,1,71,,82987,34,,,1,30,,82974,34,,,1,70,,82986,34,,,1,31,,82972,34,,,1,70,,82981,34,,,1,30,,82973,34,,,1,70,,82976,34,,,1,30,,82979,34,,,1,70,,82980,34,,,1,29,,82988,34,,,1,70,,82975,34,,,1,30,,82991,34,,,1,70,,82984,34,,,1,30,,82993,34,,,1,70,,82994,34,,,1,30,,82990,34,,,1,70,,82995,34,,,1,30,,82992,34,,,1,71,,82996,34,,,1,30,,82989,34,,,1,70,,82997,34,,,1,28,,82998,34,,,1,70,,82999,34,,,1,30,,83000,34,,,1,70,,83001,34,,,1,30,,83002,34,,,1
5901,'Semaine-1',526,,83007,34,,,1,15,,83043,34,,,1,15,,83016,34,,,1,55,,83037,33,,,1,16,,83017,33,,,1,14,,83006,33,,,1,13,,83008,33,,,1,55,,83011,33,,,1,10,,83046,11,,,1,8,,83014,33,,,1,7,,83047,11,,,1,8,,83015,33,,,1,7,,83048,11,,,1,51,,83010,33,,,1,7,,83004,11,,,1,5,,83039,33,,,1,19,,83025,33,,,1,12,,83030,33,,,1,13,,83020,33,,,1,55,,83005,33,,,1,16,,83023,33,,,1,27,,83049,33,,,1,70,,83044,34,,,1,30,,83031,34,,,1,70,,83013,34,,,1,30,,83024,34,,,1,70,,83027,34,,,1,30,,83012,34,,,1,70,,83041,34,,,1,30,,83003,34,,,1,70,,83045,34,,,1,30,,83035,34,,,1,76,,83038,34,,,1,100,,83042,34,,,1,100,,83022,34,,,1,99,,83029,34,,,1,75,,83034,34,,,1,30,,83021,34,,,1,70,,83028,34,,,1,30,,83033,34,,,1,70,,83040,34,,,1,30,,83018,34,,,1,70,,83036,34,,,1,29,,83026,34,,,1,70,,83009,34,,,1,30,,83019,34,,,1,70,,83032,34,,,1
5901,'Semaine-12',526,,83054,34,,,1,15,,83090,34,,,1,15,,83063,34,,,1,55,,83084,33,,,1,16,,83064,33,,,1,14,,83053,33,,,1,13,,83055,33,,,1,55,,83058,33,,,1,10,,83093,11,,,1,8,,83061,33,,,1,7,,83094,11,,,1,8,,83062,33,,,1,7,,83095,11,,,1,51,,83057,33,,,1,7,,83051,11,,,1,5,,83086,33,,,1,19,,83072,33,,,1,12,,83077,33,,,1,13,,83067,33,,,1,55,,83052,33,,,1,16,,83070,33,,,1,27,,83096,33,,,1,70,,83091,34,,,1,30,,83078,34,,,1,70,,83060,34,,,1,30,,83071,34,,,1,70,,83074,34,,,1,30,,83059,34,,,1,70,,83088,34,,,1,30,,83050,34,,,1,70,,83092,34,,,1,30,,83082,34,,,1,76,,83085,34,,,1,100,,83089,34,,,1,100,,83069,34,,,1,99,,83076,34,,,1,75,,83081,34,,,1,30,,83068,34,,,1,70,,83075,34,,,1,30,,83080,34,,,1,70,,83087,34,,,1,30,,83065,34,,,1,70,,83083,34,,,1,29,,83073,34,,,1,70,,83056,34,,,1,30,,83066,34,,,1,70,,83079,34,,,1
32901,'Semaine-1',1655,,85909,40,0,7 8,1
32901,'Semaine-12',1655,,85910,40,0,7 8,1
42901,'Semaine-1',1519,,86769,22,4,,1
42901,'Semaine-12',1519,,86770,22,4,,1
65501,'Semaine-1',1525,,86865,33,0,9 10,1
65501,'Semaine-12',1525,,86866,33,0,9 10,1
72901,'Semaine-1',824,,86875,26,0,5 11,2
72901,'Semaine-12',824,,86876,26,0,5 11,2
74001,'Semaine-1',832,,86883,47,0,5 11,2,2,,86884,47,0,5 11,1
74001,'Semaine-12',832,,86885,47,0,5 11,2,2,,86886,47,0,5 11,1
80000,'Samedi-1',732,,86901,38,,,1,103,,86902,38,,,1,98,,86903,38,,,1,101,,86905,38,,,1,100,,86906,38,,,1,100,,86904,38,,,1,100,,86907,38,,,1,100,,86908,38,,,1,100,,86909,38,,,1,100,,86910,38,,,1,99,,86911,38,,,2,100,,86912,38,,,1,100,,86915,38,,,1,99,,86913,38,,,1,100,,86914,38,,,1,98,,86916,38,,,1,100,,86917,38,,,1
80000,'Samedi-10',732,,79460,38,,,1,103,,79461,38,,,1,98,,79462,38,,,1,101,,79464,38,,,1,100,,79465,38,,,1,100,,79463,38,,,1,100,,79466,38,,,1,100,,79467,38,,,1,100,,79468,38,,,1,100,,79469,38,,,1,99,,79470,38,,,2,100,,79471,38,,,1,100,,79474,38,,,1,99,,79472,38,,,1,100,,79473,38,,,1,98,,79475,38,,,1,100,,79476,38,,,1
80000,'Dimanche-1',732,,86920,38,,,1,103,,86919,38,,,1,98,,86925,38,,,1,101,,86918,38,,,1,100,,86922,38,,,1,100,,86921,38,,,1,100,,86923,38,,,1,100,,86924,38,,,1,100,,86928,38,,,1,100,,86926,38,,,1,99,,86927,38,,,2,100,,86931,38,,,1,100,,86930,38,,,1,99,,86929,38,,,1,100,,86932,38,,,1,98,,86933,38,,,1,100,,86934,38,,,1
80000,'Semaine-1',608,,86967,37,,,1,32,,86953,37,,,1,71,,86943,37,,,1,15,,86942,37,,,1,16,,86963,37,,,1,70,,86954,37,,,1,18,,86940,37,,,1,29,,86959,37,,,1,70,,86944,38,,,1,30,,86961,38,,,1,70,,86956,38,,,1,29,,86970,38,,,1,70,,86937,38,,,1,30,,86958,38,,,1,70,,86948,38,,,1,31,,86964,38,,,1,69,,86957,38,,,1,30,,86968,38,,,1,71,,86947,38,,,1,29,,86962,38,,,1,74,,86960,38,,,1,70,,86949,38,,,1,32,,86965,38,,,1,68,,86938,38,,,1,30,,86955,38,,,1,70,,86952,38,,,1,28,,86966,38,,,1,29,,86951,38,,,1,71,,86945,38,,,1,28,,86939,38,,,1,71,,86969,38,,,1,28,,86950,38,,,1,68,,86946,38,,,1,30,,86936,38,,,1,69,,86941,38,,,1,30,,86935,38,,,1
80000,'Semaine-12',608,,87003,37,,,1,32,,86989,37,,,1,71,,86979,37,,,1,15,,86978,37,,,1,16,,86999,37,,,1,70,,86990,37,,,1,18,,86976,37,,,1,29,,86995,37,,,1,70,,86980,38,,,1,30,,86997,38,,,1,70,,86992,38,,,1,29,,87006,38,,,1,70,,86973,38,,,1,30,,86994,38,,,1,70,,86984,38,,,1,31,,87000,38,,,1,69,,86993,38,,,1,30,,87004,38,,,1,71,,86983,38,,,1,29,,86998,38,,,1,74,,86996,38,,,1,70,,86985,38,,,1,32,,87001,38,,,1,68,,86974,38,,,1,30,,86991,38,,,1,70,,86988,38,,,1,28,,87002,38,,,1,29,,86987,38,,,1,71,,86981,38,,,1,28,,86975,38,,,1,71,,87005,38,,,1,28,,86986,38,,,1,68,,86982,38,,,1,30,,86972,38,,,1,69,,86977,38,,,1,30,,86971,38,,,1
82901,'Semaine-1',758,,87138,14,0,9 12 13,1,1,,87139,14,0,9 12 13,1,41,,87140,14,0,9 12 13,2
82901,'Semaine-12',758,,87141,14,0,9 12 13,1,1,,87142,14,0,9 12 13,1,41,,87143,14,0,9 12 13,2
85901,'Semaine-12',1714,,87158,2,,,1
