2300,'Semaine-1',1600,,79976,25,,,1,28,,79974,25,,,1,74,,79972,25,,,1,25,,79973,25,,,2,24,,79975,25,,,2,69,,79971,25,,,1
2300,'Semaine-12',1600,,79982,25,,,1,28,,79980,25,,,1,74,,79978,25,,,1,25,,79979,25,,,2,24,,79981,25,,,2,69,,79977,25,,,1
2500,'Semaine-1',1542,,79993,24,,,1,70,,79996,24,,,1,31,,79994,24,,,1,73,,79998,24,,,1,24,,79995,24,,,2,66,,79997,24,,,2
2500,'Semaine-12',1542,,79999,24,,,1,70,,80002,24,,,1,31,,80000,24,,,1,73,,80004,24,,,1,24,,80001,24,,,2,66,,80003,24,,,2
2800,'Semaine-1',1612,,80055,34,,,1,42,,80056,34,,,1,91,,80057,34,,,1
2800,'Semaine-12',1612,,80058,34,,,1,42,,80059,34,,,1,91,,80060,34,,,1
4901,'Samedi-1',727,,82116,22,,,1,100,,82115,22,,,1,100,,82117,22,,,1,100,,82113,22,,,1,100,,82118,22,,,1,101,,82114,22,,,1,100,,82119,22,,,1,100,,82120,22,,,1,100,,82121,22,,,1,100,,82122,22,,,1,100,,82123,22,,,1,99,,82124,22,,,1,100,,82125,22,,,1,100,,82126,22,,,1,100,,82127,22,,,1,100,,82128,22,,,1,100,,82129,22,,,1
4901,'Samedi-10',727,,70061,22,,,1,100,,70060,22,,,1,100,,70062,22,,,1,100,,70058,22,,,1,100,,70063,22,,,1,101,,70059,22,,,1,100,,70064,22,,,1,100,,70065,22,,,1,100,,70066,22,,,1,100,,70067,22,,,1,100,,70068,22,,,1,99,,70069,22,,,1,100,,70070,22,,,1,100,,70071,22,,,1,100,,70072,22,,,1,100,,70073,22,,,1,100,,70074,22,,,1
4901,'Dimanche-1',727,,82143,22,,,1,100,,82132,22,,,1,100,,82142,22,,,1,100,,82135,22,,,1,100,,82131,22,,,1,101,,82130,22,,,1,100,,82133,22,,,1,100,,82134,22,,,1,100,,82137,22,,,1,100,,82136,22,,,1,100,,82140,22,,,1,99,,82139,22,,,1,100,,82141,22,,,1,100,,82138,22,,,1,100,,82144,22,,,1,100,,82145,22,,,1,100,,82146,22,,,1
4901,'Semaine-1',610,,82153,22,,,1,48,,82158,22,,,1,71,,82174,22,,,1,71,,82170,22,,,1,28,,82168,22,,,1,28,,82178,22,,,1,70,,82160,22,,,1,30,,82176,22,,,1,68,,82172,22,,,1,32,,82147,22,,,1,70,,82169,22,,,1,30,,82148,22,,,1,70,,82154,22,,,1,30,,82156,22,,,1,70,,82161,22,,,1,29,,82177,22,,,1,71,,82159,22,,,1,32,,82179,22,,,1,62,,82175,22,,,1,11,,82162,22,,,1,15,,82149,22,,,1,55,,82165,22,,,1,30,,82155,22,,,1,27,,82157,22,,,1,69,,82173,22,,,1,29,,82167,22,,,1,70,,82171,22,,,1,94,,82150,22,,,1,80,,82166,22,,,1,101,,82164,22,,,1,99,,82151,22,,,1,100,,82163,22,,,1,58,,82152,22,,,1
4901,'Semaine-12',610,,82186,22,,,1,48,,82191,22,,,1,71,,82207,22,,,1,71,,82203,22,,,1,28,,82201,22,,,1,28,,82211,22,,,1,70,,82193,22,,,1,30,,82209,22,,,1,68,,82205,22,,,1,32,,82180,22,,,1,70,,82202,22,,,1,30,,82181,22,,,1,70,,82187,22,,,1,30,,82189,22,,,1,70,,82194,22,,,1,29,,82210,22,,,1,71,,82192,22,,,1,32,,82212,22,,,1,62,,82208,22,,,1,11,,82195,22,,,1,15,,82182,22,,,1,55,,82198,22,,,1,30,,82188,22,,,1,27,,82190,22,,,1,69,,82206,22,,,1,29,,82200,22,,,1,70,,82204,22,,,1,94,,82183,22,,,1,80,,82199,22,,,1,101,,82197,22,,,1,99,,82184,22,,,1,100,,82196,22,,,1,58,,82185,22,,,1
32500,'Semaine-1',1640,,85896,30,0,7 8,1
32500,'Semaine-12',1640,,85898,30,0,7 8,1
42501,'Semaine-1',1511,,86757,18,0,9 14,1
42501,'Semaine-12',1511,,86758,18,0,9 14,1
54901,'Semaine-1',1531,,86796,15,,,1
54901,'Semaine-12',1531,,86798,15,,,1
72500,'Semaine-1',1635,,86867,22,0,5 11,1
72500,'Semaine-12',1635,,86868,22,0,5 11,1
82500,'Semaine-1',1541,,87113,16,0,9 12 13,1
82500,'Semaine-12',1541,,87115,16,0,9 12 13,1
