2601,'Semaine-1',545,,80028,1,,,1,70,,80030,1,,,2,30,,80031,1,,,2,70,,80029,1,,,1,30,,80027,1,,,2
2601,'Semaine-12',545,,80033,1,,,1,70,,80035,1,,,2,30,,80036,1,,,2,70,,80034,1,,,1,30,,80032,1,,,2
2801,'Semaine-1',636,,80062,3,,,1,73,,80063,3,,,2,100,,80061,3,,,2
2801,'Semaine-12',636,,80065,3,,,1,73,,80066,3,,,2,100,,80064,3,,,2
4800,'Semaine-1',1726,,81997,15,,,1
4800,'Semaine-12',1726,,81998,15,,,1
5001,'Semaine-1',1614,,82225,7,,,1,100,,82227,7,,,1,99,,82226,7,,,2
5001,'Semaine-12',1614,,82228,7,,,1,100,,82230,7,,,1,99,,82229,7,,,2
32600,'Semaine-1',1634,,85903,20,0,7 8,1
32600,'Semaine-12',1634,,85904,20,0,7 8,1
42600,'Semaine-1',717,,86759,1,0,9 14,1,1,,86760,1,0,9 14,1
42600,'Semaine-12',717,,86761,1,0,9 14,1,1,,86762,1,0,9 14,1
55001,'Semaine-1',1527,,86805,5,0,5 6,1
55001,'Semaine-12',1527,,86808,5,0,5 6,1
72901,'Semaine-1',800,,86875,1,0,5 11,2
72901,'Semaine-12',800,,86876,1,0,5 11,2
82600,'Semaine-1',1535,,87121,12,0,9 12 13,1
82600,'Semaine-12',1535,,87123,12,0,9 12 13,1
