6401,'Samedi-1',727,,83372,21,,,1,100,,83369,21,,,1,100,,83371,21,,,1,100,,83374,21,,,1,100,,83370,21,,,1,100,,83375,21,,,1,100,,83373,21,,,1,100,,83376,21,,,1,100,,83377,21,,,1,100,,83378,21,,,1,100,,83379,21,,,1
6401,'Samedi-10',727,,72587,21,,,1,100,,72584,21,,,1,100,,72586,21,,,1,100,,72589,21,,,1,100,,72585,21,,,1,100,,72590,21,,,1,100,,72588,21,,,1,100,,72591,21,,,1,100,,72592,21,,,1,100,,72593,21,,,1,100,,72594,21,,,1
6401,'Dimanche-1',727,,83384,21,,,1,100,,83381,21,,,1,100,,83387,21,,,1,100,,83388,21,,,1,100,,83385,21,,,1,100,,83380,21,,,1,100,,83382,21,,,1,100,,83383,21,,,1,100,,83389,21,,,1,100,,83386,21,,,1,100,,83390,21,,,1
6401,'Semaine-1',527,,83391,21,,,2,108,,83401,21,,,2,100,,83403,21,,,1,100,,83400,21,,,1,95,,83408,21,,,1,100,,83395,21,,,1,100,,83394,21,,,1,100,,83406,21,,,1,100,,83402,21,,,2,100,,83404,21,,,1,100,,83405,21,,,1,102,,83396,21,,,1,98,,83392,21,,,1,100,,83393,21,,,1,98,,83399,21,,,1,100,,83397,21,,,1,100,,83398,21,,,1,100,,83407,21,,,1
6401,'Semaine-12',527,,83409,21,,,2,108,,83419,21,,,2,100,,83421,21,,,1,100,,83418,21,,,1,95,,83426,21,,,1,100,,83413,21,,,1,100,,83412,21,,,1,100,,83424,21,,,1,100,,83420,21,,,2,100,,83422,21,,,1,100,,83423,21,,,1,102,,83414,21,,,1,98,,83410,21,,,1,100,,83411,21,,,1,98,,83417,21,,,1,100,,83415,21,,,1,100,,83416,21,,,1,100,,83425,21,,,1
6601,'Samedi-1',654,,83727,24,,,1,100,,83729,24,,,1,100,,83733,24,,,1,100,,83730,24,,,1,100,,83734,24,,,1,100,,83728,24,,,1,100,,83731,24,,,1,100,,83732,24,,,1,100,,83735,24,,,1,100,,83736,24,,,1,100,,83737,24,,,1,100,,83738,24,,,1,100,,83739,24,,,1,100,,83741,24,,,1,100,,83740,24,,,1,100,,83742,24,,,1,100,,83743,24,,,1,100,,83744,24,,,1
6601,'Samedi-10',654,,73314,24,,,1,100,,73316,24,,,1,100,,73320,24,,,1,100,,73317,24,,,1,100,,73321,24,,,1,100,,73315,24,,,1,100,,73318,24,,,1,100,,73319,24,,,1,100,,73322,24,,,1,100,,73323,24,,,1,100,,73324,24,,,1,100,,73325,24,,,1,100,,73326,24,,,1,100,,73328,24,,,1,100,,73327,24,,,1,100,,73329,24,,,1,100,,73330,24,,,1,100,,73331,24,,,1
6601,'Dimanche-1',654,,83746,24,,,1,100,,83750,24,,,1,100,,83751,24,,,1,100,,83752,24,,,1,100,,83745,24,,,1,100,,83747,24,,,1,100,,83748,24,,,1,100,,83749,24,,,1,100,,83754,24,,,1,100,,83753,24,,,1,100,,83757,24,,,1,100,,83755,24,,,1,100,,83758,24,,,1,100,,83756,24,,,1,100,,83759,24,,,1,100,,83760,24,,,1,100,,83761,24,,,1,100,,83762,24,,,1
6601,'Semaine-1',545,,83772,24,,,2,60,,83765,24,,,1,18,,83774,24,,,1,21,,83780,24,,,2,60,,83775,24,,,2,21,,83766,24,,,1,23,,83778,24,,,2,59,,83771,24,,,1,18,,83787,24,,,1,21,,83764,24,,,1,59,,83777,24,,,1,18,,83788,24,,,1,20,,83796,24,,,1,102,,83776,24,,,1,100,,83768,24,,,1,100,,83792,24,,,1,100,,83793,24,,,1,100,,83779,24,,,2,62,,83767,24,,,1,19,,83784,24,,,2,19,,83781,24,,,1,64,,83794,24,,,1,22,,83763,24,,,1,19,,83789,24,,,1,60,,83782,24,,,1,20,,83795,24,,,1,18,,83785,24,,,2,64,,83790,24,,,2,20,,83783,24,,,1,18,,83791,24,,,1,60,,83797,24,,,2,94,,83770,24,,,2,100,,83769,24,,,1,55,,83773,24,,,1,100,,83786,24,,,1
6601,'Semaine-12',545,,83807,24,,,2,60,,83800,24,,,1,18,,83809,24,,,1,21,,83815,24,,,2,60,,83810,24,,,2,21,,83801,24,,,1,23,,83813,24,,,2,59,,83806,24,,,1,18,,83822,24,,,1,21,,83799,24,,,1,59,,83812,24,,,1,18,,83823,24,,,1,20,,83831,24,,,1,102,,83811,24,,,1,100,,83803,24,,,1,100,,83827,24,,,1,100,,83828,24,,,1,100,,83814,24,,,2,62,,83802,24,,,1,19,,83819,24,,,2,19,,83816,24,,,1,64,,83829,24,,,1,22,,83798,24,,,1,19,,83824,24,,,1,60,,83817,24,,,1,20,,83830,24,,,1,18,,83820,24,,,2,64,,83825,24,,,2,20,,83818,24,,,1,18,,83826,24,,,1,60,,83832,24,,,2,94,,83805,24,,,2,100,,83804,24,,,1,55,,83808,24,,,1,100,,83821,24,,,1
