6701,'Samedi-0',631,,73794,9,,,1,100,,73800,9,,,1,100,,73796,9,,,1,101,,73795,9,,,1,70,,73798,9,,,1,30,,73803,9,,,1,70,,73804,9,,,1,30,,73797,9,,,1,70,,73799,9,,,1,30,,73802,9,,,1,70,,73805,9,,,1,30,,73806,9,,,1,70,,73801,9,,,1,30,,73807,9,,,1,70,,73808,9,,,1,30,,73809,9,,,1,70,,73810,9,,,1,30,,73811,9,,,1,71,,73812,9,,,1,29,,73813,9,,,1,70,,73814,9,,,1,29,,73815,9,,,1,70,,73816,9,,,1,100,,73817,9,,,1,100,,73818,9,,,1,100,,73820,9,,,1,100,,73819,9,,,1
6701,'Samedi-10',631,,73821,9,,,1,100,,73827,9,,,1,100,,73823,9,,,1,101,,73822,9,,,1,70,,73825,9,,,1,30,,73830,9,,,1,70,,73831,9,,,1,30,,73824,9,,,1,70,,73826,9,,,1,30,,73829,9,,,1,70,,73832,9,,,1,30,,73833,9,,,1,70,,73828,9,,,1,30,,73834,9,,,1,70,,73835,9,,,1,30,,73836,9,,,1,70,,73837,9,,,1,30,,73838,9,,,1,71,,73839,9,,,1,29,,73840,9,,,1,70,,73841,9,,,1,29,,73842,9,,,1,70,,73843,9,,,1,100,,73844,9,,,1,100,,73845,9,,,1,100,,73847,9,,,1,100,,73846,9,,,1
6701,'Samedi-11',631,,73848,9,,,1,100,,73854,9,,,1,100,,73850,9,,,1,101,,73849,9,,,1,70,,73852,9,,,1,30,,73857,9,,,1,70,,73858,9,,,1,30,,73851,9,,,1,70,,73853,9,,,1,30,,73856,9,,,1,70,,73859,9,,,1,30,,73860,9,,,1,70,,73855,9,,,1,30,,73861,9,,,1,70,,73862,9,,,1,30,,73863,9,,,1,70,,73864,9,,,1,30,,73865,9,,,1,71,,73866,9,,,1,29,,73867,9,,,1,70,,73868,9,,,1,29,,73869,9,,,1,70,,73870,9,,,1,100,,73871,9,,,1,100,,73872,9,,,1,100,,73874,9,,,1,100,,73873,9,,,1
6701,'Dimanche-0',631,,73875,9,,,1,100,,73878,9,,,1,100,,73880,9,,,1,101,,73883,9,,,1,70,,73889,9,,,1,30,,73877,9,,,1,70,,73890,9,,,1,30,,73881,9,,,1,70,,73884,9,,,1,30,,73882,9,,,1,70,,73876,9,,,1,30,,73886,9,,,1,70,,73887,9,,,1,30,,73879,9,,,1,70,,73885,9,,,1,30,,73892,9,,,1,70,,73888,9,,,1,30,,73895,9,,,1,71,,73896,9,,,1,29,,73893,9,,,1,70,,73898,9,,,1,29,,73891,9,,,1,70,,73897,9,,,1,100,,73894,9,,,1,100,,73899,9,,,1,100,,73900,9,,,1,100,,73901,9,,,1
6701,'Dimanche-10',631,,73902,9,,,1,100,,73905,9,,,1,100,,73907,9,,,1,101,,73910,9,,,1,70,,73916,9,,,1,30,,73904,9,,,1,70,,73917,9,,,1,30,,73908,9,,,1,70,,73911,9,,,1,30,,73909,9,,,1,70,,73903,9,,,1,30,,73913,9,,,1,70,,73914,9,,,1,30,,73906,9,,,1,70,,73912,9,,,1,30,,73919,9,,,1,70,,73915,9,,,1,30,,73922,9,,,1,71,,73923,9,,,1,29,,73920,9,,,1,70,,73925,9,,,1,29,,73918,9,,,1,70,,73924,9,,,1,100,,73921,9,,,1,100,,73926,9,,,1,100,,73927,9,,,1,100,,73928,9,,,1
6701,'Semaine-0',907,,73976,9,,,1,20,,73965,9,,,1,20,,73983,9,,,1,60,,73969,9,,,1,20,,73963,9,,,1,20,,73984,9,,,1,60,,73977,9,,,1,20,,73966,9,,,1,20,,73985,9,,,1,60,,73970,9,,,1,20,,73973,9,,,1,20,,73986,9,,,1,60,,73972,9,,,1,20,,73967,9,,,1,20,,73987,9,,,1,60,,73978,9,,,1,20,,73980,9,,,1,20,,73982,9,,,1,60,,73974,9,,,1,31,,73958,9,,,1,70,,73981,9,,,1,30,,73961,9,,,1,70,,73979,9,,,1,30,,73975,9,,,1,69,,73968,9,,,1,30,,73956,9,,,1,69,,73971,9,,,1,30,,73959,9,,,2,70,,73988,9,,,2,30,,73957,9,,,1,70,,73990,9,,,1,30,,73960,9,,,2,70,,73991,9,,,1,30,,73962,9,,,1,70,,73989,9,,,1,30,,73964,9,,,2
6701,'Semaine-10',907,,74012,9,,,1,20,,74001,9,,,1,20,,74019,9,,,1,60,,74005,9,,,1,20,,73999,9,,,1,20,,74020,9,,,1,60,,74013,9,,,1,20,,74002,9,,,1,20,,74021,9,,,1,60,,74006,9,,,1,20,,74009,9,,,1,20,,74022,9,,,1,60,,74008,9,,,1,20,,74003,9,,,1,20,,74023,9,,,1,60,,74014,9,,,1,20,,74016,9,,,1,20,,74018,9,,,1,60,,74010,9,,,1,31,,73994,9,,,1,70,,74017,9,,,1,30,,73997,9,,,1,70,,74015,9,,,1,30,,74011,9,,,1,69,,74004,9,,,1,30,,73992,9,,,1,69,,74007,9,,,1,30,,73995,9,,,2,70,,74024,9,,,2,30,,73993,9,,,1,70,,74026,9,,,1,30,,73996,9,,,2,70,,74027,9,,,1,30,,73998,9,,,1,70,,74025,9,,,1,30,,74000,9,,,2
6701,'Semaine-11',907,,74048,9,,,1,20,,74037,9,,,1,20,,74055,9,,,1,60,,74041,9,,,1,20,,74035,9,,,1,20,,74056,9,,,1,60,,74049,9,,,1,20,,74038,9,,,1,20,,74057,9,,,1,60,,74042,9,,,1,20,,74045,9,,,1,20,,74058,9,,,1,60,,74044,9,,,1,20,,74039,9,,,1,20,,74059,9,,,1,60,,74050,9,,,1,20,,74052,9,,,1,20,,74054,9,,,1,60,,74046,9,,,1,31,,74030,9,,,1,70,,74053,9,,,1,30,,74033,9,,,1,70,,74051,9,,,1,30,,74047,9,,,1,69,,74040,9,,,1,30,,74028,9,,,1,69,,74043,9,,,1,30,,74031,9,,,2,70,,74060,9,,,2,30,,74029,9,,,1,70,,74062,9,,,1,30,,74032,9,,,2,70,,74063,9,,,1,30,,74034,9,,,1,70,,74061,9,,,1,30,,74036,9,,,2
8701,'Semaine-0',514,,76670,9,,,1,30,,76663,9,,,1,69,,76668,9,,,1,19,,76666,9,,,1,13,,76664,9,,,1,56,,76673,9,,,1,17,,76669,9,,,1,15,,76665,9,,,1,16,,76672,9,,,1,58,,76671,9,,,2,20,,76667,9,,,1,20,,76662,9,,,1
8701,'Semaine-10',514,,76682,9,,,1,30,,76675,9,,,1,69,,76680,9,,,1,19,,76678,9,,,1,13,,76676,9,,,1,56,,76685,9,,,1,17,,76681,9,,,1,15,,76677,9,,,1,16,,76684,9,,,1,58,,76683,9,,,2,20,,76679,9,,,1,20,,76674,9,,,1
8701,'Semaine-11',514,,76694,9,,,1,30,,76687,9,,,1,69,,76692,9,,,1,19,,76690,9,,,1,13,,76688,9,,,1,56,,76697,9,,,1,17,,76693,9,,,1,15,,76689,9,,,1,16,,76696,9,,,1,58,,76695,9,,,2,20,,76691,9,,,1,20,,76686,9,,,1
