2800,'Semaine-1',1559,,80055,17,,,1,82,,80056,17,,,1,91,,80057,17,,,1
2800,'Semaine-12',1559,,80058,17,,,1,82,,80059,17,,,1,91,,80060,17,,,1
2900,'Semaine-1',1552,,80070,22,,,2,75,,80069,22,,,1,32,,80067,22,,,2,65,,80071,22,,,1,30,,80068,22,,,1
2900,'Semaine-12',1552,,80075,22,,,2,75,,80074,22,,,1,32,,80072,22,,,2,65,,80076,22,,,1,30,,80073,22,,,1
3400,'Samedi-1',741,,80773,23,,,1,100,,80778,23,,,1,70,,80774,23,,,1,31,,80780,23,,,1,70,,80781,23,,,1,30,,80775,23,,,1,70,,80776,23,,,1,30,,80777,23,,,1,70,,80779,23,,,1,31,,80782,23,,,1,70,,80784,23,,,1,30,,80783,23,,,1,70,,80785,23,,,1,30,,80786,23,,,1,70,,80787,23,,,1,30,,80788,23,,,1,70,,80789,23,,,1,30,,80790,23,,,1,70,,80791,23,,,1,30,,80792,23,,,1,70,,80793,23,,,1,30,,80794,23,,,1,69,,80795,23,,,1,29,,80796,23,,,1,71,,80797,23,,,1,30,,80798,23,,,1,70,,80799,23,,,1,30,,80800,23,,,1,70,,80801,23,,,1,30,,80803,23,,,1,70,,80802,23,,,1,29,,80805,23,,,1,70,,80804,23,,,1,27,,80806,23,,,1
3400,'Samedi-10',741,,67369,23,,,1,100,,67374,23,,,1,70,,67370,23,,,1,31,,67376,23,,,1,70,,67377,23,,,1,30,,67371,23,,,1,70,,67372,23,,,1,30,,67373,23,,,1,70,,67375,23,,,1,31,,67378,23,,,1,70,,67380,23,,,1,30,,67379,23,,,1,70,,67381,23,,,1,30,,67382,23,,,1,70,,67383,23,,,1,30,,67384,23,,,1,70,,67385,23,,,1,30,,67386,23,,,1,70,,67387,23,,,1,30,,67388,23,,,1,70,,67389,23,,,1,30,,67390,23,,,1,69,,67391,23,,,1,29,,67392,23,,,1,71,,67393,23,,,1,30,,67394,23,,,1,70,,67395,23,,,1,30,,67396,23,,,1,70,,67397,23,,,1,30,,67399,23,,,1,70,,67398,23,,,1,29,,67401,23,,,1,70,,67400,23,,,1,27,,67402,23,,,1
3400,'Dimanche-1',741,,80811,23,,,1,100,,80831,23,,,1,70,,80813,23,,,1,31,,80817,23,,,1,70,,80810,23,,,1,30,,80818,23,,,1,70,,80809,23,,,1,30,,80808,23,,,1,70,,80821,23,,,1,31,,80812,23,,,1,70,,80815,23,,,1,30,,80814,23,,,1,70,,80807,23,,,1,30,,80823,23,,,1,70,,80819,23,,,1,30,,80820,23,,,1,70,,80816,23,,,1,30,,80827,23,,,1,70,,80826,23,,,1,30,,80824,23,,,1,70,,80822,23,,,1,30,,80825,23,,,1,69,,80830,23,,,1,29,,80828,23,,,1,71,,80829,23,,,1,30,,80832,23,,,1,70,,80833,23,,,1,30,,80834,23,,,1,70,,80835,23,,,1,30,,80836,23,,,1,70,,80837,23,,,1,29,,80839,23,,,1,70,,80838,23,,,1,27,,80840,23,,,1
3400,'Semaine-1',618,,80871,23,,,1,29,,80856,23,,,1,72,,80850,23,,,1,34,,80854,23,,,1,71,,80845,23,,,2,29,,80865,23,,,1,70,,80851,23,,,1,28,,80841,23,,,1,70,,80846,23,,,1,30,,80847,23,,,1,70,,80852,23,,,1,30,,80842,23,,,1,70,,80872,23,,,1,30,,80848,23,,,1,70,,80853,23,,,1,30,,80843,23,,,1,72,,80869,23,,,1,30,,80844,23,,,1,65,,80870,23,,,1,306,,80868,23,,,1,20,,80857,23,,,1,68,,80849,23,,,1,30,,80861,23,,,1,70,,80867,23,,,1,31,,80858,23,,,1,69,,80860,23,,,1,30,,80862,23,,,1,70,,80855,23,,,1,30,,80864,23,,,1,69,,80859,23,,,1,29,,80863,23,,,1,70,,80866,23,,,1
3400,'Semaine-12',618,,80903,23,,,1,29,,80888,23,,,1,72,,80882,23,,,1,34,,80886,23,,,1,71,,80877,23,,,2,29,,80897,23,,,1,70,,80883,23,,,1,28,,80873,23,,,1,70,,80878,23,,,1,30,,80879,23,,,1,70,,80884,23,,,1,30,,80874,23,,,1,70,,80904,23,,,1,30,,80880,23,,,1,70,,80885,23,,,1,30,,80875,23,,,1,72,,80901,23,,,1,30,,80876,23,,,1,65,,80902,23,,,1,306,,80900,23,,,1,20,,80889,23,,,1,68,,80881,23,,,1,30,,80893,23,,,1,70,,80899,23,,,1,31,,80890,23,,,1,69,,80892,23,,,1,30,,80894,23,,,1,70,,80887,23,,,1,30,,80896,23,,,1,69,,80891,23,,,1,29,,80895,23,,,1,70,,80898,23,,,1
5600,'Semaine-1',650,,82719,35,,,1,64,,82717,35,,,1,6,,82721,35,,,1,31,,82720,35,,,1,72,,82714,35,,,1,100,,82713,35,,,1,107,,82715,35,,,1,98,,82718,35,,,2,101,,82716,35,,,1
5600,'Semaine-12',650,,82728,35,,,1,64,,82726,35,,,1,6,,82730,35,,,1,31,,82729,35,,,1,72,,82723,35,,,1,100,,82722,35,,,1,107,,82724,35,,,1,98,,82727,35,,,2,101,,82725,35,,,1
32900,'Semaine-1',815,,85907,15,0,7 8,1
32900,'Semaine-12',815,,85908,15,0,7 8,1
42900,'Semaine-1',717,,86765,8,0,9 14,1,2,,86766,8,0,9 14,2
42900,'Semaine-12',717,,86767,8,0,9 14,1,2,,86768,8,0,9 14,2
55400,'Semaine-1',713,,86810,25,0,5 6,2
55400,'Semaine-12',713,,86812,25,0,5 6,2
72900,'Semaine-1',1635,,86873,20,0,5 11,2
72900,'Semaine-12',1635,,86874,20,0,5 11,2
82900,'Semaine-1',1540,,87134,20,0,9 12 13,1
82900,'Semaine-12',1540,,87137,20,0,9 12 13,1
