4100,'Semaine-1',1550,,81932,35,,,1,71,,81934,35,,,1,35,,81933,35,,,2,64,,81931,35,,,1,29,,81935,35,,,1
4100,'Semaine-12',1550,,81937,35,,,1,71,,81939,35,,,1,35,,81938,35,,,2,64,,81936,35,,,1,29,,81940,35,,,1
4901,'Samedi-1',749,,82116,43,,,1,100,,82115,43,,,1,100,,82117,43,,,1,102,,82113,43,,,1,100,,82118,43,,,1,102,,82114,43,,,1,100,,82119,43,,,1,100,,82120,43,,,1,100,,82121,43,,,1,100,,82122,43,,,1,100,,82123,43,,,1,97,,82124,43,,,1,100,,82125,43,,,1,100,,82126,43,,,1,100,,82127,43,,,1,98,,82128,43,,,1,100,,82129,43,,,1
4901,'Samedi-10',749,,70061,43,,,1,100,,70060,43,,,1,100,,70062,43,,,1,102,,70058,43,,,1,100,,70063,43,,,1,102,,70059,43,,,1,100,,70064,43,,,1,100,,70065,43,,,1,100,,70066,43,,,1,100,,70067,43,,,1,100,,70068,43,,,1,97,,70069,43,,,1,100,,70070,43,,,1,100,,70071,43,,,1,100,,70072,43,,,1,98,,70073,43,,,1,100,,70074,43,,,1
4901,'Dimanche-1',749,,82143,43,,,1,100,,82132,43,,,1,100,,82142,43,,,1,102,,82135,43,,,1,100,,82131,43,,,1,102,,82130,43,,,1,100,,82133,43,,,1,100,,82134,43,,,1,100,,82137,43,,,1,100,,82136,43,,,1,100,,82140,43,,,1,97,,82139,43,,,1,100,,82141,43,,,1,100,,82138,43,,,1,100,,82144,43,,,1,98,,82145,43,,,1,100,,82146,43,,,1
4901,'Semaine-1',633,,82153,43,,,1,89,,82158,43,,,1,31,,82174,43,,,1,73,,82170,43,,,1,30,,82168,43,,,1,66,,82178,43,,,1,28,,82160,43,,,1,69,,82176,43,,,1,29,,82172,43,,,1,72,,82147,43,,,1,30,,82169,43,,,1,70,,82148,43,,,1,30,,82154,43,,,1,70,,82156,43,,,1,30,,82161,43,,,1,69,,82177,43,,,1,32,,82159,43,,,1,71,,82179,43,,,1,25,,82175,43,,,1,12,,82162,43,,,1,55,,82149,43,,,1,15,,82165,43,,,1,30,,82155,43,,,1,66,,82157,43,,,1,29,,82173,43,,,1,66,,82167,43,,,1,30,,82171,43,,,1,94,,82150,43,,,1,80,,82166,43,,,1,101,,82164,43,,,1,95,,82151,43,,,1,100,,82163,43,,,1,96,,82152,43,,,1
4901,'Semaine-12',633,,82186,43,,,1,89,,82191,43,,,1,31,,82207,43,,,1,73,,82203,43,,,1,30,,82201,43,,,1,66,,82211,43,,,1,28,,82193,43,,,1,69,,82209,43,,,1,29,,82205,43,,,1,72,,82180,43,,,1,30,,82202,43,,,1,70,,82181,43,,,1,30,,82187,43,,,1,70,,82189,43,,,1,30,,82194,43,,,1,69,,82210,43,,,1,32,,82192,43,,,1,71,,82212,43,,,1,25,,82208,43,,,1,12,,82195,43,,,1,55,,82182,43,,,1,15,,82198,43,,,1,30,,82188,43,,,1,66,,82190,43,,,1,29,,82206,43,,,1,66,,82200,43,,,1,30,,82204,43,,,1,94,,82183,43,,,1,80,,82199,43,,,1,101,,82197,43,,,1,95,,82184,43,,,1,100,,82196,43,,,1,96,,82185,43,,,1
5201,'Samedi-1',649,,82303,29,,,1,100,,82304,29,,,1,99,,82305,29,,,1,100,,82306,29,,,1,101,,82308,29,,,1,100,,82307,29,,,1,100,,82309,29,,,1,100,,82310,29,,,1,101,,82311,29,,,1,99,,82312,29,,,1,100,,82313,29,,,1,100,,82314,29,,,1,99,,82317,29,,,1,100,,82315,29,,,1,99,,82319,29,,,1,100,,82316,29,,,1,100,,82318,29,,,1,101,,82320,29,,,1
5201,'Samedi-10',649,,70449,29,,,1,100,,70450,29,,,1,99,,70451,29,,,1,100,,70452,29,,,1,101,,70454,29,,,1,100,,70453,29,,,1,100,,70455,29,,,1,100,,70456,29,,,1,101,,70457,29,,,1,99,,70458,29,,,1,100,,70459,29,,,1,100,,70460,29,,,1,99,,70463,29,,,1,100,,70461,29,,,1,99,,70465,29,,,1,100,,70462,29,,,1,100,,70464,29,,,1,101,,70466,29,,,1
5201,'Dimanche-1',649,,82321,29,,,1,100,,82322,29,,,1,99,,82323,29,,,1,100,,82326,29,,,1,101,,82324,29,,,1,100,,82328,29,,,1,100,,82325,29,,,1,100,,82330,29,,,1,101,,82327,29,,,1,99,,82329,29,,,1,100,,82332,29,,,1,100,,82334,29,,,1,99,,82331,29,,,1,100,,82333,29,,,1,99,,82335,29,,,1,100,,82336,29,,,1,100,,82337,29,,,1,101,,82338,29,,,1
5201,'Semaine-1',620,,82354,29,,,1,100,,82356,29,,,1,103,,82355,29,,,1,97,,82339,29,,,1,101,,82345,29,,,1,99,,82342,29,,,1,100,,82349,29,,,1,100,,82340,29,,,1,100,,82344,29,,,1,102,,82343,29,,,1,100,,82353,29,,,1,100,,82352,29,,,1,98,,82346,29,,,1,98,,82347,29,,,1,100,,82351,29,,,1,100,,82348,29,,,1,100,,82350,29,,,1,100,,82341,29,,,2
5201,'Semaine-12',620,,82372,29,,,1,100,,82374,29,,,1,103,,82373,29,,,1,97,,82357,29,,,1,101,,82363,29,,,1,99,,82360,29,,,1,100,,82367,29,,,1,100,,82358,29,,,1,100,,82362,29,,,1,102,,82361,29,,,1,100,,82371,29,,,1,100,,82370,29,,,1,98,,82364,29,,,1,98,,82365,29,,,1,100,,82369,29,,,1,100,,82366,29,,,1,100,,82368,29,,,1,100,,82359,29,,,2
5500,'Samedi-1',718,,82390,36,,,1,30,,82387,36,,,1,70,,82388,36,,,1,30,,82391,36,,,1,70,,82389,36,,,1,30,,82396,36,,,1,73,,82393,36,,,1,30,,82394,36,,,1,68,,82399,36,,,1,32,,82398,36,,,1,70,,82392,36,,,1,30,,82395,36,,,1,70,,82397,36,,,1,30,,82400,36,,,1,70,,82401,36,,,1,30,,82402,36,,,1,70,,82403,36,,,1,30,,82404,36,,,1,70,,82405,36,,,1,32,,82406,36,,,1,70,,82407,36,,,1,30,,82408,36,,,1,70,,82409,36,,,1,30,,82410,36,,,1,67,,82412,36,,,1,30,,82411,36,,,1,70,,82413,36,,,1,30,,82415,36,,,1,70,,82414,36,,,1,30,,82416,36,,,1,68,,82417,36,,,1,30,,82420,36,,,1,70,,82422,36,,,1,30,,82419,36,,,1,70,,82418,36,,,1,27,,82421,36,,,1
5500,'Samedi-10',718,,70650,36,,,1,30,,70647,36,,,1,70,,70648,36,,,1,30,,70651,36,,,1,70,,70649,36,,,1,30,,70656,36,,,1,73,,70653,36,,,1,30,,70654,36,,,1,68,,70659,36,,,1,32,,70658,36,,,1,70,,70652,36,,,1,30,,70655,36,,,1,70,,70657,36,,,1,30,,70660,36,,,1,70,,70661,36,,,1,30,,70662,36,,,1,70,,70663,36,,,1,30,,70664,36,,,1,70,,70665,36,,,1,32,,70666,36,,,1,70,,70667,36,,,1,30,,70668,36,,,1,70,,70669,36,,,1,30,,70670,36,,,1,67,,70672,36,,,1,30,,70671,36,,,1,70,,70673,36,,,1,30,,70675,36,,,1,70,,70674,36,,,1,30,,70676,36,,,1,68,,70677,36,,,1,30,,70680,36,,,1,70,,70682,36,,,1,30,,70679,36,,,1,70,,70678,36,,,1,27,,70681,36,,,1
5500,'Dimanche-1',718,,82427,36,,,1,30,,82432,36,,,1,70,,82424,36,,,1,30,,82429,36,,,1,70,,82426,36,,,1,30,,82423,36,,,1,73,,82434,36,,,1,30,,82428,36,,,1,68,,82425,36,,,1,32,,82437,36,,,1,70,,82433,36,,,1,30,,82438,36,,,1,70,,82431,36,,,1,30,,82430,36,,,1,70,,82436,36,,,1,30,,82441,36,,,1,70,,82435,36,,,1,30,,82440,36,,,1,70,,82443,36,,,1,32,,82447,36,,,1,70,,82442,36,,,1,30,,82448,36,,,1,70,,82439,36,,,1,30,,82445,36,,,1,67,,82446,36,,,1,30,,82449,36,,,1,70,,82444,36,,,1,30,,82450,36,,,1,70,,82452,36,,,1,30,,82451,36,,,1,68,,82453,36,,,1,30,,82455,36,,,1,70,,82456,36,,,1,30,,82454,36,,,1,70,,82457,36,,,1,27,,82458,36,,,1
5500,'Semaine-1',652,,82461,36,,,1,104,,82477,36,,,1,69,,82460,36,,,1,96,,82496,36,,,1,28,,82497,36,,,1,70,,82466,36,,,1,30,,82476,36,,,1,69,,82480,36,,,1,33,,82502,36,,,1,70,,82462,36,,,1,30,,82501,36,,,1,69,,82479,36,,,1,30,,82494,36,,,1,70,,82488,36,,,1,25,,82495,36,,,1,56,,82481,36,,,1,14,,82459,36,,,1,17,,82500,36,,,1,17,,82470,36,,,1,55,,82503,36,,,1,13,,82491,36,,,1,10,,82463,36,,,1,13,,82474,36,,,1,18,,82506,36,,,1,49,,82499,36,,,1,11,,82465,36,,,1,11,,82482,36,,,1,10,,82475,36,,,1,11,,82504,36,,,1,52,,82489,36,,,1,7,,82469,36,,,1,12,,82464,36,,,1,10,,82505,36,,,1,11,,82473,36,,,1,11,,82468,36,,,1,50,,82478,36,,,1,30,,82493,36,,,1,69,,82498,36,,,1,30,,82485,36,,,1,70,,82471,36,,,1,30,,82492,36,,,1,68,,82483,36,,,1,28,,82486,36,,,1,29,,82472,36,,,1,70,,82487,36,,,1,30,,82484,36,,,1,69,,82467,36,,,1,30,,82490,36,,,1
5500,'Semaine-12',652,,82509,36,,,1,104,,82525,36,,,1,69,,82508,36,,,1,96,,82544,36,,,1,28,,82545,36,,,1,70,,82514,36,,,1,30,,82524,36,,,1,69,,82528,36,,,1,33,,82550,36,,,1,70,,82510,36,,,1,30,,82549,36,,,1,69,,82527,36,,,1,30,,82542,36,,,1,70,,82536,36,,,1,25,,82543,36,,,1,56,,82529,36,,,1,14,,82507,36,,,1,17,,82548,36,,,1,17,,82518,36,,,1,55,,82551,36,,,1,13,,82539,36,,,1,10,,82511,36,,,1,13,,82522,36,,,1,18,,82554,36,,,1,49,,82547,36,,,1,11,,82513,36,,,1,11,,82530,36,,,1,10,,82523,36,,,1,11,,82552,36,,,1,52,,82537,36,,,1,7,,82517,36,,,1,12,,82512,36,,,1,10,,82553,36,,,1,11,,82521,36,,,1,11,,82516,36,,,1,50,,82526,36,,,1,30,,82541,36,,,1,69,,82546,36,,,1,30,,82533,36,,,1,70,,82519,36,,,1,30,,82540,36,,,1,68,,82531,36,,,1,28,,82534,36,,,1,29,,82520,36,,,1,70,,82535,36,,,1,30,,82532,36,,,1,69,,82515,36,,,1,30,,82538,36,,,1
5800,'Semaine-1',836,,82749,23,,,1,398,,82750,23,,,1,301,,82752,23,,,1,71,,82747,23,,,1,31,,82748,23,,,1,69,,82751,23,,,1,29,,82746,23,,,2,69,,82745,23,,,1
5800,'Semaine-12',836,,82757,23,,,1,398,,82758,23,,,1,301,,82760,23,,,1,71,,82755,23,,,1,31,,82756,23,,,1,69,,82759,23,,,1,29,,82754,23,,,2,69,,82753,23,,,1
5900,'Samedi-1',734,,82779,36,,,1,70,,82782,36,,,1,30,,82775,36,,,1,70,,82781,36,,,1,30,,82778,36,,,1,70,,82783,36,,,1,30,,82787,36,,,1,70,,82788,36,,,1,30,,82777,36,,,1,70,,82776,36,,,1,31,,82786,36,,,1,71,,82780,36,,,1,30,,82784,36,,,1,71,,82789,36,,,1,30,,82785,36,,,1,70,,82790,36,,,1,30,,82791,36,,,1,69,,82792,36,,,1,30,,82793,36,,,1,73,,82794,36,,,1,28,,82795,36,,,1,70,,82796,36,,,1,29,,82797,36,,,1,70,,82798,36,,,1,30,,82799,36,,,1,68,,82801,36,,,1,30,,82800,36,,,1,70,,82803,36,,,1,30,,82802,36,,,1,69,,82804,36,,,1,30,,82805,36,,,1,70,,82807,36,,,1,30,,82806,36,,,1,70,,82808,36,,,1
5900,'Samedi-10',734,,71438,36,,,1,70,,71441,36,,,1,30,,71434,36,,,1,70,,71440,36,,,1,30,,71437,36,,,1,70,,71442,36,,,1,30,,71446,36,,,1,70,,71447,36,,,1,30,,71436,36,,,1,70,,71435,36,,,1,31,,71445,36,,,1,71,,71439,36,,,1,30,,71443,36,,,1,71,,71448,36,,,1,30,,71444,36,,,1,70,,71449,36,,,1,30,,71450,36,,,1,69,,71451,36,,,1,30,,71452,36,,,1,73,,71453,36,,,1,28,,71454,36,,,1,70,,71455,36,,,1,29,,71456,36,,,1,70,,71457,36,,,1,30,,71458,36,,,1,68,,71460,36,,,1,30,,71459,36,,,1,70,,71462,36,,,1,30,,71461,36,,,1,69,,71463,36,,,1,30,,71464,36,,,1,70,,71466,36,,,1,30,,71465,36,,,1,70,,71467,36,,,1
5900,'Dimanche-1',734,,82814,36,,,1,70,,82813,36,,,1,30,,82809,36,,,1,70,,82818,36,,,1,30,,82824,36,,,1,70,,82815,36,,,1,30,,82822,36,,,1,70,,82817,36,,,1,30,,82823,36,,,1,70,,82810,36,,,1,31,,82821,36,,,1,71,,82811,36,,,1,30,,82819,36,,,1,71,,82825,36,,,1,30,,82812,36,,,1,70,,82816,36,,,1,30,,82820,36,,,1,69,,82829,36,,,1,30,,82830,36,,,1,73,,82827,36,,,1,28,,82832,36,,,1,70,,82828,36,,,1,29,,82834,36,,,1,70,,82826,36,,,1,30,,82831,36,,,1,68,,82835,36,,,1,30,,82833,36,,,1,70,,82836,36,,,1,30,,82837,36,,,1,69,,82838,36,,,1,30,,82839,36,,,1,70,,82841,36,,,1,30,,82840,36,,,1,70,,82842,36,,,1
5900,'Semaine-1',619,,82850,36,,,1,98,,82885,36,,,1,88,,82890,36,,,1,48,,82866,36,,,1,82,,82862,36,,,1,68,,82883,36,,,1,30,,82859,36,,,1,70,,82882,36,,,1,30,,82873,36,,,1,70,,82867,36,,,1,33,,82875,36,,,1,70,,82858,36,,,1,30,,82886,36,,,1,70,,82849,36,,,1,31,,82880,36,,,1,14,,82851,36,,,1,58,,82884,36,,,1,31,,82844,36,,,1,14,,82888,36,,,1,55,,82843,36,,,1,8,,82878,36,,,1,17,,82874,36,,,1,7,,82887,31,,,1,6,,82861,36,,,1,53,,82845,36,,,1,6,,82889,31,,,1,6,,82846,36,,,1,12,,82854,36,,,1,9,,82881,36,,,1,12,,82870,36,,,1,11,,82857,36,,,1,49,,82879,36,,,1,10,,82865,36,,,1,12,,82877,36,,,1,9,,82847,36,,,1,11,,82852,36,,,1,71,,82872,36,,,1,29,,82863,36,,,1,70,,82868,36,,,1,30,,82856,36,,,1,70,,82864,36,,,1,30,,82869,36,,,1,68,,82876,36,,,1,30,,82853,36,,,1,70,,82871,36,,,1,28,,82860,36,,,1,70,,82848,36,,,1,28,,82855,36,,,1
5900,'Semaine-12',619,,82898,36,,,1,98,,82933,36,,,1,88,,82938,36,,,1,48,,82914,36,,,1,82,,82910,36,,,1,68,,82931,36,,,1,30,,82907,36,,,1,70,,82930,36,,,1,30,,82921,36,,,1,70,,82915,36,,,1,33,,82923,36,,,1,70,,82906,36,,,1,30,,82934,36,,,1,70,,82897,36,,,1,31,,82928,36,,,1,14,,82899,36,,,1,58,,82932,36,,,1,31,,82892,36,,,1,14,,82936,36,,,1,55,,82891,36,,,1,8,,82926,36,,,1,17,,82922,36,,,1,7,,82935,31,,,1,6,,82909,36,,,1,53,,82893,36,,,1,6,,82937,31,,,1,6,,82894,36,,,1,12,,82902,36,,,1,9,,82929,36,,,1,12,,82918,36,,,1,11,,82905,36,,,1,49,,82927,36,,,1,10,,82913,36,,,1,12,,82925,36,,,1,9,,82895,36,,,1,11,,82900,36,,,1,71,,82920,36,,,1,29,,82911,36,,,1,70,,82916,36,,,1,30,,82904,36,,,1,70,,82912,36,,,1,30,,82917,36,,,1,68,,82924,36,,,1,30,,82901,36,,,1,70,,82919,36,,,1,28,,82908,36,,,1,70,,82896,36,,,1,28,,82903,36,,,1
54901,'Semaine-1',1555,,86796,36,,,1
54901,'Semaine-12',1555,,86798,36,,,1
65500,'Semaine-1',734,,86863,29,0,9 10,1
65500,'Semaine-12',734,,86864,29,0,9 10,1
80001,'Samedi-1',642,,87007,38,,,1,101,,87009,38,,,1,101,,87010,38,,,1,100,,87013,38,,,1,101,,87008,38,,,1,100,,87011,38,,,1,102,,87014,38,,,1,100,,87012,38,,,1,100,,87015,38,,,1,100,,87016,38,,,1,100,,87017,38,,,2,102,,87018,38,,,1,97,,87021,38,,,1,99,,87019,38,,,1,100,,87020,38,,,1,100,,87022,38,,,1,97,,87023,38,,,1
80001,'Samedi-10',642,,79670,38,,,1,101,,79672,38,,,1,101,,79673,38,,,1,100,,79676,38,,,1,101,,79671,38,,,1,100,,79674,38,,,1,102,,79677,38,,,1,100,,79675,38,,,1,100,,79678,38,,,1,100,,79679,38,,,1,100,,79680,38,,,2,102,,79681,38,,,1,97,,79684,38,,,1,99,,79682,38,,,1,100,,79683,38,,,1,100,,79685,38,,,1,97,,79686,38,,,1
80001,'Dimanche-1',642,,87024,38,,,1,101,,87026,38,,,1,101,,87028,38,,,1,100,,87025,38,,,1,101,,87027,38,,,1,100,,87029,38,,,1,102,,87030,38,,,1,100,,87031,38,,,1,100,,87034,38,,,1,100,,87032,38,,,1,100,,87033,38,,,2,102,,87036,38,,,1,97,,87037,38,,,1,99,,87035,38,,,1,100,,87038,38,,,1,100,,87039,38,,,1,97,,87040,38,,,1
80001,'Semaine-1',637,,87062,38,,,1,68,,87055,38,,,1,35,,87063,38,,,1,69,,87047,38,,,1,32,,87045,38,,,1,67,,87052,38,,,1,27,,87058,38,,,1,70,,87070,38,,,1,30,,87061,38,,,2,70,,87053,38,,,1,30,,87067,38,,,1,70,,87041,38,,,1,30,,87075,38,,,1,70,,87073,38,,,1,34,,87043,38,,,1,70,,87066,38,,,1,30,,87057,38,,,1,70,,87064,38,,,1,35,,87074,38,,,1,69,,87059,38,,,1,17,,87069,38,,,1,22,,87071,38,,,1,64,,87068,38,,,1,27,,87060,38,,,1,70,,87050,38,,,1,25,,87048,38,,,1,67,,87042,38,,,1,29,,87072,38,,,1,72,,87054,38,,,1,27,,87051,38,,,1,70,,87056,38,,,1,29,,87044,38,,,1,70,,87065,38,,,1,32,,87046,38,,,1,70,,87049,38,,,1
80001,'Semaine-12',637,,87097,38,,,1,68,,87090,38,,,1,35,,87098,38,,,1,69,,87082,38,,,1,32,,87080,38,,,1,67,,87087,38,,,1,27,,87093,38,,,1,70,,87105,38,,,1,30,,87096,38,,,2,70,,87088,38,,,1,30,,87102,38,,,1,70,,87076,38,,,1,30,,87110,38,,,1,70,,87108,38,,,1,34,,87078,38,,,1,70,,87101,38,,,1,30,,87092,38,,,1,70,,87099,38,,,1,35,,87109,38,,,1,69,,87094,38,,,1,17,,87104,38,,,1,22,,87106,38,,,1,64,,87103,38,,,1,27,,87095,38,,,1,70,,87085,38,,,1,25,,87083,38,,,1,67,,87077,38,,,1,29,,87107,38,,,1,72,,87089,38,,,1,27,,87086,38,,,1,70,,87091,38,,,1,29,,87079,38,,,1,70,,87100,38,,,1,32,,87081,38,,,1,70,,87084,38,,,1
