4000,'Semaine-1',1534,,81911,28,,,1,70,,81907,28,,,2,35,,81910,28,,,1,67,,81909,28,,,1,28,,81908,28,,,1,69,,81912,28,,,1
4000,'Semaine-12',1534,,81917,28,,,1,70,,81913,28,,,2,35,,81916,28,,,1,67,,81915,28,,,1,28,,81914,28,,,1,69,,81918,28,,,1
4100,'Semaine-1',1545,,81932,28,,,1,71,,81934,28,,,1,35,,81933,28,,,2,64,,81931,28,,,1,29,,81935,28,,,1
4100,'Semaine-12',1545,,81937,28,,,1,71,,81939,28,,,1,35,,81938,28,,,2,64,,81936,28,,,1,29,,81940,28,,,1
4700,'Semaine-1',1542,,81983,28,,,1,102,,81984,28,,,1,96,,81985,28,,,2
4700,'Semaine-12',1542,,81986,28,,,1,102,,81987,28,,,1,96,,81988,28,,,2
4901,'Samedi-1',743,,82116,36,,,1,100,,82115,36,,,1,100,,82117,36,,,1,102,,82113,36,,,1,100,,82118,36,,,1,102,,82114,36,,,1,100,,82119,36,,,1,100,,82120,36,,,1,100,,82121,36,,,1,100,,82122,36,,,1,100,,82123,36,,,1,97,,82124,36,,,1,100,,82125,36,,,1,100,,82126,36,,,1,100,,82127,36,,,1,100,,82128,36,,,1,100,,82129,36,,,1
4901,'Samedi-10',743,,70061,36,,,1,100,,70060,36,,,1,100,,70062,36,,,1,102,,70058,36,,,1,100,,70063,36,,,1,102,,70059,36,,,1,100,,70064,36,,,1,100,,70065,36,,,1,100,,70066,36,,,1,100,,70067,36,,,1,100,,70068,36,,,1,97,,70069,36,,,1,100,,70070,36,,,1,100,,70071,36,,,1,100,,70072,36,,,1,100,,70073,36,,,1,100,,70074,36,,,1
4901,'Dimanche-1',743,,82143,36,,,1,100,,82132,36,,,1,100,,82142,36,,,1,102,,82135,36,,,1,100,,82131,36,,,1,102,,82130,36,,,1,100,,82133,36,,,1,100,,82134,36,,,1,100,,82137,36,,,1,100,,82136,36,,,1,100,,82140,36,,,1,97,,82139,36,,,1,100,,82141,36,,,1,100,,82138,36,,,1,100,,82144,36,,,1,100,,82145,36,,,1,100,,82146,36,,,1
4901,'Semaine-1',627,,82153,36,,,1,89,,82158,36,,,1,31,,82174,36,,,1,72,,82170,36,,,1,30,,82168,36,,,1,67,,82178,36,,,1,28,,82160,36,,,1,69,,82176,36,,,1,28,,82172,36,,,1,72,,82147,36,,,1,30,,82169,36,,,1,70,,82148,36,,,1,30,,82154,36,,,1,70,,82156,36,,,1,30,,82161,36,,,1,69,,82177,36,,,1,32,,82159,36,,,1,73,,82179,36,,,1,24,,82175,36,,,1,12,,82162,36,,,1,55,,82149,36,,,1,15,,82165,36,,,1,30,,82155,36,,,1,65,,82157,36,,,1,30,,82173,36,,,1,66,,82167,36,,,1,30,,82171,36,,,1,94,,82150,36,,,1,80,,82166,36,,,1,101,,82164,36,,,1,97,,82151,36,,,1,100,,82163,36,,,1,97,,82152,36,,,1
4901,'Semaine-12',627,,82186,36,,,1,89,,82191,36,,,1,31,,82207,36,,,1,72,,82203,36,,,1,30,,82201,36,,,1,67,,82211,36,,,1,28,,82193,36,,,1,69,,82209,36,,,1,28,,82205,36,,,1,72,,82180,36,,,1,30,,82202,36,,,1,70,,82181,36,,,1,30,,82187,36,,,1,70,,82189,36,,,1,30,,82194,36,,,1,69,,82210,36,,,1,32,,82192,36,,,1,73,,82212,36,,,1,24,,82208,36,,,1,12,,82195,36,,,1,55,,82182,36,,,1,15,,82198,36,,,1,30,,82188,36,,,1,65,,82190,36,,,1,30,,82206,36,,,1,66,,82200,36,,,1,30,,82204,36,,,1,94,,82183,36,,,1,80,,82199,36,,,1,101,,82197,36,,,1,97,,82184,36,,,1,100,,82196,36,,,1,97,,82185,36,,,1
5500,'Samedi-1',713,,82390,29,,,1,30,,82387,29,,,1,70,,82388,29,,,1,30,,82391,29,,,1,70,,82389,29,,,1,30,,82396,29,,,1,72,,82393,29,,,1,30,,82394,29,,,1,70,,82399,29,,,1,30,,82398,29,,,1,70,,82392,29,,,1,30,,82395,29,,,1,70,,82397,29,,,1,30,,82400,29,,,1,70,,82401,29,,,1,30,,82402,29,,,1,70,,82403,29,,,1,30,,82404,29,,,1,70,,82405,29,,,1,31,,82406,29,,,1,70,,82407,29,,,1,30,,82408,29,,,1,70,,82409,29,,,1,30,,82410,29,,,1,68,,82412,29,,,1,30,,82411,29,,,1,70,,82413,29,,,1,30,,82415,29,,,1,70,,82414,29,,,1,30,,82416,29,,,1,70,,82417,29,,,1,30,,82420,29,,,1,70,,82422,29,,,1,30,,82419,29,,,1,70,,82418,29,,,1,28,,82421,29,,,1
5500,'Samedi-10',713,,70650,29,,,1,30,,70647,29,,,1,70,,70648,29,,,1,30,,70651,29,,,1,70,,70649,29,,,1,30,,70656,29,,,1,72,,70653,29,,,1,30,,70654,29,,,1,70,,70659,29,,,1,30,,70658,29,,,1,70,,70652,29,,,1,30,,70655,29,,,1,70,,70657,29,,,1,30,,70660,29,,,1,70,,70661,29,,,1,30,,70662,29,,,1,70,,70663,29,,,1,30,,70664,29,,,1,70,,70665,29,,,1,31,,70666,29,,,1,70,,70667,29,,,1,30,,70668,29,,,1,70,,70669,29,,,1,30,,70670,29,,,1,68,,70672,29,,,1,30,,70671,29,,,1,70,,70673,29,,,1,30,,70675,29,,,1,70,,70674,29,,,1,30,,70676,29,,,1,70,,70677,29,,,1,30,,70680,29,,,1,70,,70682,29,,,1,30,,70679,29,,,1,70,,70678,29,,,1,28,,70681,29,,,1
5500,'Dimanche-1',713,,82427,29,,,1,30,,82432,29,,,1,70,,82424,29,,,1,30,,82429,29,,,1,70,,82426,29,,,1,30,,82423,29,,,1,72,,82434,29,,,1,30,,82428,29,,,1,70,,82425,29,,,1,30,,82437,29,,,1,70,,82433,29,,,1,30,,82438,29,,,1,70,,82431,29,,,1,30,,82430,29,,,1,70,,82436,29,,,1,30,,82441,29,,,1,70,,82435,29,,,1,30,,82440,29,,,1,70,,82443,29,,,1,31,,82447,29,,,1,70,,82442,29,,,1,30,,82448,29,,,1,70,,82439,29,,,1,30,,82445,29,,,1,68,,82446,29,,,1,30,,82449,29,,,1,70,,82444,29,,,1,30,,82450,29,,,1,70,,82452,29,,,1,30,,82451,29,,,1,70,,82453,29,,,1,30,,82455,29,,,1,70,,82456,29,,,1,30,,82454,29,,,1,70,,82457,29,,,1,28,,82458,29,,,1
5500,'Semaine-1',647,,82461,29,,,1,102,,82477,29,,,1,69,,82460,29,,,1,98,,82496,29,,,1,28,,82497,29,,,1,69,,82466,29,,,1,30,,82476,29,,,1,69,,82480,29,,,1,32,,82502,29,,,1,70,,82462,29,,,1,30,,82501,29,,,1,69,,82479,29,,,1,30,,82494,29,,,1,70,,82488,29,,,1,25,,82495,29,,,1,16,,82481,29,,,1,54,,82459,29,,,1,17,,82500,29,,,1,17,,82470,29,,,1,15,,82503,29,,,1,53,,82491,29,,,1,10,,82463,29,,,1,13,,82474,29,,,1,18,,82506,29,,,1,49,,82499,29,,,1,11,,82465,29,,,1,11,,82482,29,,,1,10,,82475,29,,,1,11,,82504,29,,,1,12,,82489,29,,,1,48,,82469,29,,,1,12,,82464,29,,,1,10,,82505,29,,,1,11,,82473,29,,,1,11,,82468,29,,,1,10,,82478,29,,,1,70,,82493,29,,,1,29,,82498,29,,,1,70,,82485,29,,,1,30,,82471,29,,,1,70,,82492,29,,,1,28,,82483,29,,,1,70,,82486,29,,,1,29,,82472,29,,,1,70,,82487,29,,,1,30,,82484,29,,,1,69,,82467,29,,,1,30,,82490,29,,,1
5500,'Semaine-12',647,,82509,29,,,1,102,,82525,29,,,1,69,,82508,29,,,1,98,,82544,29,,,1,28,,82545,29,,,1,69,,82514,29,,,1,30,,82524,29,,,1,69,,82528,29,,,1,32,,82550,29,,,1,70,,82510,29,,,1,30,,82549,29,,,1,69,,82527,29,,,1,30,,82542,29,,,1,70,,82536,29,,,1,25,,82543,29,,,1,16,,82529,29,,,1,54,,82507,29,,,1,17,,82548,29,,,1,17,,82518,29,,,1,15,,82551,29,,,1,53,,82539,29,,,1,10,,82511,29,,,1,13,,82522,29,,,1,18,,82554,29,,,1,49,,82547,29,,,1,11,,82513,29,,,1,11,,82530,29,,,1,10,,82523,29,,,1,11,,82552,29,,,1,12,,82537,29,,,1,48,,82517,29,,,1,12,,82512,29,,,1,10,,82553,29,,,1,11,,82521,29,,,1,11,,82516,29,,,1,10,,82526,29,,,1,70,,82541,29,,,1,29,,82546,29,,,1,70,,82533,29,,,1,30,,82519,29,,,1,70,,82540,29,,,1,28,,82531,29,,,1,70,,82534,29,,,1,29,,82520,29,,,1,70,,82535,29,,,1,30,,82532,29,,,1,69,,82515,29,,,1,30,,82538,29,,,1
5800,'Semaine-1',829,,82749,16,,,1,399,,82750,16,,,1,300,,82752,16,,,1,31,,82747,16,,,1,71,,82748,16,,,1,29,,82751,16,,,1,69,,82746,16,,,2,29,,82745,16,,,1
5800,'Semaine-12',829,,82757,16,,,1,399,,82758,16,,,1,300,,82760,16,,,1,31,,82755,16,,,1,71,,82756,16,,,1,29,,82759,16,,,1,69,,82754,16,,,2,29,,82753,16,,,1
5900,'Samedi-1',729,,82779,29,,,1,30,,82782,29,,,1,70,,82775,29,,,1,30,,82781,29,,,1,70,,82778,29,,,1,30,,82783,29,,,1,70,,82787,29,,,1,30,,82788,29,,,1,70,,82777,29,,,1,30,,82776,29,,,1,71,,82786,29,,,1,70,,82780,29,,,1,30,,82784,29,,,1,71,,82789,29,,,1,30,,82785,29,,,1,70,,82790,29,,,1,30,,82791,29,,,1,69,,82792,29,,,1,30,,82793,29,,,1,73,,82794,29,,,1,28,,82795,29,,,1,70,,82796,29,,,1,29,,82797,29,,,1,70,,82798,29,,,1,30,,82799,29,,,1,29,,82801,29,,,1,70,,82800,29,,,1,30,,82803,29,,,1,70,,82802,29,,,1,29,,82804,29,,,1,71,,82805,29,,,1,30,,82807,29,,,1,70,,82806,29,,,1,30,,82808,29,,,1
5900,'Samedi-10',729,,71438,29,,,1,30,,71441,29,,,1,70,,71434,29,,,1,30,,71440,29,,,1,70,,71437,29,,,1,30,,71442,29,,,1,70,,71446,29,,,1,30,,71447,29,,,1,70,,71436,29,,,1,30,,71435,29,,,1,71,,71445,29,,,1,70,,71439,29,,,1,30,,71443,29,,,1,71,,71448,29,,,1,30,,71444,29,,,1,70,,71449,29,,,1,30,,71450,29,,,1,69,,71451,29,,,1,30,,71452,29,,,1,73,,71453,29,,,1,28,,71454,29,,,1,70,,71455,29,,,1,29,,71456,29,,,1,70,,71457,29,,,1,30,,71458,29,,,1,29,,71460,29,,,1,70,,71459,29,,,1,30,,71462,29,,,1,70,,71461,29,,,1,29,,71463,29,,,1,71,,71464,29,,,1,30,,71466,29,,,1,70,,71465,29,,,1,30,,71467,29,,,1
5900,'Dimanche-1',729,,82814,29,,,1,30,,82813,29,,,1,70,,82809,29,,,1,30,,82818,29,,,1,70,,82824,29,,,1,30,,82815,29,,,1,70,,82822,29,,,1,30,,82817,29,,,1,70,,82823,29,,,1,30,,82810,29,,,1,71,,82821,29,,,1,70,,82811,29,,,1,30,,82819,29,,,1,71,,82825,29,,,1,30,,82812,29,,,1,70,,82816,29,,,1,30,,82820,29,,,1,69,,82829,29,,,1,30,,82830,29,,,1,73,,82827,29,,,1,28,,82832,29,,,1,70,,82828,29,,,1,29,,82834,29,,,1,70,,82826,29,,,1,30,,82831,29,,,1,29,,82835,29,,,1,70,,82833,29,,,1,30,,82836,29,,,1,70,,82837,29,,,1,29,,82838,29,,,1,71,,82839,29,,,1,30,,82841,29,,,1,70,,82840,29,,,1,30,,82842,29,,,1
5900,'Semaine-1',615,,82850,29,,,1,98,,82885,29,,,1,87,,82890,29,,,1,48,,82866,29,,,1,82,,82862,29,,,1,28,,82883,29,,,1,70,,82859,29,,,1,30,,82882,29,,,1,70,,82873,29,,,1,30,,82867,29,,,1,72,,82875,29,,,1,70,,82858,29,,,1,30,,82886,29,,,1,70,,82849,29,,,1,31,,82880,29,,,1,14,,82851,29,,,1,58,,82884,29,,,1,31,,82844,29,,,1,14,,82888,29,,,1,55,,82843,29,,,1,8,,82878,29,,,1,17,,82874,29,,,1,7,,82887,24,,,1,6,,82861,29,,,1,13,,82845,29,,,1,46,,82889,24,,,1,6,,82846,29,,,1,12,,82854,29,,,1,9,,82881,29,,,1,12,,82870,29,,,1,11,,82857,29,,,1,9,,82879,29,,,1,52,,82865,29,,,1,12,,82877,29,,,1,9,,82847,29,,,1,10,,82852,29,,,1,71,,82872,29,,,1,29,,82863,29,,,1,70,,82868,29,,,1,29,,82856,29,,,1,70,,82864,29,,,1,30,,82869,29,,,1,70,,82876,29,,,1,30,,82853,29,,,1,70,,82871,29,,,1,29,,82860,29,,,1,70,,82848,29,,,1,28,,82855,29,,,1
5900,'Semaine-12',615,,82898,29,,,1,98,,82933,29,,,1,87,,82938,29,,,1,48,,82914,29,,,1,82,,82910,29,,,1,28,,82931,29,,,1,70,,82907,29,,,1,30,,82930,29,,,1,70,,82921,29,,,1,30,,82915,29,,,1,72,,82923,29,,,1,70,,82906,29,,,1,30,,82934,29,,,1,70,,82897,29,,,1,31,,82928,29,,,1,14,,82899,29,,,1,58,,82932,29,,,1,31,,82892,29,,,1,14,,82936,29,,,1,55,,82891,29,,,1,8,,82926,29,,,1,17,,82922,29,,,1,7,,82935,24,,,1,6,,82909,29,,,1,13,,82893,29,,,1,46,,82937,24,,,1,6,,82894,29,,,1,12,,82902,29,,,1,9,,82929,29,,,1,12,,82918,29,,,1,11,,82905,29,,,1,9,,82927,29,,,1,52,,82913,29,,,1,12,,82925,29,,,1,9,,82895,29,,,1,10,,82900,29,,,1,71,,82920,29,,,1,29,,82911,29,,,1,70,,82916,29,,,1,29,,82904,29,,,1,70,,82912,29,,,1,30,,82917,29,,,1,70,,82924,29,,,1,30,,82901,29,,,1,70,,82919,29,,,1,29,,82908,29,,,1,70,,82896,29,,,1,28,,82903,29,,,1
54901,'Semaine-1',1549,,86796,29,,,1
54901,'Semaine-12',1549,,86798,29,,,1
64700,'Semaine-1',711,,86855,5,0,9 10,1
64700,'Semaine-12',711,,86856,5,0,9 10,1
65500,'Semaine-1',729,,86863,22,0,9 10,1
65500,'Semaine-12',729,,86864,22,0,9 10,1
74000,'Semaine-1',1639,,86880,25,0,5 11,1
74000,'Semaine-12',1639,,86882,25,0,5 11,1
75401,'Semaine-1',721,,86899,12,0,9 18,1
75401,'Semaine-12',721,,86900,12,0,9 18,1
80001,'Samedi-1',637,,87007,31,,,1,101,,87009,31,,,1,101,,87010,31,,,1,100,,87013,31,,,1,101,,87008,31,,,1,100,,87011,31,,,1,101,,87014,31,,,1,100,,87012,31,,,1,100,,87015,31,,,1,100,,87016,31,,,1,100,,87017,31,,,2,102,,87018,31,,,1,97,,87021,31,,,1,99,,87019,31,,,1,100,,87020,31,,,1,100,,87022,31,,,1,99,,87023,31,,,1
80001,'Samedi-10',637,,79670,31,,,1,101,,79672,31,,,1,101,,79673,31,,,1,100,,79676,31,,,1,101,,79671,31,,,1,100,,79674,31,,,1,101,,79677,31,,,1,100,,79675,31,,,1,100,,79678,31,,,1,100,,79679,31,,,1,100,,79680,31,,,2,102,,79681,31,,,1,97,,79684,31,,,1,99,,79682,31,,,1,100,,79683,31,,,1,100,,79685,31,,,1,99,,79686,31,,,1
80001,'Dimanche-1',637,,87024,31,,,1,101,,87026,31,,,1,101,,87028,31,,,1,100,,87025,31,,,1,101,,87027,31,,,1,100,,87029,31,,,1,101,,87030,31,,,1,100,,87031,31,,,1,100,,87034,31,,,1,100,,87032,31,,,1,100,,87033,31,,,2,102,,87036,31,,,1,97,,87037,31,,,1,99,,87035,31,,,1,100,,87038,31,,,1,100,,87039,31,,,1,99,,87040,31,,,1
80001,'Semaine-1',630,,87062,31,,,1,28,,87055,31,,,1,73,,87063,31,,,1,70,,87047,31,,,1,33,,87045,31,,,1,68,,87052,31,,,1,26,,87058,31,,,1,30,,87070,31,,,1,70,,87061,31,,,2,30,,87053,31,,,1,70,,87067,31,,,1,30,,87041,31,,,1,71,,87075,31,,,1,29,,87073,31,,,1,74,,87043,31,,,1,70,,87066,31,,,1,30,,87057,31,,,1,70,,87064,31,,,1,33,,87074,31,,,1,69,,87059,31,,,1,17,,87069,31,,,1,22,,87071,31,,,1,64,,87068,31,,,1,27,,87060,31,,,1,70,,87050,31,,,1,28,,87048,31,,,1,27,,87042,31,,,1,69,,87072,31,,,1,72,,87054,31,,,1,27,,87051,31,,,1,30,,87056,31,,,1,69,,87044,31,,,1,30,,87065,31,,,1,74,,87046,31,,,1,70,,87049,31,,,1
80001,'Semaine-12',630,,87097,31,,,1,28,,87090,31,,,1,73,,87098,31,,,1,70,,87082,31,,,1,33,,87080,31,,,1,68,,87087,31,,,1,26,,87093,31,,,1,30,,87105,31,,,1,70,,87096,31,,,2,30,,87088,31,,,1,70,,87102,31,,,1,30,,87076,31,,,1,71,,87110,31,,,1,29,,87108,31,,,1,74,,87078,31,,,1,70,,87101,31,,,1,30,,87092,31,,,1,70,,87099,31,,,1,33,,87109,31,,,1,69,,87094,31,,,1,17,,87104,31,,,1,22,,87106,31,,,1,64,,87103,31,,,1,27,,87095,31,,,1,70,,87085,31,,,1,28,,87083,31,,,1,27,,87077,31,,,1,69,,87107,31,,,1,72,,87089,31,,,1,27,,87086,31,,,1,30,,87091,31,,,1,69,,87079,31,,,1,30,,87100,31,,,1,74,,87081,31,,,1,70,,87084,31,,,1
