3600,'Semaine-1',907,,81164,15,,,1,100,,81165,15,,,1,101,,81163,15,,,1,100,,81166,15,,,1,100,,81168,15,,,1,100,,81169,15,,,1,99,,81167,15,,,1
3600,'Semaine-12',907,,81171,15,,,1,100,,81172,15,,,1,101,,81170,15,,,1,100,,81173,15,,,1,100,,81175,15,,,1,100,,81176,15,,,1,99,,81174,15,,,1
3700,'Samedi-1',730,,81191,15,,,1,100,,81192,15,,,1,100,,81194,15,,,1,101,,81195,15,,,1,100,,81193,15,,,1,100,,81196,15,,,1,100,,81197,15,,,1,100,,81198,15,,,1,100,,81199,15,,,1,100,,81200,15,,,1,100,,81201,15,,,1,100,,81202,15,,,1,99,,81203,15,,,1,100,,81204,15,,,1,100,,81205,15,,,1,100,,81206,15,,,1,99,,81207,15,,,1,100,,81208,15,,,1
3700,'Samedi-10',730,,68178,15,,,1,100,,68179,15,,,1,100,,68181,15,,,1,101,,68182,15,,,1,100,,68180,15,,,1,100,,68183,15,,,1,100,,68184,15,,,1,100,,68185,15,,,1,100,,68186,15,,,1,100,,68187,15,,,1,100,,68188,15,,,1,100,,68189,15,,,1,99,,68190,15,,,1,100,,68191,15,,,1,100,,68192,15,,,1,100,,68193,15,,,1,99,,68194,15,,,1,100,,68195,15,,,1
3700,'Dimanche-1',730,,81211,15,,,1,100,,81214,15,,,1,100,,81216,15,,,1,101,,81212,15,,,1,100,,81209,15,,,1,100,,81213,15,,,1,100,,81210,15,,,1,100,,81215,15,,,1,100,,81217,15,,,1,100,,81219,15,,,1,100,,81218,15,,,1,100,,81222,15,,,1,99,,81221,15,,,1,100,,81220,15,,,1,100,,81223,15,,,1,100,,81224,15,,,1,99,,81225,15,,,1,100,,81226,15,,,1
3700,'Semaine-1',648,,81248,15,,,1,81,,81254,15,,,1,74,,81245,15,,,1,28,,81229,15,,,1,69,,81243,15,,,1,49,,81235,15,,,1,100,,81231,15,,,1,100,,81232,15,,,1,100,,81233,15,,,1,100,,81234,15,,,1,100,,81240,15,,,1,88,,81241,15,,,1,16,,81242,15,,,1,55,,81228,15,,,1,15,,81250,15,,,1,25,,81237,15,,,1,70,,81246,15,,,1,23,,81236,15,,,1,68,,81230,15,,,1,29,,81227,15,,,1,68,,81238,15,,,1,30,,81253,15,,,1,69,,81244,15,,,1,36,,81255,15,,,1,99,,81251,15,,,1,100,,81239,15,,,1,100,,81249,15,,,1,99,,81252,15,,,1,15,,81247,15,,,1
3700,'Semaine-12',648,,81277,15,,,1,81,,81283,15,,,1,74,,81274,15,,,1,28,,81258,15,,,1,69,,81272,15,,,1,49,,81264,15,,,1,100,,81260,15,,,1,100,,81261,15,,,1,100,,81262,15,,,1,100,,81263,15,,,1,100,,81269,15,,,1,88,,81270,15,,,1,16,,81271,15,,,1,55,,81257,15,,,1,15,,81279,15,,,1,25,,81266,15,,,1,70,,81275,15,,,1,23,,81265,15,,,1,68,,81259,15,,,1,29,,81256,15,,,1,68,,81267,15,,,1,30,,81282,15,,,1,69,,81273,15,,,1,36,,81284,15,,,1,99,,81280,15,,,1,100,,81268,15,,,1,100,,81278,15,,,1,99,,81281,15,,,1,15,,81276,15,,,1
3800,'Samedi-1',742,,81376,13,,,1,72,,81369,13,,,1,20,,81370,13,,,1,80,,81381,13,,,1,29,,81373,13,,,1,71,,81371,13,,,1,28,,81382,13,,,1,72,,81374,13,,,1,28,,81380,13,,,1,71,,81372,13,,,1,27,,81375,13,,,1,74,,81379,13,,,1,26,,81377,13,,,1,74,,81378,13,,,1,30,,81383,13,,,1,71,,81384,13,,,1,30,,81385,13,,,1,69,,81386,13,,,1,21,,81387,13,,,1,79,,81388,13,,,1,30,,81389,13,,,1,70,,81390,13,,,1,30,,81391,13,,,1,70,,81392,13,,,1,31,,81393,13,,,1,69,,81394,13,,,1,30,,81396,13,,,1,70,,81395,13,,,1,29,,81398,13,,,1,70,,81397,13,,,1,30,,81399,13,,,1,70,,81400,13,,,1,30,,81401,13,,,1
3800,'Samedi-10',742,,68572,13,,,1,72,,68565,13,,,1,20,,68566,13,,,1,80,,68577,13,,,1,29,,68569,13,,,1,71,,68567,13,,,1,28,,68578,13,,,1,72,,68570,13,,,1,28,,68576,13,,,1,71,,68568,13,,,1,27,,68571,13,,,1,74,,68575,13,,,1,26,,68573,13,,,1,74,,68574,13,,,1,30,,68579,13,,,1,71,,68580,13,,,1,30,,68581,13,,,1,69,,68582,13,,,1,21,,68583,13,,,1,79,,68584,13,,,1,30,,68585,13,,,1,70,,68586,13,,,1,30,,68587,13,,,1,70,,68588,13,,,1,31,,68589,13,,,1,69,,68590,13,,,1,30,,68592,13,,,1,70,,68591,13,,,1,29,,68594,13,,,1,70,,68593,13,,,1,30,,68595,13,,,1,70,,68596,13,,,1,30,,68597,13,,,1
3800,'Dimanche-1',742,,81405,13,,,1,72,,81410,13,,,1,20,,81413,13,,,1,80,,81411,13,,,1,29,,81404,13,,,1,71,,81426,13,,,1,28,,81403,13,,,1,72,,81406,13,,,1,28,,81427,13,,,1,71,,81425,13,,,1,27,,81407,13,,,1,74,,81417,13,,,1,26,,81414,13,,,1,74,,81408,13,,,1,30,,81412,13,,,1,71,,81419,13,,,1,30,,81402,13,,,1,69,,81409,13,,,1,21,,81416,13,,,1,79,,81421,13,,,1,30,,81415,13,,,1,70,,81423,13,,,1,30,,81420,13,,,1,70,,81424,13,,,1,31,,81422,13,,,1,69,,81418,13,,,1,30,,81428,13,,,1,70,,81429,13,,,1,29,,81430,13,,,1,70,,81431,13,,,1,30,,81432,13,,,1,70,,81433,13,,,1,30,,81434,13,,,1
3800,'Semaine-1',654,,81451,13,,,1,59,,81467,13,,,1,32,,81462,13,,,1,70,,81475,13,,,1,30,,81472,13,,,1,70,,81448,13,,,1,20,,81444,13,,,1,20,,81455,13,,,1,60,,81440,13,,,1,20,,81464,13,,,1,20,,81449,13,,,1,61,,81445,13,,,1,20,,81456,13,,,1,20,,81441,13,,,1,60,,81463,13,,,1,20,,81474,13,,,1,20,,81446,13,,,1,60,,81457,13,,,1,20,,81465,13,,,1,20,,81476,13,,,1,60,,81450,13,,,1,21,,81447,13,,,1,21,,81458,13,,,1,70,,81471,13,,,1,72,,81436,13,,,1,30,,81460,13,,,1,74,,81469,13,,,1,24,,81459,13,,,1,28,,81473,13,,,1,69,,81439,13,,,1,29,,81470,13,,,1,69,,81453,13,,,1,31,,81461,13,,,1,71,,81466,13,,,1,28,,81468,13,,,1,70,,81452,13,,,1,30,,81438,13,,,1,70,,81454,13,,,1,30,,81442,13,,,1,70,,81437,13,,,1,30,,81435,13,,,1,68,,81443,13,,,1
3800,'Semaine-12',654,,81493,13,,,1,59,,81509,13,,,1,32,,81504,13,,,1,70,,81517,13,,,1,30,,81514,13,,,1,70,,81490,13,,,1,20,,81486,13,,,1,20,,81497,13,,,1,60,,81482,13,,,1,20,,81506,13,,,1,20,,81491,13,,,1,61,,81487,13,,,1,20,,81498,13,,,1,20,,81483,13,,,1,60,,81505,13,,,1,20,,81516,13,,,1,20,,81488,13,,,1,60,,81499,13,,,1,20,,81507,13,,,1,20,,81518,13,,,1,60,,81492,13,,,1,21,,81489,13,,,1,21,,81500,13,,,1,70,,81513,13,,,1,72,,81478,13,,,1,30,,81502,13,,,1,74,,81511,13,,,1,24,,81501,13,,,1,28,,81515,13,,,1,69,,81481,13,,,1,29,,81512,13,,,1,69,,81495,13,,,1,31,,81503,13,,,1,71,,81508,13,,,1,28,,81510,13,,,1,70,,81494,13,,,1,30,,81480,13,,,1,70,,81496,13,,,1,30,,81484,13,,,1,70,,81479,13,,,1,30,,81477,13,,,1,68,,81485,13,,,1
37100,'Samedi-1',800,,85916,15,,,1,100,,85920,15,,,1,100,,85915,15,,,1,101,,85921,15,,,1,100,,85917,15,,,1,100,,85918,15,,,1,100,,85919,15,,,1,100,,85922,15,,,1,100,,85923,15,,,1,100,,85924,15,,,1,100,,85925,15,,,1,100,,85926,15,,,1,100,,85927,15,,,1,99,,85928,15,,,1,100,,85929,15,,,1,100,,85930,15,,,1,59,,85931,15,,,1
37100,'Samedi-10',800,,77442,15,,,1,100,,77446,15,,,1,100,,77441,15,,,1,101,,77447,15,,,1,100,,77443,15,,,1,100,,77444,15,,,1,100,,77445,15,,,1,100,,77448,15,,,1,100,,77449,15,,,1,100,,77450,15,,,1,100,,77451,15,,,1,100,,77452,15,,,1,100,,77453,15,,,1,99,,77454,15,,,1,100,,77455,15,,,1,100,,77456,15,,,1,59,,77457,15,,,1
37100,'Dimanche-1',800,,85932,15,,,1,100,,85934,15,,,1,100,,85936,15,,,1,101,,85937,15,,,1,100,,85944,15,,,1,100,,85933,15,,,1,100,,85938,15,,,1,100,,85935,15,,,1,100,,85940,15,,,1,100,,85942,15,,,1,100,,85943,15,,,1,100,,85941,15,,,1,100,,85939,15,,,1,99,,85945,15,,,1,100,,85946,15,,,1,100,,85947,15,,,1,59,,85948,15,,,1
37100,'Semaine-1',707,,85962,15,,,1,33,,85959,15,,,1,70,,85955,15,,,1,29,,85950,15,,,1,90,,85969,15,,,1,98,,85954,15,,,1,101,,85956,15,,,1,100,,85968,15,,,1,100,,85963,15,,,1,103,,85952,15,,,1,91,,85964,15,,,1,19,,85973,15,,,1,16,,85953,15,,,1,55,,85974,15,,,1,26,,85949,15,,,1,20,,85958,15,,,1,68,,85965,15,,,1,25,,85971,15,,,1,68,,85970,15,,,1,30,,85960,15,,,1,69,,85972,15,,,1,30,,85975,15,,,1,70,,85961,15,,,1,95,,85957,15,,,1,100,,85967,15,,,1,100,,85966,15,,,1,98,,85951,15,,,1
37100,'Semaine-12',707,,85989,15,,,1,33,,85986,15,,,1,70,,85982,15,,,1,29,,85977,15,,,1,90,,85996,15,,,1,98,,85981,15,,,1,101,,85983,15,,,1,100,,85995,15,,,1,100,,85990,15,,,1,103,,85979,15,,,1,91,,85991,15,,,1,19,,86000,15,,,1,16,,85980,15,,,1,55,,86001,15,,,1,26,,85976,15,,,1,20,,85985,15,,,1,68,,85992,15,,,1,25,,85998,15,,,1,68,,85997,15,,,1,30,,85987,15,,,1,69,,85999,15,,,1,30,,86002,15,,,1,70,,85988,15,,,1,95,,85984,15,,,1,100,,85994,15,,,1,100,,85993,15,,,1,98,,85978,15,,,1
43700,'Semaine-1',726,,86783,11,0,9 14,1,2,,86784,7,0,9 14,2
43700,'Semaine-12',726,,86785,11,0,9 14,1,2,,86786,7,0,9 14,2
