2501,'Semaine-1',550,,80009,1,,,2,69,,80008,1,,,1,30,,80006,1,,,1,70,,80007,1,,,2,31,,80010,1,,,1,69,,80005,1,,,2
2501,'Semaine-12',550,,80015,1,,,2,69,,80014,1,,,1,30,,80012,1,,,1,70,,80013,1,,,2,31,,80016,1,,,1,69,,80011,1,,,2
3900,'Samedi-1',641,,81669,10,,,1,101,,81670,10,,,1,100,,81674,10,,,1,101,,81673,10,,,1,100,,81676,10,,,1,101,,81675,10,,,1,102,,81671,10,,,1,70,,81672,10,,,1,30,,81677,10,,,1,71,,81678,10,,,1,30,,81679,10,,,1,70,,81680,10,,,1,31,,81681,10,,,1,70,,81682,10,,,1,30,,81683,10,,,1,70,,81684,10,,,1,30,,81685,10,,,1,69,,81686,10,,,1,29,,81687,10,,,1,68,,81688,10,,,1,100,,81689,10,,,1,100,,81690,10,,,1,100,,81691,10,,,1,100,,81692,10,,,1
3900,'Samedi-10',641,,69204,10,,,1,101,,69205,10,,,1,100,,69209,10,,,1,101,,69208,10,,,1,100,,69211,10,,,1,101,,69210,10,,,1,102,,69206,10,,,1,70,,69207,10,,,1,30,,69212,10,,,1,71,,69213,10,,,1,30,,69214,10,,,1,70,,69215,10,,,1,31,,69216,10,,,1,70,,69217,10,,,1,30,,69218,10,,,1,70,,69219,10,,,1,30,,69220,10,,,1,69,,69221,10,,,1,29,,69222,10,,,1,68,,69223,10,,,1,100,,69224,10,,,1,100,,69225,10,,,1,100,,69226,10,,,1,100,,69227,10,,,1
3900,'Dimanche-1',641,,81693,10,,,1,101,,81700,10,,,1,100,,81703,10,,,1,101,,81696,10,,,1,100,,81698,10,,,1,101,,81699,10,,,1,102,,81702,10,,,1,70,,81695,10,,,1,30,,81697,10,,,1,71,,81704,10,,,1,30,,81694,10,,,1,70,,81705,10,,,1,31,,81701,10,,,1,70,,81708,10,,,1,30,,81711,10,,,1,70,,81713,10,,,1,30,,81707,10,,,1,69,,81710,10,,,1,29,,81712,10,,,1,68,,81706,10,,,1,100,,81709,10,,,1,100,,81714,10,,,1,100,,81715,10,,,1,100,,81716,10,,,1
3900,'Semaine-1',618,,81734,10,,,1,22,,81720,10,,,1,70,,81739,10,,,1,28,,81732,10,,,1,76,,81733,10,,,1,32,,81731,10,,,1,72,,81728,10,,,1,30,,81745,10,,,2,70,,81740,10,,,1,30,,81752,10,,,1,70,,81737,10,,,2,30,,81741,10,,,1,70,,81729,10,,,1,31,,81727,10,,,1,70,,81742,10,,,1,29,,81730,10,,,2,70,,81717,10,,,1,34,,81743,10,,,1,73,,81724,10,,,1,29,,81726,10,,,1,72,,81744,10,,,2,32,,81723,10,,,1,68,,81718,10,,,1,29,,81746,10,,,1,67,,81725,10,,,1,32,,81719,10,,,2,69,,81747,10,,,2,32,,81722,10,,,1,65,,81738,10,,,2,26,,81748,10,,,1,70,,81721,10,,,1,30,,81736,10,,,1,69,,81749,10,,,1,30,,81735,10,,,1,72,,81751,10,,,1,28,,81750,10,,,1
3900,'Semaine-12',618,,81770,10,,,1,22,,81756,10,,,1,70,,81775,10,,,1,28,,81768,10,,,1,76,,81769,10,,,1,32,,81767,10,,,1,72,,81764,10,,,1,30,,81781,10,,,2,70,,81776,10,,,1,30,,81788,10,,,1,70,,81773,10,,,2,30,,81777,10,,,1,70,,81765,10,,,1,31,,81763,10,,,1,70,,81778,10,,,1,29,,81766,10,,,2,70,,81753,10,,,1,34,,81779,10,,,1,73,,81760,10,,,1,29,,81762,10,,,1,72,,81780,10,,,2,32,,81759,10,,,1,68,,81754,10,,,1,29,,81782,10,,,1,67,,81761,10,,,1,32,,81755,10,,,2,69,,81783,10,,,2,32,,81758,10,,,1,65,,81774,10,,,2,26,,81784,10,,,1,70,,81757,10,,,1,30,,81772,10,,,1,69,,81785,10,,,1,30,,81771,10,,,1,72,,81787,10,,,1,28,,81786,10,,,1
5000,'Semaine-1',652,,82216,26,,,1,62,,82214,26,,,1,7,,82215,5,,,2,25,,82217,26,,,2,70,,82213,26,,,1,107,,82218,26,,,1
5000,'Semaine-12',652,,82222,26,,,1,62,,82220,26,,,1,7,,82221,5,,,2,25,,82223,26,,,2,70,,82219,26,,,1,107,,82224,26,,,1
32501,'Semaine-1',803,,85899,1,0,7 8,1,3,,85900,1,0,7 8,1
32501,'Semaine-12',803,,85901,1,0,7 8,1,3,,85902,1,0,7 8,1
42500,'Semaine-1',653,,86753,1,0,9 14,1,2,,86754,1,0,9 14,2
42500,'Semaine-12',653,,86755,1,0,9 14,1,2,,86756,1,0,9 14,2
55000,'Semaine-1',706,,86799,26,0,5 6,1,2,,86800,26,0,5 6,1
55000,'Semaine-12',706,,86801,26,0,5 6,1,2,,86802,26,0,5 6,1
63901,'Semaine-1',712,,86835,27,0,9 10,1
63901,'Semaine-12',712,,86836,27,0,9 10,1
72501,'Semaine-1',800,,86869,1,0,5 11,2
72501,'Semaine-12',800,,86870,1,0,5 11,2
82501,'Semaine-1',733,,87116,1,0,9 12 13,1,1,,87117,1,0,9 12 13,1
82501,'Semaine-12',733,,87118,1,0,9 12 13,1,1,,87119,1,0,9 12 13,1
