4000,'Semaine-1',1601,,81911,57,4,,1,30,,81907,57,4,,2,74,,81910,57,4,,1,28,,81909,57,4,,1,67,,81908,57,4,,1,26,,81912,57,4,,1
4000,'Semaine-12',1601,,81917,57,4,,1,30,,81913,57,4,,2,74,,81916,57,4,,1,28,,81915,57,4,,1,67,,81914,57,4,,1,26,,81918,57,4,,1
5001,'Semaine-1',1652,,82225,39,,,1,103,,82227,39,,,1,93,,82226,39,,,2
5001,'Semaine-12',1652,,82228,39,,,1,103,,82230,39,,,1,93,,82229,39,,,2
5200,'Samedi-1',706,,82231,57,,,1,100,,82232,57,,,1,102,,82233,57,,,1,98,,82234,57,,,1,100,,82235,57,,,1,104,,82236,57,,,1,100,,82237,57,,,1,100,,82238,57,,,1,99,,82239,57,,,1,101,,82240,57,,,1,100,,82241,57,,,1,99,,82242,57,,,1,99,,82243,57,,,1,100,,82246,57,,,1,100,,82244,57,,,1,96,,82245,57,,,1,99,,82247,57,,,1,100,,82248,57,,,1
5200,'Samedi-10',706,,70287,57,,,1,100,,70288,57,,,1,102,,70289,57,,,1,98,,70290,57,,,1,100,,70291,57,,,1,104,,70292,57,,,1,100,,70293,57,,,1,100,,70294,57,,,1,99,,70295,57,,,1,101,,70296,57,,,1,100,,70297,57,,,1,99,,70298,57,,,1,99,,70299,57,,,1,100,,70302,57,,,1,100,,70300,57,,,1,96,,70301,57,,,1,99,,70303,57,,,1,100,,70304,57,,,1
5200,'Dimanche-1',706,,82250,57,,,1,100,,82249,57,,,1,102,,82251,57,,,1,98,,82254,57,,,1,100,,82252,57,,,1,104,,82253,57,,,1,100,,82257,57,,,1,100,,82256,57,,,1,99,,82258,57,,,1,101,,82255,57,,,1,100,,82259,57,,,1,99,,82261,57,,,1,99,,82262,57,,,1,100,,82260,57,,,1,100,,82263,57,,,1,96,,82264,57,,,1,99,,82265,57,,,1,100,,82266,57,,,1
5200,'Semaine-1',638,,82270,57,,,1,99,,82272,57,,,1,109,,82267,57,,,1,95,,82283,57,,,1,98,,82281,57,,,1,101,,82268,57,,,1,100,,82275,57,,,1,99,,82274,57,,,1,103,,82271,57,,,1,102,,82269,57,,,1,108,,82273,57,,,1,98,,82284,57,,,1,106,,82282,57,,,1,100,,82276,57,,,1,83,,82280,57,,,1,100,,82279,57,,,1,98,,82277,57,,,1,99,,82278,57,,,1
5200,'Semaine-12',638,,82288,57,,,1,99,,82290,57,,,1,109,,82285,57,,,1,95,,82301,57,,,1,98,,82299,57,,,1,101,,82286,57,,,1,100,,82293,57,,,1,99,,82292,57,,,1,103,,82289,57,,,1,102,,82287,57,,,1,108,,82291,57,,,1,98,,82302,57,,,1,106,,82300,57,,,1,100,,82294,57,,,1,83,,82298,57,,,1,100,,82297,57,,,1,98,,82295,57,,,1,99,,82296,57,,,1
55001,'Semaine-1',1559,,86805,37,0,5 6,1
55001,'Semaine-12',1559,,86808,37,0,5 6,1
64000,'Semaine-1',1516,,86839,18,0,9 10,2
64000,'Semaine-12',1516,,86842,18,0,9 10,2
74000,'Semaine-1',1703,,86880,54,0,5 11,1
74000,'Semaine-12',1703,,86882,54,0,5 11,1
