4500,'Semaine-1',1525,,81964,34,,,1,75,,81959,34,,,1,30,,81960,34,,,1,72,,81962,34,,,1,27,,81963,34,,,1,26,,81961,34,,,2
4500,'Semaine-12',1525,,81970,34,,,1,75,,81965,34,,,1,30,,81966,34,,,1,72,,81968,34,,,1,27,,81969,34,,,1,26,,81967,34,,,2
5200,'Samedi-1',639,,82231,20,,,1,100,,82232,20,,,1,100,,82233,20,,,1,101,,82234,20,,,1,100,,82235,20,,,1,101,,82236,20,,,1,101,,82237,20,,,1,100,,82238,20,,,1,99,,82239,20,,,1,100,,82240,20,,,1,100,,82241,20,,,1,100,,82242,20,,,1,99,,82243,20,,,1,100,,82246,20,,,1,100,,82244,20,,,1,100,,82245,20,,,1,98,,82247,20,,,1,100,,82248,20,,,1
5200,'Samedi-10',639,,70287,20,,,1,100,,70288,20,,,1,100,,70289,20,,,1,101,,70290,20,,,1,100,,70291,20,,,1,101,,70292,20,,,1,101,,70293,20,,,1,100,,70294,20,,,1,99,,70295,20,,,1,100,,70296,20,,,1,100,,70297,20,,,1,100,,70298,20,,,1,99,,70299,20,,,1,100,,70302,20,,,1,100,,70300,20,,,1,100,,70301,20,,,1,98,,70303,20,,,1,100,,70304,20,,,1
5200,'Dimanche-1',639,,82250,20,,,1,100,,82249,20,,,1,100,,82251,20,,,1,101,,82254,20,,,1,100,,82252,20,,,1,101,,82253,20,,,1,101,,82257,20,,,1,100,,82256,20,,,1,99,,82258,20,,,1,100,,82255,20,,,1,100,,82259,20,,,1,100,,82261,20,,,1,99,,82262,20,,,1,100,,82260,20,,,1,100,,82263,20,,,1,100,,82264,20,,,1,98,,82265,20,,,1,100,,82266,20,,,1
5200,'Semaine-1',610,,82270,20,,,1,98,,82272,20,,,1,107,,82267,20,,,1,98,,82283,20,,,1,97,,82281,20,,,1,101,,82268,20,,,1,100,,82275,20,,,1,100,,82274,20,,,1,100,,82271,20,,,1,101,,82269,20,,,1,108,,82273,20,,,1,100,,82284,20,,,1,107,,82282,20,,,1,99,,82276,20,,,1,84,,82280,20,,,1,100,,82279,20,,,1,100,,82277,20,,,1,100,,82278,20,,,1
5200,'Semaine-12',610,,82288,20,,,1,98,,82290,20,,,1,107,,82285,20,,,1,98,,82301,20,,,1,97,,82299,20,,,1,101,,82286,20,,,1,100,,82293,20,,,1,100,,82292,20,,,1,100,,82289,20,,,1,101,,82287,20,,,1,108,,82291,20,,,1,100,,82302,20,,,1,107,,82300,20,,,1,99,,82294,20,,,1,84,,82298,20,,,1,100,,82297,20,,,1,100,,82295,20,,,1,100,,82296,20,,,1
64501,'Semaine-1',1520,,86853,26,0,9 10,1
64501,'Semaine-12',1520,,86854,26,0,9 10,1
75201,'Semaine-1',1514,,86892,12,0,9 18,1
75201,'Semaine-12',1514,,86894,12,0,9 18,1
