4000,'Semaine-1',1539,,81911,33,,,1,70,,81907,33,,,2,35,,81910,33,,,1,67,,81909,33,,,1,28,,81908,33,,,1,68,,81912,33,,,1
4000,'Semaine-12',1539,,81917,33,,,1,70,,81913,33,,,2,35,,81916,33,,,1,67,,81915,33,,,1,28,,81914,33,,,1,68,,81918,33,,,1
4100,'Semaine-1',1549,,81932,33,,,1,71,,81934,33,,,1,35,,81933,33,,,2,64,,81931,33,,,1,29,,81935,33,,,1
4100,'Semaine-12',1549,,81937,33,,,1,71,,81939,33,,,1,35,,81938,33,,,2,64,,81936,33,,,1,29,,81940,33,,,1
4901,'Samedi-1',748,,82116,41,,,1,100,,82115,41,,,1,100,,82117,41,,,1,102,,82113,41,,,1,100,,82118,41,,,1,102,,82114,41,,,1,100,,82119,41,,,1,100,,82120,41,,,1,100,,82121,41,,,1,100,,82122,41,,,1,100,,82123,41,,,1,97,,82124,41,,,1,100,,82125,41,,,1,100,,82126,41,,,1,100,,82127,41,,,1,99,,82128,41,,,1,100,,82129,41,,,1
4901,'Samedi-10',748,,70061,41,,,1,100,,70060,41,,,1,100,,70062,41,,,1,102,,70058,41,,,1,100,,70063,41,,,1,102,,70059,41,,,1,100,,70064,41,,,1,100,,70065,41,,,1,100,,70066,41,,,1,100,,70067,41,,,1,100,,70068,41,,,1,97,,70069,41,,,1,100,,70070,41,,,1,100,,70071,41,,,1,100,,70072,41,,,1,99,,70073,41,,,1,100,,70074,41,,,1
4901,'Dimanche-1',748,,82143,41,,,1,100,,82132,41,,,1,100,,82142,41,,,1,102,,82135,41,,,1,100,,82131,41,,,1,102,,82130,41,,,1,100,,82133,41,,,1,100,,82134,41,,,1,100,,82137,41,,,1,100,,82136,41,,,1,100,,82140,41,,,1,97,,82139,41,,,1,100,,82141,41,,,1,100,,82138,41,,,1,100,,82144,41,,,1,99,,82145,41,,,1,100,,82146,41,,,1
4901,'Semaine-1',632,,82153,41,,,1,89,,82158,41,,,1,31,,82174,41,,,1,72,,82170,41,,,1,30,,82168,41,,,1,66,,82178,41,,,1,28,,82160,41,,,1,69,,82176,41,,,1,29,,82172,41,,,1,72,,82147,41,,,1,30,,82169,41,,,1,70,,82148,41,,,1,30,,82154,41,,,1,70,,82156,41,,,1,30,,82161,41,,,1,69,,82177,41,,,1,32,,82159,41,,,1,72,,82179,41,,,1,25,,82175,41,,,1,12,,82162,41,,,1,55,,82149,41,,,1,15,,82165,41,,,1,30,,82155,41,,,1,65,,82157,41,,,1,29,,82173,41,,,1,66,,82167,41,,,1,30,,82171,41,,,1,94,,82150,41,,,1,80,,82166,41,,,1,101,,82164,41,,,1,96,,82151,41,,,1,100,,82163,41,,,1,97,,82152,41,,,1
4901,'Semaine-12',632,,82186,41,,,1,89,,82191,41,,,1,31,,82207,41,,,1,72,,82203,41,,,1,30,,82201,41,,,1,66,,82211,41,,,1,28,,82193,41,,,1,69,,82209,41,,,1,29,,82205,41,,,1,72,,82180,41,,,1,30,,82202,41,,,1,70,,82181,41,,,1,30,,82187,41,,,1,70,,82189,41,,,1,30,,82194,41,,,1,69,,82210,41,,,1,32,,82192,41,,,1,72,,82212,41,,,1,25,,82208,41,,,1,12,,82195,41,,,1,55,,82182,41,,,1,15,,82198,41,,,1,30,,82188,41,,,1,65,,82190,41,,,1,29,,82206,41,,,1,66,,82200,41,,,1,30,,82204,41,,,1,94,,82183,41,,,1,80,,82199,41,,,1,101,,82197,41,,,1,96,,82184,41,,,1,100,,82196,41,,,1,97,,82185,41,,,1
5500,'Samedi-1',717,,82390,34,,,1,30,,82387,34,,,1,70,,82388,34,,,1,30,,82391,34,,,1,70,,82389,34,,,1,30,,82396,34,,,1,73,,82393,34,,,1,30,,82394,34,,,1,68,,82399,34,,,1,32,,82398,34,,,1,70,,82392,34,,,1,30,,82395,34,,,1,70,,82397,34,,,1,30,,82400,34,,,1,70,,82401,34,,,1,30,,82402,34,,,1,70,,82403,34,,,1,30,,82404,34,,,1,70,,82405,34,,,1,32,,82406,34,,,1,70,,82407,34,,,1,30,,82408,34,,,1,70,,82409,34,,,1,30,,82410,34,,,1,67,,82412,34,,,1,30,,82411,34,,,1,70,,82413,34,,,1,30,,82415,34,,,1,70,,82414,34,,,1,30,,82416,34,,,1,69,,82417,34,,,1,30,,82420,34,,,1,70,,82422,34,,,1,30,,82419,34,,,1,69,,82418,34,,,1,27,,82421,34,,,1
5500,'Samedi-10',717,,70650,34,,,1,30,,70647,34,,,1,70,,70648,34,,,1,30,,70651,34,,,1,70,,70649,34,,,1,30,,70656,34,,,1,73,,70653,34,,,1,30,,70654,34,,,1,68,,70659,34,,,1,32,,70658,34,,,1,70,,70652,34,,,1,30,,70655,34,,,1,70,,70657,34,,,1,30,,70660,34,,,1,70,,70661,34,,,1,30,,70662,34,,,1,70,,70663,34,,,1,30,,70664,34,,,1,70,,70665,34,,,1,32,,70666,34,,,1,70,,70667,34,,,1,30,,70668,34,,,1,70,,70669,34,,,1,30,,70670,34,,,1,67,,70672,34,,,1,30,,70671,34,,,1,70,,70673,34,,,1,30,,70675,34,,,1,70,,70674,34,,,1,30,,70676,34,,,1,69,,70677,34,,,1,30,,70680,34,,,1,70,,70682,34,,,1,30,,70679,34,,,1,69,,70678,34,,,1,27,,70681,34,,,1
5500,'Dimanche-1',717,,82427,34,,,1,30,,82432,34,,,1,70,,82424,34,,,1,30,,82429,34,,,1,70,,82426,34,,,1,30,,82423,34,,,1,73,,82434,34,,,1,30,,82428,34,,,1,68,,82425,34,,,1,32,,82437,34,,,1,70,,82433,34,,,1,30,,82438,34,,,1,70,,82431,34,,,1,30,,82430,34,,,1,70,,82436,34,,,1,30,,82441,34,,,1,70,,82435,34,,,1,30,,82440,34,,,1,70,,82443,34,,,1,32,,82447,34,,,1,70,,82442,34,,,1,30,,82448,34,,,1,70,,82439,34,,,1,30,,82445,34,,,1,67,,82446,34,,,1,30,,82449,34,,,1,70,,82444,34,,,1,30,,82450,34,,,1,70,,82452,34,,,1,30,,82451,34,,,1,69,,82453,34,,,1,30,,82455,34,,,1,70,,82456,34,,,1,30,,82454,34,,,1,69,,82457,34,,,1,27,,82458,34,,,1
5500,'Semaine-1',651,,82461,34,,,1,104,,82477,34,,,1,69,,82460,34,,,1,96,,82496,34,,,1,28,,82497,34,,,1,70,,82466,34,,,1,30,,82476,34,,,1,69,,82480,34,,,1,33,,82502,34,,,1,70,,82462,34,,,1,30,,82501,34,,,1,69,,82479,34,,,1,30,,82494,34,,,1,70,,82488,34,,,1,25,,82495,34,,,1,56,,82481,34,,,1,14,,82459,34,,,1,17,,82500,34,,,1,17,,82470,34,,,1,55,,82503,34,,,1,13,,82491,34,,,1,10,,82463,34,,,1,13,,82474,34,,,1,18,,82506,34,,,1,49,,82499,34,,,1,11,,82465,34,,,1,11,,82482,34,,,1,10,,82475,34,,,1,11,,82504,34,,,1,52,,82489,34,,,1,7,,82469,34,,,1,12,,82464,34,,,1,10,,82505,34,,,1,11,,82473,34,,,1,11,,82468,34,,,1,50,,82478,34,,,1,30,,82493,34,,,1,69,,82498,34,,,1,30,,82485,34,,,1,70,,82471,34,,,1,30,,82492,34,,,1,28,,82483,34,,,1,69,,82486,34,,,1,29,,82472,34,,,1,70,,82487,34,,,1,29,,82484,34,,,1,69,,82467,34,,,1,30,,82490,34,,,1
5500,'Semaine-12',651,,82509,34,,,1,104,,82525,34,,,1,69,,82508,34,,,1,96,,82544,34,,,1,28,,82545,34,,,1,70,,82514,34,,,1,30,,82524,34,,,1,69,,82528,34,,,1,33,,82550,34,,,1,70,,82510,34,,,1,30,,82549,34,,,1,69,,82527,34,,,1,30,,82542,34,,,1,70,,82536,34,,,1,25,,82543,34,,,1,56,,82529,34,,,1,14,,82507,34,,,1,17,,82548,34,,,1,17,,82518,34,,,1,55,,82551,34,,,1,13,,82539,34,,,1,10,,82511,34,,,1,13,,82522,34,,,1,18,,82554,34,,,1,49,,82547,34,,,1,11,,82513,34,,,1,11,,82530,34,,,1,10,,82523,34,,,1,11,,82552,34,,,1,52,,82537,34,,,1,7,,82517,34,,,1,12,,82512,34,,,1,10,,82553,34,,,1,11,,82521,34,,,1,11,,82516,34,,,1,50,,82526,34,,,1,30,,82541,34,,,1,69,,82546,34,,,1,30,,82533,34,,,1,70,,82519,34,,,1,30,,82540,34,,,1,28,,82531,34,,,1,69,,82534,34,,,1,29,,82520,34,,,1,70,,82535,34,,,1,29,,82532,34,,,1,69,,82515,34,,,1,30,,82538,34,,,1
5800,'Semaine-1',835,,82749,21,,,1,398,,82750,21,,,1,301,,82752,21,,,1,71,,82747,21,,,1,31,,82748,21,,,1,69,,82751,21,,,1,29,,82746,21,,,2,69,,82745,21,,,1
5800,'Semaine-12',835,,82757,21,,,1,398,,82758,21,,,1,301,,82760,21,,,1,71,,82755,21,,,1,31,,82756,21,,,1,69,,82759,21,,,1,29,,82754,21,,,2,69,,82753,21,,,1
5900,'Samedi-1',733,,82779,34,,,1,70,,82782,34,,,1,30,,82775,34,,,1,70,,82781,34,,,1,30,,82778,34,,,1,70,,82783,34,,,1,30,,82787,34,,,1,70,,82788,34,,,1,30,,82777,34,,,1,70,,82776,34,,,1,31,,82786,34,,,1,71,,82780,34,,,1,30,,82784,34,,,1,71,,82789,34,,,1,30,,82785,34,,,1,70,,82790,34,,,1,30,,82791,34,,,1,69,,82792,34,,,1,30,,82793,34,,,1,73,,82794,34,,,1,28,,82795,34,,,1,70,,82796,34,,,1,29,,82797,34,,,1,70,,82798,34,,,1,30,,82799,34,,,1,68,,82801,34,,,1,30,,82800,34,,,1,70,,82803,34,,,1,30,,82802,34,,,1,69,,82804,34,,,1,31,,82805,34,,,1,70,,82807,34,,,1,30,,82806,34,,,1,70,,82808,34,,,1
5900,'Samedi-10',733,,71438,34,,,1,70,,71441,34,,,1,30,,71434,34,,,1,70,,71440,34,,,1,30,,71437,34,,,1,70,,71442,34,,,1,30,,71446,34,,,1,70,,71447,34,,,1,30,,71436,34,,,1,70,,71435,34,,,1,31,,71445,34,,,1,71,,71439,34,,,1,30,,71443,34,,,1,71,,71448,34,,,1,30,,71444,34,,,1,70,,71449,34,,,1,30,,71450,34,,,1,69,,71451,34,,,1,30,,71452,34,,,1,73,,71453,34,,,1,28,,71454,34,,,1,70,,71455,34,,,1,29,,71456,34,,,1,70,,71457,34,,,1,30,,71458,34,,,1,68,,71460,34,,,1,30,,71459,34,,,1,70,,71462,34,,,1,30,,71461,34,,,1,69,,71463,34,,,1,31,,71464,34,,,1,70,,71466,34,,,1,30,,71465,34,,,1,70,,71467,34,,,1
5900,'Dimanche-1',733,,82814,34,,,1,70,,82813,34,,,1,30,,82809,34,,,1,70,,82818,34,,,1,30,,82824,34,,,1,70,,82815,34,,,1,30,,82822,34,,,1,70,,82817,34,,,1,30,,82823,34,,,1,70,,82810,34,,,1,31,,82821,34,,,1,71,,82811,34,,,1,30,,82819,34,,,1,71,,82825,34,,,1,30,,82812,34,,,1,70,,82816,34,,,1,30,,82820,34,,,1,69,,82829,34,,,1,30,,82830,34,,,1,73,,82827,34,,,1,28,,82832,34,,,1,70,,82828,34,,,1,29,,82834,34,,,1,70,,82826,34,,,1,30,,82831,34,,,1,68,,82835,34,,,1,30,,82833,34,,,1,70,,82836,34,,,1,30,,82837,34,,,1,69,,82838,34,,,1,31,,82839,34,,,1,70,,82841,34,,,1,30,,82840,34,,,1,70,,82842,34,,,1
5900,'Semaine-1',619,,82850,34,,,1,98,,82885,34,,,1,87,,82890,34,,,1,48,,82866,34,,,1,82,,82862,34,,,1,68,,82883,34,,,1,30,,82859,34,,,1,70,,82882,34,,,1,30,,82873,34,,,1,70,,82867,34,,,1,33,,82875,34,,,1,70,,82858,34,,,1,30,,82886,34,,,1,70,,82849,34,,,1,31,,82880,34,,,1,14,,82851,34,,,1,58,,82884,34,,,1,31,,82844,34,,,1,14,,82888,34,,,1,55,,82843,34,,,1,8,,82878,34,,,1,17,,82874,34,,,1,7,,82887,29,,,1,6,,82861,34,,,1,13,,82845,34,,,1,46,,82889,29,,,1,6,,82846,34,,,1,12,,82854,34,,,1,9,,82881,34,,,1,12,,82870,34,,,1,11,,82857,34,,,1,49,,82879,34,,,1,11,,82865,34,,,1,12,,82877,34,,,1,9,,82847,34,,,1,10,,82852,34,,,1,71,,82872,34,,,1,29,,82863,34,,,1,70,,82868,34,,,1,30,,82856,34,,,1,70,,82864,34,,,1,30,,82869,34,,,1,68,,82876,34,,,1,30,,82853,34,,,1,70,,82871,34,,,1,28,,82860,34,,,1,70,,82848,34,,,1,28,,82855,34,,,1
5900,'Semaine-12',619,,82898,34,,,1,98,,82933,34,,,1,87,,82938,34,,,1,48,,82914,34,,,1,82,,82910,34,,,1,68,,82931,34,,,1,30,,82907,34,,,1,70,,82930,34,,,1,30,,82921,34,,,1,70,,82915,34,,,1,33,,82923,34,,,1,70,,82906,34,,,1,30,,82934,34,,,1,70,,82897,34,,,1,31,,82928,34,,,1,14,,82899,34,,,1,58,,82932,34,,,1,31,,82892,34,,,1,14,,82936,34,,,1,55,,82891,34,,,1,8,,82926,34,,,1,17,,82922,34,,,1,7,,82935,29,,,1,6,,82909,34,,,1,13,,82893,34,,,1,46,,82937,29,,,1,6,,82894,34,,,1,12,,82902,34,,,1,9,,82929,34,,,1,12,,82918,34,,,1,11,,82905,34,,,1,49,,82927,34,,,1,11,,82913,34,,,1,12,,82925,34,,,1,9,,82895,34,,,1,10,,82900,34,,,1,71,,82920,34,,,1,29,,82911,34,,,1,70,,82916,34,,,1,30,,82904,34,,,1,70,,82912,34,,,1,30,,82917,34,,,1,68,,82924,34,,,1,30,,82901,34,,,1,70,,82919,34,,,1,28,,82908,34,,,1,70,,82896,34,,,1,28,,82903,34,,,1
54901,'Semaine-1',1553,,86796,34,,,1
54901,'Semaine-12',1553,,86798,34,,,1
65500,'Semaine-1',733,,86863,27,0,9 10,1
65500,'Semaine-12',733,,86864,27,0,9 10,1
74000,'Semaine-1',1643,,86880,30,0,5 11,1
74000,'Semaine-12',1643,,86882,30,0,5 11,1
80001,'Samedi-1',641,,87007,36,,,1,101,,87009,36,,,1,101,,87010,36,,,1,100,,87013,36,,,1,101,,87008,36,,,1,100,,87011,36,,,1,102,,87014,36,,,1,100,,87012,36,,,1,100,,87015,36,,,1,100,,87016,36,,,1,100,,87017,36,,,2,102,,87018,36,,,1,97,,87021,36,,,1,99,,87019,36,,,1,100,,87020,36,,,1,100,,87022,36,,,1,97,,87023,36,,,1
80001,'Samedi-10',641,,79670,36,,,1,101,,79672,36,,,1,101,,79673,36,,,1,100,,79676,36,,,1,101,,79671,36,,,1,100,,79674,36,,,1,102,,79677,36,,,1,100,,79675,36,,,1,100,,79678,36,,,1,100,,79679,36,,,1,100,,79680,36,,,2,102,,79681,36,,,1,97,,79684,36,,,1,99,,79682,36,,,1,100,,79683,36,,,1,100,,79685,36,,,1,97,,79686,36,,,1
80001,'Dimanche-1',641,,87024,36,,,1,101,,87026,36,,,1,101,,87028,36,,,1,100,,87025,36,,,1,101,,87027,36,,,1,100,,87029,36,,,1,102,,87030,36,,,1,100,,87031,36,,,1,100,,87034,36,,,1,100,,87032,36,,,1,100,,87033,36,,,2,102,,87036,36,,,1,97,,87037,36,,,1,99,,87035,36,,,1,100,,87038,36,,,1,100,,87039,36,,,1,97,,87040,36,,,1
80001,'Semaine-1',635,,87062,36,,,1,68,,87055,36,,,1,34,,87063,36,,,1,70,,87047,36,,,1,32,,87045,36,,,1,68,,87052,36,,,1,26,,87058,36,,,1,70,,87070,36,,,1,30,,87061,36,,,2,70,,87053,36,,,1,30,,87067,36,,,1,70,,87041,36,,,1,30,,87075,36,,,1,70,,87073,36,,,1,34,,87043,36,,,1,70,,87066,36,,,1,30,,87057,36,,,1,70,,87064,36,,,1,35,,87074,36,,,1,69,,87059,36,,,1,17,,87069,36,,,1,22,,87071,36,,,1,64,,87068,36,,,1,27,,87060,36,,,1,70,,87050,36,,,1,26,,87048,36,,,1,67,,87042,36,,,1,29,,87072,36,,,1,72,,87054,36,,,1,27,,87051,36,,,1,70,,87056,36,,,1,29,,87044,36,,,1,70,,87065,36,,,1,32,,87046,36,,,1,70,,87049,36,,,1
80001,'Semaine-12',635,,87097,36,,,1,68,,87090,36,,,1,34,,87098,36,,,1,70,,87082,36,,,1,32,,87080,36,,,1,68,,87087,36,,,1,26,,87093,36,,,1,70,,87105,36,,,1,30,,87096,36,,,2,70,,87088,36,,,1,30,,87102,36,,,1,70,,87076,36,,,1,30,,87110,36,,,1,70,,87108,36,,,1,34,,87078,36,,,1,70,,87101,36,,,1,30,,87092,36,,,1,70,,87099,36,,,1,35,,87109,36,,,1,69,,87094,36,,,1,17,,87104,36,,,1,22,,87106,36,,,1,64,,87103,36,,,1,27,,87095,36,,,1,70,,87085,36,,,1,26,,87083,36,,,1,67,,87077,36,,,1,29,,87107,36,,,1,72,,87089,36,,,1,27,,87086,36,,,1,70,,87091,36,,,1,29,,87079,36,,,1,70,,87100,36,,,1,32,,87081,36,,,1,70,,87084,36,,,1
