3100,'Samedi-1',721,,80085,30,,,1,105,,80086,30,,,1,103,,80087,30,,,1,100,,80088,30,,,1,102,,80089,30,,,1,102,,80090,30,,,1,101,,80091,30,,,1,100,,80092,30,,,1,100,,80093,30,,,1,102,,80094,30,,,1,100,,80095,30,,,1,100,,80096,30,,,1,93,,80097,30,,,1,101,,80098,30,,,1,100,,80099,30,,,1,100,,80100,30,,,1,101,,80101,30,,,1,99,,80102,30,,,1,100,,80103,30,,,1
3100,'Samedi-10',721,,66103,30,,,1,105,,66104,30,,,1,103,,66105,30,,,1,100,,66106,30,,,1,102,,66107,30,,,1,102,,66108,30,,,1,101,,66109,30,,,1,100,,66110,30,,,1,100,,66111,30,,,1,102,,66112,30,,,1,100,,66113,30,,,1,100,,66114,30,,,1,93,,66115,30,,,1,101,,66116,30,,,1,100,,66117,30,,,1,100,,66118,30,,,1,101,,66119,30,,,1,99,,66120,30,,,1,100,,66121,30,,,1
3100,'Dimanche-1',721,,80108,30,,,1,105,,80110,30,,,1,103,,80109,30,,,1,100,,80117,30,,,1,102,,80112,30,,,1,102,,80104,30,,,1,101,,80107,30,,,1,100,,80106,30,,,1,100,,80105,30,,,1,102,,80111,30,,,1,100,,80113,30,,,1,100,,80114,30,,,1,93,,80116,30,,,1,101,,80115,30,,,1,100,,80118,30,,,1,100,,80119,30,,,1,101,,80120,30,,,1,99,,80121,30,,,1,100,,80122,30,,,1
3100,'Semaine-1',631,,80127,30,,,1,84,,80160,30,,,1,21,,80140,30,,,1,21,,80128,30,,,1,55,,80165,30,,,1,21,,80162,30,,,1,21,,80124,30,,,1,58,,80137,30,,,1,23,,80138,30,,,1,9,,80129,30,,,1,64,,80131,30,,,1,20,,80148,30,,,1,27,,80149,30,,,1,71,,80130,30,,,1,30,,80135,30,,,1,70,,80154,30,,,1,30,,80151,30,,,1,57,,80132,30,,,1,13,,80125,30,,,1,19,,80159,30,,,1,60,,80163,30,,,1,18,,80150,30,,,1,29,,80133,30,,,1,63,,80153,30,,,1,11,,80155,30,,,1,75,,80161,30,,,1,24,,80152,30,,,1,18,,80134,30,,,1,59,,80145,30,,,1,23,,80147,30,,,1,18,,80136,30,,,1,57,,80123,30,,,1,15,,80126,30,,,1,10,,80157,30,,,1,28,,80164,30,,,1,52,,80142,30,,,1,20,,80158,30,,,1,106,,80143,30,,,1,99,,80139,30,,,1,100,,80144,30,,,1,100,,80146,30,,,1,100,,80156,30,,,1,100,,80141,30,,,1
3100,'Semaine-12',631,,80170,30,,,1,84,,80203,30,,,1,21,,80183,30,,,1,21,,80171,30,,,1,55,,80208,30,,,1,21,,80205,30,,,1,21,,80167,30,,,1,58,,80180,30,,,1,23,,80181,30,,,1,9,,80172,30,,,1,64,,80174,30,,,1,20,,80191,30,,,1,27,,80192,30,,,1,71,,80173,30,,,1,30,,80178,30,,,1,70,,80197,30,,,1,30,,80194,30,,,1,57,,80175,30,,,1,13,,80168,30,,,1,19,,80202,30,,,1,60,,80206,30,,,1,18,,80193,30,,,1,29,,80176,30,,,1,63,,80196,30,,,1,11,,80198,30,,,1,75,,80204,30,,,1,24,,80195,30,,,1,18,,80177,30,,,1,59,,80188,30,,,1,23,,80190,30,,,1,18,,80179,30,,,1,57,,80166,30,,,1,15,,80169,30,,,1,10,,80200,30,,,1,28,,80207,30,,,1,52,,80185,30,,,1,20,,80201,30,,,1,106,,80186,30,,,1,99,,80182,30,,,1,100,,80187,30,,,1,100,,80189,30,,,1,100,,80199,30,,,1,100,,80184,30,,,1
33100,'Semaine-1',812,,85911,4,0,7 8,1
33100,'Semaine-12',812,,85912,4,0,7 8,1
43101,'Semaine-1',734,,86775,5,0,9 14,1
43101,'Semaine-12',734,,86776,5,0,9 14,1
83100,'Semaine-1',1535,,87145,13,0,9 12 13,1
83100,'Semaine-12',1535,,87147,13,0,9 12 13,1
