6701,'Samedi-1',637,,83967,17,,,1,101,,83973,17,,,1,100,,83969,17,,,1,101,,83968,17,,,1,70,,83971,17,,,1,30,,83976,17,,,1,70,,83977,17,,,1,30,,83970,17,,,1,70,,83972,17,,,1,30,,83975,17,,,1,70,,83978,17,,,1,30,,83979,17,,,1,70,,83974,17,,,1,30,,83980,17,,,1,70,,83981,17,,,1,30,,83982,17,,,1,70,,83983,17,,,1,30,,83984,17,,,1,71,,83985,17,,,1,29,,83986,17,,,1,70,,83987,17,,,1,29,,83988,17,,,1,70,,83989,17,,,1,100,,83990,17,,,1,100,,83991,17,,,1,100,,83993,17,,,1,100,,83992,17,,,1
6701,'Samedi-10',637,,73821,17,,,1,101,,73827,17,,,1,100,,73823,17,,,1,101,,73822,17,,,1,70,,73825,17,,,1,30,,73830,17,,,1,70,,73831,17,,,1,30,,73824,17,,,1,70,,73826,17,,,1,30,,73829,17,,,1,70,,73832,17,,,1,30,,73833,17,,,1,70,,73828,17,,,1,30,,73834,17,,,1,70,,73835,17,,,1,30,,73836,17,,,1,70,,73837,17,,,1,30,,73838,17,,,1,71,,73839,17,,,1,29,,73840,17,,,1,70,,73841,17,,,1,29,,73842,17,,,1,70,,73843,17,,,1,100,,73844,17,,,1,100,,73845,17,,,1,100,,73847,17,,,1,100,,73846,17,,,1
6701,'Dimanche-1',637,,83994,17,,,1,101,,83997,17,,,1,100,,83999,17,,,1,101,,84002,17,,,1,70,,84008,17,,,1,30,,83996,17,,,1,70,,84009,17,,,1,30,,84000,17,,,1,70,,84003,17,,,1,30,,84001,17,,,1,70,,83995,17,,,1,30,,84005,17,,,1,70,,84006,17,,,1,30,,83998,17,,,1,70,,84004,17,,,1,30,,84011,17,,,1,70,,84007,17,,,1,30,,84014,17,,,1,71,,84015,17,,,1,29,,84012,17,,,1,70,,84017,17,,,1,29,,84010,17,,,1,70,,84016,17,,,1,100,,84013,17,,,1,100,,84018,17,,,1,100,,84019,17,,,1,100,,84020,17,,,1
6701,'Semaine-1',914,,84041,17,,,1,20,,84030,17,,,1,20,,84048,17,,,1,60,,84034,17,,,1,20,,84028,17,,,1,20,,84049,17,,,1,60,,84042,17,,,1,20,,84031,17,,,1,20,,84050,17,,,1,60,,84035,17,,,1,20,,84038,17,,,1,20,,84051,17,,,1,60,,84037,17,,,1,20,,84032,17,,,1,20,,84052,17,,,1,60,,84043,17,,,1,20,,84045,17,,,1,20,,84047,17,,,1,60,,84039,17,,,1,32,,84023,17,,,1,70,,84046,17,,,1,29,,84026,17,,,1,70,,84044,17,,,1,30,,84040,17,,,1,69,,84033,17,,,1,30,,84021,17,,,1,69,,84036,17,,,1,30,,84024,17,,,2,70,,84053,17,,,2,30,,84022,17,,,1,70,,84055,17,,,1,30,,84025,17,,,2,70,,84056,17,,,1,29,,84027,17,,,1,69,,84054,17,,,1,30,,84029,17,,,2
6701,'Semaine-12',914,,84077,17,,,1,20,,84066,17,,,1,20,,84084,17,,,1,60,,84070,17,,,1,20,,84064,17,,,1,20,,84085,17,,,1,60,,84078,17,,,1,20,,84067,17,,,1,20,,84086,17,,,1,60,,84071,17,,,1,20,,84074,17,,,1,20,,84087,17,,,1,60,,84073,17,,,1,20,,84068,17,,,1,20,,84088,17,,,1,60,,84079,17,,,1,20,,84081,17,,,1,20,,84083,17,,,1,60,,84075,17,,,1,32,,84059,17,,,1,70,,84082,17,,,1,29,,84062,17,,,1,70,,84080,17,,,1,30,,84076,17,,,1,69,,84069,17,,,1,30,,84057,17,,,1,69,,84072,17,,,1,30,,84060,17,,,2,70,,84089,17,,,2,30,,84058,17,,,1,70,,84091,17,,,1,30,,84061,17,,,2,70,,84092,17,,,1,29,,84063,17,,,1,69,,84090,17,,,1,30,,84065,17,,,2
8501,'Semaine-1',537,,85431,21,,,1,70,,85433,21,,,1,25,,85436,21,,,1,15,,85435,21,,,1,57,,85440,21,,,1,14,,85432,21,,,2,16,,85438,21,,,1,16,,85434,21,,,2,54,,85439,21,,,1,20,,85437,21,,,1
8501,'Semaine-12',537,,85441,21,,,1,70,,85443,21,,,1,25,,85446,21,,,1,15,,85445,21,,,1,57,,85450,21,,,1,14,,85442,21,,,2,16,,85448,21,,,1,16,,85444,21,,,2,54,,85449,21,,,1,20,,85447,21,,,1
8701,'Semaine-1',520,,85481,17,,,1,30,,85474,17,,,1,70,,85479,17,,,1,19,,85477,17,,,1,13,,85475,17,,,1,56,,85484,17,,,1,17,,85480,17,,,1,15,,85476,17,,,1,16,,85483,17,,,1,58,,85482,17,,,2,20,,85478,17,,,1,20,,85473,17,,,1
8701,'Semaine-12',520,,85493,17,,,1,30,,85486,17,,,1,70,,85491,17,,,1,19,,85489,17,,,1,13,,85487,17,,,1,56,,85496,17,,,1,17,,85492,17,,,1,15,,85488,17,,,1,16,,85495,17,,,1,58,,85494,17,,,2,20,,85490,17,,,1,20,,85485,17,,,1
57101,'Semaine-1',710,,86827,44,0,5 6,2
57101,'Semaine-12',710,,86828,44,0,5 6,2
