6200,'Semaine-1',611,,83106,39,,,1,30,,83118,39,,,1,70,,83107,39,,,1,29,,83116,39,,,1,71,,83111,39,,,2,30,,83119,39,,,1,70,,83105,39,,,1,100,,83113,39,,,1,100,,83114,39,,,1,100,,83104,39,,,1,100,,83112,39,,,1,100,,83097,39,,,2,102,,83117,39,,,1,30,,83102,39,,,1,70,,83115,39,,,2,30,,83108,39,,,1,70,,83103,39,,,1,30,,83101,39,,,1,67,,83109,39,,,2,100,,83098,39,,,1,100,,83099,39,,,1,100,,83100,39,,,1,100,,83110,39,,,2
6200,'Semaine-12',611,,83129,39,,,1,30,,83141,39,,,1,70,,83130,39,,,1,29,,83139,39,,,1,71,,83134,39,,,2,30,,83142,39,,,1,70,,83128,39,,,1,100,,83136,39,,,1,100,,83137,39,,,1,100,,83127,39,,,1,100,,83135,39,,,1,100,,83120,39,,,2,102,,83140,39,,,1,30,,83125,39,,,1,70,,83138,39,,,2,30,,83131,39,,,1,70,,83126,39,,,1,30,,83124,39,,,1,67,,83132,39,,,2,100,,83121,39,,,1,100,,83122,39,,,1,100,,83123,39,,,1,100,,83133,39,,,2
6300,'Samedi-1',1104,,83189,31,,,1,100,,83191,31,,,1,100,,83192,31,,,1,100,,83190,31,,,1,100,,83193,31,,,1,100,,83194,31,,,1,100,,83195,31,,,1,100,,83196,31,,,1
6300,'Samedi-10',1104,,72227,31,,,1,100,,72229,31,,,1,100,,72230,31,,,1,100,,72228,31,,,1,100,,72231,31,,,1,100,,72232,31,,,1,100,,72233,31,,,1,100,,72234,31,,,1
6300,'Dimanche-1',1104,,83198,31,,,1,100,,83201,31,,,1,100,,83200,31,,,1,100,,83197,31,,,1,100,,83202,31,,,1,100,,83199,31,,,1,100,,83203,31,,,1,100,,83204,31,,,1
6300,'Semaine-1',637,,83206,31,,,1,100,,83205,31,,,1,70,,83207,31,,,1,30,,83208,31,,,1,70,,83209,31,,,1,100,,83210,31,,,1,100,,83219,31,,,1,100,,83215,31,,,1,100,,83216,31,,,1,100,,83220,31,,,1,101,,83217,31,,,1,30,,83211,31,,,2,70,,83218,31,,,1,31,,83221,31,,,2,67,,83214,31,,,2,30,,83212,31,,,1,70,,83213,31,,,1,30,,83224,31,,,2,100,,83223,31,,,2,100,,83225,31,,,1,100,,83222,31,,,1
6300,'Semaine-12',637,,83227,31,,,1,100,,83226,31,,,1,70,,83228,31,,,1,30,,83229,31,,,1,70,,83230,31,,,1,100,,83231,31,,,1,100,,83240,31,,,1,100,,83236,31,,,1,100,,83237,31,,,1,100,,83241,31,,,1,101,,83238,31,,,1,30,,83232,31,,,2,70,,83239,31,,,1,31,,83242,31,,,2,67,,83235,31,,,2,30,,83233,31,,,1,70,,83234,31,,,1,30,,83245,31,,,2,100,,83244,31,,,2,100,,83246,31,,,1,100,,83243,31,,,1
6700,'Samedi-1',738,,83839,43,,,1,102,,83838,43,,,1,100,,83837,43,,,1,71,,83833,43,,,1,30,,83841,43,,,1,70,,83834,43,,,1,30,,83835,43,,,1,71,,83840,43,,,1,30,,83845,43,,,1,70,,83836,43,,,1,29,,83844,43,,,1,71,,83842,43,,,1,30,,83843,43,,,1,72,,83846,43,,,1,30,,83847,43,,,1,70,,83848,43,,,1,30,,83849,43,,,1,69,,83850,43,,,1,30,,83851,43,,,1,69,,83852,43,,,1,30,,83853,43,,,1,70,,83854,43,,,1,28,,83855,43,,,1,70,,83856,43,,,1,100,,83860,43,,,1,100,,83857,43,,,1,99,,83858,43,,,1,100,,83859,43,,,1
6700,'Samedi-10',738,,73543,43,,,1,102,,73542,43,,,1,100,,73541,43,,,1,71,,73537,43,,,1,30,,73545,43,,,1,70,,73538,43,,,1,30,,73539,43,,,1,71,,73544,43,,,1,30,,73549,43,,,1,70,,73540,43,,,1,29,,73548,43,,,1,71,,73546,43,,,1,30,,73547,43,,,1,72,,73550,43,,,1,30,,73551,43,,,1,70,,73552,43,,,1,30,,73553,43,,,1,69,,73554,43,,,1,30,,73555,43,,,1,69,,73556,43,,,1,30,,73557,43,,,1,70,,73558,43,,,1,28,,73559,43,,,1,70,,73560,43,,,1,100,,73564,43,,,1,100,,73561,43,,,1,99,,73562,43,,,1,100,,73563,43,,,1
6700,'Dimanche-1',738,,83867,43,,,1,102,,83863,43,,,1,100,,83862,43,,,1,71,,83868,43,,,1,30,,83871,43,,,1,70,,83873,43,,,1,30,,83877,43,,,1,71,,83876,43,,,1,30,,83861,43,,,1,70,,83865,43,,,1,29,,83864,43,,,1,71,,83869,43,,,1,30,,83874,43,,,1,72,,83875,43,,,1,30,,83870,43,,,1,70,,83866,43,,,1,30,,83872,43,,,1,69,,83881,43,,,1,30,,83878,43,,,1,69,,83883,43,,,1,30,,83884,43,,,1,70,,83879,43,,,1,28,,83882,43,,,1,70,,83880,43,,,1,100,,83885,43,,,1,100,,83886,43,,,1,99,,83887,43,,,1,100,,83888,43,,,1
6700,'Semaine-1',639,,83897,43,,,1,70,,83891,43,,,1,34,,83899,43,,,1,61,,83908,43,,,1,21,,83892,43,,,1,18,,83917,43,,,1,69,,83902,43,,,1,27,,83910,43,,,1,20,,83900,43,,,1,59,,83920,43,,,1,20,,83918,43,,,1,21,,83905,43,,,2,60,,83921,43,,,1,20,,83911,43,,,1,20,,83914,43,,,1,61,,83922,43,,,1,20,,83919,43,,,1,60,,83906,43,,,1,20,,83923,43,,,1,20,,83912,43,,,1,60,,83915,43,,,1,20,,83924,43,,,1,22,,83904,43,,,1,60,,83907,43,,,1,22,,83925,43,,,1,325,,83927,43,,,1,55,,83901,43,,,1,16,,83926,43,,,1,19,,83909,43,,,1,70,,83889,43,,,1,32,,83913,43,,,1,68,,83893,43,,,2,30,,83916,43,,,2,70,,83890,43,,,1,29,,83898,43,,,1,70,,83894,43,,,2,30,,83903,43,,,1,65,,83896,43,,,1,29,,83895,43,,,2
6700,'Semaine-12',639,,83936,43,,,1,70,,83930,43,,,1,34,,83938,43,,,1,61,,83947,43,,,1,21,,83931,43,,,1,18,,83956,43,,,1,69,,83941,43,,,1,27,,83949,43,,,1,20,,83939,43,,,1,59,,83959,43,,,1,20,,83957,43,,,1,21,,83944,43,,,2,60,,83960,43,,,1,20,,83950,43,,,1,20,,83953,43,,,1,61,,83961,43,,,1,20,,83958,43,,,1,60,,83945,43,,,1,20,,83962,43,,,1,20,,83951,43,,,1,60,,83954,43,,,1,20,,83963,43,,,1,22,,83943,43,,,1,60,,83946,43,,,1,22,,83964,43,,,1,325,,83966,43,,,1,55,,83940,43,,,1,16,,83965,43,,,1,19,,83948,43,,,1,70,,83928,43,,,1,32,,83952,43,,,1,68,,83932,43,,,2,30,,83955,43,,,2,70,,83929,43,,,1,29,,83937,43,,,1,70,,83933,43,,,2,30,,83942,43,,,1,65,,83935,43,,,1,29,,83934,43,,,2
7101,'Samedi-1',751,,84481,29,,,1,100,,84480,29,,,1,100,,84485,29,,,1,100,,84483,29,,,1,100,,84484,29,,,1,100,,84479,29,,,1,100,,84482,29,,,1,100,,84486,29,,,1,100,,84487,29,,,1,100,,84488,29,,,1,100,,84489,29,,,1,100,,84490,29,,,1,100,,84491,29,,,1,100,,84492,29,,,1,100,,84493,29,,,1,100,,84494,29,,,1
7101,'Samedi-10',751,,74799,29,,,1,100,,74798,29,,,1,100,,74803,29,,,1,100,,74801,29,,,1,100,,74802,29,,,1,100,,74797,29,,,1,100,,74800,29,,,1,100,,74804,29,,,1,100,,74805,29,,,1,100,,74806,29,,,1,100,,74807,29,,,1,100,,74808,29,,,1,100,,74809,29,,,1,100,,74810,29,,,1,100,,74811,29,,,1,100,,74812,29,,,1
7101,'Dimanche-1',751,,84498,29,,,1,100,,84497,29,,,1,100,,84496,29,,,1,100,,84495,29,,,1,100,,84499,29,,,1,100,,84500,29,,,1,100,,84504,29,,,1,100,,84501,29,,,1,100,,84502,29,,,1,100,,84503,29,,,1,100,,84507,29,,,1,100,,84506,29,,,1,100,,84505,29,,,1,100,,84508,29,,,1,100,,84509,29,,,1,100,,84510,29,,,1
7101,'Semaine-1',556,,84521,29,,,1,62,,84516,29,,,2,18,,84512,29,,,1,20,,84513,29,,,1,60,,84514,29,,,2,14,,84515,29,,,1,20,,84511,29,,,2,57,,84520,29,,,1,17,,84519,29,,,2,30,,84518,29,,,1,68,,84523,29,,,2,30,,84525,29,,,1,70,,84522,29,,,1,30,,84524,29,,,1,70,,84517,29,,,1,30,,84533,29,,,1,70,,84527,29,,,1,30,,84528,29,,,2,70,,84532,29,,,1,30,,84531,29,,,2,71,,84534,29,,,1,30,,84529,29,,,1,70,,84535,29,,,1,14,,84526,29,,,1,16,,84530,29,,,1,55,,84536,29,,,1,16,,84537,29,,,1,16,,84538,29,,,1,13,,84539,29,,,2,55,,84542,29,,,1,15,,84545,29,,,1,15,,84540,29,,,1,20,,84541,29,,,2,69,,84543,29,,,2,29,,84544,29,,,1,100,,84548,29,,,1,100,,84546,29,,,1,100,,84549,29,,,2,100,,84547,29,,,2,100,,84550,29,,,2
7101,'Semaine-12',556,,84561,29,,,1,62,,84556,29,,,2,18,,84552,29,,,1,20,,84553,29,,,1,60,,84554,29,,,2,14,,84555,29,,,1,20,,84551,29,,,2,57,,84560,29,,,1,17,,84559,29,,,2,30,,84558,29,,,1,68,,84563,29,,,2,30,,84565,29,,,1,70,,84562,29,,,1,30,,84564,29,,,1,70,,84557,29,,,1,30,,84573,29,,,1,70,,84567,29,,,1,30,,84568,29,,,2,70,,84572,29,,,1,30,,84571,29,,,2,71,,84574,29,,,1,30,,84569,29,,,1,70,,84575,29,,,1,14,,84566,29,,,1,16,,84570,29,,,1,55,,84576,29,,,1,16,,84577,29,,,1,16,,84578,29,,,1,13,,84579,29,,,2,55,,84582,29,,,1,15,,84585,29,,,1,15,,84580,29,,,1,20,,84581,29,,,2,69,,84583,29,,,2,29,,84584,29,,,1,100,,84588,29,,,1,100,,84586,29,,,1,100,,84589,29,,,2,100,,84587,29,,,2,100,,84590,29,,,2
7301,'Semaine-1',522,,84734,14,,,2,30,,84732,14,,,1,70,,84733,14,,,1,26,,84727,14,,,1,72,,84722,14,,,1,34,,84723,14,,,2,68,,84725,14,,,1,29,,84718,14,,,1,68,,84728,14,,,1,100,,84710,14,,,1,100,,84729,14,,,2,100,,84726,14,,,2,100,,84721,14,,,2,100,,84730,14,,,2,102,,84720,14,,,1,29,,84717,14,,,1,72,,84735,14,,,1,32,,84724,14,,,2,64,,84709,14,,,1,31,,84711,14,,,1,70,,84719,14,,,2,29,,84731,14,,,2,68,,84712,14,,,2,101,,84713,14,,,1,104,,84714,14,,,1,100,,84715,14,,,1,100,,84716,14,,,2
7301,'Semaine-12',522,,84761,14,,,2,30,,84759,14,,,1,70,,84760,14,,,1,26,,84754,14,,,1,72,,84749,14,,,1,34,,84750,14,,,2,68,,84752,14,,,1,29,,84745,14,,,1,68,,84755,14,,,1,100,,84737,14,,,1,100,,84756,14,,,2,100,,84753,14,,,2,100,,84748,14,,,2,100,,84757,14,,,2,102,,84747,14,,,1,29,,84744,14,,,1,72,,84762,14,,,1,32,,84751,14,,,2,64,,84736,14,,,1,31,,84738,14,,,1,70,,84746,14,,,2,29,,84758,14,,,2,68,,84739,14,,,2,101,,84740,14,,,1,104,,84741,14,,,1,100,,84742,14,,,1,100,,84743,14,,,2
7501,'Samedi-1',648,,84874,32,,,1,103,,84873,32,,,1,100,,84879,32,,,1,100,,84877,32,,,1,100,,84878,32,,,1,100,,84875,32,,,1,100,,84876,32,,,1,101,,84880,32,,,1,102,,84881,32,,,1,100,,84882,32,,,1,98,,84883,32,,,1,99,,84884,32,,,1,100,,84885,32,,,1,99,,84886,32,,,1,100,,84887,32,,,1,100,,84888,32,,,1,100,,84889,32,,,1,101,,84890,32,,,1
7501,'Samedi-10',648,,75535,32,,,1,103,,75534,32,,,1,100,,75540,32,,,1,100,,75538,32,,,1,100,,75539,32,,,1,100,,75536,32,,,1,100,,75537,32,,,1,101,,75541,32,,,1,102,,75542,32,,,1,100,,75543,32,,,1,98,,75544,32,,,1,99,,75545,32,,,1,100,,75546,32,,,1,99,,75547,32,,,1,100,,75548,32,,,1,100,,75549,32,,,1,100,,75550,32,,,1,101,,75551,32,,,1
7501,'Dimanche-1',648,,84892,32,,,1,103,,84894,32,,,1,100,,84895,32,,,1,100,,84904,32,,,1,100,,84893,32,,,1,100,,84900,32,,,1,100,,84891,32,,,1,101,,84897,32,,,1,102,,84899,32,,,1,100,,84898,32,,,1,98,,84901,32,,,1,99,,84896,32,,,1,100,,84903,32,,,1,99,,84902,32,,,1,100,,84905,32,,,1,100,,84906,32,,,1,100,,84907,32,,,1,101,,84908,32,,,1
7501,'Semaine-1',601,,84934,32,,,1,30,,84917,32,,,1,20,,84914,32,,,1,55,,84915,32,,,1,16,,84932,32,,,2,15,,84916,32,,,1,16,,84911,32,,,2,57,,84927,32,,,1,22,,84939,32,,,1,18,,84913,32,,,1,57,,84912,32,,,1,32,,84941,32,,,1,66,,84910,32,,,1,35,,84931,32,,,1,70,,84909,32,,,1,30,,84929,32,,,1,70,,84922,32,,,1,30,,84935,32,,,1,70,,84921,32,,,1,30,,84938,32,,,1,70,,84936,32,,,1,30,,84920,32,,,1,70,,84923,32,,,1,31,,84924,32,,,1,76,,84918,32,,,1,99,,84940,32,,,1,98,,84925,32,,,1,100,,84928,32,,,1,40,,84933,32,,,2,100,,84930,32,,,2,100,,84926,32,,,2,100,,84919,32,,,2,100,,84937,32,,,2
7501,'Semaine-12',601,,84967,32,,,1,30,,84950,32,,,1,20,,84947,32,,,1,55,,84948,32,,,1,16,,84965,32,,,2,15,,84949,32,,,1,16,,84944,32,,,2,57,,84960,32,,,1,22,,84972,32,,,1,18,,84946,32,,,1,57,,84945,32,,,1,32,,84974,32,,,1,66,,84943,32,,,1,35,,84964,32,,,1,70,,84942,32,,,1,30,,84962,32,,,1,70,,84955,32,,,1,30,,84968,32,,,1,70,,84954,32,,,1,30,,84971,32,,,1,70,,84969,32,,,1,30,,84953,32,,,1,70,,84956,32,,,1,31,,84957,32,,,1,76,,84951,32,,,1,99,,84973,32,,,1,98,,84958,32,,,1,100,,84961,32,,,1,40,,84966,32,,,2,100,,84963,32,,,2,100,,84959,32,,,2,100,,84952,32,,,2,100,,84970,32,,,2
8700,'Semaine-1',1546,,85460,41,,,1,56,,85459,41,,,2,15,,85452,41,,,1,15,,85454,41,,,2,14,,85451,41,,,1,58,,85461,41,,,1,12,,85457,41,,,1,13,,85458,41,,,2,19,,85453,41,,,1,57,,85456,41,,,1,19,,85455,41,,,1
8700,'Semaine-12',1546,,85471,41,,,1,56,,85470,41,,,2,15,,85463,41,,,1,15,,85465,41,,,2,14,,85462,41,,,1,58,,85472,41,,,1,12,,85468,41,,,1,13,,85469,41,,,2,19,,85464,41,,,1,57,,85467,41,,,1,19,,85466,41,,,1
