3100,'Samedi-1',720,,80085,28,,,1,105,,80086,28,,,1,103,,80087,28,,,1,100,,80088,28,,,1,102,,80089,28,,,1,102,,80090,28,,,1,101,,80091,28,,,1,100,,80092,28,,,1,100,,80093,28,,,1,102,,80094,28,,,1,100,,80095,28,,,1,100,,80096,28,,,1,93,,80097,28,,,1,100,,80098,28,,,1,100,,80099,28,,,1,100,,80100,28,,,1,101,,80101,28,,,1,100,,80102,28,,,1,100,,80103,28,,,1
3100,'Samedi-10',720,,66103,28,,,1,105,,66104,28,,,1,103,,66105,28,,,1,100,,66106,28,,,1,102,,66107,28,,,1,102,,66108,28,,,1,101,,66109,28,,,1,100,,66110,28,,,1,100,,66111,28,,,1,102,,66112,28,,,1,100,,66113,28,,,1,100,,66114,28,,,1,93,,66115,28,,,1,100,,66116,28,,,1,100,,66117,28,,,1,100,,66118,28,,,1,101,,66119,28,,,1,100,,66120,28,,,1,100,,66121,28,,,1
3100,'Dimanche-1',720,,80108,28,,,1,105,,80110,28,,,1,103,,80109,28,,,1,100,,80117,28,,,1,102,,80112,28,,,1,102,,80104,28,,,1,101,,80107,28,,,1,100,,80106,28,,,1,100,,80105,28,,,1,102,,80111,28,,,1,100,,80113,28,,,1,100,,80114,28,,,1,93,,80116,28,,,1,100,,80115,28,,,1,100,,80118,28,,,1,100,,80119,28,,,1,101,,80120,28,,,1,100,,80121,28,,,1,100,,80122,28,,,1
3100,'Semaine-1',629,,80127,28,,,1,84,,80160,28,,,1,21,,80140,28,,,1,21,,80128,28,,,1,55,,80165,28,,,1,21,,80162,28,,,1,21,,80124,28,,,1,58,,80137,28,,,1,23,,80138,28,,,1,9,,80129,28,,,1,64,,80131,28,,,1,20,,80148,28,,,1,27,,80149,28,,,1,71,,80130,28,,,1,30,,80135,28,,,1,70,,80154,28,,,1,30,,80151,28,,,1,57,,80132,28,,,1,13,,80125,28,,,1,19,,80159,28,,,1,60,,80163,28,,,1,18,,80150,28,,,1,29,,80133,28,,,1,63,,80153,28,,,1,10,,80155,28,,,1,35,,80161,28,,,1,64,,80152,28,,,1,18,,80134,28,,,1,19,,80145,28,,,1,63,,80147,28,,,1,19,,80136,28,,,1,17,,80123,28,,,1,55,,80126,28,,,1,10,,80157,28,,,1,29,,80164,28,,,1,52,,80142,28,,,1,20,,80158,28,,,1,106,,80143,28,,,1,99,,80139,28,,,1,100,,80144,28,,,1,100,,80146,28,,,1,100,,80156,28,,,1,100,,80141,28,,,1
3100,'Semaine-12',629,,80170,28,,,1,84,,80203,28,,,1,21,,80183,28,,,1,21,,80171,28,,,1,55,,80208,28,,,1,21,,80205,28,,,1,21,,80167,28,,,1,58,,80180,28,,,1,23,,80181,28,,,1,9,,80172,28,,,1,64,,80174,28,,,1,20,,80191,28,,,1,27,,80192,28,,,1,71,,80173,28,,,1,30,,80178,28,,,1,70,,80197,28,,,1,30,,80194,28,,,1,57,,80175,28,,,1,13,,80168,28,,,1,19,,80202,28,,,1,60,,80206,28,,,1,18,,80193,28,,,1,29,,80176,28,,,1,63,,80196,28,,,1,10,,80198,28,,,1,35,,80204,28,,,1,64,,80195,28,,,1,18,,80177,28,,,1,19,,80188,28,,,1,63,,80190,28,,,1,19,,80179,28,,,1,17,,80166,28,,,1,55,,80169,28,,,1,10,,80200,28,,,1,29,,80207,28,,,1,52,,80185,28,,,1,20,,80201,28,,,1,106,,80186,28,,,1,99,,80182,28,,,1,100,,80187,28,,,1,100,,80189,28,,,1,100,,80199,28,,,1,100,,80184,28,,,1
33100,'Semaine-1',811,,85911,2,0,7 8,1
33100,'Semaine-12',811,,85912,2,0,7 8,1
43101,'Semaine-1',733,,86775,3,0,9 14,1
43101,'Semaine-12',733,,86776,3,0,9 14,1
83100,'Semaine-1',1532,,87145,11,0,9 12 13,1
83100,'Semaine-12',1532,,87147,11,0,9 12 13,1
