3801,'Samedi-1',707,,81523,4,,,1,30,,81519,4,,,1,69,,81531,4,,,1,30,,81524,4,,,1,70,,81520,4,,,1,30,,81532,4,,,1,67,,81525,4,,,1,32,,81529,4,,,1,70,,81521,4,,,1,30,,81526,4,,,1,70,,81530,4,,,1,30,,81522,4,,,1,69,,81527,4,,,1,30,,81528,4,,,1,70,,81533,4,,,1,30,,81534,4,,,1,71,,81535,4,,,1,30,,81536,4,,,1,70,,81537,4,,,1,30,,81538,4,,,1,70,,81539,4,,,1,31,,81540,4,,,1,68,,81541,4,,,1,33,,81543,4,,,1,70,,81542,4,,,1,30,,81545,4,,,1,70,,81544,4,,,1,30,,81546,4,,,1,70,,81547,4,,,1,30,,81551,4,,,1,70,,81548,4,,,1,30,,81549,4,,,1,71,,81550,4,,,1
3801,'Samedi-10',707,,68893,4,,,1,30,,68889,4,,,1,69,,68901,4,,,1,30,,68894,4,,,1,70,,68890,4,,,1,30,,68902,4,,,1,67,,68895,4,,,1,32,,68899,4,,,1,70,,68891,4,,,1,30,,68896,4,,,1,70,,68900,4,,,1,30,,68892,4,,,1,69,,68897,4,,,1,30,,68898,4,,,1,70,,68903,4,,,1,30,,68904,4,,,1,71,,68905,4,,,1,30,,68906,4,,,1,70,,68907,4,,,1,30,,68908,4,,,1,70,,68909,4,,,1,31,,68910,4,,,1,68,,68911,4,,,1,33,,68913,4,,,1,70,,68912,4,,,1,30,,68915,4,,,1,70,,68914,4,,,1,30,,68916,4,,,1,70,,68917,4,,,1,30,,68921,4,,,1,70,,68918,4,,,1,30,,68919,4,,,1,71,,68920,4,,,1
3801,'Dimanche-1',707,,81560,4,,,1,30,,81562,4,,,1,69,,81555,4,,,1,30,,81554,4,,,1,70,,81576,4,,,1,30,,81565,4,,,1,67,,81556,4,,,1,32,,81578,4,,,1,70,,81575,4,,,1,30,,81557,4,,,1,70,,81577,4,,,1,30,,81564,4,,,1,69,,81558,4,,,1,30,,81561,4,,,1,70,,81563,4,,,1,30,,81553,4,,,1,71,,81559,4,,,1,30,,81552,4,,,1,70,,81569,4,,,1,30,,81570,4,,,1,70,,81572,4,,,1,31,,81568,4,,,1,68,,81574,4,,,1,33,,81571,4,,,1,70,,81566,4,,,1,30,,81573,4,,,1,70,,81567,4,,,1,30,,81579,4,,,1,70,,81580,4,,,1,30,,81581,4,,,1,70,,81582,4,,,1,30,,81583,4,,,1,71,,81584,4,,,1
3801,'Semaine-1',613,,81613,4,,,1,28,,81585,4,,,1,69,,81612,4,,,1,19,,81623,4,,,1,18,,81619,4,,,1,63,,81601,4,,,1,30,,81621,4,,,1,70,,81608,4,,,1,21,,81591,4,,,1,20,,81617,4,,,1,60,,81602,4,,,1,20,,81594,4,,,1,20,,81609,4,,,1,60,,81592,4,,,1,20,,81616,4,,,1,20,,81622,4,,,1,60,,81595,4,,,1,20,,81624,4,,,1,20,,81610,4,,,1,60,,81615,4,,,1,20,,81603,4,,,1,20,,81596,4,,,1,60,,81611,4,,,1,20,,81625,4,,,1,19,,81598,4,,,1,60,,81604,4,,,1,30,,81618,4,,,1,70,,81593,4,,,1,31,,81600,4,,,1,69,,81590,4,,,1,30,,81626,4,,,1,60,,81587,4,,,1,21,,81620,4,,,1,32,,81589,4,,,1,69,,81599,4,,,1,31,,81607,4,,,1,70,,81614,4,,,1,30,,81597,4,,,1,68,,81605,4,,,1,32,,81606,4,,,1,70,,81586,4,,,1,85,,81588,4,,,1
3801,'Semaine-12',613,,81655,4,,,1,28,,81627,4,,,1,69,,81654,4,,,1,19,,81665,4,,,1,18,,81661,4,,,1,63,,81643,4,,,1,30,,81663,4,,,1,70,,81650,4,,,1,21,,81633,4,,,1,20,,81659,4,,,1,60,,81644,4,,,1,20,,81636,4,,,1,20,,81651,4,,,1,60,,81634,4,,,1,20,,81658,4,,,1,20,,81664,4,,,1,60,,81637,4,,,1,20,,81666,4,,,1,20,,81652,4,,,1,60,,81657,4,,,1,20,,81645,4,,,1,20,,81638,4,,,1,60,,81653,4,,,1,20,,81667,4,,,1,19,,81640,4,,,1,60,,81646,4,,,1,30,,81660,4,,,1,70,,81635,4,,,1,31,,81642,4,,,1,69,,81632,4,,,1,30,,81668,4,,,1,60,,81629,4,,,1,21,,81662,4,,,1,32,,81631,4,,,1,69,,81641,4,,,1,31,,81649,4,,,1,70,,81656,4,,,1,30,,81639,4,,,1,68,,81647,4,,,1,32,,81648,4,,,1,70,,81628,4,,,1,85,,81630,4,,,1
6400,'Samedi-1',755,,83307,34,,,1,100,,83309,34,,,1,100,,83312,34,,,1,100,,83310,34,,,1,100,,83313,34,,,1,100,,83308,34,,,1,100,,83311,34,,,1,100,,83314,34,,,1,99,,83315,34,,,1,100,,83316,34,,,1,100,,83317,34,,,1,100,,83318,34,,,1
6400,'Samedi-10',755,,72456,34,,,1,100,,72458,34,,,1,100,,72461,34,,,1,100,,72459,34,,,1,100,,72462,34,,,1,100,,72457,34,,,1,100,,72460,34,,,1,100,,72463,34,,,1,99,,72464,34,,,1,100,,72465,34,,,1,100,,72466,34,,,1,100,,72467,34,,,1
6400,'Dimanche-1',755,,83320,34,,,1,100,,83321,34,,,1,100,,83326,34,,,1,100,,83324,34,,,1,100,,83319,34,,,1,100,,83322,34,,,1,100,,83323,34,,,1,100,,83327,34,,,1,99,,83325,34,,,1,100,,83329,34,,,1,100,,83330,34,,,1,100,,83328,34,,,1
6400,'Semaine-1',707,,83339,34,,,1,34,,83336,34,,,1,70,,83331,34,,,1,30,,83335,34,,,1,100,,83337,34,,,1,100,,83342,34,,,1,100,,83341,34,,,1,100,,83334,34,,,1,100,,83347,34,,,1,100,,83343,34,,,1,95,,83344,34,,,1,85,,83349,34,,,1,87,,83348,34,,,1,100,,83345,34,,,1,95,,83346,34,,,1,100,,83338,34,,,2,99,,83332,34,,,2,100,,83340,34,,,1,100,,83333,34,,,1
6400,'Semaine-12',707,,83358,34,,,1,34,,83355,34,,,1,70,,83350,34,,,1,30,,83354,34,,,1,100,,83356,34,,,1,100,,83361,34,,,1,100,,83360,34,,,1,100,,83353,34,,,1,100,,83366,34,,,1,100,,83362,34,,,1,95,,83363,34,,,1,85,,83368,34,,,1,87,,83367,34,,,1,100,,83364,34,,,1,95,,83365,34,,,1,100,,83357,34,,,2,99,,83351,34,,,2,100,,83359,34,,,1,100,,83352,34,,,1
6801,'Semaine-1',625,,84171,12,,,1,20,,84184,12,,,1,58,,84155,12,,,1,19,,84168,12,,,1,6,,84182,12,,,1,6,,84162,12,,,1,6,,84167,12,,,1,62,,84173,12,,,1,18,,84185,12,,,1,20,,84161,12,,,1,60,,84180,12,,,1,19,,84178,12,,,1,20,,84183,12,,,1,68,,84156,12,,,1,32,,84176,12,,,1,70,,84157,12,,,1,30,,84159,12,,,1,70,,84179,12,,,1,30,,84163,12,,,1,70,,84181,12,,,1,31,,84175,12,,,1,70,,84164,12,,,1,30,,84174,12,,,1,69,,84165,12,,,1,34,,84160,12,,,1,71,,84158,12,,,1,26,,84172,12,,,1,70,,84166,12,,,1,29,,84177,12,,,1,70,,84170,12,,,1,30,,84169,12,,,1
6801,'Semaine-12',625,,84202,12,,,1,20,,84215,12,,,1,58,,84186,12,,,1,19,,84199,12,,,1,6,,84213,12,,,1,6,,84193,12,,,1,6,,84198,12,,,1,62,,84204,12,,,1,18,,84216,12,,,1,20,,84192,12,,,1,60,,84211,12,,,1,19,,84209,12,,,1,20,,84214,12,,,1,68,,84187,12,,,1,32,,84207,12,,,1,70,,84188,12,,,1,30,,84190,12,,,1,70,,84210,12,,,1,30,,84194,12,,,1,70,,84212,12,,,1,31,,84206,12,,,1,70,,84195,12,,,1,30,,84205,12,,,1,69,,84196,12,,,1,34,,84191,12,,,1,71,,84189,12,,,1,26,,84203,12,,,1,70,,84197,12,,,1,29,,84208,12,,,1,70,,84201,12,,,1,30,,84200,12,,,1
32500,'Semaine-1',1620,,85896,8,0,7 8,1
32500,'Semaine-12',1620,,85898,8,0,7 8,1
32600,'Semaine-1',1620,,85903,8,0,7 8,1
32600,'Semaine-12',1620,,85904,8,0,7 8,1
32901,'Semaine-1',1620,,85909,8,0,7 8,1
32901,'Semaine-12',1620,,85910,8,0,7 8,1
